기준_년분기_코드,상권_구분_코드,상권_구분_코드_명,상권_코드,상권_코드_명,총_직장_인구_수,남성_직장_인구_수,여성_직장_인구_수,연령대_10_직장_인구_수,연령대_20_직장_인구_수,연령대_30_직장_인구_수,연령대_40_직장_인구_수,연령대_50_직장_인구_수,연령대_60_이상_직장_인구_수,남성연령대_10_직장_인구_수,남성연령대_20_직장_인구_수,남성연령대_30_직장_인구_수,남성연령대_40_직장_인구_수,남성연령대_50_직장_인구_수,남성연령대_60_이상_직장_인구_수,여성연령대_10_직장_인구_수,여성연령대_20_직장_인구_수,여성연령대_30_직장_인구_수,여성연령대_40_직장_인구_수,여성연령대_50_직장_인구_수,여성연령대_60_이상_직장_인구_수
20191,A,골목상권,3110013,체부동홍종문가옥,87,57,30,0,11,25,20,19,12,0,2,18,14,13,10,0,9,7,6,6,2
20191,D,발달상권,3120062,신설동역,11307,4711,6596,32,1358,2643,3377,2575,1322,12,439,1343,1338,898,681,20,919,1300,2039,1677,641
20191,A,골목상권,3110023,서울대병원,131,46,85,3,34,16,27,33,18,2,7,6,9,10,12,1,27,10,18,23,6
20191,R,전통시장,3130011,충신시장,342,201,141,4,76,107,87,54,14,3,39,72,47,30,10,1,37,35,40,24,4
20191,R,전통시장,3130018,동대문문구완구거리(동대문문구완구시장),271,166,105,0,20,55,74,66,56,0,10,40,45,40,31,0,10,15,29,26,25
20191,A,골목상권,3110014,경복고등학교,184,63,121,1,52,35,35,34,27,1,11,10,15,14,12,0,41,25,20,20,15
20191,A,골목상권,3110010,평창동서측,376,149,227,2,54,48,54,109,109,2,13,23,26,42,43,0,41,25,28,67,66
20191,A,골목상권,3110001,이북5도청사,159,84,75,0,11,25,53,46,24,0,8,12,34,21,9,0,3,13,19,25,15
20191,A,골목상권,3110021,성균관대학교,340,156,184,0,69,76,58,62,75,0,23,37,25,24,47,0,46,39,33,38,28
20191,A,골목상권,3110020,서울국제고등학교,270,136,134,2,39,74,54,61,40,2,12,34,35,28,25,0,27,40,19,33,15
20191,D,발달상권,3120034,중구청(퇴계로4가),4501,2630,1871,14,399,959,1224,1200,705,6,144,441,701,830,508,8,255,518,523,370,197
20191,D,발달상권,3120035,퇴계로5가,2130,1470,660,2,320,587,647,381,193,0,166,392,489,286,137,2,154,195,158,95,56
20191,U,관광특구,3001493,동대문패션타운 관광특구,20370,10931,9439,48,4280,6953,4679,2908,1502,18,1975,3696,2761,1623,858,30,2305,3257,1918,1285,644
20191,D,발달상권,3120025,롯데백화점(시청광장 지하쇼핑센터),28044,9490,18554,202,13659,8529,3983,1483,188,64,3479,2720,2163,945,119,138,10180,5809,1820,538,69
20191,A,골목상권,3110051,한양공고앞 교차로,178,115,63,0,13,33,53,52,27,0,7,19,34,33,22,0,6,14,19,19,5
20191,R,전통시장,3130046,team204(팀204),110,58,52,0,21,31,14,21,23,0,3,17,7,14,17,0,18,14,7,7,6
20191,R,전통시장,3130050,청평화시장,3306,1376,1930,6,840,1379,659,283,139,5,353,590,248,115,65,1,487,789,411,168,74
20191,R,전통시장,3130327,"평화시장(남평화시장, 제일평화시장, 신평화패션타운)",1162,624,538,0,202,283,284,258,135,0,113,166,147,126,72,0,89,117,137,132,63
20191,D,발달상권,3120018,중림동,6123,3372,2751,11,938,1583,1558,1289,744,5,320,783,978,830,456,6,618,800,580,459,288
20191,A,골목상권,3110042,남산골공원옆,1456,909,547,6,232,426,420,265,107,3,90,262,297,189,68,3,142,164,123,76,39
20191,A,골목상권,3110039,회현역 1번,109,50,59,0,12,24,22,26,25,0,5,13,11,11,10,0,7,11,11,15,15
20191,A,골목상권,3110075,숙대입구역 1번,2104,1509,595,28,444,561,550,330,191,18,238,441,404,248,160,10,206,120,146,82,31
20191,A,골목상권,3110063,효창공원앞역 5번,844,528,316,1,63,186,221,169,204,0,33,129,146,97,123,1,30,57,75,72,81
20191,A,골목상권,3110080,해방촌예술마을,350,160,190,2,74,90,83,63,38,1,21,39,43,35,21,1,53,51,40,28,17
20191,A,골목상권,3110073,삼각지역 3번,2457,1842,615,3,226,501,588,687,452,3,118,374,501,515,331,0,108,127,87,172,121
20191,A,골목상권,3110061,효창동주민센터,777,450,327,1,85,181,265,193,52,0,38,102,158,114,38,1,47,79,107,79,14
20191,A,골목상권,3110117,성동구보건소,202,137,65,0,12,58,52,56,24,0,7,38,38,38,16,0,5,20,14,18,8
20191,A,골목상권,3110116,청계천박물관,5289,3843,1446,13,383,894,1245,1872,882,12,234,619,974,1358,646,1,149,275,271,514,236
20191,R,전통시장,3130069,"한양대앞상점가(한양시장, 왕십리맛골목)",217,110,107,4,39,45,54,45,30,3,26,27,22,20,12,1,13,18,32,25,18
20191,A,골목상권,3110128,성원중학교,1196,732,464,7,163,234,303,345,144,4,76,148,182,211,111,3,87,86,121,134,33
20191,D,발달상권,3120051,뚝섬역,19133,10007,9126,124,5134,6041,4237,2793,804,53,2338,3748,2446,972,450,71,2796,2293,1791,1821,354
20191,R,전통시장,3130070,뚝섬역상점가,3366,2229,1137,8,687,1072,898,467,234,4,322,736,626,359,182,4,365,336,272,108,52
20191,A,골목상권,3110136,경수초등학교,5743,3884,1859,25,1007,1485,1412,1224,590,19,529,1007,1009,851,469,6,478,478,403,373,121
20191,A,골목상권,3110132,성수2가3동주민센터,1193,818,375,1,205,295,312,239,141,1,118,210,220,156,113,0,87,85,92,83,28
20191,A,골목상권,3110102,옥수역 6번,280,148,132,2,61,66,65,58,28,1,27,35,36,34,15,1,34,31,29,24,13
20191,R,전통시장,3130066,행당시장상점가,877,428,449,6,177,196,226,167,105,2,51,102,112,93,68,4,126,94,114,74,37
20191,R,전통시장,3130067,왕십리도선동상점가,2126,777,1349,11,666,611,485,234,119,4,196,254,172,95,56,7,470,357,313,139,63
20191,A,골목상권,3110130,답십리역 6번,124,43,81,0,9,21,21,35,38,0,6,11,9,8,9,0,3,10,12,27,29
20191,A,골목상권,3110178,장로회신학대학교,67,21,46,0,2,16,18,24,7,0,0,7,5,5,4,0,2,9,13,19,3
20191,D,발달상권,3120058,구의사거리,755,347,408,0,106,154,184,195,116,0,24,74,91,97,61,0,82,80,93,98,55
20191,A,골목상권,3110169,성동초등학교,352,173,179,0,46,78,94,80,54,0,17,38,47,35,36,0,29,40,47,45,18
20191,A,골목상권,3110159,구의역 4번,920,466,454,6,169,188,184,226,147,2,78,96,91,112,87,4,91,92,93,114,60
20191,A,골목상권,3110143,뚝섬유원지역 1번,30,9,21,0,7,5,6,11,1,0,2,1,1,5,0,0,5,4,5,6,1
20191,A,골목상권,3110140,건대입구역 6번,1058,630,428,4,178,262,265,221,128,1,103,177,172,109,68,3,75,85,93,112,60
20191,R,전통시장,3130082,면곡골목시장,68,24,44,0,2,3,12,28,23,0,2,1,4,10,7,0,0,2,8,18,16
20191,A,골목상권,3110209,답십리 장령당공원,239,151,88,0,21,38,57,49,74,0,8,19,34,33,57,0,13,19,23,16,17
20191,A,골목상권,3110220,외대앞역 1번,412,191,221,3,94,96,94,77,48,2,39,59,42,33,16,1,55,37,52,44,32
20191,A,골목상권,3110214,경희대후문,86,44,42,0,15,19,24,15,13,0,8,12,8,6,10,0,7,7,16,9,3
20191,R,전통시장,3130104,전곡시장,153,79,74,0,20,20,44,51,18,0,10,12,23,23,11,0,10,8,21,28,7
20191,A,골목상권,3110231,장안교,45,34,11,0,4,9,18,10,4,0,3,8,12,8,3,0,1,1,6,2,1
20191,A,골목상권,3110202,전농1동주민센터(전농시장),233,91,142,0,28,38,52,69,46,0,12,20,27,27,5,0,16,18,25,42,41
20191,A,골목상권,3110206,텃골근린공원,255,140,115,3,31,45,85,61,30,1,13,20,51,37,18,2,18,25,34,24,12
20191,A,골목상권,3110216,전농중학교,265,102,163,0,35,72,71,56,31,0,13,30,25,22,12,0,22,42,46,34,19
20191,R,전통시장,3130086,서울약령시장,1913,1166,747,3,180,327,489,536,378,1,94,198,269,344,260,2,86,129,220,192,118
20191,R,전통시장,3130088,경동시장,245,162,83,0,26,36,58,67,58,0,16,24,42,42,38,0,10,12,16,25,20
20191,R,전통시장,3130092,청량리농수산물시장,59,44,15,1,1,9,17,20,11,1,1,9,15,10,8,0,0,0,2,10,3
20191,A,골목상권,3110190,고대앞사거리,213,95,118,0,31,51,52,46,33,0,5,26,29,20,15,0,26,25,23,26,18
20191,A,골목상권,3110215,회기역 1번,63,22,41,0,20,15,14,9,5,0,6,8,5,2,1,0,14,7,9,7,4
20191,A,골목상권,3110274,서일대학교,437,200,237,2,59,86,96,105,89,1,11,44,42,54,48,1,48,42,54,51,41
20191,A,골목상권,3110268,망우3동주민센터,162,75,87,1,17,31,40,50,23,0,2,17,21,23,12,1,15,14,19,27,11
20191,A,골목상권,3110270,혜원여고,235,194,41,0,9,11,41,81,93,0,5,6,27,70,86,0,4,5,14,11,7
20191,R,전통시장,3130115,우림골목시장,447,179,268,1,81,82,102,116,65,0,24,31,51,45,28,1,57,51,51,71,37
20191,A,골목상권,3110256,면목2동체육관,980,552,428,3,70,140,249,297,221,2,30,70,125,178,147,1,40,70,124,119,74
20191,A,골목상권,3110264,면목역 2번,616,246,370,1,81,111,145,171,107,1,28,46,65,59,47,0,53,65,80,112,60
20191,A,골목상권,3110247,먹골역 1번,604,279,325,4,64,115,163,152,106,1,23,48,71,75,61,3,41,67,92,77,45
20191,R,전통시장,3130116,동성타워프라자,65,40,25,2,9,9,14,20,11,2,6,5,8,12,7,0,3,4,6,8,4
20191,R,전통시장,3130121,길음시장,39,18,21,0,9,10,8,7,5,0,3,5,5,1,4,0,6,5,3,6,1
20191,D,발달상권,3120073,미아사거리,974,342,632,12,211,241,237,178,95,4,56,88,106,43,45,8,155,153,131,135,50
20191,A,골목상권,3110305,보문역 5번,572,288,284,4,93,120,132,120,103,1,23,70,67,61,66,3,70,50,65,59,37
20191,A,골목상권,3110309,대광초등학교,540,320,220,1,79,133,160,109,58,0,32,73,99,76,40,1,47,60,61,33,18
20191,A,골목상권,3110325,장곡초등학교,130,54,76,1,17,26,38,40,8,0,3,10,18,18,5,1,14,16,20,22,3
20191,R,전통시장,3130119,정릉아리랑시장,32,16,16,0,5,2,10,11,4,0,3,1,3,6,3,0,2,1,7,5,1
20191,A,골목상권,3110290,북한산보국문역 1번,88,66,22,1,9,14,27,25,12,1,7,7,23,19,9,0,2,7,4,6,3
20191,A,골목상권,3110284,정릉북한산국립공원입구,524,478,46,1,7,53,173,211,79,0,3,49,158,193,75,1,4,4,15,18,4
20191,A,골목상권,3110320,KB국민은행 종암동지점,171,95,76,0,11,20,52,61,27,0,4,10,26,33,22,0,7,10,26,28,5
20191,A,골목상권,3110365,미아역 5번,101,35,66,1,4,20,35,31,10,1,1,9,11,10,3,0,3,11,24,21,7
20191,A,골목상권,3110378,송중동주민센터,162,84,78,0,19,45,55,32,11,0,9,26,24,16,9,0,10,19,31,16,2
20191,R,전통시장,3130140,숭인시장,242,99,143,1,45,49,49,53,45,0,6,19,21,24,29,1,39,30,28,29,16
20191,R,전통시장,3130137,"수유전통시장(수유시장, 수유골목시장)",212,102,110,0,16,40,43,56,57,0,4,22,19,27,30,0,12,18,24,29,27
20191,A,골목상권,3110372,강북중학교,149,84,65,0,12,22,31,50,34,0,3,14,17,26,24,0,9,8,14,24,10
20191,A,골목상권,3110348,강북문화예술회관,526,230,296,1,55,103,143,154,70,0,12,49,72,57,40,1,43,54,71,97,30
20191,R,전통시장,3130151,신도봉시장,48,23,25,0,3,7,11,19,8,0,3,4,6,8,2,0,0,3,5,11,6
20191,A,골목상권,3110406,도봉산역 1번,757,614,143,0,30,62,170,319,176,0,11,35,136,281,151,0,19,27,34,38,25
20191,A,골목상권,3110412,창동중학교,52,35,17,0,7,16,13,8,8,0,5,13,9,3,5,0,2,3,4,5,3
20191,R,전통시장,3130148,방학동도깨비시장,183,73,110,0,23,46,46,44,24,0,12,23,18,11,9,0,11,23,28,33,15
20191,A,골목상권,3110394,방학중학교,260,98,162,0,23,41,69,77,50,0,7,24,22,23,22,0,16,17,47,54,28
20191,A,골목상권,3110382,솔밭공원역 1번,409,192,217,2,57,50,59,138,103,1,10,22,21,62,76,1,47,28,38,76,27
20191,R,전통시장,3130144,백운시장,42,28,14,0,3,7,16,9,7,0,2,4,12,3,7,0,1,3,4,6,0
20191,R,전통시장,3130153,창동역상점가,679,336,343,1,71,112,146,166,183,0,28,62,73,68,105,1,43,50,73,98,78
20191,A,골목상권,3110409,창동역 2번,417,228,189,2,70,108,112,74,51,1,35,59,55,38,40,1,35,49,57,36,11
20191,A,골목상권,3110429,공릉동 국수거리,3311,1326,1985,18,417,545,736,921,674,11,170,308,341,316,180,7,247,237,395,605,494
20191,A,골목상권,3110419,수락산디자인거리,845,434,411,9,67,158,237,219,155,4,29,86,134,96,85,5,38,72,103,123,70
20191,A,골목상권,3110440,상계3동4동주민센터,90,37,53,0,11,16,20,31,12,0,2,10,8,9,8,0,9,6,12,22,4
20191,A,골목상권,3110421,석계역 1번,415,127,288,4,81,64,99,90,77,1,22,26,26,26,26,3,59,38,73,64,51
20191,A,골목상권,3110436,상계제일중학교,274,89,185,0,26,50,53,84,61,0,7,22,21,26,13,0,19,28,32,58,48
20191,A,골목상권,3110427,노원 을지대학교병원,205,146,59,0,9,31,57,70,38,0,6,18,37,53,32,0,3,13,20,17,6
20191,A,골목상권,3110454,선정중학교,117,27,90,0,12,17,35,26,27,0,4,9,5,6,3,0,8,8,30,20,24
20191,A,골목상권,3110447,구산초등학교,28,6,22,0,1,1,10,5,11,0,1,1,2,0,2,0,0,0,8,5,9
20191,A,골목상권,3110479,연신내역 2번,482,225,257,1,47,71,139,118,106,0,14,38,65,58,50,1,33,33,74,60,56
20191,R,전통시장,3130160,수일시장,17,5,12,0,1,4,3,5,4,0,0,0,0,3,2,0,1,4,3,2,2
20191,A,골목상권,3110469,응암정보도서관,587,260,327,1,65,110,159,160,92,0,26,53,65,70,46,1,39,57,94,90,46
20191,A,골목상권,3110461,새절역 2번,55,29,26,0,5,10,16,12,12,0,4,7,9,3,6,0,1,3,7,9,6
20191,A,골목상권,3110449,증산역 3번,843,478,365,4,87,165,193,202,192,3,32,70,102,135,136,1,55,95,91,67,56
20191,R,전통시장,3130172,모래내시장(서중시장),88,42,46,0,13,10,30,22,13,0,7,2,16,11,6,0,6,8,14,11,7
20191,A,골목상권,3110533,충정로역 7번,27,19,8,0,0,2,10,7,8,0,0,0,9,5,5,0,0,2,1,2,3
20191,A,골목상권,3110514,서대문우체국,115,55,60,0,23,32,25,28,7,0,11,15,12,12,5,0,12,17,13,16,2
20191,A,골목상권,3110526,봉원사,203,110,93,0,57,61,43,29,13,0,23,38,28,15,6,0,34,23,15,14,7
20191,A,골목상권,3110501,연희어린이공원,180,99,81,0,30,46,50,24,30,0,16,25,30,12,16,0,14,21,20,12,14
20191,A,골목상권,3110513,연희파출소,395,206,189,2,85,83,83,78,64,1,44,48,45,32,36,1,41,35,38,46,28
20191,A,골목상권,3110512,연희지하차도,415,151,264,0,56,56,101,115,87,0,21,29,31,36,34,0,35,27,70,79,53
20191,R,전통시장,3130182,영천시장,270,119,151,0,33,55,65,67,50,0,8,25,28,34,24,0,25,30,37,33,26
20191,A,골목상권,3110539,미근동,3980,2503,1477,10,423,1097,1292,968,190,5,177,780,850,558,133,5,246,317,442,410,57
20191,A,골목상권,3110515,홍은중학교,146,111,35,0,12,44,51,25,14,0,9,37,39,17,9,0,3,7,12,8,5
20191,R,전통시장,3130196,공덕시장,1829,769,1060,32,694,410,365,224,104,12,257,211,127,84,78,20,437,199,238,140,26
20191,A,골목상권,3110589,애오개역 3번,68,27,41,0,4,12,25,21,6,0,1,2,12,9,3,0,3,10,13,12,3
20191,A,골목상권,3110574,서강대학교,333,159,174,3,73,92,89,63,13,1,26,39,55,33,5,2,47,53,34,30,8
20191,A,골목상권,3110540,망원나들목체육관,149,87,62,0,6,30,43,40,30,0,2,19,32,16,18,0,4,11,11,24,12
20191,R,전통시장,3130185,망원월드컵시장,270,158,112,0,47,84,77,39,23,0,23,52,48,18,17,0,24,32,29,21,6
20191,A,골목상권,3110547,KB국민은행 망원동지점,442,213,229,1,51,97,126,114,53,0,18,42,66,59,28,1,33,55,60,55,25
20191,D,발달상권,3120105,상수역(홍대),1744,908,836,12,530,639,340,128,95,7,217,347,211,70,56,5,313,292,129,58,39
20191,A,골목상권,3110568,광흥창역 1번,118,54,64,0,17,15,30,26,30,0,9,9,11,6,19,0,8,6,19,20,11
20191,D,발달상권,3120102,서교동(홍대),9832,4980,4852,48,1968,2476,2094,1523,1723,15,735,1311,1335,904,680,33,1233,1165,759,619,1043
20191,D,발달상권,3120104,연남동(홍대),11404,5297,6107,77,3410,3356,2177,1422,962,41,1167,1743,1226,664,456,36,2243,1613,951,758,506
20191,A,골목상권,3110564,홍대입구역 3번,942,477,465,4,215,318,250,113,42,0,79,166,168,46,18,4,136,152,82,67,24
20191,R,전통시장,3130184,마포농수산물시장,795,518,277,1,31,72,159,266,266,1,23,50,103,159,182,0,8,22,56,107,84
20191,A,골목상권,3110543,중암중학교,18,13,5,0,4,4,4,6,0,0,2,3,3,5,0,0,2,1,1,1,0
20191,A,골목상권,3110584,아현역 4번,133,49,84,1,16,27,36,35,18,0,3,9,15,11,11,1,13,18,21,24,7
20191,R,전통시장,3130192,동진시장,50,23,27,0,10,10,11,7,12,0,2,8,3,3,7,0,8,2,8,4,5
20191,A,골목상권,3110559,성산중학교,1263,741,522,11,300,387,278,185,102,11,120,233,176,127,74,0,180,154,102,58,28
20191,D,발달상권,3120110,목동역 8번출구,1926,736,1190,11,377,396,427,382,333,7,101,160,192,125,151,4,276,236,235,257,182
20191,A,골목상권,3110624,목동문화체육센터,99,40,59,1,10,29,30,20,9,1,6,11,8,9,5,0,4,18,22,11,4
20191,A,골목상권,3110628,신목동역,301,202,99,0,39,119,68,48,27,0,13,80,51,36,22,0,26,39,17,12,5
20191,D,발달상권,3120111,목동사거리,1148,507,641,1,138,214,275,295,225,1,59,101,124,108,114,0,79,113,151,187,111
20191,A,골목상권,3110618,강서고등학교,193,88,105,1,23,37,36,60,36,1,11,21,18,21,16,0,12,16,18,39,20
20191,R,전통시장,3130209,목사랑시장(목4동시장),105,33,72,0,13,18,33,29,12,0,3,2,9,11,8,0,10,16,24,18,4
20191,A,골목상권,3110601,신월1동우편취급국,1286,848,438,3,98,173,310,454,248,3,44,109,209,315,168,0,54,64,101,139,80
20191,A,골목상권,3110596,서서울호수공원,401,204,197,0,37,72,113,108,71,0,27,40,58,49,30,0,10,32,55,59,41
20191,R,전통시장,3130199,신월3동 골목시장,21,8,13,0,1,4,10,2,4,0,1,1,5,0,1,0,0,3,5,2,3
20191,A,골목상권,3110592,서울금융고등학교,789,645,144,1,21,64,135,269,299,0,9,41,91,228,276,1,12,23,44,41,23
20191,A,골목상권,3110647,화곡역 5번,1063,480,583,5,114,219,313,263,149,4,44,102,143,116,71,1,70,117,170,147,78
20191,A,골목상권,3110615,신서초등학교,197,115,82,2,31,39,56,48,21,0,17,26,40,23,9,2,14,13,16,25,12
20191,A,골목상권,3110625,신정2동주민센터,512,228,284,6,63,108,152,115,68,2,22,51,72,41,40,4,41,57,80,74,28
20191,A,골목상권,3110614,목동로데오거리,626,307,319,2,61,100,151,194,118,2,36,63,81,76,49,0,25,37,70,118,69
20191,A,골목상권,3110629,송정역 4번,285,141,144,3,61,69,69,49,34,0,21,34,37,29,20,3,40,35,32,20,14
20191,A,골목상권,3110672,백석중학교,113,39,74,0,13,22,29,36,13,0,2,9,8,11,9,0,11,13,21,25,4
20191,A,골목상권,3110636,방화역 2번,386,137,249,1,50,103,99,93,40,0,17,47,42,19,12,1,33,56,57,74,28
20191,A,골목상권,3110662,까치산역 1번,357,117,240,2,23,63,112,89,68,0,6,30,34,21,26,2,17,33,78,68,42
20191,A,골목상권,3110663,우장산롯데캐슬아파트앞,192,103,89,0,24,35,54,55,24,0,13,14,25,33,18,0,11,21,29,22,6
20191,A,골목상권,3110659,화곡역 4번,592,205,387,1,81,133,159,117,101,0,27,48,52,39,39,1,54,85,107,78,62
20191,A,골목상권,3110717,남구로역 2번,772,235,537,1,85,139,168,214,165,1,19,57,55,59,44,0,66,82,113,155,121
20191,A,골목상권,3110709,구로119안전센터,232,107,125,0,22,35,59,67,49,0,13,20,26,25,23,0,9,15,33,42,26
20191,A,골목상권,3110712,남구로역 5번,300,107,193,0,32,61,86,68,53,0,4,26,38,25,14,0,28,35,48,43,39
20191,A,골목상권,3110720,대림역 2번,331,121,210,0,28,85,104,63,51,0,6,23,30,27,35,0,22,62,74,36,16
20191,A,골목상권,3110715,구로구민회관,136,62,74,0,18,23,35,33,27,0,2,13,25,15,7,0,16,10,10,18,20
20191,A,골목상권,3110680,온수역 5번(온수산업단지),952,753,199,3,77,131,183,315,243,3,54,89,132,251,224,0,23,42,51,64,19
20191,A,골목상권,3110686,수궁동주민센터,402,232,170,0,57,103,130,64,48,0,26,54,78,41,33,0,31,49,52,23,15
20191,A,골목상권,3110707,구로창업지원센터,1472,1073,399,5,132,276,364,452,243,5,90,204,262,326,186,0,42,72,102,126,57
20191,R,전통시장,3130222,오류시장,134,42,92,0,22,26,41,28,17,0,4,4,12,12,10,0,18,22,29,16,7
20191,A,골목상권,3110690,오류2동버들시장,931,315,616,0,94,222,234,235,146,0,23,83,81,63,65,0,71,139,153,172,81
20191,A,골목상권,3110728,두산초등학교,1124,646,478,2,195,291,308,243,85,2,67,193,174,149,61,0,128,98,134,94,24
20191,D,발달상권,3120133,서울시흥동우체국(홈플러스시흥점),410,174,236,2,59,90,88,99,72,1,23,44,31,41,34,1,36,46,57,58,38
20191,R,전통시장,3130237,박미시장(기능상실),20,8,12,1,3,3,3,10,0,0,0,3,1,4,0,1,3,0,2,6,0
20191,A,골목상권,3110770,영등포구청역 6번,507,286,221,0,50,75,113,128,141,0,24,41,65,67,89,0,26,34,48,61,52
20191,A,골목상권,3110786,당산역 8번,211,121,90,0,31,45,64,38,33,0,12,25,40,22,22,0,19,20,24,16,11
20191,D,발달상권,3120142,대림역,1650,927,723,1,168,323,455,444,259,1,66,178,263,259,160,0,102,145,192,185,99
20191,R,전통시장,3130242,대림중앙 골목형상점가,65,25,40,0,3,18,19,14,11,0,1,10,6,4,4,0,2,8,13,10,7
20191,R,전통시장,3130243,도림시장,44,29,15,0,3,11,15,11,4,0,2,9,10,6,2,0,1,2,5,5,2
20191,A,골목상권,3110797,KT대방빌딩,52,14,38,2,8,10,12,8,12,0,2,1,2,2,7,2,6,9,10,6,5
20191,A,골목상권,3110812,신길6동주민센터,413,265,148,2,62,116,103,88,42,1,28,84,80,40,32,1,34,32,23,48,10
20191,A,골목상권,3110757,양평역 2번,2740,1554,1186,8,443,718,688,492,391,7,223,453,353,252,266,1,220,265,335,240,125
20191,D,발달상권,3120135,양평역,7046,3893,3153,46,1785,1850,1681,1121,563,17,795,1123,925,556,477,29,990,727,756,565,86
20191,A,골목상권,3110760,선유도역 6번,13555,8718,4837,28,2328,4623,4174,1994,408,12,1208,2938,2792,1447,321,16,1120,1685,1382,547,87
20191,D,발달상권,3120149,여의도역(여의도),127189,74673,52516,490,19224,40900,38489,21819,6267,108,8518,21874,24162,16294,3717,382,10706,19026,14327,5525,2550
20191,A,골목상권,3110834,동작구자원봉사센터,138,57,81,0,16,23,36,45,18,0,8,14,15,13,7,0,8,9,21,32,11
20191,A,골목상권,3110821,보라매역 2번,356,181,175,2,47,71,93,95,48,2,13,34,51,54,27,0,34,37,42,41,21
20191,A,골목상권,3110833,상도역 2번,201,107,94,2,34,44,55,54,12,0,16,25,32,27,7,2,18,19,23,27,5
20191,A,골목상권,3110831,상도4동주민센터,139,68,71,0,17,28,47,33,14,0,12,10,21,15,10,0,5,18,26,18,4
20191,R,전통시장,3130261,성대전통시장(성대시장),435,186,249,9,70,93,107,101,55,4,31,40,47,36,28,5,39,53,60,65,27
20191,A,골목상권,3110881,구립대학경로당(관악산샘말공원),479,247,232,2,54,89,136,115,83,1,25,49,71,55,46,1,29,40,65,60,37
20191,R,전통시장,3130286,신신림시장(삼성동시장),36,18,18,0,3,7,14,8,4,0,2,5,7,3,1,0,1,2,7,5,3
20191,A,골목상권,3110876,서원동주민센터(신관중학교),89,40,49,0,14,19,16,25,15,0,5,9,4,14,8,0,9,10,12,11,7
20191,A,골목상권,3110894,관악동부센트레빌아파트(은천로35라길),8,6,2,0,1,1,1,4,1,0,1,0,1,3,1,0,0,1,0,1,0
20191,A,골목상권,3110884,봉천역 4번(봉천110안전센터),478,360,118,0,38,50,92,135,163,0,11,21,65,115,148,0,27,29,27,20,15
20191,D,발달상권,3120165,서래마을카페거리(서래마을),3048,1610,1438,48,780,818,690,436,276,16,338,446,391,268,151,32,442,372,299,168,125
20191,A,골목상권,3110917,서초소방서,1324,989,335,0,174,445,399,242,64,0,100,348,316,183,42,0,74,97,83,59,22
20191,A,골목상권,3110911,방배배수지체육공원,323,233,90,0,50,49,52,67,105,0,18,17,35,62,101,0,32,32,17,5,4
20191,A,골목상권,3110913,방현초등학교(방배119안전센터),3290,1821,1469,26,815,990,694,429,336,8,259,539,457,315,243,18,556,451,237,114,93
20191,A,골목상권,3110923,방배역 1번,89,55,34,0,10,15,26,28,10,0,4,9,16,18,8,0,6,6,10,10,2
20191,A,골목상권,3110914,내방역 6번,133,89,44,0,31,55,24,16,7,0,17,39,17,11,5,0,14,16,7,5,2
20191,A,골목상권,3110915,서래초등학교,177,100,77,0,50,50,38,22,17,0,28,31,18,12,11,0,22,19,20,10,6
20191,A,골목상권,3110935,한전아트센터,588,443,145,4,107,167,170,88,52,3,54,124,142,75,45,1,53,43,28,13,7
20191,D,발달상권,3120171,서초3동사거리,10972,6761,4211,33,1942,3117,2555,1732,1593,11,837,1989,1800,1082,1042,22,1105,1128,755,650,551
20191,D,발달상권,3120181,교육개발원입구사거리,7084,4534,2550,26,1235,2116,1636,1194,877,9,597,1414,1198,771,545,17,638,702,438,423,332
20191,A,골목상권,3110943,법제교육센터(버들어린이공원),1291,731,560,4,184,432,372,188,111,0,83,201,238,134,75,4,101,231,134,54,36
20191,A,골목상권,3110980,개포지구대옆,613,361,252,2,95,147,160,125,84,0,31,78,104,82,66,2,64,69,56,43,18
20191,A,골목상권,3110950,논현역 7번,344,203,141,0,76,128,85,36,19,0,26,78,60,23,16,0,50,50,25,13,3
20191,D,발달상권,3120200,학동사거리,15890,7170,8720,119,5867,5566,2635,1043,660,53,1865,2671,1460,660,461,66,4002,2895,1175,383,199
20191,D,발달상권,3120223,휘문고교사거리,7590,4521,3069,27,1449,2885,1838,811,580,13,562,1769,1274,532,371,14,887,1116,564,279,209
20191,D,발달상권,3120210,선릉역,59677,30858,28819,276,16803,16797,12596,8884,4321,122,6802,9517,7145,4609,2663,154,10001,7280,5451,4275,1658
20191,D,발달상권,3120201,도곡1동,7227,4151,3076,32,1363,2255,1897,1028,652,9,527,1220,1273,655,467,23,836,1035,624,373,185
20191,A,골목상권,3110978,도곡2동주민센터(대치중학교),348,208,140,1,32,63,85,128,39,1,16,43,53,68,27,0,16,20,32,60,12
20191,A,골목상권,3110991,삼성중앙역 5번,994,595,399,1,167,443,223,114,46,0,47,277,153,85,33,1,120,166,70,29,13
20191,D,발달상권,3120218,코엑스,13249,7986,5263,26,3106,4492,3710,1554,361,12,1145,2411,2837,1323,258,14,1961,2081,873,231,103
20191,A,골목상권,3110995,봉은사역 4번,3236,1812,1424,11,367,737,793,911,417,6,152,434,480,473,267,5,215,303,313,438,150
20191,A,골목상권,3110988,청담역 3번,347,154,193,4,82,121,64,42,34,1,29,59,32,20,13,3,53,62,32,22,21
20191,A,골목상권,3111002,한국교통안전공단 강남자동차검사소,565,308,257,0,31,133,169,136,96,0,15,75,89,69,60,0,16,58,80,67,36
20191,A,골목상권,3110965,언주역 6번,495,265,230,0,109,152,103,81,50,0,39,90,64,40,32,0,70,62,39,41,18
20191,A,골목상권,3110979,청담초등학교,340,126,214,4,138,91,47,41,19,0,26,43,24,17,16,4,112,48,23,24,3
20191,D,발달상권,3120231,가락시장,10417,7249,3168,11,648,1887,2835,3097,1939,6,450,1505,2062,1911,1315,5,198,382,773,1186,624
20191,D,발달상권,3120237,경찰병원역,10121,5266,4855,24,1805,2403,2264,2315,1310,7,736,1445,1364,1066,648,17,1069,958,900,1249,662
20191,A,골목상권,3111044,남천초등학교,628,276,352,2,56,143,182,175,70,0,22,73,76,73,32,2,34,70,106,102,38
20191,R,전통시장,3130316,마천시장,55,30,25,1,6,10,19,16,3,1,2,9,9,6,3,0,4,1,10,10,0
20191,D,발달상권,3120236,장지역(가든파이브),9440,6360,3080,52,1390,2532,2492,1755,1219,29,729,1710,1719,1194,979,23,661,822,773,561,240
20191,A,골목상권,3111020,방이동고분군(방산고등학교),587,407,180,0,39,81,122,129,216,0,27,51,87,81,161,0,12,30,35,48,55
20191,D,발달상권,3120238,방이역,807,382,425,1,113,189,213,155,136,1,36,81,81,79,104,0,77,108,132,76,32
20191,D,발달상권,3120233,몽촌토성역,4715,3099,1616,11,895,1602,1093,645,469,5,435,1072,814,435,338,6,460,530,279,210,131
20191,A,골목상권,3111007,석촌고분역 4번,825,403,422,2,105,201,206,221,90,0,33,110,127,89,44,2,72,91,79,132,46
20191,A,골목상권,3111008,석촌고분역 3번,696,366,330,2,62,129,180,193,130,2,32,75,108,83,66,0,30,54,72,110,64
20191,D,발달상권,3120228,석촌역(석촌호수),4543,2553,1990,16,756,1107,970,873,821,4,327,669,559,438,556,12,429,438,411,435,265
20191,A,골목상권,3111010,석촌역 7번,2008,848,1160,20,525,409,429,410,215,4,133,185,210,169,147,16,392,224,219,241,68
20191,A,골목상권,3111015,석촌역 3번,1373,747,626,5,164,294,307,294,309,3,73,171,188,140,172,2,91,123,119,154,137
20191,A,골목상권,3111034,오동나무공원(송파레미니스1단지),1723,1133,590,5,220,351,444,490,213,0,103,228,322,332,148,5,117,123,122,158,65
20191,A,골목상권,3111088,고덕동성당,276,109,167,1,32,38,42,65,98,0,14,24,12,27,32,1,18,14,30,38,66
20191,A,골목상권,3111068,강동성심병원,1208,364,844,0,484,358,216,109,41,0,107,115,75,40,27,0,377,243,141,69,14
20191,R,전통시장,3130320,암사종합시장,572,229,343,1,49,74,147,180,121,1,31,46,53,43,55,0,18,28,94,137,66
20191,D,발달상권,3120244,암사역,1093,460,633,2,161,212,242,242,234,0,46,90,111,85,128,2,115,122,131,157,106
20191,A,골목상권,3111075,굽은다리역 2번,434,222,212,6,60,110,117,92,49,5,38,69,59,29,22,1,22,41,58,63,27
20191,A,골목상권,3111049,천호지구대(천호동자전거거리),751,509,242,0,52,118,135,153,293,0,33,76,83,104,213,0,19,42,52,49,80
20191,A,골목상권,3111057,천호공원(해공체육문화센터),431,169,262,2,65,82,119,109,54,0,11,28,46,53,31,2,54,54,73,56,23
20191,A,골목상권,3111060,암사역 2번(서울강동초등학교),1175,605,570,2,166,290,321,265,131,2,67,141,181,131,83,0,99,149,140,134,48
20191,D,발달상권,3120003,광화문역,82918,47360,35558,1365,17500,23309,21633,13439,5672,604,7230,12612,14361,9245,3308,761,10270,10697,7272,4194,2364
20191,R,전통시장,3130020,동묘시장(동묘벼룩시장),184,102,82,1,31,35,46,41,30,0,15,16,27,27,17,1,16,19,19,14,13
20191,R,전통시장,3130021,신설종합시장,156,116,40,0,9,35,45,45,22,0,7,28,34,32,15,0,2,7,11,13,7
20191,A,골목상권,3110037,신설동역 12번,228,101,127,2,30,44,60,52,40,0,7,24,33,23,14,2,23,20,27,29,26
20191,A,골목상권,3110028,이화달팽이길,986,405,581,8,241,305,203,165,64,6,80,115,94,78,32,2,161,190,109,87,32
20191,D,발달상권,3120006,종각역,37433,23505,13928,104,6178,12593,10567,6573,1418,34,2536,7135,7513,5411,876,70,3642,5458,3054,1162,542
20191,A,골목상권,3110019,창덕궁,678,389,289,0,129,183,212,112,42,0,38,107,138,73,33,0,91,76,74,39,9
20191,D,발달상권,3120014,종로5가역,6357,3671,2686,364,1168,1563,1769,1011,482,102,443,932,1221,649,324,262,725,631,548,362,158
20191,R,전통시장,3130013,동대문상가A동,28,19,9,0,1,6,11,6,4,0,1,4,8,3,3,0,0,2,3,3,1
20191,R,전통시장,3130019,동대문상가D동,47,32,15,0,2,18,10,5,12,0,2,9,7,4,10,0,0,9,3,1,2
20191,A,골목상권,3110022,경신고등학교,250,121,129,0,39,61,75,42,33,0,14,31,32,22,22,0,25,30,43,20,11
20191,D,발달상권,3120032,충무로역,14888,7345,7543,60,2454,3332,4065,3471,1506,22,956,1798,2117,1503,949,38,1498,1534,1948,1968,557
20191,R,전통시장,3130036,중부시장(신중부시장),1779,1147,632,9,193,366,477,445,289,2,93,255,327,266,204,7,100,111,150,179,85
20191,D,발달상권,3120033,을지로4가역,2111,1158,953,4,387,582,547,365,226,2,135,286,354,212,169,2,252,296,193,153,57
20191,A,골목상권,3110047,다산성곽길,210,81,129,0,37,51,58,37,27,0,6,23,27,14,11,0,31,28,31,23,16
20191,R,전통시장,3130051,동화동 골목형상점가,714,388,326,1,117,159,194,151,92,0,52,82,109,84,61,1,65,77,85,67,31
20191,A,골목상권,3110041,남산케이블카,1211,376,835,2,150,185,249,342,283,1,51,90,92,62,80,1,99,95,157,280,203
20191,D,발달상권,3120027,명동역(명동재미로),26581,12306,14275,68,4549,9741,7832,4026,365,25,1417,4295,3716,2610,243,43,3132,5446,4116,1416,122
20191,A,골목상권,3110038,경향신문사,6281,4788,1493,16,987,1573,2011,1555,139,3,419,1106,1697,1447,116,13,568,467,314,108,23
20191,R,전통시장,3130049,신당 미래유산 먹거리 골목형상점가,126,54,72,0,10,22,35,30,29,0,2,7,17,11,17,0,8,15,18,19,12
20191,R,전통시장,3130047,테크노상가(엘리시움),774,419,355,2,186,287,157,87,55,1,94,160,89,46,29,1,92,127,68,41,26
20191,A,골목상권,3110050,약수역 7번,280,105,175,0,75,77,51,40,37,0,25,30,19,13,18,0,50,47,32,27,19
20191,A,골목상권,3110043,충무초등학교,2083,920,1163,19,473,606,520,324,141,10,143,255,219,192,101,9,330,351,301,132,40
20191,R,전통시장,3130024,남대문시장(자유상가),3018,1582,1436,2,290,636,747,694,649,0,107,326,365,368,416,2,183,310,382,326,233
20191,A,골목상권,3110090,한국폴리텍대학서울정수캠퍼스,566,275,291,4,252,183,62,33,32,0,104,99,30,20,22,4,148,84,32,13,10
20191,R,전통시장,3130062,보광시장,87,38,49,0,11,22,29,17,8,0,3,9,14,6,6,0,8,13,15,11,2
20191,A,골목상권,3110093,우사단길,2106,1061,1045,6,348,875,540,202,135,2,107,405,356,132,59,4,241,470,184,70,76
20191,A,골목상권,3110089,서빙고동주민센터,484,285,199,0,55,122,132,92,83,0,22,61,61,69,72,0,33,61,71,23,11
20191,A,골목상권,3110081,해방촌 남동측,270,166,104,0,81,98,52,25,14,0,48,62,32,13,11,0,33,36,20,12,3
20191,D,발달상권,3120040,용산전자상가(용산역),11985,8847,3138,120,2023,4186,3519,1460,677,89,1355,3187,2654,1067,495,31,668,999,865,393,182
20191,A,골목상권,3110071,한강미주맨션아파트,251,90,161,0,61,60,44,39,47,0,15,16,17,18,24,0,46,44,27,21,23
20191,A,골목상권,3110086,이태원역 북측,318,163,155,0,40,50,43,38,147,0,16,25,20,13,89,0,24,25,23,25,58
20191,R,전통시장,3130057,만리시장,37,28,9,0,0,6,6,16,9,0,0,4,4,11,9,0,0,2,2,5,0
20191,A,골목상권,3110076,삼각지역 14번,569,195,374,1,51,157,174,156,30,1,10,57,76,47,4,0,41,100,98,109,26
20191,D,발달상권,3120047,한남오거리,3055,1754,1301,11,620,921,676,502,325,6,251,549,417,314,217,5,369,372,259,188,108
20191,A,골목상권,3110588,한겨레신문사,700,435,265,0,57,171,239,212,21,0,14,70,155,181,15,0,43,101,84,31,6
20191,R,전통시장,3130059,후암시장,175,63,112,1,27,41,45,40,21,1,8,17,15,11,11,0,19,24,30,29,10
20191,A,골목상권,3110108,성동구립금호도서관,36,9,27,0,8,9,12,6,1,0,1,3,4,1,0,0,7,6,8,5,1
20191,R,전통시장,3130063,신금호역 골목형상점가,105,56,49,1,13,25,26,25,15,1,2,12,15,15,11,0,11,13,11,10,4
20191,A,골목상권,3110103,옥수터널,49,34,15,1,10,15,7,11,5,1,6,11,6,7,3,0,4,4,1,4,2
20191,A,골목상권,3110119,마장지하차도,238,170,68,0,38,57,63,54,26,0,24,42,41,42,21,0,14,15,22,12,5
20191,A,골목상권,3110114,왕십리파출소,188,116,72,0,16,40,55,59,18,0,10,25,42,28,11,0,6,15,13,31,7
20191,A,골목상권,3110113,응봉산,70,35,35,1,15,13,15,19,7,1,6,8,5,9,6,0,9,5,10,10,1
20191,D,발달상권,3120056,구의역,3480,1930,1550,13,477,691,841,642,816,2,162,341,480,351,594,11,315,350,361,291,222
20191,A,골목상권,3110174,아차산역 1번,324,160,164,0,31,53,103,89,48,0,11,29,46,48,26,0,20,24,57,41,22
20191,A,골목상권,3110147,능동우편취급국,753,371,382,0,165,217,195,126,50,0,48,107,125,65,26,0,117,110,70,61,24
20191,R,전통시장,3130081,자양골목전통시장(자양골목시장),75,43,32,0,8,18,15,20,14,0,5,13,8,10,7,0,3,5,7,10,7
20191,A,골목상권,3110153,중곡1동주민센터,101,43,58,1,10,12,25,39,14,0,1,2,15,17,8,1,9,10,10,22,6
20191,A,골목상권,3110142,화양사거리,396,194,202,1,78,85,64,88,80,1,45,44,33,32,39,0,33,41,31,56,41
20191,R,전통시장,3130096,동부시장,40,20,20,0,1,7,7,11,14,0,0,1,4,3,12,0,1,6,3,8,2
20191,A,골목상권,3110225,촬영소사거리,623,383,240,0,88,111,125,151,148,0,55,74,80,89,85,0,33,37,45,62,63
20191,A,골목상권,3110185,용두초등학교,193,119,74,0,18,45,58,45,27,0,5,31,39,24,20,0,13,14,19,21,7
20191,A,골목상권,3110230,장안현대홈타운1차아파트,335,175,160,0,34,76,96,75,54,0,10,43,57,40,25,0,24,33,39,35,29
20191,A,골목상권,3110208,시조사삼거리,206,145,61,1,11,42,62,72,18,1,2,26,46,54,16,0,9,16,16,18,2
20191,D,발달상권,3120065,회기역,977,554,423,6,135,194,212,195,235,3,67,113,109,92,170,3,68,81,103,103,65
20191,R,전통시장,3130112,사가정시장,254,88,166,0,47,61,63,56,27,0,9,19,23,19,18,0,38,42,40,37,9
20191,A,골목상권,3110259,사가정역 1번,280,163,117,0,22,67,80,77,34,0,8,37,47,48,23,0,14,30,33,29,11
20191,D,발달상권,3120068,사가정역,451,171,280,6,118,89,95,85,58,0,29,32,49,27,34,6,89,57,46,58,24
20191,A,골목상권,3110261,사가정역 4번,215,92,123,1,25,36,63,62,28,0,11,14,26,25,16,1,14,22,37,37,12
20191,R,전통시장,3130105,장미제일시장(중화동제일시장),45,11,34,0,12,9,5,16,3,0,2,4,0,5,0,0,10,5,5,11,3
20191,A,골목상권,3110241,먹골역 5번,772,378,394,1,161,175,175,175,85,0,59,87,90,91,51,1,102,88,85,84,34
20191,A,골목상권,3110257,상봉역 7번,490,418,72,0,18,15,52,206,199,0,7,5,37,183,186,0,11,10,15,23,13
20191,A,골목상권,3110267,망우역 2번,272,101,171,0,36,44,68,55,69,0,4,12,32,22,31,0,32,32,36,33,38
20191,A,골목상권,3110233,중랑역 1번,173,96,77,0,30,39,38,45,21,0,20,22,17,23,14,0,10,17,21,22,7
20191,A,골목상권,3110310,길음역 10번,381,77,304,0,12,39,102,149,79,0,3,16,18,17,23,0,9,23,84,132,56
20191,A,골목상권,3110300,삼선동주민센터,3382,1853,1529,8,350,857,896,981,290,5,127,362,477,695,187,3,223,495,419,286,103
20191,A,골목상권,3110303,성신여대입구역 1번,386,157,229,1,40,61,79,98,107,1,16,32,35,34,39,0,24,29,44,64,68
20191,D,발달상권,3120071,성북구청,777,311,466,3,117,173,182,177,125,1,36,81,87,63,43,2,81,92,95,114,82
20191,A,골목상권,3110331,돌곶이역 8번,465,190,275,4,62,147,118,85,49,1,14,62,48,36,29,3,48,85,70,49,20
20191,R,전통시장,3130126,새석관시장,55,35,20,1,2,9,21,10,12,0,0,8,12,7,8,1,2,1,9,3,4
20191,A,골목상권,3110281,길상사,182,96,86,1,32,40,34,45,30,0,14,17,19,23,23,1,18,23,15,22,7
20191,D,발달상권,3120075,월곡역,904,449,455,3,125,220,220,191,145,1,46,116,138,83,65,2,79,104,82,108,80
20191,A,골목상권,3110330,돌곶이역 1번,310,162,148,0,40,39,103,100,28,0,24,24,57,39,18,0,16,15,46,61,10
20191,A,골목상권,3110379,KT&G 북부지사,37,17,20,0,3,9,15,9,1,0,1,3,9,3,1,0,2,6,6,6,0
20191,D,발달상권,3120078,미아사거리역,1146,499,647,12,273,302,253,191,115,5,111,156,104,66,57,7,162,146,149,125,58
20191,A,골목상권,3110361,삼양사거리역 1번,268,111,157,4,38,51,49,68,58,4,18,23,21,23,22,0,20,28,28,45,36
20191,A,골목상권,3110345,솔밭공원역 2번,191,71,120,0,23,42,60,48,18,0,4,17,26,10,14,0,19,25,34,38,4
20191,A,골목상권,3110407,도봉역 2번,751,444,307,1,66,123,170,222,169,1,29,68,99,135,112,0,37,55,71,87,57
20191,A,골목상권,3110402,도봉구 정병원,629,273,356,2,66,74,134,188,165,1,36,42,67,65,62,1,30,32,67,123,103
20191,A,골목상권,3110390,방학초등학교,449,202,247,2,35,62,115,94,141,2,14,28,51,34,73,0,21,34,64,60,68
20191,A,골목상권,3110391,샘말어린이공원,210,116,94,0,23,45,66,41,35,0,17,30,41,14,14,0,6,15,25,27,21
20191,A,골목상권,3110393,국민은행방학지점,142,44,98,0,19,27,43,38,15,0,2,8,16,12,6,0,17,19,27,26,9
20191,R,전통시장,3130150,창동골목시장,105,36,69,0,15,25,23,26,16,0,3,5,7,12,9,0,12,20,16,14,7
20191,A,골목상권,3110442,화랑대철도공원,154,62,92,2,14,26,23,65,24,2,11,18,8,17,6,0,3,8,15,48,18
20191,A,골목상권,3110426,상계2동주민센터,587,236,351,0,75,123,131,164,94,0,24,57,53,56,46,0,51,66,78,108,48
20191,A,골목상권,3110417,월계역 3번,50,29,21,0,12,10,12,12,4,0,6,7,6,7,3,0,6,3,6,5,1
20191,A,골목상권,3110462,갈현건영아파트,205,91,114,0,20,42,54,59,30,0,9,19,23,26,14,0,11,23,31,33,16
20191,D,발달상권,3120088,구산역,1006,374,632,4,159,207,260,231,145,3,43,93,98,70,67,1,116,114,162,161,78
20191,A,골목상권,3110486,은평구청,679,313,366,0,71,131,199,174,104,0,31,54,91,80,57,0,40,77,108,94,47
20191,R,전통시장,3130169,대조시장,284,100,184,0,37,62,68,69,48,0,12,23,23,20,22,0,25,39,45,49,26
20191,A,골목상권,3110473,구산역 1번,398,183,215,2,36,69,113,99,79,0,11,28,59,42,43,2,25,41,54,57,36
20191,A,골목상권,3110472,연신내역 4번,453,212,241,1,45,92,94,109,112,1,19,47,40,52,53,0,26,45,54,57,59
20191,R,전통시장,3130171,불광먹자골목 골목형상점가,560,189,371,1,57,104,147,134,117,1,15,40,57,36,40,0,42,64,90,98,77
20191,A,골목상권,3110455,역촌노인복지관,462,187,275,2,59,87,114,138,62,1,21,44,50,40,31,1,38,43,64,98,31
20191,A,골목상권,3110446,내를건너서숲으로도서관,205,119,86,0,16,20,53,64,52,0,3,6,27,39,44,0,13,14,26,25,8
20191,A,골목상권,3110444,수색성당,378,338,40,0,10,30,52,108,178,0,4,19,41,99,175,0,6,11,11,9,3
20191,R,전통시장,3130162,증산골목시장,43,21,22,0,1,5,9,14,14,0,0,3,4,7,7,0,1,2,5,7,7
20191,A,골목상권,3110493,북가좌초등학교,218,158,60,0,25,52,53,58,30,0,8,38,42,43,27,0,17,14,11,15,3
20191,A,골목상권,3110509,연희대우아파트앞,1150,470,680,3,153,300,353,239,102,1,58,138,132,77,64,2,95,162,221,162,38
20191,R,전통시장,3130174,연희사러가,2,1,1,0,0,0,0,2,0,0,0,0,0,1,0,0,0,0,0,1,0
20191,A,골목상권,3110516,정원여중,136,27,109,0,13,26,31,53,13,0,2,9,5,7,4,0,11,17,26,46,9
20191,A,골목상권,3110522,홍제역 3번,84,25,59,0,22,28,19,10,5,0,3,9,6,4,3,0,19,19,13,6,2
20191,A,골목상권,3110586,서울서부지방법원,3558,1524,2034,19,803,867,802,552,515,5,298,407,330,250,234,14,505,460,472,302,281
20191,A,골목상권,3110587,공덕동주민센터,478,235,243,0,82,104,119,91,82,0,25,64,74,39,33,0,57,40,45,52,49
20191,A,골목상권,3110578,대흥역 2번,4277,3041,1236,6,531,897,1032,1018,793,0,390,714,801,603,533,6,141,183,231,415,260
20191,A,골목상권,3110572,서강대역 1번,991,439,552,1,205,225,247,203,110,0,61,103,119,90,66,1,144,122,128,113,44
20191,A,골목상권,3110575,대흥동주민센터,381,141,240,0,71,87,40,95,88,0,28,55,20,20,18,0,43,32,20,75,70
20191,D,발달상권,3120098,DMC(디지털미디어시티),24476,14813,9663,25,5096,9358,6983,2500,514,10,1900,5553,5153,1858,339,15,3196,3805,1830,642,175
20191,A,골목상권,3110565,홍익대,397,215,182,0,92,102,69,65,69,0,31,66,43,43,32,0,61,36,26,22,37
20191,R,전통시장,3130191,홍대 걷고싶은 거리,928,511,417,18,283,219,195,131,82,6,155,130,117,63,40,12,128,89,78,68,42
20191,A,골목상권,3110560,마포FM,480,266,214,0,132,135,114,67,32,0,53,76,75,39,23,0,79,59,39,28,9
20191,A,골목상권,3110552,성미산체육관,940,558,382,1,154,248,252,189,96,0,66,152,167,116,57,1,88,96,85,73,39
20191,R,전통시장,3130198,아현시장,228,56,172,0,42,99,62,14,11,0,5,11,28,8,4,0,37,88,34,6,7
20191,R,전통시장,3130188,합정시장,24,10,14,0,0,2,11,7,4,0,0,1,4,3,2,0,0,1,7,4,2
20191,R,전통시장,3130210,목2동시장,263,94,169,0,30,66,79,57,31,0,9,26,26,21,12,0,21,40,53,36,19
20191,R,전통시장,3130203,서서울 골목형상점가,124,47,77,0,6,23,28,30,37,0,2,7,8,9,21,0,4,16,20,21,16
20191,D,발달상권,3120108,신정네거리역,1928,987,941,4,220,415,472,467,350,1,95,205,230,252,204,3,125,210,242,215,146
20191,R,전통시장,3130205,신곡종합시장(신월6동 골목시장),331,176,155,1,52,70,89,75,44,1,20,42,50,31,32,0,32,28,39,44,12
20191,A,골목상권,3110602,신월시영아파트중문,868,662,206,0,23,64,149,339,293,0,9,42,81,263,267,0,14,22,68,76,26
20191,A,골목상권,3110627,신정롯데캐슬아파트,453,232,221,0,58,79,135,105,76,0,24,36,74,50,48,0,34,43,61,55,28
20191,R,전통시장,3130211,신정2동 골목시장(오목교중앙시장),35,18,17,0,2,3,4,12,14,0,2,2,3,6,5,0,0,1,1,6,9
20191,A,골목상권,3110616,양목초등학교,120,84,36,0,6,14,30,23,47,0,1,7,22,15,39,0,5,7,8,8,8
20191,A,골목상권,3110634,송정역 3번,921,563,358,2,98,210,253,235,123,0,41,129,167,145,81,2,57,81,86,90,42
20191,A,골목상권,3110637,송정역 2번,563,374,189,1,54,104,137,137,130,0,26,54,92,102,100,1,28,50,45,35,30
20191,D,발달상권,3120122,강서구청,3139,1723,1416,9,383,674,848,758,467,6,163,351,495,427,281,3,220,323,353,331,186
20191,A,골목상권,3110675,화곡4동주민센터,180,96,84,0,33,48,33,39,27,0,12,24,21,21,18,0,21,24,12,18,9
20191,R,전통시장,3130214,송화벽화시장(송화골목시장),320,123,197,3,77,75,73,59,33,0,16,32,32,21,22,3,61,43,41,38,11
20191,D,발달상권,3120117,강서농산물도매시장,1823,1201,622,4,118,340,566,520,275,1,75,251,370,317,187,3,43,89,196,203,88
20191,A,골목상권,3110641,공항고등학교,469,281,188,1,67,121,134,110,36,1,35,76,85,65,19,0,32,45,49,45,17
20191,R,전통시장,3130213,방신전통시장,467,244,223,0,37,64,113,130,123,0,24,45,68,47,60,0,13,19,45,83,63
20191,R,전통시장,3130212,공항시장,63,37,26,0,5,8,20,15,15,0,2,6,10,9,10,0,3,2,10,6,5
20191,A,골목상권,3110631,방화초등학교,325,162,163,0,34,54,77,92,68,0,19,29,30,52,32,0,15,25,47,40,36
20191,A,골목상권,3110642,정곡초등학교,167,151,16,0,4,8,35,68,52,0,2,6,31,63,49,0,2,2,4,5,3
20191,A,골목상권,3110678,염창무학아파트,234,148,86,0,23,59,58,65,29,0,12,39,33,48,16,0,11,20,25,17,13
20191,D,발달상권,3120126,디지털단지오거리,133,88,45,0,12,24,41,37,19,0,4,20,29,21,14,0,8,4,12,16,5
20191,R,전통시장,3130230,가리봉시장,19,13,6,0,0,7,1,6,5,0,0,6,0,3,4,0,0,1,1,3,1
20191,A,골목상권,3110703,개봉역,615,328,287,3,97,122,164,146,83,3,49,64,90,72,50,0,48,58,74,74,33
20191,A,골목상권,3110692,큰굴다리,183,115,68,0,20,26,42,64,31,0,11,22,22,38,22,0,9,4,20,26,9
20191,A,골목상권,3110696,오류동역 1번,131,65,66,0,20,22,34,34,21,0,1,15,13,20,16,0,19,7,21,14,5
20191,A,골목상권,3110702,개봉초등학교,3521,2132,1389,1,25,56,130,394,2915,0,12,31,65,198,1826,1,13,25,65,196,1089
20191,A,골목상권,3110705,고산초등학교,495,133,362,0,115,103,106,122,49,0,19,34,39,26,15,0,96,69,67,96,34
20191,A,골목상권,3110701,고척동성당,393,228,165,0,59,87,101,97,49,0,32,63,47,58,28,0,27,24,54,39,21
20191,A,골목상권,3110714,구로4동주민센터,399,149,250,0,62,70,96,101,70,0,13,20,30,38,48,0,49,50,66,63,22
20191,A,골목상권,3110740,금천해태공원,1418,390,1028,0,142,129,190,261,696,0,31,47,71,58,183,0,111,82,119,203,513
20191,A,골목상권,3110738,문성초등학교,283,130,153,0,23,40,86,101,33,0,12,15,37,44,22,0,11,25,49,57,11
20191,A,골목상권,3110742,KT금천빌딩(금천구시설관리공단),595,349,246,0,68,125,158,161,83,0,33,90,112,74,40,0,35,35,46,87,43
20191,A,골목상권,3110748,백산초등학교,208,114,94,1,32,42,58,45,30,0,14,24,31,27,18,1,18,18,27,18,12
20191,R,전통시장,3130235,대명여울빛거리시장(대명시장),730,259,471,3,153,126,155,179,114,3,46,53,63,51,43,0,107,73,92,128,71
20191,A,골목상권,3110734,금천파출소,112,61,51,0,5,15,18,43,31,0,4,10,11,19,17,0,1,5,7,24,14
20191,R,전통시장,3130246,영등포청과시장(조광시장),685,384,301,6,99,145,191,156,88,3,51,88,113,75,54,3,48,57,78,81,34
20191,A,골목상권,3110764,문래역 3번,1194,475,719,0,71,93,125,256,649,0,29,49,62,100,235,0,42,44,63,156,414
20191,A,골목상권,3110775,대동초등학교,58,26,32,0,0,9,19,16,14,0,0,4,4,8,10,0,0,5,15,8,4
20191,A,골목상권,3110759,문래예술촌(문래창작촌),5489,3621,1868,25,973,1413,1372,1129,577,9,486,938,936,795,457,16,487,475,436,334,120
20191,A,골목상권,3110817,대방역 4번,191,117,74,0,88,24,22,22,35,0,44,20,18,13,22,0,44,4,4,9,13
20191,A,골목상권,3110795,도림초등학교,176,72,104,0,17,30,42,52,35,0,3,9,13,23,24,0,14,21,29,29,11
20191,A,골목상권,3110805,신길새마을금고신길4동지점,110,54,56,0,16,15,21,29,29,0,9,10,13,11,11,0,7,5,8,18,18
20191,A,골목상권,3110802,신길동홍어거리,454,226,228,0,58,151,129,94,22,0,13,75,67,56,15,0,45,76,62,38,7
20191,A,골목상권,3110791,신풍역 3번,39,24,15,0,1,12,3,15,8,0,1,6,2,8,7,0,0,6,1,7,1
20191,A,골목상권,3110798,신풍역 2번,76,40,36,0,7,7,16,30,16,0,6,4,8,14,8,0,1,3,8,16,8
20191,A,골목상권,3110773,당산역 13번,250,147,103,0,47,55,78,32,38,0,14,30,51,23,29,0,33,25,27,9,9
20191,A,골목상권,3110796,한림대학교한강성심병원,544,188,356,0,243,121,78,56,46,0,43,45,28,39,33,0,200,76,50,17,13
20191,D,발달상권,3120144,영중로,6458,4141,2317,22,1209,1884,1470,1124,749,11,630,1301,1049,640,510,11,579,583,421,484,239
20191,A,골목상권,3110828,노량진역 6번,2962,1983,979,10,445,1062,793,487,165,4,241,754,575,298,111,6,204,308,218,189,54
20191,A,골목상권,3110820,성남고등학교,506,307,199,0,41,113,110,124,118,0,24,60,58,79,86,0,17,53,52,45,32
20191,A,골목상권,3110845,사당종합체육관,35,22,13,0,4,3,11,7,10,0,3,1,9,1,8,0,1,2,2,6,2
20191,A,골목상권,3110836,상도역 5번,985,474,511,1,145,219,273,195,152,1,63,115,127,90,78,0,82,104,146,105,74
20191,R,전통시장,3130262,상도도깨비 골목형상점가,53,21,32,0,10,6,13,15,9,0,5,4,4,3,5,0,5,2,9,12,4
20191,R,전통시장,3130127,석관시장,27,15,12,0,0,8,7,8,4,0,0,6,3,4,2,0,0,2,4,4,2
20191,A,골목상권,3110826,장승배기역 4번,433,190,243,4,36,68,105,136,84,1,15,32,50,59,33,3,21,36,55,77,51
20191,A,골목상권,3110818,신대방역 3번,1234,1130,104,6,258,401,375,161,33,6,234,388,341,132,29,0,24,13,34,29,4
20191,A,골목상권,3110840,중앙대학교,264,109,155,3,67,53,53,54,34,2,28,28,21,16,14,1,39,25,32,38,20
20191,A,골목상권,3110900,낙성대역 1번(관악구민 종합체육센터),208,98,110,0,25,41,61,53,28,0,9,22,27,24,16,0,16,19,34,29,12
20191,R,전통시장,3130278,미성동 도깨비시장 골목형상점가,116,36,80,0,24,23,29,25,15,0,3,8,11,7,7,0,21,15,18,18,8
20191,A,골목상권,3110874,원신초등학교(구세군관악영문교회),176,55,121,1,21,37,32,45,40,0,2,9,13,14,17,1,19,28,19,31,23
20191,A,골목상권,3110879,신림현대아파트,266,98,168,0,26,33,62,83,62,0,12,21,27,20,18,0,14,12,35,63,44
20191,D,발달상권,3120157,신림역(신림),2243,957,1286,16,517,427,504,437,342,7,164,199,246,156,185,9,353,228,258,281,157
20191,R,전통시장,3130285,서원동상점가,1442,736,706,14,273,211,241,310,393,5,151,128,136,122,194,9,122,83,105,188,199
20191,A,골목상권,3110877,신림역 8번,523,282,241,3,89,122,126,119,64,1,54,73,54,61,39,2,35,49,72,58,25
20191,A,골목상권,3110861,관악구신사동주민센터,1048,453,595,0,159,227,250,258,154,0,49,105,122,106,71,0,110,122,128,152,83
20191,R,전통시장,3130292,봉천현대시장,65,31,34,0,7,13,16,19,10,0,6,7,7,8,3,0,1,6,9,11,7
20191,A,골목상권,3110854,조원동주민센터,140,83,57,0,17,24,36,48,15,0,10,17,24,22,10,0,7,7,12,26,5
20191,R,전통시장,3130290,영림시장,591,276,315,0,95,136,159,122,79,0,29,81,74,54,38,0,66,55,85,68,41
20191,A,골목상권,3110896,관악우성아파트,307,86,221,0,51,55,68,72,61,0,10,14,24,20,18,0,41,41,44,52,43
20191,D,발달상권,3120177,신논현역 1번,2089,1465,624,5,527,817,435,232,73,1,343,586,341,141,53,4,184,231,94,91,20
20191,A,골목상권,3110909,남태령역(서울전자고등학교),182,133,49,0,26,47,46,34,29,0,12,35,36,28,22,0,14,12,10,6,7
20191,A,골목상권,3110903,방배아이파크아파트,594,374,220,3,101,119,167,128,76,2,52,76,113,76,55,1,49,43,54,52,21
20191,D,발달상권,3120175,남부터미널역,23679,12861,10818,145,5527,6659,5659,3900,1789,82,2492,4154,3379,1699,1055,63,3035,2505,2280,2201,734
20191,A,골목상권,3110929,남부터미널역 1번,2924,1835,1089,2,554,896,730,378,364,1,251,527,529,268,259,1,303,369,201,110,105
20191,A,골목상권,3110926,신중초등학교,404,238,166,0,77,83,111,73,60,0,28,48,69,46,47,0,49,35,42,27,13
20191,A,골목상권,3110934,우면주공아파트,798,533,265,2,124,205,194,144,129,0,66,142,136,91,98,2,58,63,58,53,31
20191,A,골목상권,3110938,바우뫼공원,1146,723,423,6,265,328,288,166,93,4,121,223,204,103,68,2,144,105,84,63,25
20191,D,발달상권,3120183,양재천카페거리,4198,2784,1414,14,955,1513,880,563,273,9,504,1084,625,387,175,5,451,429,255,176,98
20191,D,발달상권,3120182,"양재시민의숲역(양재동꽃시장, aT센터)",6327,4006,2321,21,925,1635,1540,1240,966,2,447,1035,1014,775,733,19,478,600,526,465,233
20191,A,골목상권,3110940,양재근린공원(양재2동주민센터),948,571,377,6,193,275,248,149,77,3,75,171,166,95,61,3,118,104,82,54,16
20191,A,골목상권,3110955,논현초등학교,1003,545,458,3,223,285,263,127,102,0,79,157,180,73,56,3,144,128,83,54,46
20191,A,골목상권,3110966,논현2동주민센터,1453,711,742,9,354,435,364,173,118,0,125,203,211,101,71,9,229,232,153,72,47
20191,D,발달상권,3120222,삼성역,53680,30483,23197,253,12768,16901,12384,7063,4311,107,5049,10056,8425,4236,2610,146,7719,6845,3959,2827,1701
20191,A,골목상권,3110960,은광여고,404,231,173,1,126,130,71,46,30,0,55,77,42,36,21,1,71,53,29,10,9
20191,A,골목상권,3110998,은곡마을(은곡마을공원),571,397,174,1,116,132,87,98,137,0,48,80,56,84,129,1,68,52,31,14,8
20191,A,골목상권,3111001,아래방죽마을공원(율현초등학교),88,44,44,0,4,17,28,22,17,0,2,9,12,11,10,0,2,8,16,11,7
20191,D,발달상권,3120202,압구정로데오역(압구정로데오),6409,2669,3740,52,2598,1912,1013,474,360,15,859,862,500,243,190,37,1739,1050,513,231,170
20191,A,골목상권,3110962,도산공원북측,185,103,82,1,82,55,19,13,15,1,43,33,13,8,5,0,39,22,6,5,10
20191,A,골목상권,3110963,역삼월드메르디앙아파트,261,180,81,1,29,63,86,44,38,0,15,43,61,33,28,1,14,20,25,11,10
20191,D,발달상권,3120197,역삼역,83297,51452,31845,350,18867,28398,20147,11445,4090,140,8496,18332,14540,7326,2618,210,10371,10066,5607,4119,1472
20191,A,골목상권,3110958,역삼역 4번,1071,509,562,5,252,328,247,149,90,3,82,184,151,53,36,2,170,144,96,96,54
20191,A,골목상권,3110985,청담근린공원,526,240,286,3,150,159,123,51,40,2,44,70,78,22,24,1,106,89,45,29,16
20191,R,전통시장,3130317,마천중앙시장,100,47,53,0,8,14,27,27,24,0,4,2,11,15,15,0,4,12,16,12,9
20191,A,골목상권,3111026,문정역 2번,1256,797,459,1,132,326,316,284,197,0,68,209,191,179,150,1,64,117,125,105,47
20191,A,골목상권,3111019,한성백제역 3번,907,545,362,3,123,212,226,224,119,2,54,124,138,144,83,1,69,88,88,80,36
20191,A,골목상권,3111014,송파나루역 2번,339,192,147,1,60,82,97,68,31,1,24,46,68,32,21,0,36,36,29,36,10
20191,A,골목상권,3111005,삼전역 3번,1313,893,420,3,180,228,235,298,369,2,93,172,138,192,296,1,87,56,97,106,73
20191,A,골목상권,3111006,석촌고분역 1번,968,526,442,2,117,240,296,193,120,1,34,118,184,101,88,1,83,122,112,92,32
20191,A,골목상권,3111009,송파책박물관,182,134,48,2,18,41,69,38,14,2,13,33,47,27,12,0,5,8,22,11,2
20191,R,전통시장,3130312,석촌시장,1228,592,636,4,174,216,196,244,394,0,46,109,104,125,208,4,128,107,92,119,186
20191,D,발달상권,3120247,굽은다리역,1095,488,607,7,180,242,283,216,167,3,60,122,133,82,88,4,120,120,150,134,79
20191,D,발달상권,3120245,둔촌역,3766,2209,1557,7,426,751,766,654,1162,3,193,443,424,329,817,4,233,308,342,325,345
20191,A,골목상권,3111076,둔촌2동주민센터,500,269,231,4,38,99,104,115,140,3,20,56,60,54,76,1,18,43,44,61,64
20191,D,발달상권,3120248,명일역,1671,562,1109,5,227,279,378,438,344,4,63,122,139,109,125,1,164,157,239,329,219
20191,A,골목상권,3111086,한영중고,278,104,174,2,29,46,81,72,48,0,8,17,30,30,19,2,21,29,51,42,29
20191,D,발달상권,3120249,고덕역,1366,626,740,11,196,275,293,332,259,4,59,144,120,150,149,7,137,131,173,182,110
20191,A,골목상권,3111066,암사동성당(효정하나플러스아파트),416,199,217,2,30,115,109,92,68,2,7,69,61,42,18,0,23,46,48,50,50
20191,A,골목상권,3111069,천호1동주민센터,207,111,96,2,28,36,36,63,42,2,17,19,17,35,21,0,11,17,19,28,21
20191,A,골목상권,3111063,강동구립 천호도서관,222,63,159,0,27,42,51,58,44,0,2,11,21,10,19,0,25,31,30,48,25
20191,A,골목상권,3110009,자하문터널,236,106,130,2,43,46,52,55,38,2,15,17,24,26,22,0,28,29,28,29,16
20191,A,골목상권,3110531,홍지문,118,26,92,0,19,25,16,47,11,0,10,9,3,2,2,0,9,16,13,45,9
20191,D,발달상권,3120002,서촌(경복궁역),2631,1354,1277,1,590,895,607,318,220,0,226,491,346,165,126,1,364,404,261,153,94
20191,D,발달상권,3120011,종로4가,4056,2348,1708,21,753,1237,1203,624,218,8,333,745,724,381,157,13,420,492,479,243,61
20191,R,전통시장,3130010,종로신진시장,676,375,301,2,67,138,172,181,116,2,38,80,91,94,70,0,29,58,81,87,46
20191,R,전통시장,3130017,동대문상가C동,191,153,38,1,29,92,43,19,7,0,22,78,38,12,3,1,7,14,5,7,4
20191,R,전통시장,3130014,동문시장,110,69,41,0,10,21,39,16,24,0,2,13,24,9,21,0,8,8,15,7,3
20191,A,골목상권,3110030,동대문역 3번,44,16,28,0,2,11,13,16,2,0,1,6,3,6,0,0,1,5,10,10,2
20191,A,골목상권,3110016,평창동동측,592,235,357,1,117,168,131,95,80,1,24,67,66,34,43,0,93,101,65,61,37
20191,D,발달상권,3120037,동대문역사문화공원역,24669,11144,13525,121,5870,6287,5470,4916,2005,33,3089,3776,2577,1142,527,88,2781,2511,2893,3774,1478
20191,R,전통시장,3130038,"평화시장(통일상가, 동화상가)",4230,2866,1364,11,630,1479,1206,651,253,3,297,1004,938,457,167,8,333,475,268,194,86
20191,D,발달상권,3120038,약수역,3980,1873,2107,57,1124,1016,766,541,476,26,435,505,407,236,264,31,689,511,359,305,212
20191,A,골목상권,3110049,장충단 고개,3324,1574,1750,14,912,842,620,611,325,6,286,410,351,312,209,8,626,432,269,299,116
20191,D,발달상권,3120030,중부경찰서(영화인의거리),20441,11539,8902,642,6137,5341,3996,2745,1580,287,2642,3058,2752,1822,978,355,3495,2283,1244,923,602
20191,D,발달상권,3120043,서울역,31101,21400,9701,151,4975,11041,9764,3931,1239,23,2332,7307,7739,3049,950,128,2643,3734,2025,882,289
20191,R,전통시장,3130042,약수시장,317,132,185,0,27,51,89,80,70,0,8,17,40,35,32,0,19,34,49,45,38
20191,R,전통시장,3130033,대림상가(청계상가),486,342,144,2,37,86,151,112,98,2,24,57,102,81,76,0,13,29,49,31,22
20191,D,발달상권,3120024,회현역,1673,795,878,12,404,475,362,249,171,3,132,251,174,130,105,9,272,224,188,119,66
20191,R,전통시장,3130022,숭례문수입상가(남대문시장),3583,1620,1963,37,594,1585,1014,316,37,0,137,733,497,224,29,37,457,852,517,92,8
20191,A,골목상권,3110074,서울역 12번,10512,2786,7726,134,6064,1911,988,894,521,7,739,1067,600,202,171,127,5325,844,388,692,350
20191,A,골목상권,3110094,오산중학교,52,20,32,0,0,5,10,17,20,0,0,2,4,7,7,0,0,3,6,10,13
20191,A,골목상권,3110078,이촌동점보아파트,169,71,98,0,33,33,43,25,35,0,6,14,16,11,24,0,27,19,27,14,11
20191,A,골목상권,3110087,이태원엔틱가구거리,154,101,53,1,31,58,37,13,14,1,18,40,26,7,9,0,13,18,11,6,5
20191,D,발달상권,3120046,이태원(이태원역),4443,2676,1767,30,1451,1491,715,438,318,12,841,973,443,242,165,18,610,518,272,196,153
20191,A,골목상권,3110067,배문고등학교,1355,776,579,1,173,334,375,264,208,0,71,153,191,182,179,1,102,181,184,82,29
20191,D,발달상권,3120044,삼각지역,1483,933,550,3,147,318,351,366,298,2,69,193,239,230,200,1,78,125,112,136,98
20191,A,골목상권,3110097,한남초등학교,45,18,27,0,18,14,12,1,0,0,6,5,6,1,0,0,12,9,6,0,0
20191,A,골목상권,3110077,삼광초등학교,125,50,75,1,13,26,35,30,20,0,4,11,11,11,13,1,9,15,24,19,7
20191,A,골목상권,3110105,금동어린이공원,74,31,43,0,12,17,10,21,14,0,3,7,5,7,9,0,9,10,5,14,5
20191,A,골목상권,3110124,뚝섬역교차로,3360,1784,1576,12,836,774,709,574,455,3,171,367,449,412,382,9,665,407,260,162,73
20191,A,골목상권,3110101,옥정중학교,350,134,216,3,107,59,66,74,41,0,34,17,28,30,25,3,73,42,38,44,16
20191,D,발달상권,3120061,올림픽대교북단,665,258,407,7,156,155,170,113,64,3,38,60,79,42,36,4,118,95,91,71,28
20191,A,골목상권,3110172,광진초등학교,354,237,117,0,45,68,90,88,63,0,25,46,59,56,51,0,20,22,31,32,12
20191,A,골목상권,3110156,군자역 5번,693,313,380,3,149,172,138,154,77,1,49,88,75,58,42,2,100,84,63,96,35
20191,A,골목상권,3110157,자양동우체국,341,189,152,0,26,48,74,73,120,0,14,30,29,42,74,0,12,18,45,31,46
20191,R,전통시장,3130080,자양종합시장(기능상실),14,10,4,0,0,1,8,4,1,0,0,1,5,3,1,0,0,0,3,1,0
20191,A,골목상권,3110167,용마초등학교,719,323,396,1,91,136,191,185,115,0,34,61,87,91,50,1,57,75,104,94,65
20191,A,골목상권,3110162,군자역 4번,190,60,130,0,29,51,41,41,28,0,10,14,18,10,8,0,19,37,23,31,20
20191,R,전통시장,3130078,화양제일골목시장,76,37,39,0,16,17,18,16,9,0,5,12,10,6,4,0,11,5,8,10,5
20191,R,전통시장,3130079,한아름시장,118,65,53,1,28,21,27,21,20,1,15,12,15,5,17,0,13,9,12,16,3
20191,A,골목상권,3110218,답십리사거리,362,169,193,1,33,71,99,108,50,1,14,34,46,47,27,0,19,37,53,61,23
20191,A,골목상권,3110227,답십리공원,660,248,412,0,67,128,174,181,110,0,34,70,65,52,27,0,33,58,109,129,83
20191,A,골목상권,3110187,제기동역 6번,2480,1305,1175,3,379,621,587,510,380,2,112,315,314,307,255,1,267,306,273,203,125
20191,A,골목상권,3110182,용두희망어린이공원,558,349,209,0,74,133,168,100,83,0,40,78,108,65,58,0,34,55,60,35,25
20191,R,전통시장,3130098,회기시장,141,57,84,1,27,34,33,28,18,0,9,18,15,8,7,1,18,16,18,20,11
20191,A,골목상권,3110226,장안1동주민센터,2211,1319,892,5,303,504,598,499,302,4,144,301,375,295,200,1,159,203,223,204,102
20191,A,골목상권,3110222,회기역 2번,83,58,25,0,6,13,8,21,35,0,3,10,7,12,26,0,3,3,1,9,9
20191,R,전통시장,3130114,유영시장,70,20,50,0,11,25,18,13,3,0,1,6,5,6,2,0,10,19,13,7,1
20191,A,골목상권,3110265,망우역 1번,438,222,216,2,71,70,100,104,91,1,26,32,51,52,60,1,45,38,49,52,31
20191,R,전통시장,3130106,중랑동부시장,280,101,179,1,55,55,71,52,46,1,13,17,18,23,29,0,42,38,53,29,17
20191,A,골목상권,3110258,면동초등학교,316,108,208,0,54,60,83,77,42,0,8,30,31,21,18,0,46,30,52,56,24
20191,A,골목상권,3110269,용마문화복지센터,196,94,102,0,23,48,58,43,24,0,12,20,32,20,10,0,11,28,26,23,14
20191,A,골목상권,3110252,장안제일시장,776,518,258,1,48,112,156,271,188,0,26,61,99,177,155,1,22,51,57,94,33
20191,R,전통시장,3130110,면목골목시장(면목시장),284,128,156,0,55,69,66,63,31,0,22,28,30,30,18,0,33,41,36,33,13
20191,A,골목상권,3110297,경동고등학교,539,256,283,1,78,120,123,139,78,1,33,72,54,61,35,0,45,48,69,78,43
20191,A,골목상권,3110332,돌곶이역 3번,213,91,122,0,24,27,53,66,43,0,2,15,21,26,27,0,22,12,32,40,16
20191,A,골목상권,3110294,서경대학교,528,358,170,0,30,44,105,183,166,0,5,24,61,131,137,0,25,20,44,52,29
20191,A,골목상권,3110317,종암중학교,303,124,179,0,79,72,63,68,21,0,28,38,30,21,7,0,51,34,33,47,14
20191,D,발달상권,3120077,미아역,1123,511,612,2,194,221,202,233,271,0,58,86,100,96,171,2,136,135,102,137,100
20191,A,골목상권,3110364,미아역 8번,237,109,128,1,31,45,73,57,30,1,12,24,30,25,17,0,19,21,43,32,13
20191,A,골목상권,3110373,수유역 2번,1028,696,332,1,110,287,212,303,115,1,68,243,151,199,34,0,42,44,61,104,81
20191,A,골목상권,3110354,삼각산119안전센터,53,19,34,0,12,19,17,3,2,0,2,9,6,1,1,0,10,10,11,2,1
20191,R,전통시장,3130132,삼양골목시장(삼양시장),209,68,141,0,35,39,45,54,36,0,9,15,19,14,11,0,26,24,26,40,25
20191,A,골목상권,3110377,미아사거리역 3번,68,37,31,1,9,18,12,20,8,1,5,13,5,9,4,0,4,5,7,11,4
20191,A,골목상권,3110353,수유동우체국,270,136,134,4,36,42,54,78,56,2,23,26,28,37,20,2,13,16,26,41,36
20191,A,골목상권,3110358,인수동 우편취급국,540,225,315,0,42,72,104,178,144,0,13,44,46,41,81,0,29,28,58,137,63
20191,R,전통시장,3130139,강북종합전통시장(강북종합골목시장),274,128,146,1,32,63,70,69,39,1,18,35,33,24,17,0,14,28,37,45,22
20191,R,전통시장,3130129,장미원골목시장,93,37,56,0,7,17,33,22,14,0,0,10,8,13,6,0,7,7,25,9,8
20191,A,골목상권,3110405,방학역 1번,382,164,218,5,49,63,115,104,46,3,17,31,44,43,26,2,32,32,71,61,20
20191,R,전통시장,3130152,오!도봉거리 상점가,130,61,69,0,24,24,24,19,39,0,8,10,12,8,23,0,16,14,12,11,16
20191,A,골목상권,3110386,연산군묘,155,130,25,0,3,6,21,58,67,0,1,4,17,45,63,0,2,2,4,13,4
20191,R,전통시장,3130147,쌍문역동측상점가,283,134,149,4,41,77,72,59,30,3,24,24,38,25,20,1,17,53,34,34,10
20191,R,전통시장,3130159,공릉동 도깨비시장,454,249,205,0,26,71,127,128,102,0,8,33,67,75,66,0,18,38,60,53,36
20191,A,골목상권,3110437,당고개역 2번,292,89,203,0,27,54,66,86,59,0,9,24,18,27,11,0,18,30,48,59,48
20191,R,전통시장,3130155,시영B상가(중계 그린아파트 B 상가),39,20,19,0,2,16,7,9,5,0,0,10,3,2,5,0,2,6,4,7,0
20191,A,골목상권,3110441,영신여고,211,69,142,0,15,31,46,64,55,0,6,16,14,18,15,0,9,15,32,46,40
20191,A,골목상권,3110432,대진고등학교,331,150,181,10,29,47,91,99,55,8,17,26,33,39,27,2,12,21,58,60,28
20191,A,골목상권,3110467,은평요양병원,306,159,147,0,29,49,87,82,59,0,11,30,36,39,43,0,18,19,51,43,16
20191,A,골목상권,3110460,구산역 4번,787,265,522,0,110,135,190,236,116,0,25,60,70,68,42,0,85,75,120,168,74
20191,A,골목상권,3110456,구산보건지소,416,170,246,0,38,71,120,135,52,0,18,30,48,47,27,0,20,41,72,88,25
20191,A,골목상권,3110457,예일여고,361,170,191,0,30,67,94,93,77,0,14,37,52,39,28,0,16,30,42,54,49
20191,A,골목상권,3110490,녹번동근린공원,259,79,180,1,16,41,81,73,47,0,4,14,28,19,14,1,12,27,53,54,33
20191,A,골목상권,3110484,역촌역 3번,364,144,220,1,54,65,87,93,64,0,19,28,33,31,33,1,35,37,54,62,31
20191,A,골목상권,3110481,불광역 7번,477,144,333,3,57,86,99,118,114,0,22,34,34,24,30,3,35,52,65,94,84
20191,A,골목상권,3110452,새절역 3번,775,362,413,0,47,98,129,171,330,0,15,43,60,97,147,0,32,55,69,74,183
20191,A,골목상권,3110468,응암역 3번,1145,570,575,2,135,213,251,286,258,1,47,117,145,143,117,1,88,96,106,143,141
20191,A,골목상권,3110475,백련산해모로아파트,243,92,151,2,28,36,73,62,42,1,13,17,21,21,19,1,15,19,52,41,23
20191,A,골목상권,3110471,응암동우체국,420,171,249,0,45,83,111,112,69,0,12,30,46,46,37,0,33,53,65,66,32
20191,A,골목상권,3110492,하나고등학교,252,47,205,0,10,15,13,117,97,0,2,11,6,14,14,0,8,4,7,103,83
20191,A,골목상권,3110495,북가좌2동주민센터,558,352,206,0,34,63,147,212,102,0,15,35,91,144,67,0,19,28,56,68,35
20191,A,골목상권,3110532,아현역 2번,481,112,369,1,41,49,97,169,124,0,9,16,25,31,31,1,32,33,72,138,93
20191,D,발달상권,3120097,충정로역,7387,4865,2522,7,1501,2960,1846,738,335,2,838,1885,1357,544,239,5,663,1075,489,194,96
20191,R,전통시장,3130197,마포시장,81,38,43,0,5,7,21,31,17,0,3,5,10,11,9,0,2,2,11,20,8
20191,R,전통시장,3130195,도화동 상점가,2880,1729,1151,9,518,784,661,544,364,3,247,504,447,315,213,6,271,280,214,229,151
20191,A,골목상권,3110569,홍대땡땡거리,863,447,416,1,226,301,172,88,75,0,82,171,101,50,43,1,144,130,71,38,32
20191,D,발달상권,3120101,합정역,8224,4168,4056,40,1839,2901,2252,846,346,12,551,1462,1394,541,208,28,1288,1439,858,305,138
20191,A,골목상권,3110554,망원역 1번,2097,1096,1001,2,457,693,502,238,205,1,163,365,318,137,112,1,294,328,184,101,93
20191,A,골목상권,3110548,마포구청역 4번,1551,979,572,9,297,295,326,319,305,7,114,172,234,214,238,2,183,123,92,105,67
20191,A,골목상권,3110545,마포구청역 1번,2873,964,1909,4,128,215,356,1014,1156,2,59,120,222,234,327,2,69,95,134,780,829
20191,A,골목상권,3110553,가좌역 2번,1235,1061,174,0,51,76,118,168,822,0,17,37,73,132,802,0,34,39,45,36,20
20191,A,골목상권,3110583,공덕래미안3차아파트,62,27,35,1,14,17,12,9,9,0,5,6,5,4,7,1,9,11,7,5,2
20191,A,골목상권,3110622,달마을공원,237,114,123,0,34,46,53,75,29,0,14,25,20,37,18,0,20,21,33,38,11
20191,D,발달상권,3120112,등촌역,2889,1596,1293,10,406,638,649,555,631,7,134,353,406,322,374,3,272,285,243,233,257
20191,A,골목상권,3110619,목4동주민센터,119,62,57,0,11,17,29,36,26,0,6,10,20,15,11,0,5,7,9,21,15
20191,R,전통시장,3130207,신정1동 골목시장(신정제일시장),71,22,49,0,6,10,21,16,18,0,1,5,6,4,6,0,5,5,15,12,12
20191,D,발달상권,3120116,송정역,373,195,178,0,50,66,81,98,78,0,18,36,42,48,51,0,32,30,39,50,27
20191,A,골목상권,3110644,신광명마을,587,489,98,3,16,56,119,205,188,3,11,42,102,170,161,0,5,14,17,35,27
20191,A,골목상권,3110656,까치산역 3번,667,381,286,2,84,141,150,177,113,1,50,88,82,85,75,1,34,53,68,92,38
20191,D,발달상권,3120121,까치산역,891,338,553,6,128,162,193,233,169,4,42,77,79,69,67,2,86,85,114,164,102
20191,A,골목상권,3110651,화원중학교,526,228,298,2,46,105,123,132,118,2,17,59,56,49,45,0,29,46,67,83,73
20191,A,골목상권,3110668,화곡2동주민센터,541,314,227,1,74,105,136,140,85,1,33,63,72,74,71,0,41,42,64,66,14
20191,R,전통시장,3130221,"남부골목시장(남부화곡시장, 남부시장)",366,151,215,0,31,67,108,107,53,0,10,31,43,38,29,0,21,36,65,69,24
20191,R,전통시장,3130219,까치산시장,488,126,362,2,73,67,107,153,86,2,21,23,36,20,24,0,52,44,71,133,62
20191,A,골목상권,3110710,남구로역 3번,458,212,246,0,83,82,113,112,68,0,24,37,52,53,46,0,59,45,61,59,22
20191,A,골목상권,3110691,개봉중학교,217,95,122,0,15,34,61,67,40,0,7,19,27,23,19,0,8,15,34,44,21
20191,A,골목상권,3110694,세곡초등학교,294,129,165,2,35,39,78,110,30,2,15,16,28,51,17,0,20,23,50,59,13
20191,A,골목상권,3110706,그라운드 고척,197,73,124,1,29,29,52,57,29,0,11,13,19,11,19,1,18,16,33,46,10
20191,A,골목상권,3110719,영서중학교,55,15,40,1,15,12,16,5,6,0,1,2,6,2,4,1,14,10,10,3,2
20191,D,발달상권,3120123,오류동역,1740,851,889,13,242,266,376,445,398,8,126,141,145,165,266,5,116,125,231,280,132
20191,A,골목상권,3110693,오류동역 4번,37,19,18,1,7,8,9,6,6,0,4,5,5,3,2,1,3,3,4,3,4
20191,A,골목상권,3110685,금강수목원아파트,45,28,17,0,6,8,12,13,6,0,3,6,9,5,5,0,3,2,3,8,1
20191,D,발달상권,3120132,독산동,11765,7967,3798,45,1626,2983,3003,2738,1370,21,971,2111,2065,1766,1033,24,655,872,938,972,337
20191,A,골목상권,3110732,가산초등학교(세일중학교),825,475,350,1,120,177,214,200,113,1,39,92,139,135,69,0,81,85,75,65,44
20191,A,골목상권,3110743,시흥초등학교(시흥1동우체국),340,77,263,0,33,38,72,124,73,0,8,14,25,22,8,0,25,24,47,102,65
20191,A,골목상권,3110731,금천구청역 1번 출입구,2179,1120,1059,28,731,840,349,128,103,9,367,475,142,57,70,19,364,365,207,71,33
20191,A,골목상권,3110747,석수역 1번 출입구,1011,689,322,6,63,150,288,320,184,1,38,93,178,229,150,5,25,57,110,91,34
20191,D,발달상권,3120141,영등포청과시장교차로,2219,967,1252,6,262,553,733,452,213,2,103,253,331,155,123,4,159,300,402,297,90
20191,A,골목상권,3110774,당산반도유보라팰리스아파트,661,421,240,4,98,185,167,128,79,1,47,122,104,91,56,3,51,63,63,37,23
20191,A,골목상권,3110778,구로디지털단지역 4번,1148,493,655,1,85,217,421,220,204,0,14,93,126,123,137,1,71,124,295,97,67
20191,R,전통시장,3130244,대림중앙시장,77,42,35,0,9,27,18,12,11,0,4,15,10,7,6,0,5,12,8,5,5
20191,A,골목상권,3110771,대림역 11번,43,13,30,0,10,11,7,12,3,0,3,2,0,8,0,0,7,9,7,4,3
20191,A,골목상권,3110799,영등포본동주민센터,90,62,28,0,11,19,13,20,27,0,5,14,6,14,23,0,6,5,7,6,4
20191,D,발달상권,3120140,문래동주민센터,16718,8110,8608,89,3857,4837,4304,2196,1435,37,1476,2455,2151,1082,909,52,2381,2382,2153,1114,526
20191,R,전통시장,3130245,영일시장,352,254,98,1,36,98,104,77,36,0,18,69,80,59,28,1,18,29,24,18,8
20191,A,골목상권,3110758,문래소공원,448,328,120,0,27,72,90,104,155,0,19,61,67,75,106,0,8,11,23,29,49
20191,A,골목상권,3110810,영신초등학교,488,221,267,1,66,107,121,121,72,1,25,57,51,59,28,0,41,50,70,62,44
20191,R,전통시장,3130259,대신시장,52,26,26,0,4,10,20,12,6,0,0,8,10,4,4,0,4,2,10,8,2
20191,R,전통시장,3130241,선유도역 골목형상점가,5217,3751,1466,22,1072,2024,1399,528,172,0,522,1607,1151,351,120,22,550,417,248,177,52
20191,R,전통시장,3130257,영등포시장기계공구상가,385,281,104,0,26,55,90,117,97,0,17,39,60,88,77,0,9,16,30,29,20
20191,R,전통시장,3130249,동남상가,20,10,10,0,0,1,0,6,13,0,0,1,0,3,6,0,0,0,0,3,7
20191,A,골목상권,3110800,영등포동성당,305,229,76,0,24,45,82,97,57,0,17,35,56,69,52,0,7,10,26,28,5
20191,A,골목상권,3110808,신길역 1번,58,39,19,0,5,20,11,11,11,0,3,12,9,8,7,0,2,8,2,3,4
20191,R,전통시장,3130266,만양로상점가,65,36,29,0,6,17,17,16,9,0,6,12,10,7,1,0,0,5,7,9,8
20191,A,골목상권,3110852,이수역 9번,256,146,110,1,29,65,70,42,49,1,15,33,40,19,38,0,14,32,30,23,11
20191,A,골목상권,3110839,숭실대입구역 4번,357,157,200,2,59,98,80,78,40,1,22,51,31,22,30,1,37,47,49,56,10
20191,A,골목상권,3110842,흑리단길,123,63,60,0,18,17,34,36,18,0,7,11,19,15,11,0,11,6,15,21,7
20191,A,골목상권,3110895,샤로수길,1382,757,625,5,299,263,295,335,185,1,161,169,177,146,103,4,138,94,118,189,82
20191,D,발달상권,3120159,서울대입구역,3348,1613,1735,30,691,773,776,514,564,5,250,370,392,247,349,25,441,403,384,267,215
20191,R,전통시장,3130282,난곡 골목형상점가,38,17,21,0,2,12,15,7,2,0,1,7,5,2,2,0,1,5,10,5,0
20191,A,골목상권,3110862,난곡초등학교(난곡동벽화마을),166,57,109,0,24,29,36,43,34,0,8,10,17,14,8,0,16,19,19,29,26
20191,R,전통시장,3130287,삼성동 시장(삼성동시장),16,7,9,0,0,2,2,7,5,0,0,2,1,2,2,0,0,0,1,5,3
20191,A,골목상권,3110880,신림역 1번,812,211,601,2,302,244,131,102,31,1,53,67,49,29,12,1,249,177,82,73,19
20191,A,골목상권,3110868,남부초등학교,208,113,95,0,29,37,54,51,37,0,17,27,32,25,12,0,12,10,22,26,25
20191,A,골목상권,3110901,인헌고등학교(인헌중학교),149,63,86,1,29,44,41,19,15,0,7,24,16,9,7,1,22,20,25,10,8
20191,R,전통시장,3130295,인헌시장(원당종합시장),300,116,184,4,45,58,87,66,40,1,5,19,39,30,22,3,40,39,48,36,18
20191,A,골목상권,3110853,KT구로지사,147,77,70,0,17,29,45,43,13,0,5,18,31,18,5,0,12,11,14,25,8
20191,R,전통시장,3130277,조원동 펭귄시장(신림중앙시장),100,43,57,0,7,20,27,38,8,0,3,14,9,13,4,0,4,6,18,25,4
20191,A,골목상권,3110893,관악소방서(문영여고),493,390,103,1,42,134,106,138,72,0,27,109,88,112,54,1,15,25,18,26,18
20191,A,골목상권,3110899,낙성대역 5번(관악중학교),140,62,78,0,19,26,39,42,14,0,5,15,20,15,7,0,14,11,19,27,7
20191,A,골목상권,3110897,서울대입구역 8번,235,98,137,0,34,54,59,55,33,0,12,22,23,23,18,0,22,32,36,32,15
20191,A,골목상권,3110916,내방역 4번,1105,606,499,6,339,266,276,136,82,4,92,181,181,88,60,2,247,85,95,48,22
20191,A,골목상권,3110907,방배초등학교,1109,637,472,6,256,251,232,177,187,4,102,141,148,110,132,2,154,110,84,67,55
20191,A,골목상권,3110910,내방역 5번,403,224,179,2,82,101,117,59,42,2,17,60,87,36,22,0,65,41,30,23,20
20191,A,골목상권,3110919,내방역 8번,679,417,262,0,88,198,206,140,47,0,32,137,136,79,33,0,56,61,70,61,14
20191,D,발달상권,3120162,방배동카페골목,1888,1148,740,14,342,474,411,272,375,12,172,330,288,143,203,2,170,144,123,129,172
20191,R,전통시장,3130296,남부종합시장,47,30,17,0,7,7,12,13,8,0,4,6,6,8,6,0,3,1,6,5,2
20191,A,골목상권,3110933,한국상담대학원대학교,371,275,96,0,29,118,125,73,26,0,12,94,104,47,18,0,17,24,21,26,8
20191,A,골목상권,3110925,서초중학교,371,226,145,3,60,102,86,60,60,2,30,55,58,39,42,1,30,47,28,21,18
20191,A,골목상권,3110937,방아다리근린공원(횃불트리니티신학대학원대학교),349,253,96,0,68,100,89,59,33,0,43,75,66,45,24,0,25,25,23,14,9
20191,A,골목상권,3110939,양재역 8번(양재동우체국),7552,4689,2863,23,1167,2040,1680,1388,1254,12,577,1318,1138,863,781,11,590,722,542,525,473
20191,A,골목상권,3110946,청계산원터골,89,56,33,1,13,24,24,15,12,1,6,16,16,10,7,0,7,8,8,5,5
20191,D,발달상권,3120203,강남구청역,13124,6888,6236,45,2725,3973,3275,2135,971,22,940,2155,2072,1107,592,23,1785,1818,1203,1028,379
20191,A,골목상권,3110996,대치2동주민센터,1196,932,264,6,148,314,372,257,99,4,79,248,316,210,75,2,69,66,56,47,24
20191,D,발달상권,3120215,포스코사거리,56036,34252,21784,303,11716,20715,14362,6274,2666,75,4854,12778,10217,4454,1874,228,6862,7937,4145,1820,792
20191,A,골목상권,3110992,도곡초등학교,533,217,316,1,94,109,174,117,38,1,31,48,66,46,25,0,63,61,108,71,13
20191,D,발달상권,3120221,봉은사역,23646,15185,8461,42,5184,5935,4133,4054,4298,14,2809,4282,3073,2415,2592,28,2375,1653,1060,1639,1706
20191,A,골목상권,3111000,대왕초등학교(세곡동사거리서남측),76,31,45,0,11,21,22,15,7,0,2,8,10,7,4,0,9,13,12,8,3
20191,D,발달상권,3120186,가로수길,9350,4469,4881,71,2957,2921,1772,987,642,30,1066,1592,945,445,391,41,1891,1329,827,542,251
20191,A,골목상권,3110967,역삼역 8번,542,294,248,0,123,156,132,75,56,0,39,94,75,47,39,0,84,62,57,28,17
20191,R,전통시장,3130306,강남언주로,493,306,187,0,80,148,110,86,69,0,42,92,81,51,40,0,38,56,29,35,29
20191,A,골목상권,3110971,선정릉역 4번,940,562,378,8,243,331,194,92,72,6,104,209,131,65,47,2,139,122,63,27,25
20191,A,골목상권,3110973,강남구청역 4번,975,553,422,0,235,280,178,155,127,0,82,144,108,115,104,0,153,136,70,40,23
20191,A,골목상권,3110990,청담역 12번,336,99,237,0,87,115,68,46,20,0,18,36,27,13,5,0,69,79,41,33,15
20191,D,발달상권,3120230,송파사거리(송파역),1020,463,557,3,124,202,245,218,228,1,33,97,132,88,112,2,91,105,113,130,116
20191,D,발달상권,3120240,개롱역,1422,690,732,2,217,298,436,320,149,0,87,158,205,144,96,2,130,140,231,176,53
20191,A,골목상권,3111043,마천공원,514,406,108,0,18,19,84,191,202,0,13,10,62,155,166,0,5,9,22,36,36
20191,A,골목상권,3111023,문정역 1번,1035,704,331,4,162,220,305,228,116,4,92,165,211,146,86,0,70,55,94,82,30
20191,A,골목상권,3111039,벌말어린이공원,400,249,151,0,34,75,109,114,68,0,21,49,69,68,42,0,13,26,40,46,26
20191,A,골목상권,3111032,방이역 1번,5231,3148,2083,5,222,478,557,687,3282,2,110,324,371,339,2002,3,112,154,186,348,1280
20191,A,골목상권,3111090,강일동주민센터,633,359,274,8,90,136,161,155,83,5,35,75,83,105,56,3,55,61,78,50,27
20191,D,발달상권,3120246,길동역,5284,2404,2880,19,767,1065,1181,1254,998,10,314,541,597,425,517,9,453,524,584,829,481
20191,A,골목상권,3111074,명일역 1번,97,53,44,0,6,8,24,30,29,0,2,4,11,19,17,0,4,4,13,11,12
20191,A,골목상권,3111058,성내중학교,296,179,117,0,34,88,90,52,32,0,14,49,60,32,24,0,20,39,30,20,8
20191,A,골목상권,3111051,천호역 6번,788,443,345,9,169,192,178,150,90,5,70,114,112,80,62,4,99,78,66,70,28
20191,D,발달상권,3120007,북촌(안국역),20984,17891,3093,43,2671,8004,5726,3839,701,17,1694,6897,5166,3559,558,26,977,1107,560,280,143
20191,A,골목상권,3110006,부암동주민센터,29,11,18,0,5,13,3,4,4,0,1,6,2,0,2,0,4,7,1,4,2
20191,A,골목상권,3110003,세검정초등학교,194,105,89,1,15,28,66,49,35,0,9,18,34,29,15,1,6,10,32,20,20
20191,D,발달상권,3120005,삼청동,1236,526,710,3,277,333,267,232,124,2,96,148,122,113,45,1,181,185,145,119,79
20191,A,골목상권,3110035,동묘앞역 2번,349,176,173,1,39,86,108,68,47,1,20,44,57,30,24,0,19,42,51,38,23
20191,D,발달상권,3120017,동묘앞역(동묘),1799,582,1217,8,365,473,477,272,204,2,106,154,120,82,118,6,259,319,357,190,86
20191,D,발달상권,3120013,이화사거리,6145,4064,2081,10,1021,1892,1646,1183,393,0,389,1088,1249,1039,299,10,632,804,397,144,94
20191,R,전통시장,3130012,"동대문종합시장(동대문종합시장 신관, 동대문종합시장D동상가)",4641,3247,1394,8,782,1407,1242,854,348,3,529,1101,811,569,234,5,253,306,431,285,114
20191,D,발달상권,3120016,동대문역,476,280,196,3,70,103,118,90,92,3,27,66,65,53,66,0,43,37,53,37,26
20191,R,전통시장,3130015,창신골목시장,141,73,68,0,9,25,46,42,19,0,5,14,26,18,10,0,4,11,20,24,9
20191,A,골목상권,3110052,장충초등학교,647,344,303,2,94,148,168,159,76,0,32,80,97,92,43,2,62,68,71,67,33
20191,D,발달상권,3120029,을지로2가,16089,7922,8167,32,2036,6922,4914,1860,325,9,840,2730,2549,1553,241,23,1196,4192,2365,307,84
20191,A,골목상권,3110110,상왕십리역 6번,204,108,96,1,32,56,54,32,29,0,10,31,30,16,21,1,22,25,24,16,8
20191,D,발달상권,3120036,장충동족발거리(남소영길),1765,1226,539,2,250,628,490,256,139,1,122,438,396,186,83,1,128,190,94,70,56
20191,A,골목상권,3110057,황학코아루아파트,328,158,170,2,77,113,65,36,35,1,25,44,46,22,20,1,52,69,19,14,15
20191,R,전통시장,3130056,용산용문시장,380,215,165,3,46,91,117,69,54,1,27,63,67,28,29,2,19,28,50,41,25
20191,A,골목상권,3110058,성심여자고등학교,1081,726,355,8,139,317,296,187,134,4,85,236,205,126,70,4,54,81,91,61,64
20191,R,전통시장,3130061,이태원시장,220,127,93,3,99,58,26,17,17,1,53,38,13,10,12,2,46,20,13,7,5
20191,A,골목상권,3110069,숙대입구,786,370,416,3,163,196,186,151,87,1,76,93,97,64,39,2,87,103,89,87,48
20191,A,골목상권,3110091,리움미술관,334,123,211,2,161,104,36,17,14,1,55,38,14,7,8,1,106,66,22,10,6
20191,A,골목상권,3110104,신금호역 4번,299,101,198,1,34,49,68,93,54,0,10,25,22,26,18,1,24,24,46,67,36
20191,A,골목상권,3110107,금호사거리,120,59,61,0,6,18,23,36,37,0,2,12,14,14,17,0,4,6,9,22,20
20191,D,발달상권,3120049,왕십리역(왕십리),3393,2199,1194,26,611,684,821,799,452,11,293,424,565,582,324,15,318,260,256,217,128
20191,A,골목상권,3110154,광진정말공원,766,331,435,3,162,191,198,147,65,1,57,89,85,62,37,2,105,102,113,85,28
20191,A,골목상권,3110146,신자초등학교,446,242,204,1,39,90,137,95,84,0,20,54,76,44,48,1,19,36,61,51,36
20191,R,전통시장,3130074,영동교골목시장,23,9,14,0,6,2,4,7,4,0,1,0,4,3,1,0,5,2,0,4,3
20191,A,골목상권,3110150,중곡1동 마을마당,1257,762,495,3,137,309,287,235,286,3,48,183,168,144,216,0,89,126,119,91,70
20191,A,골목상권,3110148,어린이대공원역 3번,47,27,20,1,8,12,11,10,5,1,3,7,7,5,4,0,5,5,4,5,1
20191,R,전통시장,3130101,답십리현대시장,86,49,37,0,15,14,19,24,14,0,7,10,10,12,10,0,8,4,9,12,4
20191,A,골목상권,3110189,제기동역 1번,806,517,289,0,77,149,184,159,237,0,37,79,102,102,197,0,40,70,82,57,40
20191,A,골목상권,3110186,종암초등학교,244,152,92,3,20,42,57,48,74,0,11,20,39,25,57,3,9,22,18,23,17
20191,A,골목상권,3110207,시립대앞사거리,79,50,29,0,9,15,26,17,12,0,5,11,17,9,8,0,4,4,9,8,4
20191,R,전통시장,3130093,동서시장,26,18,8,0,0,3,10,9,4,0,0,2,8,5,3,0,0,1,2,4,1
20191,A,골목상권,3110194,홍파초등학교,278,170,108,0,23,58,70,69,58,0,17,37,55,36,25,0,6,21,15,33,33
20191,A,골목상권,3110193,고려대역 4번,164,86,78,1,31,27,30,42,33,1,15,16,15,24,15,0,16,11,15,18,18
20191,A,골목상권,3110200,동대문경찰서,111,74,37,0,12,21,19,17,42,0,4,11,11,12,36,0,8,10,8,5,6
20191,A,골목상권,3110205,경희대삼거리,288,121,167,2,29,35,30,70,122,1,10,22,20,19,49,1,19,13,10,51,73
20191,A,골목상권,3110275,하나은행 망우동지점,139,75,64,0,8,25,37,40,29,0,1,12,19,22,21,0,7,13,18,18,8
20191,A,골목상권,3110243,중랑노인종합복지관,438,184,254,0,44,90,120,121,63,0,19,37,53,44,31,0,25,53,67,77,32
20191,A,골목상권,3110237,메가박스 상봉,950,550,400,14,203,181,209,214,129,9,93,96,112,140,100,5,110,85,97,74,29
20191,A,골목상권,3110246,월드순복음교회,408,228,180,2,30,91,115,85,85,2,13,54,72,42,45,0,17,37,43,43,40
20191,A,골목상권,3110266,면목동우체국,185,87,98,0,22,32,54,55,22,0,12,17,26,22,10,0,10,15,28,33,12
20191,A,골목상권,3110248,먹골파출소,106,64,42,2,20,24,35,17,8,2,8,17,23,8,6,0,12,7,12,9,2
20191,D,발달상권,3120069,상봉역,2114,1139,975,10,372,419,427,507,379,6,119,189,231,317,277,4,253,230,196,190,102
20191,A,골목상권,3110255,상봉역 4번,662,320,342,2,69,113,186,189,103,2,30,53,91,90,54,0,39,60,95,99,49
20191,A,골목상권,3110279,신내역 2번,192,151,41,0,11,24,45,37,75,0,5,16,25,31,74,0,6,8,20,6,1
20191,A,골목상권,3110276,신내IC북측,189,139,50,0,13,48,67,43,18,0,9,36,47,30,17,0,4,12,20,13,1
20191,R,전통시장,3130108,태능엔터피아(태릉시장),74,20,54,0,3,4,21,31,15,0,2,1,7,4,6,0,1,3,14,27,9
20191,A,골목상권,3110307,길음역 7번,532,193,339,11,109,109,139,99,65,6,25,41,49,35,37,5,84,68,90,64,28
20191,D,발달상권,3120072,성신여대,2631,1318,1313,20,684,627,515,416,369,3,251,328,286,220,230,17,433,299,229,196,139
20191,D,발달상권,3120070,한성대입구역,1179,529,650,17,189,237,265,269,202,8,67,130,120,125,79,9,122,107,145,144,123
20191,A,골목상권,3110293,삼선중학교,545,294,251,1,95,133,148,95,73,0,32,85,94,46,37,1,63,48,54,49,36
20191,A,골목상권,3110280,북정마을,129,39,90,0,37,35,26,22,9,0,12,12,4,7,4,0,25,23,22,15,5
20191,A,골목상권,3110283,성북초등학교앞,176,81,95,0,29,47,44,31,25,0,16,17,20,13,15,0,13,30,24,18,10
20191,A,골목상권,3110329,우리은행체육관,129,53,76,1,3,14,41,43,27,1,1,7,16,19,9,0,2,7,25,24,18
20191,R,전통시장,3130124,번동시장,15,11,4,1,2,7,1,4,0,1,1,5,1,3,0,0,1,2,0,1,0
20191,A,골목상권,3110295,정릉우체국,304,152,152,6,55,57,71,70,45,3,23,34,35,29,28,3,32,23,36,41,17
20191,R,전통시장,3130118,정릉골 골목형상점가,159,82,77,1,35,30,29,37,27,0,10,14,15,22,21,1,25,16,14,15,6
20191,A,골목상권,3110314,종암경찰서,1311,786,525,3,143,298,331,390,146,1,64,202,221,247,51,2,79,96,110,143,95
20191,A,골목상권,3110376,수송초등학교,449,188,261,2,54,82,132,118,61,0,19,40,49,49,31,2,35,42,83,69,30
20191,A,골목상권,3110381,번동주공2단지,306,150,156,3,81,55,74,73,20,2,35,31,39,33,10,1,46,24,35,40,10
20191,R,전통시장,3130134,"솔샘시장(미아6,7동골목시장)",171,59,112,1,22,28,52,41,27,0,4,15,20,12,8,1,18,13,32,29,19
20191,R,전통시장,3130143,방천골목시장,45,20,25,0,0,9,12,12,12,0,0,3,5,6,6,0,0,6,7,6,6
20191,A,골목상권,3110374,송중초등학교,672,273,399,3,74,121,206,170,98,2,26,48,88,57,52,1,48,73,118,113,46
20191,A,골목상권,3110363,송천동주민센터,37,24,13,0,8,13,6,4,6,0,5,9,4,1,5,0,3,4,2,3,1
20191,A,골목상권,3110367,강북구청,2247,1196,1051,6,191,582,575,640,253,4,65,258,296,419,154,2,126,324,279,221,99
20191,R,전통시장,3130135,수유중앙골목시장(수유중앙시장),106,57,49,0,7,23,20,30,26,0,4,11,13,15,14,0,3,12,7,15,12
20191,A,골목상권,3110337,아카데미하우스,616,279,337,2,74,57,79,140,264,1,29,35,39,68,107,1,45,22,40,72,157
20191,A,골목상권,3110343,무너미어린이공원,111,56,55,0,17,22,30,28,14,0,6,13,15,13,9,0,11,9,15,15,5
20191,A,골목상권,3110341,북한산우이역 2번,438,393,45,2,8,15,66,249,98,0,2,10,53,236,92,2,6,5,13,13,6
20191,A,골목상권,3110350,가오리역 2번,116,69,47,0,14,27,33,26,16,0,9,14,19,14,13,0,5,13,14,12,3
20191,A,골목상권,3110410,방학역 2번,1554,891,663,13,182,241,290,425,403,8,72,110,148,260,293,5,110,131,142,165,110
20191,A,골목상권,3110411,도봉역 3번,585,425,160,0,19,77,99,193,197,0,7,31,63,155,169,0,12,46,36,38,28
20191,A,골목상권,3110383,덕성여대시반거리,142,56,86,0,13,24,38,38,29,0,10,13,16,9,8,0,3,11,22,29,21
20191,A,골목상권,3110389,한일병원,254,118,136,0,18,43,62,78,53,0,12,19,36,32,19,0,6,24,26,46,34
20191,R,전통시장,3130146,쌍문시장(쌍문역골목시장),538,221,317,4,79,102,132,140,81,3,19,43,56,57,43,1,60,59,76,83,38
20191,A,골목상권,3110392,발바닥공원,138,43,95,0,16,23,27,43,29,0,4,7,8,13,11,0,12,16,19,30,18
20191,A,골목상권,3110396,쌍문역1번(쌍리단길),491,177,314,0,116,98,118,118,41,0,19,44,48,45,21,0,97,54,70,73,20
20191,R,전통시장,3130149,창동신창시장,264,121,143,0,18,57,74,83,32,0,6,24,38,31,22,0,12,33,36,52,10
20191,A,골목상권,3110399,창2동주민센터,628,304,324,6,80,96,197,171,78,1,40,54,86,79,44,5,40,42,111,92,34
20191,D,발달상권,3120084,공릉역,1923,989,934,6,122,143,215,441,996,3,39,62,129,245,511,3,83,81,86,196,485
20191,A,골목상권,3110416,노원초등학교,623,323,300,3,86,96,141,171,126,1,46,57,61,89,69,2,40,39,80,82,57
20191,R,전통시장,3130157,상계중앙시장,255,94,161,0,37,41,53,76,48,0,18,21,17,23,15,0,19,20,36,53,33
20191,A,골목상권,3110423,석계역 2번,221,119,102,0,38,59,69,39,16,0,13,34,35,25,12,0,25,25,34,14,4
20191,A,골목상권,3110431,상계역,390,147,243,4,54,76,108,92,56,0,18,34,48,34,13,4,36,42,60,58,43
20191,A,골목상권,3110464,연신내역 5번,343,160,183,1,45,68,102,87,40,1,14,36,49,35,25,0,31,32,53,52,15
20191,D,발달상권,3120092,불광역,419,191,228,1,42,71,113,126,66,0,21,26,52,56,36,1,21,45,61,70,30
20191,R,전통시장,3130168,연서시장,327,149,178,1,67,65,74,58,62,0,25,22,40,25,37,1,42,43,34,33,25
20191,A,골목상권,3110443,수색역 1번,22,11,11,0,0,1,9,7,5,0,0,1,5,3,2,0,0,0,4,4,3
20191,A,골목상권,3110453,신사1동주민센터,786,381,405,1,82,170,192,208,133,1,36,94,105,90,55,0,46,76,87,118,78
20191,A,골목상권,3110459,응암역 2번,438,215,223,1,62,85,123,95,72,1,27,51,49,44,43,0,35,34,74,51,29
20191,A,골목상권,3110448,상신초등학교입구,63,21,42,0,8,12,20,14,9,0,3,4,5,5,4,0,5,8,15,9,5
20191,A,골목상권,3110488,우리은행응암동지점,577,255,322,2,56,86,98,132,203,0,19,30,30,49,127,2,37,56,68,83,76
20191,R,전통시장,3130161,증산종합시장,92,27,65,0,5,10,34,36,7,0,4,5,10,5,3,0,1,5,24,31,4
20191,A,골목상권,3110507,명지대학교,444,203,241,2,94,98,77,111,62,1,42,50,33,46,31,1,52,48,44,65,31
20191,A,골목상권,3110496,모래내우체국,391,187,204,1,55,88,113,75,59,0,11,47,57,35,37,1,44,41,56,40,22
20191,A,골목상권,3110530,아현역 1번,28,15,13,0,6,7,5,6,4,0,3,5,2,3,2,0,3,2,3,3,2
20191,D,발달상권,3120094,"신촌역(신촌역, 신촌로터리)",8397,4124,4273,67,1920,1935,2066,1679,730,38,943,1125,1024,650,344,29,977,810,1042,1029,386
20191,R,전통시장,3130178,이대 앞 스타트업 상점가,91,30,61,0,19,22,21,19,10,0,4,6,12,5,3,0,15,16,9,14,7
20191,A,골목상권,3110517,서대문소방서,470,343,127,0,67,147,98,117,41,0,34,109,73,98,29,0,33,38,25,19,12
20191,R,전통시장,3130180,포방터시장,62,33,29,0,11,13,17,11,10,0,3,6,11,6,7,0,8,7,6,5,3
20191,A,골목상권,3110504,명지전문대,38,16,22,0,4,11,8,11,4,0,1,2,4,7,2,0,3,9,4,4,2
20191,A,골목상권,3110527,홍제역 2번,113,49,64,1,20,27,26,22,17,1,5,15,14,11,3,0,15,12,12,11,14
20191,A,골목상권,3110580,양원초등학교,174,51,123,0,48,39,33,18,36,0,15,11,11,5,9,0,33,28,22,13,27
20191,A,골목상권,3110542,마포구청역 7번,931,490,441,3,155,234,238,191,110,2,54,130,135,104,65,1,101,104,103,87,45
20191,A,골목상권,3110557,홍대부속여중고앞,1285,722,563,5,225,347,340,237,131,4,96,192,211,122,97,1,129,155,129,115,34
20191,A,골목상권,3110549,새터산,341,146,195,0,49,59,89,89,55,0,14,27,39,39,27,0,35,32,50,50,28
20191,D,발달상권,3120099,월드컵경기장역(월드컵경기장),276,129,147,1,85,75,60,34,21,1,26,46,33,12,11,0,59,29,27,22,10
20191,A,골목상권,3110585,마포경찰서,986,815,171,2,206,379,193,190,16,0,148,317,168,170,12,2,58,62,25,20,4
20191,A,골목상권,3110562,연트럴파크(연남동주민센터),634,308,326,4,161,180,146,96,47,0,61,97,91,40,19,4,100,83,55,56,28
20191,R,전통시장,3130194,용강동 상점가,1236,757,479,6,151,298,351,270,160,3,64,200,232,151,107,3,87,98,119,119,53
20191,D,발달상권,3120113,오목교역,1499,659,840,9,337,384,329,269,171,3,120,191,134,117,94,6,217,193,195,152,77
20191,A,골목상권,3110621,목동역 5번,256,117,139,1,48,62,50,64,31,1,14,30,25,30,17,0,34,32,25,34,14
20191,D,발달상권,3120109,서울남부지방법원,2151,1146,1005,8,283,420,522,529,389,1,124,234,290,281,216,7,159,186,232,248,173
20191,A,골목상권,3110612,신정역 5번,556,259,297,0,51,80,115,204,106,0,19,43,61,93,43,0,32,37,54,111,63
20191,A,골목상권,3110623,갈산공원,197,151,46,0,19,67,49,43,19,0,17,57,35,28,14,0,2,10,14,15,5
20191,D,발달상권,3120119,발산역(마곡),8316,5000,3316,46,1701,2336,1958,1298,977,16,722,1459,1280,801,722,30,979,877,678,497,255
20191,A,골목상권,3110660,등촌3동주민센터,8589,4429,4160,39,1203,1435,1630,2656,1626,27,746,974,942,992,748,12,457,461,688,1664,878
20191,A,골목상권,3110638,신방화역 2번,1062,525,537,2,84,238,240,240,258,0,39,136,132,93,125,2,45,102,108,147,133
20191,D,발달상권,3120120,화곡역,1787,700,1087,12,360,441,447,332,195,3,78,174,203,137,105,9,282,267,244,195,90
20191,A,골목상권,3110649,우장산역 1번,303,132,171,2,43,66,78,70,44,2,13,26,32,34,25,0,30,40,46,36,19
20191,A,골목상권,3110646,푸른들청소년도서관,729,351,378,2,70,119,162,195,181,1,23,63,78,94,92,1,47,56,84,101,89
20191,A,골목상권,3110664,강서구청옆,122,71,51,0,17,29,26,27,23,0,13,19,14,12,13,0,4,10,12,15,10
20191,R,전통시장,3130223,고척근린시장,157,51,106,0,11,29,53,43,21,0,0,12,14,17,8,0,11,17,39,26,13
20191,D,발달상권,3120124,개봉동 현대아파트,927,351,576,1,107,164,230,256,169,1,29,65,93,96,67,0,78,99,137,160,102
20191,R,전통시장,3130226,고척프라자,49,22,27,1,17,14,10,5,2,0,4,9,7,2,0,1,13,5,3,3,2
20191,A,골목상권,3110699,덕의초등학교,169,81,88,0,20,37,42,46,24,0,7,20,14,25,15,0,13,17,28,21,9
20191,A,골목상권,3110716,구로나눔길,362,177,185,0,37,64,100,88,73,0,10,31,48,47,41,0,27,33,52,41,32
20191,D,발달상권,3120128,신도림역,7558,3092,4466,38,1759,2846,1704,840,371,12,566,1026,830,447,211,26,1193,1820,874,393,160
20191,A,골목상권,3110689,오류동역 3번,312,164,148,4,61,75,68,69,35,4,24,46,29,37,24,0,37,29,39,32,11
20191,A,골목상권,3110727,독산역 1번 출입구,773,522,251,2,70,161,210,236,94,0,46,121,127,159,69,2,24,40,83,77,25
20191,A,골목상권,3110729,가산동우체국,293,188,105,0,38,66,64,83,42,0,25,47,41,47,28,0,13,19,23,36,14
20191,A,골목상권,3110730,서울축산농협 독산역지점(독산파출소),1185,687,498,7,83,188,247,392,268,0,45,100,128,223,191,7,38,88,119,169,77
20191,R,전통시장,3130231,독산동 우시장,929,673,256,5,108,184,220,220,192,5,82,143,168,141,134,0,26,41,52,79,58
20191,A,골목상권,3110752,한울중학교,385,143,242,1,27,73,116,112,56,1,12,31,34,42,23,0,15,42,82,70,33
20191,A,골목상권,3110745,독산동정훈단지,433,230,203,0,35,51,92,124,131,0,10,20,43,68,89,0,25,31,49,56,42
20191,A,골목상권,3110744,독산동성당,360,133,227,0,33,44,95,117,71,0,10,20,30,43,30,0,23,24,65,74,41
20191,D,발달상권,3120134,구로전화국,3259,2270,989,2,226,440,503,579,1509,1,87,235,288,305,1354,1,139,205,215,274,155
20191,R,전통시장,3130232,독산동 맛나는거리상점가(독산동 맛나는거리),87,49,38,1,11,16,24,21,14,1,10,9,14,8,7,0,1,7,10,13,7
20191,A,골목상권,3110746,금천금빛공원(은행나무사거리서측),89,53,36,1,6,13,25,30,14,0,3,8,16,16,10,1,3,5,9,14,4
20191,R,전통시장,3130236,비단길현대시장(현대시장),239,80,159,0,34,58,53,61,33,0,8,22,15,18,17,0,26,36,38,43,16
20191,A,골목상권,3110755,동일여자고등학교,305,114,191,0,35,57,79,83,51,0,8,24,31,26,25,0,27,33,48,57,26
20191,R,전통시장,3130238,은행나무시장,121,45,76,0,14,25,27,29,26,0,5,9,9,9,13,0,9,16,18,20,13
20191,A,골목상권,3110763,영등포구청역 2번,1091,686,405,4,188,324,237,197,141,2,84,199,157,129,115,2,104,125,80,68,26
20191,A,골목상권,3110779,대림갑을명가아파트,41,13,28,0,0,6,15,9,11,0,0,2,1,3,7,0,0,4,14,6,4
20191,R,전통시장,3130247,우리시장,24,17,7,0,0,4,4,14,2,0,0,3,3,9,2,0,0,1,1,5,0
20191,A,골목상권,3110766,대림역 5번,724,349,375,1,79,131,185,192,136,1,35,73,76,81,83,0,44,58,109,111,53
20191,A,골목상권,3110772,신우어린이공원,167,59,108,0,19,32,41,51,24,0,0,15,19,17,8,0,19,17,22,34,16
20191,A,골목상권,3110768,도림2동유수지내체육시설,309,196,113,0,41,96,85,45,42,0,19,64,50,28,35,0,22,32,35,17,7
20191,A,골목상권,3110792,영등포역 2번,622,340,282,2,52,88,139,172,169,1,20,55,84,110,70,1,32,33,55,62,99
20191,A,골목상권,3110777,구로세무서,547,414,133,1,60,93,119,173,101,0,31,70,89,134,90,1,29,23,30,39,11
20191,D,발달상권,3120137,문래역(문래로데오거리),269,110,159,1,59,68,74,56,11,0,23,28,31,23,5,1,36,40,43,33,6
20191,R,전통시장,3130256,신동시장,9,8,1,0,0,0,6,2,1,0,0,0,5,2,1,0,0,0,1,0,0
20191,A,골목상권,3110811,보라매역 4번,181,102,79,2,17,35,62,44,21,2,13,12,34,27,14,0,4,23,28,17,7
20191,D,발달상권,3120147,보라매역,2817,1603,1214,37,400,526,529,562,763,3,120,317,311,341,511,34,280,209,218,221,252
20191,A,골목상권,3110813,보라매역 6번,363,208,155,4,38,83,101,79,58,4,20,48,50,44,42,0,18,35,51,35,16
20191,R,전통시장,3130258,영진시장A동,27,16,11,0,1,4,8,9,5,0,1,4,4,4,3,0,0,0,4,5,2
20191,A,골목상권,3110801,신풍역 6번(신길6동공영주차장),16,11,5,0,4,2,3,7,0,0,4,1,2,4,0,0,0,1,1,3,0
20191,A,골목상권,3110762,선유도역 1번,4410,2856,1554,24,771,1145,1042,882,546,15,357,738,744,587,415,9,414,407,298,295,131
20191,A,골목상권,3110807,신길역 3번,372,201,171,1,23,75,58,97,118,0,8,43,33,49,68,1,15,32,25,48,50
20191,R,전통시장,3130255,영등포전통시장,163,100,63,0,5,31,33,53,41,0,4,23,18,27,28,0,1,8,15,26,13
20191,R,전통시장,3130267,본동인정시장(기능상실),61,31,30,0,6,14,13,18,10,0,3,8,8,7,5,0,3,6,5,11,5
20191,R,전통시장,3130265,노량진중앙시장,152,85,67,7,25,40,33,32,15,4,14,32,21,12,2,3,11,8,12,20,13
20191,D,발달상권,3120152,신대방삼거리역,1653,799,854,9,230,390,429,357,238,2,88,208,231,154,116,7,142,182,198,203,122
20191,A,골목상권,3110851,경문고등학교(동작동성당),172,50,122,0,20,38,53,48,13,0,5,10,14,13,8,0,15,28,39,35,5
20191,R,전통시장,3130271,남성역골목시장,261,109,152,0,53,71,72,37,28,0,12,31,29,20,17,0,41,40,43,17,11
20191,R,전통시장,3130272,사당시장,194,65,129,0,40,45,34,33,42,0,8,12,19,10,16,0,32,33,15,23,26
20191,R,전통시장,3130269,강남시장(동작구 강남시장),20,9,11,1,2,5,5,2,5,0,0,2,4,0,3,1,2,3,1,2,2
20191,D,발달상권,3120151,보라매공원,11978,6495,5483,31,2063,3907,3561,1813,603,10,752,1906,2051,1327,449,21,1311,2001,1510,486,154
20191,R,전통시장,3130270,흑석시장,6,4,2,0,2,1,2,1,0,0,2,1,1,0,0,0,0,0,1,1,0
20191,R,전통시장,3130281,우림시장,55,33,22,0,2,7,20,22,4,0,2,6,14,10,1,0,0,1,6,12,3
20191,A,골목상권,3110887,서울산업정보학교(서울삼성초등학교),138,53,85,0,30,22,31,38,17,0,6,8,6,20,13,0,24,14,25,18,4
20191,A,골목상권,3110886,관악해태어린이공원,190,121,69,0,17,71,45,35,22,0,10,52,30,18,11,0,7,19,15,17,11
20191,A,골목상권,3110882,신성초등학교,806,518,288,2,60,97,192,220,235,1,26,44,98,155,194,1,34,53,94,65,41
20191,A,골목상권,3110885,영락고등학교,157,71,86,0,20,19,41,46,31,0,11,9,16,20,15,0,9,10,25,26,16
20191,A,골목상권,3110858,신대방역 1번,84,27,57,0,20,21,16,15,12,0,4,4,7,5,7,0,16,17,9,10,5
20191,A,골목상권,3110872,신림초등학교,76,29,47,0,14,10,16,16,20,0,7,4,11,4,3,0,7,6,5,12,17
20191,R,전통시장,3130284,관악종합시장(신원시장),23,11,12,0,0,1,4,13,5,0,0,1,2,5,3,0,0,0,2,8,2
20191,A,골목상권,3110888,청룡동주민센터,196,99,97,1,23,28,31,48,65,0,14,8,12,21,44,1,9,20,19,27,21
20191,A,골목상권,3110890,봉천역 1번(관악초등학교),306,191,115,1,37,63,99,65,41,0,15,39,61,43,33,1,22,24,38,22,8
20191,R,전통시장,3130294,관악중부시장,288,98,190,0,46,39,64,66,73,0,14,18,28,20,18,0,32,21,36,46,55
20191,A,골목상권,3110948,헌인가구단지,218,97,121,0,29,53,56,60,20,0,6,27,28,19,17,0,23,26,28,41,3
20191,D,발달상권,3120185,논현역,17447,9575,7872,65,3608,5852,4335,2091,1496,16,1336,3324,2665,1255,979,49,2272,2528,1670,836,517
20191,A,골목상권,3110918,방배역 3번,720,382,338,1,143,192,214,117,53,0,58,99,114,70,41,1,85,93,100,47,12
20191,A,골목상권,3110922,내방역 1번,599,129,470,0,52,119,194,159,75,0,10,22,20,32,45,0,42,97,174,127,30
20191,D,발달상권,3120163,사당역 11번(사당역먹자골목),260,137,123,0,29,55,76,48,52,0,18,27,41,27,24,0,11,28,35,21,28
20191,A,골목상권,3110932,서울시인재개발원,939,712,227,4,178,339,244,108,66,2,118,262,190,84,56,2,60,77,54,24,10
20191,D,발달상권,3120192,뱅뱅사거리,29626,18386,11240,111,5678,9019,7416,4714,2688,57,2467,5621,5185,3169,1887,54,3211,3398,2231,1545,801
20191,D,발달상권,3120184,포이사거리(삼호물산),20186,11359,8827,67,2852,5113,5558,4481,2115,28,1305,3276,3214,2198,1338,39,1547,1837,2344,2283,777
20191,A,골목상권,3110984,포이초등학교(개포목련어린이공원),2796,1748,1048,9,359,624,694,615,495,7,222,459,418,335,307,2,137,165,276,280,188
20191,A,골목상권,3110953,학동근린공원,1800,829,971,4,587,684,369,99,57,1,182,347,214,53,32,3,405,337,155,46,25
20191,D,발달상권,3120199,경복아파트교차로,11154,6379,4775,65,2168,2970,2281,1693,1977,30,932,1801,1646,978,992,35,1236,1169,635,715,985
20191,A,골목상권,3110970,학동초등학교,1148,550,598,0,441,424,189,53,41,0,142,232,122,34,20,0,299,192,67,19,21
20191,D,발달상권,3120196,서울세관,9764,5694,4070,53,2136,2943,2404,1410,818,12,805,1624,1634,1051,568,41,1331,1319,770,359,250
20191,D,발달상권,3120193,도산공원교차로,9947,5581,4366,21,2317,3500,2207,1250,652,4,823,2022,1379,864,489,17,1494,1478,828,386,163
20191,D,발달상권,3120220,대치역,5938,3310,2628,111,2035,2168,941,417,266,2,857,1380,652,239,180,109,1178,788,289,178,86
20191,D,발달상권,3120212,한티역,1881,829,1052,7,381,476,462,351,204,1,120,219,227,152,110,6,261,257,235,199,94
20191,A,골목상권,3110989,대치동아우편취급국,460,288,172,2,47,135,126,87,63,2,23,98,80,43,42,0,24,37,46,44,21
20191,A,골목상권,3110999,윗방죽마을공원,392,193,199,1,42,90,100,93,66,1,13,38,60,45,36,0,29,52,40,48,30
20191,D,발달상권,3120224,수서역,12474,6372,6102,26,1620,3030,3101,3020,1677,8,743,1857,1607,1118,1039,18,877,1173,1494,1902,638
20191,R,전통시장,3130307,도곡시장,81,28,53,0,25,25,12,14,5,0,1,9,4,10,4,0,24,16,8,4,1
20191,A,골목상권,3110997,대청초등학교,2145,1022,1123,4,186,334,565,623,433,2,92,202,253,236,237,2,94,132,312,387,196
20191,A,골목상권,3110976,언북초등학교,327,133,194,4,91,104,67,36,25,0,27,53,29,13,11,4,64,51,38,23,14
20191,A,골목상권,3111046,마천역(마천초등학교),832,436,396,2,67,120,223,240,180,0,20,53,91,135,137,2,47,67,132,105,43
20191,D,발달상권,3120235,문정역,37795,24772,13023,131,7591,11902,9401,5526,3244,41,3788,8151,6638,3647,2507,90,3803,3751,2763,1879,737
20191,A,골목상권,3111011,잠실나루역,568,197,371,1,77,123,160,125,82,0,19,42,38,43,55,1,58,81,122,82,27
20191,A,골목상권,3111004,삼전역 1번,2927,1634,1293,47,420,726,601,515,618,37,164,410,365,277,381,10,256,316,236,238,237
20191,R,전통시장,3130311,새마을시장,706,387,319,2,85,154,180,186,99,0,46,92,103,88,58,2,39,62,77,98,41
20191,R,전통시장,3130326,고덕 골목형상점가,153,96,57,0,8,20,52,51,22,0,4,13,28,37,14,0,4,7,24,14,8
20191,A,골목상권,3111078,굽은다리역 4번,1065,534,531,2,116,240,276,253,178,0,43,126,138,119,108,2,73,114,138,134,70
20191,A,골목상권,3111073,둔촌동역 1번(한산중학교),2027,1144,883,1,454,628,395,355,194,0,185,356,246,213,144,1,269,272,149,142,50
20191,A,골목상권,3111081,둔촌푸르지오아파트,231,141,90,0,26,49,70,54,32,0,14,36,46,27,18,0,12,13,24,27,14
20191,A,골목상권,3111059,강동역 4번(강풀만화거리),1454,854,600,1,158,295,321,364,315,0,68,172,185,207,222,1,90,123,136,157,93
20191,D,발달상권,3120243,천호역,4280,1803,2477,21,1097,1109,974,658,421,6,302,521,456,277,241,15,795,588,518,381,180
20191,R,전통시장,3130322,고분다리전통시장,45,21,24,0,7,7,15,14,2,0,3,3,7,7,1,0,4,4,8,7,1
20191,A,골목상권,3111065,천일초등학교,33,23,10,0,1,9,8,10,5,0,0,7,5,7,4,0,1,2,3,3,1
20191,R,전통시장,3130318,로데오거리상점가,893,426,467,10,210,210,177,159,127,4,103,127,81,56,55,6,107,83,96,103,72
20191,A,골목상권,3111056,천호태영아파트,348,161,187,2,49,66,90,76,65,0,13,33,40,36,39,2,36,33,50,40,26
20191,A,골목상권,3110007,사직공원(한국사회과학도서관),190,81,109,1,28,50,52,43,16,0,7,24,21,17,12,1,21,26,31,26,4
20191,A,골목상권,3110008,배화여자대학교(박노수미술관),815,488,327,0,148,204,175,158,130,0,64,113,97,107,107,0,84,91,78,51,23
20191,U,관광특구,3001494,종로·청계 관광특구,37773,23810,13963,111,5460,10119,10383,8723,2977,39,2543,6306,6899,6113,1910,72,2917,3813,3484,2610,1067
20191,R,전통시장,3130016,동대문상가B동,31,22,9,1,3,6,10,2,9,0,1,5,8,1,7,1,2,1,2,1,2
20191,A,골목상권,3110031,창신역 1번,59,21,38,0,9,12,11,18,9,0,1,2,7,8,3,0,8,10,4,10,6
20191,A,골목상권,3110056,신당역 3번,1088,458,630,4,144,264,247,266,163,0,48,122,120,96,72,4,96,142,127,170,91
20191,D,발달상권,3120028,명동(명동거리),24193,9971,14222,186,5913,7423,6063,3274,1334,67,1895,3117,2514,1539,839,119,4018,4306,3549,1735,495
20191,R,전통시장,3130031,청계천공구상가,1030,680,350,2,106,211,276,248,187,1,44,136,204,151,144,1,62,75,72,97,43
20191,D,발달상권,3120021,시청역_8번,48308,32301,16007,134,8688,17498,14298,6578,1112,46,4531,10254,10816,5744,910,88,4157,7244,3482,834,202
20191,D,발달상권,3120022,북창동(시청역_6번),8144,4125,4019,48,1543,2403,2311,1093,746,7,640,1230,1180,594,474,41,903,1173,1131,499,272
20191,R,전통시장,3130054,황학동주방가구거리상점가,576,346,230,0,101,135,149,143,48,0,40,84,96,97,29,0,61,51,53,46,19
20191,R,전통시장,3130034,필동 골목형상점가,24,13,11,0,6,3,8,5,2,0,2,2,5,2,2,0,4,1,3,3,0
20191,D,발달상권,3120045,남영동 먹자골목,3688,2482,1206,18,966,1268,884,397,155,3,477,946,694,264,98,15,489,322,190,133,57
20191,A,골목상권,3110083,서빙고역 1번,539,391,148,1,81,219,146,55,37,0,49,148,119,46,29,1,32,71,27,9,8
20191,A,골목상권,3110060,효창공원앞역 6번,527,248,279,1,86,143,142,102,53,0,26,73,82,43,24,1,60,70,60,59,29
20191,A,골목상권,3110059,새남터성지,235,136,99,1,72,59,36,37,30,1,42,37,18,18,20,0,30,22,18,19,10
20191,D,발달상권,3120041,신용산역(용산역),49872,26034,23838,307,15172,17691,11141,3922,1639,105,6004,9498,6666,2625,1136,202,9168,8193,4475,1297,503
20191,A,골목상권,3110062,한강로동땡땡거리(은행나무길),2694,1076,1618,29,853,841,434,276,261,10,220,302,237,160,147,19,633,539,197,116,114
20191,A,골목상권,3110099,유엔빌리지길,567,267,300,0,104,187,135,91,50,0,37,87,67,46,30,0,67,100,68,45,20
20191,D,발달상권,3120048,금호역,348,143,205,4,73,83,70,72,46,1,25,36,32,27,22,3,48,47,38,45,24
20191,A,골목상권,3110122,마장역 2번,855,562,293,4,93,223,247,186,102,2,58,151,167,111,73,2,35,72,80,75,29
20191,A,골목상권,3110125,사근동살곶이상점가,154,78,76,0,23,45,40,27,19,0,11,21,22,12,12,0,12,24,18,15,7
20191,R,전통시장,3130073,뚝도시장,145,77,68,0,9,28,43,37,28,0,3,15,25,14,20,0,6,13,18,23,8
20191,D,발달상권,3120052,성수역,16133,9160,6973,71,3426,4299,3792,2791,1754,22,1512,2522,2367,1668,1069,49,1914,1777,1425,1123,685
20191,A,골목상권,3110100,옥수동우편취급국,126,65,61,1,29,54,25,12,5,1,13,34,11,4,2,0,16,20,14,8,3
20191,R,전통시장,3130065,무학봉상점가,365,121,244,2,58,80,93,85,47,2,14,28,32,29,16,0,44,52,61,56,31
20191,A,골목상권,3110133,서울교통공사,17723,15918,1805,36,1480,2590,6114,6678,825,32,1094,2153,5569,6308,762,4,386,437,545,370,63
20191,R,전통시장,3130072,성동용답상가시장,1002,555,447,1,236,369,194,125,77,0,115,212,119,58,51,1,121,157,75,67,26
20191,A,골목상권,3110166,구의1동주민센터,528,289,239,0,69,136,156,99,68,0,23,78,102,52,34,0,46,58,54,47,34
20191,A,골목상권,3110160,광진경찰서,1108,918,190,1,158,407,249,234,59,1,120,344,214,207,32,0,38,63,35,27,27
20191,A,골목상권,3110177,동의초등학교,18,7,11,0,0,6,9,3,0,0,0,3,3,1,0,0,0,3,6,2,0
20191,A,골목상권,3110173,구남초등학교,324,173,151,0,63,58,98,75,30,0,26,34,57,38,18,0,37,24,41,37,12
20191,D,발달상권,3120054,어린이대공원역,1094,580,514,5,175,229,263,251,171,2,66,127,149,126,110,3,109,102,114,125,61
20191,A,골목상권,3110171,중곡4동주민센터,106,75,31,0,13,22,31,22,18,0,5,16,20,18,16,0,8,6,11,4,2
20191,A,골목상권,3110141,건대입구역 1번,335,183,152,0,84,79,78,70,24,0,33,48,48,39,15,0,51,31,30,31,9
20191,A,골목상권,3110144,어린이대공원역 4번,108,61,47,0,34,29,17,17,11,0,13,24,11,5,8,0,21,5,6,12,3
20191,R,전통시장,3130085,용두시장,6,4,2,0,0,0,1,2,3,0,0,0,0,1,3,0,0,0,1,1,0
20191,A,골목상권,3110201,전농119안전센터,24,13,11,0,3,1,6,8,6,0,2,0,4,4,3,0,1,1,2,4,3
20191,R,전통시장,3130099,전농로터리시장,105,49,56,1,15,13,24,38,14,1,6,7,13,12,10,0,9,6,11,26,4
20191,R,전통시장,3130090,청량리종합시장,96,69,27,0,7,17,22,24,26,0,4,10,18,15,22,0,3,7,4,9,4
20191,A,골목상권,3110197,세종대왕기념관교차로,74,42,32,0,17,13,12,23,9,0,9,10,8,11,4,0,8,3,4,12,5
20191,A,골목상권,3110203,떡전교사거리,309,178,131,0,27,81,61,75,65,0,11,54,39,36,38,0,16,27,22,39,27
20191,R,전통시장,3130103,이경시장,40,21,19,0,1,3,13,9,14,0,1,1,6,4,9,0,0,2,7,5,5
20191,A,골목상권,3110253,중곡초등학교,283,160,123,1,45,59,72,68,38,0,21,36,35,42,26,1,24,23,37,26,12
20191,R,전통시장,3130109,묵1동도깨비시장,73,42,31,1,15,17,10,20,10,0,8,11,8,10,5,1,7,6,2,10,5
20191,A,골목상권,3110262,상봉역 3번,2094,1274,820,7,296,601,649,330,211,0,170,458,338,145,163,7,126,143,311,185,48
20191,A,골목상권,3110301,성신여대입구역 7번,443,183,260,0,33,69,125,125,91,0,17,30,60,49,27,0,16,39,65,76,64
20191,A,골목상권,3110302,보문역 8번,681,401,280,0,103,114,137,174,153,0,45,59,78,103,116,0,58,55,59,71,37
20191,A,골목상권,3110291,한성대입구역 3번,380,140,240,1,61,75,106,85,52,1,18,28,35,36,22,0,43,47,71,49,30
20191,A,골목상권,3110323,상월곡역 1번,264,118,146,2,34,55,71,63,39,0,11,27,33,30,17,2,23,28,38,33,22
20191,D,발달상권,3120076,수유역,4392,2103,2289,24,749,857,1004,943,815,13,267,419,487,454,463,11,482,438,517,489,352
20191,A,골목상권,3110355,삼양사거리역 2번,264,158,106,0,23,36,49,81,75,0,4,17,19,56,62,0,19,19,30,25,13
20191,A,골목상권,3110347,구세군강북종합사회복지관,44,15,29,0,13,10,12,6,3,0,2,7,2,3,1,0,11,3,10,3,2
20191,R,전통시장,3130136,수유재래시장,43,25,18,0,6,13,8,11,5,0,2,7,5,7,4,0,4,6,3,4,1
20191,A,골목상권,3110357,가오리역 1번,213,87,126,1,21,43,58,60,30,1,6,17,25,21,17,0,15,26,33,39,13
20191,A,골목상권,3110362,우이천 계성교,248,122,126,0,46,39,74,59,30,0,18,23,45,24,12,0,28,16,29,35,18
20191,R,전통시장,3130133,우이골목시장(우이시장),135,49,86,1,7,31,37,41,18,1,3,19,14,7,5,0,4,12,23,34,13
20191,A,골목상권,3110339,국립4.19민주묘지,21,12,9,0,2,4,11,2,2,0,0,4,6,1,1,0,2,0,5,1,1
20191,A,골목상권,3110346,4.19민주묘지역 2번,116,68,48,1,16,24,37,22,16,0,5,13,25,13,12,1,11,11,12,9,4
20191,A,골목상권,3110403,방학1동주민센터,426,165,261,1,64,70,94,106,91,0,20,32,43,37,33,1,44,38,51,69,58
20191,A,골목상권,3110408,가인초등학교,648,244,404,7,139,156,153,127,66,3,30,65,66,47,33,4,109,91,87,80,33
20191,A,골목상권,3110424,상계초등학교,575,205,370,3,58,93,144,174,103,2,20,46,59,49,29,1,38,47,85,125,74
20191,R,전통시장,3130154,상계주공1단지(가)상가,13,7,6,0,1,0,3,8,1,0,1,0,2,3,1,0,0,0,1,5,0
20191,A,골목상권,3110465,연신내역 7번,271,135,136,0,42,60,65,61,43,0,27,37,19,26,26,0,15,23,46,35,17
20191,A,골목상권,3110476,역촌역 2번,82,36,46,0,10,12,27,21,12,0,5,6,13,7,5,0,5,6,14,14,7
20191,A,골목상권,3110487,불광역 8번,155,82,73,0,19,47,44,29,16,0,9,30,19,15,9,0,10,17,25,14,7
20191,D,발달상권,3120087,응암역,485,227,258,0,94,107,112,102,70,0,24,57,58,47,41,0,70,50,54,55,29
20191,A,골목상권,3110445,덕산중학교,12,8,4,0,1,1,5,2,3,0,0,1,2,2,3,0,1,0,3,0,0
20191,R,전통시장,3130166,응암시장(신응암시장),35,18,17,0,1,4,3,11,16,0,0,0,0,4,14,0,1,4,3,7,2
20191,A,골목상권,3110499,연가초등학교,175,83,92,0,22,37,45,44,27,0,6,19,20,24,14,0,16,18,25,20,13
20191,R,전통시장,3130163,응암오거리상점가,293,127,166,2,39,42,80,86,44,1,14,21,35,37,19,1,25,21,45,49,25
20191,A,골목상권,3110502,남가좌파출소,394,187,207,0,46,71,117,95,65,0,11,30,70,40,36,0,35,41,47,55,29
20191,D,발달상권,3120096,"이화여대(이대역, 이대)",1341,597,744,12,271,369,325,219,145,2,79,165,160,100,91,10,192,204,165,119,54
20191,A,골목상권,3110508,서연중학교,301,154,147,1,85,100,50,46,19,0,34,59,27,23,11,1,51,41,23,23,8
20191,A,골목상권,3110505,홍남교남측,43,24,19,0,3,12,11,12,5,0,1,5,5,9,4,0,2,7,6,3,1
20191,A,골목상권,3110518,서대문구청,345,117,228,0,61,103,109,45,27,0,9,35,45,20,8,0,52,68,64,25,19
20191,A,골목상권,3110536,돈의문센트레빌아파트입구,88,58,30,0,10,18,26,18,16,0,5,10,16,14,13,0,5,8,10,4,3
20191,A,골목상권,3110535,영천시장입구,138,60,78,2,21,32,32,32,19,2,8,12,13,16,9,0,13,20,19,16,10
20191,A,골목상권,3110538,충정로역 3번,493,287,206,0,66,108,110,108,101,0,31,76,68,59,53,0,35,32,42,49,48
20191,A,골목상권,3110523,홍제성원아파트,8,7,1,0,0,1,5,1,1,0,0,0,5,1,1,0,0,1,0,0,0
20191,A,골목상권,3110521,홍제역 4번,80,35,45,1,6,7,27,26,13,1,3,3,10,8,10,0,3,4,17,18,3
20191,A,골목상권,3110529,홍제3동주민센터,230,89,141,0,29,25,55,62,59,0,7,9,25,25,23,0,22,16,30,37,36
20191,A,골목상권,3110582,이대역 5번,171,91,80,0,23,48,50,31,19,0,4,28,32,17,10,0,19,20,18,14,9
20191,D,발달상권,3120103,홍대입구역(홍대),15575,8310,7265,137,4971,4135,2922,1881,1529,56,1970,2470,1820,961,1033,81,3001,1665,1102,920,496
20191,A,골목상권,3110555,홍익지구대,582,287,295,3,184,158,105,71,61,0,78,87,66,27,29,3,106,71,39,44,32
20191,A,골목상권,3110577,용강동주민센터,484,219,265,2,100,201,97,51,33,0,25,96,53,27,18,2,75,105,44,24,15
20191,A,골목상권,3110550,합정역 8번,1873,1163,710,6,392,528,512,273,162,4,154,334,375,178,118,2,238,194,137,95,44
20191,A,골목상권,3110620,목동보건지소,542,235,307,1,69,119,141,142,70,0,28,50,50,57,50,1,41,69,91,85,20
20191,R,전통시장,3130201,월정로시장,37,24,13,0,1,5,15,13,3,0,1,4,10,8,1,0,0,1,5,5,2
20191,A,골목상권,3110607,금빛새마을금고본점,112,61,51,0,10,28,32,27,15,0,2,14,16,17,12,0,8,14,16,10,3
20191,R,전통시장,3130204,경창시장,253,89,164,1,17,40,59,67,69,0,9,20,25,19,16,1,8,20,34,48,53
20191,A,골목상권,3110595,메디힐병원,1589,1145,444,0,86,126,188,265,924,0,21,46,79,145,854,0,65,80,109,120,70
20191,A,골목상권,3110594,신월중학교,266,108,158,0,35,58,82,68,23,0,11,20,27,32,18,0,24,38,55,36,5
20191,A,골목상권,3110605,목동센트럴아이파크앞,263,116,147,0,33,40,54,79,57,0,11,21,19,29,36,0,22,19,35,50,21
20191,R,전통시장,3130200,"신월7동 골목시장(약수시장, 우성상가)",123,49,74,0,12,19,44,28,20,0,2,7,14,15,11,0,10,12,30,13,9
20191,A,골목상권,3110610,계남근린공원,96,25,71,0,6,12,13,33,32,0,1,10,5,4,5,0,5,2,8,29,27
20191,A,골목상권,3110652,양천향교역 2번,1175,813,362,0,112,281,347,265,170,0,49,172,246,203,143,0,63,109,101,62,27
20191,R,전통시장,3130220,등마루시장,490,164,326,3,43,66,85,150,143,3,15,29,41,32,44,0,28,37,44,118,99
20191,A,골목상권,3110639,신방화역 8번,298,92,206,2,82,80,65,47,22,0,7,19,29,22,15,2,75,61,36,25,7
20191,A,골목상권,3110630,공항시장역 1번,1338,912,426,0,89,190,286,380,393,0,38,102,163,278,331,0,51,88,123,102,62
20191,D,발달상권,3120115,김포공항역(김포공항),730,365,365,11,296,187,119,80,37,4,139,99,70,33,20,7,157,88,49,47,17
20191,A,골목상권,3110654,까치산역 4번,807,378,429,5,99,174,205,206,118,2,42,79,101,89,65,3,57,95,104,117,53
20191,R,전통시장,3130216,화곡중앙시장,91,31,60,1,7,17,25,23,18,0,0,5,9,7,10,1,7,12,16,16,8
20191,R,전통시장,3130217,화곡본동시장,158,66,92,0,16,27,35,43,37,0,6,18,15,15,12,0,10,9,20,28,25
20191,A,골목상권,3110704,고척중학교,114,56,58,0,14,15,23,32,30,0,6,8,14,14,14,0,8,7,9,18,16
20191,R,전통시장,3130227,고척골목시장상점가(그라운드 고척),199,68,131,0,29,37,44,45,44,0,4,15,20,13,16,0,25,22,24,32,28
20191,A,골목상권,3110711,구로초등학교,590,217,373,1,49,74,135,190,141,1,15,29,62,63,47,0,34,45,73,127,94
20191,R,전통시장,3130228,구로시장,16,5,11,0,1,0,3,6,6,0,1,0,0,2,2,0,0,0,3,4,4
20191,D,발달상권,3120127,구로구청,8854,6295,2559,15,1351,2304,1979,1845,1360,9,1008,1883,1504,1097,794,6,343,421,475,748,566
20191,A,골목상권,3110718,한국SGI본부,1989,1291,698,7,369,576,487,379,171,2,191,414,363,218,103,5,178,162,124,161,68
20191,A,골목상권,3110681,온수역 1번,214,159,55,0,16,54,73,49,22,0,11,38,50,41,19,0,5,16,23,8,3
20191,A,골목상권,3110751,난곡중학교,300,166,134,0,20,45,84,94,57,0,6,20,46,54,40,0,14,25,38,40,17
20191,A,골목상권,3110733,금천어울림복지센터,628,397,231,5,96,124,168,157,78,4,66,93,91,80,63,1,30,31,77,77,15
20191,D,발달상권,3120136,영등포구청역,10104,5184,4920,33,1695,1907,1890,2329,2250,23,849,1096,1062,961,1193,10,846,811,828,1368,1057
20191,D,발달상권,3120143,당산역,9856,6167,3689,51,1170,1626,2113,2410,2486,22,662,1155,1347,1359,1622,29,508,471,766,1051,864
20191,A,골목상권,3110781,대림한신아파트,160,99,61,0,9,21,56,39,35,0,5,10,38,25,21,0,4,11,18,14,14
20191,A,골목상권,3110790,대림1동주민센터,364,193,171,0,47,75,100,92,50,0,13,44,44,53,39,0,34,31,56,39,11
20191,A,골목상권,3110793,대림썬프라자,41,28,13,0,4,5,8,9,15,0,2,4,5,6,11,0,2,1,3,3,4
20191,A,골목상권,3110776,도신초등학교,389,238,151,3,47,84,103,104,48,0,26,55,66,60,31,3,21,29,37,44,17
20191,A,골목상권,3110767,도림동주민센터,78,40,38,0,17,25,19,7,10,0,11,13,8,3,5,0,6,12,11,4,5
20191,A,골목상권,3110814,서울지방병무청,1584,910,674,1,113,158,313,529,470,0,37,84,192,284,313,1,76,74,121,245,157
20191,A,골목상권,3110780,신길대성유니드아파트,211,138,73,0,33,52,44,49,33,0,29,33,26,31,19,0,4,19,18,18,14
20191,D,발달상권,3120145,영등포역(영등포),7564,3781,3783,108,1630,1982,1700,1293,851,43,622,1034,900,690,492,65,1008,948,800,603,359
20191,R,전통시장,3130250,삼구시장(로타리상가),12,8,4,0,1,0,1,5,5,0,0,0,0,3,5,0,1,0,1,2,0
20191,A,골목상권,3110806,서울시립영등포장애인복지관,305,212,93,1,48,107,85,60,4,0,21,68,69,51,3,1,27,39,16,9,1
20191,A,골목상권,3110824,대방역 3번,499,165,334,2,68,153,143,97,36,0,17,56,40,32,20,2,51,97,103,65,16
20191,R,전통시장,3130273,남성사계시장(남성시장),437,194,243,4,74,85,117,93,64,1,17,46,51,42,37,3,57,39,66,51,27
20191,D,발달상권,3120155,총신대학교,116,60,56,0,10,19,39,39,9,0,5,8,21,19,7,0,5,11,18,20,2
20191,A,골목상권,3110830,상도초등학교,257,137,120,0,23,50,66,74,44,0,9,26,38,39,25,0,14,24,28,35,19
20191,R,전통시장,3130264,상도약수골목형상점가,68,22,46,0,11,9,20,25,3,0,0,4,6,9,3,0,11,5,14,16,0
20191,R,전통시장,3130260,신대방1동골목상권,105,33,72,0,17,30,22,19,17,0,1,5,6,9,12,0,16,25,16,10,5
20191,A,골목상권,3110841,중대부중,61,25,36,0,5,17,16,15,8,0,1,5,7,6,6,0,4,12,9,9,2
20191,A,골목상권,3110865,남강고등학교(남강중학교),480,182,298,6,103,109,120,88,54,2,23,44,50,34,29,4,80,65,70,54,25
20191,A,골목상권,3110863,난우초등학교,373,183,190,2,35,66,91,100,79,1,18,36,47,45,36,1,17,30,44,55,43
20191,A,골목상권,3110859,난향초등학교,237,143,94,0,9,17,53,76,82,0,4,10,36,39,54,0,5,7,17,37,28
20191,A,골목상권,3110902,사당역 4번,1760,861,899,0,353,388,372,401,246,0,107,195,204,184,171,0,246,193,168,217,75
20191,A,골목상권,3110856,미성초등학교,586,275,311,0,85,96,136,154,115,0,28,58,62,69,58,0,57,38,74,85,57
20191,A,골목상권,3110860,호림박물관(성보고등학교),796,470,326,5,57,106,173,227,228,0,23,60,85,133,169,5,34,46,88,94,59
20191,A,골목상권,3110867,국제신학대학원대학교(남서울중학교),343,161,182,0,26,51,66,98,102,0,8,17,29,46,61,0,18,34,37,52,41
20191,A,골목상권,3110869,"신림역 5번(신림동주민센터, 신림동별빛거리)",324,169,155,3,65,79,72,57,48,3,28,48,38,24,28,0,37,31,34,33,20
20191,R,전통시장,3130279,관악신사시장,136,66,70,0,19,31,28,32,26,0,6,15,13,13,19,0,13,16,15,19,7
20191,A,골목상권,3110864,신림우방아파트,194,133,61,0,14,36,52,54,38,0,5,23,37,36,32,0,9,13,15,18,6
20191,A,골목상권,3110871,신원동주민센터,102,47,55,0,12,33,29,17,11,0,4,18,13,6,6,0,8,15,16,11,5
20191,A,골목상권,3110944,서울나래학교(염곡어린이공원),228,141,87,3,36,63,53,52,21,2,14,42,33,36,14,1,22,21,20,16,7
20191,D,발달상권,3120176,논현역 4번,1106,705,401,2,179,305,258,184,178,0,89,192,189,121,114,2,90,113,69,63,64
20191,A,골목상권,3110912,방배동사이길,1323,1029,294,2,173,581,346,150,71,0,77,490,291,122,49,2,96,91,55,28,22
20191,D,발달상권,3120172,교대입구교차로,15450,8801,6649,69,3442,4255,3570,2534,1580,32,1494,2575,2220,1398,1082,37,1948,1680,1350,1136,498
20191,D,발달상권,3120179,양재역,17730,9851,7879,149,3857,4957,4075,2795,1897,54,1380,2892,2698,1665,1162,95,2477,2065,1377,1130,735
20191,D,발달상권,3120189,강남역,89886,43197,46689,749,22038,28163,21146,11787,6003,214,7277,14468,12672,5975,2591,535,14761,13695,8474,5812,3412
20191,D,발달상권,3120168,서울고교교차로,2934,1856,1078,4,538,1085,876,312,119,2,174,680,668,252,80,2,364,405,208,60,39
20191,D,발달상권,3120169,서초역,23159,11313,11846,105,5411,6884,5785,3463,1511,27,1800,3523,2978,1857,1128,78,3611,3361,2807,1606,383
20191,A,골목상권,3110931,삼성전자서울R&D(서울우면초등학교),94,23,71,0,32,18,16,20,8,0,5,3,6,5,4,0,27,15,10,15,4
20191,D,발달상권,3120180,양재화물트럭터미널앞,4481,3590,891,6,881,1633,1190,598,173,1,607,1321,1020,506,135,5,274,312,170,92,38
20191,A,골목상권,3110936,더케이호텔(양재리본타워2단지아파트),1447,972,475,0,273,493,340,204,137,0,136,298,263,153,122,0,137,195,77,51,15
20191,D,발달상권,3120174,논현역 5번,844,510,334,2,145,247,213,123,114,0,53,157,150,78,72,2,92,90,63,45,42
20191,A,골목상권,3110981,국악고교사거리,1387,840,547,4,169,258,346,299,311,1,77,164,214,166,218,3,92,94,132,133,93
20191,A,골목상권,3110977,논현로18길,156,99,57,0,5,34,45,49,23,0,0,18,32,34,15,0,5,16,13,15,8
20191,D,발달상권,3120213,삼성중앙역,10166,5430,4736,44,2306,3839,2262,1099,616,22,928,2082,1418,629,351,22,1378,1757,844,470,265
20191,A,골목상권,3110974,언주중학교,193,115,78,0,47,64,50,23,9,0,18,44,34,13,6,0,29,20,16,10,3
20191,A,골목상권,3110982,강남구보훈회관,177,87,90,0,32,57,50,21,17,0,9,35,27,10,6,0,23,22,23,11,11
20191,R,전통시장,3130308,청담삼익시장,133,66,67,1,24,23,36,28,21,1,12,10,18,13,12,0,12,13,18,15,9
20191,A,골목상권,3111022,석촌중학교(방이육교),567,250,317,0,87,118,124,167,71,0,28,56,65,59,42,0,59,62,59,108,29
20191,A,골목상권,3111017,송파나루역 3번,270,161,109,1,26,50,70,53,70,0,10,25,36,36,54,1,16,25,34,17,16
20191,D,발달상권,3120229,방이동먹자골목,5883,3557,2326,26,982,1461,1349,1183,882,14,524,921,843,671,584,12,458,540,506,512,298
20191,D,발달상권,3120227,잠실역,88130,48000,40130,522,18678,27124,23757,15805,2244,256,9537,18142,13498,5255,1312,266,9141,8982,10259,10550,932
20191,A,골목상권,3111018,풍납초등학교(풍납백제문화공원),102,64,38,1,9,23,32,24,13,1,4,14,20,14,11,0,5,9,12,10,2
20191,D,발달상권,3120242,강동구청역,11373,6081,5292,33,1304,2244,2641,2859,2292,26,697,1400,1357,1222,1379,7,607,844,1284,1637,913
20191,A,골목상권,3111087,고덕중학교(고덕2동주민센터),128,34,94,0,12,17,25,46,28,0,4,6,7,10,7,0,8,11,18,36,21
20191,R,전통시장,3130324,길동복조리시장,167,75,92,0,16,30,44,56,21,0,6,12,21,28,8,0,10,18,23,28,13
20191,R,전통시장,3130321,장신구 특화거리 상점가,659,388,271,1,94,170,175,161,58,0,41,102,107,94,44,1,53,68,68,67,14
20191,A,골목상권,3111052,암사역 3번(천호동자전거거리),607,316,291,3,81,126,173,150,74,0,38,77,93,65,43,3,43,49,80,85,31
20191,A,골목상권,3110004,대신고등학교,45,20,25,0,3,5,8,22,7,0,1,1,4,10,4,0,2,4,4,12,3
20191,A,골목상권,3110012,성곡미술관,2281,893,1388,1,399,629,735,427,90,0,134,349,267,96,47,1,265,280,468,331,43
20191,R,전통시장,3130002,세종마을음식문화거리(금천교시장),521,266,255,5,65,105,109,130,107,3,38,63,51,53,58,2,27,42,58,77,49
20191,A,골목상권,3110033,창신역 4번,211,107,104,0,32,47,54,48,30,0,13,26,24,25,19,0,19,21,30,23,11
20191,A,골목상권,3110036,동묘앞역 3번,210,134,76,1,16,42,46,51,54,0,7,33,26,30,38,1,9,9,20,21,16
20191,A,골목상권,3110027,혜화역 1번,305,138,167,3,77,101,81,29,14,2,29,41,45,15,6,1,48,60,36,14,8
20191,D,발달상권,3120012,대학로(혜화역),3560,1648,1912,38,957,916,723,520,406,11,382,447,361,224,223,27,575,469,362,296,183
20191,R,전통시장,3130007,광장시장(광장전통시장),1106,672,434,1,86,197,253,298,271,1,46,131,162,156,176,0,40,66,91,142,95
20191,D,발달상권,3120008,인사동,15017,9986,5031,77,2584,4735,3800,2751,1070,53,1108,3021,2972,2139,693,24,1476,1714,828,612,377
20191,A,골목상권,3110032,수족관거리,48,28,20,0,5,11,11,16,5,0,3,7,5,10,3,0,2,4,6,6,2
20191,A,골목상권,3110029,동대문역 1번,376,119,257,0,31,56,81,137,71,0,10,18,37,39,15,0,21,38,44,98,56
20191,A,골목상권,3110015,청와대사랑채,129,53,76,1,35,50,31,8,4,0,12,21,14,3,3,1,23,29,17,5,1
20191,A,골목상권,3110024,혜회동주민센터,487,345,142,3,45,75,124,159,81,1,9,38,87,141,69,2,36,37,37,18,12
20191,R,전통시장,3130032,인현시장,556,361,195,0,36,92,160,177,91,0,21,51,104,117,68,0,15,41,56,60,23
20191,A,골목상권,3110045,동대문역사문화공원역 5번,375,235,140,0,55,62,104,93,61,0,24,36,71,59,45,0,31,26,33,34,16
20191,D,발달상권,3120039,신당역,7046,3630,3416,19,1379,2324,1650,1051,623,6,586,1186,883,610,359,13,793,1138,767,441,264
20191,U,관광특구,3001492,명동 남대문 북창동 다동 무교동 관광특구,174313,82227,92086,916,43472,57809,42869,23136,6111,265,13774,25049,23672,15400,4067,651,29698,32760,19197,7736,2044
20191,A,골목상권,3110053,청구역 1번,471,237,234,1,78,89,115,130,58,0,28,44,61,67,37,1,50,45,54,63,21
20191,R,전통시장,3130035,방산종합시장(방산시장),2939,1888,1051,5,245,626,748,778,537,1,145,407,443,487,405,4,100,219,305,291,132
20191,A,골목상권,3110054,청구역 3번,2028,1354,674,3,478,684,461,247,155,2,251,523,345,147,86,1,227,161,116,100,69
20191,R,전통시장,3130055,"황학시장(서울중앙시장, 신중앙시장)",339,218,121,0,25,73,89,95,57,0,13,51,61,58,35,0,12,22,28,37,22
20191,D,발달상권,3120042,"숙대입구역(남영역, 남영동)",12138,6416,5722,674,4430,3571,2206,937,320,280,2069,1974,1270,600,223,394,2361,1597,936,337,97
20191,A,골목상권,3110088,오산고등학교,205,101,104,2,56,88,33,14,12,0,27,40,17,11,6,2,29,48,16,3,6
20191,A,골목상권,3110084,경리단길북측,868,448,420,10,219,264,156,119,100,8,115,138,78,55,54,2,104,126,78,64,46
20191,A,골목상권,3110072,열정도,543,332,211,8,151,145,116,77,46,3,76,101,77,43,32,5,75,44,39,34,14
20191,A,골목상권,3110064,효창공원앞역 2번,670,352,318,3,105,166,158,135,103,0,30,85,101,74,62,3,75,81,57,61,41
20191,U,관광특구,3001491,이태원 관광특구,8352,4569,3783,39,1980,2852,1687,1149,645,18,960,1538,985,726,342,21,1020,1314,702,423,303
20191,A,골목상권,3110590,만리재,96,33,63,1,21,23,15,26,10,0,4,8,5,9,7,1,17,15,10,17,3
20191,A,골목상권,3110098,서울독일학교,761,352,409,2,274,260,118,55,52,1,113,131,69,27,11,1,161,129,49,28,41
20191,A,골목상권,3110121,한양대역 4번,89,47,42,0,16,13,25,20,15,0,5,7,15,12,8,0,11,6,10,8,7
20191,D,발달상권,3120050,서울숲역,1772,1152,620,7,379,587,488,225,86,5,178,376,352,169,72,2,201,211,136,56,14
20191,A,골목상권,3110126,서울숲역 1번,115,54,61,0,19,35,32,15,14,0,6,16,14,8,10,0,13,19,18,7,4
20191,A,골목상권,3110120,서울숲카페거리,126,60,66,0,38,39,29,15,5,0,17,18,15,6,4,0,21,21,14,9,1
20191,A,골목상권,3110134,성수119안전센터,1195,899,296,1,82,185,321,369,237,0,41,127,243,290,198,1,41,58,78,79,39
20191,R,전통시장,3130071,성수역 골목형상점가,596,392,204,2,106,177,156,62,93,0,52,124,116,46,54,2,54,53,40,16,39
20191,A,골목상권,3110138,송정체육공원,246,125,121,0,16,52,60,57,61,0,6,29,29,29,32,0,10,23,31,28,29
20191,A,골목상권,3110170,동대부여고,311,151,160,0,28,63,75,80,65,0,8,34,47,40,22,0,20,29,28,40,43
20191,D,발달상권,3120060,강변역(테크노마트),4726,3201,1525,30,699,1043,1210,975,769,16,328,703,903,729,522,14,371,340,307,246,247
20191,D,발달상권,3120059,구삼강변맛길,2517,1176,1341,10,328,442,388,560,789,9,151,236,195,225,360,1,177,206,193,335,429
20191,A,골목상권,3110175,푸른동산공원,302,116,186,0,30,47,66,85,74,0,6,19,26,24,41,0,24,28,40,61,33
20191,A,골목상권,3110145,장안초등학교,28,19,9,0,2,5,8,12,1,0,2,5,7,5,0,0,0,0,1,7,1
20191,A,골목상권,3110149,세종대학교,315,96,219,1,92,95,73,32,22,0,22,26,20,13,15,1,70,69,53,19,7
20191,A,골목상권,3110163,성자초등학교,463,245,218,2,103,122,98,70,68,1,45,63,55,34,47,1,58,59,43,36,21
20191,A,골목상권,3110151,자양한강도서관,394,201,193,0,34,61,99,120,80,0,15,36,55,60,35,0,19,25,44,60,45
20191,R,전통시장,3130083,"중곡제일시장(중곡제일골목시장, 광성시장)",622,132,490,1,21,52,114,223,211,1,6,26,28,33,38,0,15,26,86,190,173
20191,A,골목상권,3110161,중곡역 3번,461,243,218,1,64,117,83,109,87,1,27,61,45,55,54,0,37,56,38,54,33
20191,R,전통시장,3130084,신성시장(신성골목시장),131,60,71,0,16,10,44,42,19,0,4,6,17,20,13,0,12,4,27,22,6
20191,A,골목상권,3110168,대원고등학교,236,151,85,0,20,42,72,66,36,0,13,25,50,37,26,0,7,17,22,29,10
20191,R,전통시장,3130097,답십리 건축자재시장,251,180,71,0,30,70,67,52,32,0,24,50,47,35,24,0,6,20,20,17,8
20191,A,골목상권,3110217,자동차부품상가,905,705,200,1,77,195,276,210,146,1,66,161,212,143,122,0,11,34,64,67,24
20191,R,전통시장,3130100,답십리시장,257,93,164,7,54,49,51,48,48,7,14,18,25,14,15,0,40,31,26,34,33
20191,A,골목상권,3110188,용두동신동아아파트,1510,803,707,0,266,377,356,325,186,0,115,208,211,171,98,0,151,169,145,154,88
20191,A,골목상권,3110181,신설동역 9번,5381,3607,1774,58,931,1416,1145,858,973,39,523,1000,922,599,524,19,408,416,223,259,449
20191,A,골목상권,3110184,용두사거리,386,239,147,0,63,122,78,64,59,0,36,74,40,40,49,0,27,48,38,24,10
20191,A,골목상권,3110221,의릉,123,91,32,3,15,21,41,30,13,2,9,14,32,22,12,1,6,7,9,8,1
20191,R,전통시장,3130102,이문제일시장,25,10,15,0,0,5,11,9,0,0,0,1,4,5,0,0,0,4,7,4,0
20191,A,골목상권,3110223,군자초등학교,830,388,442,0,23,61,84,216,446,0,15,40,47,91,195,0,8,21,37,125,251
20191,A,골목상권,3110228,장안근린공원,740,338,402,2,65,125,180,223,145,0,28,72,91,98,49,2,37,53,89,125,96
20191,A,골목상권,3110232,동대부고,1197,717,480,1,119,197,306,343,231,1,33,98,167,230,188,0,86,99,139,113,43
20191,A,골목상권,3110211,전곡마을마당공원,281,160,121,1,36,57,67,79,41,0,19,36,42,40,23,1,17,21,25,39,18
20191,A,골목상권,3110191,고려대역 6번,281,137,144,0,20,41,75,89,56,0,11,34,41,29,22,0,9,7,34,60,34
20191,A,골목상권,3110219,삼육보건대학교,305,123,182,3,54,64,71,62,51,2,12,26,27,27,29,1,42,38,44,35,22
20191,A,골목상권,3110254,오거리공원,365,159,206,1,35,71,97,97,64,0,13,38,46,39,23,1,22,33,51,58,41
20191,A,골목상권,3110242,면목5동주민센터,205,107,98,0,30,48,55,39,33,0,6,27,33,19,22,0,24,21,22,20,11
20191,R,전통시장,3130111,"동원전통종합시장(동원시장, 동원전통시장 상점가)",558,251,307,4,65,99,154,159,77,1,23,53,79,55,40,3,42,46,75,104,37
20191,R,전통시장,3130107,중랑동부시장(중랑교종합상가),27,10,17,0,5,6,7,6,3,0,3,4,1,1,1,0,2,2,6,5,2
20191,A,골목상권,3110271,신내역 1번,145,102,43,0,11,29,45,34,26,0,7,24,29,24,18,0,4,5,16,10,8
20191,A,골목상권,3110245,KB국민은행 중화동지점,131,77,54,0,11,15,38,37,30,0,6,10,18,21,22,0,5,5,20,16,8
20191,A,골목상권,3110238,배꽃어린이공원,71,39,32,0,13,14,22,19,3,0,5,9,12,12,1,0,8,5,10,7,2
20191,A,골목상권,3110308,길음역 8번,328,149,179,3,64,79,92,58,32,0,22,46,39,26,16,3,42,33,53,32,16
20191,R,전통시장,3130120,돈암시장(돈암제일시장),237,98,139,0,37,43,57,47,53,0,6,13,27,26,26,0,31,30,30,21,27
20191,A,골목상권,3110328,상월곡역 3번,550,318,232,1,67,163,180,91,48,1,32,89,115,47,34,0,35,74,65,44,14
20191,A,골목상권,3110288,동구여중,623,212,411,5,71,221,218,82,26,3,20,72,65,37,15,2,51,149,153,45,11
20191,A,골목상권,3110285,홍대부중,158,88,70,2,37,38,50,20,11,2,16,21,29,13,7,0,21,17,21,7,4
20191,D,발달상권,3120074,안암역,367,217,150,3,75,129,84,44,32,1,35,96,51,20,14,2,40,33,33,24,18
20191,A,골목상권,3110316,숭곡초등학교,1066,575,491,7,216,289,290,171,93,0,92,169,175,86,53,7,124,120,115,85,40
20191,A,골목상권,3110322,장위1동주민센터,212,82,130,0,20,32,39,93,28,0,5,12,15,35,15,0,15,20,24,58,13
20191,A,골목상권,3110298,솔숲어린이공원,103,32,71,0,21,18,31,24,9,0,4,7,12,5,4,0,17,11,19,19,5
20191,R,전통시장,3130117,정릉시장,283,129,154,1,42,52,76,80,32,0,23,22,34,35,15,1,19,30,42,45,17
20191,A,골목상권,3110315,종암아이파크2차,493,199,294,3,102,90,124,109,65,0,42,46,55,26,30,3,60,44,69,83,35
20191,A,골목상권,3110311,종암아이파크2차후문,20,15,5,0,4,1,9,5,1,0,2,1,7,4,1,0,2,0,2,1,0
20191,A,골목상권,3110369,성신여대운정그린캠퍼스,765,322,443,0,105,140,168,165,187,0,33,63,69,61,96,0,72,77,99,104,91
20191,R,전통시장,3130141,강북북부골목시장,49,25,24,0,4,14,18,7,6,0,1,8,7,4,5,0,3,6,11,3,1
20191,A,골목상권,3110380,강북문화정보도서관,44,9,35,0,14,7,10,11,2,0,1,1,1,5,1,0,13,6,9,6,1
20191,R,전통시장,3130131,동북프라자,132,61,71,0,11,30,48,32,11,0,3,10,24,17,7,0,8,20,24,15,4
20191,A,골목상권,3110352,수유1동주민센터,544,194,350,1,69,107,165,131,71,0,24,49,53,40,28,1,45,58,112,91,43
20191,A,골목상권,3110371,삼양입구사거리,85,37,48,0,1,3,26,32,23,0,0,0,11,15,11,0,1,3,15,17,12
20191,A,골목상권,3110360,수유초등학교,526,337,189,1,63,87,110,145,120,0,18,62,66,95,96,1,45,25,44,50,24
20191,R,전통시장,3130138,수유프라자,80,38,42,0,6,14,12,26,22,0,1,2,4,15,16,0,5,12,8,11,6
20191,A,골목상권,3110344,화계중학교,541,530,11,0,6,52,192,229,62,0,3,48,190,229,60,0,3,4,2,0,2
20191,A,골목상권,3110359,수유시장옆,161,72,89,0,12,38,45,35,31,0,2,19,25,16,10,0,10,19,20,19,21
20191,A,골목상권,3110340,인수중학교,161,62,99,0,11,14,51,41,44,0,3,6,19,9,25,0,8,8,32,32,19
20191,A,골목상권,3110351,수유북부시장옆,293,217,76,0,9,21,33,114,116,0,3,11,14,84,105,0,6,10,19,30,11
20191,R,전통시장,3130130,수유북부골목시장,24,16,8,0,0,2,9,5,8,0,0,2,8,1,5,0,0,0,1,4,3
20191,A,골목상권,3110395,신한은행 방학동지점,237,89,148,0,25,35,59,69,49,0,3,19,25,24,18,0,22,16,34,45,31
20191,A,골목상권,3110384,문이교,27,12,15,0,2,5,7,11,2,0,1,5,2,3,1,0,1,0,5,8,1
20191,R,전통시장,3130145,쌍문역둘리상점가,187,144,43,0,40,48,46,40,13,0,32,40,32,30,10,0,8,8,14,10,3
20191,A,골목상권,3110388,도봉우체국,79,37,42,1,10,11,26,16,15,0,5,3,11,9,9,1,5,8,15,7,6
20191,A,골목상권,3110404,신창초등학교,592,238,354,2,51,107,150,187,95,2,12,42,70,70,42,0,39,65,80,117,53
20191,D,발달상권,3120079,창동역,1807,944,863,7,267,325,498,376,334,3,79,157,263,207,235,4,188,168,235,169,99
20191,A,골목상권,3110439,당고개역 5번,82,33,49,0,7,13,22,26,14,0,2,8,11,9,3,0,5,5,11,17,11
20191,D,발달상권,3120082,상계백병원,603,219,384,2,89,145,177,120,70,1,26,43,55,54,40,1,63,102,122,66,30
20191,A,골목상권,3110420,광운대역 1번,176,90,86,1,27,40,53,31,24,0,5,24,34,16,11,1,22,16,19,15,13
20191,D,발달상권,3120085,은행사거리,1105,499,606,6,214,201,313,226,145,2,89,94,126,104,84,4,125,107,187,122,61
20191,D,발달상권,3120083,등나무근린공원,1215,552,663,4,162,240,317,287,205,2,63,112,144,109,122,2,99,128,173,178,83
20191,A,골목상권,3110430,중계초등학교,214,98,116,1,23,38,45,50,57,0,7,14,19,22,36,1,16,24,26,28,21
20191,D,발달상권,3120091,본서부병원,1133,487,646,9,161,253,303,241,166,2,47,125,159,84,70,7,114,128,144,157,96
20191,A,골목상권,3110474,세명컴퓨터고등학교,175,84,91,0,26,38,48,42,21,0,13,19,23,17,12,0,13,19,25,25,9
20191,A,골목상권,3110466,구산역 2번,163,96,67,1,19,36,48,35,24,1,9,19,30,21,16,0,10,17,18,14,8
20191,A,골목상권,3110498,증산역 1번,265,134,131,0,19,47,68,86,45,0,4,25,39,40,26,0,15,22,29,46,19
20191,A,골목상권,3110463,응암3동주민센터,291,119,172,2,78,66,60,49,36,1,31,35,20,16,16,1,47,31,40,33,20
20191,A,골목상권,3110451,증산역 4번,427,257,170,0,57,91,134,92,53,0,29,59,89,49,31,0,28,32,45,43,22
20191,A,골목상권,3110497,가좌역 3번,609,361,248,7,98,120,159,163,62,3,18,55,111,127,47,4,80,65,48,36,15
20191,R,전통시장,3130173,백련시장,8,4,4,0,0,2,1,4,1,0,0,2,0,1,1,0,0,0,1,3,0
20191,R,전통시장,3130181,아현가구거리상점가,151,85,66,0,25,17,48,31,30,0,10,7,31,15,22,0,15,10,17,16,8
20191,A,골목상권,3110520,경의중앙 신촌역,230,127,103,0,41,45,58,49,37,0,18,27,35,27,20,0,23,18,23,22,17
20191,R,전통시장,3130175,신촌 상인회(신촌상점가),990,284,706,9,673,221,53,21,13,2,177,71,22,6,6,7,496,150,31,15,7
20191,A,골목상권,3110511,연희초등학교,381,137,244,1,88,76,73,94,49,0,23,28,30,28,28,1,65,48,43,66,21
20191,D,발달상권,3120093,연희동,1268,588,680,1,238,245,320,248,216,0,88,118,164,99,119,1,150,127,156,149,97
20191,A,골목상권,3110534,경기대학교,138,75,63,0,5,31,34,37,31,0,5,22,21,15,12,0,0,9,13,22,19
20191,A,골목상권,3110519,서대문구보건소별관,328,165,163,0,41,63,78,101,45,0,12,29,42,52,30,0,29,34,36,49,15
20191,D,발달상권,3120095,홍제역,1173,438,735,3,174,225,294,291,186,1,41,77,94,117,108,2,133,148,200,174,78
20191,R,전통시장,3130186,망원시장,240,105,135,0,50,44,61,64,21,0,25,24,23,24,9,0,25,20,38,40,12
20191,A,골목상권,3110561,상수역 4번,461,263,198,0,117,156,100,54,34,0,48,95,64,36,20,0,69,61,36,18,14
20191,A,골목상권,3110567,광흥창역 6번,291,92,199,4,104,78,58,21,26,0,9,20,33,14,16,4,95,58,25,7,10
20191,R,전통시장,3130190,홍대소상공인상점가,685,389,296,8,319,141,118,63,36,3,180,87,73,30,16,5,139,54,45,33,20
20191,A,골목상권,3110551,성서초등학교,847,451,396,0,109,215,285,177,61,0,32,114,155,108,42,0,77,101,130,69,19
20191,A,골목상권,3110558,경성고등학교,3554,2455,1099,8,427,641,635,574,1269,3,177,365,391,384,1135,5,250,276,244,190,134
20191,A,골목상권,3110570,KB국민은행 서강지점,376,211,165,2,64,106,123,57,24,0,21,54,79,41,16,2,43,52,44,16,8
20191,A,골목상권,3110556,절두산순교성지,191,110,81,0,42,51,50,31,17,0,16,35,30,19,10,0,26,16,20,12,7
20191,D,발달상권,3120114,목동신시가지,12587,7880,4707,62,2069,3255,3550,2704,947,24,875,1948,2446,1966,621,38,1194,1307,1104,738,326
20191,A,골목상권,3110617,등촌역 4번,118,40,78,0,13,16,25,40,24,0,4,3,15,9,9,0,9,13,10,31,15
20191,R,전통시장,3130202,신영시장,173,72,101,0,13,26,41,45,48,0,5,14,15,16,22,0,8,12,26,29,26
20191,A,골목상권,3110608,신월2동주민센터,589,363,226,0,51,93,142,168,135,0,22,43,66,119,113,0,29,50,76,49,22
20191,A,골목상권,3110593,신월3동주민센터,514,216,298,0,44,83,137,149,101,0,18,38,71,52,37,0,26,45,66,97,64
20191,A,골목상권,3110604,신월4동주민센터,635,394,241,0,33,66,130,216,190,0,8,31,61,141,153,0,25,35,69,75,37
20191,A,골목상권,3110611,신정역 1번,325,142,183,0,33,39,85,90,78,0,13,18,44,39,28,0,20,21,41,51,50
20191,D,발달상권,3120118,마곡역(마곡),763,463,300,0,163,271,176,106,47,0,61,162,128,80,32,0,102,109,48,26,15
20191,A,골목상권,3110674,강서구청가양동별관,350,188,162,5,39,61,58,91,96,4,13,35,33,41,62,1,26,26,25,50,34
20191,A,골목상권,3110677,등촌역 1번,384,307,77,4,39,58,80,104,99,4,26,43,56,84,94,0,13,15,24,20,5
20191,A,골목상권,3110633,개화산역 1번,82,35,47,1,13,18,23,16,11,0,4,6,13,7,5,1,9,12,10,9,6
20191,A,골목상권,3110673,뜸부기어린이공원,660,369,291,5,97,153,164,166,75,3,31,101,97,88,49,2,66,52,67,78,26
20191,A,골목상권,3110670,신곡초등학교,204,77,127,0,27,45,58,48,26,0,2,15,20,24,16,0,25,30,38,24,10
20191,A,골목상권,3110666,KC대학교,234,82,152,0,25,50,68,71,20,0,13,17,22,20,10,0,12,33,46,51,10
20191,A,골목상권,3110700,고척초등학교,692,430,262,2,48,111,168,190,173,0,26,60,97,118,129,2,22,51,71,72,44
20191,A,골목상권,3110698,개웅초등학교(개웅중학교),169,76,93,0,29,36,39,43,22,0,7,14,16,23,16,0,22,22,23,20,6
20191,R,전통시장,3130225,개봉중앙시장,316,93,223,2,42,59,77,82,54,0,8,18,25,21,21,2,34,41,52,61,33
20191,A,골목상권,3110708,화원어린이공원,166,74,92,0,40,37,35,43,11,0,13,13,20,18,10,0,27,24,15,25,1
20191,D,발달상권,3120125,구로역,21296,12403,8893,56,2851,6223,5883,4116,2167,31,1330,3279,3464,2701,1598,25,1521,2944,2419,1415,569
20191,A,골목상권,3110722,G타워,245,166,79,1,30,57,73,42,42,0,16,39,56,27,28,1,14,18,17,15,14
20191,D,발달상권,3120129,구로디지털단지,77683,47314,30369,390,17575,25917,18243,9931,5627,230,8304,17221,12415,5519,3625,160,9271,8696,5828,4412,2002
20191,A,골목상권,3110683,오류고등학교,127,64,63,0,12,19,41,43,12,0,2,11,26,17,8,0,10,8,15,26,4
20191,A,골목상권,3110723,가산디지털단지역 1번 출입구,337,276,61,2,9,22,74,145,85,2,4,12,57,124,77,0,5,10,17,21,8
20191,A,골목상권,3110726,금천철쭉어린이공원(금하마을),128,60,68,0,11,18,33,39,27,0,6,10,17,15,12,0,5,8,16,24,15
20191,A,골목상권,3110741,독산2동주민센터,299,75,224,0,31,43,81,92,52,0,6,12,20,19,18,0,25,31,61,73,34
20191,A,골목상권,3110749,금산초등학교(금천고등학교),489,285,204,0,42,74,124,109,140,0,21,43,61,53,107,0,21,31,63,56,33
20191,A,골목상권,3110739,시흥3동 우편취급국,106,83,23,1,6,27,35,24,13,0,5,21,28,17,12,1,1,6,7,7,1
20191,A,골목상권,3110784,신대림초등학교,136,43,93,0,2,13,24,58,39,0,0,5,11,18,9,0,2,8,13,40,30
20191,A,골목상권,3110804,신풍역 1번,373,173,200,1,35,77,108,93,59,0,12,33,50,50,28,1,23,44,58,43,31
20191,D,발달상권,3120150,63빌딩,13371,6707,6664,19,1969,3370,4094,3056,863,8,796,1885,2193,1549,276,11,1173,1485,1901,1507,587
20191,D,발달상권,3120146,한강성심병원,5467,3639,1828,6,602,1207,1365,1205,1082,4,289,742,974,905,725,2,313,465,391,300,357
20191,A,골목상권,3110788,영등포시장역 3번,113,53,60,1,21,18,21,35,17,0,3,9,10,17,14,1,18,9,11,18,3
20191,A,골목상권,3110803,신길2동우편취급국,219,97,122,1,27,34,56,58,43,1,12,17,26,20,21,0,15,17,30,38,22
20191,R,전통시장,3130248,영등포역지하도상점가,948,342,606,10,141,77,108,328,284,3,68,34,39,74,124,7,73,43,69,254,160
20191,A,골목상권,3110832,노량진초등학교,413,214,199,1,62,143,97,59,51,0,18,66,66,34,30,1,44,77,31,25,21
20191,A,골목상권,3110829,장승배기역 5번,612,417,195,0,192,162,88,88,82,0,168,115,47,44,43,0,24,47,41,44,39
20191,R,전통시장,3130263,신노량진시장(기능상실),30,12,18,0,1,5,7,11,6,0,0,1,3,6,2,0,1,4,4,5,4
20191,A,골목상권,3110822,신대방삼거리역 4번(대림초등학교),69,38,31,0,8,20,16,17,8,0,7,11,6,9,5,0,1,9,10,8,3
20191,A,골목상권,3110850,사당역 10번,973,510,463,0,143,197,284,196,153,0,72,116,161,87,74,0,71,81,123,109,79
20191,R,전통시장,3130274,사당1동먹자골목상점가(사당1동먹자골목),481,259,222,1,84,102,118,114,62,0,34,63,69,58,35,1,50,39,49,56,27
20191,A,골목상권,3110848,양지어린이공원,561,358,203,0,60,121,177,125,78,0,15,69,114,97,63,0,45,52,63,28,15
20191,D,발달상권,3120156,"총신대입구역(이수, 총신대)",5416,2463,2953,21,944,1270,1362,1136,683,12,375,677,673,404,322,9,569,593,689,732,361
20191,A,골목상권,3110825,신대방삼거리역 1번,369,116,253,1,43,72,82,114,57,0,10,33,29,26,18,1,33,39,53,88,39
20191,D,발달상권,3120158,녹두거리(대학동),1295,799,496,7,145,203,343,406,191,4,64,123,228,265,115,3,81,80,115,141,76
20191,A,골목상권,3110875,보라매동주민센터(당곡고등학교),58,24,34,0,8,12,21,15,2,0,2,2,9,9,2,0,6,10,12,6,0
20191,A,골목상권,3110878,미림여고,52,25,27,0,10,12,11,10,9,0,3,6,5,4,7,0,7,6,6,6,2
20191,A,골목상권,3110891,구암초등학교,93,43,50,1,10,11,36,29,6,1,5,5,14,14,4,0,5,6,22,15,2
20191,R,전통시장,3130280,신림종합시장,50,29,21,0,1,11,12,18,8,0,1,8,8,4,8,0,0,3,4,14,0
20191,A,골목상권,3110855,신대방역 2번,985,532,453,0,112,221,238,234,180,0,38,149,117,128,100,0,74,72,121,106,80
20191,R,전통시장,3130275,강남골목시장,63,30,33,4,5,9,13,16,16,1,1,4,6,8,10,3,4,5,7,8,6
20191,R,전통시장,3130276,신림중앙시장(조원동 펭귄시장),59,39,20,1,2,5,14,12,25,0,1,3,9,9,17,1,1,2,5,3,8
20191,A,골목상권,3110892,관악구 중앙길,771,327,444,5,127,162,166,186,125,2,28,58,85,94,60,3,99,104,81,92,65
20191,R,전통시장,3130291,봉천제일종합시장,4,3,1,0,2,2,0,0,0,0,1,2,0,0,0,0,1,0,0,0,0
20191,A,골목상권,3110924,반포4동주민센터(몽마르뜨공원),270,119,151,2,52,58,56,59,43,0,21,30,20,28,20,2,31,28,36,31,23
20191,D,발달상권,3120164,내방역,9984,4665,5319,34,1811,2570,2644,1924,1001,12,732,1301,1170,805,645,22,1079,1269,1474,1119,356
20191,A,골목상권,3110905,방배노인종합복지관(이수중학교),306,155,151,1,43,76,68,76,42,0,17,43,40,38,17,1,26,33,28,38,25
20191,A,골목상권,3110920,방배역 2번(백석예술대학교),490,245,245,0,85,82,153,122,48,0,24,44,80,65,32,0,61,38,73,57,16
20191,A,골목상권,3110928,서초우방유쉘아파트,349,183,166,0,93,143,64,30,19,0,36,67,42,24,14,0,57,76,22,6,5
20191,D,발달상권,3120205,매봉역,11753,6287,5466,28,1999,2492,2264,1792,3178,12,948,1522,1319,922,1564,16,1051,970,945,870,1614
20191,R,전통시장,3130301,양재시장,281,141,140,2,52,55,73,50,49,1,21,30,38,25,26,1,31,25,35,25,23
20191,A,골목상권,3110942,염곡동 구룡사(포이동성당),2475,1372,1103,3,343,593,694,493,349,1,140,363,381,277,210,2,203,230,313,216,139
20191,A,골목상권,3110952,논현목련공원,146,63,83,0,36,46,29,25,10,0,10,23,10,13,7,0,26,23,19,12,3
20191,D,발달상권,3120207,선정릉역,14257,7837,6420,65,3408,4905,3447,1624,808,23,1241,2720,2230,1053,570,42,2167,2185,1217,571,238
20191,R,전통시장,3130305,논현종합시장,164,103,61,0,47,58,31,20,8,0,24,40,19,14,6,0,23,18,12,6,2
20191,D,발달상권,3120217,대치사거리,4390,2584,1806,12,919,1536,1031,566,326,6,448,1020,613,271,226,6,471,516,418,295,100
20191,A,골목상권,3110975,매봉역 1번,466,271,195,3,79,136,122,89,37,1,46,86,69,47,22,2,33,50,53,42,15
20191,A,골목상권,3110964,싸리고개근린공원,150,80,70,0,26,49,30,27,18,0,9,27,16,14,14,0,17,22,14,13,4
20191,D,발달상권,3120216,경기고교사거리(경기고교앞사거리),6433,4385,2048,19,972,1850,1837,928,827,10,417,1255,1507,699,497,9,555,595,330,229,330
20191,D,발달상권,3120195,성수대교남단,6338,2851,3487,145,2215,2124,984,518,352,51,854,993,547,217,189,94,1361,1131,437,301,163
20191,R,전통시장,3130304,신사상가,39,20,19,0,3,10,6,15,5,0,0,5,4,9,2,0,3,5,2,6,3
20191,A,골목상권,3110954,국기원,410,236,174,2,145,131,84,36,12,0,68,84,56,22,6,2,77,47,28,14,6
20191,A,골목상권,3110969,베르사이유1아파트,1181,618,563,3,326,416,211,124,101,0,117,243,128,73,57,3,209,173,83,51,44
20191,A,골목상권,3110987,영동대교남단,170,85,85,0,35,59,39,20,17,0,10,32,20,10,13,0,25,27,19,10,4
20191,A,골목상권,3111025,경찰병원역 3번,172,97,75,0,24,32,40,47,29,0,10,17,23,25,22,0,14,15,17,22,7
20191,D,발달상권,3120239,오금역,4420,2591,1829,7,776,1111,1108,771,647,6,353,700,727,395,410,1,423,411,381,376,237
20191,A,골목상권,3111024,경찰병원역 4번(건너말공원),224,144,80,0,33,61,51,57,22,0,18,36,34,42,14,0,15,25,17,15,8
20191,D,발달상권,3120234,가락시장역,9001,5559,3442,76,1602,2317,2155,1622,1229,42,734,1374,1409,1101,899,34,868,943,746,521,330
20191,A,골목상권,3111041,거여역 8번,139,76,63,0,3,14,28,34,60,0,2,9,17,15,33,0,1,5,11,19,27
20191,A,골목상권,3111045,개미어린이공원,51,20,31,0,1,8,12,18,12,0,0,3,4,9,4,0,1,5,8,9,8
20191,A,골목상권,3111047,마천1치안센터,152,84,68,0,11,29,39,45,28,0,7,18,26,20,13,0,4,11,13,25,15
20191,A,골목상권,3111027,문정초등학교,1225,616,609,4,151,242,282,239,307,3,53,133,162,102,163,1,98,109,120,137,144
20191,A,골목상권,3111021,방이역 4번,4742,3114,1628,31,660,1026,957,829,1239,9,268,623,618,553,1043,22,392,403,339,276,196
20191,U,관광특구,3001495,잠실 관광특구,25171,14675,10496,218,5709,6542,5207,4631,2864,96,2688,3895,3240,2936,1820,122,3021,2647,1967,1695,1044
20191,A,골목상권,3111016,송파역 2번,3850,1592,2258,12,1125,1106,815,624,168,7,332,542,472,168,71,5,793,564,343,456,97
20191,A,골목상권,3111035,오금공원(오주중학교),502,279,223,1,38,75,127,152,109,0,20,44,78,85,52,1,18,31,49,67,57
20191,A,골목상권,3111030,방이역 2번,2564,1892,672,2,98,165,166,252,1881,2,49,119,106,129,1487,0,49,46,60,123,394
20191,A,골목상권,3111003,삼전역 4번,2097,1296,801,20,275,516,574,447,265,13,130,326,376,272,179,7,145,190,198,175,86
20191,A,골목상권,3111033,문정동성당,207,99,108,0,13,36,47,56,55,0,6,22,17,29,25,0,7,14,30,27,30
20191,R,전통시장,3130314,풍납시장,350,130,220,1,32,66,91,92,68,0,10,28,30,26,36,1,22,38,61,66,32
20191,A,골목상권,3111071,천동초등학교,54,37,17,0,1,16,17,14,6,0,1,10,10,12,4,0,0,6,7,2,2
20191,A,골목상권,3111082,중앙보훈병원,60,38,22,0,8,5,14,20,13,0,6,2,6,14,10,0,2,3,8,6,3
20191,A,골목상권,3111050,강동구청(강동구청역 2번),88,49,39,0,17,26,21,17,7,0,9,13,9,13,5,0,8,13,12,4,2
20191,A,골목상권,3111061,암사역 1번,491,237,254,0,52,113,140,122,64,0,27,61,57,53,39,0,25,52,83,69,25
20191,A,골목상권,3110018,중앙고등학교,603,269,334,1,157,200,128,72,45,1,55,91,63,34,25,0,102,109,65,38,20
20191,D,발달상권,3120001,서대문역,24072,11653,12419,79,4748,7830,6637,4430,348,28,1345,3550,3122,3374,234,51,3403,4280,3515,1056,114
20191,A,골목상권,3110002,독립문역 1번,657,160,497,0,172,164,153,112,56,0,26,45,44,27,18,0,146,119,109,85,38
20191,A,골목상권,3110005,세검정,462,179,283,2,75,145,109,65,66,2,16,48,54,31,28,0,59,97,55,34,38
20191,A,골목상권,3110025,충신시장옆,496,320,176,0,72,147,147,92,38,0,44,101,97,47,31,0,28,46,50,45,7
20191,R,전통시장,3130004,낙원시장(낙원지하시장(대일상가)),421,293,128,0,42,89,93,86,111,0,29,68,66,56,74,0,13,21,27,30,37
20191,D,발달상권,3120010,원남동사거리,4284,2685,1599,33,1013,1400,1004,600,234,2,433,933,741,402,174,31,580,467,263,198,60
20191,A,골목상권,3110026,종로5가역 4번,255,161,94,1,31,58,73,56,36,1,14,34,41,40,31,0,17,24,32,16,5
20191,R,전통시장,3130001,통인시장,282,188,94,2,75,118,35,33,19,0,51,90,23,17,7,2,24,28,12,16,12
20191,A,골목상권,3110048,장충동주민센터,1231,648,583,0,288,402,252,202,87,0,106,199,157,130,56,0,182,203,95,72,31
20191,A,골목상권,3110046,버티고개,22,13,9,0,4,4,4,8,2,0,0,2,2,7,2,0,4,2,2,1,0
20191,R,전통시장,3130053,백학시장,386,202,184,1,50,98,109,90,38,1,17,57,63,44,20,0,33,41,46,46,18
20191,D,발달상권,3120026,을지로입구역,57558,31065,26493,170,9909,21790,16640,8040,1009,36,3396,10249,10437,6296,651,134,6513,11541,6203,1744,358
20191,D,발달상권,3120023,서울시청,19483,9145,10338,167,7603,5204,3509,2230,770,36,2505,2475,2032,1569,528,131,5098,2729,1477,661,242
20191,A,골목상권,3110044,관성묘,959,631,328,5,164,371,267,105,47,3,44,231,220,95,38,2,120,140,47,10,9
20191,A,골목상권,3110591,충정로역 6번,88,52,36,0,11,22,22,26,7,0,7,10,18,13,4,0,4,12,4,13,3
20191,A,골목상권,3110055,황학동벼룩시장,124,82,42,0,16,34,23,26,25,0,9,21,18,16,18,0,7,13,5,10,7
20191,R,전통시장,3130025,삼익패션타운(남대문시장),1107,889,218,31,260,209,308,229,70,24,215,163,241,192,54,7,45,46,67,37,16
20191,A,골목상권,3110065,남정초등학교,671,530,141,0,139,348,105,50,29,0,104,298,81,31,16,0,35,50,24,19,13
20191,A,골목상권,3110579,마포역 4번,798,466,332,3,183,282,163,110,57,1,77,136,121,88,43,2,106,146,42,22,14
20191,A,골목상권,3110082,용산구청,2202,1118,1084,3,258,559,545,580,257,2,79,218,257,403,159,1,179,341,288,177,98
20191,A,골목상권,3110066,서울역 15번,1332,930,402,6,201,341,272,213,299,4,114,237,188,129,258,2,87,104,84,84,41
20191,A,골목상권,3110070,용산세무서,195,125,70,0,25,56,60,23,31,0,5,42,38,14,26,0,20,14,22,9,5
20191,A,골목상권,3110095,한강진역 3번,1077,464,613,4,314,337,202,115,105,0,112,175,111,33,33,4,202,162,91,82,72
20191,A,골목상권,3110109,금호삼성래미안아파트,334,162,172,0,45,82,82,71,54,0,13,45,38,33,33,0,32,37,44,38,21
20191,R,전통시장,3130064,금남시장,111,27,84,0,14,18,19,27,33,0,1,5,10,5,6,0,13,13,9,22,27
20191,R,전통시장,3130068,마장축산물시장,3161,2129,1032,2,354,848,888,688,381,1,233,615,596,449,235,1,121,233,292,239,146
20191,A,골목상권,3110127,성수1가1동주민센터,958,476,482,21,246,301,199,147,44,11,88,169,104,77,27,10,158,132,95,70,17
20191,A,골목상권,3110131,성수동카페거리,7598,4690,2908,45,1887,2190,1691,1098,687,21,928,1407,1122,747,465,24,959,783,569,351,222
20191,A,골목상권,3110137,성수초등학교,16565,10296,6269,110,3710,4521,3798,2928,1498,72,1949,3071,2393,1685,1126,38,1761,1450,1405,1243,372
20191,D,발달상권,3120066,장한평역(장한평),13719,8378,5341,77,2471,3126,2971,2618,2456,24,1158,1947,1873,1597,1779,53,1313,1179,1098,1021,677
20191,A,골목상권,3110118,왕십리역 9번,811,404,407,3,155,157,180,164,152,3,62,71,88,78,102,0,93,86,92,86,50
20191,A,골목상권,3110179,광나루역 1번,434,265,169,1,68,107,134,84,40,1,28,62,91,53,30,0,40,45,43,31,10
20191,A,골목상권,3110180,광진정보도서관,2198,1168,1030,16,456,451,529,482,264,10,152,266,337,240,163,6,304,185,192,242,101
20191,A,골목상권,3110155,광진구청,1612,1320,292,4,128,239,490,588,163,3,67,175,423,518,134,1,61,64,67,70,29
20191,D,발달상권,3120053,건대입구역(건대),3636,1730,1906,43,1024,878,688,544,459,18,415,473,363,220,241,25,609,405,325,324,218
20191,A,골목상권,3110212,답십리초등학교,358,169,189,0,44,78,88,78,70,0,10,37,48,37,37,0,34,41,40,41,33
20191,A,골목상권,3110204,간데메공원,434,247,187,0,67,93,110,95,69,0,37,50,60,59,41,0,30,43,50,36,28
20191,A,골목상권,3110195,동대문구청,469,226,243,1,53,80,99,137,99,1,24,46,49,58,48,0,29,34,50,79,51
20191,A,골목상권,3110192,동의보감타워,374,203,171,0,58,81,105,83,47,0,23,49,62,40,29,0,35,32,43,43,18
20191,A,골목상권,3110229,장평중학교,1547,981,566,1,194,302,366,395,289,0,77,184,217,252,251,1,117,118,149,143,38
20191,D,발달상권,3120063,청량리역(청량리),2580,1074,1506,40,605,490,508,513,424,20,252,205,189,181,227,20,353,285,319,332,197
20191,R,전통시장,3130094,청량리청과물시장,174,93,81,0,19,43,41,25,46,0,4,21,22,12,34,0,15,22,19,13,12
20191,R,전통시장,3130087,경동광성상가(경동시장),139,77,62,0,18,14,32,34,41,0,8,11,23,17,18,0,10,3,9,17,23
20191,A,골목상권,3110196,홍릉근린공원,44,18,26,0,2,5,18,13,6,0,1,2,9,4,2,0,1,3,9,9,4
20191,A,골목상권,3110277,러스크서울병원,573,271,302,0,89,126,146,132,80,0,30,66,76,58,41,0,59,60,70,74,39
20191,A,골목상권,3110278,망우본동주민센터,573,261,312,1,77,97,163,144,91,0,34,42,66,65,54,1,43,55,97,79,37
20191,A,골목상권,3110260,면목역 3번,236,97,139,0,26,42,70,68,30,0,9,16,25,30,17,0,17,26,45,38,13
20191,A,골목상권,3110250,화랑대역 7번,142,75,67,2,23,31,35,34,17,2,9,14,17,19,14,0,14,17,18,15,3
20191,A,골목상권,3110272,신내1동주민센터,1249,840,409,3,110,226,322,369,219,2,46,143,208,262,179,1,64,83,114,107,40
20191,A,골목상권,3110251,장안중학교,210,107,103,0,28,40,62,56,24,0,11,21,24,32,19,0,17,19,38,24,5
20191,A,골목상권,3110239,중랑역 2번,13,2,11,0,0,1,3,3,6,0,0,0,0,1,1,0,0,1,3,2,5
20191,A,골목상권,3110235,세화어린이공원,15,11,4,0,2,2,3,6,2,0,1,1,3,5,1,0,1,1,0,1,1
20191,A,골목상권,3110244,중화역 4번,963,621,342,1,26,91,133,130,582,1,10,48,81,57,424,0,16,43,52,73,158
20191,A,골목상권,3110306,미아초등학교,116,68,48,0,13,27,33,24,19,0,8,20,15,16,9,0,5,7,18,8,10
20191,A,골목상권,3110296,성신여대입구역 4번,181,53,128,0,26,45,47,36,27,0,2,19,15,10,7,0,24,26,32,26,20
20191,A,골목상권,3110304,보문역 4번,523,244,279,6,108,87,137,121,64,2,46,49,71,54,22,4,62,38,66,67,42
20191,A,골목상권,3110334,석관중앙교회,254,116,138,0,30,55,59,64,46,0,11,24,28,36,17,0,19,31,31,28,29
20191,A,골목상권,3110333,돌곶이역 5번,1210,887,323,0,49,66,69,121,905,0,21,35,33,64,734,0,28,31,36,57,171
20191,A,골목상권,3110336,석관고등학교,385,293,92,0,11,51,108,137,78,0,7,39,92,104,51,0,4,12,16,33,27
20191,R,전통시장,3130128,돌곶이시장(석관황금시장),39,23,16,0,7,9,16,4,3,0,4,7,8,3,1,0,3,2,8,1,2
20191,A,골목상권,3110335,석계역 7번,661,392,269,5,79,122,169,175,111,1,38,72,95,109,77,4,41,50,74,66,34
20191,A,골목상권,3110312,안암역 2번,438,238,200,5,62,96,123,102,50,2,31,63,71,44,27,3,31,33,52,58,23
20191,A,골목상권,3110318,KT월곡지사,391,225,166,0,43,81,107,97,63,0,25,53,74,45,28,0,18,28,33,52,35
20191,A,골목상권,3110321,동덕여대,42,5,37,0,2,0,13,13,14,0,2,0,0,3,0,0,0,0,13,10,14
20191,R,전통시장,3130122,밤나무골시장,25,5,20,0,6,5,4,6,4,0,0,3,0,2,0,0,6,2,4,4,4
20191,A,골목상권,3110324,월곡역 4번,138,62,76,2,57,35,21,15,8,0,16,21,14,7,4,2,41,14,7,8,4
20191,A,골목상권,3110327,상월곡역 2번,263,133,130,2,24,52,75,63,47,0,9,25,37,28,34,2,15,27,38,35,13
20191,R,전통시장,3130125,장위전통시장,127,68,59,0,10,17,32,37,31,0,7,8,21,19,13,0,3,9,11,18,18
20191,A,골목상권,3110418,광운대학교 남단,134,81,53,2,14,21,32,43,22,2,9,16,19,23,12,0,5,5,13,20,10
20191,A,골목상권,3110287,정릉3동주민센터,93,42,51,0,21,15,24,20,13,0,9,7,10,9,7,0,12,8,14,11,6
20191,A,골목상권,3110289,북한산보국문역 2번,145,93,52,0,13,20,44,44,24,0,3,14,28,26,22,0,10,6,16,18,2
20191,A,골목상권,3110282,국민대학교앞,102,63,39,0,19,32,23,18,10,0,9,20,16,10,8,0,10,12,7,8,2
20191,A,골목상권,3110319,종암동주민센터,342,157,185,0,55,71,77,82,57,0,20,32,37,42,26,0,35,39,40,40,31
20191,A,골목상권,3110349,화계역 2번,17,2,15,0,4,4,7,2,0,0,0,0,2,0,0,0,4,4,5,2,0
20191,A,골목상권,3110366,광산사거리,186,123,63,0,14,32,46,59,35,0,10,20,25,40,28,0,4,12,21,19,7
20191,A,골목상권,3110338,인수초등학교,53,34,19,2,3,10,16,13,9,2,2,6,8,8,8,0,1,4,8,5,1
20191,A,골목상권,3110397,도봉산입구,656,363,293,3,54,96,158,196,149,1,20,49,70,113,110,2,34,47,88,83,39
20191,A,골목상권,3110413,누원고등학교,315,89,226,1,39,45,71,86,73,0,12,22,23,20,12,1,27,23,48,66,61
20191,A,골목상권,3110398,쌍문2동우체국,1079,769,310,9,70,138,175,223,464,6,31,96,100,146,390,3,39,42,75,77,74
20191,D,발달상권,3120086,태릉입구역,1352,708,644,3,231,318,300,287,213,1,115,175,156,141,120,2,116,143,144,146,93
20191,A,골목상권,3110435,서울과학기술대,71,37,34,1,17,11,15,17,10,1,8,6,8,9,5,0,9,5,7,8,5
20191,A,골목상권,3110422,노원역 9번,134,50,84,0,11,17,35,42,29,0,4,7,16,11,12,0,7,10,19,31,17
20191,A,골목상권,3110414,장석교회,302,241,61,1,12,34,47,102,106,1,5,21,36,83,95,0,7,13,11,19,11
20191,R,전통시장,3130156,시영2단지 무지개종합상가(중계 무지개2단지아파트상가),32,12,20,0,3,4,7,13,5,0,1,3,0,4,4,0,2,1,7,9,1
20191,D,발달상권,3120090,연신내역,1192,394,798,13,252,225,290,233,179,8,56,80,101,73,76,5,196,145,189,160,103
20191,A,골목상권,3110458,선일여고,233,100,133,0,32,41,66,56,38,0,17,20,20,20,23,0,15,21,46,36,15
20191,A,골목상권,3110477,은평세무서,862,394,468,3,92,158,222,232,155,0,26,64,112,109,83,3,66,94,110,123,72
20191,A,골목상권,3110489,불광역 3번,76,25,51,0,14,11,27,17,7,0,3,1,12,6,3,0,11,10,15,11,4
20191,A,골목상권,3110480,연신내역 3번,101,37,64,0,18,23,24,21,15,0,4,9,11,7,6,0,14,14,13,14,9
20191,A,골목상권,3110485,연신내우체국,146,47,99,0,10,43,32,34,27,0,4,13,15,9,6,0,6,30,17,25,21
20191,A,골목상권,3110482,연신초등학교,53,19,34,0,1,7,21,14,10,0,0,4,7,4,4,0,1,3,14,10,6
20191,A,골목상권,3110478,응암1동주민센터,437,162,275,2,58,63,118,120,76,2,23,26,43,37,31,0,35,37,75,83,45
20191,D,발달상권,3120089,구파발역,566,219,347,18,169,144,115,84,36,9,52,74,44,23,17,9,117,70,71,61,19
20191,A,골목상권,3110503,명지대학교교회,539,366,173,2,55,69,111,158,144,1,29,43,62,111,120,1,26,26,49,47,24
20191,R,전통시장,3130179,"이화여대 3,5,7길 상점가",613,277,336,17,161,140,110,106,79,4,63,61,56,55,38,13,98,79,54,51,41
20191,A,골목상권,3110510,홍연시장,198,121,77,0,12,42,68,51,25,0,7,27,44,30,13,0,5,15,24,21,12
20191,A,골목상권,3110537,충정로현대아파트,1001,585,416,3,130,263,250,203,152,0,38,135,164,149,99,3,92,128,86,54,53
20191,R,전통시장,3130176,유진상가,391,173,218,6,84,115,101,69,16,3,35,46,39,37,13,3,49,69,62,32,3
20191,R,전통시장,3130177,인왕시장(홍제골목형상점가),122,38,84,0,5,17,20,21,59,0,2,8,5,6,17,0,3,9,15,15,42
20191,D,발달상권,3120107,공덕역(공덕오거리),21422,12101,9321,83,4243,6116,5671,4165,1144,40,1865,3590,3550,2339,717,43,2378,2526,2121,1826,427
20191,A,골목상권,3110576,대흥역 3번,1617,1127,490,77,460,438,359,206,77,31,289,330,286,148,43,46,171,108,73,58,34
20191,D,발달상권,3120106,마포역,16440,9840,6600,87,2856,3922,3769,3283,2523,33,1338,2460,2547,1853,1609,54,1518,1462,1222,1430,914
20191,D,발달상권,3120100,망원역,3166,1439,1727,34,866,759,647,588,272,18,393,393,304,182,149,16,473,366,343,406,123
20191,A,골목상권,3110541,동교초등학교,582,361,221,0,69,118,157,126,112,0,47,66,98,69,81,0,22,52,59,57,31
20191,R,전통시장,3130183,상암동상점가,1424,891,533,12,260,425,384,259,84,8,134,291,281,136,41,4,126,134,103,123,43
20191,A,골목상권,3110563,상수역 3번,566,395,171,11,168,180,100,60,47,11,110,134,77,36,27,0,58,46,23,24,20
20191,R,전통시장,3130189,서교시장,200,106,94,3,54,47,35,17,44,1,17,30,22,8,28,2,37,17,13,9,16
20191,A,골목상권,3110571,신수동주민센터,844,446,398,3,114,285,263,122,57,0,46,179,140,48,33,3,68,106,123,74,24
20191,A,골목상권,3110581,염리초등학교,221,64,157,0,82,69,29,25,16,0,14,11,13,13,13,0,68,58,16,12,3
20191,A,골목상권,3110546,양화대교북단,695,363,332,1,229,260,123,59,23,0,93,135,85,36,14,1,136,125,38,23,9
20191,R,전통시장,3130208,목동깨비시장(목3동시장),615,306,309,0,100,156,160,129,70,0,48,91,76,50,41,0,52,65,84,79,29
20191,A,골목상권,3110599,신월1파출소,345,180,165,0,34,45,106,103,57,0,13,24,49,60,34,0,21,21,57,43,23
20191,A,골목상권,3110598,신월문화체육센터,314,109,205,0,31,60,93,78,52,0,8,27,24,25,25,0,23,33,69,53,27
20191,A,골목상권,3110600,신월7동주민센터,557,343,214,1,45,70,127,159,155,1,23,37,69,97,116,0,22,33,58,62,39
20191,A,골목상권,3110613,신정네거리역 4번,64,27,37,1,5,7,18,20,13,0,3,2,7,9,6,1,2,5,11,11,7
20191,R,전통시장,3130206,신정3동 골목시장,34,9,25,0,0,6,15,7,6,0,0,0,2,2,5,0,0,6,13,5,1
20191,A,골목상권,3110609,신정네거리역 2번,27,13,14,2,2,7,2,7,7,2,1,4,1,2,3,0,1,3,1,5,4
20191,A,골목상권,3110648,양천향교역 7번,922,480,442,9,179,297,221,137,79,1,68,144,140,73,54,8,111,153,81,64,25
20191,A,골목상권,3110676,등촌역 7번,209,88,121,0,25,37,50,58,39,0,15,21,21,20,11,0,10,16,29,38,28
20191,R,전통시장,3130218,신월중앙시장,217,92,125,1,37,54,50,50,25,1,14,22,24,21,10,0,23,32,26,29,15
20191,A,골목상권,3110667,가양역 10번,499,246,253,12,92,98,126,126,45,7,37,55,55,61,31,5,55,43,71,65,14
20191,A,골목상권,3110679,염창역 2번,1706,1268,438,11,327,644,436,201,87,8,192,495,361,142,70,3,135,149,75,59,17
20191,A,골목상권,3110653,화곡역 2번,327,125,202,1,36,60,78,72,80,0,12,31,30,21,31,1,24,29,48,51,49
20191,A,골목상권,3110655,발산역 5번,1435,753,682,48,374,358,332,206,117,19,152,191,212,125,54,29,222,167,120,81,63
20191,R,전통시장,3130215,대원종합시장,27,19,8,0,1,2,4,11,9,0,0,2,2,6,9,0,1,0,2,5,0
20191,A,골목상권,3110661,강서새말어린이공원,484,317,167,0,45,72,131,151,85,0,24,44,94,94,61,0,21,28,37,57,24
20191,A,골목상권,3110658,화곡초등학교,173,86,87,0,10,45,41,40,37,0,3,26,20,15,22,0,7,19,21,25,15
20191,A,골목상권,3110721,가리봉파출소,701,295,406,0,94,113,119,153,222,0,50,61,39,38,107,0,44,52,80,115,115
20191,D,발달상권,3120130,구로디지털단지역,2272,1072,1200,7,446,477,527,456,359,4,165,230,256,194,223,3,281,247,271,262,136
20191,A,골목상권,3110684,서울공연예술고등학교,178,83,95,0,29,51,52,31,15,0,10,24,30,10,9,0,19,27,22,21,6
20191,A,골목상권,3110688,오류지구대,104,52,52,1,8,11,34,32,18,0,3,1,20,17,11,1,5,10,14,15,7
20191,D,발달상권,3120131,가산디지털단지,133553,85786,47767,626,29980,42532,33301,17757,9357,331,14967,28790,23515,11606,6577,295,15013,13742,9786,6151,2780
20191,A,골목상권,3110724,금천구립가산도서관,435,293,142,1,33,96,155,102,48,0,27,72,109,52,33,1,6,24,46,50,15
20191,A,골목상권,3110725,가산동주민센터,303,182,121,1,41,66,61,81,53,1,25,44,40,38,34,0,16,22,21,43,19
20191,R,전통시장,3130233,남문시장,124,56,68,0,9,20,34,49,12,0,4,7,18,19,8,0,5,13,16,30,4
20191,A,골목상권,3110736,독산119안전센터,427,182,245,2,42,64,129,121,69,0,13,29,45,49,46,2,29,35,84,72,23
20191,A,골목상권,3110789,대림성모병원,764,293,471,0,145,169,179,172,99,0,23,69,70,82,49,0,122,100,109,90,50
20191,A,골목상권,3110769,대림차이나타운(대림역 12번),77,30,47,0,9,23,22,16,7,0,2,14,7,6,1,0,7,9,15,10,6
20191,A,골목상권,3110761,문래동남성맨션,339,238,101,2,58,80,68,79,52,0,39,55,46,60,38,2,19,25,22,19,14
20191,A,골목상권,3110787,신길3동주민센터,252,137,115,0,22,60,56,66,48,0,7,33,34,31,32,0,15,27,22,35,16
20191,D,발달상권,3120148,국회의사당역(국회의사당),40641,24099,16542,137,9591,14214,9282,5094,2323,34,3796,8376,6597,3691,1605,103,5795,5838,2685,1403,718
20191,R,전통시장,3130253,영신상가(제일상가),78,48,30,0,7,14,10,24,23,0,4,11,3,11,19,0,3,3,7,13,4
20191,R,전통시장,3130254,남서울상가,11,8,3,0,1,1,2,3,4,0,1,1,1,2,3,0,0,0,1,1,1
20191,A,골목상권,3110782,영등포시장역 4번,165,94,71,3,27,36,47,38,14,0,9,21,30,23,11,3,18,15,17,15,3
20191,A,골목상권,3110809,장훈고등학교,334,154,180,1,46,56,96,82,53,1,20,32,55,28,18,0,26,24,41,54,35
20191,D,발달상권,3120153,노량진역(노량진),5979,3380,2599,24,710,1592,1497,1427,729,8,298,748,873,960,493,16,412,844,624,467,236
20191,A,골목상권,3110847,예술인마을,597,427,170,0,143,157,150,104,43,0,86,105,119,87,30,0,57,52,31,17,13
20191,A,골목상권,3110849,이수역 10번,425,279,146,4,25,74,128,109,85,1,13,46,83,78,58,3,12,28,45,31,27
20191,A,골목상권,3110843,사당5동주민센터,287,197,90,2,56,63,63,59,44,2,33,36,42,46,38,0,23,27,21,13,6
20191,A,골목상권,3110837,숭실대입구역 1번,614,258,356,6,91,147,166,109,95,1,32,73,66,41,45,5,59,74,100,68,50
20191,A,골목상권,3110838,상도1동주민센터앞,90,31,59,0,15,31,21,10,13,0,3,12,7,4,5,0,12,19,14,6,8
20191,D,발달상권,3120154,장승배기역,1018,516,502,0,102,172,253,291,200,0,31,73,143,174,95,0,71,99,110,117,105
20191,A,골목상권,3110827,NH농협은행 상도동지점,543,195,348,3,95,77,131,112,125,1,29,41,54,37,33,2,66,36,77,75,92
20191,A,골목상권,3110819,신대방역 4번,556,305,251,1,52,93,115,128,167,0,17,49,55,75,109,1,35,44,60,53,58
20191,A,골목상권,3110866,난우중학교,135,55,80,0,7,28,40,38,22,0,4,12,15,14,10,0,3,16,25,24,12
20191,A,골목상권,3110883,은천초등학교(은천교앞),346,198,148,1,54,83,96,77,35,1,34,52,53,42,16,0,20,31,43,35,19
20191,R,전통시장,3130288,신림현대종합상가,43,20,23,1,0,6,16,12,8,1,0,2,9,5,3,0,0,4,7,7,5
20191,R,전통시장,3130283,신원시장,122,28,94,0,11,9,26,39,37,0,4,4,5,8,7,0,7,5,21,31,30
20191,R,전통시장,3130289,봉일시장,86,43,43,0,3,9,21,34,19,0,2,5,12,11,13,0,1,4,9,23,6
20191,A,골목상권,3110947,청계산입구역 2번(내곡동주민센터),90,47,43,0,25,14,15,24,12,0,13,10,7,9,8,0,12,4,8,15,4
20191,A,골목상권,3110921,서울프랑스학교,140,69,71,0,27,31,39,22,21,0,17,15,21,6,10,0,10,16,18,16,11
20191,A,골목상권,3110908,구반포역,614,406,208,0,75,93,153,152,141,0,41,57,96,116,96,0,34,36,57,36,45
20191,D,발달상권,3120166,방배역,6569,3817,2752,54,1374,1709,1364,1036,1032,10,557,972,903,605,770,44,817,737,461,431,262
20191,A,골목상권,3110906,서문여고,380,214,166,1,54,80,104,74,67,1,19,45,64,42,43,0,35,35,40,32,24
20191,D,발달상권,3120161,방배동가구거리(사당동가구거리),1621,1009,612,2,258,499,364,239,259,0,112,341,266,162,128,2,146,158,98,77,131
20191,D,발달상권,3120173,교대역(법원.검찰청),24458,12749,11709,72,4612,7265,6164,3832,2513,22,1363,3414,3615,2483,1852,50,3249,3851,2549,1349,661
20191,A,골목상권,3110927,잠원역,138,51,87,0,30,36,34,21,17,0,2,10,15,14,10,0,28,26,19,7,7
20191,A,골목상권,3110994,개포고등학교,436,229,207,8,70,75,86,116,81,6,36,41,55,49,42,2,34,34,31,67,39
20191,A,골목상권,3110983,국립국악고등학교,754,510,244,0,86,166,166,188,148,0,37,113,116,121,123,0,49,53,50,67,25
20191,D,발달상권,3120194,언주역(차병원),14014,7709,6305,65,3581,4012,3138,2099,1119,26,1419,2281,2085,1122,776,39,2162,1731,1053,977,343
20191,A,골목상권,3110961,언주역 3번,1681,631,1050,5,561,575,312,124,104,1,108,184,177,86,75,4,453,391,135,38,29
20191,D,발달상권,3120211,도성초등학교,2055,952,1103,8,457,682,427,282,199,2,115,267,246,183,139,6,342,415,181,99,60
20191,R,전통시장,3130302,강남시장(강남구 강남시장),81,38,43,1,8,12,20,25,15,0,6,9,11,9,3,1,2,3,9,16,12
20191,A,골목상권,3110951,신사은행나무공원,276,150,126,1,87,110,36,29,13,1,35,69,22,15,8,0,52,41,14,14,5
20191,D,발달상권,3120204,르네상스호텔사거리,16137,9394,6743,52,3190,5311,3924,2120,1540,26,1342,3143,2606,1360,917,26,1848,2168,1318,760,623
20191,A,골목상권,3110972,강남세브란스병원미래의학연구센터,254,122,132,3,45,69,55,52,30,3,15,27,32,25,20,0,30,42,23,27,10
20191,D,발달상권,3120208,청담사거리(청담동명품거리),16140,5625,10515,120,5591,5993,2730,1126,580,26,1384,2157,1187,524,347,94,4207,3836,1543,602,233
20191,D,발달상권,3120214,영동대교남단교차로,5529,3378,2151,16,1076,1812,1272,876,477,3,433,1113,901,583,345,13,643,699,371,293,132
20191,R,전통시장,3130315,문정동 로데오거리 상점가(문정동 로데오거리),1516,829,687,9,253,365,377,286,226,5,124,199,210,147,144,4,129,166,167,139,82
20191,D,발달상권,3120241,거여역,2498,1338,1160,5,204,408,485,604,792,3,100,266,277,228,464,2,104,142,208,376,328
20191,A,골목상권,3111042,거여역 1번(거여공원),800,438,362,3,72,135,219,241,130,3,36,78,114,134,73,0,36,57,105,107,57
20191,R,전통시장,3130313,방이시장,1559,802,757,2,216,399,426,364,152,0,94,243,222,153,90,2,122,156,204,211,62
20191,A,골목상권,3111013,송파나루역 1번(송리단길),1965,1303,662,9,396,455,465,373,267,7,237,318,319,231,191,2,159,137,146,142,76
20191,D,발달상권,3120225,잠실새내역(신천),8651,4910,3741,40,1776,1928,2040,1588,1279,18,746,1034,1240,1007,865,22,1030,894,800,581,414
20191,A,골목상권,3111028,문현중학교(장지역 1번),659,349,310,0,72,125,188,175,99,0,31,72,96,85,65,0,41,53,92,90,34
20191,A,골목상권,3111031,장지동주민센터(한림연예예술고교),2986,1972,1014,8,230,374,588,753,1033,2,153,273,410,500,634,6,77,101,178,253,399
20191,A,골목상권,3111085,묘곡초등학교(고덕아이파크아파트),392,146,246,0,37,50,67,93,145,0,9,26,32,27,52,0,28,24,35,66,93
20191,A,골목상권,3111084,길동신동아아파트,55,31,24,0,14,19,7,6,9,0,6,14,3,3,5,0,8,5,4,3,4
20191,A,골목상권,3111079,둔촌고등학교(둔촌중학교),93,55,38,0,8,12,26,29,18,0,7,6,15,18,9,0,1,6,11,11,9
20191,A,골목상권,3111080,굽은다리역 3번,461,233,228,0,52,80,114,102,113,0,8,51,69,49,56,0,44,29,45,53,57
20191,A,골목상권,3110176,해오름공원,375,228,147,2,34,50,92,93,104,2,14,30,47,55,80,0,20,20,45,38,24
20191,A,골목상권,3111053,성내천어린이공원(하니사랑길),1752,917,835,5,290,560,476,283,138,1,111,263,263,169,110,4,179,297,213,114,28
20191,A,골목상권,3111054,암사역 4번(삼성광나루아파트),96,44,52,0,16,25,28,15,12,0,5,13,13,8,5,0,11,12,15,7,7
20191,A,골목상권,3111072,굽은다리역 1번(십자성마을),953,495,458,0,94,169,232,240,218,0,23,80,117,127,148,0,71,89,115,113,70
20191,A,골목상권,3111070,천호초등학교,92,31,61,0,3,13,21,28,27,0,1,7,10,6,7,0,2,6,11,22,20
20191,A,골목상권,3111048,천호역 1번(천호문구완구거리),171,108,63,1,23,55,36,34,22,0,9,33,27,22,17,1,14,22,9,12,5
20191,A,골목상권,3110017,정독도서관,403,144,259,2,124,141,74,45,17,2,29,48,35,20,10,0,95,93,39,25,7
20191,D,발달상권,3120009,종로3가역,12814,6614,6200,61,2331,2996,3064,2479,1883,20,847,1488,1652,1372,1235,41,1484,1508,1412,1107,648
20191,R,전통시장,3130005,세운상가가동,558,377,181,0,53,133,141,129,102,0,21,94,101,84,77,0,32,39,40,45,25
20191,D,발달상권,3120004,종로구청,22547,12463,10084,856,4488,6983,5988,3166,1066,365,1879,3607,3819,2154,639,491,2609,3376,2169,1012,427
20191,R,전통시장,3130009,마전교지하쇼핑센터(구 한일상가),104,72,32,1,7,22,26,26,22,1,5,17,21,15,13,0,2,5,5,11,9
20191,D,발달상권,3120015,종로6가,1103,625,478,6,149,292,284,212,160,1,60,172,150,131,111,5,89,120,134,81,49
20191,A,골목상권,3110034,창신1동주민센터,90,65,25,0,6,13,27,28,16,0,4,6,20,19,16,0,2,7,7,9,0
20191,A,골목상권,3110011,청운초등학교,69,39,30,0,5,21,20,8,15,0,3,12,10,3,11,0,2,9,10,5,4
20191,A,골목상권,3110286,한성대입구역 5번,741,349,392,10,184,193,166,120,68,4,55,106,85,63,36,6,129,87,81,57,32
20191,D,발달상권,3120031,을지로3가역,41878,25414,16464,244,9527,10961,9730,6898,4518,115,5489,7024,6158,3957,2671,129,4038,3937,3572,2941,1847
20191,D,발달상권,3120019,경찰청앞교차로,9258,4736,4522,14,1772,3489,2615,1042,326,3,700,1710,1353,728,242,11,1072,1779,1262,314,84
20191,D,발달상권,3120020,시청역_1번,6341,4201,2140,9,1181,1688,1789,1369,305,6,525,1123,1378,949,220,3,656,565,411,420,85
20191,R,전통시장,3130052,서울중앙시장(신중앙시장),1063,682,381,2,185,279,210,231,156,0,129,200,131,124,98,2,56,79,79,107,58
20191,R,전통시장,3130048,동평화시장,204,103,101,0,31,40,44,50,39,0,16,22,22,26,17,0,15,18,22,24,22
20191,A,골목상권,3110040,중구회현체육센터(정화예술대남산캠퍼스),288,151,137,1,48,67,72,58,42,0,16,30,40,34,31,1,32,37,32,24,11
20191,A,골목상권,3110092,NH농협은행 보광동지점,237,125,112,0,24,41,57,53,62,0,9,17,31,27,41,0,15,24,26,26,21
20191,R,전통시장,3130060,신흥시장,35,21,14,0,13,13,3,2,4,0,10,8,2,0,1,0,3,5,1,2,3
20191,A,골목상권,3110068,남영역 1번,1037,572,465,1,129,247,292,215,153,0,42,145,192,124,69,1,87,102,100,91,84
20191,R,전통시장,3130058,이촌종합시장,162,92,70,5,26,40,36,40,15,2,16,30,21,17,6,3,10,10,15,23,9
20191,A,골목상권,3110085,경리단길남측,1411,785,626,5,198,283,240,256,429,2,78,166,139,144,256,3,120,117,101,112,173
20191,A,골목상권,3110096,한남힐사이드아파트,590,358,232,6,179,247,93,49,16,6,75,172,63,30,12,0,104,75,30,19,4
20191,A,골목상권,3110079,후암동주민센터,2050,1039,1011,3,294,446,443,611,253,1,101,255,277,275,130,2,193,191,166,336,123
20191,A,골목상권,3110106,금북초등학교,23,12,11,0,5,8,3,5,2,0,1,6,1,2,2,0,4,2,2,3,0
20191,A,골목상권,3110123,마장역 3번,834,592,242,0,70,139,191,265,169,0,39,90,124,197,142,0,31,49,67,68,27
20191,A,골목상권,3110129,성원어린이공원,1186,748,438,5,198,364,309,224,86,4,97,250,190,140,67,1,101,114,119,84,19
20191,A,골목상권,3110135,성동세무서,749,390,359,3,110,178,193,166,99,3,25,82,89,109,82,0,85,96,104,57,17
20191,A,골목상권,3110115,상왕십리역 3번,982,407,575,1,224,230,203,208,116,0,67,109,108,78,45,1,157,121,95,130,71
20191,A,골목상권,3110112,행당역 2번,231,101,130,0,40,50,48,52,41,0,19,22,21,17,22,0,21,28,27,35,19
20191,D,발달상권,3120057,아차산역,2856,1434,1422,27,354,592,594,710,579,10,157,303,328,304,332,17,197,289,266,406,247
20191,D,발달상권,3120055,군자역,5139,2965,2174,9,766,1244,1305,1066,749,4,338,732,815,632,444,5,428,512,490,434,305
20191,A,골목상권,3110164,아차산역 5번,499,293,206,2,62,116,116,70,133,1,32,59,63,45,93,1,30,57,53,25,40
20191,A,골목상권,3110139,자양4동주민센터,480,295,185,0,48,82,133,119,98,0,16,56,78,66,79,0,32,26,55,53,19
20191,R,전통시장,3130076,능동로골목시장,96,50,46,0,12,16,14,24,30,0,6,10,5,8,21,0,6,6,9,16,9
20191,R,전통시장,3130075,노룬산시장(노룬산골목시장),63,36,27,0,5,10,21,11,16,0,2,7,10,4,13,0,3,3,11,7,3
20191,R,전통시장,3130077,조양시장,152,91,61,1,26,34,40,29,22,0,16,20,17,18,20,1,10,14,23,11,2
20191,A,골목상권,3110152,중곡어린이공원,163,108,55,1,12,49,49,39,13,0,2,36,34,29,7,1,10,13,15,10,6
20191,A,골목상권,3110165,국립정신건강센터,329,200,129,0,40,68,85,91,45,0,14,45,54,54,33,0,26,23,31,37,12
20191,A,골목상권,3110158,중곡3동주민센터,677,404,273,0,76,121,174,165,141,0,28,62,91,104,119,0,48,59,83,61,22
20212,A,골목상권,3110321,동덕여대,58,14,44,0,0,4,13,18,23,0,0,4,4,4,2,0,0,0,9,14,21
20191,A,골목상권,3110183,한국의류시험연구원,1366,676,690,4,373,453,280,160,96,1,131,198,167,100,79,3,242,255,113,60,17
20191,R,전통시장,3130089,청량리수산시장,100,67,33,0,3,16,30,22,29,0,3,12,20,11,21,0,0,4,10,11,8
20191,A,골목상권,3110213,청량초등학교,114,61,53,0,18,36,21,20,19,0,4,26,10,8,13,0,14,10,11,12,6
20191,A,골목상권,3110224,외대앞역 2번,103,30,73,0,9,17,24,30,23,0,3,2,8,11,6,0,6,15,16,19,17
20191,D,발달상권,3120067,장안동사거리,3491,1492,1999,37,576,697,829,812,540,10,177,298,393,343,271,27,399,399,436,469,269
20191,A,골목상권,3110210,서울시립대,193,105,88,1,21,37,50,43,41,0,9,19,25,24,28,1,12,18,25,19,13
20191,R,전통시장,3130095,청량리전통시장,172,73,99,0,21,30,33,48,40,0,7,11,18,19,18,0,14,19,15,29,22
20191,R,전통시장,3130091,청량종합도매시장,182,138,44,2,19,26,56,45,34,2,15,20,43,31,27,0,4,6,13,14,7
20191,A,골목상권,3110198,동대문중앙새마을금고본점,93,64,29,2,4,25,22,27,13,2,4,16,16,18,8,0,0,9,6,9,5
20191,A,골목상권,3110199,홍릉시장,215,93,122,0,18,40,44,63,50,0,6,21,21,27,18,0,12,19,23,36,32
20191,D,발달상권,3120064,경희대학교(경희대),452,222,230,3,90,115,99,80,65,0,50,72,56,23,21,3,40,43,43,57,44
20191,A,골목상권,3110273,장스여성병원,758,495,263,8,64,75,104,232,275,2,8,23,51,178,233,6,56,52,53,54,42
20191,A,골목상권,3110263,면목역 1번,187,78,109,0,21,36,59,48,23,0,3,14,21,23,17,0,18,22,38,25,6
20191,A,골목상권,3110249,중화역 1번,868,384,484,4,101,163,248,227,125,0,37,72,116,93,66,4,64,91,132,134,59
20191,A,골목상권,3110236,신묵초등학교,367,216,151,1,32,77,107,108,42,1,12,52,60,67,24,0,20,25,47,41,18
20191,R,전통시장,3130113,신아타운,291,85,206,0,68,62,76,55,30,0,12,15,30,14,14,0,56,47,46,41,16
20191,A,골목상권,3110234,중랑역 4번,431,274,157,1,35,72,110,129,84,1,16,35,71,86,65,0,19,37,39,43,19
20191,A,골목상권,3110240,태릉시장 특화거리,121,38,83,0,14,27,39,26,15,0,1,13,7,9,8,0,13,14,32,17,7
20191,A,골목상권,3110299,정릉역 1번,518,224,294,0,76,111,142,119,70,0,29,49,58,55,33,0,47,62,84,64,37
20191,A,골목상권,3110313,안암역 3번,613,296,317,4,134,137,162,102,74,0,57,82,80,46,31,4,77,55,82,56,43
20191,A,골목상권,3110326,장위동성당,41,18,23,0,4,1,14,14,8,0,2,0,7,6,3,0,2,1,7,8,5
20191,R,전통시장,3130123,꿈의숲 장곡 골목형상점가,27,17,10,0,3,4,8,8,4,0,2,2,6,6,1,0,1,2,2,2,3
20191,A,골목상권,3110292,정릉역 2번,82,30,52,0,4,18,23,20,17,0,1,6,9,9,5,0,3,12,14,11,12
20191,R,전통시장,3130142,강북북부시장,27,13,14,0,4,5,5,10,3,0,3,2,3,3,2,0,1,3,2,7,1
20191,A,골목상권,3110375,서울북부고용노동지청,222,96,126,0,28,32,50,63,49,0,20,22,21,20,13,0,8,10,29,43,36
20191,A,골목상권,3110368,송천초등학교,115,66,49,0,16,14,29,39,17,0,10,9,17,17,13,0,6,5,12,22,4
20191,A,골목상권,3110370,도봉세무서,1236,624,612,1,44,112,161,229,689,0,29,62,93,150,290,1,15,50,68,79,399
20191,A,골목상권,3110356,덕수교,287,128,159,0,29,52,82,70,54,0,17,32,40,18,21,0,12,20,42,52,33
20191,A,골목상권,3110342,국립재활원,50,33,17,0,3,10,14,19,4,0,2,8,8,13,2,0,1,2,6,6,2
20191,A,골목상권,3110387,쌍문초등학교,279,166,113,1,39,61,73,55,50,0,17,41,41,26,41,1,22,20,32,29,9
20191,A,골목상권,3110385,효문고등학교,21,14,7,0,3,2,8,5,3,0,3,0,6,3,2,0,0,2,2,2,1
20191,A,골목상권,3110400,도봉구보건소,963,440,523,0,98,176,216,245,228,0,36,90,79,118,117,0,62,86,137,127,111
20191,A,골목상권,3110401,도봉구민회관,396,129,267,1,54,60,77,128,76,1,13,23,33,41,18,0,41,37,44,87,58
20191,A,골목상권,3110434,태릉입구역 4번,144,82,62,0,12,29,36,44,23,0,5,17,22,23,15,0,7,12,14,21,8
20191,A,골목상권,3110433,공릉역 2번,334,161,173,0,33,58,70,103,70,0,17,39,34,40,31,0,16,19,36,63,39
20191,A,골목상권,3110438,경춘선숲길 우측,450,192,258,1,60,105,157,86,41,1,29,53,59,31,19,0,31,52,98,55,22
20191,D,발달상권,3120081,노원역,5255,1852,3403,47,1264,1086,1162,1031,665,15,318,433,450,344,292,32,946,653,712,687,373
20191,A,골목상권,3110415,수락산역 4번,1803,964,839,2,168,336,424,398,475,2,70,219,243,237,193,0,98,117,181,161,282
20191,A,골목상권,3110425,계상초등학교,404,200,204,0,46,64,106,119,69,0,18,35,56,58,33,0,28,29,50,61,36
20191,A,골목상권,3110428,상계5동주민센터,800,381,419,0,71,117,210,235,167,0,25,71,95,104,86,0,46,46,115,131,81
20191,D,발달상권,3120080,마들역,510,147,363,2,83,114,122,116,73,0,14,35,32,36,30,2,69,79,90,80,43
20191,R,전통시장,3130167,연신내상점가(연빛거리),1337,546,791,16,315,302,306,250,148,6,113,148,117,95,67,10,202,154,189,155,81
20191,R,전통시장,3130164,역촌중앙시장,30,12,18,0,0,6,4,9,11,0,0,5,1,3,3,0,0,1,3,6,8
20191,A,골목상권,3110450,시립서북병원,468,204,264,3,40,71,128,119,107,1,20,34,67,46,36,2,20,37,61,73,71
20191,R,전통시장,3130170,제일시장,337,154,183,2,45,56,105,90,39,2,19,23,49,40,21,0,26,33,56,50,18
20191,A,골목상권,3110483,연천초등학교,41,15,26,0,3,9,14,11,4,0,0,3,5,3,4,0,3,6,9,8,0
20191,A,골목상권,3110491,불광중학교,53,25,28,0,7,5,23,14,4,0,3,3,11,5,3,0,4,2,12,9,1
20191,A,골목상권,3110470,신진과학기술고등학교,99,57,42,0,7,17,33,25,17,0,3,12,21,11,10,0,4,5,12,14,7
20191,R,전통시장,3130165,"대림골목시장(대림시장, 양지시장)",263,61,202,0,31,60,75,62,35,0,12,12,12,7,18,0,19,48,63,55,17
20191,A,골목상권,3110500,남가좌동현대아파트,55,13,42,0,4,11,14,18,8,0,1,4,1,3,4,0,3,7,13,15,4
20191,A,골목상권,3110494,증산3교남측,66,46,20,0,13,12,17,18,6,0,5,11,14,11,5,0,8,1,3,7,1
20191,A,골목상권,3110524,연희세브란스병원,219,83,136,4,67,46,38,50,14,3,19,15,17,20,9,1,48,31,21,30,5
20191,A,골목상권,3110506,연희임광아파트,121,76,45,0,11,20,33,29,28,0,8,12,23,14,19,0,3,8,10,15,9
20191,A,골목상권,3110525,홍은종합사회복지관,130,43,87,0,19,26,30,40,15,0,3,12,5,15,8,0,16,14,25,25,7
20191,A,골목상권,3110528,서울여자간호대학교,307,174,133,0,24,53,67,38,125,0,12,19,27,21,95,0,12,34,40,17,30
20191,A,골목상권,3110573,신촌역 6번,91,56,35,0,17,24,18,25,7,0,7,15,16,13,5,0,10,9,2,12,2
20191,A,골목상권,3110544,망리단길,1334,665,669,2,238,350,349,245,150,1,96,197,183,105,83,1,142,153,166,140,67
20191,A,골목상권,3110566,경의선책거리,3068,1912,1156,14,840,1085,699,299,131,1,369,712,512,230,88,13,471,373,187,69,43
20191,R,전통시장,3130187,영진시장,38,23,15,0,1,11,13,8,5,0,1,8,8,2,4,0,0,3,5,6,1
20191,R,전통시장,3130193,신수시장,40,15,25,0,5,8,11,7,9,0,1,3,2,5,4,0,4,5,9,2,5
20191,A,골목상권,3110626,양화초등학교,306,183,123,1,37,84,90,61,33,0,13,58,52,41,19,1,24,26,38,20,14
20191,A,골목상권,3110597,신월1동주민센터,633,333,300,2,49,124,165,177,116,1,18,60,75,99,80,1,31,64,90,78,36
20191,A,골목상권,3110606,신한은행 신월동지점,563,260,303,6,62,87,137,151,120,4,22,38,60,63,73,2,40,49,77,88,47
20191,A,골목상권,3110603,지향초등학교,717,507,210,0,70,89,63,59,436,0,18,32,29,25,403,0,52,57,34,34,33
20191,A,골목상권,3110657,양천향교역 5번,5626,2851,2775,24,987,1195,1237,1484,699,20,447,718,746,566,354,4,540,477,491,918,345
20191,A,골목상권,3110643,강서구다솔마을,788,506,282,2,90,178,294,149,75,0,48,113,207,91,47,2,42,65,87,58,28
20191,A,골목상권,3110635,공항시장역 3번,358,256,102,2,28,71,109,90,58,0,17,53,80,65,41,2,11,18,29,25,17
20191,A,골목상권,3110671,등촌1동주민센터,5270,3337,1933,11,1275,1559,1203,796,426,9,426,1047,920,613,322,2,849,512,283,183,104
20191,A,골목상권,3110645,우장산역 4번,1174,360,814,4,215,314,270,235,136,2,23,94,92,93,56,2,192,220,178,142,80
20191,A,골목상권,3110632,방화역 3번,683,320,363,0,97,136,184,156,110,0,35,78,105,57,45,0,62,58,79,99,65
20191,A,골목상권,3110640,방화역 1번,1034,554,480,1,114,272,255,243,149,0,35,92,139,170,118,1,79,180,116,73,31
20191,A,골목상권,3110650,우장산힐스테이트,253,171,82,1,37,45,63,49,58,1,25,32,43,27,43,0,12,13,20,22,15
20191,A,골목상권,3110665,곰달래도서관,1278,628,650,3,220,376,288,257,134,1,115,227,144,87,54,2,105,149,144,170,80
20191,A,골목상권,3110669,화곡보람2차아파트,18,9,9,0,1,2,6,6,3,0,1,0,5,1,2,0,0,2,1,5,1
20191,A,골목상권,3110695,개봉1동주민센터,394,162,232,1,20,52,103,124,94,1,9,30,47,37,38,0,11,22,56,87,56
20191,A,골목상권,3110697,개봉3동주민센터,98,53,45,0,14,15,32,25,12,0,6,8,16,17,6,0,8,7,16,8,6
20191,R,전통시장,3130224,개봉프라자(고척근린시장),33,19,14,0,2,3,7,11,10,0,0,1,2,7,9,0,2,2,5,4,1
20191,R,전통시장,3130229,남구로시장,443,230,213,3,41,90,134,98,77,2,21,52,59,45,51,1,20,38,75,53,26
20191,A,골목상권,3110713,구로보건소,3050,1729,1321,8,337,552,773,863,517,6,135,298,437,520,333,2,202,254,336,343,184
20191,A,골목상권,3110682,온수역 8번,15,3,12,0,0,1,8,4,2,0,0,0,3,0,0,0,0,1,5,4,2
20191,A,골목상권,3110687,"천왕역 3번(오류2동주민센터, 서울오류남초등학교)",102,57,45,0,14,30,20,29,9,0,7,20,12,14,4,0,7,10,8,15,5
20191,A,골목상권,3110735,말미고개,539,324,215,1,58,124,129,134,93,1,24,79,85,76,59,0,34,45,44,58,34
20191,A,골목상권,3110737,금천세무서,612,349,263,2,72,114,131,159,134,0,17,54,66,94,118,2,55,60,65,65,16
20191,A,골목상권,3110754,삼성산자연공원(서울금천초등학교),332,102,230,1,28,37,83,103,80,1,6,9,39,26,21,0,22,28,44,77,59
20191,A,골목상권,3110750,시흥4동주민센터(서울신흥초등학교),213,73,140,0,27,36,50,69,31,0,8,11,19,21,14,0,19,25,31,48,17
20191,A,골목상권,3110753,시흥동 은행나무사거리,532,152,380,4,50,75,134,171,98,2,13,24,42,37,34,2,37,51,92,134,64
20191,R,전통시장,3130240,영등포유통상가,1875,1106,769,6,328,494,400,375,272,1,152,301,232,231,189,5,176,193,168,144,83
20191,A,골목상권,3110794,영동초등학교,3239,2617,622,7,246,428,559,495,1504,6,144,285,382,360,1440,1,102,143,177,135,64
20191,D,발달상권,3120138,당산2동(영등포우체국),15614,7353,8261,80,4031,4620,3805,2028,1050,18,1379,2299,1790,1135,732,62,2652,2321,2015,893,318
20191,D,발달상권,3120139,대림3동사거리,4735,2898,1837,23,608,1117,1243,992,752,14,307,771,867,557,382,9,301,346,376,435,370
20191,A,골목상권,3110785,영등포푸르지오아파트,301,157,144,1,19,51,87,85,58,0,7,27,62,32,29,1,12,24,25,53,29
20191,A,골목상권,3110765,문래동사거리,1404,982,422,5,130,268,365,391,245,1,79,174,252,276,200,4,51,94,113,115,45
20191,A,골목상권,3110815,공군호텔,1796,698,1098,11,394,520,360,353,158,4,104,253,162,115,60,7,290,267,198,238,98
20191,A,골목상권,3110816,대방역 6번,561,415,146,0,57,112,161,144,87,0,29,77,125,112,72,0,28,35,36,32,15
20191,A,골목상권,3110756,문래중학교,321,214,107,1,34,82,100,49,55,0,18,56,69,31,40,1,16,26,31,18,15
20191,A,골목상권,3110783,영등포시장역 1번,975,366,609,0,148,303,217,134,173,0,48,92,80,58,88,0,100,211,137,76,85
20191,D,발달상권,3120160,사당역(사당),7813,3995,3818,49,1391,1759,1905,1891,818,35,687,1043,1004,723,503,14,704,716,901,1168,315
20191,A,골목상권,3110846,남성역 1번,591,327,264,1,52,120,148,138,132,0,17,50,77,72,111,1,35,70,71,66,21
20191,R,전통시장,3130268,상도전통시장,309,187,122,0,40,62,81,66,60,0,19,29,53,45,41,0,21,33,28,21,19
20191,A,골목상권,3110835,상도역 1번,457,212,245,3,167,94,91,64,38,1,83,44,40,31,13,2,84,50,51,33,25
20191,A,골목상권,3110823,신대방삼거리역 3번,305,114,191,0,40,60,70,87,48,0,15,37,30,18,14,0,25,23,40,69,34
20191,A,골목상권,3110844,흑석2치안센터,20,17,3,0,5,4,5,4,2,0,5,4,4,2,2,0,0,0,1,2,0
20191,A,골목상권,3110857,미성동주민센터,369,159,210,1,24,46,102,89,107,0,8,24,49,34,44,1,16,22,53,55,63
20191,A,골목상권,3110873,당곡중학교,592,295,297,0,48,107,120,137,180,0,17,46,50,67,115,0,31,61,70,70,65
20191,A,골목상권,3110889,봉천역 6번,57,33,24,0,9,9,16,16,7,0,6,6,10,7,4,0,3,3,6,9,3
20191,R,전통시장,3130293,봉천중앙시장,150,60,90,0,18,19,36,32,45,0,6,9,19,14,12,0,12,10,17,18,33
20191,A,골목상권,3110898,청림동주민센터(상도중학교),43,15,28,0,6,12,12,9,4,0,1,4,4,5,1,0,5,8,8,4,3
20191,A,골목상권,3110945,본마을노인복지센터(서초구립내곡도서관),84,44,40,0,13,24,22,16,9,0,9,11,10,9,5,0,4,13,12,7,4
20191,D,발달상권,3120170,삼호가든사거리,2710,1269,1441,4,565,861,663,385,232,0,163,367,387,199,153,4,402,494,276,186,79
20191,D,발달상권,3120187,신논현역,15853,8242,7611,95,4427,5167,3145,1742,1277,23,1511,2891,2080,994,743,72,2916,2276,1065,748,534
20191,D,발달상권,3120167,고속터미널(고속터미널역),7530,3642,3888,49,1188,1338,1529,1632,1794,16,482,705,886,776,777,33,706,633,643,856,1017
20191,A,골목상권,3110904,이수역 5번,871,585,286,1,158,249,235,126,102,1,89,165,171,83,76,0,69,84,64,43,26
20191,A,골목상권,3110930,서초동성당,918,382,536,4,118,253,286,166,91,0,38,102,110,77,55,4,80,151,176,89,36
20191,A,골목상권,3110941,언남고등학교,443,276,167,1,66,112,113,104,47,0,37,74,70,63,32,1,29,38,43,41,15
20191,D,발달상권,3120178,신사역,18402,8967,9435,46,4906,5826,3874,2347,1403,14,1309,2996,2488,1262,898,32,3597,2830,1386,1085,505
20191,A,골목상권,3110993,개포지하차도 북측,76,64,12,0,7,19,19,20,11,0,6,16,17,18,7,0,1,3,2,2,4
20191,R,전통시장,3130310,강남개포시장,505,250,255,0,55,85,129,155,81,0,20,39,69,75,47,0,35,46,60,80,34
20191,R,전통시장,3130303,영동전통시장,532,308,224,1,75,177,135,95,49,1,43,115,74,48,27,0,32,62,61,47,22
20191,D,발달상권,3120191,학동역,20072,10509,9563,79,5150,5815,4089,2120,2819,29,1593,3217,2558,1199,1913,50,3557,2598,1531,921,906
20191,D,발달상권,3120190,강남을지병원,14829,7416,7413,88,4412,4641,3221,1529,938,29,1481,2332,1936,944,694,59,2931,2309,1285,585,244
20191,A,골목상권,3110968,강남구청역 2번,955,443,512,1,244,248,208,121,133,0,95,135,88,52,73,1,149,113,120,69,60
20191,A,골목상권,3110957,언북중학교,2558,1088,1470,5,582,742,716,364,149,2,198,374,297,118,99,3,384,368,419,246,50
20191,D,발달상권,3120219,은마아파트,2349,910,1439,12,443,582,630,463,219,4,105,252,257,172,120,8,338,330,373,291,99
20191,U,관광특구,3001496,강남 마이스 관광특구,26319,15076,11243,118,7288,8801,6589,2815,708,41,2562,4762,4899,2326,486,77,4726,4039,1690,489,222
20191,D,발달상권,3120209,"강남구청(청담역_8번, 강남세무서)",4208,1756,2452,40,1134,1321,861,511,341,6,255,590,416,279,210,34,879,731,445,232,131
20191,A,골목상권,3110986,삼성중앙역 7번,65,36,29,1,9,18,25,8,4,0,6,12,11,5,2,1,3,6,14,3,2
20191,A,골목상권,3110949,한남IC,1251,631,620,9,352,431,280,115,64,1,101,241,171,68,49,8,251,190,109,47,15
20191,D,발달상권,3120188,압구정역,18386,7636,10750,1225,7146,3954,2558,1979,1524,463,2724,1702,1278,772,697,762,4422,2252,1280,1207,827
20191,A,골목상권,3110959,신구중학교,731,424,307,6,208,262,121,89,45,1,107,181,80,34,21,5,101,81,41,55,24
20191,D,발달상권,3120198,구역삼세무서,15977,8035,7942,45,3869,4553,3586,2474,1450,15,1270,2534,2154,1216,846,30,2599,2019,1432,1258,604
20191,A,골목상권,3110956,언주역 8번,1042,700,342,5,351,330,208,83,65,2,190,240,164,63,41,3,161,90,44,20,24
20191,D,발달상권,3120206,개나리아파트,4786,2715,2071,86,1602,1399,855,500,344,25,757,797,592,306,238,61,845,602,263,194,106
20191,A,골목상권,3111036,투구봉어린이공원,179,120,59,0,17,31,41,60,30,0,8,18,30,38,26,0,9,13,11,22,4
20191,A,골목상권,3111029,오금역 4번,527,293,234,8,117,113,140,87,62,4,65,58,74,47,45,4,52,55,66,40,17
20191,D,발달상권,3120232,송파나루역,1016,598,418,2,154,229,207,237,187,1,60,126,120,136,155,1,94,103,87,101,32
20191,D,발달상권,3120226,석촌고분역,3293,2267,1026,7,418,614,656,512,1086,4,210,400,405,285,963,3,208,214,251,227,123
20191,A,골목상권,3111012,석촌역 6번,607,297,310,1,101,123,130,137,115,1,32,67,63,66,68,0,69,56,67,71,47
20191,A,골목상권,3111038,보인중학교,667,381,286,1,64,112,181,220,89,0,22,66,99,140,54,1,42,46,82,80,35
20191,A,골목상권,3111040,거여초등학교,196,119,77,0,25,59,48,43,21,0,12,42,28,23,14,0,13,17,20,20,7
20191,A,골목상권,3111037,Sh수협은행 오금동금융센터(아랫말어린이공원),344,219,125,0,42,106,75,86,35,0,24,86,49,43,17,0,18,20,26,43,18
20191,A,골목상권,3111077,길동주민센터(강동도서관),1828,1014,814,1,168,339,397,422,501,0,70,206,219,190,329,1,98,133,178,232,172
20191,A,골목상권,3111083,GS강동자이아파트,393,194,199,1,41,78,85,110,78,1,23,48,39,46,37,0,18,30,46,64,41
20191,R,전통시장,3130325,명일전통시장,418,205,213,0,23,25,32,91,247,0,15,16,17,29,128,0,8,9,15,62,119
20191,A,골목상권,3111089,상일여고(상일초등학교),1168,449,719,2,70,128,226,274,468,1,28,65,120,119,116,1,42,63,106,155,352
20191,R,전통시장,3130319,성내전통시장,97,33,64,0,4,25,23,24,21,0,2,14,8,6,3,0,2,11,15,18,18
20191,A,골목상권,3111062,둔촌동역 3번(성내3동주민센터),697,407,290,0,108,204,174,144,67,0,51,128,93,84,51,0,57,76,81,60,16
20191,A,골목상권,3111064,둔촌동역 4번,177,94,83,0,18,36,55,46,22,0,6,22,34,23,9,0,12,14,21,23,13
20191,R,전통시장,3130323,둔촌역전통시장,432,232,200,0,17,35,74,104,202,0,10,21,44,45,112,0,7,14,30,59,90
20191,A,골목상권,3111067,강동구립성내도서관,692,420,272,1,80,178,170,154,109,1,43,114,106,81,75,0,37,64,64,73,34
20191,A,골목상권,3111055,선사초등학교,969,326,643,2,30,55,187,436,259,1,12,25,47,82,159,1,18,30,140,354,100
20194,D,발달상권,3120007,북촌(안국역),10443,8282,2161,8,1148,3636,3182,1964,505,5,644,2891,2647,1702,393,3,504,745,535,262,112
20194,A,골목상권,3110018,중앙고등학교,829,408,421,0,92,166,209,160,202,0,27,55,100,80,146,0,65,111,109,80,56
20194,A,골목상권,3110006,부암동주민센터,27,16,11,0,2,7,7,5,6,0,2,5,2,3,4,0,0,2,5,2,2
20194,A,골목상권,3110012,성곡미술관,1042,489,553,0,260,329,260,111,82,0,70,152,149,69,49,0,190,177,111,42,33
20194,D,발달상권,3120002,서촌(경복궁역),1989,1071,918,37,487,674,421,221,149,0,190,387,258,131,105,37,297,287,163,90,44
20194,D,발달상권,3120005,삼청동,3049,2795,254,1,399,709,898,817,225,0,340,633,848,776,198,1,59,76,50,41,27
20194,D,발달상권,3120013,이화사거리,7536,5468,2068,8,1300,2502,2063,1294,369,1,626,1730,1678,1171,262,7,674,772,385,123,107
20194,D,발달상권,3120006,종각역,33181,16028,17153,59,5900,11133,9928,5489,672,14,2254,4920,4677,3672,491,45,3646,6213,5251,1817,181
20194,A,골목상권,3110019,창덕궁,325,215,110,0,47,91,82,71,34,0,21,65,53,49,27,0,26,26,29,22,7
20194,R,전통시장,3130016,동대문상가B동,2,1,1,0,0,1,1,0,0,0,0,0,1,0,0,0,0,1,0,0,0
20194,R,전통시장,3130019,동대문상가D동,29,22,7,0,6,6,5,4,8,0,4,3,4,4,7,0,2,3,1,0,1
20194,R,전통시장,3130001,통인시장,63,31,32,0,4,16,12,13,18,0,2,4,7,7,11,0,2,12,5,6,7
20194,D,발달상권,3120037,동대문역사문화공원역,35317,17057,18260,421,11234,9194,6979,5237,2252,180,5605,5543,3901,1328,500,241,5629,3651,3078,3909,1752
20194,A,골목상권,3110052,장충초등학교,484,281,203,0,43,100,132,130,79,0,16,63,75,82,45,0,27,37,57,48,34
20194,D,발달상권,3120026,을지로입구역,30610,18501,12109,14,4275,11589,8473,5661,598,4,1729,5846,5959,4562,401,10,2546,5743,2514,1099,197
20194,A,골목상권,3110038,경향신문사,1096,759,337,0,195,395,283,181,42,0,63,266,227,165,38,0,132,129,56,16,4
20194,R,전통시장,3130035,방산종합시장(방산시장),1190,736,454,1,96,200,284,312,297,0,56,117,154,191,218,1,40,83,130,121,79
20194,R,전통시장,3130033,대림상가(청계상가),169,121,48,0,7,29,54,39,40,0,3,19,35,30,34,0,4,10,19,9,6
20194,R,전통시장,3130034,필동 골목형상점가,14,7,7,0,2,4,5,2,1,0,1,2,2,2,0,0,1,2,3,0,1
20194,D,발달상권,3120042,"숙대입구역(남영역, 남영동)",4057,2797,1260,20,750,1490,1024,558,215,8,370,894,831,510,184,12,380,596,193,48,31
20194,A,골목상권,3110092,NH농협은행 보광동지점,468,168,300,0,90,111,103,94,70,0,11,47,34,33,43,0,79,64,69,61,27
20194,A,골목상권,3110083,서빙고역 1번,149,109,40,0,26,53,42,14,14,0,13,42,29,12,13,0,13,11,13,2,1
20194,A,골목상권,3110060,효창공원앞역 6번,287,170,117,0,28,62,80,73,44,0,10,34,48,47,31,0,18,28,32,26,13
20194,A,골목상권,3110068,남영역 1번,1090,615,475,8,161,257,250,224,190,6,60,135,151,138,125,2,101,122,99,86,65
20194,R,전통시장,3130058,이촌종합시장,109,78,31,0,13,19,25,26,26,0,7,12,15,21,23,0,6,7,10,5,3
20194,A,골목상권,3110091,리움미술관,1106,810,296,0,216,345,343,155,47,0,117,236,293,128,36,0,99,109,50,27,11
20194,A,골목상권,3110061,효창동주민센터,478,306,172,1,61,91,154,113,58,1,38,53,100,67,47,0,23,38,54,46,11
20194,A,골목상권,3110122,마장역 2번,461,270,191,1,60,87,116,112,85,1,32,59,68,60,50,0,28,28,48,52,35
20194,R,전통시장,3130068,마장축산물시장,975,630,345,1,102,202,250,248,172,1,68,127,155,165,114,0,34,75,95,83,58
20194,A,골목상권,3110125,사근동살곶이상점가,135,83,52,2,25,39,35,21,13,2,13,21,24,13,10,0,12,18,11,8,3
20194,R,전통시장,3130070,뚝섬역상점가,1017,698,319,6,178,260,218,222,133,4,105,180,144,157,108,2,73,80,74,65,25
20194,R,전통시장,3130066,행당시장상점가,360,178,182,0,42,76,102,95,45,0,17,37,53,44,27,0,25,39,49,51,18
20194,A,골목상권,3110178,장로회신학대학교,165,108,57,0,21,38,33,47,26,0,13,31,16,34,14,0,8,7,17,13,12
20194,A,골목상권,3110147,능동우편취급국,815,464,351,4,120,172,160,137,222,2,56,88,104,77,137,2,64,84,56,60,85
20194,A,골목상권,3110154,광진정말공원,255,146,109,1,31,54,61,65,43,1,16,34,30,34,31,0,15,20,31,31,12
20194,A,골목상권,3110151,자양한강도서관,249,175,74,4,35,52,63,66,29,3,24,37,49,41,21,1,11,15,14,25,8
20194,R,전통시장,3130083,"중곡제일시장(중곡제일골목시장, 광성시장)",111,68,43,0,15,21,29,24,22,0,7,14,20,10,17,0,8,7,9,14,5
20194,A,골목상권,3110162,군자역 4번,618,370,248,0,127,163,133,111,84,0,98,119,77,43,33,0,29,44,56,68,51
20194,A,골목상권,3110171,중곡4동주민센터,59,36,23,0,4,8,7,22,18,0,1,2,3,15,15,0,3,6,4,7,3
20194,R,전통시장,3130079,한아름시장,40,29,11,0,5,6,6,10,13,0,4,4,5,6,10,0,1,2,1,4,3
20194,A,골목상권,3110217,자동차부품상가,506,391,115,1,34,105,144,124,98,1,25,88,116,84,77,0,9,17,28,40,21
20194,A,골목상권,3110225,촬영소사거리,330,204,126,0,22,36,68,83,121,0,9,25,42,55,73,0,13,11,26,28,48
20194,A,골목상권,3110218,답십리사거리,158,83,75,0,14,25,45,60,14,0,5,12,22,33,11,0,9,13,23,27,3
20194,A,골목상권,3110188,용두동신동아아파트,807,607,200,8,104,178,229,191,97,2,68,150,181,132,74,6,36,28,48,59,23
20194,A,골목상권,3110184,용두사거리,398,205,193,0,77,135,72,64,50,0,37,51,33,45,39,0,40,84,39,19,11
20194,A,골목상권,3110213,청량초등학교,124,81,43,0,19,57,17,15,16,0,7,41,13,7,13,0,12,16,4,8,3
20194,A,골목상권,3110220,외대앞역 1번,193,111,82,0,28,37,54,47,27,0,7,18,33,34,19,0,21,19,21,13,8
20194,A,골목상권,3110230,장안현대홈타운1차아파트,161,101,60,0,15,32,52,45,17,0,6,22,33,28,12,0,9,10,19,17,5
20194,A,골목상권,3110216,전농중학교,208,68,140,1,32,48,62,50,15,1,11,14,18,18,6,0,21,34,44,32,9
20194,R,전통시장,3130091,청량종합도매시장,36,27,9,0,1,3,11,14,7,0,0,3,8,10,6,0,1,0,3,4,1
20194,A,골목상권,3110275,하나은행 망우동지점,63,33,30,0,4,9,19,16,15,0,3,6,9,5,10,0,1,3,10,11,5
20194,R,전통시장,3130112,사가정시장,86,28,58,0,13,17,24,19,13,0,0,3,6,8,11,0,13,14,18,11,2
20194,R,전통시장,3130109,묵1동도깨비시장,47,33,14,0,2,9,16,9,11,0,1,5,13,5,9,0,1,4,3,4,2
20194,R,전통시장,3130107,중랑동부시장(중랑교종합상가),13,3,10,0,0,1,4,5,3,0,0,0,0,1,2,0,0,1,4,4,1
20194,A,골목상권,3110276,신내IC북측,29,18,11,0,1,4,8,9,7,0,0,3,5,6,4,0,1,1,3,3,3
20194,A,골목상권,3110240,태릉시장 특화거리,97,39,58,2,20,13,28,16,18,1,3,8,7,8,12,1,17,5,21,8,6
20194,A,골목상권,3110299,정릉역 1번,372,241,131,1,33,49,83,95,111,0,9,12,40,74,106,1,24,37,43,21,5
20194,A,골목상권,3110302,보문역 8번,3797,3177,620,1,364,1434,710,823,465,1,252,1274,656,702,292,0,112,160,54,121,173
20194,A,골목상권,3110333,돌곶이역 5번,988,746,242,0,15,23,38,74,838,0,2,13,20,42,669,0,13,10,18,32,169
20194,D,발달상권,3120074,안암역,59,28,31,1,12,16,12,8,10,0,5,9,7,2,5,1,7,7,5,6,5
20194,R,전통시장,3130125,장위전통시장,40,20,20,0,5,6,7,8,14,0,0,2,5,5,8,0,5,4,2,3,6
20194,A,골목상권,3110295,정릉우체국,679,248,431,0,166,178,163,119,53,0,36,67,49,52,44,0,130,111,114,67,9
20194,A,골목상권,3110290,북한산보국문역 1번,96,78,18,0,2,9,29,37,19,0,1,8,23,30,16,0,1,1,6,7,3
20194,A,골목상권,3110284,정릉북한산국립공원입구,562,506,56,0,5,59,181,229,88,0,4,49,161,211,81,0,1,10,20,18,7
20194,A,골목상권,3110315,종암아이파크2차,124,78,46,0,11,17,41,38,17,0,4,9,27,25,13,0,7,8,14,13,4
20194,A,골목상권,3110311,종암아이파크2차후문,18,9,9,0,0,2,8,3,5,0,0,1,3,1,4,0,0,1,5,2,1
20194,D,발달상권,3120077,미아역,218,97,121,0,32,37,52,64,33,0,11,8,18,38,22,0,21,29,34,26,11
20194,A,골목상권,3110355,삼양사거리역 2번,306,254,52,0,8,26,44,103,125,0,1,10,31,94,118,0,7,16,13,9,7
20194,R,전통시장,3130135,수유중앙골목시장(수유중앙시장),24,12,12,0,0,3,4,5,12,0,0,2,2,0,8,0,0,1,2,5,4
20194,A,골목상권,3110372,강북중학교,188,100,88,0,21,43,50,48,26,0,17,25,18,20,20,0,4,18,32,28,6
20194,R,전통시장,3130129,장미원골목시장,911,571,340,0,15,14,38,89,755,0,1,4,12,40,514,0,14,10,26,49,241
20194,R,전통시장,3130130,수유북부골목시장,20,14,6,0,1,1,7,5,6,0,0,0,6,3,5,0,1,1,1,2,1
20194,A,골목상권,3110405,방학역 1번,1123,365,758,3,130,176,308,427,79,3,67,109,82,70,34,0,63,67,226,357,45
20194,R,전통시장,3130151,신도봉시장,5,5,0,0,1,0,2,2,0,0,1,0,2,2,0,0,0,0,0,0,0
20194,A,골목상권,3110407,도봉역 2번,560,337,223,1,32,75,115,203,134,1,8,40,57,126,105,0,24,35,58,77,29
20194,R,전통시장,3130152,오!도봉거리 상점가,42,17,25,0,4,14,15,6,3,0,0,5,7,4,1,0,4,9,8,2,2
20194,A,골목상권,3110412,창동중학교,25,23,2,0,4,7,3,4,7,0,3,7,3,3,7,0,1,0,0,1,0
20194,R,전통시장,3130148,방학동도깨비시장,39,16,23,0,2,6,12,12,7,0,0,1,5,8,2,0,2,5,7,4,5
20194,A,골목상권,3110394,방학중학교,214,133,81,0,19,35,50,54,56,0,12,20,26,35,40,0,7,15,24,19,16
20194,A,골목상권,3110384,문이교,261,139,122,0,38,20,56,85,62,0,12,8,21,51,47,0,26,12,35,34,15
20194,A,골목상권,3110388,도봉우체국,35,23,12,0,4,3,10,14,4,0,2,2,7,8,4,0,2,1,3,6,0
20194,A,골목상권,3110442,화랑대철도공원,76,20,56,0,1,4,14,49,8,0,0,2,4,10,4,0,1,2,10,39,4
20194,A,골목상권,3110424,상계초등학교,388,157,231,2,42,50,96,106,92,2,18,32,32,42,31,0,24,18,64,64,61
20194,A,골목상권,3110437,당고개역 2번,116,40,76,0,16,23,25,41,11,0,5,11,9,10,5,0,11,12,16,31,6
20194,A,골목상권,3110439,당고개역 5번,96,45,51,0,4,14,12,32,34,0,0,10,6,16,13,0,4,4,6,16,21
20194,A,골목상권,3110440,상계3동4동주민센터,49,16,33,0,8,6,15,10,10,0,1,1,4,2,8,0,7,5,11,8,2
20194,A,골목상권,3110420,광운대역 1번,796,472,324,7,233,310,184,40,22,0,114,234,89,21,14,7,119,76,95,19,8
20194,A,골목상권,3110431,상계역,124,72,52,1,16,24,28,37,18,0,2,13,17,27,13,1,14,11,11,10,5
20194,A,골목상권,3110467,은평요양병원,487,284,203,3,90,154,110,68,62,2,46,100,61,37,38,1,44,54,49,31,24
20194,A,골목상권,3110454,선정중학교,481,268,213,3,56,71,142,108,101,2,42,35,53,66,70,1,14,36,89,42,31
20194,A,골목상권,3110447,구산초등학교,48,43,5,0,5,15,10,5,13,0,4,15,8,5,11,0,1,0,2,0,2
20194,A,골목상권,3110453,신사1동주민센터,515,288,227,0,43,81,121,155,115,0,20,25,65,85,93,0,23,56,56,70,22
20194,A,골목상권,3110448,상신초등학교입구,120,76,44,1,20,27,26,26,20,1,17,17,12,14,15,0,3,10,14,12,5
20194,A,골목상권,3110466,구산역 2번,87,46,41,0,12,17,26,24,8,0,4,5,16,15,6,0,8,12,10,9,2
20194,R,전통시장,3130166,응암시장(신응암시장),17,10,7,0,0,3,2,5,7,0,0,0,1,3,6,0,0,3,1,2,1
20194,A,골목상권,3110498,증산역 1번,222,102,120,0,15,32,75,68,32,0,7,9,31,32,23,0,8,23,44,36,9
20194,A,골목상권,3110444,수색성당,157,57,100,0,17,39,47,45,9,0,6,14,14,16,7,0,11,25,33,29,2
20194,R,전통시장,3130162,증산골목시장,7,3,4,0,0,2,2,1,2,0,0,0,0,1,2,0,0,2,2,0,0
20194,A,골목상권,3110496,모래내우체국,611,333,278,2,88,190,160,89,82,2,20,100,117,42,52,0,68,90,43,47,30
20194,R,전통시장,3130181,아현가구거리상점가,59,30,29,0,8,11,13,10,17,0,0,7,9,4,10,0,8,4,4,6,7
20194,A,골목상권,3110506,연희임광아파트,110,66,44,0,5,12,39,29,25,0,1,8,20,19,18,0,4,4,19,10,7
20194,A,골목상권,3110505,홍남교남측,14,9,5,0,1,0,3,7,3,0,0,0,2,5,2,0,1,0,1,2,1
20194,A,골목상권,3110510,홍연시장,100,59,41,0,10,14,33,27,16,0,5,6,22,14,12,0,5,8,11,13,4
20194,R,전통시장,3130180,포방터시장,59,34,25,0,13,11,15,6,14,0,4,4,11,5,10,0,9,7,4,1,4
20194,A,골목상권,3110521,홍제역 4번,63,36,27,0,4,7,19,17,16,0,0,4,10,9,13,0,4,3,9,8,3
20194,A,골목상권,3110529,홍제3동주민센터,125,58,67,0,13,20,27,25,40,0,2,5,8,14,29,0,11,15,19,11,11
20194,R,전통시장,3130177,인왕시장(홍제골목형상점가),44,7,37,0,1,1,8,7,27,0,0,0,1,3,3,0,1,1,7,4,24
20194,A,골목상권,3110589,애오개역 3번,46,13,33,0,3,3,15,11,14,0,0,1,4,6,2,0,3,2,11,5,12
20194,R,전통시장,3130195,도화동 상점가,1040,502,538,2,201,267,226,153,191,1,86,132,121,88,74,1,115,135,105,65,117
20194,R,전통시장,3130186,망원시장,143,53,90,0,9,23,40,41,30,0,6,11,14,10,12,0,3,12,26,31,18
20194,A,골목상권,3110542,마포구청역 7번,3997,2442,1555,16,527,714,775,1304,661,9,297,578,604,586,368,7,230,136,171,718,293
20194,D,발달상권,3120098,DMC(디지털미디어시티),8846,5391,3455,19,1691,3228,2856,875,177,11,813,1995,1821,616,135,8,878,1233,1035,259,42
20194,A,골목상권,3110561,상수역 4번,395,247,148,4,59,102,94,89,47,2,21,56,64,68,36,2,38,46,30,21,11
20194,R,전통시장,3130191,홍대 걷고싶은 거리,367,225,142,6,65,65,81,82,68,4,40,41,54,47,39,2,25,24,27,35,29
20194,A,골목상권,3110552,성미산체육관,637,465,172,1,110,159,145,158,64,0,72,120,98,128,47,1,38,39,47,30,17
20194,A,골목상권,3110553,가좌역 2번,281,167,114,0,26,51,79,81,44,0,16,28,44,43,36,0,10,23,35,38,8
20194,A,골목상권,3110570,KB국민은행 서강지점,61,39,22,0,4,22,18,12,5,0,4,13,10,7,5,0,0,9,8,5,0
20194,R,전통시장,3130193,신수시장,34,19,15,0,4,7,12,5,6,0,1,5,5,4,4,0,3,2,7,1,2
20194,A,골목상권,3110624,목동문화체육센터,379,232,147,0,93,117,75,63,31,0,40,79,46,48,19,0,53,38,29,15,12
20194,A,골목상권,3110626,양화초등학교,652,271,381,1,127,138,149,147,90,0,37,57,76,63,38,1,90,81,73,84,52
20212,D,발달상권,3120007,북촌(안국역),10443,8282,2161,8,1148,3636,3182,1964,505,5,644,2891,2647,1702,393,3,504,745,535,262,112
20212,A,골목상권,3110018,중앙고등학교,829,408,421,0,92,166,209,160,202,0,27,55,100,80,146,0,65,111,109,80,56
20212,A,골목상권,3110006,부암동주민센터,27,16,11,0,2,7,7,5,6,0,2,5,2,3,4,0,0,2,5,2,2
20212,A,골목상권,3110012,성곡미술관,1042,489,553,0,260,329,260,111,82,0,70,152,149,69,49,0,190,177,111,42,33
20212,D,발달상권,3120002,서촌(경복궁역),1989,1071,918,37,487,674,421,221,149,0,190,387,258,131,105,37,297,287,163,90,44
20212,D,발달상권,3120005,삼청동,3049,2795,254,1,399,709,898,817,225,0,340,633,848,776,198,1,59,76,50,41,27
20212,D,발달상권,3120013,이화사거리,7536,5468,2068,8,1300,2502,2063,1294,369,1,626,1730,1678,1171,262,7,674,772,385,123,107
20212,D,발달상권,3120006,종각역,33181,16028,17153,59,5900,11133,9928,5489,672,14,2254,4920,4677,3672,491,45,3646,6213,5251,1817,181
20212,A,골목상권,3110019,창덕궁,325,215,110,0,47,91,82,71,34,0,21,65,53,49,27,0,26,26,29,22,7
20212,R,전통시장,3130016,동대문상가B동,2,1,1,0,0,1,1,0,0,0,0,0,1,0,0,0,0,1,0,0,0
20212,R,전통시장,3130019,동대문상가D동,29,22,7,0,6,6,5,4,8,0,4,3,4,4,7,0,2,3,1,0,1
20212,R,전통시장,3130001,통인시장,63,31,32,0,4,16,12,13,18,0,2,4,7,7,11,0,2,12,5,6,7
20212,D,발달상권,3120037,동대문역사문화공원역,35317,17057,18260,421,11234,9194,6979,5237,2252,180,5605,5543,3901,1328,500,241,5629,3651,3078,3909,1752
20212,A,골목상권,3110052,장충초등학교,484,281,203,0,43,100,132,130,79,0,16,63,75,82,45,0,27,37,57,48,34
20212,D,발달상권,3120026,을지로입구역,30610,18501,12109,14,4275,11589,8473,5661,598,4,1729,5846,5959,4562,401,10,2546,5743,2514,1099,197
20212,A,골목상권,3110038,경향신문사,1096,759,337,0,195,395,283,181,42,0,63,266,227,165,38,0,132,129,56,16,4
20212,R,전통시장,3130035,방산종합시장(방산시장),1190,736,454,1,96,200,284,312,297,0,56,117,154,191,218,1,40,83,130,121,79
20212,R,전통시장,3130033,대림상가(청계상가),169,121,48,0,7,29,54,39,40,0,3,19,35,30,34,0,4,10,19,9,6
20212,R,전통시장,3130034,필동 골목형상점가,14,7,7,0,2,4,5,2,1,0,1,2,2,2,0,0,1,2,3,0,1
20212,D,발달상권,3120042,"숙대입구역(남영역, 남영동)",4057,2797,1260,20,750,1490,1024,558,215,8,370,894,831,510,184,12,380,596,193,48,31
20212,A,골목상권,3110092,NH농협은행 보광동지점,468,168,300,0,90,111,103,94,70,0,11,47,34,33,43,0,79,64,69,61,27
20212,A,골목상권,3110083,서빙고역 1번,149,109,40,0,26,53,42,14,14,0,13,42,29,12,13,0,13,11,13,2,1
20212,A,골목상권,3110060,효창공원앞역 6번,287,170,117,0,28,62,80,73,44,0,10,34,48,47,31,0,18,28,32,26,13
20212,A,골목상권,3110068,남영역 1번,1090,615,475,8,161,257,250,224,190,6,60,135,151,138,125,2,101,122,99,86,65
20212,R,전통시장,3130058,이촌종합시장,109,78,31,0,13,19,25,26,26,0,7,12,15,21,23,0,6,7,10,5,3
20212,A,골목상권,3110091,리움미술관,1106,810,296,0,216,345,343,155,47,0,117,236,293,128,36,0,99,109,50,27,11
20212,A,골목상권,3110061,효창동주민센터,478,306,172,1,61,91,154,113,58,1,38,53,100,67,47,0,23,38,54,46,11
20212,A,골목상권,3110122,마장역 2번,461,270,191,1,60,87,116,112,85,1,32,59,68,60,50,0,28,28,48,52,35
20212,R,전통시장,3130068,마장축산물시장,975,630,345,1,102,202,250,248,172,1,68,127,155,165,114,0,34,75,95,83,58
20212,A,골목상권,3110125,사근동살곶이상점가,135,83,52,2,25,39,35,21,13,2,13,21,24,13,10,0,12,18,11,8,3
20212,R,전통시장,3130070,뚝섬역상점가,1017,698,319,6,178,260,218,222,133,4,105,180,144,157,108,2,73,80,74,65,25
20212,R,전통시장,3130066,행당시장상점가,360,178,182,0,42,76,102,95,45,0,17,37,53,44,27,0,25,39,49,51,18
20212,A,골목상권,3110178,장로회신학대학교,165,108,57,0,21,38,33,47,26,0,13,31,16,34,14,0,8,7,17,13,12
20212,A,골목상권,3110147,능동우편취급국,815,464,351,4,120,172,160,137,222,2,56,88,104,77,137,2,64,84,56,60,85
20212,A,골목상권,3110154,광진정말공원,255,146,109,1,31,54,61,65,43,1,16,34,30,34,31,0,15,20,31,31,12
20212,A,골목상권,3110151,자양한강도서관,249,175,74,4,35,52,63,66,29,3,24,37,49,41,21,1,11,15,14,25,8
20212,R,전통시장,3130083,"중곡제일시장(중곡제일골목시장, 광성시장)",111,68,43,0,15,21,29,24,22,0,7,14,20,10,17,0,8,7,9,14,5
20212,A,골목상권,3110162,군자역 4번,618,370,248,0,127,163,133,111,84,0,98,119,77,43,33,0,29,44,56,68,51
20212,A,골목상권,3110171,중곡4동주민센터,59,36,23,0,4,8,7,22,18,0,1,2,3,15,15,0,3,6,4,7,3
20212,R,전통시장,3130079,한아름시장,40,29,11,0,5,6,6,10,13,0,4,4,5,6,10,0,1,2,1,4,3
20212,A,골목상권,3110217,자동차부품상가,506,391,115,1,34,105,144,124,98,1,25,88,116,84,77,0,9,17,28,40,21
20212,A,골목상권,3110225,촬영소사거리,330,204,126,0,22,36,68,83,121,0,9,25,42,55,73,0,13,11,26,28,48
20212,A,골목상권,3110218,답십리사거리,158,83,75,0,14,25,45,60,14,0,5,12,22,33,11,0,9,13,23,27,3
20212,A,골목상권,3110188,용두동신동아아파트,807,607,200,8,104,178,229,191,97,2,68,150,181,132,74,6,36,28,48,59,23
20212,A,골목상권,3110184,용두사거리,398,205,193,0,77,135,72,64,50,0,37,51,33,45,39,0,40,84,39,19,11
20212,A,골목상권,3110213,청량초등학교,124,81,43,0,19,57,17,15,16,0,7,41,13,7,13,0,12,16,4,8,3
20212,A,골목상권,3110220,외대앞역 1번,193,111,82,0,28,37,54,47,27,0,7,18,33,34,19,0,21,19,21,13,8
20212,A,골목상권,3110230,장안현대홈타운1차아파트,161,101,60,0,15,32,52,45,17,0,6,22,33,28,12,0,9,10,19,17,5
20212,A,골목상권,3110216,전농중학교,208,68,140,1,32,48,62,50,15,1,11,14,18,18,6,0,21,34,44,32,9
20212,R,전통시장,3130091,청량종합도매시장,36,27,9,0,1,3,11,14,7,0,0,3,8,10,6,0,1,0,3,4,1
20212,A,골목상권,3110275,하나은행 망우동지점,63,33,30,0,4,9,19,16,15,0,3,6,9,5,10,0,1,3,10,11,5
20212,R,전통시장,3130112,사가정시장,86,28,58,0,13,17,24,19,13,0,0,3,6,8,11,0,13,14,18,11,2
20212,R,전통시장,3130109,묵1동도깨비시장,47,33,14,0,2,9,16,9,11,0,1,5,13,5,9,0,1,4,3,4,2
20212,R,전통시장,3130107,중랑동부시장(중랑교종합상가),13,3,10,0,0,1,4,5,3,0,0,0,0,1,2,0,0,1,4,4,1
20212,A,골목상권,3110276,신내IC북측,29,18,11,0,1,4,8,9,7,0,0,3,5,6,4,0,1,1,3,3,3
20212,A,골목상권,3110240,태릉시장 특화거리,97,39,58,2,20,13,28,16,18,1,3,8,7,8,12,1,17,5,21,8,6
20212,A,골목상권,3110299,정릉역 1번,372,241,131,1,33,49,83,95,111,0,9,12,40,74,106,1,24,37,43,21,5
20212,A,골목상권,3110302,보문역 8번,3797,3177,620,1,364,1434,710,823,465,1,252,1274,656,702,292,0,112,160,54,121,173
20212,A,골목상권,3110333,돌곶이역 5번,988,746,242,0,15,23,38,74,838,0,2,13,20,42,669,0,13,10,18,32,169
20212,D,발달상권,3120074,안암역,59,28,31,1,12,16,12,8,10,0,5,9,7,2,5,1,7,7,5,6,5
20212,R,전통시장,3130125,장위전통시장,40,20,20,0,5,6,7,8,14,0,0,2,5,5,8,0,5,4,2,3,6
20212,A,골목상권,3110295,정릉우체국,679,248,431,0,166,178,163,119,53,0,36,67,49,52,44,0,130,111,114,67,9
20212,A,골목상권,3110290,북한산보국문역 1번,96,78,18,0,2,9,29,37,19,0,1,8,23,30,16,0,1,1,6,7,3
20212,A,골목상권,3110284,정릉북한산국립공원입구,562,506,56,0,5,59,181,229,88,0,4,49,161,211,81,0,1,10,20,18,7
20212,A,골목상권,3110315,종암아이파크2차,124,78,46,0,11,17,41,38,17,0,4,9,27,25,13,0,7,8,14,13,4
20212,A,골목상권,3110311,종암아이파크2차후문,18,9,9,0,0,2,8,3,5,0,0,1,3,1,4,0,0,1,5,2,1
20212,D,발달상권,3120077,미아역,218,97,121,0,32,37,52,64,33,0,11,8,18,38,22,0,21,29,34,26,11
20212,A,골목상권,3110355,삼양사거리역 2번,306,254,52,0,8,26,44,103,125,0,1,10,31,94,118,0,7,16,13,9,7
20212,R,전통시장,3130135,수유중앙골목시장(수유중앙시장),24,12,12,0,0,3,4,5,12,0,0,2,2,0,8,0,0,1,2,5,4
20212,A,골목상권,3110372,강북중학교,188,100,88,0,21,43,50,48,26,0,17,25,18,20,20,0,4,18,32,28,6
20212,R,전통시장,3130129,장미원골목시장,911,571,340,0,15,14,38,89,755,0,1,4,12,40,514,0,14,10,26,49,241
20212,R,전통시장,3130130,수유북부골목시장,20,14,6,0,1,1,7,5,6,0,0,0,6,3,5,0,1,1,1,2,1
20212,A,골목상권,3110405,방학역 1번,1123,365,758,3,130,176,308,427,79,3,67,109,82,70,34,0,63,67,226,357,45
20212,R,전통시장,3130151,신도봉시장,5,5,0,0,1,0,2,2,0,0,1,0,2,2,0,0,0,0,0,0,0
20212,A,골목상권,3110407,도봉역 2번,560,337,223,1,32,75,115,203,134,1,8,40,57,126,105,0,24,35,58,77,29
20212,R,전통시장,3130152,오!도봉거리 상점가,42,17,25,0,4,14,15,6,3,0,0,5,7,4,1,0,4,9,8,2,2
20212,A,골목상권,3110412,창동중학교,25,23,2,0,4,7,3,4,7,0,3,7,3,3,7,0,1,0,0,1,0
20212,R,전통시장,3130148,방학동도깨비시장,39,16,23,0,2,6,12,12,7,0,0,1,5,8,2,0,2,5,7,4,5
20212,A,골목상권,3110394,방학중학교,214,133,81,0,19,35,50,54,56,0,12,20,26,35,40,0,7,15,24,19,16
20212,A,골목상권,3110384,문이교,261,139,122,0,38,20,56,85,62,0,12,8,21,51,47,0,26,12,35,34,15
20212,A,골목상권,3110388,도봉우체국,35,23,12,0,4,3,10,14,4,0,2,2,7,8,4,0,2,1,3,6,0
20212,A,골목상권,3110442,화랑대철도공원,76,20,56,0,1,4,14,49,8,0,0,2,4,10,4,0,1,2,10,39,4
20212,A,골목상권,3110424,상계초등학교,388,157,231,2,42,50,96,106,92,2,18,32,32,42,31,0,24,18,64,64,61
20212,A,골목상권,3110437,당고개역 2번,116,40,76,0,16,23,25,41,11,0,5,11,9,10,5,0,11,12,16,31,6
20212,A,골목상권,3110439,당고개역 5번,96,45,51,0,4,14,12,32,34,0,0,10,6,16,13,0,4,4,6,16,21
20212,A,골목상권,3110440,상계3동4동주민센터,49,16,33,0,8,6,15,10,10,0,1,1,4,2,8,0,7,5,11,8,2
20212,A,골목상권,3110420,광운대역 1번,796,472,324,7,233,310,184,40,22,0,114,234,89,21,14,7,119,76,95,19,8
20212,A,골목상권,3110431,상계역,124,72,52,1,16,24,28,37,18,0,2,13,17,27,13,1,14,11,11,10,5
20212,A,골목상권,3110467,은평요양병원,487,284,203,3,90,154,110,68,62,2,46,100,61,37,38,1,44,54,49,31,24
20212,A,골목상권,3110454,선정중학교,481,268,213,3,56,71,142,108,101,2,42,35,53,66,70,1,14,36,89,42,31
20212,A,골목상권,3110447,구산초등학교,48,43,5,0,5,15,10,5,13,0,4,15,8,5,11,0,1,0,2,0,2
20212,A,골목상권,3110453,신사1동주민센터,515,288,227,0,43,81,121,155,115,0,20,25,65,85,93,0,23,56,56,70,22
20212,A,골목상권,3110448,상신초등학교입구,120,76,44,1,20,27,26,26,20,1,17,17,12,14,15,0,3,10,14,12,5
20212,A,골목상권,3110466,구산역 2번,87,46,41,0,12,17,26,24,8,0,4,5,16,15,6,0,8,12,10,9,2
20212,R,전통시장,3130166,응암시장(신응암시장),17,10,7,0,0,3,2,5,7,0,0,0,1,3,6,0,0,3,1,2,1
20212,A,골목상권,3110498,증산역 1번,222,102,120,0,15,32,75,68,32,0,7,9,31,32,23,0,8,23,44,36,9
20212,A,골목상권,3110444,수색성당,157,57,100,0,17,39,47,45,9,0,6,14,14,16,7,0,11,25,33,29,2
20212,R,전통시장,3130162,증산골목시장,7,3,4,0,0,2,2,1,2,0,0,0,0,1,2,0,0,2,2,0,0
20212,A,골목상권,3110496,모래내우체국,611,333,278,2,88,190,160,89,82,2,20,100,117,42,52,0,68,90,43,47,30
20212,R,전통시장,3130181,아현가구거리상점가,59,30,29,0,8,11,13,10,17,0,0,7,9,4,10,0,8,4,4,6,7
20212,A,골목상권,3110506,연희임광아파트,110,66,44,0,5,12,39,29,25,0,1,8,20,19,18,0,4,4,19,10,7
20212,A,골목상권,3110505,홍남교남측,14,9,5,0,1,0,3,7,3,0,0,0,2,5,2,0,1,0,1,2,1
20212,A,골목상권,3110510,홍연시장,100,59,41,0,10,14,33,27,16,0,5,6,22,14,12,0,5,8,11,13,4
20212,R,전통시장,3130180,포방터시장,59,34,25,0,13,11,15,6,14,0,4,4,11,5,10,0,9,7,4,1,4
20212,A,골목상권,3110521,홍제역 4번,63,36,27,0,4,7,19,17,16,0,0,4,10,9,13,0,4,3,9,8,3
20212,A,골목상권,3110529,홍제3동주민센터,125,58,67,0,13,20,27,25,40,0,2,5,8,14,29,0,11,15,19,11,11
20212,R,전통시장,3130177,인왕시장(홍제골목형상점가),44,7,37,0,1,1,8,7,27,0,0,0,1,3,3,0,1,1,7,4,24
20212,A,골목상권,3110589,애오개역 3번,46,13,33,0,3,3,15,11,14,0,0,1,4,6,2,0,3,2,11,5,12
20212,R,전통시장,3130195,도화동 상점가,1040,502,538,2,201,267,226,153,191,1,86,132,121,88,74,1,115,135,105,65,117
20212,R,전통시장,3130186,망원시장,143,53,90,0,9,23,40,41,30,0,6,11,14,10,12,0,3,12,26,31,18
20212,A,골목상권,3110542,마포구청역 7번,3997,2442,1555,16,527,714,775,1304,661,9,297,578,604,586,368,7,230,136,171,718,293
20212,D,발달상권,3120098,DMC(디지털미디어시티),8846,5391,3455,19,1691,3228,2856,875,177,11,813,1995,1821,616,135,8,878,1233,1035,259,42
20212,A,골목상권,3110561,상수역 4번,395,247,148,4,59,102,94,89,47,2,21,56,64,68,36,2,38,46,30,21,11
20212,R,전통시장,3130191,홍대 걷고싶은 거리,367,225,142,6,65,65,81,82,68,4,40,41,54,47,39,2,25,24,27,35,29
20212,A,골목상권,3110552,성미산체육관,637,465,172,1,110,159,145,158,64,0,72,120,98,128,47,1,38,39,47,30,17
20212,A,골목상권,3110553,가좌역 2번,281,167,114,0,26,51,79,81,44,0,16,28,44,43,36,0,10,23,35,38,8
20212,A,골목상권,3110570,KB국민은행 서강지점,61,39,22,0,4,22,18,12,5,0,4,13,10,7,5,0,0,9,8,5,0
20212,R,전통시장,3130193,신수시장,34,19,15,0,4,7,12,5,6,0,1,5,5,4,4,0,3,2,7,1,2
20212,A,골목상권,3110624,목동문화체육센터,379,232,147,0,93,117,75,63,31,0,40,79,46,48,19,0,53,38,29,15,12
20212,A,골목상권,3110626,양화초등학교,652,271,381,1,127,138,149,147,90,0,37,57,76,63,38,1,90,81,73,84,52
20212,A,골목상권,3110620,목동보건지소,458,241,217,4,51,85,105,125,88,4,20,48,50,65,54,0,31,37,55,60,34
20212,D,발달상권,3120111,목동사거리,1828,710,1118,1,551,601,341,219,115,0,101,248,161,116,84,1,450,353,180,103,31
20212,R,전통시장,3130202,신영시장,40,13,27,0,3,4,13,16,4,0,2,0,3,6,2,0,1,4,10,10,2
20212,R,전통시장,3130201,월정로시장,27,17,10,0,2,8,10,7,0,0,0,7,6,4,0,0,2,1,4,3,0
20212,A,골목상권,3110606,신한은행 신월동지점,544,307,237,1,49,83,152,152,107,1,26,44,84,72,80,0,23,39,68,80,27
20212,A,골목상권,3110613,신정네거리역 4번,80,20,60,0,8,25,24,19,4,0,2,6,7,4,1,0,6,19,17,15,3
20212,A,골목상권,3110657,양천향교역 5번,3180,2118,1062,12,334,603,741,695,795,8,191,396,493,385,645,4,143,207,248,310,150
20212,A,골목상권,3110648,양천향교역 7번,13,5,8,0,1,7,1,3,1,0,0,3,1,1,0,0,1,4,0,2,1
20212,A,골목상권,3110671,등촌1동주민센터,4521,2889,1632,8,1208,1381,956,636,332,2,375,916,788,522,286,6,833,465,168,114,46
20212,R,전통시장,3130214,송화벽화시장(송화골목시장),119,44,75,2,23,18,25,33,18,0,6,7,9,13,9,2,17,11,16,20,9
20212,A,골목상권,3110668,화곡2동주민센터,471,278,193,0,55,70,139,127,80,0,22,33,81,77,65,0,33,37,58,50,15
20212,A,골목상권,3110646,푸른들청소년도서관,754,384,370,1,92,113,198,187,163,1,26,47,97,99,114,0,66,66,101,88,49
20212,R,전통시장,3130221,"남부골목시장(남부화곡시장, 남부시장)",188,69,119,0,22,32,50,57,27,0,5,5,15,22,22,0,17,27,35,35,5
20212,A,골목상권,3110658,화곡초등학교,253,153,100,0,21,55,62,69,46,0,10,35,36,44,28,0,11,20,26,25,18
20212,A,골목상권,3110721,가리봉파출소,215,104,111,1,6,36,42,42,88,0,2,19,17,22,44,1,4,17,25,20,44
20212,A,골목상권,3110703,개봉역,307,192,115,4,28,54,91,77,53,3,16,30,54,49,40,1,12,24,37,28,13
20212,A,골목상권,3110706,그라운드 고척,410,100,310,0,122,101,101,68,18,0,22,20,28,20,10,0,100,81,73,48,8
20212,A,골목상권,3110701,고척동성당,567,379,188,2,126,185,125,92,37,0,81,133,82,54,29,2,45,52,43,38,8
20212,A,골목상권,3110709,구로119안전센터,185,108,77,0,19,22,56,51,37,0,14,13,36,29,16,0,5,9,20,22,21
20212,A,골목상권,3110716,구로나눔길,666,398,268,1,132,256,164,77,36,0,39,154,115,60,30,1,93,102,49,17,6
20212,D,발달상권,3120125,구로역,9531,6476,3055,29,1115,2177,2439,2305,1466,14,646,1505,1615,1580,1116,15,469,672,824,725,350
20212,A,골목상권,3110693,오류동역 4번,17,9,8,0,1,3,5,4,4,0,1,3,2,2,1,0,0,0,3,2,3
20212,A,골목상권,3110741,독산2동주민센터,444,159,285,0,69,117,96,108,54,0,43,35,26,33,22,0,26,82,70,75,32
20212,A,골목상권,3110789,대림성모병원,491,182,309,0,104,137,115,93,42,0,16,44,49,43,30,0,88,93,66,50,12
20212,A,골목상권,3110769,대림차이나타운(대림역 12번),42,12,30,0,6,8,12,10,6,0,0,3,4,3,2,0,6,5,8,7,4
20212,R,전통시장,3130244,대림중앙시장,94,39,55,3,15,16,21,16,23,2,10,8,10,5,4,1,5,8,11,11,19
20212,A,골목상권,3110772,신우어린이공원,94,55,39,0,9,15,22,26,22,0,5,8,12,19,11,0,4,7,10,7,11
20212,A,골목상권,3110785,영등포푸르지오아파트,161,84,77,2,13,17,39,44,46,2,8,12,24,14,24,0,5,5,15,30,22
20212,A,골목상권,3110761,문래동남성맨션,180,106,74,0,13,43,45,41,38,0,8,17,26,25,30,0,5,26,19,16,8
20212,R,전통시장,3130245,영일시장,675,567,108,1,61,189,238,136,50,0,41,148,217,115,46,1,20,41,21,21,4
20212,A,골목상권,3110758,문래소공원,296,221,75,1,44,77,70,67,37,0,32,60,46,52,31,1,12,17,24,15,6
20212,A,골목상권,3110815,공군호텔,2250,791,1459,4,426,519,477,509,315,0,88,197,168,172,166,4,338,322,309,337,149
20212,A,골목상권,3110787,신길3동주민센터,171,122,49,0,19,35,47,42,28,0,8,25,36,31,22,0,11,10,11,11,6
20212,A,골목상권,3110780,신길대성유니드아파트,223,171,52,0,22,42,71,56,32,0,18,34,51,41,27,0,4,8,20,15,5
20212,A,골목상권,3110804,신풍역 1번,312,187,125,0,15,37,62,63,135,0,4,15,29,35,104,0,11,22,33,28,31
20212,D,발달상권,3120150,63빌딩,8614,5431,3183,45,1167,2157,2997,1883,365,18,610,1437,1563,1568,235,27,557,720,1434,315,130
20212,D,발달상권,3120144,영중로,2017,1073,944,1,254,395,508,598,261,1,142,276,289,230,135,0,112,119,219,368,126
20212,A,골목상권,3110808,신길역 1번,67,48,19,0,3,22,21,13,8,0,3,15,14,9,7,0,0,7,7,4,1
20212,A,골목상권,3110832,노량진초등학교,491,269,222,0,54,105,122,153,57,0,24,64,85,70,26,0,30,41,37,83,31
20212,R,전통시장,3130266,만양로상점가,2,1,1,0,0,0,2,0,0,0,0,0,1,0,0,0,0,0,1,0,0
20212,A,골목상권,3110822,신대방삼거리역 4번(대림초등학교),313,131,182,0,57,71,68,76,41,0,13,28,34,35,21,0,44,43,34,41,20
20212,A,골목상권,3110850,사당역 10번,969,487,482,4,217,207,185,162,194,1,54,88,92,95,157,3,163,119,93,67,37
20212,R,전통시장,3130273,남성사계시장(남성시장),141,63,78,0,21,36,45,22,17,0,3,19,20,8,13,0,18,17,25,14,4
20212,R,전통시장,3130260,신대방1동골목상권,70,31,39,0,8,22,15,15,10,0,0,7,7,10,7,0,8,15,8,5,3
20212,R,전통시장,3130281,우림시장,1,0,1,0,0,0,1,0,0,0,0,0,0,0,0,0,0,0,1,0,0
20212,A,골목상권,3110859,난향초등학교,182,113,69,0,11,32,42,52,45,0,0,21,27,30,35,0,11,11,15,22,10
20212,A,골목상권,3110886,관악해태어린이공원,184,103,81,1,38,50,41,34,20,1,18,28,21,23,12,0,20,22,20,11,8
20212,A,골목상권,3110880,신림역 1번,995,275,720,0,379,296,157,128,35,0,78,87,66,33,11,0,301,209,91,95,24
20212,A,골목상권,3110888,청룡동주민센터,94,53,41,0,5,9,11,22,47,0,3,2,4,6,38,0,2,7,7,16,9
20212,A,골목상권,3110896,관악우성아파트,202,49,153,0,41,37,44,47,33,0,5,7,11,13,13,0,36,30,33,34,20
20212,A,골목상권,3110948,헌인가구단지,57,27,30,0,5,24,14,11,3,0,4,12,6,2,3,0,1,12,8,9,0
20212,D,발달상권,3120165,서래마을카페거리(서래마을),3467,2266,1201,11,605,1119,949,516,267,3,277,716,707,369,194,8,328,403,242,147,73
20212,A,골목상권,3110921,서울프랑스학교,506,312,194,7,63,70,115,134,117,2,30,43,80,86,71,5,33,27,35,48,46
20212,A,골목상권,3110907,방배초등학교,775,476,299,8,119,165,211,143,129,5,54,100,118,95,104,3,65,65,93,48,25
20212,A,골목상권,3110912,방배동사이길,210,128,82,3,33,45,53,42,34,2,16,27,39,21,23,1,17,18,14,21,11
20212,A,골목상권,3110933,한국상담대학원대학교,679,60,619,0,344,156,86,63,30,0,10,15,15,5,15,0,334,141,71,58,15
20212,D,발달상권,3120172,교대입구교차로,10241,5712,4529,53,2062,2700,2445,1945,1036,33,854,1635,1489,1004,697,20,1208,1065,956,941,339
20212,A,골목상권,3110935,한전아트센터,379,264,115,2,53,108,105,72,39,2,33,82,75,46,26,0,20,26,30,26,13
20212,D,발달상권,3120192,뱅뱅사거리,27363,18865,8498,72,5748,8234,6678,4352,2279,37,3275,5587,5090,3174,1702,35,2473,2647,1588,1178,577
20212,D,발달상권,3120180,양재화물트럭터미널앞,2562,2146,416,13,637,812,554,409,137,10,466,711,481,363,115,3,171,101,73,46,22
20212,A,골목상권,3110984,포이초등학교(개포목련어린이공원),1556,1046,510,2,236,342,331,306,339,0,140,241,211,199,255,2,96,101,120,107,84
20212,D,발달상권,3120190,강남을지병원,11725,6199,5526,44,3417,3232,2506,1512,1014,14,1228,1650,1567,988,752,30,2189,1582,939,524,262
20212,D,발달상권,3120196,서울세관,9664,5880,3784,15,1699,2887,2578,1611,874,2,596,1519,1718,1320,725,13,1103,1368,860,291,149
20212,D,발달상권,3120200,학동사거리,9363,3808,5555,26,2868,3075,1848,1005,541,9,654,1122,937,687,399,17,2214,1953,911,318,142
20212,D,발달상권,3120223,휘문고교사거리,9166,5574,3592,20,1785,2926,2736,1401,298,4,1102,2061,1597,609,201,16,683,865,1139,792,97
20212,A,골목상권,3110975,매봉역 1번,10837,6932,3905,34,2175,2199,3202,3019,208,21,1010,1161,2184,2402,154,13,1165,1038,1018,617,54
20212,A,골목상권,3110978,도곡2동주민센터(대치중학교),331,186,145,0,46,70,72,114,29,0,20,41,47,62,16,0,26,29,25,52,13
20212,A,골목상권,3110974,언주중학교,278,168,110,3,58,66,85,43,23,3,25,39,59,27,15,0,33,27,26,16,8
20212,D,발달상권,3120188,압구정역,8579,3750,4829,134,2204,2146,1550,1314,1231,47,698,969,897,556,583,87,1506,1177,653,758,648
20212,D,발달상권,3120202,압구정로데오역(압구정로데오),11735,6075,5660,41,2963,4419,2469,1425,418,11,793,2184,1593,1195,299,30,2170,2235,876,230,119
20212,A,골목상권,3110971,선정릉역 4번,1542,900,642,11,278,455,380,254,164,6,140,270,245,120,119,5,138,185,135,134,45
20212,D,발달상권,3120239,오금역,4595,2925,1670,17,840,1205,1156,897,480,11,447,798,824,483,362,6,393,407,332,414,118
20212,D,발달상권,3120241,거여역,1197,650,547,5,110,221,296,277,288,2,80,152,161,83,172,3,30,69,135,194,116
20212,A,골목상권,3111026,문정역 2번,2257,1479,778,7,430,626,537,409,248,3,235,420,381,229,211,4,195,206,156,180,37
20212,A,골목상권,3111017,송파나루역 3번,272,183,89,0,40,62,62,63,45,0,14,42,42,45,40,0,26,20,20,18,5
20212,A,골목상권,3111010,석촌역 7번,1512,1031,481,3,181,309,376,339,304,1,98,190,261,234,247,2,83,119,115,105,57
20212,A,골목상권,3111040,거여초등학교,346,137,209,0,26,86,124,77,33,0,9,27,48,30,23,0,17,59,76,47,10
20212,A,골목상권,3111034,오동나무공원(송파레미니스1단지),1465,1038,427,3,253,373,355,322,159,3,163,257,267,226,122,0,90,116,88,96,37
20212,A,골목상권,3111030,방이역 2번,665,419,246,1,57,107,147,217,136,0,28,68,94,128,101,1,29,39,53,89,35
20212,D,발달상권,3120225,잠실새내역(신천),5597,3589,2008,25,909,1191,1223,1162,1087,3,464,712,794,811,805,22,445,479,429,351,282
20212,A,골목상권,3111085,묘곡초등학교(고덕아이파크아파트),800,452,348,0,68,111,152,196,273,0,35,72,80,84,181,0,33,39,72,112,92
20212,A,골목상권,3111077,길동주민센터(강동도서관),1272,737,535,4,121,258,294,321,274,1,49,138,167,188,194,3,72,120,127,133,80
20212,R,전통시장,3130324,길동복조리시장,154,85,69,3,27,32,47,40,5,2,13,18,31,19,2,1,14,14,16,21,3
20212,D,발달상권,3120245,둔촌역,1884,1135,749,7,312,460,446,371,288,6,169,309,271,195,185,1,143,151,175,176,103
20212,A,골목상권,3111076,둔촌2동주민센터,297,174,123,0,25,49,61,86,76,0,14,24,34,39,63,0,11,25,27,47,13
20212,A,골목상권,3111080,굽은다리역 3번,434,235,199,0,44,77,100,110,103,0,12,52,63,58,50,0,32,25,37,52,53
20212,R,전통시장,3130320,암사종합시장,173,97,76,1,16,29,50,31,46,1,5,12,31,19,29,0,11,17,19,12,17
20212,R,전통시장,3130002,세종마을음식문화거리(금천교시장),564,392,172,4,56,109,120,121,154,0,26,74,75,90,127,4,30,35,45,31,27
20212,A,골목상권,3110037,신설동역 12번,208,124,84,0,16,46,51,61,34,0,6,20,32,41,25,0,10,26,19,20,9
20212,D,발달상권,3120014,종로5가역,4887,2839,2048,375,1123,1351,1205,597,236,112,456,860,851,397,163,263,667,491,354,200,73
20212,A,골목상권,3110029,동대문역 1번,247,68,179,0,11,34,64,82,56,0,1,8,25,21,13,0,10,26,39,61,43
20212,A,골목상권,3110021,성균관대학교,395,301,94,2,16,44,110,145,78,2,7,29,89,124,50,0,9,15,21,21,28
20212,R,전통시장,3130032,인현시장,167,123,44,0,3,25,47,54,38,0,3,16,35,40,29,0,0,9,12,14,9
20212,A,골목상권,3110056,신당역 3번,514,293,221,0,62,129,118,115,90,0,31,63,69,72,58,0,31,66,49,43,32
20212,D,발달상권,3120027,명동역(명동재미로),18097,8477,9620,67,2695,5851,6070,3074,340,9,859,2588,2522,2321,178,58,1836,3263,3548,753,162
20212,R,전통시장,3130054,황학동주방가구거리상점가,374,266,108,0,25,80,116,106,47,0,18,60,77,74,37,0,7,20,39,32,10
20212,A,골목상권,3110050,약수역 7번,306,229,77,0,34,81,75,74,42,0,21,59,60,56,33,0,13,22,15,18,9
20212,A,골목상권,3110042,남산골공원옆,683,424,259,3,91,156,195,166,72,0,37,89,131,121,46,3,54,67,64,45,26
20212,A,골목상권,3110088,오산고등학교,101,51,50,0,22,20,19,15,25,0,9,9,8,8,17,0,13,11,11,7,8
20212,A,골목상권,3110090,한국폴리텍대학서울정수캠퍼스,3968,2447,1521,1,446,1358,1632,500,31,1,173,548,1231,467,27,0,273,810,401,33,4
20212,A,골목상권,3110063,효창공원앞역 5번,530,347,183,8,47,104,139,132,100,6,25,71,93,87,65,2,22,33,46,45,35
20212,D,발달상권,3120040,용산전자상가(용산역),8008,5959,2049,43,1387,2728,2220,1237,393,30,880,2009,1728,997,315,13,507,719,492,240,78
20212,A,골목상권,3110058,성심여자고등학교,1189,857,332,10,168,333,362,206,110,3,77,243,278,166,90,7,91,90,84,40,20
20212,A,골목상권,3110087,이태원엔틱가구거리,329,113,216,0,151,130,29,10,9,0,26,52,19,8,8,0,125,78,10,2,1
20212,A,골목상권,3110067,배문고등학교,1547,895,652,1,215,370,383,320,258,0,84,173,199,225,214,1,131,197,184,95,44
20212,D,발달상권,3120047,한남오거리,2290,1458,832,11,366,751,623,343,196,9,152,461,438,249,149,2,214,290,185,94,47
20212,A,골목상권,3110098,서울독일학교,242,91,151,0,57,85,68,23,9,0,15,22,34,15,5,0,42,63,34,8,4
20212,A,골목상권,3110096,한남힐사이드아파트,502,337,165,3,155,183,85,47,29,3,89,132,63,26,24,0,66,51,22,21,5
20212,D,발달상권,3120048,금호역,76,28,48,0,16,10,18,21,11,0,2,2,6,11,7,0,14,8,12,10,4
20212,R,전통시장,3130063,신금호역 골목형상점가,30,21,9,0,2,4,5,9,10,0,1,3,4,7,6,0,1,1,1,2,4
20212,A,골목상권,3110119,마장지하차도,127,89,38,0,17,26,32,26,26,0,12,22,19,18,18,0,5,4,13,8,8
20212,A,골목상권,3110131,성수동카페거리,4798,3110,1688,15,902,1536,1123,699,523,9,460,993,777,497,374,6,442,543,346,202,149
20212,A,골목상권,3110134,성수119안전센터,771,587,184,4,65,108,185,252,157,4,38,78,143,200,124,0,27,30,42,52,33
20212,A,골목상권,3110136,경수초등학교,4745,2743,2002,43,1169,1097,978,875,583,32,439,633,615,593,431,11,730,464,363,282,152
20212,A,골목상권,3110100,옥수동우편취급국,37,26,11,0,5,17,8,5,2,0,0,14,6,4,2,0,5,3,2,1,0
20212,A,골목상권,3110118,왕십리역 9번,697,487,210,1,90,182,204,129,91,0,62,110,144,93,78,1,28,72,60,36,13
20212,D,발달상권,3120061,올림픽대교북단,1094,864,230,1,228,403,324,95,43,0,165,326,290,55,28,1,63,77,34,40,15
20212,D,발달상권,3120056,구의역,1879,884,995,6,322,352,510,413,276,6,105,129,223,246,175,0,217,223,287,167,101
20212,D,발달상권,3120059,구삼강변맛길,3277,1779,1498,6,431,676,553,747,864,4,244,472,365,322,372,2,187,204,188,425,492
20212,A,골목상권,3110149,세종대학교,122,72,50,0,15,21,31,23,32,0,8,13,19,7,25,0,7,8,12,16,7
20212,A,골목상권,3110155,광진구청,8356,7701,655,0,240,853,2408,4046,809,0,172,765,2256,3748,760,0,68,88,152,298,49
20212,A,골목상권,3110139,자양4동주민센터,204,116,88,0,13,28,53,51,59,0,3,14,32,25,42,0,10,14,21,26,17
20212,R,전통시장,3130077,조양시장,31,19,12,0,11,7,8,5,0,0,6,5,4,4,0,0,5,2,4,1,0
20212,A,골목상권,3110167,용마초등학교,380,223,157,2,22,56,99,112,89,0,9,20,52,64,78,2,13,36,47,48,11
20212,A,골목상권,3110176,해오름공원,791,439,352,1,84,212,229,173,92,1,32,119,126,91,70,0,52,93,103,82,22
20212,A,골목상권,3110204,간데메공원,411,268,143,3,83,97,82,89,57,3,57,64,46,58,40,0,26,33,36,31,17
20212,A,골목상권,3110226,장안1동주민센터,1882,1005,877,2,147,247,333,512,641,2,87,148,213,253,302,0,60,99,120,259,339
20212,A,골목상권,3110211,전곡마을마당공원,626,445,181,1,66,101,170,194,94,0,45,73,129,143,55,1,21,28,41,51,39
20212,A,골목상권,3110207,시립대앞사거리,33,21,12,0,4,10,6,5,8,0,2,8,3,3,5,0,2,2,3,2,3
20212,R,전통시장,3130086,서울약령시장,1184,651,533,4,113,208,305,341,213,0,56,128,165,181,121,4,57,80,140,160,92
20212,R,전통시장,3130087,경동광성상가(경동시장),28,20,8,0,5,3,8,7,5,0,3,2,6,5,4,0,2,1,2,2,1
20212,A,골목상권,3110198,동대문중앙새마을금고본점,67,26,41,0,1,0,18,37,11,0,0,0,8,10,8,0,1,0,10,27,3
20212,A,골목상권,3110200,동대문경찰서,74,50,24,0,1,6,21,13,33,0,0,1,11,6,32,0,1,5,10,7,1
20212,R,전통시장,3130115,우림골목시장,307,106,201,2,80,61,68,64,32,0,29,11,30,20,16,2,51,50,38,44,16
20212,A,골목상권,3110256,면목2동체육관,477,321,156,2,56,66,82,140,131,1,21,35,45,109,110,1,35,31,37,31,21
20212,A,골목상권,3110266,면목동우체국,225,182,43,0,10,31,38,79,67,0,1,19,30,69,63,0,9,12,8,10,4
20212,A,골목상권,3110236,신묵초등학교,1015,836,179,0,185,302,228,255,45,0,135,246,194,228,33,0,50,56,34,27,12
20212,A,골목상권,3110267,망우역 2번,139,49,90,1,15,28,50,28,17,1,2,10,19,13,4,0,13,18,31,15,13
20212,A,골목상권,3110234,중랑역 4번,96,41,55,0,15,16,23,25,17,0,2,5,10,14,10,0,13,11,13,11,7
20212,R,전통시장,3130121,길음시장,88,19,69,0,36,24,10,8,10,0,2,5,3,2,7,0,34,19,7,6,3
20212,A,골목상권,3110324,월곡역 4번,99,55,44,0,31,21,19,18,10,0,9,10,13,14,9,0,22,11,6,4,1
20212,A,골목상권,3110298,솔숲어린이공원,77,28,49,0,18,11,24,12,12,0,3,5,7,5,8,0,15,6,17,7,4
20212,A,골목상권,3110314,종암경찰서,949,699,250,1,127,271,223,286,41,0,72,206,162,231,28,1,55,65,61,55,13
20212,A,골목상권,3110365,미아역 5번,341,83,258,0,17,21,44,63,196,0,5,12,15,17,34,0,12,9,29,46,162
20212,A,골목상권,3110368,송천초등학교,199,178,21,0,9,16,39,71,64,0,5,11,34,66,62,0,4,5,5,5,2
20212,A,골목상권,3110352,수유1동주민센터,275,112,163,0,23,49,101,79,23,0,11,22,37,29,13,0,12,27,64,50,10
20212,A,골목상권,3110349,화계역 2번,83,67,16,0,6,4,21,33,19,0,5,3,12,28,19,0,1,1,9,5,0
20212,A,골목상권,3110367,강북구청,1943,976,967,5,195,512,483,522,226,4,64,205,237,340,126,1,131,307,246,182,100
20212,A,골목상권,3110339,국립4.19민주묘지,11,6,5,0,2,2,5,0,2,0,0,2,3,0,1,0,2,0,2,0,1
20212,A,골목상권,3110346,4.19민주묘지역 2번,96,48,48,0,12,13,19,19,33,0,3,7,8,7,23,0,9,6,11,12,10
20212,A,골목상권,3110395,신한은행 방학동지점,163,42,121,0,17,20,44,42,40,0,0,2,11,9,20,0,17,18,33,33,20
20212,A,골목상권,3110403,방학1동주민센터,316,167,149,1,44,56,63,78,74,1,30,37,36,36,27,0,14,19,27,42,47
20212,A,골목상권,3110393,국민은행방학지점,49,13,36,0,2,10,17,15,5,0,0,0,4,6,3,0,2,10,13,9,2
20212,A,골목상권,3110398,쌍문2동우체국,474,326,148,0,30,65,96,153,130,0,11,27,50,124,114,0,19,38,46,29,16
20212,R,전통시장,3130150,창동골목시장,84,47,37,0,19,30,14,8,13,0,7,20,9,5,6,0,12,10,5,3,7
20212,A,골목상권,3110401,도봉구민회관,243,65,178,0,29,32,38,87,57,0,4,14,14,22,11,0,25,18,24,65,46
20212,D,발달상권,3120084,공릉역,712,546,166,3,33,59,110,240,267,1,11,22,63,205,244,2,22,37,47,35,23
20212,A,골목상권,3110419,수락산디자인거리,695,462,233,5,94,131,159,180,126,5,49,76,108,130,94,0,45,55,51,50,32
20212,A,골목상권,3110425,계상초등학교,136,59,77,2,18,12,36,40,28,2,5,7,19,15,11,0,13,5,17,25,17
20212,A,골목상권,3110421,석계역 1번,249,109,140,0,22,37,78,65,47,0,8,16,31,26,28,0,14,21,47,39,19
20212,R,전통시장,3130167,연신내상점가(연빛거리),632,234,398,1,143,140,156,118,74,1,30,48,57,51,47,0,113,92,99,67,27
20212,D,발달상권,3120088,구산역,799,279,520,2,86,117,175,272,147,2,30,65,68,59,55,0,56,52,107,213,92
20212,A,골목상권,3110473,구산역 1번,436,241,195,0,34,59,113,107,123,0,24,27,53,49,88,0,10,32,60,58,35
20212,A,골목상권,3110487,불광역 8번,63,35,28,0,11,22,15,8,7,0,6,11,7,8,3,0,5,11,8,0,4
20212,A,골목상권,3110480,연신내역 3번,161,51,110,0,16,35,52,35,23,0,3,9,17,12,10,0,13,26,35,23,13
20212,A,골목상권,3110474,세명컴퓨터고등학교,119,55,64,0,7,33,28,23,28,0,2,14,11,8,20,0,5,19,17,15,8
20212,A,골목상권,3110482,연신초등학교,11,7,4,0,0,0,4,6,1,0,0,0,3,3,1,0,0,0,1,3,0
20212,A,골목상권,3110455,역촌노인복지관,690,369,321,2,73,120,187,203,105,0,37,64,89,109,70,2,36,56,98,94,35
20212,A,골목상권,3110470,신진과학기술고등학교,93,65,28,0,7,17,34,25,10,0,5,10,26,19,5,0,2,7,8,6,5
20212,A,골목상권,3110475,백련산해모로아파트,245,127,118,1,23,44,76,70,31,1,10,24,44,29,19,0,13,20,32,41,12
20212,D,발달상권,3120089,구파발역,5,1,4,0,0,0,1,2,2,0,0,0,0,1,0,0,0,0,1,1,2
20212,R,전통시장,3130173,백련시장,5,3,2,0,0,1,0,2,2,0,0,1,0,0,2,0,0,0,0,2,0
20212,D,발달상권,3120096,"이화여대(이대역, 이대)",493,210,283,1,81,137,130,86,58,0,27,52,48,43,40,1,54,85,82,43,18
20212,A,골목상권,3110532,아현역 2번,328,204,124,0,52,33,46,78,119,0,17,13,22,57,95,0,35,20,24,21,24
20212,R,전통시장,3130178,이대 앞 스타트업 상점가,30,6,24,0,5,5,8,6,6,0,1,0,3,0,2,0,4,5,5,6,4
20212,A,골목상권,3110517,서대문소방서,884,634,250,8,197,216,203,177,83,5,99,170,163,146,51,3,98,46,40,31,32
20212,A,골목상권,3110512,연희지하차도,335,165,170,0,40,62,102,99,32,0,14,38,44,49,20,0,26,24,58,50,12
20212,A,골목상권,3110536,돈의문센트레빌아파트입구,141,105,36,0,12,23,61,32,13,0,7,17,50,21,10,0,5,6,11,11,3
20212,A,골목상권,3110534,경기대학교,157,88,69,0,10,29,28,42,48,0,7,20,14,19,28,0,3,9,14,23,20
20212,A,골목상권,3110516,정원여중,227,101,126,0,35,40,62,65,25,0,17,18,27,23,16,0,18,22,35,42,9
20212,A,골목상권,3110527,홍제역 2번,185,89,96,1,36,40,36,40,32,1,11,26,15,21,15,0,25,14,21,19,17
20212,A,골목상권,3110572,서강대역 1번,470,254,216,1,63,130,117,116,43,1,32,67,58,66,30,0,31,63,59,50,13
20212,A,골목상권,3110575,대흥동주민센터,208,157,51,2,25,48,36,49,48,2,11,35,25,41,43,0,14,13,11,8,5
20212,D,발달상권,3120100,망원역,846,397,449,4,199,227,191,137,88,2,52,99,101,94,49,2,147,128,90,43,39
20212,R,전통시장,3130185,망원월드컵시장,190,123,67,1,26,69,53,25,16,1,14,43,35,16,14,0,12,26,18,9,2
20212,A,골목상권,3110547,KB국민은행 망원동지점,284,168,116,0,13,47,93,76,55,0,4,25,55,45,39,0,9,22,38,31,16
20212,R,전통시장,3130183,상암동상점가,816,607,209,1,89,204,283,187,52,0,49,150,227,143,38,1,40,54,56,44,14
20212,A,골목상권,3110569,홍대땡땡거리,358,153,205,2,62,108,97,53,36,1,18,48,46,19,21,1,44,60,51,34,15
20212,A,골목상권,3110554,망원역 1번,1579,777,802,2,213,371,508,350,135,2,105,188,241,156,85,0,108,183,267,194,50
20212,A,골목상권,3110551,성서초등학교,803,387,416,1,110,164,235,172,121,1,42,90,114,81,59,0,68,74,121,91,62
20212,R,전통시장,3130198,아현시장,203,45,158,1,51,84,52,10,5,0,8,5,26,4,2,1,43,79,26,6,3
20212,A,골목상권,3110550,합정역 8번,1578,740,838,1,240,411,414,333,179,0,84,165,221,171,99,1,156,246,193,162,80
20212,A,골목상권,3110546,양화대교북단,732,436,296,3,189,254,157,76,53,3,81,126,120,62,44,0,108,128,37,14,9
20212,D,발달상권,3120114,목동신시가지,13498,9371,4127,46,2070,3798,3444,2895,1245,29,1126,2619,2554,2204,839,17,944,1179,890,691,406
20212,A,골목상권,3110619,목4동주민센터,311,203,108,1,51,87,89,64,19,1,16,52,58,57,19,0,35,35,31,7,0
20212,A,골목상권,3110607,금빛새마을금고본점,47,29,18,0,1,10,11,14,11,0,1,4,5,10,9,0,0,6,6,4,2
20212,A,골목상권,3110608,신월2동주민센터,875,454,421,1,51,116,229,273,205,1,23,69,117,127,117,0,28,47,112,146,88
20212,A,골목상권,3110647,화곡역 5번,899,461,438,2,117,230,224,230,96,1,44,138,111,116,51,1,73,92,113,114,45
20212,A,골목상권,3110594,신월중학교,357,182,175,0,35,116,89,85,32,0,10,41,50,52,29,0,25,75,39,33,3
20212,R,전통시장,3130205,신곡종합시장(신월6동 골목시장),141,103,38,1,17,36,39,32,16,0,10,27,33,18,15,1,7,9,6,14,1
20212,A,골목상권,3110602,신월시영아파트중문,674,584,90,1,8,23,81,250,311,0,4,14,55,218,293,1,4,9,26,32,18
20212,A,골목상권,3110600,신월7동주민센터,350,263,87,0,32,30,66,101,121,0,17,14,38,79,115,0,15,16,28,22,6
20212,A,골목상권,3110610,계남근린공원,126,85,41,0,5,11,41,44,25,0,3,6,28,35,13,0,2,5,13,9,12
20212,A,골목상권,3110616,양목초등학교,161,103,58,0,3,23,19,40,76,0,2,18,14,32,37,0,1,5,5,8,39
20212,A,골목상권,3110611,신정역 1번,289,192,97,2,34,57,88,74,34,2,20,42,52,46,30,0,14,15,36,28,4
20212,A,골목상권,3110635,공항시장역 3번,1451,391,1060,4,64,82,162,479,660,1,43,58,63,33,193,3,21,24,99,446,467
20212,D,발달상권,3120122,강서구청,2179,1231,948,4,314,461,494,447,459,2,103,228,271,262,365,2,211,233,223,185,94
20212,A,골목상권,3110638,신방화역 2번,372,202,170,3,53,75,88,87,66,3,22,40,44,43,50,0,31,35,44,44,16
20212,A,골목상권,3110650,우장산힐스테이트,143,116,27,0,23,30,51,20,19,0,15,25,42,17,17,0,8,5,9,3,2
20212,A,골목상권,3110702,개봉초등학교,131,93,38,1,15,18,33,34,30,1,10,13,23,24,22,0,5,5,10,10,8
20212,R,전통시장,3130227,고척골목시장상점가(그라운드 고척),33,14,19,0,4,6,10,8,5,0,0,1,5,5,3,0,4,5,5,3,2
20212,A,골목상권,3110699,덕의초등학교,136,79,57,0,14,22,29,43,28,0,7,14,13,24,21,0,7,8,16,19,7
20212,D,발달상권,3120129,구로디지털단지,48873,32033,16840,196,10422,16630,12386,5777,3462,127,5285,11083,8771,3995,2772,69,5137,5547,3615,1782,690
20212,A,골목상권,3110712,남구로역 5번,233,108,125,1,32,36,66,64,34,0,10,17,24,32,25,1,22,19,42,32,9
20212,A,골목상권,3110720,대림역 2번,228,87,141,0,27,50,65,49,37,0,11,14,18,17,27,0,16,36,47,32,10
20212,R,전통시장,3130231,독산동 우시장,611,476,135,2,31,74,126,196,182,0,16,55,97,145,163,2,15,19,29,51,19
20212,A,골목상권,3110745,독산동정훈단지,251,191,60,0,11,20,33,86,101,0,3,12,22,64,90,0,8,8,11,22,11
20212,D,발달상권,3120134,구로전화국,2014,1668,346,0,107,157,172,223,1355,0,44,75,96,153,1300,0,63,82,76,70,55
20212,A,골목상권,3110755,동일여자고등학교,193,51,142,0,10,24,45,70,44,0,3,8,17,11,12,0,7,16,28,59,32
20212,D,발달상권,3120143,당산역,2671,1987,684,9,326,516,558,517,745,2,194,394,403,386,608,7,132,122,155,131,137
20212,A,골목상권,3110778,구로디지털단지역 4번,1596,862,734,0,248,459,484,224,181,0,122,281,192,136,131,0,126,178,292,88,50
20212,A,골목상권,3110771,대림역 11번,955,604,351,0,22,38,128,210,557,0,21,30,73,131,349,0,1,8,55,79,208
20212,D,발달상권,3120139,대림3동사거리,3619,2404,1215,14,423,867,992,727,596,5,220,632,783,462,302,9,203,235,209,265,294
20212,A,골목상권,3110768,도림2동유수지내체육시설,294,155,139,0,20,43,63,73,95,0,7,22,32,41,53,0,13,21,31,32,42
20212,A,골목상권,3110759,문래예술촌(문래창작촌),4221,2168,2053,9,521,838,1001,1281,571,5,266,553,595,462,287,4,255,285,406,819,284
20212,D,발달상권,3120152,신대방삼거리역,578,278,300,1,66,127,150,148,86,1,22,63,80,70,42,0,44,64,70,78,44
20212,A,골목상권,3110818,신대방역 3번,20,9,11,0,1,3,7,7,2,0,1,3,2,1,2,0,0,0,5,6,0
20212,A,골목상권,3110856,미성초등학교,538,295,243,3,58,85,170,150,72,1,28,44,99,71,52,2,30,41,71,79,20
20212,A,골목상권,3110874,원신초등학교(구세군관악영문교회),46,15,31,1,4,19,7,12,3,1,1,3,3,6,1,0,3,16,4,6,2
20212,A,골목상권,3110879,신림현대아파트,17,7,10,0,2,3,5,5,2,0,1,2,2,2,0,0,1,1,3,3,2
20212,A,골목상권,3110885,영락고등학교,339,213,126,0,37,58,94,88,62,0,18,33,61,56,45,0,19,25,33,32,17
20212,D,발달상권,3120157,신림역(신림),637,257,380,1,96,116,146,139,139,0,19,40,82,49,67,1,77,76,64,90,72
20212,A,골목상권,3110858,신대방역 1번,66,33,33,0,5,9,17,7,28,0,0,1,6,2,24,0,5,8,11,5,4
20212,A,골목상권,3110872,신림초등학교,279,196,83,3,54,68,69,54,31,3,36,54,54,42,7,0,18,14,15,12,24
20212,A,골목상권,3110855,신대방역 2번,429,275,154,2,53,111,126,90,47,0,22,81,83,55,34,2,31,30,43,35,13
20212,R,전통시장,3130276,신림중앙시장(조원동 펭귄시장),39,27,12,0,1,2,13,11,12,0,0,2,7,9,9,0,1,0,6,2,3
20212,A,골목상권,3110947,청계산입구역 2번(내곡동주민센터),112,45,67,0,18,17,27,18,32,0,8,9,14,7,7,0,10,8,13,11,25
20212,D,발달상권,3120177,신논현역 1번,694,436,258,1,84,187,202,143,77,0,34,111,130,106,55,1,50,76,72,37,22
20212,D,발달상권,3120187,신논현역,13076,7778,5298,64,3624,3962,2984,1673,769,27,1516,2302,2121,1247,565,37,2108,1660,863,426,204
20212,A,골목상권,3110913,방현초등학교(방배119안전센터),3293,2109,1184,7,571,1263,876,376,200,4,272,822,625,237,149,3,299,441,251,139,51
20212,A,골목상권,3110934,우면주공아파트,994,674,320,6,197,291,253,161,86,5,83,217,195,110,64,1,114,74,58,51,22
20212,A,골목상권,3110937,방아다리근린공원(횃불트리니티신학대학원대학교),2465,1270,1195,7,634,861,542,318,103,6,246,507,335,113,63,1,388,354,207,205,40
20212,D,발달상권,3120183,양재천카페거리,3558,2626,932,12,586,972,848,551,589,10,364,717,638,413,484,2,222,255,210,138,105
20212,D,발달상권,3120205,매봉역,13950,9370,4580,95,2838,4203,3126,1781,1907,44,1450,2959,2521,1302,1094,51,1388,1244,605,479,813
20212,D,발달상권,3120194,언주역(차병원),12628,8724,3904,37,2790,4202,2802,1923,874,14,1366,2863,2239,1588,654,23,1424,1339,563,335,220
20212,A,골목상권,3110955,논현초등학교,3430,2238,1192,19,719,823,793,625,451,13,417,568,554,389,297,6,302,255,239,236,154
20212,R,전통시장,3130303,영동전통시장,242,95,147,0,21,60,67,58,36,0,7,19,22,24,23,0,14,41,45,34,13
20212,D,발달상권,3120215,포스코사거리,61667,40706,20961,170,9756,22506,18178,8408,2649,29,4305,14324,13853,6409,1786,141,5451,8182,4325,1999,863
20212,A,골목상권,3110992,도곡초등학교,2179,1144,1035,3,269,440,484,524,459,1,108,253,258,260,264,2,161,187,226,264,195
20212,A,골목상권,3110991,삼성중앙역 5번,1246,794,452,1,111,415,339,275,105,1,28,243,229,216,77,0,83,172,110,59,28
20212,A,골목상권,3111000,대왕초등학교(세곡동사거리서남측),39,20,19,0,7,10,12,8,2,0,0,4,10,4,2,0,7,6,2,4,0
20212,A,골목상권,3110999,윗방죽마을공원,268,130,138,2,19,43,44,83,77,1,12,27,27,39,24,1,7,16,17,44,53
20212,R,전통시장,3130302,강남시장(강남구 강남시장),58,33,25,0,13,15,14,8,8,0,7,10,9,2,5,0,6,5,5,6,3
20212,A,골목상권,3110963,역삼월드메르디앙아파트,779,545,234,1,126,183,226,154,89,0,79,144,171,97,54,1,47,39,55,57,35
20212,A,골목상권,3110967,역삼역 8번,377,228,149,0,63,92,89,92,41,0,31,51,60,56,30,0,32,41,29,36,11
20212,A,골목상권,3110972,강남세브란스병원미래의학연구센터,2628,1440,1188,17,539,669,692,581,130,4,240,428,438,258,72,13,299,241,254,323,58
20212,A,골목상권,3110969,베르사이유1아파트,1546,1230,316,4,231,442,483,285,101,2,165,345,402,239,77,2,66,97,81,46,24
20212,R,전통시장,3130307,도곡시장,17,9,8,0,0,3,4,7,3,0,0,2,1,4,2,0,0,1,3,3,1
20212,A,골목상권,3110990,청담역 12번,262,109,153,2,61,92,56,36,15,0,12,32,29,23,13,2,49,60,27,13,2
20212,A,골목상권,3110985,청담근린공원,1338,948,390,0,193,447,374,226,98,0,98,346,275,157,72,0,95,101,99,69,26
20212,R,전통시장,3130308,청담삼익시장,48,30,18,0,5,11,13,7,12,0,3,6,8,4,9,0,2,5,5,3,3
20212,D,발달상권,3120231,가락시장,5698,4083,1615,0,368,1051,1564,1654,1061,0,264,836,1185,1098,700,0,104,215,379,556,361
20212,D,발달상권,3120240,개롱역,1609,1102,507,7,212,314,404,431,241,5,125,230,269,295,178,2,87,84,135,136,63
20212,A,골목상권,3111021,방이역 4번,7683,5874,1809,22,793,1329,1979,2137,1423,15,391,912,1552,1769,1235,7,402,417,427,368,188
20212,A,골목상권,3111008,석촌고분역 3번,1551,1177,374,1,182,286,280,382,420,1,148,237,208,248,335,0,34,49,72,134,85
20212,A,골목상권,3111015,석촌역 3번,1352,778,574,1,151,315,350,351,184,1,72,199,216,181,109,0,79,116,134,170,75
20212,A,골목상권,3111016,송파역 2번,3803,1601,2202,15,1126,1104,801,601,156,8,407,533,427,165,61,7,719,571,374,436,95
20212,A,골목상권,3111038,보인중학교,416,270,146,0,26,66,113,123,88,0,11,38,85,88,48,0,15,28,28,35,40
20212,A,골목상권,3111011,잠실나루역,9608,7747,1861,42,1275,3018,2795,2046,432,18,924,2492,2309,1674,330,24,351,526,486,372,102
20212,A,골목상권,3111003,삼전역 4번,1996,1337,659,6,249,412,549,437,343,1,160,278,332,308,258,5,89,134,217,129,85
20212,R,전통시장,3130311,새마을시장,377,246,131,1,60,78,104,75,59,0,28,48,80,55,35,1,32,30,24,20,24
20212,R,전통시장,3130326,고덕 골목형상점가,935,850,85,0,8,37,165,395,330,0,4,31,147,360,308,0,4,6,18,35,22
20212,A,골목상권,3111088,고덕동성당,123,54,69,0,15,32,32,31,13,0,4,15,10,15,10,0,11,17,22,16,3
20212,A,골목상권,3111071,천동초등학교,76,52,24,0,4,15,21,25,11,0,4,6,18,16,8,0,0,9,3,9,3
20212,A,골목상권,3111079,둔촌고등학교(둔촌중학교),377,197,180,1,43,58,60,76,139,1,28,34,33,28,73,0,15,24,27,48,66
20212,A,골목상권,3111050,강동구청(강동구청역 2번),131,96,35,0,21,14,21,32,43,0,12,5,12,27,40,0,9,9,9,5,3
20212,D,발달상권,3120243,천호역,1395,637,758,6,189,265,331,296,308,2,64,109,143,126,193,4,125,156,188,170,115
20212,A,골목상권,3111062,둔촌동역 3번(성내3동주민센터),751,501,250,5,134,198,194,144,76,5,81,139,126,91,59,0,53,59,68,53,17
20212,A,골목상권,3111066,암사동성당(효정하나플러스아파트),417,255,162,3,46,103,101,113,51,0,14,53,66,91,31,3,32,50,35,22,20
20212,A,골목상권,3111052,암사역 3번(천호동자전거거리),357,228,129,1,26,71,117,94,48,1,11,47,76,58,35,0,15,24,41,36,13
20212,A,골목상권,3111069,천호1동주민센터,79,54,25,0,8,17,17,26,11,0,4,12,14,14,10,0,4,5,3,12,1
20212,A,골목상권,3111048,천호역 1번(천호문구완구거리),183,101,82,3,18,52,44,42,24,2,10,24,26,23,16,1,8,28,18,19,8
20212,A,골목상권,3110003,세검정초등학교,607,337,270,7,78,120,167,167,68,6,35,45,103,96,52,1,43,75,64,71,16
20212,R,전통시장,3130020,동묘시장(동묘벼룩시장),407,177,230,5,154,93,73,58,24,5,43,31,45,32,21,0,111,62,28,26,3
20212,R,전통시장,3130005,세운상가가동,133,93,40,0,7,34,35,21,36,0,5,23,28,8,29,0,2,11,7,13,7
20212,D,발달상권,3120004,종로구청,12937,7078,5859,9,1442,4392,4485,2080,529,4,432,2050,2756,1493,343,5,1010,2342,1729,587,186
20212,R,전통시장,3130004,낙원시장(낙원지하시장(대일상가)),364,258,106,0,29,70,99,78,88,0,14,51,68,57,68,0,15,19,31,21,20
20212,R,전통시장,3130010,종로신진시장,200,113,87,0,20,29,55,48,48,0,14,17,24,26,32,0,6,12,31,22,16
20212,A,골목상권,3110032,수족관거리,30,15,15,0,3,5,4,13,5,0,2,1,2,7,3,0,1,4,2,6,2
20212,U,관광특구,3001493,동대문패션타운 관광특구,5916,2900,3016,36,1415,1672,1133,1020,640,13,536,733,643,584,391,23,879,939,490,436,249
20212,A,골목상권,3110049,장충단 고개,2303,1240,1063,4,566,582,448,431,272,2,174,314,281,257,212,2,392,268,167,174,60
20212,D,발달상권,3120039,신당역,2348,1249,1099,31,795,488,410,342,282,11,348,245,228,226,191,20,447,243,182,116,91
20212,A,골목상권,3110041,남산케이블카,967,435,532,2,118,152,175,254,266,2,51,69,83,87,143,0,67,83,92,167,123
20212,R,전통시장,3130052,서울중앙시장(신중앙시장),479,342,137,0,106,156,101,61,55,0,80,110,57,45,50,0,26,46,44,16,5
20212,D,발달상권,3120036,장충동족발거리(남소영길),2289,1090,1199,14,616,783,556,223,97,0,122,393,365,155,55,14,494,390,191,68,42
20212,A,골목상권,3110054,청구역 3번,1542,854,688,3,259,378,315,340,247,1,90,204,220,215,124,2,169,174,95,125,123
20212,R,전통시장,3130056,용산용문시장,65,34,31,0,7,15,18,10,15,0,4,6,7,6,11,0,3,9,11,4,4
20212,A,골목상권,3110080,해방촌예술마을,311,168,143,0,53,71,88,58,41,0,18,40,52,31,27,0,35,31,36,27,14
20212,A,골목상권,3110065,남정초등학교,137,92,45,0,17,45,48,17,10,0,9,37,31,10,5,0,8,8,17,7,5
20212,A,골목상권,3110579,마포역 4번,750,563,187,2,54,162,247,219,66,1,37,124,188,165,48,1,17,38,59,54,18
20212,D,발달상권,3120046,이태원(이태원역),2285,1299,986,24,818,684,339,224,196,15,389,422,205,137,131,9,429,262,134,87,65
20212,D,발달상권,3120044,삼각지역,1905,1415,490,5,357,534,461,374,174,5,220,403,384,278,125,0,137,131,77,96,49
20212,A,골목상권,3110123,마장역 3번,511,382,129,0,42,56,91,185,137,0,21,36,63,141,121,0,21,20,28,44,16
20212,A,골목상권,3110121,한양대역 4번,45,30,15,0,3,10,8,11,13,0,2,5,5,7,11,0,1,5,3,4,2
20212,D,발달상권,3120049,왕십리역(왕십리),1459,1004,455,1,183,301,377,468,129,1,92,187,272,371,81,0,91,114,105,97,48
20212,A,골목상권,3110127,성수1가1동주민센터,290,157,133,0,31,55,56,100,48,0,11,40,31,47,28,0,20,15,25,53,20
20212,D,발달상권,3120051,뚝섬역,3944,2582,1362,20,703,946,867,651,757,15,446,646,549,445,481,5,257,300,318,206,276
20212,R,전통시장,3130071,성수역 골목형상점가,335,180,155,1,61,89,70,43,71,0,27,43,43,29,38,1,34,46,27,14,33
20212,A,골목상권,3110114,왕십리파출소,33,19,14,0,3,2,8,14,6,0,1,1,4,8,5,0,2,1,4,6,1
20212,A,골목상권,3110174,아차산역 1번,432,305,127,1,49,80,115,104,83,1,25,57,76,69,77,0,24,23,39,35,6
20212,A,골목상권,3110140,건대입구역 6번,429,268,161,6,37,67,113,120,86,5,17,34,65,83,64,1,20,33,48,37,22
20212,A,골목상권,3110152,중곡어린이공원,340,300,40,0,17,29,64,121,109,0,10,21,55,109,105,0,7,8,9,12,4
20212,A,골목상권,3110161,중곡역 3번,236,135,101,3,11,33,58,65,66,0,2,16,37,40,40,3,9,17,21,25,26
20212,R,전통시장,3130084,신성시장(신성골목시장),21,6,15,0,3,5,8,4,1,0,0,1,2,2,1,0,3,4,6,2,0
20212,A,골목상권,3110141,건대입구역 1번,213,138,75,1,23,49,67,48,25,1,11,27,51,32,16,0,12,22,16,16,9
20212,A,골목상권,3110144,어린이대공원역 4번,104,49,55,0,35,17,21,19,12,0,9,10,11,10,9,0,26,7,10,9,3
20212,R,전통시장,3130097,답십리 건축자재시장,291,188,103,1,16,42,42,36,154,0,7,34,23,19,105,1,9,8,19,17,49
20212,A,골목상권,3110209,답십리 장령당공원,83,52,31,0,3,11,28,19,22,0,1,5,16,15,15,0,2,6,12,4,7
20212,R,전통시장,3130101,답십리현대시장,8,5,3,0,0,1,3,2,2,0,0,1,1,2,1,0,0,0,2,0,1
20212,A,골목상권,3110186,종암초등학교,114,86,28,0,9,21,16,34,34,0,3,18,10,26,29,0,6,3,6,8,5
20212,A,골목상권,3110221,의릉,95,69,26,0,10,12,36,29,8,0,6,10,24,22,7,0,4,2,12,7,1
20212,A,골목상권,3110202,전농1동주민센터(전농시장),111,68,43,0,14,35,31,20,11,0,9,19,21,14,5,0,5,16,10,6,6
20212,A,골목상권,3110206,텃골근린공원,92,37,55,0,8,14,25,24,21,0,4,7,8,8,10,0,4,7,17,16,11
20212,R,전통시장,3130094,청량리청과물시장,54,24,30,0,7,13,17,7,10,0,0,4,10,2,8,0,7,9,7,5,2
20212,R,전통시장,3130095,청량리전통시장,95,38,57,0,6,16,18,33,22,0,4,6,9,10,9,0,2,10,9,23,13
20212,A,골목상권,3110199,홍릉시장,65,41,24,0,11,15,18,14,7,0,8,8,10,9,6,0,3,7,8,5,1
20212,A,골목상권,3110219,삼육보건대학교,251,146,105,0,18,42,70,81,40,0,11,20,32,52,31,0,7,22,38,29,9
20212,A,골목상권,3110268,망우3동주민센터,60,30,30,0,10,13,10,18,9,0,1,5,7,10,7,0,9,8,3,8,2
20212,R,전통시장,3130114,유영시장,31,20,11,0,9,5,3,8,6,0,7,2,2,5,4,0,2,3,1,3,2
20212,A,골목상권,3110237,메가박스 상봉,274,152,122,0,30,67,97,54,26,0,13,37,48,36,18,0,17,30,49,18,8
20212,A,골목상권,3110258,면동초등학교,260,99,161,0,32,49,79,66,34,0,1,20,28,34,16,0,31,29,51,32,18
20212,A,골목상권,3110254,오거리공원,259,90,169,1,19,75,79,53,32,0,6,15,35,22,12,1,13,60,44,31,20
20212,A,골목상권,3110264,면목역 2번,358,170,188,1,52,75,93,80,57,0,21,40,40,37,32,1,31,35,53,43,25
20212,A,골목상권,3110248,먹골파출소,85,47,38,1,19,23,20,12,10,0,7,14,12,4,10,1,12,9,8,8,0
20212,A,골목상권,3110279,신내역 2번,9,8,1,0,0,1,4,4,0,0,0,1,3,4,0,0,0,0,1,0,0
20212,A,골목상권,3110245,KB국민은행 중화동지점,156,81,75,0,8,36,52,40,20,0,5,16,26,19,15,0,3,20,26,21,5
20212,R,전통시장,3130108,태능엔터피아(태릉시장),3,1,2,0,0,0,1,2,0,0,0,0,0,1,0,0,0,0,1,1,0
20212,A,골목상권,3110308,길음역 8번,174,85,89,0,17,36,56,41,24,0,8,17,26,20,14,0,9,19,30,21,10
20212,D,발달상권,3120073,미아사거리,353,135,218,3,40,67,95,95,53,2,16,29,45,23,20,1,24,38,50,72,33
20212,A,골목상권,3110300,삼선동주민센터,2735,1587,1148,3,248,710,769,844,161,2,97,300,444,629,115,1,151,410,325,215,46
20212,D,발달상권,3120072,성신여대,1048,537,511,18,137,211,213,271,198,11,46,86,103,152,139,7,91,125,110,119,59
20212,A,골목상권,3110301,성신여대입구역 7번,484,209,275,1,73,84,96,134,96,0,31,37,39,62,40,1,42,47,57,72,56
20212,R,전통시장,3130120,돈암시장(돈암제일시장),99,23,76,1,20,20,25,18,15,0,0,2,7,8,6,1,20,18,18,10,9
20212,A,골목상권,3110328,상월곡역 3번,235,157,78,1,38,75,62,37,22,1,26,58,33,24,15,0,12,17,29,13,7
20212,R,전통시장,3130126,새석관시장,13,8,5,0,1,4,2,5,1,0,0,3,1,3,1,0,1,1,1,2,0
20212,R,전통시장,3130128,돌곶이시장(석관황금시장),191,157,34,0,30,36,41,72,12,0,28,26,29,62,12,0,2,10,12,10,0
20212,A,골목상권,3110323,상월곡역 1번,109,30,79,2,25,24,28,18,12,0,4,5,11,5,5,2,21,19,17,13,7
20212,A,골목상권,3110325,장곡초등학교,57,18,39,0,0,14,20,17,6,0,0,3,7,4,4,0,0,11,13,13,2
20212,A,골목상권,3110329,우리은행체육관,34,27,7,1,1,5,6,14,7,1,0,5,5,10,6,0,1,0,1,4,1
20212,A,골목상권,3110418,광운대학교 남단,100,45,55,0,11,17,23,26,23,0,5,5,13,16,6,0,6,12,10,10,17
20212,A,골목상권,3110292,정릉역 2번,33,14,19,0,1,5,16,6,5,0,1,3,5,3,2,0,0,2,11,3,3
20212,A,골목상권,3110289,북한산보국문역 2번,144,105,39,0,9,28,49,32,26,0,6,23,30,24,22,0,3,5,19,8,4
20212,A,골목상권,3110320,KB국민은행 종암동지점,79,51,28,0,2,11,27,24,15,0,1,5,15,17,13,0,1,6,12,7,2
20212,A,골목상권,3110369,성신여대운정그린캠퍼스,518,214,304,1,49,46,131,131,160,1,10,16,44,53,90,0,39,30,87,78,70
20212,A,골목상권,3110376,수송초등학교,224,142,82,0,26,47,62,60,29,0,12,29,38,41,22,0,14,18,24,19,7
20212,R,전통시장,3130143,방천골목시장,65,36,29,0,11,7,19,24,4,0,6,5,9,13,3,0,5,2,10,11,1
20212,R,전통시장,3130140,숭인시장,62,27,35,0,9,13,10,15,15,0,0,4,1,9,13,0,9,9,9,6,2
20212,A,골목상권,3110362,우이천 계성교,205,110,95,1,24,34,61,63,22,0,11,19,28,35,17,1,13,15,33,28,5
20212,A,골목상권,3110356,덕수교,228,114,114,0,13,34,55,60,66,0,4,17,22,30,41,0,9,17,33,30,25
20212,R,전통시장,3130139,강북종합전통시장(강북종합골목시장),166,114,52,0,16,45,61,28,16,0,11,33,42,19,9,0,5,12,19,9,7
20212,A,골목상권,3110343,무너미어린이공원,100,74,26,0,7,21,28,32,12,0,4,14,22,25,9,0,3,7,6,7,3
20212,A,골목상권,3110351,수유북부시장옆,214,93,121,0,27,45,51,59,32,0,9,17,20,25,22,0,18,28,31,34,10
20212,A,골목상권,3110413,누원고등학교,54,33,21,0,8,11,12,11,12,0,5,8,5,5,10,0,3,3,7,6,2
20212,A,골목상권,3110382,솔밭공원역 1번,32,25,7,0,1,9,8,7,7,0,0,5,6,7,7,0,1,4,2,0,0
20212,R,전통시장,3130149,창동신창시장,116,51,65,0,5,24,35,31,21,0,2,10,17,10,12,0,3,14,18,21,9
20212,R,전통시장,3130159,공릉동 도깨비시장,101,47,54,0,12,22,24,26,17,0,4,8,9,15,11,0,8,14,15,11,6
20212,A,골목상권,3110422,노원역 9번,277,221,56,0,27,70,94,54,32,0,24,59,79,37,22,0,3,11,15,17,10
20212,D,발달상권,3120082,상계백병원,389,127,262,0,81,95,109,69,35,0,19,18,34,38,18,0,62,77,75,31,17
20212,A,골목상권,3110417,월계역 3번,19,10,9,0,10,6,0,3,0,0,3,5,0,2,0,0,7,1,0,1,0
20212,D,발달상권,3120083,등나무근린공원,1184,787,397,0,166,325,271,283,139,0,114,228,171,179,95,0,52,97,100,104,44
20212,R,전통시장,3130155,시영B상가(중계 그린아파트 B 상가),3,2,1,0,0,1,0,2,0,0,0,1,0,1,0,0,0,0,0,1,0
20212,A,골목상권,3110430,중계초등학교,275,100,175,0,18,28,58,96,75,0,8,7,19,25,41,0,10,21,39,71,34
20212,A,골목상권,3110441,영신여고,138,72,66,0,12,28,33,41,24,0,7,20,15,21,9,0,5,8,18,20,15
20212,A,골목상권,3110427,노원 을지대학교병원,363,281,82,0,27,27,62,126,121,0,12,14,31,109,115,0,15,13,31,17,6
20212,A,골목상권,3110477,은평세무서,434,205,229,0,43,62,106,141,82,0,15,23,49,71,47,0,28,39,57,70,35
20212,A,골목상권,3110476,역촌역 2번,56,26,30,0,2,8,22,17,7,0,1,3,9,7,6,0,1,5,13,10,1
20212,R,전통시장,3130169,대조시장,67,31,36,0,5,11,21,23,7,0,1,3,11,11,5,0,4,8,10,12,2
20212,R,전통시장,3130171,불광먹자골목 골목형상점가,155,54,101,0,18,31,24,37,45,0,4,9,11,16,14,0,14,22,13,21,31
20212,R,전통시장,3130160,수일시장,7,2,5,0,0,2,1,2,2,0,0,0,0,1,1,0,0,2,1,1,1
20212,A,골목상권,3110499,연가초등학교,263,119,144,0,42,42,74,65,40,0,8,20,31,35,25,0,34,22,43,30,15
20212,A,골목상권,3110503,명지대학교교회,230,123,107,0,27,52,59,64,28,0,9,30,26,36,22,0,18,22,33,28,6
20212,A,골목상권,3110533,충정로역 7번,22,11,11,0,5,5,3,5,4,0,0,2,2,4,3,0,5,3,1,1,1
20212,A,골목상권,3110537,충정로현대아파트,1514,848,666,1,362,525,328,177,121,0,150,263,215,134,86,1,212,262,113,43,35
20212,A,골목상권,3110522,홍제역 3번,46,12,34,0,14,7,12,6,7,0,2,2,2,2,4,0,12,5,10,4,3
20212,R,전통시장,3130196,공덕시장,3948,2001,1947,52,1323,1296,891,287,99,28,467,646,599,181,80,24,856,650,292,106,19
20212,A,골목상권,3110541,동교초등학교,377,221,156,0,43,59,101,96,78,0,23,37,63,50,48,0,20,22,38,46,30
20212,R,전통시장,3130190,홍대소상공인상점가,150,77,73,1,55,35,30,18,11,0,18,22,18,10,9,1,37,13,12,8,2
20212,D,발달상권,3120102,서교동(홍대),7276,3402,3874,18,1521,2551,1814,899,473,11,496,1065,913,566,351,7,1025,1486,901,333,122
20212,A,골목상권,3110555,홍익지구대,284,147,137,1,49,53,55,37,89,0,14,28,31,16,58,1,35,25,24,21,31
20212,A,골목상권,3110558,경성고등학교,2362,1593,769,11,308,568,571,513,391,10,153,351,408,384,287,1,155,217,163,129,104
20212,R,전통시장,3130184,마포농수산물시장,77,40,37,0,2,12,24,26,13,0,1,8,12,14,5,0,1,4,12,12,8
20212,A,골목상권,3110571,신수동주민센터,635,358,277,5,109,159,187,126,49,5,57,88,98,74,36,0,52,71,89,52,13
20212,A,골목상권,3110628,신목동역,469,307,162,0,52,85,114,113,105,0,28,56,79,85,59,0,24,29,35,28,46
20212,R,전통시장,3130210,목2동시장,432,251,181,1,66,124,122,71,48,1,40,69,70,39,32,0,26,55,52,32,16
20212,D,발달상권,3120108,신정네거리역,992,580,412,2,93,215,220,242,220,1,28,110,112,160,169,1,65,105,108,82,51
20212,A,골목상권,3110627,신정롯데캐슬아파트,548,318,230,24,129,136,102,93,64,13,69,81,62,49,44,11,60,55,40,44,20
20212,R,전통시장,3130206,신정3동 골목시장,20,6,14,0,0,5,11,2,2,0,0,0,3,1,2,0,0,5,8,1,0
20212,A,골목상권,3110612,신정역 5번,644,303,341,1,85,88,143,197,130,0,44,62,74,70,53,1,41,26,69,127,77
20212,A,골목상권,3110629,송정역 4번,190,107,83,0,26,52,54,35,23,0,9,34,28,24,12,0,17,18,26,11,11
20212,R,전통시장,3130220,등마루시장,491,167,324,5,44,61,71,166,144,3,16,29,38,34,47,2,28,32,33,132,97
20212,D,발달상권,3120115,김포공항역(김포공항),23,12,11,0,6,9,4,4,0,0,2,4,3,3,0,0,4,5,1,1,0
20212,A,골목상권,3110679,염창역 2번,574,404,170,3,89,206,152,80,44,2,49,148,111,58,36,1,40,58,41,22,8
20212,A,골목상권,3110649,우장산역 1번,358,191,167,0,41,91,82,93,51,0,12,49,38,59,33,0,29,42,44,34,18
20212,A,골목상권,3110670,신곡초등학교,489,320,169,6,79,118,121,90,75,3,45,77,71,59,65,3,34,41,50,31,10
20212,A,골목상권,3110666,KC대학교,176,60,116,0,19,35,52,57,13,0,10,10,20,13,7,0,9,25,32,44,6
20212,A,골목상권,3110669,화곡보람2차아파트,13,3,10,0,0,2,4,2,5,0,0,1,2,0,0,0,0,1,2,2,5
20212,A,골목상권,3110700,고척초등학교,3249,2648,601,3,209,680,974,1176,207,2,119,533,803,1021,170,1,90,147,171,155,37
20212,D,발달상권,3120124,개봉동 현대아파트,461,205,256,0,63,89,119,82,108,0,18,26,49,43,69,0,45,63,70,39,39
20212,R,전통시장,3130228,구로시장,10,5,5,0,0,4,6,0,0,0,0,1,4,0,0,0,0,3,2,0,0
20212,D,발달상권,3120128,신도림역,1253,656,597,7,191,318,382,243,112,1,75,153,191,149,87,6,116,165,191,94,25
20212,A,골목상권,3110689,오류동역 3번,287,200,87,3,44,47,56,75,62,3,25,32,41,52,47,0,19,15,15,23,15
20212,A,골목상권,3110690,오류2동버들시장,577,275,302,1,101,192,133,94,56,0,39,104,64,36,32,1,62,88,69,58,24
20212,A,골목상권,3110725,가산동주민센터,85,59,26,0,6,20,22,20,17,0,3,15,16,12,13,0,3,5,6,8,4
20212,A,골목상권,3110735,말미고개,520,330,190,0,64,115,140,140,61,0,31,79,94,79,47,0,33,36,46,61,14
20212,R,전통시장,3130233,남문시장,76,47,29,0,5,8,18,22,23,0,2,3,9,12,21,0,3,5,9,10,2
20212,A,골목상권,3110736,독산119안전센터,461,199,262,0,46,55,76,118,166,0,21,32,35,42,69,0,25,23,41,76,97
20212,A,골목상권,3110746,금천금빛공원(은행나무사거리서측),76,53,23,0,5,11,23,22,15,0,3,9,13,16,12,0,2,2,10,6,3
20212,R,전통시장,3130237,박미시장(기능상실),39,26,13,0,1,6,11,9,12,0,0,2,7,8,9,0,1,4,4,1,3
20212,A,골목상권,3110766,대림역 5번,360,205,155,0,30,82,85,99,64,0,15,54,42,56,38,0,15,28,43,43,26
20212,A,골목상권,3110777,구로세무서,282,210,72,0,36,41,47,83,75,0,13,30,32,66,69,0,23,11,15,17,6
20212,R,전통시장,3130255,영등포전통시장,45,29,16,0,1,7,5,10,22,0,1,5,3,4,16,0,0,2,2,6,6
20212,A,골목상권,3110788,영등포시장역 3번,28,22,6,0,4,5,7,9,3,0,3,5,6,6,2,0,1,0,1,3,1
20212,A,골목상권,3110783,영등포시장역 1번,292,154,138,1,26,37,35,67,126,1,19,27,16,33,58,0,7,10,19,34,68
20212,A,골목상권,3110799,영등포본동주민센터,119,86,33,5,21,16,11,22,44,3,12,10,6,15,40,2,9,6,5,7,4
20212,R,전통시장,3130265,노량진중앙시장,115,82,33,0,17,48,34,8,8,0,12,42,23,3,2,0,5,6,11,5,6
20212,R,전통시장,3130263,신노량진시장(기능상실),13,4,9,0,0,3,4,6,0,0,0,0,1,3,0,0,0,3,3,3,0
20212,A,골목상권,3110821,보라매역 2번,599,356,243,0,73,109,142,137,138,0,34,65,80,89,88,0,39,44,62,48,50
20212,D,발달상권,3120155,총신대학교,107,54,53,0,13,27,24,25,18,0,7,8,13,14,12,0,6,19,11,11,6
20212,R,전통시장,3130268,상도전통시장,239,104,135,0,33,60,53,58,35,0,12,23,23,24,22,0,21,37,30,34,13
20212,A,골목상권,3110836,상도역 5번,3057,1846,1211,9,550,798,701,647,352,2,238,486,453,447,220,7,312,312,248,200,132
20212,A,골목상권,3110840,중앙대학교,175,99,76,0,24,25,57,45,24,0,12,13,37,22,15,0,12,12,20,23,9
20212,A,골목상권,3110878,미림여고,368,218,150,3,43,114,101,78,29,0,19,63,68,43,25,3,24,51,33,35,4
20212,A,골목상권,3110861,관악구신사동주민센터,1168,598,570,1,215,376,261,204,111,1,71,194,161,101,70,0,144,182,100,103,41
20212,A,골목상권,3110893,관악소방서(문영여고),353,303,50,0,39,110,66,113,25,0,29,96,57,99,22,0,10,14,9,14,3
20212,A,골목상권,3110890,봉천역 1번(관악초등학교),249,148,101,1,17,43,92,67,29,0,4,22,58,43,21,1,13,21,34,24,8
20212,R,전통시장,3130294,관악중부시장,102,40,62,1,5,10,22,39,25,0,2,3,7,16,12,1,3,7,15,23,13
20212,D,발달상권,3120166,방배역,5465,3280,2185,90,1234,1594,1033,699,815,26,523,920,713,451,647,64,711,674,320,248,168
20212,D,발달상권,3120164,내방역,8579,5975,2604,56,1923,2822,1862,1129,787,48,1160,1998,1383,799,587,8,763,824,479,330,200
20212,D,발달상권,3120162,방배동카페골목,1253,717,536,61,207,200,219,215,351,57,126,142,110,93,189,4,81,58,109,122,162
20212,D,발달상권,3120169,서초역,15771,7185,8586,70,3824,4195,3945,2657,1080,30,1313,1990,1801,1235,816,40,2511,2205,2144,1422,264
20212,A,골목상권,3110936,더케이호텔(양재리본타워2단지아파트),832,552,280,3,109,260,215,175,70,0,53,154,159,131,55,3,56,106,56,44,15
20212,A,골목상권,3110940,양재근린공원(양재2동주민센터),956,699,257,8,168,323,238,137,82,8,109,243,178,97,64,0,59,80,60,40,18
20212,D,발달상권,3120178,신사역,11093,6014,5079,34,2556,2878,2400,1866,1359,13,875,1596,1501,1005,1024,21,1681,1282,899,861,335
20212,A,골목상권,3110993,개포지하차도 북측,70,53,17,0,3,9,19,23,16,0,2,7,16,18,10,0,1,2,3,5,6
20212,A,골목상권,3110983,국립국악고등학교,783,534,249,6,126,212,125,145,169,2,44,137,94,111,146,4,82,75,31,34,23
20212,A,골목상권,3110950,논현역 7번,2981,1929,1052,1,829,1305,518,230,98,0,418,886,383,173,69,1,411,419,135,57,29
20212,D,발달상권,3120199,경복아파트교차로,3427,2023,1404,9,720,1059,682,508,449,3,273,627,441,345,334,6,447,432,241,163,115
20212,D,발달상권,3120212,한티역,753,394,359,1,118,182,201,143,108,1,37,87,119,80,70,0,81,95,82,63,38
20212,D,발달상권,3120211,도성초등학교,984,516,468,7,180,282,189,161,165,3,68,120,112,117,96,4,112,162,77,44,69
20212,A,골목상권,3110960,은광여고,1601,749,852,5,219,282,389,522,184,4,60,131,203,227,124,1,159,151,186,295,60
20212,A,골목상권,3110964,싸리고개근린공원,217,124,93,0,29,60,59,34,35,0,8,32,36,23,25,0,21,28,23,11,10
20212,U,관광특구,3001496,강남 마이스 관광특구,15904,8904,7000,59,3513,6185,4248,1596,303,25,1160,3361,2887,1246,225,34,2353,2824,1361,350,78
20212,A,골목상권,3110995,봉은사역 4번,5085,3711,1374,9,978,2002,1271,637,188,2,575,1477,990,523,144,7,403,525,281,114,44
20212,A,골목상권,3110998,은곡마을(은곡마을공원),17,11,6,0,2,6,4,3,2,0,0,4,3,3,1,0,2,2,1,0,1
20212,A,골목상권,3111001,아래방죽마을공원(율현초등학교),58,43,15,0,2,9,14,18,15,0,1,7,12,13,10,0,1,2,2,5,5
20212,A,골목상권,3110949,한남IC,1683,1193,490,5,288,565,435,305,85,2,112,398,347,261,73,3,176,167,88,44,12
20212,A,골목상권,3110959,신구중학교,271,140,131,0,14,66,82,79,30,0,7,36,49,29,19,0,7,30,33,50,11
20212,A,골목상권,3110962,도산공원북측,53,27,26,0,20,11,10,8,4,0,11,7,6,3,0,0,9,4,4,5,4
20212,A,골목상권,3110954,국기원,636,445,191,0,89,142,187,94,124,0,35,97,161,74,78,0,54,45,26,20,46
20212,D,발달상권,3120204,르네상스호텔사거리,41471,20644,20827,102,8167,11056,10671,10081,1394,54,5016,7567,4988,2062,957,48,3151,3489,5683,8019,437
20212,A,골목상권,3110997,대청초등학교,1724,959,765,4,230,291,391,383,425,2,111,162,200,210,274,2,119,129,191,173,151
20212,A,골목상권,3110979,청담초등학교,3004,1918,1086,4,525,926,768,568,213,4,230,632,535,343,174,0,295,294,233,225,39
20212,A,골목상권,3111027,문정초등학교,1393,771,622,3,146,285,323,246,390,1,67,159,209,125,210,2,79,126,114,121,180
20212,A,골목상권,3111020,방이동고분군(방산고등학교),304,225,79,1,20,103,84,54,42,0,7,73,64,48,33,1,13,30,20,6,9
20212,R,전통시장,3130313,방이시장,3889,1825,2064,10,726,635,634,1135,749,8,362,409,357,377,312,2,364,226,277,758,437
20212,A,골목상권,3111005,삼전역 3번,1865,1358,507,0,320,617,459,302,167,0,215,449,339,222,133,0,105,168,120,80,34
20212,A,골목상권,3111037,Sh수협은행 오금동금융센터(아랫말어린이공원),373,243,130,0,37,103,90,93,50,0,25,84,60,43,31,0,12,19,30,50,19
20212,A,골목상권,3111032,방이역 1번,3878,2552,1326,4,235,340,599,718,1982,3,139,237,411,469,1293,1,96,103,188,249,689
20212,A,골목상권,3111081,둔촌푸르지오아파트,78,50,28,0,8,17,18,18,17,0,4,12,13,6,15,0,4,5,5,12,2
20212,A,골목상권,3111089,상일여고(상일초등학교),750,505,245,0,50,131,180,233,156,0,31,81,127,154,112,0,19,50,53,79,44
20212,A,골목상권,3111059,강동역 4번(강풀만화거리),774,420,354,3,87,144,177,164,199,1,47,73,92,91,116,2,40,71,85,73,83
20212,A,골목상권,3111067,강동구립성내도서관,746,414,332,2,73,149,192,177,153,1,36,98,107,84,88,1,37,51,85,93,65
20212,A,골목상권,3110005,세검정,1057,542,515,6,132,305,306,202,106,2,40,143,167,124,66,4,92,162,139,78,40
20212,A,골목상권,3110008,배화여자대학교(박노수미술관),507,350,157,1,50,79,121,161,95,0,15,45,93,121,76,1,35,34,28,40,19
20212,A,골목상권,3110035,동묘앞역 2번,276,161,115,2,18,43,75,88,50,0,5,18,42,65,31,2,13,25,33,23,19
20212,A,골목상권,3110027,혜화역 1번,598,358,240,1,67,108,127,97,198,0,25,70,64,54,145,1,42,38,63,43,53
20212,D,발달상권,3120015,종로6가,302,153,149,0,49,64,69,65,55,0,17,23,27,42,44,0,32,41,42,23,11
20212,R,전통시장,3130011,충신시장,88,44,44,0,19,19,20,17,13,0,7,11,8,8,10,0,12,8,12,9,3
20212,A,골목상권,3110030,동대문역 3번,7,3,4,0,2,2,2,1,0,0,0,2,1,0,0,0,2,0,1,1,0
20212,A,골목상권,3110015,청와대사랑채,578,345,233,0,64,147,166,126,75,0,16,63,110,91,65,0,48,84,56,35,10
20212,A,골목상권,3110011,청운초등학교,263,188,75,0,21,105,79,43,15,0,21,95,44,16,12,0,0,10,35,27,3
20212,A,골목상권,3110024,혜회동주민센터,928,263,665,0,135,264,294,184,51,0,17,64,90,55,37,0,118,200,204,129,14
20212,D,발달상권,3120032,충무로역,10818,5021,5797,35,1541,2434,3139,2621,1048,15,532,1200,1480,1142,652,20,1009,1234,1659,1479,396
20212,A,골목상권,3110045,동대문역사문화공원역 5번,234,174,60,0,24,54,64,55,37,0,11,38,46,47,32,0,13,16,18,8,5
20212,D,발달상권,3120031,을지로3가역,6147,3450,2697,9,699,1541,1643,1286,969,0,223,730,924,892,681,9,476,811,719,394,288
20212,R,전통시장,3130038,"평화시장(통일상가, 동화상가)",1000,670,330,3,116,301,291,198,91,0,63,167,223,150,67,3,53,134,68,48,24
20212,D,발달상권,3120020,시청역_1번,6561,4672,1889,29,1436,1964,1905,1013,214,17,728,1351,1643,776,157,12,708,613,262,237,57
20212,A,골목상권,3110043,충무초등학교,1202,670,532,12,212,307,331,223,117,7,97,155,169,152,90,5,115,152,162,71,27
20212,D,발달상권,3120018,중림동,2190,1368,822,2,393,736,598,295,166,2,207,425,357,238,139,0,186,311,241,57,27
20212,A,골목상권,3110057,황학코아루아파트,64,44,20,0,8,13,20,10,13,0,4,6,17,8,9,0,4,7,3,2,4
20212,A,골목상권,3110055,황학동벼룩시장,29,19,10,0,1,4,6,11,7,0,1,3,5,6,4,0,0,1,1,5,3
20212,A,골목상권,3110078,이촌동점보아파트,69,29,40,0,12,15,17,13,12,0,3,8,7,5,6,0,9,7,10,8,6
20212,A,골목상권,3110082,용산구청,1618,809,809,5,175,461,427,442,108,4,53,155,206,304,87,1,122,306,221,138,21
20212,D,발달상권,3120041,신용산역(용산역),20372,8281,12091,72,4418,6743,5760,2509,870,25,1460,2533,2359,1337,567,47,2958,4210,3401,1172,303
20212,A,골목상권,3110073,삼각지역 3번,7975,2387,5588,56,2508,2886,1913,505,107,25,861,919,424,119,39,31,1647,1967,1489,386,68
20212,A,골목상권,3110076,삼각지역 14번,537,175,362,0,46,143,158,153,37,0,11,49,61,45,9,0,35,94,97,108,28
20212,A,골목상권,3110099,유엔빌리지길,12646,10311,2335,33,1746,2596,3298,4558,415,25,904,1899,2859,4264,360,8,842,697,439,294,55
20212,A,골목상권,3110588,한겨레신문사,169,92,77,0,34,44,41,33,17,0,14,22,20,21,15,0,20,22,21,12,2
20212,R,전통시장,3130059,후암시장,64,40,24,0,6,12,16,11,19,0,4,5,10,7,14,0,2,7,6,4,5
20212,R,전통시장,3130064,금남시장,36,13,23,0,6,7,8,4,11,0,1,0,5,2,5,0,5,7,3,2,6
20212,A,골목상권,3110107,금호사거리,37,30,7,0,4,8,4,11,10,0,3,5,4,9,9,0,1,3,0,2,1
20212,A,골목상권,3110117,성동구보건소,103,73,30,1,14,27,19,33,9,1,10,20,11,25,6,0,4,7,8,8,3
20212,D,발달상권,3120050,서울숲역,212,159,53,0,33,40,60,52,27,0,19,30,47,41,22,0,14,10,13,11,5
20212,D,발달상권,3120052,성수역,11387,7284,4103,23,2113,2900,2661,2238,1452,12,1170,1971,1783,1298,1050,11,943,929,878,940,402
20212,R,전통시장,3130067,왕십리도선동상점가,1670,335,1335,3,166,202,291,591,417,1,78,98,69,49,40,2,88,104,222,542,377
20212,D,발달상권,3120066,장한평역(장한평),7424,4770,2654,43,1531,1839,1491,1235,1285,10,739,1202,991,818,1010,33,792,637,500,417,275
20212,A,골목상권,3110113,응봉산,77,43,34,0,14,15,14,16,18,0,4,11,7,6,15,0,10,4,7,10,3
20212,A,골목상권,3110112,행당역 2번,207,101,106,0,37,37,38,53,42,0,14,19,16,26,26,0,23,18,22,27,16
20212,A,골목상권,3110169,성동초등학교,253,139,114,1,28,41,73,68,42,0,15,21,36,39,28,1,13,20,37,29,14
20212,A,골목상권,3110156,군자역 5번,621,363,258,0,96,181,173,112,59,0,41,114,101,67,40,0,55,67,72,45,19
20212,A,골목상권,3110157,자양동우체국,1097,891,206,10,352,279,244,141,71,7,300,237,180,106,61,3,52,42,64,35,10
20212,A,골목상권,3110163,성자초등학교,284,143,141,0,39,46,67,77,55,0,14,27,32,31,39,0,25,19,35,46,16
20212,A,골목상권,3110168,대원고등학교,524,374,150,0,64,95,121,160,84,0,36,69,87,110,72,0,28,26,34,50,12
20212,A,골목상권,3110212,답십리초등학교,204,144,60,0,26,37,42,67,32,0,18,26,27,50,23,0,8,11,15,17,9
20212,A,골목상권,3110187,제기동역 6번,3124,2222,902,15,559,867,746,552,385,7,387,605,531,394,298,8,172,262,215,158,87
20212,A,골목상권,3110229,장평중학교,1332,862,470,0,145,164,190,318,515,0,81,103,125,211,342,0,64,61,65,107,173
20212,A,골목상권,3110231,장안교,11,8,3,0,0,1,4,5,1,0,0,1,3,4,0,0,0,0,1,1,1
20212,R,전통시장,3130088,경동시장,126,57,69,0,18,32,24,17,35,0,3,11,11,10,22,0,15,21,13,7,13
20212,A,골목상권,3110194,홍파초등학교,112,85,27,0,6,32,24,36,14,0,4,20,20,31,10,0,2,12,4,5,4
20212,A,골목상권,3110203,떡전교사거리,99,63,36,1,9,15,32,29,13,1,0,7,26,20,9,0,9,8,6,9,4
20212,A,골목상권,3110278,망우본동주민센터,276,166,110,1,32,46,77,81,39,0,10,25,43,56,32,1,22,21,34,25,7
20212,R,전통시장,3130106,중랑동부시장,166,56,110,1,20,40,34,39,32,0,1,8,7,21,19,1,19,32,27,18,13
20212,A,골목상권,3110246,월드순복음교회,431,312,119,0,27,97,158,95,54,0,12,69,122,65,44,0,15,28,36,30,10
20212,A,골목상권,3110261,사가정역 4번,167,90,77,1,16,29,49,50,22,1,8,15,25,26,15,0,8,14,24,24,7
20212,A,골목상권,3110242,면목5동주민센터,164,112,52,0,21,28,56,30,29,0,12,23,31,22,24,0,9,5,25,8,5
20212,A,골목상권,3110241,먹골역 5번,415,213,202,0,61,87,97,117,53,0,17,49,46,63,38,0,44,38,51,54,15
20212,D,발달상권,3120069,상봉역,1012,728,284,3,69,146,222,270,302,1,40,71,131,216,269,2,29,75,91,54,33
20212,A,골목상권,3110233,중랑역 1번,142,46,96,1,23,27,50,35,6,1,6,7,16,11,5,0,17,20,34,24,1
20212,A,골목상권,3110281,길상사,13818,12089,1729,12,1418,3093,4061,4964,270,1,960,2426,3678,4823,201,11,458,667,383,141,69
20212,A,골목상권,3110309,대광초등학교,376,266,110,0,38,63,108,103,64,0,19,44,71,78,54,0,19,19,37,25,10
20212,A,골목상권,3110318,KT월곡지사,148,78,70,0,21,29,45,36,17,0,10,19,22,14,13,0,11,10,23,22,4
20212,A,골목상권,3110379,KT&G 북부지사,12,3,9,1,1,1,3,3,3,0,0,0,1,1,1,1,1,1,2,2,2
20212,A,골목상권,3110373,수유역 2번,891,705,186,0,129,255,172,236,99,0,90,208,134,205,68,0,39,47,38,31,31
20212,R,전통시장,3130132,삼양골목시장(삼양시장),61,19,42,0,10,14,13,15,9,0,0,4,5,5,5,0,10,10,8,10,4
20212,A,골목상권,3110377,미아사거리역 3번,21,14,7,0,2,2,2,9,6,0,2,2,1,4,5,0,0,0,1,5,1
20212,A,골목상권,3110345,솔밭공원역 2번,114,47,67,1,14,18,26,37,18,0,3,6,8,17,13,1,11,12,18,20,5
20212,A,골목상권,3110342,국립재활원,60,45,15,0,5,11,20,15,9,0,3,8,14,13,7,0,2,3,6,2,2
20212,A,골목상권,3110348,강북문화예술회관,343,174,169,0,27,59,108,96,53,0,4,31,63,43,33,0,23,28,45,53,20
20212,A,골목상권,3110338,인수초등학교,263,192,71,0,34,67,61,63,38,0,18,49,44,48,33,0,16,18,17,15,5
20212,A,골목상권,3110402,도봉구 정병원,471,221,250,1,85,98,98,106,83,0,24,38,54,59,46,1,61,60,44,47,37
20212,A,골목상권,3110383,덕성여대시반거리,33,21,12,0,0,3,13,10,7,0,0,2,9,5,5,0,0,1,4,5,2
20212,R,전통시장,3130145,쌍문역둘리상점가,244,202,42,0,39,44,77,62,22,0,28,35,65,56,18,0,11,9,12,6,4
20212,A,골목상권,3110392,발바닥공원,43,17,26,0,2,8,7,10,16,0,0,0,3,3,11,0,2,8,4,7,5
20212,A,골목상권,3110416,노원초등학교,468,244,224,4,61,110,118,126,49,2,24,73,58,58,29,2,37,37,60,68,20
20212,A,골목상권,3110428,상계5동주민센터,491,217,274,1,43,52,106,158,131,0,14,25,45,70,63,1,29,27,61,88,68
20212,D,발달상권,3120080,마들역,180,46,134,0,30,45,46,36,23,0,2,7,9,13,15,0,28,38,37,23,8
20212,A,골목상권,3110464,연신내역 5번,301,170,131,4,32,53,93,85,34,4,18,28,44,49,27,0,14,25,49,36,7
20212,A,골목상권,3110457,예일여고,482,283,199,1,60,88,88,132,113,0,27,46,47,71,92,1,33,42,41,61,21
20212,D,발달상권,3120091,본서부병원,516,192,324,1,51,69,119,165,111,0,20,28,51,55,38,1,31,41,68,110,73
20212,A,골목상권,3110485,연신내우체국,1259,678,581,0,7,24,35,160,1033,0,4,5,15,70,584,0,3,19,20,90,449
20212,A,골목상권,3110488,우리은행응암동지점,174,104,70,1,14,24,41,38,56,0,8,16,19,15,46,1,6,8,22,23,10
20212,R,전통시장,3130163,응암오거리상점가,182,49,133,0,24,28,44,50,36,0,4,8,11,12,14,0,20,20,33,38,22
20212,A,골목상권,3110449,증산역 3번,709,410,299,0,104,160,182,147,116,0,47,98,96,84,85,0,57,62,86,63,31
20212,D,발달상권,3120094,"신촌역(신촌역, 신촌로터리)",5328,2411,2917,67,2381,1182,676,592,430,23,994,579,296,278,241,44,1387,603,380,314,189
20212,R,전통시장,3130175,신촌 상인회(신촌상점가),13,5,8,0,1,3,5,4,0,0,1,0,1,3,0,0,0,3,4,1,0
20212,D,발달상권,3120097,충정로역,2246,1354,892,0,321,658,631,407,229,0,172,390,397,254,141,0,149,268,234,153,88
20212,R,전통시장,3130176,유진상가,38,23,15,0,20,16,1,1,0,0,9,13,1,0,0,0,11,3,0,1,0
20212,A,골목상권,3110523,홍제성원아파트,21,9,12,0,0,4,5,7,5,0,0,0,2,5,2,0,0,4,3,2,3
20212,D,발달상권,3120107,공덕역(공덕오거리),13077,7619,5458,43,2471,3470,3552,3026,515,9,1021,2002,2300,1900,387,34,1450,1468,1252,1126,128
20212,A,골목상권,3110586,서울서부지방법원,1855,953,902,2,423,499,464,293,174,1,233,283,196,130,110,1,190,216,268,163,64
20212,A,골목상권,3110540,망원나들목체육관,238,107,131,0,39,63,70,47,19,0,19,28,26,23,11,0,20,35,44,24,8
20212,A,골목상권,3110567,광흥창역 6번,91,61,30,0,16,26,27,12,10,0,8,20,13,11,9,0,8,6,14,1,1
20212,A,골목상권,3110565,홍익대,110,66,44,0,16,34,34,19,7,0,8,16,23,13,6,0,8,18,11,6,1
20212,A,골목상권,3110560,마포FM,292,140,152,0,26,64,87,77,38,0,10,26,40,36,28,0,16,38,47,41,10
20212,A,골목상권,3110549,새터산,357,165,192,1,57,79,100,64,56,1,24,39,47,22,32,0,33,40,53,42,24
20212,D,발달상권,3120099,월드컵경기장역(월드컵경기장),84,57,27,0,11,20,26,14,13,0,6,16,21,7,7,0,5,4,5,7,6
20212,A,골목상권,3110581,염리초등학교,16,11,5,0,0,0,2,6,8,0,0,0,2,3,6,0,0,0,0,3,2
20212,D,발달상권,3120113,오목교역,641,380,261,2,98,147,163,141,90,1,45,81,95,95,63,1,53,66,68,46,27
20212,D,발달상권,3120110,목동역 8번출구,1858,1400,458,2,142,216,286,247,965,1,42,102,166,181,908,1,100,114,120,66,57
20212,A,골목상권,3110617,등촌역 4번,262,188,74,0,47,75,73,48,19,0,37,55,50,31,15,0,10,20,23,17,4
20212,A,골목상권,3110597,신월1동주민센터,517,302,215,0,30,68,111,150,158,0,14,36,54,84,114,0,16,32,57,66,44
20212,R,전통시장,3130199,신월3동 골목시장,18,8,10,0,1,4,4,9,0,0,0,1,3,4,0,0,1,3,1,5,0
20212,A,골목상권,3110615,신서초등학교,87,63,24,0,20,21,27,13,6,0,14,18,18,8,5,0,6,3,9,5,1
20212,A,골목상권,3110674,강서구청가양동별관,260,189,71,0,21,55,61,47,76,0,14,46,35,29,65,0,7,9,26,18,11
20212,A,골목상권,3110677,등촌역 1번,410,321,89,1,50,80,83,91,105,1,24,51,70,76,99,0,26,29,13,15,6
20212,A,골목상권,3110676,등촌역 7번,228,138,90,0,31,34,61,56,46,0,13,20,36,37,32,0,18,14,25,19,14
20212,D,발달상권,3120117,강서농산물도매시장,451,280,171,0,12,62,127,153,97,0,9,48,78,89,56,0,3,14,49,64,41
20212,A,골목상권,3110636,방화역 2번,152,76,76,1,25,49,41,21,15,0,9,26,27,4,10,1,16,23,14,17,5
20212,A,골목상권,3110631,방화초등학교,335,161,174,2,32,63,68,100,70,2,19,34,37,37,32,0,13,29,31,63,38
20212,D,발달상권,3120120,화곡역,927,405,522,1,177,218,193,196,142,0,46,109,84,81,85,1,131,109,109,115,57
20212,A,골목상권,3110656,까치산역 3번,829,493,336,13,89,206,249,190,82,12,52,128,151,91,59,1,37,78,98,99,23
20212,D,발달상권,3120121,까치산역,365,145,220,2,51,46,72,106,88,2,12,18,29,43,41,0,39,28,43,63,47
20212,A,골목상권,3110654,까치산역 4번,1027,687,340,2,68,149,252,380,176,1,38,81,139,281,147,1,30,68,113,99,29
20212,A,골목상권,3110665,곰달래도서관,469,285,184,0,36,92,123,138,80,0,25,60,79,74,47,0,11,32,44,64,33
20212,A,골목상권,3110662,까치산역 1번,1480,885,595,4,245,501,396,234,100,4,129,301,207,171,73,0,116,200,189,63,27
20212,R,전통시장,3130217,화곡본동시장,36,16,20,0,3,5,10,13,5,0,1,3,5,6,1,0,2,2,5,7,4
20212,A,골목상권,3110691,개봉중학교,395,205,190,0,37,65,119,115,59,0,20,38,49,52,46,0,17,27,70,63,13
20212,A,골목상권,3110705,고산초등학교,33,19,14,0,3,2,8,7,13,0,3,1,8,2,5,0,0,1,0,5,8
20212,R,전통시장,3130229,남구로시장,249,139,110,1,16,53,61,62,56,0,7,30,31,32,39,1,9,23,30,30,17
20212,A,골목상권,3110680,온수역 5번(온수산업단지),901,770,131,15,129,129,157,274,197,15,105,106,127,234,183,0,24,23,30,40,14
20212,A,골목상권,3110685,금강수목원아파트,56,39,17,0,10,12,12,11,11,0,7,10,5,7,10,0,3,2,7,4,1
20212,D,발달상권,3120132,독산동,4203,2884,1319,13,512,908,1016,1074,680,12,350,650,695,701,476,1,162,258,321,373,204
20212,A,골목상권,3110732,가산초등학교(세일중학교),362,258,104,1,42,68,107,79,65,0,23,39,78,64,54,1,19,29,29,15,11
20212,A,골목상권,3110729,가산동우체국,151,112,39,0,19,30,40,39,23,0,14,19,30,30,19,0,5,11,10,9,4
20212,A,골목상권,3110723,가산디지털단지역 1번 출입구,286,247,39,0,6,10,37,130,103,0,6,5,26,113,97,0,0,5,11,17,6
20212,A,골목상권,3110742,KT금천빌딩(금천구시설관리공단),426,237,189,0,42,83,106,125,70,0,21,57,71,54,34,0,21,26,35,71,36
20212,A,골목상권,3110748,백산초등학교,102,64,38,0,6,19,21,26,30,0,2,9,11,22,20,0,4,10,10,4,10
20212,A,골목상권,3110749,금산초등학교(금천고등학교),418,255,163,0,51,99,100,118,50,0,26,61,51,81,36,0,25,38,49,37,14
20212,A,골목상권,3110750,시흥4동주민센터(서울신흥초등학교),397,221,176,4,78,83,80,104,48,4,47,62,43,33,32,0,31,21,37,71,16
20212,D,발달상권,3120141,영등포청과시장교차로,601,418,183,2,71,137,188,115,88,1,36,85,133,86,77,1,35,52,55,29,11
20212,R,전통시장,3130240,영등포유통상가,1400,893,507,0,128,296,347,287,342,0,68,168,226,194,237,0,60,128,121,93,105
20212,A,골목상권,3110763,영등포구청역 2번,480,353,127,2,84,147,107,84,56,0,53,100,79,72,49,2,31,47,28,12,7
20212,A,골목상권,3110786,당산역 8번,271,179,92,2,20,41,60,51,97,2,8,21,42,38,68,0,12,20,18,13,29
20212,R,전통시장,3130247,우리시장,19,15,4,0,3,4,4,3,5,0,1,3,4,3,4,0,2,1,0,0,1
20212,A,골목상권,3110817,대방역 4번,26,19,7,0,2,6,6,6,6,0,0,4,4,6,5,0,2,2,2,0,1
20212,R,전통시장,3130256,신동시장,2,2,0,0,0,0,0,1,1,0,0,0,0,1,1,0,0,0,0,0,0
20212,A,골목상권,3110757,양평역 2번,1501,1114,387,1,111,230,356,424,379,0,51,176,286,314,287,1,60,54,70,110,92
20212,A,골목상권,3110762,선유도역 1번,3139,2286,853,6,392,669,739,809,524,4,217,459,529,629,448,2,175,210,210,180,76
20212,A,골목상권,3110807,신길역 3번,102,70,32,0,6,16,23,27,30,0,4,8,18,19,21,0,2,8,5,8,9
20212,R,전통시장,3130250,삼구시장(로타리상가),1,0,1,0,0,0,0,1,0,0,0,0,0,0,0,0,0,0,0,1,0
20212,A,골목상권,3110803,신길2동우편취급국,312,224,88,0,17,27,58,67,143,0,6,14,33,43,128,0,11,13,25,24,15
20212,A,골목상권,3110847,예술인마을,443,216,227,3,52,135,137,77,39,3,13,60,74,37,29,0,39,75,63,40,10
20212,R,전통시장,3130272,사당시장,45,20,25,0,4,6,10,11,14,0,0,1,4,6,9,0,4,5,6,5,5
20212,A,골목상권,3110843,사당5동주민센터,181,135,46,1,22,25,55,52,26,0,16,17,34,44,24,1,6,8,21,8,2
20212,A,골목상권,3110835,상도역 1번,296,170,126,0,81,95,59,38,23,0,32,61,37,19,21,0,49,34,22,19,2
20212,A,골목상권,3110830,상도초등학교,281,152,129,0,22,61,73,85,40,0,7,29,36,54,26,0,15,32,37,31,14
20212,D,발달상권,3120154,장승배기역,497,214,283,1,64,124,128,111,69,0,19,58,68,39,30,1,45,66,60,72,39
20212,D,발달상권,3120151,보라매공원,2417,1455,962,6,401,736,707,383,184,4,194,433,450,237,137,2,207,303,257,146,47
20212,A,골목상권,3110863,난우초등학교,319,179,140,6,40,61,63,79,70,5,23,30,38,36,47,1,17,31,25,43,23
20212,A,골목상권,3110867,국제신학대학원대학교(남서울중학교),202,117,85,0,8,34,39,53,68,0,2,15,21,32,47,0,6,19,18,21,21
20212,A,골목상권,3110882,신성초등학교,733,444,289,1,95,131,215,168,123,0,52,67,122,109,94,1,43,64,93,59,29
20212,A,골목상권,3110864,신림우방아파트,236,161,75,0,31,48,53,60,44,0,21,31,37,43,29,0,10,17,16,17,15
20212,A,골목상권,3110871,신원동주민센터,64,32,32,1,6,13,19,12,13,0,4,6,8,7,7,1,2,7,11,5,6
20212,R,전통시장,3130283,신원시장,25,11,14,0,3,3,10,5,4,0,1,1,3,3,3,0,2,2,7,2,1
20212,A,골목상권,3110854,조원동주민센터,55,39,16,0,4,5,17,21,8,0,3,5,9,15,7,0,1,0,8,6,1
20212,A,골목상권,3110898,청림동주민센터(상도중학교),66,27,39,0,16,14,14,16,6,0,5,3,8,7,4,0,11,11,6,9,2
20212,D,발달상권,3120170,삼호가든사거리,2026,1161,865,8,279,587,623,346,183,7,113,333,412,168,128,1,166,254,211,178,55
20212,A,골목상권,3110917,서초소방서,1505,939,566,6,157,432,402,355,153,2,72,281,295,181,108,4,85,151,107,174,45
20212,A,골목상권,3110918,방배역 3번,682,438,244,3,98,127,164,142,148,2,59,85,108,86,98,1,39,42,56,56,50
20212,A,골목상권,3110903,방배아이파크아파트,7222,2653,4569,7,1242,1778,2487,1322,386,1,333,597,951,599,172,6,909,1181,1536,723,214
20212,A,골목상권,3110915,서래초등학교,3011,2335,676,14,441,940,1066,421,129,11,286,683,868,373,114,3,155,257,198,48,15
20212,A,골목상권,3110926,신중초등학교,1610,1175,435,6,193,359,463,382,207,3,114,263,355,292,148,3,79,96,108,90,59
20212,A,골목상권,3110928,서초우방유쉘아파트,596,491,105,1,57,109,125,205,99,1,29,76,109,190,86,0,28,33,16,15,13
20212,D,발달상권,3120184,포이사거리(삼호물산),10139,7003,3136,20,1553,3044,2666,1705,1151,10,846,2068,2010,1212,857,10,707,976,656,493,294
20212,A,골목상권,3110941,언남고등학교,261,158,103,0,33,46,89,58,35,0,14,26,51,40,27,0,19,20,38,18,8
20212,D,발달상권,3120174,논현역 5번,680,379,301,6,108,196,155,93,122,4,39,108,90,58,80,2,69,88,65,35,42
20212,A,골목상권,3110927,잠원역,745,553,192,2,93,342,198,98,12,2,82,218,159,81,11,0,11,124,39,17,1
20212,A,골목상권,3110977,논현로18길,148,102,46,0,22,32,45,29,20,0,14,20,33,20,15,0,8,12,12,9,5
20212,A,골목상권,3110961,언주역 3번,962,673,289,5,172,286,248,140,111,3,97,184,187,112,90,2,75,102,61,28,21
20212,A,골목상권,3110970,학동초등학교,378,236,142,1,66,98,102,65,46,0,27,49,66,57,37,1,39,49,36,8,9
20212,D,발달상권,3120219,은마아파트,17175,5797,11378,202,3397,3819,3179,4061,2517,83,1254,1872,1374,818,396,119,2143,1947,1805,3243,2121
20212,D,발달상권,3120222,삼성역,43324,24141,19183,244,8091,13641,10294,6385,4669,119,3186,7703,6883,3711,2539,125,4905,5938,3411,2674,2130
20212,D,발달상권,3120201,도곡1동,11549,6381,5168,116,3564,3468,2477,1299,625,31,1365,2018,1727,754,486,85,2199,1450,750,545,139
20212,D,발달상권,3120213,삼성중앙역,8521,5150,3371,50,1869,2485,1911,1070,1136,12,830,1515,1305,716,772,38,1039,970,606,354,364
20212,D,발달상권,3120209,"강남구청(청담역_8번, 강남세무서)",8987,2610,6377,34,2050,2684,2467,1172,580,9,538,752,537,395,379,25,1512,1932,1930,777,201
20212,D,발달상권,3120216,경기고교사거리(경기고교앞사거리),4934,3621,1313,8,712,1628,1666,772,148,5,291,1070,1431,703,121,3,421,558,235,69,27
20212,A,골목상권,3110986,삼성중앙역 7번,90,59,31,0,9,18,36,19,8,0,3,6,29,15,6,0,6,12,7,4,2
20212,D,발달상권,3120224,수서역,12418,6339,6079,23,1900,3177,3167,2346,1805,12,860,1669,1497,1232,1069,11,1040,1508,1670,1114,736
20212,D,발달상권,3120195,성수대교남단,5611,2685,2926,39,1393,2394,1102,426,257,15,487,1194,634,208,147,24,906,1200,468,218,110
20212,D,발달상권,3120198,구역삼세무서,11531,7246,4285,23,2691,3529,2889,1562,837,12,1141,2216,2115,1139,623,11,1550,1313,774,423,214
20212,A,골목상권,3110958,역삼역 4번,997,760,237,1,96,197,300,298,105,1,46,133,254,241,85,0,50,64,46,57,20
20212,A,골목상권,3110956,언주역 8번,1199,758,441,4,361,471,199,87,77,2,158,307,163,70,58,2,203,164,36,17,19
20212,A,골목상권,3111025,경찰병원역 3번,686,412,274,1,84,164,149,157,131,0,45,102,103,88,74,1,39,62,46,69,57
20212,A,골목상권,3111029,오금역 4번,427,314,113,3,71,108,91,79,75,1,51,81,67,55,59,2,20,27,24,24,16
20212,A,골목상권,3111042,거여역 1번(거여공원),872,597,275,3,147,186,251,200,85,3,121,134,159,130,50,0,26,52,92,70,35
20212,D,발달상권,3120235,문정역,954,648,306,1,117,204,211,255,166,0,70,158,152,154,114,1,47,46,59,101,52
20212,A,골목상권,3111023,문정역 1번,939,576,363,2,133,202,263,204,135,0,86,139,184,100,67,2,47,63,79,104,68
20212,D,발달상권,3120232,송파나루역,1056,714,342,0,185,302,235,171,163,0,80,192,163,131,148,0,105,110,72,40,15
20212,U,관광특구,3001495,잠실 관광특구,25240,14855,10385,124,4880,6877,5824,4628,2907,55,2599,4419,3662,2383,1737,69,2281,2458,2162,2245,1170
20212,A,골목상권,3111006,석촌고분역 1번,1112,721,391,0,127,292,337,203,153,0,56,169,242,135,119,0,71,123,95,68,34
20212,R,전통시장,3130312,석촌시장,619,270,349,1,20,40,81,170,307,1,9,23,43,41,153,0,11,17,38,129,154
20212,D,발달상권,3120227,잠실역,45462,24220,21242,163,8142,11830,12761,11282,1284,51,3785,7436,7437,4549,962,112,4357,4394,5324,6733,322
20212,A,골목상권,3111090,강일동주민센터,91,35,56,0,15,30,23,17,6,0,1,10,10,10,4,0,14,20,13,7,2
20212,A,골목상권,3111068,강동성심병원,1570,605,965,0,532,392,271,203,172,0,126,134,114,101,130,0,406,258,157,102,42
20212,R,전통시장,3130323,둔촌역전통시장,171,86,85,0,3,14,23,36,95,0,2,6,8,14,56,0,1,8,15,22,39
20212,D,발달상권,3120244,암사역,916,401,515,0,70,85,103,111,547,0,14,44,49,42,252,0,56,41,54,69,295
20212,A,골목상권,3111054,암사역 4번(삼성광나루아파트),104,42,62,0,14,18,19,12,41,0,4,12,7,5,14,0,10,6,12,7,27
20212,A,골목상권,3111065,천일초등학교,79,38,41,2,6,21,18,23,9,2,5,11,7,6,7,0,1,10,11,17,2
20212,A,골목상권,3111049,천호지구대(천호동자전거거리),507,277,230,2,75,90,96,118,126,0,36,50,40,68,83,2,39,40,56,50,43
20212,A,골목상권,3111060,암사역 2번(서울강동초등학교),872,458,414,1,101,211,241,202,116,1,41,97,131,107,81,0,60,114,110,95,35
20212,A,골목상권,3110007,사직공원(한국사회과학도서관),283,185,98,2,58,88,63,41,31,2,30,62,44,27,20,0,28,26,19,14,11
20212,A,골목상권,3110531,홍지문,141,61,80,0,16,26,24,56,19,0,13,19,13,9,7,0,3,7,11,47,12
20212,A,골목상권,3110013,체부동홍종문가옥,125,71,54,0,8,28,31,26,32,0,2,11,18,14,26,0,6,17,13,12,6
20212,D,발달상권,3120017,동묘앞역(동묘),724,205,519,0,78,151,278,136,81,0,13,47,55,37,53,0,65,104,223,99,28
20212,U,관광특구,3001494,종로·청계 관광특구,32892,17118,15774,68,5350,9954,9473,6395,1652,15,2280,4904,4583,4154,1182,53,3070,5050,4890,2241,470
20212,R,전통시장,3130007,광장시장(광장전통시장),466,310,156,0,39,77,97,129,124,0,22,41,73,77,97,0,17,36,24,52,27
20212,R,전통시장,3130018,동대문문구완구거리(동대문문구완구시장),120,70,50,0,11,18,23,38,30,0,6,10,13,22,19,0,5,8,10,16,11
20212,A,골목상권,3110010,평창동서측,5240,2651,2589,1,324,1250,2239,1231,195,0,76,342,1157,943,133,1,248,908,1082,288,62
20212,D,발달상권,3120035,퇴계로5가,2257,1368,889,7,650,570,525,321,184,3,282,379,388,200,116,4,368,191,137,121,68
20212,D,발달상권,3120038,약수역,2299,1362,937,7,436,740,580,324,212,1,189,452,383,196,141,6,247,288,197,128,71
20212,D,발달상권,3120028,명동(명동거리),12590,7582,5008,41,2103,3542,3628,2206,1070,16,1009,1955,2310,1615,677,25,1094,1587,1318,591,393
20212,D,발달상권,3120030,중부경찰서(영화인의거리),11882,6796,5086,53,2154,3638,3422,1957,658,16,721,2139,2091,1366,463,37,1433,1499,1331,591,195
20212,D,발달상권,3120029,을지로2가,7461,4461,3000,27,1938,2808,1698,798,192,7,787,1650,1165,693,159,20,1151,1158,533,105,33
20212,D,발달상권,3120025,롯데백화점(시청광장 지하쇼핑센터),22643,6274,16369,229,12750,7002,1624,945,93,71,3075,2028,780,249,71,158,9675,4974,844,696,22
20212,A,골목상권,3110051,한양공고앞 교차로,111,82,29,0,17,23,33,26,12,0,12,16,24,20,10,0,5,7,9,6,2
20212,R,전통시장,3130046,team204(팀204),20,13,7,0,1,3,4,2,10,0,0,2,3,1,7,0,1,1,1,1,3
20212,R,전통시장,3130047,테크노상가(엘리시움),158,110,48,0,10,26,33,60,29,0,5,20,20,41,24,0,5,6,13,19,5
20212,R,전통시장,3130048,동평화시장,20,11,9,0,7,8,1,4,0,0,3,4,1,3,0,0,4,4,0,1,0
20212,R,전통시장,3130055,"황학시장(서울중앙시장, 신중앙시장)",203,117,86,0,24,49,47,52,31,0,12,25,24,32,24,0,12,24,23,20,7
20212,R,전통시장,3130025,삼익패션타운(남대문시장),5494,2675,2819,69,1760,1561,1124,794,186,31,674,837,763,292,78,38,1086,724,361,502,108
20212,A,골목상권,3110075,숙대입구역 1번,1630,736,894,9,270,506,417,289,139,5,69,188,182,181,111,4,201,318,235,108,28
20212,A,골목상권,3110094,오산중학교,26,12,14,0,0,1,4,13,8,0,0,0,2,6,4,0,0,1,2,7,4
20212,A,골목상권,3110093,우사단길,2647,1632,1015,2,331,1035,757,359,163,1,106,546,562,321,96,1,225,489,195,38,67
20212,A,골목상권,3110089,서빙고동주민센터,752,503,249,1,94,230,220,107,100,0,33,136,159,88,87,1,61,94,61,19,13
20212,A,골목상권,3110064,효창공원앞역 2번,923,525,398,2,126,275,261,160,99,1,49,160,160,88,67,1,77,115,101,72,32
20212,A,골목상권,3110109,금호삼성래미안아파트,92,39,53,0,7,10,12,42,21,0,2,6,3,15,13,0,5,4,9,27,8
20212,A,골목상권,3110108,성동구립금호도서관,6,1,5,0,0,1,4,1,0,0,0,0,0,1,0,0,0,1,4,0,0
20212,A,골목상권,3110104,신금호역 4번,213,141,72,0,22,33,35,54,69,0,6,17,21,37,60,0,16,16,14,17,9
20212,A,골목상권,3110126,서울숲역 1번,27,18,9,0,0,7,2,12,6,0,0,6,0,7,5,0,0,1,2,5,1
20212,A,골목상권,3110135,성동세무서,401,208,193,0,41,84,107,78,91,0,7,43,49,38,71,0,34,41,58,40,20
20212,A,골목상권,3110115,상왕십리역 3번,945,362,583,10,392,218,156,113,56,0,76,84,93,75,34,10,316,134,63,38,22
20212,A,골목상권,3110133,서울교통공사,122,93,29,0,19,25,33,21,24,0,12,18,29,17,17,0,7,7,4,4,7
20212,R,전통시장,3130072,성동용답상가시장,132,71,61,0,21,19,35,39,18,0,9,9,16,26,11,0,12,10,19,13,7
20212,A,골목상권,3110130,답십리역 6번,105,89,16,0,20,24,38,15,8,0,17,20,35,10,7,0,3,4,3,5,1
20212,A,골목상권,3110170,동대부여고,223,128,95,1,37,51,67,45,22,0,17,21,42,32,16,1,20,30,25,13,6
20212,A,골목상권,3110172,광진초등학교,344,227,117,0,42,72,92,91,47,0,17,48,61,65,36,0,25,24,31,26,11
20212,A,골목상권,3110173,구남초등학교,195,106,89,0,34,50,46,44,21,0,16,28,21,25,16,0,18,22,25,19,5
20212,R,전통시장,3130081,자양골목전통시장(자양골목시장),54,36,18,0,7,17,14,9,7,0,5,12,9,6,4,0,2,5,5,3,3
20212,R,전통시장,3130080,자양종합시장(기능상실),14,10,4,0,0,1,6,6,1,0,0,1,4,4,1,0,0,0,2,2,0
20212,A,골목상권,3110143,뚝섬유원지역 1번,44,18,26,1,4,13,9,13,4,1,0,3,5,6,3,0,4,10,4,7,1
20212,D,발달상권,3120053,건대입구역(건대),892,505,387,5,148,146,178,204,211,2,41,65,97,137,163,3,107,81,81,67,48
20212,R,전통시장,3130075,노룬산시장(노룬산골목시장),17,12,5,0,4,5,6,0,2,0,3,3,5,0,1,0,1,2,1,0,1
20212,A,골목상권,3110165,국립정신건강센터,243,175,68,0,12,32,69,76,54,0,7,23,42,59,44,0,5,9,27,17,10
20212,R,전통시장,3130082,면곡골목시장,20,11,9,0,4,0,1,9,6,0,4,0,0,3,4,0,0,0,1,6,2
20212,R,전통시장,3130078,화양제일골목시장,52,17,35,0,6,15,19,9,3,0,1,5,8,2,1,0,5,10,11,7,2
20212,A,골목상권,3110185,용두초등학교,122,77,45,0,13,22,31,32,24,0,5,13,18,22,19,0,8,9,13,10,5
20212,D,발달상권,3120067,장안동사거리,2595,1173,1422,9,427,580,675,579,325,7,165,280,260,257,204,2,262,300,415,322,121
20212,R,전통시장,3130092,청량리농수산물시장,12,9,3,0,0,1,3,5,3,0,0,0,3,3,3,0,0,1,0,2,0
20212,A,골목상권,3110205,경희대삼거리,82,48,34,0,4,13,23,23,19,0,2,10,7,17,12,0,2,3,16,6,7
20212,A,골목상권,3110265,망우역 1번,198,91,107,1,23,43,54,57,20,0,7,18,21,32,13,1,16,25,33,25,7
20212,R,전통시장,3130110,면목골목시장(면목시장),107,64,43,0,1,9,35,38,24,0,1,6,22,19,16,0,0,3,13,19,8
20212,A,골목상권,3110263,면목역 1번,130,71,59,0,13,27,35,24,31,0,7,12,12,14,26,0,6,15,23,10,5
20212,A,골목상권,3110272,신내1동주민센터,477,319,158,0,45,69,93,152,118,0,15,35,60,103,106,0,30,34,33,49,12
20212,R,전통시장,3130113,신아타운,148,27,121,1,31,31,28,39,18,1,4,9,3,4,6,0,27,22,25,35,12
20212,A,골목상권,3110307,길음역 7번,119,62,57,0,17,25,41,19,17,0,7,17,18,10,10,0,10,8,23,9,7
20212,A,골목상권,3110310,길음역 10번,45,14,31,0,12,8,5,15,5,0,4,1,2,4,3,0,8,7,3,11,2
20212,A,골목상권,3110288,동구여중,216,139,77,1,19,49,52,55,40,0,9,22,35,40,33,1,10,27,17,15,7
20212,A,골목상권,3110313,안암역 3번,2069,1344,725,2,208,552,670,474,163,0,95,310,444,355,140,2,113,242,226,119,23
20212,A,골목상권,3110326,장위동성당,84,40,44,0,2,9,16,13,44,0,1,2,6,5,26,0,1,7,10,8,18
20212,R,전통시장,3130117,정릉시장,121,63,58,0,4,15,34,43,25,0,2,8,20,19,14,0,2,7,14,24,11
20212,A,골목상권,3110282,국민대학교앞,980,789,191,13,185,388,206,75,113,12,134,349,179,57,58,1,51,39,27,18,55
20212,R,전통시장,3130118,정릉골 골목형상점가,67,30,37,0,11,13,11,19,13,0,0,2,6,12,10,0,11,11,5,7,3
20212,R,전통시장,3130141,강북북부골목시장,36,19,17,0,12,4,11,6,3,0,3,2,6,6,2,0,9,2,5,0,1
20212,A,골목상권,3110380,강북문화정보도서관,48,15,33,0,12,10,12,10,4,0,0,3,5,4,3,0,12,7,7,6,1
20212,D,발달상권,3120078,미아사거리역,143,89,54,0,27,28,29,30,29,0,12,16,21,18,22,0,15,12,8,12,7
20212,A,골목상권,3110370,도봉세무서,367,255,112,0,17,61,76,105,108,0,11,31,42,80,91,0,6,30,34,25,17
20212,A,골목상권,3110358,인수동 우편취급국,549,295,254,0,18,34,67,210,220,0,2,18,23,91,161,0,16,16,44,119,59
20212,A,골목상권,3110359,수유시장옆,126,72,54,0,12,26,34,40,14,0,3,12,17,32,8,0,9,14,17,8,6
20212,A,골목상권,3110366,광산사거리,91,64,27,0,17,20,17,22,15,0,13,13,11,16,11,0,4,7,6,6,4
20212,A,골목상권,3110391,샘말어린이공원,219,118,101,0,22,44,64,45,44,0,12,26,37,23,20,0,10,18,27,22,24
20212,A,골목상권,3110386,연산군묘,124,114,10,0,4,3,10,44,63,0,1,3,7,40,63,0,3,0,3,4,0
20212,A,골목상권,3110385,효문고등학교,37,22,15,0,3,9,12,4,9,0,2,5,3,4,8,0,1,4,9,0,1
20212,R,전통시장,3130144,백운시장,21,14,7,0,0,1,7,8,5,0,0,0,5,4,5,0,0,1,2,4,0
20212,A,골목상권,3110396,쌍문역1번(쌍리단길),259,94,165,2,41,49,52,76,39,0,13,15,22,29,15,2,28,34,30,47,24
20212,A,골목상권,3110404,신창초등학교,515,298,217,1,42,93,163,136,80,0,11,56,109,76,46,1,31,37,54,60,34
20212,A,골목상권,3110429,공릉동 국수거리,2074,916,1158,3,224,284,511,689,363,1,91,167,248,234,175,2,133,117,263,455,188
20212,A,골목상권,3110438,경춘선숲길 우측,230,110,120,0,26,54,83,52,15,0,12,21,38,30,9,0,14,33,45,22,6
20212,D,발달상권,3120085,은행사거리,317,121,196,4,51,48,80,78,56,3,11,14,21,40,32,1,40,34,59,38,24
20212,A,골목상권,3110458,선일여고,385,200,185,0,32,79,94,119,61,0,19,46,47,52,36,0,13,33,47,67,25
20212,A,골목상권,3110460,구산역 4번,969,582,387,0,57,184,248,234,246,0,18,124,133,121,186,0,39,60,115,113,60
20212,R,전통시장,3130164,역촌중앙시장,9,3,6,0,0,1,2,2,4,0,0,0,1,1,1,0,0,1,1,1,3
20212,A,골목상권,3110450,시립서북병원,774,421,353,3,138,166,179,154,134,2,80,103,96,70,70,1,58,63,83,84,64
20212,A,골목상권,3110456,구산보건지소,967,544,423,3,284,226,177,147,130,1,123,112,94,97,117,2,161,114,83,50,13
20212,A,골목상권,3110486,은평구청,491,279,212,0,81,100,108,134,68,0,54,70,53,61,41,0,27,30,55,73,27
20212,A,골목상권,3110484,역촌역 3번,499,193,306,6,64,131,129,103,66,5,34,45,41,32,36,1,30,86,88,71,30
20212,D,발달상권,3120092,불광역,274,147,127,0,33,51,83,52,55,0,12,29,44,21,41,0,21,22,39,31,14
20212,A,골목상권,3110472,연신내역 4번,335,156,179,2,52,77,79,68,57,1,16,43,30,37,29,1,36,34,49,31,28
20212,R,전통시장,3130168,연서시장,234,155,79,0,19,50,51,64,50,0,5,23,33,49,45,0,14,27,18,15,5
20212,A,골목상권,3110445,덕산중학교,71,53,18,0,18,15,16,8,14,0,10,9,13,7,14,0,8,6,3,1,0
20212,A,골목상권,3110446,내를건너서숲으로도서관,163,124,39,0,6,14,51,45,47,0,5,9,33,35,42,0,1,5,18,10,5
20212,A,골목상권,3110461,새절역 2번,39,21,18,0,2,8,11,10,8,0,2,2,6,6,5,0,0,6,5,4,3
20212,A,골목상권,3110451,증산역 4번,1267,962,305,2,150,378,365,291,81,2,75,289,305,230,61,0,75,89,60,61,20
20212,A,골목상권,3110502,남가좌파출소,290,147,143,0,29,34,73,92,62,0,14,16,35,47,35,0,15,18,38,45,27
20212,A,골목상권,3110520,경의중앙 신촌역,105,57,48,0,31,22,32,12,8,0,10,15,16,10,6,0,21,7,16,2,2
20212,A,골목상권,3110526,봉원사,211,111,100,1,17,38,50,49,56,1,7,21,24,26,32,0,10,17,26,23,24
20212,A,골목상권,3110511,연희초등학교,3646,3286,360,2,420,731,640,1505,348,1,355,646,532,1425,327,1,65,85,108,80,21
20212,D,발달상권,3120093,연희동,661,351,310,2,60,125,170,195,109,0,27,62,91,103,68,2,33,63,79,92,41
20212,A,골목상권,3110504,명지전문대,170,46,124,1,21,19,35,41,53,0,5,4,10,13,14,1,16,15,25,28,39
20212,D,발달상권,3120095,홍제역,931,525,406,1,73,108,267,363,119,0,16,56,142,223,88,1,57,52,125,140,31
20212,A,골목상권,3110587,공덕동주민센터,264,135,129,1,43,53,75,55,37,1,16,31,47,23,17,0,27,22,28,32,20
20212,A,골목상권,3110578,대흥역 2번,2091,1413,678,2,213,337,391,638,510,1,80,225,309,452,346,1,133,112,82,186,164
20212,A,골목상권,3110574,서강대학교,173,123,50,0,35,41,49,38,10,0,17,30,41,30,5,0,18,11,8,8,5
20212,A,골목상권,3110582,이대역 5번,56,17,39,0,6,11,16,13,10,0,0,4,4,4,5,0,6,7,12,9,5
20212,D,발달상권,3120106,마포역,11485,7110,4375,12,1812,2735,2685,2311,1930,8,917,1662,1891,1437,1195,4,895,1073,794,874,735
20212,A,골목상권,3110544,망리단길,1203,718,485,1,179,248,331,253,191,1,107,153,171,147,139,0,72,95,160,106,52
20212,D,발달상권,3120103,홍대입구역(홍대),9580,5991,3589,87,2167,2434,2066,1613,1213,61,1145,1486,1404,988,907,26,1022,948,662,625,306
20212,A,골목상권,3110566,경의선책거리,1690,934,756,2,359,547,406,290,86,1,137,328,252,157,59,1,222,219,154,133,27
20212,R,전통시장,3130187,영진시장,29,14,15,0,4,5,11,7,2,0,2,2,6,2,2,0,2,3,5,5,0
20212,A,골목상권,3110557,홍대부속여중고앞,760,465,295,1,100,188,196,149,126,1,37,110,137,95,85,0,63,78,59,54,41
20212,A,골목상권,3110548,마포구청역 4번,795,475,320,5,130,185,210,136,129,3,57,95,122,89,109,2,73,90,88,47,20
20212,A,골목상권,3110543,중암중학교,38,25,13,0,6,8,14,7,3,0,3,5,8,6,3,0,3,3,6,1,0
20212,A,골목상권,3110585,마포경찰서,918,790,128,0,192,360,176,181,9,0,150,313,153,166,8,0,42,47,23,15,1
20212,D,발달상권,3120112,등촌역,1633,1138,495,10,223,388,373,358,281,6,100,270,265,265,232,4,123,118,108,93,49
20212,A,골목상권,3110618,강서고등학교,193,135,58,0,19,38,52,52,32,0,10,29,36,34,26,0,9,9,16,18,6
20212,A,골목상권,3110599,신월1파출소,378,268,110,3,50,89,94,93,49,2,34,68,63,65,36,1,16,21,31,28,13
20212,A,골목상권,3110596,서서울호수공원,417,272,145,2,48,90,107,113,57,0,28,56,74,71,43,2,20,34,33,42,14
20212,R,전통시장,3130200,"신월7동 골목시장(약수시장, 우성상가)",27,18,9,0,0,3,9,6,9,0,0,0,7,4,7,0,0,3,2,2,2
20212,A,골목상권,3110623,갈산공원,130,99,31,0,27,34,27,31,11,0,23,27,21,21,7,0,4,7,6,10,4
20212,R,전통시장,3130218,신월중앙시장,118,53,65,0,28,34,26,13,17,0,8,12,11,9,13,0,20,22,15,4,4
20212,A,골목상권,3110632,방화역 3번,1075,887,188,2,42,127,400,334,170,1,21,90,353,281,141,1,21,37,47,53,29
20212,A,골목상권,3110651,화원중학교,377,214,163,2,29,50,102,105,89,1,19,31,68,52,43,1,10,19,34,53,46
20212,A,골목상권,3110659,화곡역 4번,844,496,348,11,102,181,234,180,136,9,52,114,140,105,76,2,50,67,94,75,60
20212,A,골목상권,3110696,오류동역 1번,2424,1658,766,32,831,942,326,216,77,16,483,735,235,131,58,16,348,207,91,85,19
20212,A,골목상권,3110697,개봉3동주민센터,230,142,88,1,55,64,49,41,20,1,27,41,31,29,13,0,28,23,18,12,7
20212,A,골목상권,3110698,개웅초등학교(개웅중학교),276,176,100,3,50,50,53,63,57,3,25,32,31,39,46,0,25,18,22,24,11
20212,A,골목상권,3110722,G타워,837,574,263,4,152,296,249,99,37,4,95,205,191,55,24,0,57,91,58,44,13
20212,A,골목상권,3110682,온수역 8번,25,11,14,0,2,4,13,5,1,0,2,2,6,1,0,0,0,2,7,4,1
20212,A,골목상권,3110684,서울공연예술고등학교,251,136,115,2,50,78,61,36,24,0,19,54,34,19,10,2,31,24,27,17,14
20212,A,골목상권,3110688,오류지구대,169,59,110,1,18,18,40,59,33,0,7,10,15,19,8,1,11,8,25,40,25
20212,A,골목상권,3110730,서울축산농협 독산역지점(독산파출소),660,376,284,1,80,105,117,201,156,1,30,58,54,113,120,0,50,47,63,88,36
20212,A,골목상권,3110728,두산초등학교,4560,2778,1782,8,88,138,245,530,3551,8,64,86,123,279,2218,0,24,52,122,251,1333
20212,A,골목상권,3110752,한울중학교,269,117,152,2,25,46,81,79,36,2,13,16,34,33,19,0,12,30,47,46,17
20212,R,전통시장,3130234,푸른터시장(기능상실),7,3,4,0,1,1,0,3,2,0,0,1,0,1,1,0,1,0,0,2,1
20212,R,전통시장,3130235,대명여울빛거리시장(대명시장),298,80,218,0,39,52,77,82,48,0,11,14,25,19,11,0,28,38,52,63,37
20212,A,골목상권,3110743,시흥초등학교(시흥1동우체국),191,130,61,0,18,31,48,50,44,0,10,20,32,37,31,0,8,11,16,13,13
20212,A,골목상권,3110731,금천구청역 1번 출입구,1044,564,480,7,306,385,206,96,44,2,149,230,102,55,26,5,157,155,104,41,18
20212,A,골목상권,3110753,시흥동 은행나무사거리,617,387,230,0,69,100,149,166,133,0,28,68,90,96,105,0,41,32,59,70,28
20212,A,골목상권,3110764,문래역 3번,541,223,318,0,93,127,159,102,60,0,27,39,54,54,49,0,66,88,105,48,11
20212,A,골목상권,3110779,대림갑을명가아파트,33,24,9,0,2,5,13,7,6,0,1,4,10,4,5,0,1,1,3,3,1
20212,R,전통시장,3130242,대림중앙 골목형상점가,66,20,46,0,3,17,17,24,5,0,1,6,5,5,3,0,2,11,12,19,2
20212,A,골목상권,3110765,문래동사거리,889,619,270,2,80,133,209,175,290,1,38,78,140,126,236,1,42,55,69,49,54
20212,A,골목상권,3110810,영신초등학교,403,183,220,0,58,147,59,78,61,0,24,67,27,43,22,0,34,80,32,35,39
20212,A,골목상권,3110813,보라매역 6번,286,167,119,3,22,37,50,74,100,3,15,21,24,39,65,0,7,16,26,35,35
20212,D,발달상권,3120135,양평역,5072,3013,2059,32,1300,1280,1187,776,497,11,626,825,676,441,434,21,674,455,511,335,63
20212,D,발달상권,3120146,한강성심병원,5066,2882,2184,18,1252,1255,1097,821,623,8,405,669,729,584,487,10,847,586,368,237,136
20212,R,전통시장,3130253,영신상가(제일상가),9,7,2,0,2,3,0,2,2,0,2,3,0,1,1,0,0,0,0,1,1
20212,R,전통시장,3130249,동남상가,10,8,2,0,2,0,0,4,4,0,1,0,0,4,3,0,1,0,0,0,1
20212,A,골목상권,3110782,영등포시장역 4번,127,87,40,1,13,24,48,27,14,1,5,16,36,17,12,0,8,8,12,10,2
20212,A,골목상권,3110809,장훈고등학교,112,61,51,0,7,15,30,23,37,0,3,5,11,17,25,0,4,10,19,6,12
20212,A,골목상권,3110834,동작구자원봉사센터,41,25,16,0,3,5,8,11,14,0,2,2,8,6,7,0,1,3,0,5,7
20212,A,골목상권,3110828,노량진역 6번,3010,2066,944,9,471,1047,854,467,162,3,252,711,639,357,104,6,219,336,215,110,58
20212,A,골목상권,3110824,대방역 3번,296,102,194,1,48,91,92,42,22,0,11,26,29,23,13,1,37,65,63,19,9
20212,A,골목상권,3110852,이수역 9번,198,121,77,0,26,35,54,38,45,0,12,20,30,23,36,0,14,15,24,15,9
20212,A,골목상권,3110851,경문고등학교(동작동성당),493,236,257,0,79,137,141,105,31,0,32,53,66,67,18,0,47,84,75,38,13
20212,A,골목상권,3110831,상도4동주민센터,72,40,32,0,3,13,14,29,13,0,3,6,6,18,7,0,0,7,8,11,6
20212,A,골목상권,3110827,NH농협은행 상도동지점,262,93,169,0,39,51,73,65,34,0,11,18,20,28,16,0,28,33,53,37,18
20212,A,골목상권,3110841,중대부중,75,34,41,0,7,12,14,23,19,0,4,7,5,10,8,0,3,5,9,13,11
20212,A,골목상권,3110900,낙성대역 1번(관악구민 종합체육센터),444,246,198,1,94,123,115,88,23,1,48,64,62,53,18,0,46,59,53,35,5
20212,D,발달상권,3120159,서울대입구역,1430,763,667,12,289,320,321,238,250,6,116,164,174,133,170,6,173,156,147,105,80
20212,A,골목상권,3110866,난우중학교,184,101,83,0,23,36,41,65,19,0,14,20,19,32,16,0,9,16,22,33,3
20212,D,발달상권,3120158,녹두거리(대학동),695,550,145,2,31,73,200,279,110,0,7,41,163,241,98,2,24,32,37,38,12
20212,A,골목상권,3110857,미성동주민센터,431,229,202,9,60,64,70,108,120,9,34,48,41,46,51,0,26,16,29,62,69
20212,R,전통시장,3130278,미성동 도깨비시장 골목형상점가,75,16,59,0,0,16,28,24,7,0,0,7,5,2,2,0,0,9,23,22,5
20212,A,골목상권,3110875,보라매동주민센터(당곡고등학교),19,15,4,0,4,2,5,6,2,0,2,2,3,6,2,0,2,0,2,0,0
20212,A,골목상권,3110873,당곡중학교,348,167,181,0,70,79,87,76,36,0,29,39,39,37,23,0,41,40,48,39,13
20212,R,전통시장,3130285,서원동상점가,615,316,299,4,28,56,85,160,282,1,17,38,45,60,155,3,11,18,40,100,127
20212,A,골목상권,3110891,구암초등학교,47,22,25,0,5,1,22,16,3,0,1,0,11,8,2,0,4,1,11,8,1
20212,R,전통시장,3130280,신림종합시장,22,17,5,0,0,1,2,7,12,0,0,0,0,5,12,0,0,1,2,2,0
20212,R,전통시장,3130279,관악신사시장,2159,1727,432,0,365,671,738,355,30,0,172,530,669,333,23,0,193,141,69,22,7
20212,R,전통시장,3130295,인헌시장(원당종합시장),122,48,74,0,20,27,38,23,14,0,3,9,16,12,8,0,17,18,22,11,6
20212,A,골목상권,3110892,관악구 중앙길,709,341,368,0,69,110,159,221,150,0,25,55,76,105,80,0,44,55,83,116,70
20212,A,골목상권,3110899,낙성대역 5번(관악중학교),681,442,239,0,167,178,164,123,49,0,107,130,95,71,39,0,60,48,69,52,10
20212,A,골목상권,3110944,서울나래학교(염곡어린이공원),933,632,301,10,116,213,161,196,237,8,88,169,114,118,135,2,28,44,47,78,102
20212,A,골목상권,3110905,방배노인종합복지관(이수중학교),287,176,111,1,36,71,71,63,45,0,18,38,45,41,34,1,18,33,26,22,11
20212,A,골목상권,3110920,방배역 2번(백석예술대학교),359,205,154,0,23,53,125,118,40,0,5,29,65,75,31,0,18,24,60,43,9
20212,A,골목상권,3110910,내방역 5번,614,240,374,5,72,124,157,176,80,3,30,69,52,49,37,2,42,55,105,127,43
20212,A,골목상권,3110906,서문여고,683,362,321,2,217,106,119,106,133,0,59,58,72,62,111,2,158,48,47,44,22
20212,A,골목상권,3110001,이북5도청사,1048,625,423,4,130,286,237,257,134,0,48,170,160,167,80,4,82,116,77,90,54
20212,D,발달상권,3120161,방배동가구거리(사당동가구거리),2517,1833,684,3,187,342,315,347,1323,2,78,178,165,202,1208,1,109,164,150,145,115
20212,R,전통시장,3130296,남부종합시장,85,63,22,0,2,8,25,35,15,0,1,8,16,24,14,0,1,0,9,11,1
20212,D,발달상권,3120175,남부터미널역,8254,5320,2934,32,1703,2482,1996,1297,744,6,856,1692,1362,856,548,26,847,790,634,441,196
20212,A,골목상권,3110932,서울시인재개발원,532,384,148,2,128,170,127,64,41,2,76,116,100,54,36,0,52,54,27,10,5
20212,A,골목상권,3110930,서초동성당,2178,1774,404,8,284,588,694,433,171,2,190,448,591,393,150,6,94,140,103,40,21
20212,A,골목상권,3110931,삼성전자서울R&D(서울우면초등학교),94,47,47,0,36,30,16,6,6,0,11,15,10,6,5,0,25,15,6,0,1
20212,A,골목상권,3110938,바우뫼공원,1522,927,595,0,253,457,423,297,92,0,147,314,251,143,72,0,106,143,172,154,20
20212,A,골목상권,3110942,염곡동 구룡사(포이동성당),3242,1952,1290,7,578,932,791,613,321,3,328,587,461,351,222,4,250,345,330,262,99
20212,A,골목상권,3110943,법제교육센터(버들어린이공원),1122,578,544,1,67,165,357,323,209,1,36,99,151,140,151,0,31,66,206,183,58
20212,A,골목상권,3110994,개포고등학교,494,382,112,7,65,161,123,110,28,4,47,134,103,73,21,3,18,27,20,37,7
20212,R,전통시장,3130305,논현종합시장,85,43,42,0,21,14,14,19,17,0,7,7,6,14,9,0,14,7,8,5,8
20212,D,발달상권,3120193,도산공원교차로,6384,3798,2586,15,1278,1918,1493,983,697,6,466,1071,1021,696,538,9,812,847,472,287,159
20212,D,발달상권,3120220,대치역,5716,3394,2322,26,1854,2307,1022,333,174,2,774,1495,752,234,137,24,1080,812,270,99,37
20212,D,발달상권,3120210,선릉역,48780,26797,21983,117,11358,13636,11065,7952,4652,54,5356,8026,6479,4158,2724,63,6002,5610,4586,3794,1928
20212,D,발달상권,3120221,봉은사역,17557,12129,5428,22,3154,5248,3562,2734,2837,8,2167,4087,2812,1669,1386,14,987,1161,750,1065,1451
20212,A,골목상권,3110988,청담역 3번,1594,1016,578,1,243,425,364,346,215,1,82,247,247,262,177,0,161,178,117,84,38
20212,R,전통시장,3130304,신사상가,24,13,11,0,3,4,6,7,4,0,1,1,3,5,3,0,2,3,3,2,1
20212,D,발달상권,3120197,역삼역,58731,38593,20138,93,10093,18065,15897,10840,3743,43,5229,11924,11872,7083,2442,50,4864,6141,4025,3757,1301
20212,D,발달상권,3120237,경찰병원역,9922,5579,4343,59,1236,1684,1762,1665,3516,25,543,1068,1140,766,2037,34,693,616,622,899,1479
20212,A,골목상권,3111045,개미어린이공원,36,18,18,0,2,7,12,12,3,0,1,1,7,7,2,0,1,6,5,5,1
20212,A,골목상권,3111047,마천1치안센터,111,73,38,0,9,17,34,34,17,0,6,14,19,22,12,0,3,3,15,12,5
20212,A,골목상권,3111043,마천공원,32,13,19,0,1,3,7,12,9,0,0,0,1,6,6,0,1,3,6,6,3
20212,D,발달상권,3120238,방이역,430,260,170,5,53,101,116,79,76,4,25,48,61,57,65,1,28,53,55,22,11
20212,D,발달상권,3120226,석촌고분역,2344,1748,596,6,272,329,431,334,972,5,128,199,262,228,926,1,144,130,169,106,46
20212,A,골목상권,3111012,석촌역 6번,732,332,400,2,91,127,180,183,149,2,23,56,83,93,75,0,68,71,97,90,74
20212,D,발달상권,3120228,석촌역(석촌호수),4494,2725,1769,7,707,1306,1038,695,741,1,288,851,680,410,495,6,419,455,358,285,246
20212,A,골목상권,3111035,오금공원(오주중학교),531,398,133,0,41,90,148,148,104,0,32,66,121,102,77,0,9,24,27,46,27
20212,A,골목상권,3111028,문현중학교(장지역 1번),424,194,230,0,54,66,132,116,56,0,29,36,49,50,30,0,25,30,83,66,26
20212,A,골목상권,3111087,고덕중학교(고덕2동주민센터),197,89,108,0,26,46,62,36,27,0,5,21,26,17,20,0,21,25,36,19,7
20212,D,발달상권,3120246,길동역,3415,1545,1870,14,385,562,837,913,704,8,169,318,417,302,331,6,216,244,420,611,373
20212,A,골목상권,3111083,GS강동자이아파트,411,245,166,0,67,62,70,100,112,0,47,43,41,44,70,0,20,19,29,56,42
20212,R,전통시장,3130325,명일전통시장,89,30,59,0,8,10,13,28,30,0,3,6,5,8,8,0,5,4,8,20,22
20212,A,골목상권,3111074,명일역 1번,147,77,70,2,31,38,40,16,20,1,9,23,23,10,11,1,22,15,17,6,9
20212,A,골목상권,3111053,성내천어린이공원(하니사랑길),6288,4564,1724,6,799,940,1025,1564,1954,3,542,693,750,1053,1523,3,257,247,275,511,431
20212,A,골목상권,3111061,암사역 1번,831,551,280,0,149,186,182,170,144,0,82,128,126,125,90,0,67,58,56,45,54
20212,R,전통시장,3130318,로데오거리상점가,266,132,134,0,31,43,49,55,88,0,9,12,19,26,66,0,22,31,30,29,22
20212,A,골목상권,3111056,천호태영아파트,191,53,138,0,27,35,64,36,29,0,4,5,19,15,10,0,23,30,45,21,19
20212,A,골목상권,3110036,동묘앞역 3번,52,34,18,0,3,6,16,12,15,0,1,3,9,11,10,0,2,3,7,1,5
20212,A,골목상권,3110028,이화달팽이길,704,279,425,1,177,179,137,123,87,0,56,60,56,65,42,1,121,119,81,58,45
20212,D,발달상권,3120010,원남동사거리,4095,2287,1808,50,1544,1304,651,377,169,2,585,792,484,292,132,48,959,512,167,85,37
20212,R,전통시장,3130017,동대문상가C동,12,9,3,0,1,4,4,2,1,0,1,4,3,0,1,0,0,0,1,2,0
20212,D,발달상권,3120016,동대문역,182,115,67,1,10,24,42,40,65,0,6,12,20,28,49,1,4,12,22,12,16
20212,A,골목상권,3110034,창신1동주민센터,41,35,6,0,2,1,14,13,11,0,2,1,10,11,11,0,0,0,4,2,0
20212,A,골목상권,3110014,경복고등학교,194,82,112,0,28,54,40,44,28,0,4,14,21,24,19,0,24,40,19,20,9
20212,A,골목상권,3110286,한성대입구역 5번,986,472,514,17,187,285,318,122,57,8,70,127,144,83,40,9,117,158,174,39,17
20212,R,전통시장,3130036,중부시장(신중부시장),3089,921,2168,8,1868,593,250,198,172,3,316,189,171,120,122,5,1552,404,79,78,50
20212,D,발달상권,3120033,을지로4가역,867,437,430,7,127,212,194,201,126,1,44,107,99,89,97,6,83,105,95,112,29
20212,U,관광특구,3001492,명동 남대문 북창동 다동 무교동 관광특구,104830,53674,51156,423,27134,34007,23384,15726,4156,137,8860,16080,15133,10824,2640,286,18274,17927,8251,4902,1516
20212,D,발달상권,3120023,서울시청,10242,5534,4708,15,2234,3260,2778,1425,530,4,852,1657,1658,983,380,11,1382,1603,1120,442,150
20212,R,전통시장,3130031,청계천공구상가,921,698,223,2,101,281,234,159,144,1,64,230,181,104,118,1,37,51,53,55,26
20212,D,발달상권,3120021,시청역_8번,23737,14953,8784,73,4071,8120,7087,3484,902,13,1699,4433,5165,2993,650,60,2372,3687,1922,491,252
20212,A,골목상권,3110053,청구역 1번,281,166,115,0,52,69,69,54,37,0,23,45,43,27,28,0,29,24,26,27,9
20212,R,전통시장,3130049,신당 미래유산 먹거리 골목형상점가,42,19,23,0,3,5,9,13,12,0,1,3,0,7,8,0,2,2,9,6,4
20212,D,발달상권,3120043,서울역,22578,15322,7256,58,4087,7782,5513,3664,1474,27,2087,4897,4201,3033,1077,31,2000,2885,1312,631,397
20212,A,골목상권,3110040,중구회현체육센터(정화예술대남산캠퍼스),165,78,87,0,33,30,40,37,25,0,14,15,17,13,19,0,19,15,23,24,6
20212,D,발달상권,3120024,회현역,2167,1364,803,2,341,795,582,250,197,1,146,473,416,192,136,1,195,322,166,58,61
20212,A,골목상권,3110039,회현역 1번,49,26,23,0,2,8,12,14,13,0,0,4,9,8,5,0,2,4,3,6,8
20212,R,전통시장,3130024,남대문시장(자유상가),732,426,306,2,54,129,172,177,198,1,15,75,95,108,132,1,39,54,77,69,66
20212,R,전통시장,3130022,숭례문수입상가(남대문시장),1907,850,1057,0,330,855,598,113,11,0,55,378,338,70,9,0,275,477,260,43,2
20212,D,발달상권,3120045,남영동 먹자골목,4044,1580,2464,7,424,908,1421,1162,122,1,257,576,502,205,39,6,167,332,919,957,83
20212,R,전통시장,3130060,신흥시장,4,1,3,0,0,2,0,2,0,0,0,1,0,0,0,0,0,1,0,2,0
20212,A,골목상권,3110072,열정도,374,244,130,6,108,96,78,51,35,0,51,71,62,37,23,6,57,25,16,14,12
20212,A,골목상권,3110059,새남터성지,385,307,78,0,38,71,113,138,25,0,21,48,99,124,15,0,17,23,14,14,10
20194,U,관광특구,3001491,이태원 관광특구,5839,3064,2775,28,1377,2065,1290,768,311,18,514,986,777,541,228,10,863,1079,513,227,83
20212,A,골목상권,3110069,숙대입구,825,291,534,3,200,296,163,87,76,3,34,92,77,40,45,0,166,204,86,47,31
20212,A,골목상권,3110095,한강진역 3번,1186,801,385,16,160,326,321,298,65,8,61,235,227,226,44,8,99,91,94,72,21
20212,A,골목상권,3110097,한남초등학교,7,4,3,0,2,3,2,0,0,0,0,2,2,0,0,0,2,1,0,0,0
20212,A,골목상권,3110077,삼광초등학교,385,317,68,0,37,86,148,98,16,0,21,66,130,88,12,0,16,20,18,10,4
20212,A,골목상권,3110103,옥수터널,13,11,2,1,0,2,2,6,2,0,0,2,2,5,2,1,0,0,0,1,0
20212,R,전통시장,3130073,뚝도시장,45,17,28,1,3,10,9,11,11,0,0,2,4,5,6,1,3,8,5,6,5
20212,A,골목상권,3110137,성수초등학교,6605,4295,2310,31,1016,1740,1836,1344,638,22,557,1152,1250,828,486,9,459,588,586,516,152
20212,A,골목상권,3110138,송정체육공원,160,79,81,0,15,27,53,41,24,0,4,12,21,23,19,0,11,15,32,18,5
20212,D,발달상권,3120057,아차산역,2218,1220,998,52,412,432,503,468,351,19,236,257,289,206,213,33,176,175,214,262,138
20212,A,골목상권,3110177,동의초등학교,112,81,31,0,6,25,28,32,21,0,3,14,19,26,19,0,3,11,9,6,2
20212,A,골목상권,3110175,푸른동산공원,367,233,134,0,41,73,108,86,59,0,24,48,69,53,39,0,17,25,39,33,20
20212,A,골목상권,3110146,신자초등학교,742,537,205,0,50,81,212,276,123,0,25,45,160,209,98,0,25,36,52,67,25
20212,A,골목상권,3110150,중곡1동 마을마당,1179,698,481,1,197,352,252,217,160,1,83,194,161,132,127,0,114,158,91,85,33
20212,A,골목상권,3110195,동대문구청,221,115,106,0,41,58,47,40,35,0,12,28,23,27,25,0,29,30,24,13,10
20212,A,골목상권,3110189,제기동역 1번,1538,1086,452,1,233,490,342,167,305,0,98,349,286,136,217,1,135,141,56,31,88
20212,A,골목상권,3110214,경희대후문,86,42,44,0,18,17,24,17,10,0,6,6,13,10,7,0,12,11,11,7,3
20212,A,골목상권,3110224,외대앞역 2번,96,41,55,0,9,14,16,29,28,0,2,4,9,18,8,0,7,10,7,11,20
20212,A,골목상권,3110232,동대부고,579,413,166,0,41,71,119,175,173,0,14,38,80,134,147,0,27,33,39,41,26
20212,A,골목상권,3110201,전농119안전센터,27,11,16,0,2,1,9,10,5,0,1,0,3,4,3,0,1,1,6,6,2
20212,R,전통시장,3130099,전농로터리시장,7,3,4,0,1,0,2,3,1,0,0,0,1,1,1,0,1,0,1,2,0
20212,R,전통시장,3130090,청량리종합시장,19,13,6,0,1,4,3,5,6,0,1,2,3,3,4,0,0,2,0,2,2
20212,R,전통시장,3130093,동서시장,5,3,2,0,0,0,1,2,2,0,0,0,1,0,2,0,0,0,0,2,0
20212,A,골목상권,3110190,고대앞사거리,195,92,103,0,22,34,34,45,60,0,4,18,22,19,29,0,18,16,12,26,31
20212,A,골목상권,3110196,홍릉근린공원,23,12,11,0,1,6,8,5,3,0,1,4,3,2,2,0,0,2,5,3,1
20212,D,발달상권,3120065,회기역,323,205,118,3,48,55,87,76,54,1,27,39,48,49,41,2,21,16,39,27,13
20212,A,골목상권,3110215,회기역 1번,28,18,10,0,3,4,9,7,5,0,3,2,6,3,4,0,0,2,3,4,1
20212,A,골목상권,3110222,회기역 2번,20,17,3,0,0,3,2,6,9,0,0,2,2,4,9,0,0,1,0,2,0
20212,A,골목상권,3110273,장스여성병원,610,446,164,7,31,37,75,209,251,0,4,8,37,168,229,7,27,29,38,41,22
20212,A,골목상권,3110260,면목역 3번,126,74,52,0,24,21,24,29,28,0,14,8,12,20,20,0,10,13,12,9,8
20212,R,전통시장,3130105,장미제일시장(중화동제일시장),63,27,36,0,8,14,22,11,8,0,3,6,14,3,1,0,5,8,8,8,7
20212,A,골목상권,3110257,상봉역 7번,397,330,67,0,17,18,50,133,179,0,6,11,34,118,161,0,11,7,16,15,18
20212,A,골목상권,3110238,배꽃어린이공원,66,48,18,0,6,7,15,23,15,0,4,5,9,15,15,0,2,2,6,8,0
20212,A,골목상권,3110303,성신여대입구역 1번,139,98,41,1,7,35,44,27,25,0,2,22,28,25,21,1,5,13,16,2,4
20212,A,골목상권,3110305,보문역 5번,883,661,222,3,165,255,173,133,154,1,99,199,129,103,130,2,66,56,44,30,24
20212,D,발달상권,3120070,한성대입구역,466,180,286,2,83,69,78,113,121,2,21,31,37,38,51,0,62,38,41,75,70
20212,A,골목상권,3110331,돌곶이역 8번,441,297,144,3,54,146,113,78,47,0,17,105,83,55,37,3,37,41,30,23,10
20212,A,골목상권,3110334,석관중앙교회,170,105,65,0,21,43,31,41,34,0,8,19,19,29,30,0,13,24,12,12,4
20212,A,골목상권,3110293,삼선중학교,1730,860,870,4,248,467,527,319,165,3,116,277,268,111,85,1,132,190,259,208,80
20212,A,골목상권,3110283,성북초등학교앞,203,78,125,0,16,33,56,80,18,0,8,10,23,27,10,0,8,23,33,53,8
20212,A,골목상권,3110285,홍대부중,814,559,255,9,219,220,210,100,56,6,118,172,163,69,31,3,101,48,47,31,25
20212,A,골목상권,3110312,안암역 2번,150,81,69,0,13,19,47,46,25,0,7,14,24,22,14,0,6,5,23,24,11
20212,A,골목상권,3110316,숭곡초등학교,439,217,222,2,68,114,129,88,38,2,19,58,73,42,23,0,49,56,56,46,15
20212,A,골목상권,3110322,장위1동주민센터,319,224,95,1,33,37,59,95,94,0,25,31,44,66,58,1,8,6,15,29,36
20212,A,골목상권,3110294,서경대학교,391,262,129,0,35,30,93,120,113,0,18,14,46,87,97,0,17,16,47,33,16
20212,A,골목상권,3110319,종암동주민센터,454,111,343,1,46,51,89,146,121,0,8,19,24,32,28,1,38,32,65,114,93
20212,A,골목상권,3110364,미아역 8번,146,75,71,0,9,26,51,39,21,0,3,9,25,23,15,0,6,17,26,16,6
20212,A,골목상권,3110381,번동주공2단지,171,88,83,5,31,28,38,55,14,4,11,14,21,30,8,1,20,14,17,25,6
20212,R,전통시장,3130131,동북프라자,121,49,72,0,9,23,37,29,23,0,4,8,17,9,11,0,5,15,20,20,12
20212,A,골목상권,3110374,송중초등학교,491,272,219,5,33,60,145,140,108,5,9,29,73,70,86,0,24,31,72,70,22
20212,A,골목상권,3110371,삼양입구사거리,49,23,26,0,2,7,10,19,11,0,0,3,5,10,5,0,2,4,5,9,6
20212,A,골목상권,3110363,송천동주민센터,19,12,7,0,0,4,3,7,5,0,0,3,1,4,4,0,0,1,2,3,1
20212,A,골목상권,3110361,삼양사거리역 1번,101,29,72,0,9,12,19,28,33,0,2,4,3,7,13,0,7,8,16,21,20
20212,A,골목상권,3110360,수유초등학교,321,222,99,0,34,61,63,67,96,0,7,43,42,44,86,0,27,18,21,23,10
20212,A,골목상권,3110357,가오리역 1번,725,611,114,0,25,36,171,340,153,0,4,18,146,310,133,0,21,18,25,30,20
20212,A,골목상권,3110340,인수중학교,176,99,77,0,24,55,50,29,18,0,8,43,31,7,10,0,16,12,19,22,8
20212,A,골목상권,3110341,북한산우이역 2번,496,411,85,0,15,25,80,258,118,0,4,10,52,237,108,0,11,15,28,21,10
20212,A,골목상권,3110390,방학초등학교,231,110,121,0,18,63,68,58,24,0,7,36,28,27,12,0,11,27,40,31,12
20212,A,골목상권,3110408,가인초등학교,355,105,250,0,66,70,100,85,34,0,12,24,32,21,16,0,54,46,68,64,18
20212,A,골목상권,3110433,공릉역 2번,401,137,264,1,30,41,46,46,237,1,17,30,25,18,46,0,13,11,21,28,191
20212,R,전통시장,3130157,상계중앙시장,68,35,33,0,14,17,13,15,9,0,8,13,6,6,2,0,6,4,7,9,7
20212,A,골목상권,3110423,석계역 2번,280,104,176,0,27,29,65,73,86,0,9,15,31,29,20,0,18,14,34,44,66
20212,D,발달상권,3120090,연신내역,796,297,499,5,187,160,183,154,107,1,65,66,64,53,48,4,122,94,119,101,59
20212,A,골목상권,3110462,갈현건영아파트,335,216,119,1,40,61,100,72,61,1,23,36,61,48,47,0,17,25,39,24,14
20212,R,전통시장,3130170,제일시장,58,26,32,1,7,9,13,19,9,1,2,2,5,11,5,0,5,7,8,8,4
20212,A,골목상권,3110481,불광역 7번,199,89,110,0,13,44,41,60,41,0,2,23,11,25,28,0,11,21,30,35,13
20212,A,골목상권,3110443,수색역 1번,20,12,8,0,1,2,7,6,4,0,0,2,2,4,4,0,1,0,5,2,0
20212,A,골목상권,3110459,응암역 2번,547,198,349,1,50,105,159,154,78,0,9,38,77,41,33,1,41,67,82,113,45
20212,A,골목상권,3110468,응암역 3번,1202,526,676,2,142,266,324,272,196,0,45,119,142,116,104,2,97,147,182,156,92
20212,A,골목상권,3110478,응암1동주민센터,355,220,135,2,26,37,56,56,178,2,16,23,28,32,119,0,10,14,28,24,59
20212,A,골목상권,3110463,응암3동주민센터,123,54,69,0,7,23,36,26,31,0,3,6,14,11,20,0,4,17,22,15,11
20212,R,전통시장,3130161,증산종합시장,8,5,3,0,0,1,2,2,3,0,0,0,1,2,2,0,0,1,1,0,1
20212,A,골목상권,3110507,명지대학교,1537,1156,381,29,392,636,318,129,33,26,257,481,282,83,27,3,135,155,36,46,6
20212,A,골목상권,3110495,북가좌2동주민센터,501,372,129,0,28,67,125,185,96,0,11,45,88,152,76,0,17,22,37,33,20
20212,R,전통시장,3130179,"이화여대 3,5,7길 상점가",147,65,82,3,34,15,41,31,23,1,12,3,14,17,18,2,22,12,27,14,5
20212,A,골목상권,3110528,서울여자간호대학교,324,160,164,0,11,25,38,72,178,0,10,14,20,24,92,0,1,11,18,48,86
20212,A,골목상권,3110580,양원초등학교,78,20,58,0,3,6,16,25,28,0,0,1,3,11,5,0,3,5,13,14,23
20212,A,골목상권,3110568,광흥창역 1번,67,32,35,0,12,21,14,15,5,0,4,10,6,9,3,0,8,11,8,6,2
20212,A,골목상권,3110545,마포구청역 1번,789,460,329,1,64,151,210,235,128,1,24,92,106,146,91,0,40,59,104,89,37
20212,A,골목상권,3110584,아현역 4번,49,13,36,0,4,7,14,13,11,0,0,0,2,5,6,0,4,7,12,8,5
20212,A,골목상권,3110556,절두산순교성지,176,112,64,3,17,42,58,39,17,3,8,27,39,24,11,0,9,15,19,15,6
20212,A,골목상권,3110622,달마을공원,458,261,197,0,58,90,102,138,70,0,26,47,63,65,60,0,32,43,39,73,10
20212,A,골목상권,3110601,신월1동우편취급국,1200,814,386,3,116,180,274,437,190,1,61,115,183,309,145,2,55,65,91,128,45
20212,A,골목상권,3110598,신월문화체육센터,381,174,207,0,16,50,101,131,83,0,4,22,40,60,48,0,12,28,61,71,35
20212,D,발달상권,3120109,서울남부지방법원,608,342,266,2,56,104,110,170,166,1,18,40,50,104,129,1,38,64,60,66,37
20212,A,골목상권,3110609,신정네거리역 2번,1377,1358,19,0,14,15,52,171,1125,0,10,11,45,168,1124,0,4,4,7,3,1
20212,A,골목상권,3110652,양천향교역 2번,643,483,160,0,70,131,146,169,127,0,32,102,104,139,106,0,38,29,42,30,21
20212,A,골목상권,3110675,화곡4동주민센터,235,161,74,0,13,45,60,59,58,0,6,28,34,46,47,0,7,17,26,13,11
20212,A,골목상권,3110672,백석중학교,168,91,77,1,26,41,35,49,16,1,19,23,14,23,11,0,7,18,21,26,5
20212,A,골목상권,3110660,등촌3동주민센터,4614,2039,2575,10,469,707,766,1291,1371,5,197,427,424,447,539,5,272,280,342,844,832
20212,A,골목상권,3110645,우장산역 4번,782,381,401,0,63,120,238,219,142,0,32,60,86,88,115,0,31,60,152,131,27
20212,R,전통시장,3130213,방신전통시장,112,77,35,0,13,20,25,29,25,0,10,18,14,14,21,0,3,2,11,15,4
20212,A,골목상권,3110630,공항시장역 1번,1472,1008,464,0,157,294,298,328,395,0,67,180,202,240,319,0,90,114,96,88,76
20212,R,전통시장,3130212,공항시장,8,6,2,0,1,0,3,2,2,0,1,0,3,0,2,0,0,0,0,2,0
20212,A,골목상권,3110640,방화역 1번,1019,638,381,3,139,292,240,195,150,3,62,119,167,158,129,0,77,173,73,37,21
20212,A,골목상권,3110655,발산역 5번,589,356,233,0,97,156,148,113,75,0,29,94,98,77,58,0,68,62,50,36,17
20212,D,발달상권,3120126,디지털단지오거리,135,86,49,0,11,30,48,26,20,0,2,16,38,15,15,0,9,14,10,11,5
20212,A,골목상권,3110692,큰굴다리,233,148,85,0,12,52,54,66,49,0,7,19,35,49,38,0,5,33,19,17,11
20212,A,골목상권,3110695,개봉1동주민센터,537,312,225,1,56,150,140,121,69,1,31,97,72,64,47,0,25,53,68,57,22
20212,R,전통시장,3130226,고척프라자,2,2,0,0,1,1,0,0,0,0,1,1,0,0,0,0,0,0,0,0,0
20212,A,골목상권,3110714,구로4동주민센터,261,149,112,0,32,43,54,76,56,0,7,18,31,50,43,0,25,25,23,26,13
20212,A,골목상권,3110708,화원어린이공원,71,33,38,0,10,12,15,24,10,0,3,4,7,10,9,0,7,8,8,14,1
20212,A,골목상권,3110715,구로구민회관,84,59,25,0,12,13,29,23,7,0,5,10,19,19,6,0,7,3,10,4,1
20212,A,골목상권,3110713,구로보건소,2668,1817,851,5,474,650,706,533,300,3,323,472,514,332,173,2,151,178,192,201,127
20212,A,골목상권,3110718,한국SGI본부,1614,1061,553,3,308,462,397,336,108,3,167,313,292,220,66,0,141,149,105,116,42
20212,A,골목상권,3110707,구로창업지원센터,1045,760,285,4,141,266,246,253,135,3,78,195,185,186,113,1,63,71,61,67,22
20212,D,발달상권,3120123,오류동역,2120,1645,475,1,313,413,505,594,294,0,276,331,389,425,224,1,37,82,116,169,70
20212,A,골목상권,3110726,금천철쭉어린이공원(금하마을),222,172,50,0,19,25,41,62,75,0,17,16,22,45,72,0,2,9,19,17,3
20212,A,골목상권,3110727,독산역 1번 출입구,659,514,145,4,72,152,169,191,71,4,48,118,128,165,51,0,24,34,41,26,20
20212,A,골목상권,3110738,문성초등학교,249,125,124,0,17,27,65,90,50,0,12,14,34,40,25,0,5,13,31,50,25
20212,A,골목상권,3110744,독산동성당,486,292,194,0,31,86,125,152,92,0,22,53,69,89,59,0,9,33,56,63,33
20212,R,전통시장,3130232,독산동 맛나는거리상점가(독산동 맛나는거리),33,24,9,0,3,12,5,10,3,0,2,9,4,6,3,0,1,3,1,4,0
20212,D,발달상권,3120133,서울시흥동우체국(홈플러스시흥점),154,66,88,1,16,23,31,43,40,1,7,11,15,12,20,0,9,12,16,31,20
20212,A,골목상권,3110734,금천파출소,92,47,45,0,7,11,21,29,24,0,3,5,14,13,12,0,4,6,7,16,12
20212,R,전통시장,3130236,비단길현대시장(현대시장),139,42,97,0,13,23,49,40,14,0,4,3,12,17,6,0,9,20,37,23,8
20212,A,골목상권,3110747,석수역 1번 출입구,813,612,201,0,46,81,166,224,296,0,27,52,102,165,266,0,19,29,64,59,30
20212,A,골목상권,3110754,삼성산자연공원(서울금천초등학교),202,76,126,1,21,41,48,41,50,0,6,18,29,10,13,1,15,23,19,31,37
20212,D,발달상권,3120138,당산2동(영등포우체국),2754,1653,1101,23,745,579,479,488,440,15,395,347,312,309,275,8,350,232,167,179,165
20212,A,골목상권,3110781,대림한신아파트,182,112,70,0,23,29,51,38,41,0,8,16,34,23,31,0,15,13,17,15,10
20212,A,골목상권,3110776,도신초등학교,168,106,62,0,12,20,48,63,25,0,11,10,35,34,16,0,1,10,13,29,9
20212,A,골목상권,3110792,영등포역 2번,3343,1737,1606,28,554,856,830,851,224,11,223,385,459,526,133,17,331,471,371,325,91
20212,D,발달상권,3120137,문래역(문래로데오거리),50,21,29,2,11,8,13,12,4,0,4,1,7,7,2,2,7,7,6,5,2
20212,A,골목상권,3110812,신길6동주민센터,363,245,118,0,69,115,106,50,23,0,34,78,85,29,19,0,35,37,21,21,4
20212,A,골목상권,3110798,신풍역 2번,53,20,33,0,2,13,14,13,11,0,0,3,3,6,8,0,2,10,11,7,3
20212,A,골목상권,3110811,보라매역 4번,187,94,93,0,22,41,49,52,23,0,8,22,18,27,19,0,14,19,31,25,4
20212,A,골목상권,3110756,문래중학교,275,179,96,0,48,79,78,35,35,0,21,58,52,21,27,0,27,21,26,14,8
20212,R,전통시장,3130257,영등포시장기계공구상가,158,116,42,0,11,26,33,47,41,0,7,16,22,37,34,0,4,10,11,10,7
20212,A,골목상권,3110800,영등포동성당,227,153,74,0,26,34,61,66,40,0,13,22,37,46,35,0,13,12,24,20,5
20212,A,골목상권,3110806,서울시립영등포장애인복지관,76,42,34,0,18,30,13,13,2,0,5,16,9,11,1,0,13,14,4,2,1
20212,A,골목상권,3110820,성남고등학교,3101,2470,631,1,651,742,555,991,161,0,438,581,448,879,124,1,213,161,107,112,37
20212,D,발달상권,3120156,"총신대입구역(이수, 총신대)",3366,1461,1905,14,640,802,748,644,518,7,213,337,380,258,266,7,427,465,368,386,252
20212,A,골목상권,3110839,숭실대입구역 4번,187,67,120,0,10,51,57,46,23,0,2,14,22,11,18,0,8,37,35,35,5
20212,A,골목상권,3110833,상도역 2번,255,163,92,2,20,61,74,74,24,0,17,49,47,34,16,2,3,12,27,40,8
20212,A,골목상권,3110819,신대방역 4번,456,226,230,0,62,93,114,73,114,0,14,33,50,48,81,0,48,60,64,25,33
20212,A,골목상권,3110876,서원동주민센터(신관중학교),49,29,20,0,5,9,16,9,10,0,2,4,10,4,9,0,3,5,6,5,1
20212,R,전통시장,3130284,관악종합시장(신원시장),17,10,7,0,0,1,3,10,3,0,0,1,1,6,2,0,0,0,2,4,1
20212,A,골목상권,3110889,봉천역 6번,376,317,59,0,29,36,69,136,106,0,18,20,47,130,102,0,11,16,22,6,4
20212,A,골목상권,3110901,인헌고등학교(인헌중학교),245,143,102,3,39,58,73,51,21,3,21,35,38,30,16,0,18,23,35,21,5
20212,R,전통시장,3130275,강남골목시장,164,121,43,0,17,38,46,34,29,0,15,32,30,23,21,0,2,6,16,11,8
20212,D,발달상권,3120185,논현역,12723,7377,5346,29,2723,4108,3218,1875,770,10,1037,2421,2225,1194,490,19,1686,1687,993,681,280
20212,A,골목상권,3110908,구반포역,1517,376,1141,0,66,110,396,804,141,0,42,53,71,141,69,0,24,57,325,663,72
20212,A,골목상권,3110916,내방역 4번,1152,592,560,9,216,272,301,208,146,6,58,167,187,91,83,3,158,105,114,117,63
20212,A,골목상권,3110914,내방역 6번,146,116,30,0,26,31,37,26,26,0,17,26,26,24,23,0,9,5,11,2,3
20212,A,골목상권,3110919,내방역 8번,1289,936,353,3,122,279,365,332,188,1,51,165,297,279,143,2,71,114,68,53,45
20212,D,발달상권,3120179,양재역,20226,15999,4227,55,2836,6941,4949,3795,1650,32,1949,5811,4124,2895,1188,23,887,1130,825,900,462
20212,A,골목상권,3110981,국악고교사거리,361,216,145,2,57,77,110,81,34,0,27,36,72,56,25,2,30,41,38,25,9
20212,D,발달상권,3120191,학동역,13888,8123,5765,40,2898,3769,2969,1869,2343,17,1128,2152,2012,1134,1680,23,1770,1617,957,735,663
20212,A,골목상권,3110952,논현목련공원,117,65,52,0,21,23,27,22,24,0,9,13,13,14,16,0,12,10,14,8,8
20212,A,골목상권,3110953,학동근린공원,2487,1583,904,15,679,891,571,218,113,0,336,572,409,180,86,15,343,319,162,38,27
20212,A,골목상권,3110968,강남구청역 2번,1023,596,427,7,327,204,133,121,231,4,177,117,81,68,149,3,150,87,52,53,82
20212,D,발달상권,3120203,강남구청역,7726,4602,3124,27,1589,2070,1890,1381,769,8,650,1218,1293,882,551,19,939,852,597,499,218
20212,A,골목상권,3110966,논현2동주민센터,1634,1016,618,18,470,498,299,216,133,7,256,298,200,146,109,11,214,200,99,70,24
20212,A,골목상권,3110996,대치2동주민센터,1940,1218,722,2,81,274,345,337,901,0,47,206,276,245,444,2,34,68,69,92,457
20212,A,골목상권,3110982,강남구보훈회관,166,74,92,0,31,34,41,41,19,0,7,13,25,14,15,0,24,21,16,27,4
20212,A,골목상권,3111002,한국교통안전공단 강남자동차검사소,317,115,202,0,22,63,65,96,71,0,7,31,21,26,30,0,15,32,44,70,41
20212,A,골목상권,3110973,강남구청역 4번,1448,784,664,4,275,332,289,269,279,1,146,203,162,128,144,3,129,129,127,141,135
20212,A,골목상권,3110987,영동대교남단,410,201,209,1,80,64,74,101,90,1,40,36,31,40,53,0,40,28,43,61,37
20212,A,골목상권,3111022,석촌중학교(방이육교),686,344,342,1,59,145,176,222,83,0,37,95,98,70,44,1,22,50,78,152,39
20212,A,골목상권,3111041,거여역 8번,411,336,75,1,102,118,81,62,47,1,84,93,67,50,41,0,18,25,14,12,6
20212,D,발달상권,3120236,장지역(가든파이브),4622,3221,1401,15,678,1056,1076,989,808,10,373,711,778,710,639,5,305,345,298,279,169
20212,A,골목상권,3111014,송파나루역 2번,521,273,248,1,42,75,119,190,94,0,21,42,67,83,60,1,21,33,52,107,34
20212,A,골목상권,3111031,장지동주민센터(한림연예예술고교),3127,2317,810,8,263,415,651,857,933,2,170,330,497,648,670,6,93,85,154,209,263
20212,R,전통시장,3130314,풍납시장,203,100,103,1,24,42,50,61,25,1,15,27,22,19,16,0,9,15,28,42,9
20212,D,발달상권,3120242,강동구청역,4533,2940,1593,33,536,1064,1057,894,949,13,287,678,696,560,706,20,249,386,361,334,243
20212,A,골목상권,3111084,길동신동아아파트,169,104,65,2,27,32,37,58,13,2,21,23,24,25,9,0,6,9,13,33,4
20212,A,골목상권,3111073,둔촌동역 1번(한산중학교),973,578,395,1,134,224,250,206,158,1,58,122,160,124,113,0,76,102,90,82,45
20212,D,발달상권,3120248,명일역,859,331,528,4,114,141,223,203,174,2,41,59,84,68,77,2,73,82,139,135,97
20212,D,발달상권,3120249,고덕역,1359,916,443,3,172,305,337,317,225,1,75,198,249,221,172,2,97,107,88,96,53
20212,R,전통시장,3130319,성내전통시장,47,31,16,0,3,8,14,10,12,0,3,4,9,7,8,0,0,4,5,3,4
20212,A,골목상권,3111072,굽은다리역 1번(십자성마을),747,473,274,1,59,119,201,187,180,0,20,70,116,127,140,1,39,49,85,60,40
20212,R,전통시장,3130322,고분다리전통시장,7,4,3,0,0,0,2,4,1,0,0,0,1,2,1,0,0,0,1,2,0
20212,A,골목상권,3110017,정독도서관,650,322,328,0,133,273,152,58,34,0,26,130,93,43,30,0,107,143,59,15,4
20212,D,발달상권,3120001,서대문역,1510,1022,488,1,265,530,359,278,77,1,106,344,272,237,62,0,159,186,87,41,15
20212,A,골목상권,3110004,대신고등학교,32,14,18,0,3,4,8,14,3,0,1,0,3,8,2,0,2,4,5,6,1
20212,A,골목상권,3110002,독립문역 1번,475,121,354,1,146,140,118,44,26,1,25,25,41,14,15,0,121,115,77,30,11
20212,D,발달상권,3120062,신설동역,12648,5435,7213,13,1214,2604,3451,3483,1883,2,444,1433,1624,1125,807,11,770,1171,1827,2358,1076
20212,A,골목상권,3110025,충신시장옆,213,129,84,2,17,46,63,56,29,0,6,23,43,33,24,2,11,23,20,23,5
20212,D,발달상권,3120011,종로4가,2984,1666,1318,5,420,1022,880,515,142,0,165,497,518,378,108,5,255,525,362,137,34
20212,D,발달상권,3120008,인사동,22070,13019,9051,1263,7895,5069,3940,2756,1147,589,4005,3077,2666,2006,676,674,3890,1992,1274,750,471
20212,R,전통시장,3130012,"동대문종합시장(동대문종합시장 신관, 동대문종합시장D동상가)",1319,965,354,2,156,325,348,339,149,0,116,251,238,247,113,2,40,74,110,92,36
20212,A,골목상권,3110026,종로5가역 4번,190,120,70,0,22,41,73,27,27,0,9,28,47,14,22,0,13,13,26,13,5
20212,R,전통시장,3130014,동문시장,17,8,9,0,0,6,4,4,3,0,0,2,1,3,2,0,0,4,3,1,1
20212,R,전통시장,3130015,창신골목시장,22,12,10,0,0,2,8,9,3,0,0,2,6,2,2,0,0,0,2,7,1
20212,A,골목상권,3110031,창신역 1번,72,57,15,0,11,17,12,21,11,0,8,11,11,17,10,0,3,6,1,4,1
20212,A,골목상권,3110016,평창동동측,2303,1051,1252,9,318,614,663,433,266,4,126,304,354,163,100,5,192,310,309,270,166
20212,A,골목상권,3110020,서울국제고등학교,593,291,302,1,141,279,101,49,22,1,41,139,70,26,14,0,100,140,31,23,8
20212,A,골목상권,3110048,장충동주민센터,5315,2706,2609,21,867,1339,1513,1367,208,5,338,768,756,707,132,16,529,571,757,660,76
20212,A,골목상권,3110046,버티고개,104,74,30,0,6,23,40,28,7,0,3,17,28,20,6,0,3,6,12,8,1
20212,A,골목상권,3110047,다산성곽길,160,89,71,0,36,43,36,27,18,0,23,29,21,7,9,0,13,14,15,20,9
20212,R,전통시장,3130051,동화동 골목형상점가,391,156,235,1,82,94,98,66,50,1,18,25,43,36,33,0,64,69,55,30,17
20212,R,전통시장,3130053,백학시장,160,69,91,0,22,24,46,37,31,0,8,8,20,15,18,0,14,16,26,22,13
20212,A,골목상권,3110110,상왕십리역 6번,87,54,33,1,12,16,24,18,16,1,7,11,13,10,12,0,5,5,11,8,4
20212,R,전통시장,3130042,약수시장,158,67,91,2,36,30,40,21,29,2,9,9,19,8,20,0,27,21,21,13,9
20212,A,골목상권,3110591,충정로역 6번,87,48,39,0,15,19,21,28,4,0,9,9,11,16,3,0,6,10,10,12,1
20212,R,전통시장,3130062,보광시장,39,16,23,0,1,7,11,15,5,0,0,3,4,6,3,0,1,4,7,9,2
20212,A,골목상권,3110086,이태원역 북측,9244,3609,5635,12,3187,3891,1654,428,72,3,733,1558,905,355,55,9,2454,2333,749,73,17
20212,A,골목상권,3110085,경리단길남측,532,260,272,4,98,163,148,67,52,2,40,59,78,41,40,2,58,104,70,26,12
20212,A,골목상권,3110066,서울역 15번,748,467,281,6,152,227,156,125,82,3,81,151,104,66,62,3,71,76,52,59,20
20212,A,골목상권,3110105,금동어린이공원,38,17,21,0,1,7,11,10,9,0,0,2,3,6,6,0,1,5,8,4,3
20212,A,골목상권,3110116,청계천박물관,4825,3644,1181,29,323,769,1077,1762,865,26,206,565,875,1315,657,3,117,204,202,447,208
20212,A,골목상권,3110128,성원중학교,911,573,338,1,98,165,255,266,126,1,53,94,157,170,98,0,45,71,98,96,28
20212,A,골목상권,3110120,서울숲카페거리,79,49,30,0,8,12,35,18,6,0,3,8,23,10,5,0,5,4,12,8,1
20212,A,골목상권,3110124,뚝섬역교차로,1253,1006,247,7,170,155,222,312,387,6,94,111,169,268,358,1,76,44,53,44,29
20212,A,골목상권,3110129,성원어린이공원,640,405,235,1,65,118,131,180,145,0,35,70,86,107,107,1,30,48,45,73,38
20212,A,골목상권,3110132,성수2가3동주민센터,786,521,265,0,97,182,220,197,90,0,67,133,145,108,68,0,30,49,75,89,22
20212,A,골목상권,3110111,대현산장미원,51,40,11,0,6,7,6,17,15,0,6,4,4,13,13,0,0,3,2,4,2
20212,A,골목상권,3110166,구의1동주민센터,552,292,260,1,70,121,177,115,68,1,20,59,99,60,53,0,50,62,78,55,15
20212,A,골목상권,3110160,광진경찰서,819,680,139,0,149,322,180,157,11,0,110,261,150,149,10,0,39,61,30,8,1
20212,D,발달상권,3120054,어린이대공원역,1196,805,391,0,61,141,304,441,249,0,17,79,201,322,186,0,44,62,103,119,63
20212,A,골목상권,3110145,장안초등학교,7,4,3,0,0,1,2,3,1,0,0,0,1,3,0,0,0,1,1,0,1
20212,D,발달상권,3120055,군자역,4255,2030,2225,33,1138,780,911,991,402,23,548,430,436,330,263,10,590,350,475,661,139
20212,A,골목상권,3110164,아차산역 5번,731,494,237,3,111,126,143,164,184,0,61,77,101,112,143,3,50,49,42,52,41
20212,R,전통시장,3130076,능동로골목시장,93,70,23,0,2,11,16,17,47,0,1,4,14,11,40,0,1,7,2,6,7
20212,A,골목상권,3110158,중곡3동주민센터,715,518,197,1,113,210,184,138,69,0,73,168,123,104,50,1,40,42,61,34,19
20212,R,전통시장,3130100,답십리시장,93,40,53,2,19,25,23,11,13,2,4,9,11,6,8,0,15,16,12,5,5
20212,A,골목상권,3110227,답십리공원,229,93,136,0,16,30,77,84,22,0,13,16,27,23,14,0,3,14,50,61,8
20212,A,골목상권,3110181,신설동역 9번,1864,1212,652,12,209,232,286,440,685,12,150,162,188,282,418,0,59,70,98,158,267
20212,A,골목상권,3110192,동의보감타워,70,45,25,0,7,10,25,16,12,0,2,6,17,10,10,0,5,4,8,6,2
20212,R,전통시장,3130085,용두시장,4,2,2,0,0,0,1,2,1,0,0,0,0,1,1,0,0,0,1,1,0
20212,A,골목상권,3110182,용두희망어린이공원,370,249,121,0,38,71,108,87,66,0,20,47,67,64,51,0,18,24,41,23,15
20212,A,골목상권,3110223,군자초등학교,94,56,38,0,13,17,26,24,14,0,4,10,17,15,10,0,9,7,9,9,4
20212,A,골목상권,3110191,고려대역 6번,48,41,7,0,1,12,14,9,12,0,1,10,11,8,11,0,0,2,3,1,1
20212,A,골목상권,3110193,고려대역 4번,48,37,11,0,5,11,11,10,11,0,3,5,10,10,9,0,2,6,1,0,2
20212,A,골목상권,3110208,시조사삼거리,75,56,19,0,2,14,7,17,35,0,1,7,2,11,35,0,1,7,5,6,0
20212,R,전통시장,3130103,이경시장,16,8,8,0,0,1,2,2,11,0,0,1,1,1,5,0,0,0,1,1,6
20212,A,골목상권,3110270,혜원여고,168,148,20,0,4,5,7,70,82,0,4,3,6,59,76,0,0,2,1,11,6
20212,A,골목상권,3110274,서일대학교,523,360,163,0,46,59,135,146,137,0,8,37,89,115,111,0,38,22,46,31,26
20212,A,골목상권,3110277,러스크서울병원,145,78,67,0,12,30,29,43,31,0,4,13,16,23,22,0,8,17,13,20,9
20212,D,발달상권,3120068,사가정역,145,45,100,3,38,31,25,22,26,0,1,5,12,12,15,3,37,26,13,10,11
20212,A,골목상권,3110253,중곡초등학교,181,106,75,0,31,31,44,49,26,0,10,17,23,35,21,0,21,14,21,14,5
20212,A,골목상권,3110249,중화역 1번,764,479,285,0,68,129,205,203,159,0,31,61,105,139,143,0,37,68,100,64,16
20212,A,골목상권,3110250,화랑대역 7번,111,69,42,0,7,20,32,34,18,0,5,12,15,23,14,0,2,8,17,11,4
20212,R,전통시장,3130116,동성타워프라자,31,22,9,0,2,9,7,8,5,0,2,4,4,7,5,0,0,5,3,1,0
20212,A,골목상권,3110235,세화어린이공원,17,12,5,0,6,3,1,5,2,0,5,1,1,3,2,0,1,2,0,2,0
20212,A,골목상권,3110306,미아초등학교,317,218,99,2,13,50,81,77,94,0,3,29,53,50,83,2,10,21,28,27,11
20212,A,골목상권,3110304,보문역 4번,248,146,102,0,40,77,61,48,22,0,10,46,35,37,18,0,30,31,26,11,4
20212,A,골목상권,3110291,한성대입구역 3번,342,172,170,2,27,49,94,91,79,0,14,24,49,51,34,2,13,25,45,40,45
20212,A,골목상권,3110336,석관고등학교,94,84,10,0,3,17,16,37,21,0,3,15,13,34,19,0,0,2,3,3,2
20212,A,골목상권,3110335,석계역 7번,249,172,77,1,19,32,66,64,67,0,13,18,34,45,62,1,6,14,32,19,5
20212,A,골목상권,3110327,상월곡역 2번,118,60,58,0,8,17,42,31,20,0,3,8,24,14,11,0,5,9,18,17,9
20212,A,골목상권,3110330,돌곶이역 1번,220,172,48,0,12,18,33,31,126,0,4,12,20,23,113,0,8,6,13,8,13
20212,A,골목상권,3110332,돌곶이역 3번,164,63,101,0,28,29,42,47,18,0,6,18,19,14,6,0,22,11,23,33,12
20212,A,골목상권,3110347,구세군강북종합사회복지관,38,17,21,0,10,7,5,9,7,0,1,5,1,5,5,0,9,2,4,4,2
20212,R,전통시장,3130137,"수유전통시장(수유시장, 수유골목시장)",86,29,57,0,5,10,18,25,28,0,0,3,8,7,11,0,5,7,10,18,17
20212,A,골목상권,3110344,화계중학교,12,10,2,0,7,1,1,2,1,0,5,1,1,2,1,0,2,0,0,0,0
20212,A,골목상권,3110353,수유동우체국,187,91,96,0,4,18,48,60,57,0,1,12,33,27,18,0,3,6,15,33,39
20212,A,골목상권,3110337,아카데미하우스,512,368,144,6,70,69,94,159,114,6,43,58,60,98,103,0,27,11,34,61,11
20212,A,골목상권,3110397,도봉산입구,469,257,212,0,31,56,101,131,150,0,6,34,39,73,105,0,25,22,62,58,45
20212,A,골목상권,3110406,도봉산역 1번,634,573,61,0,10,29,139,292,164,0,3,17,126,276,151,0,7,12,13,16,13
20212,A,골목상권,3110387,쌍문초등학교,307,169,138,0,37,47,91,75,57,0,13,24,49,39,44,0,24,23,42,36,13
20212,A,골목상권,3110389,한일병원,209,120,89,0,23,37,57,53,39,0,10,19,35,30,26,0,13,18,22,23,13
20212,D,발달상권,3120079,창동역,1326,796,530,0,151,232,320,304,319,0,54,108,172,195,267,0,97,124,148,109,52
20212,A,골목상권,3110435,서울과학기술대,73,40,33,0,5,12,18,25,13,0,3,4,8,14,11,0,2,8,10,11,2
20212,A,골목상권,3110415,수락산역 4번,635,386,249,5,82,110,155,174,109,5,46,71,85,110,69,0,36,39,70,64,40
20212,A,골목상권,3110436,상계제일중학교,93,60,33,0,15,21,33,20,4,0,5,13,23,15,4,0,10,8,10,5,0
20212,A,골목상권,3110432,대진고등학교,894,734,160,0,55,146,248,343,102,0,27,96,214,311,86,0,28,50,34,32,16
20212,A,골목상권,3110483,연천초등학교,119,74,45,0,11,16,34,17,41,0,3,9,26,10,26,0,8,7,8,7,15
20212,A,골목상권,3110491,불광중학교,43,14,29,0,3,5,13,9,13,0,1,1,5,3,4,0,2,4,8,6,9
20212,D,발달상권,3120087,응암역,425,258,167,0,45,82,110,105,83,0,17,49,75,59,58,0,28,33,35,46,25
20212,A,골목상권,3110452,새절역 3번,373,317,56,1,10,36,63,123,140,1,7,25,47,107,130,0,3,11,16,16,10
20212,A,골목상권,3110471,응암동우체국,263,117,146,0,34,61,73,70,25,0,11,21,28,35,22,0,23,40,45,35,3
20212,A,골목상권,3110469,응암정보도서관,344,188,156,1,38,58,104,104,39,0,11,29,61,57,30,1,27,29,43,47,9
20212,R,전통시장,3130172,모래내시장(서중시장),19,8,11,0,1,4,5,6,3,0,0,1,2,4,1,0,1,3,3,2,2
20212,A,골목상권,3110497,가좌역 3번,325,253,72,0,17,43,89,123,53,0,3,17,75,115,43,0,14,26,14,8,10
20212,A,골목상권,3110500,남가좌동현대아파트,74,54,20,0,12,13,23,22,4,0,8,9,17,17,3,0,4,4,6,5,1
20212,A,골목상권,3110494,증산3교남측,31,24,7,0,1,8,7,9,6,0,0,7,5,7,5,0,1,1,2,2,1
20212,A,골목상권,3110530,아현역 1번,36,20,16,0,5,5,7,15,4,0,2,5,4,6,3,0,3,0,3,9,1
20212,A,골목상권,3110509,연희대우아파트앞,391,210,181,0,39,105,101,88,58,0,13,52,51,53,41,0,26,53,50,35,17
20212,A,골목상권,3110524,연희세브란스병원,51,23,28,0,10,13,15,8,5,0,5,6,6,3,3,0,5,7,9,5,2
20212,A,골목상권,3110501,연희어린이공원,214,82,132,0,12,33,40,75,54,0,3,20,15,18,26,0,9,13,25,57,28
20212,R,전통시장,3130182,영천시장,78,35,43,0,13,8,24,22,11,0,3,4,10,12,6,0,10,4,14,10,5
20212,A,골목상권,3110539,미근동,2792,1821,971,13,225,688,889,822,155,9,167,550,547,424,124,4,58,138,342,398,31
20212,A,골목상권,3110519,서대문구보건소별관,341,156,185,0,42,73,79,94,53,0,14,33,44,37,28,0,28,40,35,57,25
20212,R,전통시장,3130197,마포시장,15,5,10,0,0,1,5,4,5,0,0,1,0,2,2,0,0,0,5,2,3
20212,A,골목상권,3110576,대흥역 3번,1605,1112,493,71,503,480,308,163,80,27,310,365,253,111,46,44,193,115,55,52,34
20212,A,골목상권,3110573,신촌역 6번,28,10,18,0,7,3,6,6,6,0,2,0,3,1,4,0,5,3,3,5,2
20212,A,골목상권,3110563,상수역 3번,309,246,63,11,75,122,61,17,23,9,60,95,50,13,19,2,15,27,11,4,4
20212,D,발달상권,3120105,상수역(홍대),524,273,251,4,126,153,122,71,48,2,51,74,70,42,34,2,75,79,52,29,14
20212,D,발달상권,3120101,합정역,1932,1048,884,2,302,520,515,399,194,2,89,236,312,266,143,0,213,284,203,133,51
20212,R,전통시장,3130189,서교시장,24,10,14,0,2,1,7,6,8,0,0,1,2,3,4,0,2,0,5,3,4
20212,D,발달상권,3120104,연남동(홍대),5955,3176,2779,20,1117,1491,1289,1103,935,12,428,824,772,620,520,8,689,667,517,483,415
20212,A,골목상권,3110564,홍대입구역 3번,471,211,260,0,54,125,161,78,53,0,19,47,103,22,20,0,35,78,58,56,33
20212,A,골목상권,3110621,목동역 5번,163,78,85,0,19,44,33,45,22,0,1,21,19,23,14,0,18,23,14,22,8
20212,R,전통시장,3130208,목동깨비시장(목3동시장),148,67,81,0,13,20,55,37,23,0,7,6,18,19,17,0,6,14,37,18,6
20212,R,전통시장,3130209,목사랑시장(목4동시장),113,62,51,0,7,15,23,43,25,0,2,13,10,20,17,0,5,2,13,23,8
20212,A,골목상권,3110592,서울금융고등학교,431,337,94,0,18,34,71,147,161,0,9,13,44,124,147,0,9,21,27,23,14
20212,A,골목상권,3110604,신월4동주민센터,635,526,109,0,13,50,120,232,220,0,6,29,87,191,213,0,7,21,33,41,7
20212,A,골목상권,3110595,메디힐병원,731,459,272,0,80,148,163,185,155,0,34,85,86,136,118,0,46,63,77,49,37
20212,A,골목상권,3110603,지향초등학교,187,104,83,0,12,54,55,38,28,0,5,28,33,19,19,0,7,26,22,19,9
20212,R,전통시장,3130207,신정1동 골목시장(신정제일시장),38,21,17,0,8,9,10,7,4,0,3,5,6,4,3,0,5,4,4,3,1
20212,A,골목상권,3110625,신정2동주민센터,726,454,272,2,98,196,215,155,60,0,51,124,146,94,39,2,47,72,69,61,21
20212,R,전통시장,3130211,신정2동 골목시장(오목교중앙시장),15,10,5,0,1,1,5,7,1,0,1,1,3,4,1,0,0,0,2,3,0
20212,A,골목상권,3110694,세곡초등학교,438,243,195,2,55,148,88,96,49,0,24,75,49,59,36,2,31,73,39,37,13
20212,A,골목상권,3110614,목동로데오거리,596,292,304,0,69,85,114,216,112,0,42,44,58,103,45,0,27,41,56,113,67
20212,D,발달상권,3120119,발산역(마곡),1427,686,741,2,184,339,416,350,136,1,54,148,211,174,98,1,130,191,205,176,38
20212,A,골목상권,3110643,강서구다솔마을,653,413,240,1,97,165,199,139,52,0,47,101,136,93,36,1,50,64,63,46,16
20212,A,골목상권,3110667,가양역 10번,177,126,51,0,33,32,56,36,20,0,21,20,38,29,18,0,12,12,18,7,2
20212,A,골목상권,3110639,신방화역 8번,534,376,158,1,76,67,89,155,146,1,18,26,52,140,139,0,58,41,37,15,7
20212,A,골목상권,3110641,공항고등학교,345,236,109,2,46,95,100,79,23,1,30,72,61,52,20,1,16,23,39,27,3
20212,A,골목상권,3110633,개화산역 1번,28,14,14,0,0,6,10,7,5,0,0,1,5,3,5,0,0,5,5,4,0
20212,A,골목상권,3110642,정곡초등학교,193,163,30,2,8,14,35,69,65,1,4,10,30,58,60,1,4,4,5,11,5
20212,A,골목상권,3110678,염창무학아파트,285,214,71,1,34,65,92,60,33,1,17,53,72,47,24,0,17,12,20,13,9
20212,A,골목상권,3110653,화곡역 2번,917,494,423,1,191,273,240,171,41,0,79,137,119,135,24,1,112,136,121,36,17
20212,R,전통시장,3130216,화곡중앙시장,75,32,43,0,4,11,21,22,17,0,2,2,9,8,11,0,2,9,12,14,6
20212,R,전통시장,3130215,대원종합시장,9,7,2,0,0,1,0,3,5,0,0,1,0,2,4,0,0,0,0,1,1
20212,A,골목상권,3110661,강서새말어린이공원,126,48,78,0,3,13,30,38,42,0,2,8,10,9,19,0,1,5,20,29,23
20212,A,골목상권,3110664,강서구청옆,111,48,63,0,14,10,31,43,13,0,11,7,10,9,11,0,3,3,21,34,2
20212,A,골목상권,3110663,우장산롯데캐슬아파트앞,279,217,62,0,6,19,48,106,100,0,3,13,26,82,93,0,3,6,22,24,7
20212,R,전통시장,3130219,까치산시장,114,35,79,0,16,17,35,29,17,0,4,6,8,9,8,0,12,11,27,20,9
20212,A,골목상권,3110710,남구로역 3번,606,370,236,3,83,96,105,121,198,3,46,63,63,68,127,0,37,33,42,53,71
20212,R,전통시장,3130223,고척근린시장,42,12,30,0,2,10,12,14,4,0,0,1,1,7,3,0,2,9,11,7,1
20212,R,전통시장,3130224,개봉프라자(고척근린시장),5,4,1,0,0,0,1,2,2,0,0,0,1,1,2,0,0,0,0,1,0
20212,D,발달상권,3120130,구로디지털단지역,1136,620,516,1,169,376,236,212,142,0,59,208,125,125,103,1,110,168,111,87,39
20212,A,골목상권,3110683,오류고등학교,75,46,29,0,12,15,23,18,7,0,9,8,14,8,7,0,3,7,9,10,0
20212,R,전통시장,3130222,오류시장,132,21,111,0,10,26,46,43,7,0,5,1,4,5,6,0,5,25,42,38,1
20212,A,골목상권,3110687,"천왕역 3번(오류2동주민센터, 서울오류남초등학교)",21,16,5,0,2,3,5,6,5,0,1,3,4,4,4,0,1,0,1,2,1
20212,D,발달상권,3120131,가산디지털단지,81127,53423,27704,289,16342,25688,20130,11589,7089,184,8639,17233,14526,7698,5143,105,7703,8455,5604,3891,1946
20212,A,골목상권,3110740,금천해태공원,646,280,366,1,135,134,136,170,70,1,47,54,56,71,51,0,88,80,80,99,19
20212,A,골목상권,3110733,금천어울림복지센터,374,293,81,3,34,89,74,90,84,3,22,67,59,66,76,0,12,22,15,24,8
20212,A,골목상권,3110739,시흥3동 우편취급국,99,77,22,0,4,22,30,27,16,0,1,16,26,21,13,0,3,6,4,6,3
20212,R,전통시장,3130246,영등포청과시장(조광시장),237,126,111,0,24,33,47,77,56,0,9,11,28,39,39,0,15,22,19,38,17
20212,D,발달상권,3120136,영등포구청역,6456,3190,3266,20,1167,1451,1361,1429,1028,12,562,814,730,580,492,8,605,637,631,849,536
20212,A,골목상권,3110794,영동초등학교,622,482,140,0,72,112,182,170,86,0,37,84,150,136,75,0,35,28,32,34,11
20212,A,골목상권,3110775,대동초등학교,59,28,31,0,4,13,20,14,8,0,1,6,6,9,6,0,3,7,14,5,2
20212,D,발달상권,3120140,문래동주민센터,6184,3312,2872,22,1447,1843,1639,925,308,11,558,994,994,525,230,11,889,849,645,400,78
20212,A,골목상권,3110814,서울지방병무청,673,364,309,1,51,117,155,236,113,1,23,79,97,104,60,0,28,38,58,132,53
20212,R,전통시장,3130259,대신시장,14,10,4,0,1,0,5,4,4,0,1,0,3,3,3,0,0,0,2,1,1
20212,A,골목상권,3110802,신길동홍어거리,336,159,177,1,59,113,86,61,16,0,18,45,44,40,12,1,41,68,42,21,4
20212,A,골목상권,3110791,신풍역 3번,25,17,8,0,1,5,9,9,1,0,0,2,6,8,1,0,1,3,3,1,0
20212,R,전통시장,3130241,선유도역 골목형상점가,500,253,247,0,95,93,123,136,53,0,39,49,66,67,32,0,56,44,57,69,21
20212,A,골목상권,3110773,당산역 13번,161,127,34,0,24,40,31,22,44,0,20,33,19,18,37,0,4,7,12,4,7
20212,D,발달상권,3120145,영등포역(영등포),3856,1817,2039,22,673,1021,921,702,517,0,202,441,486,388,300,22,471,580,435,314,217
20212,A,골목상권,3110796,한림대학교한강성심병원,87,52,35,1,7,19,26,19,15,0,4,11,17,9,11,1,3,8,9,10,4
20212,R,전통시장,3130267,본동인정시장(기능상실),59,41,18,0,6,10,12,15,16,0,4,7,9,8,13,0,2,3,3,7,3
20212,D,발달상권,3120153,노량진역(노량진),3600,1756,1844,10,508,1172,906,675,329,2,185,464,433,450,222,8,323,708,473,225,107
20212,D,발달상권,3120160,사당역(사당),9153,4750,4403,14,1560,2594,2716,1534,735,4,617,1307,1324,997,501,10,943,1287,1392,537,234
20212,R,전통시장,3130274,사당1동먹자골목상점가(사당1동먹자골목),389,218,171,4,91,100,81,63,50,3,45,64,37,35,34,1,46,36,44,28,16
20212,A,골목상권,3110849,이수역 10번,220,130,90,1,37,52,58,40,32,0,12,33,34,25,26,1,25,19,24,15,6
20212,A,골목상권,3110845,사당종합체육관,101,50,51,0,8,17,35,26,15,0,5,8,19,9,9,0,3,9,16,17,6
20212,A,골목상권,3110846,남성역 1번,535,290,245,1,66,120,146,135,67,0,25,59,78,74,54,1,41,61,68,61,13
20212,A,골목상권,3110838,상도1동주민센터앞,131,122,9,0,3,32,30,35,31,0,3,27,27,35,30,0,0,5,3,0,1
20212,A,골목상권,3110826,장승배기역 4번,366,149,217,2,20,37,57,103,147,1,8,22,28,38,52,1,12,15,29,65,95
20212,A,골목상권,3110842,흑리단길,53,22,31,0,10,9,10,16,8,0,4,3,5,5,5,0,6,6,5,11,3
20212,A,골목상권,3110895,샤로수길,1796,1222,574,3,307,721,360,233,172,2,170,534,234,152,130,1,137,187,126,81,42
20212,A,골목상권,3110862,난곡초등학교(난곡동벽화마을),84,41,43,0,4,13,14,34,19,0,2,6,11,15,7,0,2,7,3,19,12
20212,A,골목상권,3110881,구립대학경로당(관악산샘말공원),1580,1288,292,1,317,450,449,266,97,1,225,374,391,229,68,0,92,76,58,37,29
20212,A,골목상권,3110868,남부초등학교,232,126,106,0,20,29,45,49,89,0,11,23,22,28,42,0,9,6,23,21,47
20212,A,골목상권,3110884,봉천역 4번(봉천110안전센터),372,284,88,1,17,30,61,98,165,0,1,8,49,84,142,1,16,22,12,14,23
20212,R,전통시장,3130277,조원동 펭귄시장(신림중앙시장),98,56,42,1,15,26,31,19,6,1,8,18,16,9,4,0,7,8,15,10,2
20212,R,전통시장,3130293,봉천중앙시장,154,42,112,0,17,13,29,46,49,0,5,7,14,14,2,0,12,6,15,32,47
20212,R,전통시장,3130290,영림시장,417,183,234,0,74,101,107,92,43,0,14,49,43,44,33,0,60,52,64,48,10
20212,A,골목상권,3110945,본마을노인복지센터(서초구립내곡도서관),191,114,77,3,44,57,37,33,17,3,14,31,25,28,13,0,30,26,12,5,4
20212,D,발달상권,3120176,논현역 4번,893,566,327,1,130,216,195,168,183,1,67,126,129,106,137,0,63,90,66,62,46
20212,A,골목상권,3110904,이수역 5번,835,468,367,4,167,217,239,139,69,1,90,125,135,59,58,3,77,92,104,80,11
20212,A,골목상권,3110911,방배배수지체육공원,29,22,7,0,6,3,7,5,8,0,6,2,4,4,6,0,0,1,3,1,2
20212,A,골목상권,3110923,방배역 1번,210,153,57,0,34,56,55,41,24,0,21,38,42,34,18,0,13,18,13,7,6
20212,D,발달상권,3120173,교대역(법원.검찰청),18222,10456,7766,74,3270,5403,4730,3072,1673,29,1419,3004,2846,1897,1261,45,1851,2399,1884,1175,412
20212,D,발달상권,3120189,강남역,72613,38819,33794,234,17636,24305,18411,9151,2876,59,6629,13226,10962,5914,2029,175,11007,11079,7449,3237,847
20212,D,발달상권,3120171,서초3동사거리,11750,6206,5544,15,1990,3845,2551,1862,1487,6,827,1746,1496,1064,1067,9,1163,2099,1055,798,420
20212,A,골목상권,3110925,서초중학교,874,497,377,0,104,137,244,222,167,0,38,65,146,132,116,0,66,72,98,90,51
20212,D,발달상권,3120181,교육개발원입구사거리,7278,4440,2838,316,2978,1563,1247,730,444,145,1506,983,939,536,331,171,1472,580,308,194,113
20212,A,골목상권,3110939,양재역 8번(양재동우체국),5949,4099,1850,23,970,1420,1461,1174,901,15,499,989,1053,799,744,8,471,431,408,375,157
20212,D,발달상권,3120182,"양재시민의숲역(양재동꽃시장, aT센터)",6231,4311,1920,34,1059,1675,1508,1267,688,14,546,1157,1111,930,553,20,513,518,397,337,135
20212,R,전통시장,3130310,강남개포시장,298,173,125,0,29,56,71,82,60,0,8,23,42,56,44,0,21,33,29,26,16
20212,A,골목상권,3110957,언북중학교,1251,831,420,1,262,379,317,147,145,1,146,241,215,109,119,0,116,138,102,38,26
20212,D,발달상권,3120217,대치사거리,2779,1478,1301,11,552,771,700,452,293,10,220,379,381,264,224,1,332,392,319,188,69
20212,A,골목상권,3110989,대치동아우편취급국,444,270,174,9,90,148,75,68,54,0,43,102,43,44,38,9,47,46,32,24,16
20212,A,골목상권,3110965,언주역 6번,1139,788,351,1,174,379,378,142,65,1,104,276,284,74,49,0,70,103,94,68,16
20212,D,발달상권,3120206,개나리아파트,5243,3354,1889,87,1658,1413,1080,655,350,27,866,955,775,456,275,60,792,458,305,199,75
20212,A,골목상권,3110976,언북초등학교,578,332,246,1,111,188,126,86,66,0,41,115,83,49,44,1,70,73,43,37,22
20212,A,골목상권,3111036,투구봉어린이공원,209,119,90,1,22,40,55,62,29,1,7,20,26,39,26,0,15,20,29,23,3
20212,R,전통시장,3130315,문정동 로데오거리 상점가(문정동 로데오거리),1382,812,570,6,315,293,263,252,253,3,118,169,166,146,210,3,197,124,97,106,43
20212,D,발달상권,3120234,가락시장역,10280,6234,4046,11,1351,2492,2151,1680,2595,3,587,1469,1440,929,1806,8,764,1023,711,751,789
20212,R,전통시장,3130317,마천중앙시장,107,77,30,0,15,35,24,17,16,0,11,24,12,14,16,0,4,11,12,3,0
20212,R,전통시장,3130316,마천시장,18,9,9,0,3,3,2,10,0,0,2,2,2,3,0,0,1,1,0,7,0
20212,D,발달상권,3120229,방이동먹자골목,7319,4732,2587,12,1062,2182,1915,1302,846,5,588,1347,1338,913,541,7,474,835,577,389,305
20212,D,발달상권,3120233,몽촌토성역,10419,5740,4679,28,1795,2730,2265,2158,1443,22,1125,1855,1199,788,751,6,670,875,1066,1370,692
20212,A,골목상권,3111009,송파책박물관,130,94,36,1,13,38,28,24,26,0,11,32,18,15,18,1,2,6,10,9,8
20212,D,발달상권,3120230,송파사거리(송파역),876,470,406,4,96,176,202,193,205,1,38,99,115,92,125,3,58,77,87,101,80
20212,A,골목상권,3111013,송파나루역 1번(송리단길),2234,1456,778,8,320,568,650,435,253,3,160,384,445,290,174,5,160,184,205,145,79
20212,A,골목상권,3111039,벌말어린이공원,485,353,132,8,85,125,121,94,52,8,51,89,88,72,45,0,34,36,33,22,7
20212,D,발달상권,3120247,굽은다리역,572,312,260,4,91,119,146,104,108,1,37,77,74,56,67,3,54,42,72,48,41
20212,R,전통시장,3130321,장신구 특화거리 상점가,433,269,164,0,92,114,88,92,47,0,43,72,56,61,37,0,49,42,32,31,10
20212,A,골목상권,3111058,성내중학교,451,317,134,0,51,92,129,121,58,0,37,63,90,82,45,0,14,29,39,39,13
20212,A,골목상권,3111055,선사초등학교,673,29,644,0,14,28,137,373,121,0,4,7,8,6,4,0,10,21,129,367,117
20212,A,골목상권,3111075,굽은다리역 2번,193,114,79,0,14,42,54,52,31,0,14,28,24,31,17,0,0,14,30,21,14
20212,A,골목상권,3111063,강동구립 천호도서관,368,182,186,0,25,44,81,85,133,0,5,15,21,30,111,0,20,29,60,55,22
20212,A,골목상권,3110009,자하문터널,930,456,474,0,207,326,226,121,50,0,91,162,105,63,35,0,116,164,121,58,15
20212,D,발달상권,3120003,광화문역,43873,26821,17052,79,6380,12841,13071,8035,3467,12,2643,7543,8935,5616,2072,67,3737,5298,4136,2419,1395
20212,A,골목상권,3110033,창신역 4번,166,89,77,0,26,42,35,40,23,0,6,22,17,25,19,0,20,20,18,15,4
20212,R,전통시장,3130021,신설종합시장,50,37,13,1,1,10,12,13,13,0,0,9,10,10,8,1,1,1,2,3,5
20212,A,골목상권,3110023,서울대병원,92,33,59,0,9,24,23,20,16,0,3,7,10,5,8,0,6,17,13,15,8
20212,D,발달상권,3120012,대학로(혜화역),2004,901,1103,7,350,585,490,309,263,2,103,201,243,166,186,5,247,384,247,143,77
20212,D,발달상권,3120009,종로3가역,8495,4786,3709,19,1355,2296,2026,1582,1217,8,563,1230,1198,953,834,11,792,1066,828,629,383
20212,R,전통시장,3130009,마전교지하쇼핑센터(구 한일상가),24,16,8,0,0,2,3,7,12,0,0,2,2,4,8,0,0,0,1,3,4
20212,A,골목상권,3110022,경신고등학교,506,385,121,11,133,157,117,54,34,10,99,119,89,42,26,1,34,38,28,12,8
20212,D,발달상권,3120034,중구청(퇴계로4가),1545,1050,495,7,108,228,400,440,362,5,48,129,262,327,279,2,60,99,138,113,83
20212,D,발달상권,3120022,북창동(시청역_6번),5197,3160,2037,24,1010,1611,1149,767,636,2,391,936,852,543,436,22,619,675,297,224,200
20212,D,발달상권,3120019,경찰청앞교차로,5958,3146,2812,26,1051,2221,1625,793,242,8,274,1044,982,619,219,18,777,1177,643,174,23
20212,R,전통시장,3130050,청평화시장,233,96,137,2,54,70,50,40,17,1,22,32,12,21,8,1,32,38,38,19,9
20212,R,전통시장,3130327,"평화시장(남평화시장, 제일평화시장, 신평화패션타운)",169,107,62,1,8,31,43,42,44,1,1,19,30,27,29,0,7,12,13,15,15
20212,A,골목상권,3110044,관성묘,405,300,105,0,50,135,145,51,24,0,24,90,125,44,17,0,26,45,20,7,7
20212,A,골목상권,3110074,서울역 12번,8149,1751,6398,152,5985,1340,330,181,161,9,598,652,233,134,125,143,5387,688,97,47,36
20212,A,골목상권,3110081,해방촌 남동측,231,122,109,0,45,63,54,42,27,0,14,35,27,23,23,0,31,28,27,19,4
20212,A,골목상권,3110084,경리단길북측,315,168,147,0,47,85,84,57,42,0,23,36,39,36,34,0,24,49,45,21,8
20212,A,골목상권,3110071,한강미주맨션아파트,315,191,124,0,42,85,69,57,62,0,21,46,40,42,42,0,21,39,29,15,20
20212,R,전통시장,3130061,이태원시장,32,20,12,0,18,3,4,6,1,0,12,1,3,3,1,0,6,2,1,3,0
20212,A,골목상권,3110590,만리재,97,50,47,0,19,23,23,25,7,0,6,12,11,16,5,0,13,11,12,9,2
20212,R,전통시장,3130057,만리시장,12,9,3,0,0,2,1,4,5,0,0,1,1,3,4,0,0,1,0,1,1
20212,A,골목상권,3110070,용산세무서,184,130,54,0,21,54,55,24,30,0,8,37,41,18,26,0,13,17,14,6,4
20212,A,골목상권,3110062,한강로동땡땡거리(은행나무길),1506,884,622,9,319,423,319,208,228,6,142,225,216,138,157,3,177,198,103,70,71
20212,A,골목상권,3110079,후암동주민센터,1084,584,500,4,223,262,267,196,132,3,73,156,156,105,91,1,150,106,111,91,41
20212,R,전통시장,3130069,"한양대앞상점가(한양시장, 왕십리맛골목)",32,19,13,0,6,6,4,8,8,0,4,4,0,5,6,0,2,2,4,3,2
20212,A,골목상권,3110101,옥정중학교,218,121,97,0,55,51,65,31,16,0,24,34,43,13,7,0,31,17,22,18,9
20212,A,골목상권,3110102,옥수역 6번,175,116,59,0,22,39,48,41,25,0,11,21,31,31,22,0,11,18,17,10,3
20212,R,전통시장,3130065,무학봉상점가,181,71,110,0,29,39,47,42,24,0,4,11,15,23,18,0,25,28,32,19,6
20212,A,골목상권,3110179,광나루역 1번,911,620,291,0,142,209,188,233,139,0,82,160,157,154,67,0,60,49,31,79,72
20212,A,골목상권,3110180,광진정보도서관,5440,3602,1838,17,1593,2056,1086,499,189,5,872,1464,782,331,148,12,721,592,304,168,41
20212,D,발달상권,3120058,구의사거리,688,333,355,2,92,158,174,181,81,1,33,79,80,77,63,1,59,79,94,104,18
20212,D,발달상권,3120060,강변역(테크노마트),3189,2348,841,12,402,686,870,703,516,2,209,509,686,549,393,10,193,177,184,154,123
20212,A,골목상권,3110159,구의역 4번,663,391,272,1,125,115,158,132,132,1,58,62,85,87,98,0,67,53,73,45,34
20212,R,전통시장,3130074,영동교골목시장,21,15,6,0,6,9,2,3,1,0,3,9,0,2,1,0,3,0,2,1,0
20212,A,골목상권,3110153,중곡1동주민센터,241,83,158,1,42,57,67,57,17,0,14,22,22,17,8,1,28,35,45,40,9
20212,A,골목상권,3110142,화양사거리,215,108,107,1,37,47,45,53,32,1,20,25,24,17,21,0,17,22,21,36,11
20212,A,골목상권,3110148,어린이대공원역 3번,17,12,5,0,3,3,6,5,0,0,0,2,5,5,0,0,3,1,1,0,0
20212,R,전통시장,3130096,동부시장,14,9,5,0,0,0,1,1,12,0,0,0,0,0,9,0,0,0,1,1,3
20212,A,골목상권,3110183,한국의류시험연구원,839,447,392,3,238,307,149,75,67,1,88,162,81,58,57,2,150,145,68,17,10
20212,R,전통시장,3130089,청량리수산시장,42,33,9,0,4,7,16,6,9,0,3,7,12,4,7,0,1,0,4,2,2
20212,R,전통시장,3130098,회기시장,55,17,38,0,9,14,15,12,5,0,2,3,4,6,2,0,7,11,11,6,3
20212,A,골목상권,3110228,장안근린공원,1992,1184,808,40,1381,313,92,101,65,24,788,223,60,54,35,16,593,90,32,47,30
20212,R,전통시장,3130104,전곡시장,93,54,39,0,8,17,28,26,14,0,5,8,16,13,12,0,3,9,12,13,2
20212,D,발달상권,3120063,청량리역(청량리),1209,528,681,3,226,225,249,252,254,2,66,88,96,117,159,1,160,137,153,135,95
20212,A,골목상권,3110210,서울시립대,341,253,88,1,9,19,24,34,254,1,4,12,10,21,205,0,5,7,14,13,49
20212,A,골목상권,3110197,세종대왕기념관교차로,67,46,21,0,8,19,26,9,5,0,4,15,19,7,1,0,4,4,7,2,4
20212,D,발달상권,3120064,경희대학교(경희대),97,44,53,0,14,27,21,13,22,0,9,13,10,4,8,0,5,14,11,9,14
20212,A,골목상권,3110243,중랑노인종합복지관,298,114,184,1,30,49,74,104,40,0,5,21,37,31,20,1,25,28,37,73,20
20212,A,골목상권,3110259,사가정역 1번,543,425,118,2,48,108,172,159,54,2,29,73,131,140,50,0,19,35,41,19,4
20212,A,골목상권,3110269,용마문화복지센터,169,98,71,0,19,53,52,28,17,0,13,32,30,19,4,0,6,21,22,9,13
20212,A,골목상권,3110252,장안제일시장,712,505,207,1,64,101,159,195,192,1,42,73,87,131,171,0,22,28,72,64,21
20212,R,전통시장,3130111,"동원전통종합시장(동원시장, 동원전통시장 상점가)",224,109,115,0,24,37,49,82,32,0,11,17,21,38,22,0,13,20,28,44,10
20212,A,골목상권,3110247,먹골역 1번,381,176,205,0,54,79,123,81,44,0,21,30,55,39,31,0,33,49,68,42,13
20212,A,골목상권,3110255,상봉역 4번,327,208,119,0,39,52,78,92,66,0,20,24,46,62,56,0,19,28,32,30,10
20212,A,골목상권,3110262,상봉역 3번,1530,878,652,2,221,447,542,268,50,0,119,337,281,107,34,2,102,110,261,161,16
20212,A,골목상권,3110271,신내역 1번,97,74,23,0,8,17,25,29,18,0,5,14,18,23,14,0,3,3,7,6,4
20212,A,골목상권,3110251,장안중학교,147,104,43,0,8,34,46,39,20,0,3,23,34,27,17,0,5,11,12,12,3
20212,A,골목상권,3110244,중화역 4번,250,175,75,1,8,26,49,44,122,1,4,11,32,30,97,0,4,15,17,14,25
20212,A,골목상권,3110296,성신여대입구역 4번,77,39,38,1,7,12,30,11,16,1,3,7,15,8,5,0,4,5,15,3,11
20212,A,골목상권,3110297,경동고등학교,654,311,343,0,74,123,156,164,137,0,31,65,74,79,62,0,43,58,82,85,75
20212,D,발달상권,3120071,성북구청,255,127,128,0,36,55,64,62,38,0,14,22,38,31,22,0,22,33,26,31,16
20212,A,골목상권,3110280,북정마을,73,38,35,0,7,10,22,23,11,0,3,3,9,15,8,0,4,7,13,8,3
20212,R,전통시장,3130122,밤나무골시장,17,5,12,0,2,4,6,4,1,0,1,1,2,1,0,0,1,3,4,3,1
20212,D,발달상권,3120075,월곡역,369,213,156,1,40,86,97,67,78,0,17,48,54,44,50,1,23,38,43,23,28
20212,R,전통시장,3130123,꿈의숲 장곡 골목형상점가,6,5,1,0,1,0,1,4,0,0,1,0,1,3,0,0,0,0,0,1,0
20212,A,골목상권,3110287,정릉3동주민센터,70,50,20,0,9,12,18,19,12,0,5,8,15,12,10,0,4,4,3,7,2
20212,A,골목상권,3110317,종암중학교,411,206,205,0,33,120,153,85,20,0,14,47,78,58,9,0,19,73,75,27,11
20212,D,발달상권,3120076,수유역,1930,865,1065,7,241,303,422,465,492,4,62,102,176,240,281,3,179,201,246,225,211
20212,R,전통시장,3130142,강북북부시장,7,5,2,0,1,1,0,2,3,0,0,1,0,2,2,0,1,0,0,0,1
20212,A,골목상권,3110375,서울북부고용노동지청,110,55,55,1,12,20,31,32,14,0,8,15,16,11,5,1,4,5,15,21,9
20212,R,전통시장,3130134,"솔샘시장(미아6,7동골목시장)",73,30,43,1,7,19,25,18,3,0,3,4,12,8,3,1,4,15,13,10,0
20212,A,골목상권,3110354,삼각산119안전센터,22,5,17,0,2,3,10,5,2,0,0,0,2,1,2,0,2,3,8,4,0
20212,A,골목상권,3110378,송중동주민센터,23,13,10,0,1,4,6,9,3,0,1,2,2,6,2,0,0,2,4,3,1
20212,R,전통시장,3130138,수유프라자,142,24,118,1,31,24,16,42,28,0,1,4,5,4,10,1,30,20,11,38,18
20212,R,전통시장,3130136,수유재래시장,32,13,19,0,6,5,8,6,7,0,2,1,0,3,7,0,4,4,8,3,0
20212,R,전통시장,3130133,우이골목시장(우이시장),69,61,8,0,7,7,19,20,16,0,6,6,17,17,15,0,1,1,2,3,1
20212,A,골목상권,3110350,가오리역 2번,148,77,71,0,11,27,37,49,24,0,5,11,18,26,17,0,6,16,19,23,7
20212,A,골목상권,3110410,방학역 2번,957,833,124,3,75,187,185,224,283,2,61,162,154,194,260,1,14,25,31,30,23
20212,A,골목상권,3110411,도봉역 3번,421,379,42,0,13,31,61,141,175,0,11,20,48,133,167,0,2,11,13,8,8
20212,A,골목상권,3110400,도봉구보건소,191,111,80,0,20,35,53,51,32,0,9,22,32,26,22,0,11,13,21,25,10
20212,R,전통시장,3130146,쌍문시장(쌍문역골목시장),263,124,139,0,29,33,54,80,67,0,10,12,28,32,42,0,19,21,26,48,25
20212,R,전통시장,3130147,쌍문역동측상점가,69,32,37,0,7,17,18,9,18,0,2,6,10,5,9,0,5,11,8,4,9
20212,A,골목상권,3110399,창2동주민센터,849,516,333,8,110,207,262,192,70,8,69,157,137,97,48,0,41,50,125,95,22
20212,R,전통시장,3130153,창동역상점가,229,138,91,0,18,48,54,56,53,0,7,31,30,31,39,0,11,17,24,25,14
20212,A,골목상권,3110409,창동역 2번,396,202,194,0,33,43,83,109,128,0,12,29,59,45,57,0,21,14,24,64,71
20212,D,발달상권,3120086,태릉입구역,382,205,177,0,42,78,82,102,78,0,24,43,35,49,54,0,18,35,47,53,24
20212,A,골목상권,3110434,태릉입구역 4번,121,62,59,0,13,11,24,35,38,0,3,2,12,22,23,0,10,9,12,13,15
20212,D,발달상권,3120081,노원역,1552,508,1044,9,369,295,343,307,229,2,66,87,125,121,107,7,303,208,218,186,122
20212,A,골목상권,3110426,상계2동주민센터,337,169,168,0,32,57,83,96,69,0,15,30,39,45,40,0,17,27,44,51,29
20212,A,골목상권,3110414,장석교회,66,51,15,0,7,16,15,20,8,0,5,13,11,17,5,0,2,3,4,3,3
20212,A,골목상권,3110465,연신내역 7번,240,119,121,3,38,52,57,54,36,2,12,29,25,25,26,1,26,23,32,29,10
20212,A,골목상권,3110490,녹번동근린공원,311,170,141,0,30,65,86,76,54,0,11,31,48,45,35,0,19,34,38,31,19
20212,A,골목상권,3110489,불광역 3번,35,25,10,0,3,7,10,10,5,0,3,4,7,6,5,0,0,3,3,4,0
20212,A,골목상권,3110479,연신내역 2번,318,181,137,1,50,84,68,69,46,0,28,71,35,32,15,1,22,13,33,37,31
20212,R,전통시장,3130165,"대림골목시장(대림시장, 양지시장)",214,34,180,0,20,45,56,62,31,0,1,7,5,11,10,0,19,38,51,51,21
20212,A,골목상권,3110492,하나고등학교,238,38,200,1,5,13,11,95,113,0,0,7,7,8,16,1,5,6,4,87,97
20212,A,골목상권,3110493,북가좌초등학교,892,830,62,0,2,19,27,80,764,0,0,12,22,68,728,0,2,7,5,12,36
20212,A,골목상권,3110514,서대문우체국,86,19,67,0,26,26,17,9,8,0,0,4,7,4,4,0,26,22,10,5,4
20212,A,골목상권,3110508,서연중학교,947,425,522,9,139,241,158,245,155,3,62,148,74,76,62,6,77,93,84,169,93
20212,A,골목상권,3110513,연희파출소,457,241,216,0,51,87,110,130,79,0,17,46,58,69,51,0,34,41,52,61,28
20212,A,골목상권,3110518,서대문구청,129,72,57,0,22,38,30,23,16,0,6,19,22,15,10,0,16,19,8,8,6
20212,A,골목상권,3110535,영천시장입구,488,333,155,2,36,65,112,164,109,2,19,35,78,130,69,0,17,30,34,34,40
20212,A,골목상권,3110538,충정로역 3번,284,178,106,0,12,42,56,66,108,0,5,27,35,42,69,0,7,15,21,24,39
20212,A,골목상권,3110525,홍은종합사회복지관,61,17,44,0,10,12,15,10,14,0,1,3,0,4,9,0,9,9,15,6,5
20212,A,골목상권,3110515,홍은중학교,396,312,84,1,45,118,119,68,45,1,33,93,94,52,39,0,12,25,25,16,6
20212,A,골목상권,3110583,공덕래미안3차아파트,12,7,5,0,2,3,1,1,5,0,1,2,1,0,3,0,1,1,0,1,2
20212,A,골목상권,3110562,연트럴파크(연남동주민센터),426,237,189,1,73,118,96,94,44,1,29,76,55,44,32,0,44,42,41,50,12
20212,R,전통시장,3130192,동진시장,10,6,4,0,1,1,4,3,1,0,1,1,1,2,1,0,0,0,3,1,0
20212,R,전통시장,3130194,용강동 상점가,875,502,373,0,103,131,179,170,292,0,39,75,104,114,170,0,64,56,75,56,122
20212,A,골목상권,3110577,용강동주민센터,145,105,40,0,15,42,47,31,10,0,12,31,38,17,7,0,3,11,9,14,3
20212,A,골목상권,3110559,성산중학교,757,474,283,4,102,187,203,167,94,3,54,102,127,118,70,1,48,85,76,49,24
20212,R,전통시장,3130203,서서울 골목형상점가,34,7,27,0,2,7,10,12,3,0,0,0,2,4,1,0,2,7,8,8,2
20212,R,전통시장,3130204,경창시장,102,51,51,0,5,12,29,27,29,0,2,5,13,16,15,0,3,7,16,11,14
20212,A,골목상권,3110593,신월3동주민센터,304,157,147,0,38,65,76,87,38,0,12,32,45,44,24,0,26,33,31,43,14
20212,A,골목상권,3110605,목동센트럴아이파크앞,155,89,66,0,15,22,26,47,45,0,5,15,11,27,31,0,10,7,15,20,14
20212,A,골목상권,3110634,송정역 3번,664,434,230,0,64,143,178,145,134,0,33,90,116,101,94,0,31,53,62,44,40
20212,D,발달상권,3120116,송정역,117,64,53,0,17,27,28,20,25,0,9,11,15,10,19,0,8,16,13,10,6
20212,A,골목상권,3110637,송정역 2번,560,358,202,4,67,121,116,154,98,0,34,74,81,100,69,4,33,47,35,54,29
20212,A,골목상권,3110644,신광명마을,336,288,48,1,26,28,58,105,118,1,8,17,51,97,114,0,18,11,7,8,4
20212,A,골목상권,3110673,뜸부기어린이공원,253,143,110,0,37,52,62,64,38,0,21,29,31,34,28,0,16,23,31,30,10
20212,A,골목상권,3110717,남구로역 2번,570,271,299,0,108,155,142,104,61,0,49,84,75,34,29,0,59,71,67,70,32
20212,R,전통시장,3130225,개봉중앙시장,147,59,88,0,15,21,39,44,28,0,3,4,19,22,11,0,12,17,20,22,17
20212,A,골목상권,3110704,고척중학교,62,36,26,0,12,23,10,12,5,0,7,12,3,11,3,0,5,11,7,1,2
20212,A,골목상권,3110711,구로초등학교,815,329,486,4,62,122,165,287,175,2,26,70,81,74,76,2,36,52,84,213,99
20212,A,골목상권,3110719,영서중학교,19,15,4,0,0,4,2,3,10,0,0,2,2,3,8,0,0,2,0,0,2
20212,D,발달상권,3120127,구로구청,5871,3858,2013,6,600,1211,1435,1436,1183,5,362,967,1048,802,674,1,238,244,387,634,509
20212,A,골목상권,3110681,온수역 1번,94,70,24,0,6,30,30,17,11,0,5,22,21,12,10,0,1,8,9,5,1
20212,A,골목상권,3110686,수궁동주민센터,406,211,195,0,34,67,104,115,86,0,16,31,64,55,45,0,18,36,40,60,41
20212,A,골목상권,3110724,금천구립가산도서관,364,254,110,1,42,76,120,89,36,1,33,60,90,45,25,0,9,16,30,44,11
20212,A,골목상권,3110737,금천세무서,502,323,179,8,77,85,96,116,120,0,28,49,51,91,104,8,49,36,45,25,16
20212,A,골목상권,3110751,난곡중학교,733,399,334,2,48,217,242,177,47,2,21,117,128,91,40,0,27,100,114,86,7
20212,R,전통시장,3130238,은행나무시장,113,71,42,0,22,24,31,22,14,0,13,16,22,14,6,0,9,8,9,8,8
20212,A,골목상권,3110770,영등포구청역 6번,263,191,72,1,45,49,77,45,46,1,24,41,54,28,43,0,21,8,23,17,3
20212,A,골목상권,3110774,당산반도유보라팰리스아파트,472,355,117,0,59,119,131,96,67,0,34,81,109,80,51,0,25,38,22,16,16
20212,A,골목상권,3110784,신대림초등학교,76,42,34,0,3,11,18,36,8,0,0,7,12,18,5,0,3,4,6,18,3
20212,D,발달상권,3120142,대림역,1551,846,705,2,234,279,348,384,304,0,69,143,190,230,214,2,165,136,158,154,90
20212,A,골목상권,3110790,대림1동주민센터,741,337,404,1,74,163,282,161,60,1,46,71,89,77,53,0,28,92,193,84,7
20212,A,골목상권,3110767,도림동주민센터,11,0,11,0,4,3,3,1,0,0,0,0,0,0,0,0,4,3,3,1,0
20212,R,전통시장,3130243,도림시장,7,5,2,0,0,1,4,0,2,0,0,1,3,0,1,0,0,0,1,0,1
20212,A,골목상권,3110816,대방역 6번,517,401,116,1,72,136,153,67,88,1,49,108,114,49,80,0,23,28,39,18,8
20212,A,골목상권,3110795,도림초등학교,533,356,177,0,20,49,80,128,256,0,8,36,48,74,190,0,12,13,32,54,66
20212,A,골목상권,3110805,신길새마을금고신길4동지점,45,27,18,0,6,12,12,8,7,0,2,7,6,5,7,0,4,5,6,3,0
20212,A,골목상권,3110797,KT대방빌딩,47,8,39,1,6,8,12,10,10,0,0,0,1,2,5,1,6,8,11,8,5
20212,D,발달상권,3120147,보라매역,1947,1238,709,5,286,452,370,367,467,2,93,310,249,264,320,3,193,142,121,103,147
20212,A,골목상권,3110760,선유도역 6번,1792,1091,701,8,273,444,499,376,192,6,170,256,275,219,165,2,103,188,224,157,27
20212,D,발달상권,3120149,여의도역(여의도),69255,45888,23367,184,11383,22550,19240,12096,3802,34,5884,14085,14147,9350,2388,150,5499,8465,5093,2746,1414
20212,D,발달상권,3120148,국회의사당역(국회의사당),31135,19451,11684,82,6815,10231,7641,4493,1873,27,3082,6187,5424,3397,1334,55,3733,4044,2217,1096,539
20212,R,전통시장,3130248,영등포역지하도상점가,69,35,34,0,9,26,17,14,3,0,6,13,9,4,3,0,3,13,8,10,0
20212,A,골목상권,3110829,장승배기역 5번,534,416,118,0,195,137,78,52,72,0,177,106,49,39,45,0,18,31,29,13,27
20212,A,골목상권,3110848,양지어린이공원,486,307,179,0,36,68,152,132,98,0,6,39,85,93,84,0,30,29,67,39,14
20212,R,전통시장,3130271,남성역골목시장,467,268,199,1,36,33,39,47,311,1,12,20,22,16,197,0,24,13,17,31,114
20212,A,골목상권,3110837,숭실대입구역 1번,360,184,176,1,39,72,80,79,89,0,19,29,39,32,65,1,20,43,41,47,24
20212,R,전통시장,3130262,상도도깨비 골목형상점가,21,13,8,0,0,4,10,4,3,0,0,4,6,1,2,0,0,0,4,3,1
20212,A,골목상권,3110825,신대방삼거리역 1번,319,207,112,0,33,63,96,72,55,0,23,41,58,47,38,0,10,22,38,25,17
20212,R,전통시장,3130261,성대전통시장(성대시장),211,104,107,0,15,47,61,61,27,0,4,26,33,23,18,0,11,21,28,38,9
20212,R,전통시장,3130264,상도약수골목형상점가,65,35,30,1,14,8,15,20,7,0,4,3,9,12,7,1,10,5,6,8,0
20212,A,골목상권,3110823,신대방삼거리역 3번,472,242,230,0,30,45,83,121,193,0,17,26,40,42,117,0,13,19,43,79,76
20212,A,골목상권,3110844,흑석2치안센터,11,7,4,0,2,2,4,0,3,0,1,2,2,0,2,0,1,0,2,0,1
20212,R,전통시장,3130282,난곡 골목형상점가,20,8,12,0,4,2,10,4,0,0,2,1,4,1,0,0,2,1,6,3,0
20212,A,골목상권,3110865,남강고등학교(남강중학교),270,116,154,4,57,53,59,61,36,2,10,23,23,31,27,2,47,30,36,30,9
20212,A,골목상권,3110902,사당역 4번,1184,729,455,1,189,266,295,248,185,0,82,168,204,156,119,1,107,98,91,92,66
20212,A,골목상권,3110887,서울산업정보학교(서울삼성초등학교),12,5,7,0,1,3,4,4,0,0,0,0,1,4,0,0,1,3,3,0,0
20212,A,골목상권,3110860,호림박물관(성보고등학교),410,314,96,1,57,102,66,110,74,1,44,84,47,78,60,0,13,18,19,32,14
20212,A,골목상권,3110883,은천초등학교(은천교앞),208,124,84,2,21,43,70,48,24,1,12,25,42,28,16,1,9,18,28,20,8
20212,R,전통시장,3130288,신림현대종합상가,2,0,2,0,1,1,0,0,0,0,0,0,0,0,0,0,1,1,0,0,0
20212,A,골목상권,3110894,관악동부센트레빌아파트(은천로35라길),20,8,12,0,2,4,3,6,5,0,0,2,1,2,3,0,2,2,2,4,2
20212,A,골목상권,3110869,"신림역 5번(신림동주민센터, 신림동별빛거리)",1026,681,345,1,79,136,248,233,329,1,36,73,143,155,273,0,43,63,105,78,56
20212,A,골목상권,3110877,신림역 8번,319,154,165,2,23,63,86,80,65,0,10,30,36,39,39,2,13,33,50,41,26
20212,R,전통시장,3130289,봉일시장,36,20,16,1,1,2,5,14,13,0,0,1,5,3,11,1,1,1,0,11,2
20212,A,골목상권,3110853,KT구로지사,217,130,87,0,21,49,65,51,31,0,9,27,44,28,22,0,12,22,21,23,9
20212,A,골목상권,3110897,서울대입구역 8번,219,139,80,0,16,45,69,64,25,0,7,24,40,44,24,0,9,21,29,20,1
20212,D,발달상권,3120167,고속터미널(고속터미널역),6925,4543,2382,24,790,1577,1689,1525,1320,10,416,1110,1328,1046,633,14,374,467,361,479,687
20212,A,골목상권,3110924,반포4동주민센터(몽마르뜨공원),1071,732,339,5,171,236,323,252,84,1,78,150,243,200,60,4,93,86,80,52,24
20212,A,골목상권,3110922,내방역 1번,219,112,107,1,42,47,47,42,40,0,13,23,27,23,26,1,29,24,20,19,14
20212,A,골목상권,3110909,남태령역(서울전자고등학교),132,97,35,1,11,29,23,34,34,1,4,19,16,29,28,0,7,10,7,5,6
20212,D,발달상권,3120163,사당역 11번(사당역먹자골목),491,290,201,0,55,119,99,86,132,0,28,73,57,50,82,0,27,46,42,36,50
20212,A,골목상권,3110929,남부터미널역 1번,21130,10703,10427,21,4446,4558,3912,7143,1050,4,1209,1890,1718,5123,759,17,3237,2668,2194,2020,291
20212,D,발달상권,3120168,서울고교교차로,794,492,302,1,124,237,200,130,102,0,48,130,143,98,73,1,76,107,57,32,29
20212,R,전통시장,3130301,양재시장,89,47,42,0,24,20,24,9,12,0,7,13,15,4,8,0,17,7,9,5,4
20212,A,골목상권,3110946,청계산원터골,41,21,20,0,2,4,8,13,14,0,2,2,6,3,8,0,0,2,2,10,6
20212,A,골목상권,3110980,개포지구대옆,663,482,181,0,90,198,202,111,62,0,45,142,168,72,55,0,45,56,34,39,7
20212,D,발달상권,3120207,선정릉역,11920,7343,4577,32,2669,4154,2699,1509,857,16,1106,2428,1922,1135,736,16,1563,1726,777,374,121
20212,D,발달상권,3120218,코엑스,290,54,236,0,116,103,58,13,0,0,13,16,16,9,0,0,103,87,42,4,0
20212,D,발달상권,3120186,가로수길,6518,3580,2938,19,1316,2133,1570,895,585,5,447,1174,950,573,431,14,869,959,620,322,154
20212,A,골목상권,3110951,신사은행나무공원,267,70,197,0,35,83,95,47,7,0,6,24,26,12,2,0,29,59,69,35,5
20212,R,전통시장,3130306,강남언주로,235,151,84,2,48,48,63,45,29,2,27,34,47,23,18,0,21,14,16,22,11
20212,D,발달상권,3120208,청담사거리(청담동명품거리),11437,5280,6157,43,3488,4035,2275,1044,552,17,1116,1816,1308,628,395,26,2372,2219,967,416,157
20212,D,발달상권,3120214,영동대교남단교차로,3984,2897,1087,7,489,1172,1107,929,280,3,271,811,865,753,194,4,218,361,242,176,86
20212,A,골목상권,3111024,경찰병원역 4번(건너말공원),240,150,90,0,27,53,63,68,29,0,16,33,45,35,21,0,11,20,18,33,8
20212,A,골목상권,3111046,마천역(마천초등학교),708,400,308,1,76,146,171,195,119,0,46,85,84,95,90,1,30,61,87,100,29
20212,A,골목상권,3111044,남천초등학교,557,264,293,1,95,146,167,113,35,0,35,71,76,56,26,1,60,75,91,57,9
20212,A,골목상권,3111019,한성백제역 3번,1458,963,495,2,199,428,415,246,168,2,101,294,294,157,115,0,98,134,121,89,53
20212,A,골목상권,3111007,석촌고분역 4번,936,480,456,0,107,215,255,242,117,0,43,116,142,109,70,0,64,99,113,133,47
20212,A,골목상권,3111004,삼전역 1번,2036,1331,705,13,263,407,504,376,473,0,108,261,337,239,386,13,155,146,167,137,87
20212,A,골목상권,3111033,문정동성당,70,30,40,0,5,4,16,16,29,0,2,3,8,9,8,0,3,1,8,7,21
20212,A,골목상권,3111018,풍납초등학교(풍납백제문화공원),26,23,3,0,1,5,10,6,4,0,1,4,8,6,4,0,0,1,2,0,0
20212,A,골목상권,3111078,굽은다리역 4번,1753,1022,731,1,135,300,379,488,450,1,75,186,215,270,275,0,60,114,164,218,175
20212,A,골목상권,3111082,중앙보훈병원,64,44,20,0,3,9,11,23,18,0,1,3,5,18,17,0,2,6,6,5,1
20212,A,골목상권,3111086,한영중고,297,202,95,1,27,45,73,101,50,1,17,22,52,69,41,0,10,23,21,32,9
20212,A,골목상권,3111051,천호역 6번,394,242,152,2,65,77,85,88,77,1,44,54,54,47,42,1,21,23,31,41,35
20212,A,골목상권,3111064,둔촌동역 4번,157,98,59,0,13,34,47,40,23,0,3,21,30,28,16,0,10,13,17,12,7
20212,A,골목상권,3111070,천호초등학교,121,70,51,1,7,20,39,27,27,0,3,9,23,16,19,1,4,11,16,11,8
20212,A,골목상권,3111057,천호공원(해공체육문화센터),254,112,142,2,53,50,64,60,25,2,15,19,30,32,14,0,38,31,34,28,11
20213,D,발달상권,3120007,북촌(안국역),10443,8282,2161,8,1148,3636,3182,1964,505,5,644,2891,2647,1702,393,3,504,745,535,262,112
20213,A,골목상권,3110018,중앙고등학교,829,408,421,0,92,166,209,160,202,0,27,55,100,80,146,0,65,111,109,80,56
20213,A,골목상권,3110006,부암동주민센터,27,16,11,0,2,7,7,5,6,0,2,5,2,3,4,0,0,2,5,2,2
20213,A,골목상권,3110012,성곡미술관,1042,489,553,0,260,329,260,111,82,0,70,152,149,69,49,0,190,177,111,42,33
20213,D,발달상권,3120002,서촌(경복궁역),1989,1071,918,37,487,674,421,221,149,0,190,387,258,131,105,37,297,287,163,90,44
20213,D,발달상권,3120005,삼청동,3049,2795,254,1,399,709,898,817,225,0,340,633,848,776,198,1,59,76,50,41,27
20213,D,발달상권,3120013,이화사거리,7536,5468,2068,8,1300,2502,2063,1294,369,1,626,1730,1678,1171,262,7,674,772,385,123,107
20213,D,발달상권,3120006,종각역,33181,16028,17153,59,5900,11133,9928,5489,672,14,2254,4920,4677,3672,491,45,3646,6213,5251,1817,181
20213,A,골목상권,3110019,창덕궁,325,215,110,0,47,91,82,71,34,0,21,65,53,49,27,0,26,26,29,22,7
20213,R,전통시장,3130016,동대문상가B동,2,1,1,0,0,1,1,0,0,0,0,0,1,0,0,0,0,1,0,0,0
20213,R,전통시장,3130019,동대문상가D동,29,22,7,0,6,6,5,4,8,0,4,3,4,4,7,0,2,3,1,0,1
20213,R,전통시장,3130001,통인시장,63,31,32,0,4,16,12,13,18,0,2,4,7,7,11,0,2,12,5,6,7
20213,D,발달상권,3120037,동대문역사문화공원역,35317,17057,18260,421,11234,9194,6979,5237,2252,180,5605,5543,3901,1328,500,241,5629,3651,3078,3909,1752
20213,A,골목상권,3110052,장충초등학교,484,281,203,0,43,100,132,130,79,0,16,63,75,82,45,0,27,37,57,48,34
20213,D,발달상권,3120026,을지로입구역,30610,18501,12109,14,4275,11589,8473,5661,598,4,1729,5846,5959,4562,401,10,2546,5743,2514,1099,197
20213,A,골목상권,3110038,경향신문사,1096,759,337,0,195,395,283,181,42,0,63,266,227,165,38,0,132,129,56,16,4
20213,R,전통시장,3130035,방산종합시장(방산시장),1190,736,454,1,96,200,284,312,297,0,56,117,154,191,218,1,40,83,130,121,79
20213,R,전통시장,3130033,대림상가(청계상가),169,121,48,0,7,29,54,39,40,0,3,19,35,30,34,0,4,10,19,9,6
20213,R,전통시장,3130034,필동 골목형상점가,14,7,7,0,2,4,5,2,1,0,1,2,2,2,0,0,1,2,3,0,1
20213,D,발달상권,3120042,"숙대입구역(남영역, 남영동)",4057,2797,1260,20,750,1490,1024,558,215,8,370,894,831,510,184,12,380,596,193,48,31
20213,A,골목상권,3110092,NH농협은행 보광동지점,468,168,300,0,90,111,103,94,70,0,11,47,34,33,43,0,79,64,69,61,27
20213,A,골목상권,3110083,서빙고역 1번,149,109,40,0,26,53,42,14,14,0,13,42,29,12,13,0,13,11,13,2,1
20213,A,골목상권,3110060,효창공원앞역 6번,287,170,117,0,28,62,80,73,44,0,10,34,48,47,31,0,18,28,32,26,13
20213,A,골목상권,3110068,남영역 1번,1090,615,475,8,161,257,250,224,190,6,60,135,151,138,125,2,101,122,99,86,65
20213,R,전통시장,3130058,이촌종합시장,109,78,31,0,13,19,25,26,26,0,7,12,15,21,23,0,6,7,10,5,3
20213,A,골목상권,3110091,리움미술관,1106,810,296,0,216,345,343,155,47,0,117,236,293,128,36,0,99,109,50,27,11
20213,A,골목상권,3110061,효창동주민센터,478,306,172,1,61,91,154,113,58,1,38,53,100,67,47,0,23,38,54,46,11
20213,A,골목상권,3110122,마장역 2번,461,270,191,1,60,87,116,112,85,1,32,59,68,60,50,0,28,28,48,52,35
20213,R,전통시장,3130068,마장축산물시장,975,630,345,1,102,202,250,248,172,1,68,127,155,165,114,0,34,75,95,83,58
20213,A,골목상권,3110125,사근동살곶이상점가,135,83,52,2,25,39,35,21,13,2,13,21,24,13,10,0,12,18,11,8,3
20213,R,전통시장,3130070,뚝섬역상점가,1017,698,319,6,178,260,218,222,133,4,105,180,144,157,108,2,73,80,74,65,25
20213,R,전통시장,3130066,행당시장상점가,360,178,182,0,42,76,102,95,45,0,17,37,53,44,27,0,25,39,49,51,18
20213,A,골목상권,3110178,장로회신학대학교,165,108,57,0,21,38,33,47,26,0,13,31,16,34,14,0,8,7,17,13,12
20213,A,골목상권,3110147,능동우편취급국,815,464,351,4,120,172,160,137,222,2,56,88,104,77,137,2,64,84,56,60,85
20213,A,골목상권,3110154,광진정말공원,255,146,109,1,31,54,61,65,43,1,16,34,30,34,31,0,15,20,31,31,12
20213,A,골목상권,3110151,자양한강도서관,249,175,74,4,35,52,63,66,29,3,24,37,49,41,21,1,11,15,14,25,8
20213,R,전통시장,3130083,"중곡제일시장(중곡제일골목시장, 광성시장)",111,68,43,0,15,21,29,24,22,0,7,14,20,10,17,0,8,7,9,14,5
20213,A,골목상권,3110162,군자역 4번,618,370,248,0,127,163,133,111,84,0,98,119,77,43,33,0,29,44,56,68,51
20213,A,골목상권,3110171,중곡4동주민센터,59,36,23,0,4,8,7,22,18,0,1,2,3,15,15,0,3,6,4,7,3
20213,R,전통시장,3130079,한아름시장,40,29,11,0,5,6,6,10,13,0,4,4,5,6,10,0,1,2,1,4,3
20213,A,골목상권,3110217,자동차부품상가,506,391,115,1,34,105,144,124,98,1,25,88,116,84,77,0,9,17,28,40,21
20213,A,골목상권,3110225,촬영소사거리,330,204,126,0,22,36,68,83,121,0,9,25,42,55,73,0,13,11,26,28,48
20213,A,골목상권,3110218,답십리사거리,158,83,75,0,14,25,45,60,14,0,5,12,22,33,11,0,9,13,23,27,3
20213,A,골목상권,3110188,용두동신동아아파트,807,607,200,8,104,178,229,191,97,2,68,150,181,132,74,6,36,28,48,59,23
20213,A,골목상권,3110184,용두사거리,398,205,193,0,77,135,72,64,50,0,37,51,33,45,39,0,40,84,39,19,11
20213,A,골목상권,3110213,청량초등학교,124,81,43,0,19,57,17,15,16,0,7,41,13,7,13,0,12,16,4,8,3
20213,A,골목상권,3110220,외대앞역 1번,193,111,82,0,28,37,54,47,27,0,7,18,33,34,19,0,21,19,21,13,8
20213,A,골목상권,3110230,장안현대홈타운1차아파트,161,101,60,0,15,32,52,45,17,0,6,22,33,28,12,0,9,10,19,17,5
20213,A,골목상권,3110216,전농중학교,208,68,140,1,32,48,62,50,15,1,11,14,18,18,6,0,21,34,44,32,9
20213,R,전통시장,3130091,청량종합도매시장,36,27,9,0,1,3,11,14,7,0,0,3,8,10,6,0,1,0,3,4,1
20213,A,골목상권,3110275,하나은행 망우동지점,63,33,30,0,4,9,19,16,15,0,3,6,9,5,10,0,1,3,10,11,5
20213,R,전통시장,3130112,사가정시장,86,28,58,0,13,17,24,19,13,0,0,3,6,8,11,0,13,14,18,11,2
20213,R,전통시장,3130109,묵1동도깨비시장,47,33,14,0,2,9,16,9,11,0,1,5,13,5,9,0,1,4,3,4,2
20213,R,전통시장,3130107,중랑동부시장(중랑교종합상가),13,3,10,0,0,1,4,5,3,0,0,0,0,1,2,0,0,1,4,4,1
20213,A,골목상권,3110276,신내IC북측,29,18,11,0,1,4,8,9,7,0,0,3,5,6,4,0,1,1,3,3,3
20213,A,골목상권,3110240,태릉시장 특화거리,97,39,58,2,20,13,28,16,18,1,3,8,7,8,12,1,17,5,21,8,6
20213,A,골목상권,3110299,정릉역 1번,372,241,131,1,33,49,83,95,111,0,9,12,40,74,106,1,24,37,43,21,5
20213,A,골목상권,3110302,보문역 8번,3797,3177,620,1,364,1434,710,823,465,1,252,1274,656,702,292,0,112,160,54,121,173
20213,A,골목상권,3110333,돌곶이역 5번,988,746,242,0,15,23,38,74,838,0,2,13,20,42,669,0,13,10,18,32,169
20213,D,발달상권,3120074,안암역,59,28,31,1,12,16,12,8,10,0,5,9,7,2,5,1,7,7,5,6,5
20221,D,발달상권,3120007,북촌(안국역),10443,8282,2161,8,1148,3636,3182,1964,505,5,644,2891,2647,1702,393,3,504,745,535,262,112
20221,A,골목상권,3110018,중앙고등학교,829,408,421,0,92,166,209,160,202,0,27,55,100,80,146,0,65,111,109,80,56
20221,A,골목상권,3110006,부암동주민센터,27,16,11,0,2,7,7,5,6,0,2,5,2,3,4,0,0,2,5,2,2
20221,A,골목상권,3110012,성곡미술관,1042,489,553,0,260,329,260,111,82,0,70,152,149,69,49,0,190,177,111,42,33
20221,D,발달상권,3120002,서촌(경복궁역),1989,1071,918,37,487,674,421,221,149,0,190,387,258,131,105,37,297,287,163,90,44
20221,D,발달상권,3120005,삼청동,3049,2795,254,1,399,709,898,817,225,0,340,633,848,776,198,1,59,76,50,41,27
20221,D,발달상권,3120013,이화사거리,7536,5468,2068,8,1300,2502,2063,1294,369,1,626,1730,1678,1171,262,7,674,772,385,123,107
20221,D,발달상권,3120006,종각역,33181,16028,17153,59,5900,11133,9928,5489,672,14,2254,4920,4677,3672,491,45,3646,6213,5251,1817,181
20221,A,골목상권,3110019,창덕궁,325,215,110,0,47,91,82,71,34,0,21,65,53,49,27,0,26,26,29,22,7
20221,R,전통시장,3130016,동대문상가B동,2,1,1,0,0,1,1,0,0,0,0,0,1,0,0,0,0,1,0,0,0
20221,R,전통시장,3130019,동대문상가D동,29,22,7,0,6,6,5,4,8,0,4,3,4,4,7,0,2,3,1,0,1
20221,R,전통시장,3130001,통인시장,63,31,32,0,4,16,12,13,18,0,2,4,7,7,11,0,2,12,5,6,7
20221,D,발달상권,3120037,동대문역사문화공원역,35317,17057,18260,421,11234,9194,6979,5237,2252,180,5605,5543,3901,1328,500,241,5629,3651,3078,3909,1752
20221,A,골목상권,3110052,장충초등학교,484,281,203,0,43,100,132,130,79,0,16,63,75,82,45,0,27,37,57,48,34
20221,D,발달상권,3120026,을지로입구역,30610,18501,12109,14,4275,11589,8473,5661,598,4,1729,5846,5959,4562,401,10,2546,5743,2514,1099,197
20221,A,골목상권,3110038,경향신문사,1096,759,337,0,195,395,283,181,42,0,63,266,227,165,38,0,132,129,56,16,4
20221,R,전통시장,3130035,방산종합시장(방산시장),1190,736,454,1,96,200,284,312,297,0,56,117,154,191,218,1,40,83,130,121,79
20221,R,전통시장,3130033,대림상가(청계상가),169,121,48,0,7,29,54,39,40,0,3,19,35,30,34,0,4,10,19,9,6
20221,R,전통시장,3130034,필동 골목형상점가,14,7,7,0,2,4,5,2,1,0,1,2,2,2,0,0,1,2,3,0,1
20221,D,발달상권,3120042,"숙대입구역(남영역, 남영동)",4057,2797,1260,20,750,1490,1024,558,215,8,370,894,831,510,184,12,380,596,193,48,31
20221,A,골목상권,3110092,NH농협은행 보광동지점,468,168,300,0,90,111,103,94,70,0,11,47,34,33,43,0,79,64,69,61,27
20221,A,골목상권,3110083,서빙고역 1번,149,109,40,0,26,53,42,14,14,0,13,42,29,12,13,0,13,11,13,2,1
20221,A,골목상권,3110060,효창공원앞역 6번,287,170,117,0,28,62,80,73,44,0,10,34,48,47,31,0,18,28,32,26,13
20221,A,골목상권,3110068,남영역 1번,1090,615,475,8,161,257,250,224,190,6,60,135,151,138,125,2,101,122,99,86,65
20221,R,전통시장,3130058,이촌종합시장,109,78,31,0,13,19,25,26,26,0,7,12,15,21,23,0,6,7,10,5,3
20221,A,골목상권,3110091,리움미술관,1106,810,296,0,216,345,343,155,47,0,117,236,293,128,36,0,99,109,50,27,11
20221,A,골목상권,3110061,효창동주민센터,478,306,172,1,61,91,154,113,58,1,38,53,100,67,47,0,23,38,54,46,11
20221,A,골목상권,3110122,마장역 2번,461,270,191,1,60,87,116,112,85,1,32,59,68,60,50,0,28,28,48,52,35
20221,R,전통시장,3130068,마장축산물시장,975,630,345,1,102,202,250,248,172,1,68,127,155,165,114,0,34,75,95,83,58
20221,A,골목상권,3110125,사근동살곶이상점가,135,83,52,2,25,39,35,21,13,2,13,21,24,13,10,0,12,18,11,8,3
20221,R,전통시장,3130070,뚝섬역상점가,1017,698,319,6,178,260,218,222,133,4,105,180,144,157,108,2,73,80,74,65,25
20221,R,전통시장,3130066,행당시장상점가,360,178,182,0,42,76,102,95,45,0,17,37,53,44,27,0,25,39,49,51,18
20221,A,골목상권,3110178,장로회신학대학교,165,108,57,0,21,38,33,47,26,0,13,31,16,34,14,0,8,7,17,13,12
20221,A,골목상권,3110147,능동우편취급국,815,464,351,4,120,172,160,137,222,2,56,88,104,77,137,2,64,84,56,60,85
20221,A,골목상권,3110154,광진정말공원,255,146,109,1,31,54,61,65,43,1,16,34,30,34,31,0,15,20,31,31,12
20221,A,골목상권,3110151,자양한강도서관,249,175,74,4,35,52,63,66,29,3,24,37,49,41,21,1,11,15,14,25,8
20221,R,전통시장,3130083,"중곡제일시장(중곡제일골목시장, 광성시장)",111,68,43,0,15,21,29,24,22,0,7,14,20,10,17,0,8,7,9,14,5
20221,A,골목상권,3110162,군자역 4번,618,370,248,0,127,163,133,111,84,0,98,119,77,43,33,0,29,44,56,68,51
20221,A,골목상권,3110171,중곡4동주민센터,59,36,23,0,4,8,7,22,18,0,1,2,3,15,15,0,3,6,4,7,3
20221,R,전통시장,3130079,한아름시장,40,29,11,0,5,6,6,10,13,0,4,4,5,6,10,0,1,2,1,4,3
20221,A,골목상권,3110217,자동차부품상가,506,391,115,1,34,105,144,124,98,1,25,88,116,84,77,0,9,17,28,40,21
20221,A,골목상권,3110225,촬영소사거리,330,204,126,0,22,36,68,83,121,0,9,25,42,55,73,0,13,11,26,28,48
20221,A,골목상권,3110218,답십리사거리,158,83,75,0,14,25,45,60,14,0,5,12,22,33,11,0,9,13,23,27,3
20221,A,골목상권,3110188,용두동신동아아파트,807,607,200,8,104,178,229,191,97,2,68,150,181,132,74,6,36,28,48,59,23
20221,A,골목상권,3110184,용두사거리,398,205,193,0,77,135,72,64,50,0,37,51,33,45,39,0,40,84,39,19,11
20221,A,골목상권,3110213,청량초등학교,124,81,43,0,19,57,17,15,16,0,7,41,13,7,13,0,12,16,4,8,3
20221,A,골목상권,3110220,외대앞역 1번,193,111,82,0,28,37,54,47,27,0,7,18,33,34,19,0,21,19,21,13,8
20221,A,골목상권,3110230,장안현대홈타운1차아파트,161,101,60,0,15,32,52,45,17,0,6,22,33,28,12,0,9,10,19,17,5
20221,A,골목상권,3110216,전농중학교,208,68,140,1,32,48,62,50,15,1,11,14,18,18,6,0,21,34,44,32,9
20221,R,전통시장,3130091,청량종합도매시장,36,27,9,0,1,3,11,14,7,0,0,3,8,10,6,0,1,0,3,4,1
20221,A,골목상권,3110275,하나은행 망우동지점,63,33,30,0,4,9,19,16,15,0,3,6,9,5,10,0,1,3,10,11,5
20221,R,전통시장,3130112,사가정시장,86,28,58,0,13,17,24,19,13,0,0,3,6,8,11,0,13,14,18,11,2
20221,R,전통시장,3130109,묵1동도깨비시장,47,33,14,0,2,9,16,9,11,0,1,5,13,5,9,0,1,4,3,4,2
20221,R,전통시장,3130107,중랑동부시장(중랑교종합상가),13,3,10,0,0,1,4,5,3,0,0,0,0,1,2,0,0,1,4,4,1
20221,A,골목상권,3110276,신내IC북측,29,18,11,0,1,4,8,9,7,0,0,3,5,6,4,0,1,1,3,3,3
20221,A,골목상권,3110240,태릉시장 특화거리,97,39,58,2,20,13,28,16,18,1,3,8,7,8,12,1,17,5,21,8,6
20221,A,골목상권,3110299,정릉역 1번,372,241,131,1,33,49,83,95,111,0,9,12,40,74,106,1,24,37,43,21,5
20221,A,골목상권,3110302,보문역 8번,3797,3177,620,1,364,1434,710,823,465,1,252,1274,656,702,292,0,112,160,54,121,173
20221,A,골목상권,3110333,돌곶이역 5번,988,746,242,0,15,23,38,74,838,0,2,13,20,42,669,0,13,10,18,32,169
20221,D,발달상권,3120074,안암역,59,28,31,1,12,16,12,8,10,0,5,9,7,2,5,1,7,7,5,6,5
20221,R,전통시장,3130125,장위전통시장,40,20,20,0,5,6,7,8,14,0,0,2,5,5,8,0,5,4,2,3,6
20221,A,골목상권,3110295,정릉우체국,679,248,431,0,166,178,163,119,53,0,36,67,49,52,44,0,130,111,114,67,9
20221,A,골목상권,3110290,북한산보국문역 1번,96,78,18,0,2,9,29,37,19,0,1,8,23,30,16,0,1,1,6,7,3
20221,A,골목상권,3110284,정릉북한산국립공원입구,562,506,56,0,5,59,181,229,88,0,4,49,161,211,81,0,1,10,20,18,7
20221,A,골목상권,3110315,종암아이파크2차,124,78,46,0,11,17,41,38,17,0,4,9,27,25,13,0,7,8,14,13,4
20221,A,골목상권,3110311,종암아이파크2차후문,18,9,9,0,0,2,8,3,5,0,0,1,3,1,4,0,0,1,5,2,1
20221,D,발달상권,3120077,미아역,218,97,121,0,32,37,52,64,33,0,11,8,18,38,22,0,21,29,34,26,11
20221,A,골목상권,3110355,삼양사거리역 2번,306,254,52,0,8,26,44,103,125,0,1,10,31,94,118,0,7,16,13,9,7
20221,R,전통시장,3130135,수유중앙골목시장(수유중앙시장),24,12,12,0,0,3,4,5,12,0,0,2,2,0,8,0,0,1,2,5,4
20221,A,골목상권,3110372,강북중학교,188,100,88,0,21,43,50,48,26,0,17,25,18,20,20,0,4,18,32,28,6
20221,R,전통시장,3130129,장미원골목시장,911,571,340,0,15,14,38,89,755,0,1,4,12,40,514,0,14,10,26,49,241
20221,R,전통시장,3130130,수유북부골목시장,20,14,6,0,1,1,7,5,6,0,0,0,6,3,5,0,1,1,1,2,1
20221,A,골목상권,3110405,방학역 1번,1123,365,758,3,130,176,308,427,79,3,67,109,82,70,34,0,63,67,226,357,45
20221,R,전통시장,3130151,신도봉시장,5,5,0,0,1,0,2,2,0,0,1,0,2,2,0,0,0,0,0,0,0
20221,A,골목상권,3110407,도봉역 2번,560,337,223,1,32,75,115,203,134,1,8,40,57,126,105,0,24,35,58,77,29
20221,R,전통시장,3130152,오!도봉거리 상점가,42,17,25,0,4,14,15,6,3,0,0,5,7,4,1,0,4,9,8,2,2
20221,A,골목상권,3110412,창동중학교,25,23,2,0,4,7,3,4,7,0,3,7,3,3,7,0,1,0,0,1,0
20221,R,전통시장,3130148,방학동도깨비시장,39,16,23,0,2,6,12,12,7,0,0,1,5,8,2,0,2,5,7,4,5
20221,A,골목상권,3110394,방학중학교,214,133,81,0,19,35,50,54,56,0,12,20,26,35,40,0,7,15,24,19,16
20221,A,골목상권,3110384,문이교,261,139,122,0,38,20,56,85,62,0,12,8,21,51,47,0,26,12,35,34,15
20221,A,골목상권,3110388,도봉우체국,35,23,12,0,4,3,10,14,4,0,2,2,7,8,4,0,2,1,3,6,0
20221,A,골목상권,3110442,화랑대철도공원,76,20,56,0,1,4,14,49,8,0,0,2,4,10,4,0,1,2,10,39,4
20221,A,골목상권,3110424,상계초등학교,388,157,231,2,42,50,96,106,92,2,18,32,32,42,31,0,24,18,64,64,61
20221,A,골목상권,3110437,당고개역 2번,116,40,76,0,16,23,25,41,11,0,5,11,9,10,5,0,11,12,16,31,6
20221,A,골목상권,3110439,당고개역 5번,96,45,51,0,4,14,12,32,34,0,0,10,6,16,13,0,4,4,6,16,21
20221,A,골목상권,3110440,상계3동4동주민센터,49,16,33,0,8,6,15,10,10,0,1,1,4,2,8,0,7,5,11,8,2
20221,A,골목상권,3110420,광운대역 1번,796,472,324,7,233,310,184,40,22,0,114,234,89,21,14,7,119,76,95,19,8
20221,A,골목상권,3110431,상계역,124,72,52,1,16,24,28,37,18,0,2,13,17,27,13,1,14,11,11,10,5
20221,A,골목상권,3110467,은평요양병원,487,284,203,3,90,154,110,68,62,2,46,100,61,37,38,1,44,54,49,31,24
20221,A,골목상권,3110454,선정중학교,481,268,213,3,56,71,142,108,101,2,42,35,53,66,70,1,14,36,89,42,31
20221,A,골목상권,3110447,구산초등학교,48,43,5,0,5,15,10,5,13,0,4,15,8,5,11,0,1,0,2,0,2
20221,A,골목상권,3110453,신사1동주민센터,515,288,227,0,43,81,121,155,115,0,20,25,65,85,93,0,23,56,56,70,22
20221,A,골목상권,3110448,상신초등학교입구,120,76,44,1,20,27,26,26,20,1,17,17,12,14,15,0,3,10,14,12,5
20221,A,골목상권,3110466,구산역 2번,87,46,41,0,12,17,26,24,8,0,4,5,16,15,6,0,8,12,10,9,2
20221,R,전통시장,3130166,응암시장(신응암시장),17,10,7,0,0,3,2,5,7,0,0,0,1,3,6,0,0,3,1,2,1
20221,A,골목상권,3110498,증산역 1번,222,102,120,0,15,32,75,68,32,0,7,9,31,32,23,0,8,23,44,36,9
20221,A,골목상권,3110444,수색성당,157,57,100,0,17,39,47,45,9,0,6,14,14,16,7,0,11,25,33,29,2
20221,R,전통시장,3130162,증산골목시장,7,3,4,0,0,2,2,1,2,0,0,0,0,1,2,0,0,2,2,0,0
20221,A,골목상권,3110496,모래내우체국,611,333,278,2,88,190,160,89,82,2,20,100,117,42,52,0,68,90,43,47,30
20221,R,전통시장,3130181,아현가구거리상점가,59,30,29,0,8,11,13,10,17,0,0,7,9,4,10,0,8,4,4,6,7
20221,A,골목상권,3110506,연희임광아파트,110,66,44,0,5,12,39,29,25,0,1,8,20,19,18,0,4,4,19,10,7
20221,A,골목상권,3110505,홍남교남측,14,9,5,0,1,0,3,7,3,0,0,0,2,5,2,0,1,0,1,2,1
20221,A,골목상권,3110510,홍연시장,100,59,41,0,10,14,33,27,16,0,5,6,22,14,12,0,5,8,11,13,4
20221,R,전통시장,3130180,포방터시장,59,34,25,0,13,11,15,6,14,0,4,4,11,5,10,0,9,7,4,1,4
20221,A,골목상권,3110521,홍제역 4번,63,36,27,0,4,7,19,17,16,0,0,4,10,9,13,0,4,3,9,8,3
20221,A,골목상권,3110529,홍제3동주민센터,125,58,67,0,13,20,27,25,40,0,2,5,8,14,29,0,11,15,19,11,11
20221,R,전통시장,3130177,인왕시장(홍제골목형상점가),44,7,37,0,1,1,8,7,27,0,0,0,1,3,3,0,1,1,7,4,24
20221,A,골목상권,3110589,애오개역 3번,46,13,33,0,3,3,15,11,14,0,0,1,4,6,2,0,3,2,11,5,12
20221,R,전통시장,3130195,도화동 상점가,1040,502,538,2,201,267,226,153,191,1,86,132,121,88,74,1,115,135,105,65,117
20221,R,전통시장,3130186,망원시장,143,53,90,0,9,23,40,41,30,0,6,11,14,10,12,0,3,12,26,31,18
20221,A,골목상권,3110542,마포구청역 7번,3997,2442,1555,16,527,714,775,1304,661,9,297,578,604,586,368,7,230,136,171,718,293
20221,D,발달상권,3120098,DMC(디지털미디어시티),8846,5391,3455,19,1691,3228,2856,875,177,11,813,1995,1821,616,135,8,878,1233,1035,259,42
20221,A,골목상권,3110561,상수역 4번,395,247,148,4,59,102,94,89,47,2,21,56,64,68,36,2,38,46,30,21,11
20221,R,전통시장,3130191,홍대 걷고싶은 거리,367,225,142,6,65,65,81,82,68,4,40,41,54,47,39,2,25,24,27,35,29
20221,A,골목상권,3110552,성미산체육관,637,465,172,1,110,159,145,158,64,0,72,120,98,128,47,1,38,39,47,30,17
20221,A,골목상권,3110553,가좌역 2번,281,167,114,0,26,51,79,81,44,0,16,28,44,43,36,0,10,23,35,38,8
20221,A,골목상권,3110570,KB국민은행 서강지점,61,39,22,0,4,22,18,12,5,0,4,13,10,7,5,0,0,9,8,5,0
20221,R,전통시장,3130193,신수시장,34,19,15,0,4,7,12,5,6,0,1,5,5,4,4,0,3,2,7,1,2
20221,A,골목상권,3110624,목동문화체육센터,379,232,147,0,93,117,75,63,31,0,40,79,46,48,19,0,53,38,29,15,12
20221,A,골목상권,3110626,양화초등학교,652,271,381,1,127,138,149,147,90,0,37,57,76,63,38,1,90,81,73,84,52
20221,A,골목상권,3110620,목동보건지소,458,241,217,4,51,85,105,125,88,4,20,48,50,65,54,0,31,37,55,60,34
20221,D,발달상권,3120111,목동사거리,1828,710,1118,1,551,601,341,219,115,0,101,248,161,116,84,1,450,353,180,103,31
20221,R,전통시장,3130202,신영시장,40,13,27,0,3,4,13,16,4,0,2,0,3,6,2,0,1,4,10,10,2
20221,R,전통시장,3130201,월정로시장,27,17,10,0,2,8,10,7,0,0,0,7,6,4,0,0,2,1,4,3,0
20221,A,골목상권,3110606,신한은행 신월동지점,544,307,237,1,49,83,152,152,107,1,26,44,84,72,80,0,23,39,68,80,27
20221,A,골목상권,3110613,신정네거리역 4번,80,20,60,0,8,25,24,19,4,0,2,6,7,4,1,0,6,19,17,15,3
20221,A,골목상권,3110657,양천향교역 5번,3180,2118,1062,12,334,603,741,695,795,8,191,396,493,385,645,4,143,207,248,310,150
20221,A,골목상권,3110648,양천향교역 7번,13,5,8,0,1,7,1,3,1,0,0,3,1,1,0,0,1,4,0,2,1
20221,A,골목상권,3110671,등촌1동주민센터,4521,2889,1632,8,1208,1381,956,636,332,2,375,916,788,522,286,6,833,465,168,114,46
20221,R,전통시장,3130214,송화벽화시장(송화골목시장),119,44,75,2,23,18,25,33,18,0,6,7,9,13,9,2,17,11,16,20,9
20221,A,골목상권,3110668,화곡2동주민센터,471,278,193,0,55,70,139,127,80,0,22,33,81,77,65,0,33,37,58,50,15
20221,A,골목상권,3110646,푸른들청소년도서관,754,384,370,1,92,113,198,187,163,1,26,47,97,99,114,0,66,66,101,88,49
20221,R,전통시장,3130221,"남부골목시장(남부화곡시장, 남부시장)",188,69,119,0,22,32,50,57,27,0,5,5,15,22,22,0,17,27,35,35,5
20221,A,골목상권,3110658,화곡초등학교,253,153,100,0,21,55,62,69,46,0,10,35,36,44,28,0,11,20,26,25,18
20221,A,골목상권,3110721,가리봉파출소,215,104,111,1,6,36,42,42,88,0,2,19,17,22,44,1,4,17,25,20,44
20221,A,골목상권,3110703,개봉역,307,192,115,4,28,54,91,77,53,3,16,30,54,49,40,1,12,24,37,28,13
20221,A,골목상권,3110706,그라운드 고척,410,100,310,0,122,101,101,68,18,0,22,20,28,20,10,0,100,81,73,48,8
20221,A,골목상권,3110701,고척동성당,567,379,188,2,126,185,125,92,37,0,81,133,82,54,29,2,45,52,43,38,8
20221,A,골목상권,3110709,구로119안전센터,185,108,77,0,19,22,56,51,37,0,14,13,36,29,16,0,5,9,20,22,21
20221,A,골목상권,3110716,구로나눔길,666,398,268,1,132,256,164,77,36,0,39,154,115,60,30,1,93,102,49,17,6
20221,D,발달상권,3120125,구로역,9531,6476,3055,29,1115,2177,2439,2305,1466,14,646,1505,1615,1580,1116,15,469,672,824,725,350
20221,A,골목상권,3110693,오류동역 4번,17,9,8,0,1,3,5,4,4,0,1,3,2,2,1,0,0,0,3,2,3
20221,A,골목상권,3110741,독산2동주민센터,444,159,285,0,69,117,96,108,54,0,43,35,26,33,22,0,26,82,70,75,32
20221,A,골목상권,3110789,대림성모병원,491,182,309,0,104,137,115,93,42,0,16,44,49,43,30,0,88,93,66,50,12
20221,A,골목상권,3110769,대림차이나타운(대림역 12번),42,12,30,0,6,8,12,10,6,0,0,3,4,3,2,0,6,5,8,7,4
20221,R,전통시장,3130244,대림중앙시장,94,39,55,3,15,16,21,16,23,2,10,8,10,5,4,1,5,8,11,11,19
20221,A,골목상권,3110772,신우어린이공원,94,55,39,0,9,15,22,26,22,0,5,8,12,19,11,0,4,7,10,7,11
20221,A,골목상권,3110785,영등포푸르지오아파트,161,84,77,2,13,17,39,44,46,2,8,12,24,14,24,0,5,5,15,30,22
20221,A,골목상권,3110761,문래동남성맨션,180,106,74,0,13,43,45,41,38,0,8,17,26,25,30,0,5,26,19,16,8
20221,R,전통시장,3130245,영일시장,675,567,108,1,61,189,238,136,50,0,41,148,217,115,46,1,20,41,21,21,4
20221,A,골목상권,3110758,문래소공원,296,221,75,1,44,77,70,67,37,0,32,60,46,52,31,1,12,17,24,15,6
20221,A,골목상권,3110815,공군호텔,2250,791,1459,4,426,519,477,509,315,0,88,197,168,172,166,4,338,322,309,337,149
20221,A,골목상권,3110787,신길3동주민센터,171,122,49,0,19,35,47,42,28,0,8,25,36,31,22,0,11,10,11,11,6
20221,A,골목상권,3110780,신길대성유니드아파트,223,171,52,0,22,42,71,56,32,0,18,34,51,41,27,0,4,8,20,15,5
20221,A,골목상권,3110804,신풍역 1번,312,187,125,0,15,37,62,63,135,0,4,15,29,35,104,0,11,22,33,28,31
20221,D,발달상권,3120150,63빌딩,8614,5431,3183,45,1167,2157,2997,1883,365,18,610,1437,1563,1568,235,27,557,720,1434,315,130
20221,D,발달상권,3120144,영중로,2017,1073,944,1,254,395,508,598,261,1,142,276,289,230,135,0,112,119,219,368,126
20221,A,골목상권,3110808,신길역 1번,67,48,19,0,3,22,21,13,8,0,3,15,14,9,7,0,0,7,7,4,1
20221,A,골목상권,3110832,노량진초등학교,491,269,222,0,54,105,122,153,57,0,24,64,85,70,26,0,30,41,37,83,31
20221,R,전통시장,3130266,만양로상점가,2,1,1,0,0,0,2,0,0,0,0,0,1,0,0,0,0,0,1,0,0
20221,A,골목상권,3110822,신대방삼거리역 4번(대림초등학교),313,131,182,0,57,71,68,76,41,0,13,28,34,35,21,0,44,43,34,41,20
20221,A,골목상권,3110850,사당역 10번,969,487,482,4,217,207,185,162,194,1,54,88,92,95,157,3,163,119,93,67,37
20221,R,전통시장,3130273,남성사계시장(남성시장),141,63,78,0,21,36,45,22,17,0,3,19,20,8,13,0,18,17,25,14,4
20221,R,전통시장,3130260,신대방1동골목상권,70,31,39,0,8,22,15,15,10,0,0,7,7,10,7,0,8,15,8,5,3
20221,R,전통시장,3130281,우림시장,1,0,1,0,0,0,1,0,0,0,0,0,0,0,0,0,0,0,1,0,0
20221,A,골목상권,3110859,난향초등학교,182,113,69,0,11,32,42,52,45,0,0,21,27,30,35,0,11,11,15,22,10
20221,A,골목상권,3110886,관악해태어린이공원,184,103,81,1,38,50,41,34,20,1,18,28,21,23,12,0,20,22,20,11,8
20221,A,골목상권,3110880,신림역 1번,995,275,720,0,379,296,157,128,35,0,78,87,66,33,11,0,301,209,91,95,24
20221,A,골목상권,3110888,청룡동주민센터,94,53,41,0,5,9,11,22,47,0,3,2,4,6,38,0,2,7,7,16,9
20221,A,골목상권,3110896,관악우성아파트,202,49,153,0,41,37,44,47,33,0,5,7,11,13,13,0,36,30,33,34,20
20221,A,골목상권,3110948,헌인가구단지,57,27,30,0,5,24,14,11,3,0,4,12,6,2,3,0,1,12,8,9,0
20221,D,발달상권,3120165,서래마을카페거리(서래마을),3467,2266,1201,11,605,1119,949,516,267,3,277,716,707,369,194,8,328,403,242,147,73
20221,A,골목상권,3110921,서울프랑스학교,506,312,194,7,63,70,115,134,117,2,30,43,80,86,71,5,33,27,35,48,46
20221,A,골목상권,3110321,동덕여대,58,14,44,0,0,4,13,18,23,0,0,4,4,4,2,0,0,0,9,14,21
20221,A,골목상권,3110907,방배초등학교,775,476,299,8,119,165,211,143,129,5,54,100,118,95,104,3,65,65,93,48,25
20221,A,골목상권,3110912,방배동사이길,210,128,82,3,33,45,53,42,34,2,16,27,39,21,23,1,17,18,14,21,11
20221,A,골목상권,3110933,한국상담대학원대학교,679,60,619,0,344,156,86,63,30,0,10,15,15,5,15,0,334,141,71,58,15
20221,D,발달상권,3120172,교대입구교차로,10241,5712,4529,53,2062,2700,2445,1945,1036,33,854,1635,1489,1004,697,20,1208,1065,956,941,339
20221,A,골목상권,3110935,한전아트센터,379,264,115,2,53,108,105,72,39,2,33,82,75,46,26,0,20,26,30,26,13
20221,D,발달상권,3120192,뱅뱅사거리,27363,18865,8498,72,5748,8234,6678,4352,2279,37,3275,5587,5090,3174,1702,35,2473,2647,1588,1178,577
20221,D,발달상권,3120180,양재화물트럭터미널앞,2562,2146,416,13,637,812,554,409,137,10,466,711,481,363,115,3,171,101,73,46,22
20221,A,골목상권,3110984,포이초등학교(개포목련어린이공원),1556,1046,510,2,236,342,331,306,339,0,140,241,211,199,255,2,96,101,120,107,84
20221,D,발달상권,3120190,강남을지병원,11725,6199,5526,44,3417,3232,2506,1512,1014,14,1228,1650,1567,988,752,30,2189,1582,939,524,262
20221,D,발달상권,3120196,서울세관,9664,5880,3784,15,1699,2887,2578,1611,874,2,596,1519,1718,1320,725,13,1103,1368,860,291,149
20221,D,발달상권,3120200,학동사거리,9363,3808,5555,26,2868,3075,1848,1005,541,9,654,1122,937,687,399,17,2214,1953,911,318,142
20221,D,발달상권,3120223,휘문고교사거리,9166,5574,3592,20,1785,2926,2736,1401,298,4,1102,2061,1597,609,201,16,683,865,1139,792,97
20221,A,골목상권,3110975,매봉역 1번,10837,6932,3905,34,2175,2199,3202,3019,208,21,1010,1161,2184,2402,154,13,1165,1038,1018,617,54
20221,A,골목상권,3110978,도곡2동주민센터(대치중학교),331,186,145,0,46,70,72,114,29,0,20,41,47,62,16,0,26,29,25,52,13
20221,A,골목상권,3110974,언주중학교,278,168,110,3,58,66,85,43,23,3,25,39,59,27,15,0,33,27,26,16,8
20221,D,발달상권,3120188,압구정역,8579,3750,4829,134,2204,2146,1550,1314,1231,47,698,969,897,556,583,87,1506,1177,653,758,648
20221,D,발달상권,3120202,압구정로데오역(압구정로데오),11735,6075,5660,41,2963,4419,2469,1425,418,11,793,2184,1593,1195,299,30,2170,2235,876,230,119
20221,A,골목상권,3110971,선정릉역 4번,1542,900,642,11,278,455,380,254,164,6,140,270,245,120,119,5,138,185,135,134,45
20221,D,발달상권,3120239,오금역,4595,2925,1670,17,840,1205,1156,897,480,11,447,798,824,483,362,6,393,407,332,414,118
20221,D,발달상권,3120241,거여역,1197,650,547,5,110,221,296,277,288,2,80,152,161,83,172,3,30,69,135,194,116
20221,A,골목상권,3111026,문정역 2번,2257,1479,778,7,430,626,537,409,248,3,235,420,381,229,211,4,195,206,156,180,37
20221,A,골목상권,3111017,송파나루역 3번,272,183,89,0,40,62,62,63,45,0,14,42,42,45,40,0,26,20,20,18,5
20221,A,골목상권,3111010,석촌역 7번,1512,1031,481,3,181,309,376,339,304,1,98,190,261,234,247,2,83,119,115,105,57
20221,A,골목상권,3111040,거여초등학교,346,137,209,0,26,86,124,77,33,0,9,27,48,30,23,0,17,59,76,47,10
20221,A,골목상권,3111034,오동나무공원(송파레미니스1단지),1465,1038,427,3,253,373,355,322,159,3,163,257,267,226,122,0,90,116,88,96,37
20221,A,골목상권,3111030,방이역 2번,665,419,246,1,57,107,147,217,136,0,28,68,94,128,101,1,29,39,53,89,35
20221,D,발달상권,3120225,잠실새내역(신천),5597,3589,2008,25,909,1191,1223,1162,1087,3,464,712,794,811,805,22,445,479,429,351,282
20221,A,골목상권,3111085,묘곡초등학교(고덕아이파크아파트),800,452,348,0,68,111,152,196,273,0,35,72,80,84,181,0,33,39,72,112,92
20221,A,골목상권,3111077,길동주민센터(강동도서관),1272,737,535,4,121,258,294,321,274,1,49,138,167,188,194,3,72,120,127,133,80
20221,R,전통시장,3130324,길동복조리시장,154,85,69,3,27,32,47,40,5,2,13,18,31,19,2,1,14,14,16,21,3
20221,D,발달상권,3120245,둔촌역,1884,1135,749,7,312,460,446,371,288,6,169,309,271,195,185,1,143,151,175,176,103
20221,A,골목상권,3111076,둔촌2동주민센터,297,174,123,0,25,49,61,86,76,0,14,24,34,39,63,0,11,25,27,47,13
20221,A,골목상권,3111080,굽은다리역 3번,434,235,199,0,44,77,100,110,103,0,12,52,63,58,50,0,32,25,37,52,53
20221,R,전통시장,3130320,암사종합시장,173,97,76,1,16,29,50,31,46,1,5,12,31,19,29,0,11,17,19,12,17
20221,R,전통시장,3130002,세종마을음식문화거리(금천교시장),564,392,172,4,56,109,120,121,154,0,26,74,75,90,127,4,30,35,45,31,27
20221,A,골목상권,3110037,신설동역 12번,208,124,84,0,16,46,51,61,34,0,6,20,32,41,25,0,10,26,19,20,9
20221,D,발달상권,3120014,종로5가역,4887,2839,2048,375,1123,1351,1205,597,236,112,456,860,851,397,163,263,667,491,354,200,73
20221,A,골목상권,3110029,동대문역 1번,247,68,179,0,11,34,64,82,56,0,1,8,25,21,13,0,10,26,39,61,43
20221,A,골목상권,3110021,성균관대학교,395,301,94,2,16,44,110,145,78,2,7,29,89,124,50,0,9,15,21,21,28
20221,R,전통시장,3130032,인현시장,167,123,44,0,3,25,47,54,38,0,3,16,35,40,29,0,0,9,12,14,9
20221,A,골목상권,3110056,신당역 3번,514,293,221,0,62,129,118,115,90,0,31,63,69,72,58,0,31,66,49,43,32
20221,D,발달상권,3120027,명동역(명동재미로),18097,8477,9620,67,2695,5851,6070,3074,340,9,859,2588,2522,2321,178,58,1836,3263,3548,753,162
20221,R,전통시장,3130054,황학동주방가구거리상점가,374,266,108,0,25,80,116,106,47,0,18,60,77,74,37,0,7,20,39,32,10
20221,A,골목상권,3110050,약수역 7번,306,229,77,0,34,81,75,74,42,0,21,59,60,56,33,0,13,22,15,18,9
20221,A,골목상권,3110042,남산골공원옆,683,424,259,3,91,156,195,166,72,0,37,89,131,121,46,3,54,67,64,45,26
20221,A,골목상권,3110088,오산고등학교,101,51,50,0,22,20,19,15,25,0,9,9,8,8,17,0,13,11,11,7,8
20221,A,골목상권,3110090,한국폴리텍대학서울정수캠퍼스,3968,2447,1521,1,446,1358,1632,500,31,1,173,548,1231,467,27,0,273,810,401,33,4
20221,A,골목상권,3110063,효창공원앞역 5번,530,347,183,8,47,104,139,132,100,6,25,71,93,87,65,2,22,33,46,45,35
20221,D,발달상권,3120040,용산전자상가(용산역),8008,5959,2049,43,1387,2728,2220,1237,393,30,880,2009,1728,997,315,13,507,719,492,240,78
20221,A,골목상권,3110058,성심여자고등학교,1189,857,332,10,168,333,362,206,110,3,77,243,278,166,90,7,91,90,84,40,20
20221,A,골목상권,3110087,이태원엔틱가구거리,329,113,216,0,151,130,29,10,9,0,26,52,19,8,8,0,125,78,10,2,1
20221,A,골목상권,3110067,배문고등학교,1547,895,652,1,215,370,383,320,258,0,84,173,199,225,214,1,131,197,184,95,44
20221,D,발달상권,3120047,한남오거리,2290,1458,832,11,366,751,623,343,196,9,152,461,438,249,149,2,214,290,185,94,47
20221,A,골목상권,3110098,서울독일학교,242,91,151,0,57,85,68,23,9,0,15,22,34,15,5,0,42,63,34,8,4
20221,A,골목상권,3110096,한남힐사이드아파트,502,337,165,3,155,183,85,47,29,3,89,132,63,26,24,0,66,51,22,21,5
20221,D,발달상권,3120048,금호역,76,28,48,0,16,10,18,21,11,0,2,2,6,11,7,0,14,8,12,10,4
20221,R,전통시장,3130063,신금호역 골목형상점가,30,21,9,0,2,4,5,9,10,0,1,3,4,7,6,0,1,1,1,2,4
20221,A,골목상권,3110119,마장지하차도,127,89,38,0,17,26,32,26,26,0,12,22,19,18,18,0,5,4,13,8,8
20221,A,골목상권,3110131,성수동카페거리,4798,3110,1688,15,902,1536,1123,699,523,9,460,993,777,497,374,6,442,543,346,202,149
20221,A,골목상권,3110134,성수119안전센터,771,587,184,4,65,108,185,252,157,4,38,78,143,200,124,0,27,30,42,52,33
20221,A,골목상권,3110136,경수초등학교,4745,2743,2002,43,1169,1097,978,875,583,32,439,633,615,593,431,11,730,464,363,282,152
20221,A,골목상권,3110100,옥수동우편취급국,37,26,11,0,5,17,8,5,2,0,0,14,6,4,2,0,5,3,2,1,0
20221,A,골목상권,3110118,왕십리역 9번,697,487,210,1,90,182,204,129,91,0,62,110,144,93,78,1,28,72,60,36,13
20221,D,발달상권,3120061,올림픽대교북단,1094,864,230,1,228,403,324,95,43,0,165,326,290,55,28,1,63,77,34,40,15
20221,D,발달상권,3120056,구의역,1879,884,995,6,322,352,510,413,276,6,105,129,223,246,175,0,217,223,287,167,101
20221,D,발달상권,3120059,구삼강변맛길,3277,1779,1498,6,431,676,553,747,864,4,244,472,365,322,372,2,187,204,188,425,492
20221,A,골목상권,3110149,세종대학교,122,72,50,0,15,21,31,23,32,0,8,13,19,7,25,0,7,8,12,16,7
20221,A,골목상권,3110155,광진구청,8356,7701,655,0,240,853,2408,4046,809,0,172,765,2256,3748,760,0,68,88,152,298,49
20221,A,골목상권,3110139,자양4동주민센터,204,116,88,0,13,28,53,51,59,0,3,14,32,25,42,0,10,14,21,26,17
20221,R,전통시장,3130077,조양시장,31,19,12,0,11,7,8,5,0,0,6,5,4,4,0,0,5,2,4,1,0
20221,A,골목상권,3110167,용마초등학교,380,223,157,2,22,56,99,112,89,0,9,20,52,64,78,2,13,36,47,48,11
20221,A,골목상권,3110176,해오름공원,791,439,352,1,84,212,229,173,92,1,32,119,126,91,70,0,52,93,103,82,22
20221,A,골목상권,3110204,간데메공원,411,268,143,3,83,97,82,89,57,3,57,64,46,58,40,0,26,33,36,31,17
20221,A,골목상권,3110226,장안1동주민센터,1882,1005,877,2,147,247,333,512,641,2,87,148,213,253,302,0,60,99,120,259,339
20221,A,골목상권,3110211,전곡마을마당공원,626,445,181,1,66,101,170,194,94,0,45,73,129,143,55,1,21,28,41,51,39
20221,A,골목상권,3110207,시립대앞사거리,33,21,12,0,4,10,6,5,8,0,2,8,3,3,5,0,2,2,3,2,3
20221,R,전통시장,3130086,서울약령시장,1184,651,533,4,113,208,305,341,213,0,56,128,165,181,121,4,57,80,140,160,92
20221,R,전통시장,3130087,경동광성상가(경동시장),28,20,8,0,5,3,8,7,5,0,3,2,6,5,4,0,2,1,2,2,1
20221,A,골목상권,3110198,동대문중앙새마을금고본점,67,26,41,0,1,0,18,37,11,0,0,0,8,10,8,0,1,0,10,27,3
20221,A,골목상권,3110200,동대문경찰서,74,50,24,0,1,6,21,13,33,0,0,1,11,6,32,0,1,5,10,7,1
20221,R,전통시장,3130115,우림골목시장,307,106,201,2,80,61,68,64,32,0,29,11,30,20,16,2,51,50,38,44,16
20221,A,골목상권,3110256,면목2동체육관,477,321,156,2,56,66,82,140,131,1,21,35,45,109,110,1,35,31,37,31,21
20221,A,골목상권,3110266,면목동우체국,225,182,43,0,10,31,38,79,67,0,1,19,30,69,63,0,9,12,8,10,4
20221,A,골목상권,3110236,신묵초등학교,1015,836,179,0,185,302,228,255,45,0,135,246,194,228,33,0,50,56,34,27,12
20221,A,골목상권,3110267,망우역 2번,139,49,90,1,15,28,50,28,17,1,2,10,19,13,4,0,13,18,31,15,13
20221,A,골목상권,3110234,중랑역 4번,96,41,55,0,15,16,23,25,17,0,2,5,10,14,10,0,13,11,13,11,7
20221,R,전통시장,3130121,길음시장,88,19,69,0,36,24,10,8,10,0,2,5,3,2,7,0,34,19,7,6,3
20221,A,골목상권,3110324,월곡역 4번,99,55,44,0,31,21,19,18,10,0,9,10,13,14,9,0,22,11,6,4,1
20221,A,골목상권,3110298,솔숲어린이공원,77,28,49,0,18,11,24,12,12,0,3,5,7,5,8,0,15,6,17,7,4
20221,A,골목상권,3110314,종암경찰서,949,699,250,1,127,271,223,286,41,0,72,206,162,231,28,1,55,65,61,55,13
20221,A,골목상권,3110365,미아역 5번,341,83,258,0,17,21,44,63,196,0,5,12,15,17,34,0,12,9,29,46,162
20221,A,골목상권,3110368,송천초등학교,199,178,21,0,9,16,39,71,64,0,5,11,34,66,62,0,4,5,5,5,2
20221,A,골목상권,3110352,수유1동주민센터,275,112,163,0,23,49,101,79,23,0,11,22,37,29,13,0,12,27,64,50,10
20221,A,골목상권,3110349,화계역 2번,83,67,16,0,6,4,21,33,19,0,5,3,12,28,19,0,1,1,9,5,0
20221,A,골목상권,3110367,강북구청,1943,976,967,5,195,512,483,522,226,4,64,205,237,340,126,1,131,307,246,182,100
20221,A,골목상권,3110339,국립4.19민주묘지,11,6,5,0,2,2,5,0,2,0,0,2,3,0,1,0,2,0,2,0,1
20221,A,골목상권,3110346,4.19민주묘지역 2번,96,48,48,0,12,13,19,19,33,0,3,7,8,7,23,0,9,6,11,12,10
20221,A,골목상권,3110395,신한은행 방학동지점,163,42,121,0,17,20,44,42,40,0,0,2,11,9,20,0,17,18,33,33,20
20221,A,골목상권,3110403,방학1동주민센터,316,167,149,1,44,56,63,78,74,1,30,37,36,36,27,0,14,19,27,42,47
20221,A,골목상권,3110393,국민은행방학지점,49,13,36,0,2,10,17,15,5,0,0,0,4,6,3,0,2,10,13,9,2
20221,A,골목상권,3110398,쌍문2동우체국,474,326,148,0,30,65,96,153,130,0,11,27,50,124,114,0,19,38,46,29,16
20221,R,전통시장,3130150,창동골목시장,84,47,37,0,19,30,14,8,13,0,7,20,9,5,6,0,12,10,5,3,7
20221,A,골목상권,3110401,도봉구민회관,243,65,178,0,29,32,38,87,57,0,4,14,14,22,11,0,25,18,24,65,46
20221,D,발달상권,3120084,공릉역,712,546,166,3,33,59,110,240,267,1,11,22,63,205,244,2,22,37,47,35,23
20221,A,골목상권,3110419,수락산디자인거리,695,462,233,5,94,131,159,180,126,5,49,76,108,130,94,0,45,55,51,50,32
20221,A,골목상권,3110425,계상초등학교,136,59,77,2,18,12,36,40,28,2,5,7,19,15,11,0,13,5,17,25,17
20221,A,골목상권,3110421,석계역 1번,249,109,140,0,22,37,78,65,47,0,8,16,31,26,28,0,14,21,47,39,19
20221,R,전통시장,3130167,연신내상점가(연빛거리),632,234,398,1,143,140,156,118,74,1,30,48,57,51,47,0,113,92,99,67,27
20221,D,발달상권,3120088,구산역,799,279,520,2,86,117,175,272,147,2,30,65,68,59,55,0,56,52,107,213,92
20221,A,골목상권,3110473,구산역 1번,436,241,195,0,34,59,113,107,123,0,24,27,53,49,88,0,10,32,60,58,35
20221,A,골목상권,3110487,불광역 8번,63,35,28,0,11,22,15,8,7,0,6,11,7,8,3,0,5,11,8,0,4
20221,A,골목상권,3110480,연신내역 3번,161,51,110,0,16,35,52,35,23,0,3,9,17,12,10,0,13,26,35,23,13
20221,A,골목상권,3110474,세명컴퓨터고등학교,119,55,64,0,7,33,28,23,28,0,2,14,11,8,20,0,5,19,17,15,8
20221,A,골목상권,3110482,연신초등학교,11,7,4,0,0,0,4,6,1,0,0,0,3,3,1,0,0,0,1,3,0
20221,A,골목상권,3110455,역촌노인복지관,690,369,321,2,73,120,187,203,105,0,37,64,89,109,70,2,36,56,98,94,35
20221,A,골목상권,3110470,신진과학기술고등학교,93,65,28,0,7,17,34,25,10,0,5,10,26,19,5,0,2,7,8,6,5
20221,A,골목상권,3110475,백련산해모로아파트,245,127,118,1,23,44,76,70,31,1,10,24,44,29,19,0,13,20,32,41,12
20221,D,발달상권,3120089,구파발역,5,1,4,0,0,0,1,2,2,0,0,0,0,1,0,0,0,0,1,1,2
20221,R,전통시장,3130173,백련시장,5,3,2,0,0,1,0,2,2,0,0,1,0,0,2,0,0,0,0,2,0
20221,D,발달상권,3120096,"이화여대(이대역, 이대)",493,210,283,1,81,137,130,86,58,0,27,52,48,43,40,1,54,85,82,43,18
20221,A,골목상권,3110532,아현역 2번,328,204,124,0,52,33,46,78,119,0,17,13,22,57,95,0,35,20,24,21,24
20221,R,전통시장,3130178,이대 앞 스타트업 상점가,30,6,24,0,5,5,8,6,6,0,1,0,3,0,2,0,4,5,5,6,4
20221,A,골목상권,3110517,서대문소방서,884,634,250,8,197,216,203,177,83,5,99,170,163,146,51,3,98,46,40,31,32
20221,A,골목상권,3110512,연희지하차도,335,165,170,0,40,62,102,99,32,0,14,38,44,49,20,0,26,24,58,50,12
20221,A,골목상권,3110536,돈의문센트레빌아파트입구,141,105,36,0,12,23,61,32,13,0,7,17,50,21,10,0,5,6,11,11,3
20221,A,골목상권,3110534,경기대학교,157,88,69,0,10,29,28,42,48,0,7,20,14,19,28,0,3,9,14,23,20
20221,A,골목상권,3110516,정원여중,227,101,126,0,35,40,62,65,25,0,17,18,27,23,16,0,18,22,35,42,9
20221,A,골목상권,3110527,홍제역 2번,185,89,96,1,36,40,36,40,32,1,11,26,15,21,15,0,25,14,21,19,17
20221,A,골목상권,3110572,서강대역 1번,470,254,216,1,63,130,117,116,43,1,32,67,58,66,30,0,31,63,59,50,13
20221,A,골목상권,3110575,대흥동주민센터,208,157,51,2,25,48,36,49,48,2,11,35,25,41,43,0,14,13,11,8,5
20221,D,발달상권,3120100,망원역,846,397,449,4,199,227,191,137,88,2,52,99,101,94,49,2,147,128,90,43,39
20221,R,전통시장,3130185,망원월드컵시장,190,123,67,1,26,69,53,25,16,1,14,43,35,16,14,0,12,26,18,9,2
20221,A,골목상권,3110547,KB국민은행 망원동지점,284,168,116,0,13,47,93,76,55,0,4,25,55,45,39,0,9,22,38,31,16
20221,R,전통시장,3130183,상암동상점가,816,607,209,1,89,204,283,187,52,0,49,150,227,143,38,1,40,54,56,44,14
20221,A,골목상권,3110569,홍대땡땡거리,358,153,205,2,62,108,97,53,36,1,18,48,46,19,21,1,44,60,51,34,15
20221,A,골목상권,3110554,망원역 1번,1579,777,802,2,213,371,508,350,135,2,105,188,241,156,85,0,108,183,267,194,50
20221,A,골목상권,3110551,성서초등학교,803,387,416,1,110,164,235,172,121,1,42,90,114,81,59,0,68,74,121,91,62
20221,R,전통시장,3130198,아현시장,203,45,158,1,51,84,52,10,5,0,8,5,26,4,2,1,43,79,26,6,3
20221,A,골목상권,3110550,합정역 8번,1578,740,838,1,240,411,414,333,179,0,84,165,221,171,99,1,156,246,193,162,80
20221,A,골목상권,3110546,양화대교북단,732,436,296,3,189,254,157,76,53,3,81,126,120,62,44,0,108,128,37,14,9
20221,D,발달상권,3120114,목동신시가지,13498,9371,4127,46,2070,3798,3444,2895,1245,29,1126,2619,2554,2204,839,17,944,1179,890,691,406
20221,A,골목상권,3110619,목4동주민센터,311,203,108,1,51,87,89,64,19,1,16,52,58,57,19,0,35,35,31,7,0
20221,A,골목상권,3110607,금빛새마을금고본점,47,29,18,0,1,10,11,14,11,0,1,4,5,10,9,0,0,6,6,4,2
20221,A,골목상권,3110608,신월2동주민센터,875,454,421,1,51,116,229,273,205,1,23,69,117,127,117,0,28,47,112,146,88
20221,A,골목상권,3110647,화곡역 5번,899,461,438,2,117,230,224,230,96,1,44,138,111,116,51,1,73,92,113,114,45
20221,A,골목상권,3110594,신월중학교,357,182,175,0,35,116,89,85,32,0,10,41,50,52,29,0,25,75,39,33,3
20221,R,전통시장,3130205,신곡종합시장(신월6동 골목시장),141,103,38,1,17,36,39,32,16,0,10,27,33,18,15,1,7,9,6,14,1
20221,A,골목상권,3110602,신월시영아파트중문,674,584,90,1,8,23,81,250,311,0,4,14,55,218,293,1,4,9,26,32,18
20221,A,골목상권,3110600,신월7동주민센터,350,263,87,0,32,30,66,101,121,0,17,14,38,79,115,0,15,16,28,22,6
20221,A,골목상권,3110610,계남근린공원,126,85,41,0,5,11,41,44,25,0,3,6,28,35,13,0,2,5,13,9,12
20221,A,골목상권,3110616,양목초등학교,161,103,58,0,3,23,19,40,76,0,2,18,14,32,37,0,1,5,5,8,39
20221,A,골목상권,3110611,신정역 1번,289,192,97,2,34,57,88,74,34,2,20,42,52,46,30,0,14,15,36,28,4
20221,A,골목상권,3110635,공항시장역 3번,1451,391,1060,4,64,82,162,479,660,1,43,58,63,33,193,3,21,24,99,446,467
20221,D,발달상권,3120122,강서구청,2179,1231,948,4,314,461,494,447,459,2,103,228,271,262,365,2,211,233,223,185,94
20221,A,골목상권,3110638,신방화역 2번,372,202,170,3,53,75,88,87,66,3,22,40,44,43,50,0,31,35,44,44,16
20221,A,골목상권,3110650,우장산힐스테이트,143,116,27,0,23,30,51,20,19,0,15,25,42,17,17,0,8,5,9,3,2
20221,A,골목상권,3110702,개봉초등학교,131,93,38,1,15,18,33,34,30,1,10,13,23,24,22,0,5,5,10,10,8
20221,R,전통시장,3130227,고척골목시장상점가(그라운드 고척),33,14,19,0,4,6,10,8,5,0,0,1,5,5,3,0,4,5,5,3,2
20221,A,골목상권,3110699,덕의초등학교,136,79,57,0,14,22,29,43,28,0,7,14,13,24,21,0,7,8,16,19,7
20221,D,발달상권,3120129,구로디지털단지,48873,32033,16840,196,10422,16630,12386,5777,3462,127,5285,11083,8771,3995,2772,69,5137,5547,3615,1782,690
20221,A,골목상권,3110712,남구로역 5번,233,108,125,1,32,36,66,64,34,0,10,17,24,32,25,1,22,19,42,32,9
20221,A,골목상권,3110720,대림역 2번,228,87,141,0,27,50,65,49,37,0,11,14,18,17,27,0,16,36,47,32,10
20221,R,전통시장,3130231,독산동 우시장,611,476,135,2,31,74,126,196,182,0,16,55,97,145,163,2,15,19,29,51,19
20221,A,골목상권,3110745,독산동정훈단지,251,191,60,0,11,20,33,86,101,0,3,12,22,64,90,0,8,8,11,22,11
20221,D,발달상권,3120134,구로전화국,2014,1668,346,0,107,157,172,223,1355,0,44,75,96,153,1300,0,63,82,76,70,55
20221,A,골목상권,3110755,동일여자고등학교,193,51,142,0,10,24,45,70,44,0,3,8,17,11,12,0,7,16,28,59,32
20221,D,발달상권,3120143,당산역,2671,1987,684,9,326,516,558,517,745,2,194,394,403,386,608,7,132,122,155,131,137
20221,A,골목상권,3110778,구로디지털단지역 4번,1596,862,734,0,248,459,484,224,181,0,122,281,192,136,131,0,126,178,292,88,50
20221,A,골목상권,3110771,대림역 11번,955,604,351,0,22,38,128,210,557,0,21,30,73,131,349,0,1,8,55,79,208
20221,D,발달상권,3120139,대림3동사거리,3619,2404,1215,14,423,867,992,727,596,5,220,632,783,462,302,9,203,235,209,265,294
20221,A,골목상권,3110768,도림2동유수지내체육시설,294,155,139,0,20,43,63,73,95,0,7,22,32,41,53,0,13,21,31,32,42
20221,A,골목상권,3110759,문래예술촌(문래창작촌),4221,2168,2053,9,521,838,1001,1281,571,5,266,553,595,462,287,4,255,285,406,819,284
20221,D,발달상권,3120152,신대방삼거리역,578,278,300,1,66,127,150,148,86,1,22,63,80,70,42,0,44,64,70,78,44
20221,A,골목상권,3110818,신대방역 3번,20,9,11,0,1,3,7,7,2,0,1,3,2,1,2,0,0,0,5,6,0
20221,A,골목상권,3110856,미성초등학교,538,295,243,3,58,85,170,150,72,1,28,44,99,71,52,2,30,41,71,79,20
20221,A,골목상권,3110874,원신초등학교(구세군관악영문교회),46,15,31,1,4,19,7,12,3,1,1,3,3,6,1,0,3,16,4,6,2
20221,A,골목상권,3110879,신림현대아파트,17,7,10,0,2,3,5,5,2,0,1,2,2,2,0,0,1,1,3,3,2
20221,A,골목상권,3110885,영락고등학교,339,213,126,0,37,58,94,88,62,0,18,33,61,56,45,0,19,25,33,32,17
20221,D,발달상권,3120157,신림역(신림),637,257,380,1,96,116,146,139,139,0,19,40,82,49,67,1,77,76,64,90,72
20221,A,골목상권,3110858,신대방역 1번,66,33,33,0,5,9,17,7,28,0,0,1,6,2,24,0,5,8,11,5,4
20221,A,골목상권,3110872,신림초등학교,279,196,83,3,54,68,69,54,31,3,36,54,54,42,7,0,18,14,15,12,24
20221,A,골목상권,3110855,신대방역 2번,429,275,154,2,53,111,126,90,47,0,22,81,83,55,34,2,31,30,43,35,13
20221,R,전통시장,3130276,신림중앙시장(조원동 펭귄시장),39,27,12,0,1,2,13,11,12,0,0,2,7,9,9,0,1,0,6,2,3
20221,A,골목상권,3110947,청계산입구역 2번(내곡동주민센터),112,45,67,0,18,17,27,18,32,0,8,9,14,7,7,0,10,8,13,11,25
20221,D,발달상권,3120177,신논현역 1번,694,436,258,1,84,187,202,143,77,0,34,111,130,106,55,1,50,76,72,37,22
20221,D,발달상권,3120187,신논현역,13076,7778,5298,64,3624,3962,2984,1673,769,27,1516,2302,2121,1247,565,37,2108,1660,863,426,204
20221,A,골목상권,3110913,방현초등학교(방배119안전센터),3293,2109,1184,7,571,1263,876,376,200,4,272,822,625,237,149,3,299,441,251,139,51
20221,A,골목상권,3110934,우면주공아파트,994,674,320,6,197,291,253,161,86,5,83,217,195,110,64,1,114,74,58,51,22
20221,A,골목상권,3110937,방아다리근린공원(횃불트리니티신학대학원대학교),2465,1270,1195,7,634,861,542,318,103,6,246,507,335,113,63,1,388,354,207,205,40
20221,D,발달상권,3120183,양재천카페거리,3558,2626,932,12,586,972,848,551,589,10,364,717,638,413,484,2,222,255,210,138,105
20221,D,발달상권,3120205,매봉역,13950,9370,4580,95,2838,4203,3126,1781,1907,44,1450,2959,2521,1302,1094,51,1388,1244,605,479,813
20221,D,발달상권,3120194,언주역(차병원),12628,8724,3904,37,2790,4202,2802,1923,874,14,1366,2863,2239,1588,654,23,1424,1339,563,335,220
20221,A,골목상권,3110955,논현초등학교,3430,2238,1192,19,719,823,793,625,451,13,417,568,554,389,297,6,302,255,239,236,154
20221,R,전통시장,3130303,영동전통시장,242,95,147,0,21,60,67,58,36,0,7,19,22,24,23,0,14,41,45,34,13
20221,D,발달상권,3120215,포스코사거리,61667,40706,20961,170,9756,22506,18178,8408,2649,29,4305,14324,13853,6409,1786,141,5451,8182,4325,1999,863
20221,A,골목상권,3110992,도곡초등학교,2179,1144,1035,3,269,440,484,524,459,1,108,253,258,260,264,2,161,187,226,264,195
20221,A,골목상권,3110991,삼성중앙역 5번,1246,794,452,1,111,415,339,275,105,1,28,243,229,216,77,0,83,172,110,59,28
20221,A,골목상권,3111000,대왕초등학교(세곡동사거리서남측),39,20,19,0,7,10,12,8,2,0,0,4,10,4,2,0,7,6,2,4,0
20221,A,골목상권,3110999,윗방죽마을공원,268,130,138,2,19,43,44,83,77,1,12,27,27,39,24,1,7,16,17,44,53
20221,R,전통시장,3130302,강남시장(강남구 강남시장),58,33,25,0,13,15,14,8,8,0,7,10,9,2,5,0,6,5,5,6,3
20221,A,골목상권,3110963,역삼월드메르디앙아파트,779,545,234,1,126,183,226,154,89,0,79,144,171,97,54,1,47,39,55,57,35
20221,A,골목상권,3110967,역삼역 8번,377,228,149,0,63,92,89,92,41,0,31,51,60,56,30,0,32,41,29,36,11
20221,A,골목상권,3110972,강남세브란스병원미래의학연구센터,2628,1440,1188,17,539,669,692,581,130,4,240,428,438,258,72,13,299,241,254,323,58
20221,A,골목상권,3110969,베르사이유1아파트,1546,1230,316,4,231,442,483,285,101,2,165,345,402,239,77,2,66,97,81,46,24
20221,R,전통시장,3130307,도곡시장,17,9,8,0,0,3,4,7,3,0,0,2,1,4,2,0,0,1,3,3,1
20221,A,골목상권,3110990,청담역 12번,262,109,153,2,61,92,56,36,15,0,12,32,29,23,13,2,49,60,27,13,2
20221,A,골목상권,3110985,청담근린공원,1338,948,390,0,193,447,374,226,98,0,98,346,275,157,72,0,95,101,99,69,26
20221,R,전통시장,3130308,청담삼익시장,48,30,18,0,5,11,13,7,12,0,3,6,8,4,9,0,2,5,5,3,3
20221,D,발달상권,3120231,가락시장,5698,4083,1615,0,368,1051,1564,1654,1061,0,264,836,1185,1098,700,0,104,215,379,556,361
20221,D,발달상권,3120240,개롱역,1609,1102,507,7,212,314,404,431,241,5,125,230,269,295,178,2,87,84,135,136,63
20221,A,골목상권,3111021,방이역 4번,7683,5874,1809,22,793,1329,1979,2137,1423,15,391,912,1552,1769,1235,7,402,417,427,368,188
20221,A,골목상권,3111008,석촌고분역 3번,1551,1177,374,1,182,286,280,382,420,1,148,237,208,248,335,0,34,49,72,134,85
20221,A,골목상권,3111015,석촌역 3번,1352,778,574,1,151,315,350,351,184,1,72,199,216,181,109,0,79,116,134,170,75
20221,A,골목상권,3111016,송파역 2번,3803,1601,2202,15,1126,1104,801,601,156,8,407,533,427,165,61,7,719,571,374,436,95
20221,A,골목상권,3111038,보인중학교,416,270,146,0,26,66,113,123,88,0,11,38,85,88,48,0,15,28,28,35,40
20221,A,골목상권,3111011,잠실나루역,9608,7747,1861,42,1275,3018,2795,2046,432,18,924,2492,2309,1674,330,24,351,526,486,372,102
20221,A,골목상권,3111003,삼전역 4번,1996,1337,659,6,249,412,549,437,343,1,160,278,332,308,258,5,89,134,217,129,85
20221,R,전통시장,3130311,새마을시장,377,246,131,1,60,78,104,75,59,0,28,48,80,55,35,1,32,30,24,20,24
20221,R,전통시장,3130326,고덕 골목형상점가,935,850,85,0,8,37,165,395,330,0,4,31,147,360,308,0,4,6,18,35,22
20221,A,골목상권,3111088,고덕동성당,123,54,69,0,15,32,32,31,13,0,4,15,10,15,10,0,11,17,22,16,3
20221,A,골목상권,3111071,천동초등학교,76,52,24,0,4,15,21,25,11,0,4,6,18,16,8,0,0,9,3,9,3
20221,A,골목상권,3111079,둔촌고등학교(둔촌중학교),377,197,180,1,43,58,60,76,139,1,28,34,33,28,73,0,15,24,27,48,66
20221,A,골목상권,3111050,강동구청(강동구청역 2번),131,96,35,0,21,14,21,32,43,0,12,5,12,27,40,0,9,9,9,5,3
20221,D,발달상권,3120243,천호역,1395,637,758,6,189,265,331,296,308,2,64,109,143,126,193,4,125,156,188,170,115
20221,A,골목상권,3111062,둔촌동역 3번(성내3동주민센터),751,501,250,5,134,198,194,144,76,5,81,139,126,91,59,0,53,59,68,53,17
20221,A,골목상권,3111066,암사동성당(효정하나플러스아파트),417,255,162,3,46,103,101,113,51,0,14,53,66,91,31,3,32,50,35,22,20
20221,A,골목상권,3111052,암사역 3번(천호동자전거거리),357,228,129,1,26,71,117,94,48,1,11,47,76,58,35,0,15,24,41,36,13
20221,A,골목상권,3111069,천호1동주민센터,79,54,25,0,8,17,17,26,11,0,4,12,14,14,10,0,4,5,3,12,1
20221,A,골목상권,3111048,천호역 1번(천호문구완구거리),183,101,82,3,18,52,44,42,24,2,10,24,26,23,16,1,8,28,18,19,8
20221,A,골목상권,3110003,세검정초등학교,607,337,270,7,78,120,167,167,68,6,35,45,103,96,52,1,43,75,64,71,16
20221,R,전통시장,3130020,동묘시장(동묘벼룩시장),407,177,230,5,154,93,73,58,24,5,43,31,45,32,21,0,111,62,28,26,3
20221,R,전통시장,3130005,세운상가가동,133,93,40,0,7,34,35,21,36,0,5,23,28,8,29,0,2,11,7,13,7
20221,D,발달상권,3120004,종로구청,12937,7078,5859,9,1442,4392,4485,2080,529,4,432,2050,2756,1493,343,5,1010,2342,1729,587,186
20221,R,전통시장,3130004,낙원시장(낙원지하시장(대일상가)),364,258,106,0,29,70,99,78,88,0,14,51,68,57,68,0,15,19,31,21,20
20221,R,전통시장,3130010,종로신진시장,200,113,87,0,20,29,55,48,48,0,14,17,24,26,32,0,6,12,31,22,16
20221,A,골목상권,3110032,수족관거리,30,15,15,0,3,5,4,13,5,0,2,1,2,7,3,0,1,4,2,6,2
20221,U,관광특구,3001493,동대문패션타운 관광특구,5916,2900,3016,36,1415,1672,1133,1020,640,13,536,733,643,584,391,23,879,939,490,436,249
20221,A,골목상권,3110049,장충단 고개,2303,1240,1063,4,566,582,448,431,272,2,174,314,281,257,212,2,392,268,167,174,60
20221,D,발달상권,3120039,신당역,2348,1249,1099,31,795,488,410,342,282,11,348,245,228,226,191,20,447,243,182,116,91
20221,A,골목상권,3110041,남산케이블카,967,435,532,2,118,152,175,254,266,2,51,69,83,87,143,0,67,83,92,167,123
20221,R,전통시장,3130052,서울중앙시장(신중앙시장),479,342,137,0,106,156,101,61,55,0,80,110,57,45,50,0,26,46,44,16,5
20221,D,발달상권,3120036,장충동족발거리(남소영길),2289,1090,1199,14,616,783,556,223,97,0,122,393,365,155,55,14,494,390,191,68,42
20221,A,골목상권,3110054,청구역 3번,1542,854,688,3,259,378,315,340,247,1,90,204,220,215,124,2,169,174,95,125,123
20221,R,전통시장,3130056,용산용문시장,65,34,31,0,7,15,18,10,15,0,4,6,7,6,11,0,3,9,11,4,4
20221,A,골목상권,3110080,해방촌예술마을,311,168,143,0,53,71,88,58,41,0,18,40,52,31,27,0,35,31,36,27,14
20221,A,골목상권,3110065,남정초등학교,137,92,45,0,17,45,48,17,10,0,9,37,31,10,5,0,8,8,17,7,5
20221,A,골목상권,3110579,마포역 4번,750,563,187,2,54,162,247,219,66,1,37,124,188,165,48,1,17,38,59,54,18
20221,D,발달상권,3120046,이태원(이태원역),2285,1299,986,24,818,684,339,224,196,15,389,422,205,137,131,9,429,262,134,87,65
20221,D,발달상권,3120044,삼각지역,1905,1415,490,5,357,534,461,374,174,5,220,403,384,278,125,0,137,131,77,96,49
20221,A,골목상권,3110123,마장역 3번,511,382,129,0,42,56,91,185,137,0,21,36,63,141,121,0,21,20,28,44,16
20221,A,골목상권,3110121,한양대역 4번,45,30,15,0,3,10,8,11,13,0,2,5,5,7,11,0,1,5,3,4,2
20221,D,발달상권,3120049,왕십리역(왕십리),1459,1004,455,1,183,301,377,468,129,1,92,187,272,371,81,0,91,114,105,97,48
20221,A,골목상권,3110127,성수1가1동주민센터,290,157,133,0,31,55,56,100,48,0,11,40,31,47,28,0,20,15,25,53,20
20221,D,발달상권,3120051,뚝섬역,3944,2582,1362,20,703,946,867,651,757,15,446,646,549,445,481,5,257,300,318,206,276
20221,R,전통시장,3130071,성수역 골목형상점가,335,180,155,1,61,89,70,43,71,0,27,43,43,29,38,1,34,46,27,14,33
20221,A,골목상권,3110114,왕십리파출소,33,19,14,0,3,2,8,14,6,0,1,1,4,8,5,0,2,1,4,6,1
20221,A,골목상권,3110174,아차산역 1번,432,305,127,1,49,80,115,104,83,1,25,57,76,69,77,0,24,23,39,35,6
20221,A,골목상권,3110140,건대입구역 6번,429,268,161,6,37,67,113,120,86,5,17,34,65,83,64,1,20,33,48,37,22
20221,A,골목상권,3110152,중곡어린이공원,340,300,40,0,17,29,64,121,109,0,10,21,55,109,105,0,7,8,9,12,4
20221,A,골목상권,3110161,중곡역 3번,236,135,101,3,11,33,58,65,66,0,2,16,37,40,40,3,9,17,21,25,26
20221,R,전통시장,3130084,신성시장(신성골목시장),21,6,15,0,3,5,8,4,1,0,0,1,2,2,1,0,3,4,6,2,0
20221,A,골목상권,3110141,건대입구역 1번,213,138,75,1,23,49,67,48,25,1,11,27,51,32,16,0,12,22,16,16,9
20221,A,골목상권,3110144,어린이대공원역 4번,104,49,55,0,35,17,21,19,12,0,9,10,11,10,9,0,26,7,10,9,3
20221,R,전통시장,3130097,답십리 건축자재시장,291,188,103,1,16,42,42,36,154,0,7,34,23,19,105,1,9,8,19,17,49
20221,A,골목상권,3110209,답십리 장령당공원,83,52,31,0,3,11,28,19,22,0,1,5,16,15,15,0,2,6,12,4,7
20221,R,전통시장,3130101,답십리현대시장,8,5,3,0,0,1,3,2,2,0,0,1,1,2,1,0,0,0,2,0,1
20221,A,골목상권,3110186,종암초등학교,114,86,28,0,9,21,16,34,34,0,3,18,10,26,29,0,6,3,6,8,5
20221,A,골목상권,3110221,의릉,95,69,26,0,10,12,36,29,8,0,6,10,24,22,7,0,4,2,12,7,1
20221,A,골목상권,3110202,전농1동주민센터(전농시장),111,68,43,0,14,35,31,20,11,0,9,19,21,14,5,0,5,16,10,6,6
20221,A,골목상권,3110206,텃골근린공원,92,37,55,0,8,14,25,24,21,0,4,7,8,8,10,0,4,7,17,16,11
20221,R,전통시장,3130094,청량리청과물시장,54,24,30,0,7,13,17,7,10,0,0,4,10,2,8,0,7,9,7,5,2
20221,R,전통시장,3130095,청량리전통시장,95,38,57,0,6,16,18,33,22,0,4,6,9,10,9,0,2,10,9,23,13
20221,A,골목상권,3110199,홍릉시장,65,41,24,0,11,15,18,14,7,0,8,8,10,9,6,0,3,7,8,5,1
20221,A,골목상권,3110219,삼육보건대학교,251,146,105,0,18,42,70,81,40,0,11,20,32,52,31,0,7,22,38,29,9
20221,A,골목상권,3110268,망우3동주민센터,60,30,30,0,10,13,10,18,9,0,1,5,7,10,7,0,9,8,3,8,2
20221,R,전통시장,3130114,유영시장,31,20,11,0,9,5,3,8,6,0,7,2,2,5,4,0,2,3,1,3,2
20221,A,골목상권,3110237,메가박스 상봉,274,152,122,0,30,67,97,54,26,0,13,37,48,36,18,0,17,30,49,18,8
20221,A,골목상권,3110258,면동초등학교,260,99,161,0,32,49,79,66,34,0,1,20,28,34,16,0,31,29,51,32,18
20221,A,골목상권,3110254,오거리공원,259,90,169,1,19,75,79,53,32,0,6,15,35,22,12,1,13,60,44,31,20
20221,A,골목상권,3110264,면목역 2번,358,170,188,1,52,75,93,80,57,0,21,40,40,37,32,1,31,35,53,43,25
20221,A,골목상권,3110248,먹골파출소,85,47,38,1,19,23,20,12,10,0,7,14,12,4,10,1,12,9,8,8,0
20221,A,골목상권,3110279,신내역 2번,9,8,1,0,0,1,4,4,0,0,0,1,3,4,0,0,0,0,1,0,0
20221,A,골목상권,3110245,KB국민은행 중화동지점,156,81,75,0,8,36,52,40,20,0,5,16,26,19,15,0,3,20,26,21,5
20221,R,전통시장,3130108,태능엔터피아(태릉시장),3,1,2,0,0,0,1,2,0,0,0,0,0,1,0,0,0,0,1,1,0
20221,A,골목상권,3110308,길음역 8번,174,85,89,0,17,36,56,41,24,0,8,17,26,20,14,0,9,19,30,21,10
20221,D,발달상권,3120073,미아사거리,353,135,218,3,40,67,95,95,53,2,16,29,45,23,20,1,24,38,50,72,33
20221,A,골목상권,3110300,삼선동주민센터,2735,1587,1148,3,248,710,769,844,161,2,97,300,444,629,115,1,151,410,325,215,46
20221,D,발달상권,3120072,성신여대,1048,537,511,18,137,211,213,271,198,11,46,86,103,152,139,7,91,125,110,119,59
20221,A,골목상권,3110301,성신여대입구역 7번,484,209,275,1,73,84,96,134,96,0,31,37,39,62,40,1,42,47,57,72,56
20221,R,전통시장,3130120,돈암시장(돈암제일시장),99,23,76,1,20,20,25,18,15,0,0,2,7,8,6,1,20,18,18,10,9
20221,A,골목상권,3110328,상월곡역 3번,235,157,78,1,38,75,62,37,22,1,26,58,33,24,15,0,12,17,29,13,7
20221,R,전통시장,3130126,새석관시장,13,8,5,0,1,4,2,5,1,0,0,3,1,3,1,0,1,1,1,2,0
20221,R,전통시장,3130128,돌곶이시장(석관황금시장),191,157,34,0,30,36,41,72,12,0,28,26,29,62,12,0,2,10,12,10,0
20221,A,골목상권,3110323,상월곡역 1번,109,30,79,2,25,24,28,18,12,0,4,5,11,5,5,2,21,19,17,13,7
20221,A,골목상권,3110325,장곡초등학교,57,18,39,0,0,14,20,17,6,0,0,3,7,4,4,0,0,11,13,13,2
20221,A,골목상권,3110329,우리은행체육관,34,27,7,1,1,5,6,14,7,1,0,5,5,10,6,0,1,0,1,4,1
20221,A,골목상권,3110418,광운대학교 남단,100,45,55,0,11,17,23,26,23,0,5,5,13,16,6,0,6,12,10,10,17
20221,A,골목상권,3110292,정릉역 2번,33,14,19,0,1,5,16,6,5,0,1,3,5,3,2,0,0,2,11,3,3
20221,A,골목상권,3110289,북한산보국문역 2번,144,105,39,0,9,28,49,32,26,0,6,23,30,24,22,0,3,5,19,8,4
20221,A,골목상권,3110320,KB국민은행 종암동지점,79,51,28,0,2,11,27,24,15,0,1,5,15,17,13,0,1,6,12,7,2
20221,A,골목상권,3110369,성신여대운정그린캠퍼스,518,214,304,1,49,46,131,131,160,1,10,16,44,53,90,0,39,30,87,78,70
20221,A,골목상권,3110376,수송초등학교,224,142,82,0,26,47,62,60,29,0,12,29,38,41,22,0,14,18,24,19,7
20221,R,전통시장,3130143,방천골목시장,65,36,29,0,11,7,19,24,4,0,6,5,9,13,3,0,5,2,10,11,1
20221,R,전통시장,3130140,숭인시장,62,27,35,0,9,13,10,15,15,0,0,4,1,9,13,0,9,9,9,6,2
20221,A,골목상권,3110362,우이천 계성교,205,110,95,1,24,34,61,63,22,0,11,19,28,35,17,1,13,15,33,28,5
20221,A,골목상권,3110356,덕수교,228,114,114,0,13,34,55,60,66,0,4,17,22,30,41,0,9,17,33,30,25
20221,R,전통시장,3130139,강북종합전통시장(강북종합골목시장),166,114,52,0,16,45,61,28,16,0,11,33,42,19,9,0,5,12,19,9,7
20221,A,골목상권,3110343,무너미어린이공원,100,74,26,0,7,21,28,32,12,0,4,14,22,25,9,0,3,7,6,7,3
20221,A,골목상권,3110351,수유북부시장옆,214,93,121,0,27,45,51,59,32,0,9,17,20,25,22,0,18,28,31,34,10
20221,A,골목상권,3110413,누원고등학교,54,33,21,0,8,11,12,11,12,0,5,8,5,5,10,0,3,3,7,6,2
20221,A,골목상권,3110382,솔밭공원역 1번,32,25,7,0,1,9,8,7,7,0,0,5,6,7,7,0,1,4,2,0,0
20221,R,전통시장,3130149,창동신창시장,116,51,65,0,5,24,35,31,21,0,2,10,17,10,12,0,3,14,18,21,9
20221,R,전통시장,3130159,공릉동 도깨비시장,101,47,54,0,12,22,24,26,17,0,4,8,9,15,11,0,8,14,15,11,6
20221,A,골목상권,3110422,노원역 9번,277,221,56,0,27,70,94,54,32,0,24,59,79,37,22,0,3,11,15,17,10
20221,D,발달상권,3120082,상계백병원,389,127,262,0,81,95,109,69,35,0,19,18,34,38,18,0,62,77,75,31,17
20221,A,골목상권,3110417,월계역 3번,19,10,9,0,10,6,0,3,0,0,3,5,0,2,0,0,7,1,0,1,0
20221,D,발달상권,3120083,등나무근린공원,1184,787,397,0,166,325,271,283,139,0,114,228,171,179,95,0,52,97,100,104,44
20221,R,전통시장,3130155,시영B상가(중계 그린아파트 B 상가),3,2,1,0,0,1,0,2,0,0,0,1,0,1,0,0,0,0,0,1,0
20221,A,골목상권,3110430,중계초등학교,275,100,175,0,18,28,58,96,75,0,8,7,19,25,41,0,10,21,39,71,34
20221,A,골목상권,3110441,영신여고,138,72,66,0,12,28,33,41,24,0,7,20,15,21,9,0,5,8,18,20,15
20221,A,골목상권,3110427,노원 을지대학교병원,363,281,82,0,27,27,62,126,121,0,12,14,31,109,115,0,15,13,31,17,6
20221,A,골목상권,3110477,은평세무서,434,205,229,0,43,62,106,141,82,0,15,23,49,71,47,0,28,39,57,70,35
20221,A,골목상권,3110476,역촌역 2번,56,26,30,0,2,8,22,17,7,0,1,3,9,7,6,0,1,5,13,10,1
20221,R,전통시장,3130169,대조시장,67,31,36,0,5,11,21,23,7,0,1,3,11,11,5,0,4,8,10,12,2
20221,R,전통시장,3130171,불광먹자골목 골목형상점가,155,54,101,0,18,31,24,37,45,0,4,9,11,16,14,0,14,22,13,21,31
20221,R,전통시장,3130160,수일시장,7,2,5,0,0,2,1,2,2,0,0,0,0,1,1,0,0,2,1,1,1
20221,A,골목상권,3110499,연가초등학교,263,119,144,0,42,42,74,65,40,0,8,20,31,35,25,0,34,22,43,30,15
20221,A,골목상권,3110503,명지대학교교회,230,123,107,0,27,52,59,64,28,0,9,30,26,36,22,0,18,22,33,28,6
20221,A,골목상권,3110533,충정로역 7번,22,11,11,0,5,5,3,5,4,0,0,2,2,4,3,0,5,3,1,1,1
20221,A,골목상권,3110537,충정로현대아파트,1514,848,666,1,362,525,328,177,121,0,150,263,215,134,86,1,212,262,113,43,35
20221,A,골목상권,3110522,홍제역 3번,46,12,34,0,14,7,12,6,7,0,2,2,2,2,4,0,12,5,10,4,3
20221,R,전통시장,3130196,공덕시장,3948,2001,1947,52,1323,1296,891,287,99,28,467,646,599,181,80,24,856,650,292,106,19
20221,A,골목상권,3110541,동교초등학교,377,221,156,0,43,59,101,96,78,0,23,37,63,50,48,0,20,22,38,46,30
20221,R,전통시장,3130190,홍대소상공인상점가,150,77,73,1,55,35,30,18,11,0,18,22,18,10,9,1,37,13,12,8,2
20221,D,발달상권,3120102,서교동(홍대),7276,3402,3874,18,1521,2551,1814,899,473,11,496,1065,913,566,351,7,1025,1486,901,333,122
20221,A,골목상권,3110555,홍익지구대,284,147,137,1,49,53,55,37,89,0,14,28,31,16,58,1,35,25,24,21,31
20221,A,골목상권,3110558,경성고등학교,2362,1593,769,11,308,568,571,513,391,10,153,351,408,384,287,1,155,217,163,129,104
20221,R,전통시장,3130184,마포농수산물시장,77,40,37,0,2,12,24,26,13,0,1,8,12,14,5,0,1,4,12,12,8
20221,A,골목상권,3110571,신수동주민센터,635,358,277,5,109,159,187,126,49,5,57,88,98,74,36,0,52,71,89,52,13
20221,A,골목상권,3110628,신목동역,469,307,162,0,52,85,114,113,105,0,28,56,79,85,59,0,24,29,35,28,46
20221,R,전통시장,3130210,목2동시장,432,251,181,1,66,124,122,71,48,1,40,69,70,39,32,0,26,55,52,32,16
20221,D,발달상권,3120108,신정네거리역,992,580,412,2,93,215,220,242,220,1,28,110,112,160,169,1,65,105,108,82,51
20221,A,골목상권,3110627,신정롯데캐슬아파트,548,318,230,24,129,136,102,93,64,13,69,81,62,49,44,11,60,55,40,44,20
20221,R,전통시장,3130206,신정3동 골목시장,20,6,14,0,0,5,11,2,2,0,0,0,3,1,2,0,0,5,8,1,0
20221,A,골목상권,3110612,신정역 5번,644,303,341,1,85,88,143,197,130,0,44,62,74,70,53,1,41,26,69,127,77
20221,A,골목상권,3110629,송정역 4번,190,107,83,0,26,52,54,35,23,0,9,34,28,24,12,0,17,18,26,11,11
20221,R,전통시장,3130220,등마루시장,491,167,324,5,44,61,71,166,144,3,16,29,38,34,47,2,28,32,33,132,97
20221,D,발달상권,3120115,김포공항역(김포공항),23,12,11,0,6,9,4,4,0,0,2,4,3,3,0,0,4,5,1,1,0
20221,A,골목상권,3110679,염창역 2번,574,404,170,3,89,206,152,80,44,2,49,148,111,58,36,1,40,58,41,22,8
20221,A,골목상권,3110649,우장산역 1번,358,191,167,0,41,91,82,93,51,0,12,49,38,59,33,0,29,42,44,34,18
20221,A,골목상권,3110670,신곡초등학교,489,320,169,6,79,118,121,90,75,3,45,77,71,59,65,3,34,41,50,31,10
20221,A,골목상권,3110666,KC대학교,176,60,116,0,19,35,52,57,13,0,10,10,20,13,7,0,9,25,32,44,6
20221,A,골목상권,3110669,화곡보람2차아파트,13,3,10,0,0,2,4,2,5,0,0,1,2,0,0,0,0,1,2,2,5
20221,A,골목상권,3110700,고척초등학교,3249,2648,601,3,209,680,974,1176,207,2,119,533,803,1021,170,1,90,147,171,155,37
20221,D,발달상권,3120124,개봉동 현대아파트,461,205,256,0,63,89,119,82,108,0,18,26,49,43,69,0,45,63,70,39,39
20221,R,전통시장,3130228,구로시장,10,5,5,0,0,4,6,0,0,0,0,1,4,0,0,0,0,3,2,0,0
20221,D,발달상권,3120128,신도림역,1253,656,597,7,191,318,382,243,112,1,75,153,191,149,87,6,116,165,191,94,25
20221,A,골목상권,3110689,오류동역 3번,287,200,87,3,44,47,56,75,62,3,25,32,41,52,47,0,19,15,15,23,15
20221,A,골목상권,3110690,오류2동버들시장,577,275,302,1,101,192,133,94,56,0,39,104,64,36,32,1,62,88,69,58,24
20221,A,골목상권,3110725,가산동주민센터,85,59,26,0,6,20,22,20,17,0,3,15,16,12,13,0,3,5,6,8,4
20221,A,골목상권,3110735,말미고개,520,330,190,0,64,115,140,140,61,0,31,79,94,79,47,0,33,36,46,61,14
20221,R,전통시장,3130233,남문시장,76,47,29,0,5,8,18,22,23,0,2,3,9,12,21,0,3,5,9,10,2
20221,A,골목상권,3110736,독산119안전센터,461,199,262,0,46,55,76,118,166,0,21,32,35,42,69,0,25,23,41,76,97
20221,A,골목상권,3110746,금천금빛공원(은행나무사거리서측),76,53,23,0,5,11,23,22,15,0,3,9,13,16,12,0,2,2,10,6,3
20221,R,전통시장,3130237,박미시장(기능상실),39,26,13,0,1,6,11,9,12,0,0,2,7,8,9,0,1,4,4,1,3
20221,A,골목상권,3110766,대림역 5번,360,205,155,0,30,82,85,99,64,0,15,54,42,56,38,0,15,28,43,43,26
20221,A,골목상권,3110777,구로세무서,282,210,72,0,36,41,47,83,75,0,13,30,32,66,69,0,23,11,15,17,6
20221,R,전통시장,3130255,영등포전통시장,45,29,16,0,1,7,5,10,22,0,1,5,3,4,16,0,0,2,2,6,6
20221,A,골목상권,3110788,영등포시장역 3번,28,22,6,0,4,5,7,9,3,0,3,5,6,6,2,0,1,0,1,3,1
20221,A,골목상권,3110783,영등포시장역 1번,292,154,138,1,26,37,35,67,126,1,19,27,16,33,58,0,7,10,19,34,68
20221,A,골목상권,3110799,영등포본동주민센터,119,86,33,5,21,16,11,22,44,3,12,10,6,15,40,2,9,6,5,7,4
20221,R,전통시장,3130265,노량진중앙시장,115,82,33,0,17,48,34,8,8,0,12,42,23,3,2,0,5,6,11,5,6
20221,R,전통시장,3130263,신노량진시장(기능상실),13,4,9,0,0,3,4,6,0,0,0,0,1,3,0,0,0,3,3,3,0
20221,A,골목상권,3110821,보라매역 2번,599,356,243,0,73,109,142,137,138,0,34,65,80,89,88,0,39,44,62,48,50
20221,D,발달상권,3120155,총신대학교,107,54,53,0,13,27,24,25,18,0,7,8,13,14,12,0,6,19,11,11,6
20221,R,전통시장,3130268,상도전통시장,239,104,135,0,33,60,53,58,35,0,12,23,23,24,22,0,21,37,30,34,13
20221,A,골목상권,3110836,상도역 5번,3057,1846,1211,9,550,798,701,647,352,2,238,486,453,447,220,7,312,312,248,200,132
20221,A,골목상권,3110840,중앙대학교,175,99,76,0,24,25,57,45,24,0,12,13,37,22,15,0,12,12,20,23,9
20221,A,골목상권,3110878,미림여고,368,218,150,3,43,114,101,78,29,0,19,63,68,43,25,3,24,51,33,35,4
20221,A,골목상권,3110861,관악구신사동주민센터,1168,598,570,1,215,376,261,204,111,1,71,194,161,101,70,0,144,182,100,103,41
20221,A,골목상권,3110893,관악소방서(문영여고),353,303,50,0,39,110,66,113,25,0,29,96,57,99,22,0,10,14,9,14,3
20221,A,골목상권,3110890,봉천역 1번(관악초등학교),249,148,101,1,17,43,92,67,29,0,4,22,58,43,21,1,13,21,34,24,8
20221,R,전통시장,3130294,관악중부시장,102,40,62,1,5,10,22,39,25,0,2,3,7,16,12,1,3,7,15,23,13
20221,D,발달상권,3120166,방배역,5465,3280,2185,90,1234,1594,1033,699,815,26,523,920,713,451,647,64,711,674,320,248,168
20221,D,발달상권,3120164,내방역,8579,5975,2604,56,1923,2822,1862,1129,787,48,1160,1998,1383,799,587,8,763,824,479,330,200
20221,D,발달상권,3120162,방배동카페골목,1253,717,536,61,207,200,219,215,351,57,126,142,110,93,189,4,81,58,109,122,162
20221,D,발달상권,3120169,서초역,15771,7185,8586,70,3824,4195,3945,2657,1080,30,1313,1990,1801,1235,816,40,2511,2205,2144,1422,264
20221,A,골목상권,3110936,더케이호텔(양재리본타워2단지아파트),832,552,280,3,109,260,215,175,70,0,53,154,159,131,55,3,56,106,56,44,15
20221,A,골목상권,3110940,양재근린공원(양재2동주민센터),956,699,257,8,168,323,238,137,82,8,109,243,178,97,64,0,59,80,60,40,18
20221,D,발달상권,3120178,신사역,11093,6014,5079,34,2556,2878,2400,1866,1359,13,875,1596,1501,1005,1024,21,1681,1282,899,861,335
20221,A,골목상권,3110993,개포지하차도 북측,70,53,17,0,3,9,19,23,16,0,2,7,16,18,10,0,1,2,3,5,6
20221,A,골목상권,3110983,국립국악고등학교,783,534,249,6,126,212,125,145,169,2,44,137,94,111,146,4,82,75,31,34,23
20221,A,골목상권,3110950,논현역 7번,2981,1929,1052,1,829,1305,518,230,98,0,418,886,383,173,69,1,411,419,135,57,29
20221,D,발달상권,3120199,경복아파트교차로,3427,2023,1404,9,720,1059,682,508,449,3,273,627,441,345,334,6,447,432,241,163,115
20221,D,발달상권,3120212,한티역,753,394,359,1,118,182,201,143,108,1,37,87,119,80,70,0,81,95,82,63,38
20221,D,발달상권,3120211,도성초등학교,984,516,468,7,180,282,189,161,165,3,68,120,112,117,96,4,112,162,77,44,69
20221,A,골목상권,3110960,은광여고,1601,749,852,5,219,282,389,522,184,4,60,131,203,227,124,1,159,151,186,295,60
20221,A,골목상권,3110964,싸리고개근린공원,217,124,93,0,29,60,59,34,35,0,8,32,36,23,25,0,21,28,23,11,10
20221,U,관광특구,3001496,강남 마이스 관광특구,15904,8904,7000,59,3513,6185,4248,1596,303,25,1160,3361,2887,1246,225,34,2353,2824,1361,350,78
20221,A,골목상권,3110995,봉은사역 4번,5085,3711,1374,9,978,2002,1271,637,188,2,575,1477,990,523,144,7,403,525,281,114,44
20221,A,골목상권,3110998,은곡마을(은곡마을공원),17,11,6,0,2,6,4,3,2,0,0,4,3,3,1,0,2,2,1,0,1
20221,A,골목상권,3111001,아래방죽마을공원(율현초등학교),58,43,15,0,2,9,14,18,15,0,1,7,12,13,10,0,1,2,2,5,5
20221,A,골목상권,3110949,한남IC,1683,1193,490,5,288,565,435,305,85,2,112,398,347,261,73,3,176,167,88,44,12
20221,A,골목상권,3110959,신구중학교,271,140,131,0,14,66,82,79,30,0,7,36,49,29,19,0,7,30,33,50,11
20221,A,골목상권,3110962,도산공원북측,53,27,26,0,20,11,10,8,4,0,11,7,6,3,0,0,9,4,4,5,4
20221,A,골목상권,3110954,국기원,636,445,191,0,89,142,187,94,124,0,35,97,161,74,78,0,54,45,26,20,46
20221,D,발달상권,3120204,르네상스호텔사거리,41471,20644,20827,102,8167,11056,10671,10081,1394,54,5016,7567,4988,2062,957,48,3151,3489,5683,8019,437
20221,A,골목상권,3110997,대청초등학교,1724,959,765,4,230,291,391,383,425,2,111,162,200,210,274,2,119,129,191,173,151
20221,A,골목상권,3110979,청담초등학교,3004,1918,1086,4,525,926,768,568,213,4,230,632,535,343,174,0,295,294,233,225,39
20221,A,골목상권,3111027,문정초등학교,1393,771,622,3,146,285,323,246,390,1,67,159,209,125,210,2,79,126,114,121,180
20221,A,골목상권,3111020,방이동고분군(방산고등학교),304,225,79,1,20,103,84,54,42,0,7,73,64,48,33,1,13,30,20,6,9
20221,R,전통시장,3130313,방이시장,3889,1825,2064,10,726,635,634,1135,749,8,362,409,357,377,312,2,364,226,277,758,437
20221,A,골목상권,3111005,삼전역 3번,1865,1358,507,0,320,617,459,302,167,0,215,449,339,222,133,0,105,168,120,80,34
20221,A,골목상권,3111037,Sh수협은행 오금동금융센터(아랫말어린이공원),373,243,130,0,37,103,90,93,50,0,25,84,60,43,31,0,12,19,30,50,19
20221,A,골목상권,3111032,방이역 1번,3878,2552,1326,4,235,340,599,718,1982,3,139,237,411,469,1293,1,96,103,188,249,689
20221,A,골목상권,3111081,둔촌푸르지오아파트,78,50,28,0,8,17,18,18,17,0,4,12,13,6,15,0,4,5,5,12,2
20221,A,골목상권,3111089,상일여고(상일초등학교),750,505,245,0,50,131,180,233,156,0,31,81,127,154,112,0,19,50,53,79,44
20221,A,골목상권,3111059,강동역 4번(강풀만화거리),774,420,354,3,87,144,177,164,199,1,47,73,92,91,116,2,40,71,85,73,83
20221,A,골목상권,3111067,강동구립성내도서관,746,414,332,2,73,149,192,177,153,1,36,98,107,84,88,1,37,51,85,93,65
20221,A,골목상권,3110005,세검정,1057,542,515,6,132,305,306,202,106,2,40,143,167,124,66,4,92,162,139,78,40
20221,A,골목상권,3110008,배화여자대학교(박노수미술관),507,350,157,1,50,79,121,161,95,0,15,45,93,121,76,1,35,34,28,40,19
20221,A,골목상권,3110035,동묘앞역 2번,276,161,115,2,18,43,75,88,50,0,5,18,42,65,31,2,13,25,33,23,19
20221,A,골목상권,3110027,혜화역 1번,598,358,240,1,67,108,127,97,198,0,25,70,64,54,145,1,42,38,63,43,53
20221,D,발달상권,3120015,종로6가,302,153,149,0,49,64,69,65,55,0,17,23,27,42,44,0,32,41,42,23,11
20221,R,전통시장,3130011,충신시장,88,44,44,0,19,19,20,17,13,0,7,11,8,8,10,0,12,8,12,9,3
20221,A,골목상권,3110030,동대문역 3번,7,3,4,0,2,2,2,1,0,0,0,2,1,0,0,0,2,0,1,1,0
20221,A,골목상권,3110015,청와대사랑채,578,345,233,0,64,147,166,126,75,0,16,63,110,91,65,0,48,84,56,35,10
20221,A,골목상권,3110011,청운초등학교,263,188,75,0,21,105,79,43,15,0,21,95,44,16,12,0,0,10,35,27,3
20221,A,골목상권,3110024,혜회동주민센터,928,263,665,0,135,264,294,184,51,0,17,64,90,55,37,0,118,200,204,129,14
20221,D,발달상권,3120032,충무로역,10818,5021,5797,35,1541,2434,3139,2621,1048,15,532,1200,1480,1142,652,20,1009,1234,1659,1479,396
20221,A,골목상권,3110045,동대문역사문화공원역 5번,234,174,60,0,24,54,64,55,37,0,11,38,46,47,32,0,13,16,18,8,5
20221,D,발달상권,3120031,을지로3가역,6147,3450,2697,9,699,1541,1643,1286,969,0,223,730,924,892,681,9,476,811,719,394,288
20221,R,전통시장,3130038,"평화시장(통일상가, 동화상가)",1000,670,330,3,116,301,291,198,91,0,63,167,223,150,67,3,53,134,68,48,24
20221,D,발달상권,3120020,시청역_1번,6561,4672,1889,29,1436,1964,1905,1013,214,17,728,1351,1643,776,157,12,708,613,262,237,57
20221,A,골목상권,3110043,충무초등학교,1202,670,532,12,212,307,331,223,117,7,97,155,169,152,90,5,115,152,162,71,27
20221,D,발달상권,3120018,중림동,2190,1368,822,2,393,736,598,295,166,2,207,425,357,238,139,0,186,311,241,57,27
20221,A,골목상권,3110057,황학코아루아파트,64,44,20,0,8,13,20,10,13,0,4,6,17,8,9,0,4,7,3,2,4
20221,A,골목상권,3110055,황학동벼룩시장,29,19,10,0,1,4,6,11,7,0,1,3,5,6,4,0,0,1,1,5,3
20221,A,골목상권,3110078,이촌동점보아파트,69,29,40,0,12,15,17,13,12,0,3,8,7,5,6,0,9,7,10,8,6
20221,A,골목상권,3110082,용산구청,1618,809,809,5,175,461,427,442,108,4,53,155,206,304,87,1,122,306,221,138,21
20221,D,발달상권,3120041,신용산역(용산역),20372,8281,12091,72,4418,6743,5760,2509,870,25,1460,2533,2359,1337,567,47,2958,4210,3401,1172,303
20221,A,골목상권,3110073,삼각지역 3번,7975,2387,5588,56,2508,2886,1913,505,107,25,861,919,424,119,39,31,1647,1967,1489,386,68
20221,A,골목상권,3110076,삼각지역 14번,537,175,362,0,46,143,158,153,37,0,11,49,61,45,9,0,35,94,97,108,28
20221,A,골목상권,3110099,유엔빌리지길,12646,10311,2335,33,1746,2596,3298,4558,415,25,904,1899,2859,4264,360,8,842,697,439,294,55
20221,A,골목상권,3110588,한겨레신문사,169,92,77,0,34,44,41,33,17,0,14,22,20,21,15,0,20,22,21,12,2
20221,R,전통시장,3130059,후암시장,64,40,24,0,6,12,16,11,19,0,4,5,10,7,14,0,2,7,6,4,5
20221,R,전통시장,3130064,금남시장,36,13,23,0,6,7,8,4,11,0,1,0,5,2,5,0,5,7,3,2,6
20221,A,골목상권,3110107,금호사거리,37,30,7,0,4,8,4,11,10,0,3,5,4,9,9,0,1,3,0,2,1
20221,A,골목상권,3110117,성동구보건소,103,73,30,1,14,27,19,33,9,1,10,20,11,25,6,0,4,7,8,8,3
20221,D,발달상권,3120050,서울숲역,212,159,53,0,33,40,60,52,27,0,19,30,47,41,22,0,14,10,13,11,5
20221,D,발달상권,3120052,성수역,11387,7284,4103,23,2113,2900,2661,2238,1452,12,1170,1971,1783,1298,1050,11,943,929,878,940,402
20221,R,전통시장,3130067,왕십리도선동상점가,1670,335,1335,3,166,202,291,591,417,1,78,98,69,49,40,2,88,104,222,542,377
20221,D,발달상권,3120066,장한평역(장한평),7424,4770,2654,43,1531,1839,1491,1235,1285,10,739,1202,991,818,1010,33,792,637,500,417,275
20221,A,골목상권,3110113,응봉산,77,43,34,0,14,15,14,16,18,0,4,11,7,6,15,0,10,4,7,10,3
20221,A,골목상권,3110112,행당역 2번,207,101,106,0,37,37,38,53,42,0,14,19,16,26,26,0,23,18,22,27,16
20221,A,골목상권,3110169,성동초등학교,253,139,114,1,28,41,73,68,42,0,15,21,36,39,28,1,13,20,37,29,14
20221,A,골목상권,3110156,군자역 5번,621,363,258,0,96,181,173,112,59,0,41,114,101,67,40,0,55,67,72,45,19
20221,A,골목상권,3110157,자양동우체국,1097,891,206,10,352,279,244,141,71,7,300,237,180,106,61,3,52,42,64,35,10
20221,A,골목상권,3110163,성자초등학교,284,143,141,0,39,46,67,77,55,0,14,27,32,31,39,0,25,19,35,46,16
20221,A,골목상권,3110168,대원고등학교,524,374,150,0,64,95,121,160,84,0,36,69,87,110,72,0,28,26,34,50,12
20221,A,골목상권,3110212,답십리초등학교,204,144,60,0,26,37,42,67,32,0,18,26,27,50,23,0,8,11,15,17,9
20221,A,골목상권,3110187,제기동역 6번,3124,2222,902,15,559,867,746,552,385,7,387,605,531,394,298,8,172,262,215,158,87
20221,A,골목상권,3110229,장평중학교,1332,862,470,0,145,164,190,318,515,0,81,103,125,211,342,0,64,61,65,107,173
20221,A,골목상권,3110231,장안교,11,8,3,0,0,1,4,5,1,0,0,1,3,4,0,0,0,0,1,1,1
20221,R,전통시장,3130088,경동시장,126,57,69,0,18,32,24,17,35,0,3,11,11,10,22,0,15,21,13,7,13
20221,A,골목상권,3110194,홍파초등학교,112,85,27,0,6,32,24,36,14,0,4,20,20,31,10,0,2,12,4,5,4
20221,A,골목상권,3110203,떡전교사거리,99,63,36,1,9,15,32,29,13,1,0,7,26,20,9,0,9,8,6,9,4
20221,A,골목상권,3110278,망우본동주민센터,276,166,110,1,32,46,77,81,39,0,10,25,43,56,32,1,22,21,34,25,7
20221,R,전통시장,3130106,중랑동부시장,166,56,110,1,20,40,34,39,32,0,1,8,7,21,19,1,19,32,27,18,13
20221,A,골목상권,3110246,월드순복음교회,431,312,119,0,27,97,158,95,54,0,12,69,122,65,44,0,15,28,36,30,10
20221,A,골목상권,3110261,사가정역 4번,167,90,77,1,16,29,49,50,22,1,8,15,25,26,15,0,8,14,24,24,7
20221,A,골목상권,3110242,면목5동주민센터,164,112,52,0,21,28,56,30,29,0,12,23,31,22,24,0,9,5,25,8,5
20221,A,골목상권,3110241,먹골역 5번,415,213,202,0,61,87,97,117,53,0,17,49,46,63,38,0,44,38,51,54,15
20221,D,발달상권,3120069,상봉역,1012,728,284,3,69,146,222,270,302,1,40,71,131,216,269,2,29,75,91,54,33
20221,A,골목상권,3110233,중랑역 1번,142,46,96,1,23,27,50,35,6,1,6,7,16,11,5,0,17,20,34,24,1
20221,A,골목상권,3110281,길상사,13818,12089,1729,12,1418,3093,4061,4964,270,1,960,2426,3678,4823,201,11,458,667,383,141,69
20221,A,골목상권,3110309,대광초등학교,376,266,110,0,38,63,108,103,64,0,19,44,71,78,54,0,19,19,37,25,10
20221,A,골목상권,3110318,KT월곡지사,148,78,70,0,21,29,45,36,17,0,10,19,22,14,13,0,11,10,23,22,4
20221,A,골목상권,3110379,KT&G 북부지사,12,3,9,1,1,1,3,3,3,0,0,0,1,1,1,1,1,1,2,2,2
20221,A,골목상권,3110373,수유역 2번,891,705,186,0,129,255,172,236,99,0,90,208,134,205,68,0,39,47,38,31,31
20221,R,전통시장,3130132,삼양골목시장(삼양시장),61,19,42,0,10,14,13,15,9,0,0,4,5,5,5,0,10,10,8,10,4
20221,A,골목상권,3110377,미아사거리역 3번,21,14,7,0,2,2,2,9,6,0,2,2,1,4,5,0,0,0,1,5,1
20221,A,골목상권,3110345,솔밭공원역 2번,114,47,67,1,14,18,26,37,18,0,3,6,8,17,13,1,11,12,18,20,5
20221,A,골목상권,3110342,국립재활원,60,45,15,0,5,11,20,15,9,0,3,8,14,13,7,0,2,3,6,2,2
20221,A,골목상권,3110348,강북문화예술회관,343,174,169,0,27,59,108,96,53,0,4,31,63,43,33,0,23,28,45,53,20
20221,A,골목상권,3110338,인수초등학교,263,192,71,0,34,67,61,63,38,0,18,49,44,48,33,0,16,18,17,15,5
20221,A,골목상권,3110402,도봉구 정병원,471,221,250,1,85,98,98,106,83,0,24,38,54,59,46,1,61,60,44,47,37
20221,A,골목상권,3110383,덕성여대시반거리,33,21,12,0,0,3,13,10,7,0,0,2,9,5,5,0,0,1,4,5,2
20221,R,전통시장,3130145,쌍문역둘리상점가,244,202,42,0,39,44,77,62,22,0,28,35,65,56,18,0,11,9,12,6,4
20221,A,골목상권,3110392,발바닥공원,43,17,26,0,2,8,7,10,16,0,0,0,3,3,11,0,2,8,4,7,5
20221,A,골목상권,3110416,노원초등학교,468,244,224,4,61,110,118,126,49,2,24,73,58,58,29,2,37,37,60,68,20
20221,A,골목상권,3110428,상계5동주민센터,491,217,274,1,43,52,106,158,131,0,14,25,45,70,63,1,29,27,61,88,68
20221,D,발달상권,3120080,마들역,180,46,134,0,30,45,46,36,23,0,2,7,9,13,15,0,28,38,37,23,8
20221,A,골목상권,3110464,연신내역 5번,301,170,131,4,32,53,93,85,34,4,18,28,44,49,27,0,14,25,49,36,7
20221,A,골목상권,3110457,예일여고,482,283,199,1,60,88,88,132,113,0,27,46,47,71,92,1,33,42,41,61,21
20221,D,발달상권,3120091,본서부병원,516,192,324,1,51,69,119,165,111,0,20,28,51,55,38,1,31,41,68,110,73
20221,A,골목상권,3110485,연신내우체국,1259,678,581,0,7,24,35,160,1033,0,4,5,15,70,584,0,3,19,20,90,449
20221,A,골목상권,3110488,우리은행응암동지점,174,104,70,1,14,24,41,38,56,0,8,16,19,15,46,1,6,8,22,23,10
20221,R,전통시장,3130163,응암오거리상점가,182,49,133,0,24,28,44,50,36,0,4,8,11,12,14,0,20,20,33,38,22
20221,A,골목상권,3110449,증산역 3번,709,410,299,0,104,160,182,147,116,0,47,98,96,84,85,0,57,62,86,63,31
20221,D,발달상권,3120094,"신촌역(신촌역, 신촌로터리)",5328,2411,2917,67,2381,1182,676,592,430,23,994,579,296,278,241,44,1387,603,380,314,189
20221,R,전통시장,3130175,신촌 상인회(신촌상점가),13,5,8,0,1,3,5,4,0,0,1,0,1,3,0,0,0,3,4,1,0
20221,D,발달상권,3120097,충정로역,2246,1354,892,0,321,658,631,407,229,0,172,390,397,254,141,0,149,268,234,153,88
20221,R,전통시장,3130176,유진상가,38,23,15,0,20,16,1,1,0,0,9,13,1,0,0,0,11,3,0,1,0
20221,A,골목상권,3110523,홍제성원아파트,21,9,12,0,0,4,5,7,5,0,0,0,2,5,2,0,0,4,3,2,3
20221,D,발달상권,3120107,공덕역(공덕오거리),13077,7619,5458,43,2471,3470,3552,3026,515,9,1021,2002,2300,1900,387,34,1450,1468,1252,1126,128
20221,A,골목상권,3110586,서울서부지방법원,1855,953,902,2,423,499,464,293,174,1,233,283,196,130,110,1,190,216,268,163,64
20221,A,골목상권,3110540,망원나들목체육관,238,107,131,0,39,63,70,47,19,0,19,28,26,23,11,0,20,35,44,24,8
20221,A,골목상권,3110567,광흥창역 6번,91,61,30,0,16,26,27,12,10,0,8,20,13,11,9,0,8,6,14,1,1
20221,A,골목상권,3110565,홍익대,110,66,44,0,16,34,34,19,7,0,8,16,23,13,6,0,8,18,11,6,1
20221,A,골목상권,3110560,마포FM,292,140,152,0,26,64,87,77,38,0,10,26,40,36,28,0,16,38,47,41,10
20221,A,골목상권,3110549,새터산,357,165,192,1,57,79,100,64,56,1,24,39,47,22,32,0,33,40,53,42,24
20221,D,발달상권,3120099,월드컵경기장역(월드컵경기장),84,57,27,0,11,20,26,14,13,0,6,16,21,7,7,0,5,4,5,7,6
20221,A,골목상권,3110581,염리초등학교,16,11,5,0,0,0,2,6,8,0,0,0,2,3,6,0,0,0,0,3,2
20221,D,발달상권,3120113,오목교역,641,380,261,2,98,147,163,141,90,1,45,81,95,95,63,1,53,66,68,46,27
20221,D,발달상권,3120110,목동역 8번출구,1858,1400,458,2,142,216,286,247,965,1,42,102,166,181,908,1,100,114,120,66,57
20221,A,골목상권,3110617,등촌역 4번,262,188,74,0,47,75,73,48,19,0,37,55,50,31,15,0,10,20,23,17,4
20221,A,골목상권,3110597,신월1동주민센터,517,302,215,0,30,68,111,150,158,0,14,36,54,84,114,0,16,32,57,66,44
20221,R,전통시장,3130199,신월3동 골목시장,18,8,10,0,1,4,4,9,0,0,0,1,3,4,0,0,1,3,1,5,0
20221,A,골목상권,3110615,신서초등학교,87,63,24,0,20,21,27,13,6,0,14,18,18,8,5,0,6,3,9,5,1
20221,A,골목상권,3110674,강서구청가양동별관,260,189,71,0,21,55,61,47,76,0,14,46,35,29,65,0,7,9,26,18,11
20221,A,골목상권,3110677,등촌역 1번,410,321,89,1,50,80,83,91,105,1,24,51,70,76,99,0,26,29,13,15,6
20221,A,골목상권,3110676,등촌역 7번,228,138,90,0,31,34,61,56,46,0,13,20,36,37,32,0,18,14,25,19,14
20221,D,발달상권,3120117,강서농산물도매시장,451,280,171,0,12,62,127,153,97,0,9,48,78,89,56,0,3,14,49,64,41
20221,A,골목상권,3110636,방화역 2번,152,76,76,1,25,49,41,21,15,0,9,26,27,4,10,1,16,23,14,17,5
20221,A,골목상권,3110631,방화초등학교,335,161,174,2,32,63,68,100,70,2,19,34,37,37,32,0,13,29,31,63,38
20221,D,발달상권,3120120,화곡역,927,405,522,1,177,218,193,196,142,0,46,109,84,81,85,1,131,109,109,115,57
20221,A,골목상권,3110656,까치산역 3번,829,493,336,13,89,206,249,190,82,12,52,128,151,91,59,1,37,78,98,99,23
20221,D,발달상권,3120121,까치산역,365,145,220,2,51,46,72,106,88,2,12,18,29,43,41,0,39,28,43,63,47
20221,A,골목상권,3110654,까치산역 4번,1027,687,340,2,68,149,252,380,176,1,38,81,139,281,147,1,30,68,113,99,29
20221,A,골목상권,3110665,곰달래도서관,469,285,184,0,36,92,123,138,80,0,25,60,79,74,47,0,11,32,44,64,33
20221,A,골목상권,3110662,까치산역 1번,1480,885,595,4,245,501,396,234,100,4,129,301,207,171,73,0,116,200,189,63,27
20221,R,전통시장,3130217,화곡본동시장,36,16,20,0,3,5,10,13,5,0,1,3,5,6,1,0,2,2,5,7,4
20221,A,골목상권,3110691,개봉중학교,395,205,190,0,37,65,119,115,59,0,20,38,49,52,46,0,17,27,70,63,13
20221,A,골목상권,3110705,고산초등학교,33,19,14,0,3,2,8,7,13,0,3,1,8,2,5,0,0,1,0,5,8
20221,R,전통시장,3130229,남구로시장,249,139,110,1,16,53,61,62,56,0,7,30,31,32,39,1,9,23,30,30,17
20221,A,골목상권,3110680,온수역 5번(온수산업단지),901,770,131,15,129,129,157,274,197,15,105,106,127,234,183,0,24,23,30,40,14
20221,A,골목상권,3110685,금강수목원아파트,56,39,17,0,10,12,12,11,11,0,7,10,5,7,10,0,3,2,7,4,1
20221,D,발달상권,3120132,독산동,4203,2884,1319,13,512,908,1016,1074,680,12,350,650,695,701,476,1,162,258,321,373,204
20221,A,골목상권,3110732,가산초등학교(세일중학교),362,258,104,1,42,68,107,79,65,0,23,39,78,64,54,1,19,29,29,15,11
20221,A,골목상권,3110729,가산동우체국,151,112,39,0,19,30,40,39,23,0,14,19,30,30,19,0,5,11,10,9,4
20221,A,골목상권,3110723,가산디지털단지역 1번 출입구,286,247,39,0,6,10,37,130,103,0,6,5,26,113,97,0,0,5,11,17,6
20221,A,골목상권,3110742,KT금천빌딩(금천구시설관리공단),426,237,189,0,42,83,106,125,70,0,21,57,71,54,34,0,21,26,35,71,36
20221,A,골목상권,3110748,백산초등학교,102,64,38,0,6,19,21,26,30,0,2,9,11,22,20,0,4,10,10,4,10
20221,A,골목상권,3110749,금산초등학교(금천고등학교),418,255,163,0,51,99,100,118,50,0,26,61,51,81,36,0,25,38,49,37,14
20221,A,골목상권,3110750,시흥4동주민센터(서울신흥초등학교),397,221,176,4,78,83,80,104,48,4,47,62,43,33,32,0,31,21,37,71,16
20221,D,발달상권,3120141,영등포청과시장교차로,601,418,183,2,71,137,188,115,88,1,36,85,133,86,77,1,35,52,55,29,11
20221,R,전통시장,3130240,영등포유통상가,1400,893,507,0,128,296,347,287,342,0,68,168,226,194,237,0,60,128,121,93,105
20221,A,골목상권,3110763,영등포구청역 2번,480,353,127,2,84,147,107,84,56,0,53,100,79,72,49,2,31,47,28,12,7
20221,A,골목상권,3110786,당산역 8번,271,179,92,2,20,41,60,51,97,2,8,21,42,38,68,0,12,20,18,13,29
20221,R,전통시장,3130247,우리시장,19,15,4,0,3,4,4,3,5,0,1,3,4,3,4,0,2,1,0,0,1
20221,A,골목상권,3110817,대방역 4번,26,19,7,0,2,6,6,6,6,0,0,4,4,6,5,0,2,2,2,0,1
20221,R,전통시장,3130256,신동시장,2,2,0,0,0,0,0,1,1,0,0,0,0,1,1,0,0,0,0,0,0
20221,A,골목상권,3110757,양평역 2번,1501,1114,387,1,111,230,356,424,379,0,51,176,286,314,287,1,60,54,70,110,92
20221,A,골목상권,3110762,선유도역 1번,3139,2286,853,6,392,669,739,809,524,4,217,459,529,629,448,2,175,210,210,180,76
20221,A,골목상권,3110807,신길역 3번,102,70,32,0,6,16,23,27,30,0,4,8,18,19,21,0,2,8,5,8,9
20221,R,전통시장,3130250,삼구시장(로타리상가),1,0,1,0,0,0,0,1,0,0,0,0,0,0,0,0,0,0,0,1,0
20221,A,골목상권,3110803,신길2동우편취급국,312,224,88,0,17,27,58,67,143,0,6,14,33,43,128,0,11,13,25,24,15
20221,A,골목상권,3110847,예술인마을,443,216,227,3,52,135,137,77,39,3,13,60,74,37,29,0,39,75,63,40,10
20221,R,전통시장,3130272,사당시장,45,20,25,0,4,6,10,11,14,0,0,1,4,6,9,0,4,5,6,5,5
20221,A,골목상권,3110843,사당5동주민센터,181,135,46,1,22,25,55,52,26,0,16,17,34,44,24,1,6,8,21,8,2
20221,A,골목상권,3110835,상도역 1번,296,170,126,0,81,95,59,38,23,0,32,61,37,19,21,0,49,34,22,19,2
20221,A,골목상권,3110830,상도초등학교,281,152,129,0,22,61,73,85,40,0,7,29,36,54,26,0,15,32,37,31,14
20221,D,발달상권,3120154,장승배기역,497,214,283,1,64,124,128,111,69,0,19,58,68,39,30,1,45,66,60,72,39
20221,D,발달상권,3120151,보라매공원,2417,1455,962,6,401,736,707,383,184,4,194,433,450,237,137,2,207,303,257,146,47
20221,A,골목상권,3110863,난우초등학교,319,179,140,6,40,61,63,79,70,5,23,30,38,36,47,1,17,31,25,43,23
20221,A,골목상권,3110867,국제신학대학원대학교(남서울중학교),202,117,85,0,8,34,39,53,68,0,2,15,21,32,47,0,6,19,18,21,21
20221,A,골목상권,3110882,신성초등학교,733,444,289,1,95,131,215,168,123,0,52,67,122,109,94,1,43,64,93,59,29
20221,A,골목상권,3110864,신림우방아파트,236,161,75,0,31,48,53,60,44,0,21,31,37,43,29,0,10,17,16,17,15
20221,A,골목상권,3110871,신원동주민센터,64,32,32,1,6,13,19,12,13,0,4,6,8,7,7,1,2,7,11,5,6
20221,R,전통시장,3130283,신원시장,25,11,14,0,3,3,10,5,4,0,1,1,3,3,3,0,2,2,7,2,1
20221,A,골목상권,3110854,조원동주민센터,55,39,16,0,4,5,17,21,8,0,3,5,9,15,7,0,1,0,8,6,1
20221,A,골목상권,3110898,청림동주민센터(상도중학교),66,27,39,0,16,14,14,16,6,0,5,3,8,7,4,0,11,11,6,9,2
20221,D,발달상권,3120170,삼호가든사거리,2026,1161,865,8,279,587,623,346,183,7,113,333,412,168,128,1,166,254,211,178,55
20221,A,골목상권,3110917,서초소방서,1505,939,566,6,157,432,402,355,153,2,72,281,295,181,108,4,85,151,107,174,45
20221,A,골목상권,3110918,방배역 3번,682,438,244,3,98,127,164,142,148,2,59,85,108,86,98,1,39,42,56,56,50
20221,A,골목상권,3110903,방배아이파크아파트,7222,2653,4569,7,1242,1778,2487,1322,386,1,333,597,951,599,172,6,909,1181,1536,723,214
20221,A,골목상권,3110915,서래초등학교,3011,2335,676,14,441,940,1066,421,129,11,286,683,868,373,114,3,155,257,198,48,15
20221,A,골목상권,3110926,신중초등학교,1610,1175,435,6,193,359,463,382,207,3,114,263,355,292,148,3,79,96,108,90,59
20221,A,골목상권,3110928,서초우방유쉘아파트,596,491,105,1,57,109,125,205,99,1,29,76,109,190,86,0,28,33,16,15,13
20221,D,발달상권,3120184,포이사거리(삼호물산),10139,7003,3136,20,1553,3044,2666,1705,1151,10,846,2068,2010,1212,857,10,707,976,656,493,294
20221,A,골목상권,3110941,언남고등학교,261,158,103,0,33,46,89,58,35,0,14,26,51,40,27,0,19,20,38,18,8
20221,D,발달상권,3120174,논현역 5번,680,379,301,6,108,196,155,93,122,4,39,108,90,58,80,2,69,88,65,35,42
20221,A,골목상권,3110927,잠원역,745,553,192,2,93,342,198,98,12,2,82,218,159,81,11,0,11,124,39,17,1
20221,A,골목상권,3110977,논현로18길,148,102,46,0,22,32,45,29,20,0,14,20,33,20,15,0,8,12,12,9,5
20221,A,골목상권,3110961,언주역 3번,962,673,289,5,172,286,248,140,111,3,97,184,187,112,90,2,75,102,61,28,21
20221,A,골목상권,3110970,학동초등학교,378,236,142,1,66,98,102,65,46,0,27,49,66,57,37,1,39,49,36,8,9
20221,D,발달상권,3120219,은마아파트,17175,5797,11378,202,3397,3819,3179,4061,2517,83,1254,1872,1374,818,396,119,2143,1947,1805,3243,2121
20221,D,발달상권,3120222,삼성역,43324,24141,19183,244,8091,13641,10294,6385,4669,119,3186,7703,6883,3711,2539,125,4905,5938,3411,2674,2130
20221,D,발달상권,3120201,도곡1동,11549,6381,5168,116,3564,3468,2477,1299,625,31,1365,2018,1727,754,486,85,2199,1450,750,545,139
20221,D,발달상권,3120213,삼성중앙역,8521,5150,3371,50,1869,2485,1911,1070,1136,12,830,1515,1305,716,772,38,1039,970,606,354,364
20221,D,발달상권,3120209,"강남구청(청담역_8번, 강남세무서)",8987,2610,6377,34,2050,2684,2467,1172,580,9,538,752,537,395,379,25,1512,1932,1930,777,201
20221,D,발달상권,3120216,경기고교사거리(경기고교앞사거리),4934,3621,1313,8,712,1628,1666,772,148,5,291,1070,1431,703,121,3,421,558,235,69,27
20221,A,골목상권,3110986,삼성중앙역 7번,90,59,31,0,9,18,36,19,8,0,3,6,29,15,6,0,6,12,7,4,2
20221,D,발달상권,3120224,수서역,12418,6339,6079,23,1900,3177,3167,2346,1805,12,860,1669,1497,1232,1069,11,1040,1508,1670,1114,736
20221,D,발달상권,3120195,성수대교남단,5611,2685,2926,39,1393,2394,1102,426,257,15,487,1194,634,208,147,24,906,1200,468,218,110
20221,D,발달상권,3120198,구역삼세무서,11531,7246,4285,23,2691,3529,2889,1562,837,12,1141,2216,2115,1139,623,11,1550,1313,774,423,214
20221,A,골목상권,3110958,역삼역 4번,997,760,237,1,96,197,300,298,105,1,46,133,254,241,85,0,50,64,46,57,20
20221,A,골목상권,3110956,언주역 8번,1199,758,441,4,361,471,199,87,77,2,158,307,163,70,58,2,203,164,36,17,19
20221,A,골목상권,3111025,경찰병원역 3번,686,412,274,1,84,164,149,157,131,0,45,102,103,88,74,1,39,62,46,69,57
20221,A,골목상권,3111029,오금역 4번,427,314,113,3,71,108,91,79,75,1,51,81,67,55,59,2,20,27,24,24,16
20221,A,골목상권,3111042,거여역 1번(거여공원),872,597,275,3,147,186,251,200,85,3,121,134,159,130,50,0,26,52,92,70,35
20221,D,발달상권,3120235,문정역,954,648,306,1,117,204,211,255,166,0,70,158,152,154,114,1,47,46,59,101,52
20221,A,골목상권,3111023,문정역 1번,939,576,363,2,133,202,263,204,135,0,86,139,184,100,67,2,47,63,79,104,68
20221,D,발달상권,3120232,송파나루역,1056,714,342,0,185,302,235,171,163,0,80,192,163,131,148,0,105,110,72,40,15
20221,U,관광특구,3001495,잠실 관광특구,25240,14855,10385,124,4880,6877,5824,4628,2907,55,2599,4419,3662,2383,1737,69,2281,2458,2162,2245,1170
20221,A,골목상권,3111006,석촌고분역 1번,1112,721,391,0,127,292,337,203,153,0,56,169,242,135,119,0,71,123,95,68,34
20221,R,전통시장,3130312,석촌시장,619,270,349,1,20,40,81,170,307,1,9,23,43,41,153,0,11,17,38,129,154
20221,D,발달상권,3120227,잠실역,45462,24220,21242,163,8142,11830,12761,11282,1284,51,3785,7436,7437,4549,962,112,4357,4394,5324,6733,322
20221,A,골목상권,3111090,강일동주민센터,91,35,56,0,15,30,23,17,6,0,1,10,10,10,4,0,14,20,13,7,2
20221,A,골목상권,3111068,강동성심병원,1570,605,965,0,532,392,271,203,172,0,126,134,114,101,130,0,406,258,157,102,42
20221,R,전통시장,3130323,둔촌역전통시장,171,86,85,0,3,14,23,36,95,0,2,6,8,14,56,0,1,8,15,22,39
20221,D,발달상권,3120244,암사역,916,401,515,0,70,85,103,111,547,0,14,44,49,42,252,0,56,41,54,69,295
20221,A,골목상권,3111054,암사역 4번(삼성광나루아파트),104,42,62,0,14,18,19,12,41,0,4,12,7,5,14,0,10,6,12,7,27
20221,A,골목상권,3111065,천일초등학교,79,38,41,2,6,21,18,23,9,2,5,11,7,6,7,0,1,10,11,17,2
20221,A,골목상권,3111049,천호지구대(천호동자전거거리),507,277,230,2,75,90,96,118,126,0,36,50,40,68,83,2,39,40,56,50,43
20221,A,골목상권,3111060,암사역 2번(서울강동초등학교),872,458,414,1,101,211,241,202,116,1,41,97,131,107,81,0,60,114,110,95,35
20221,A,골목상권,3110007,사직공원(한국사회과학도서관),283,185,98,2,58,88,63,41,31,2,30,62,44,27,20,0,28,26,19,14,11
20221,A,골목상권,3110531,홍지문,141,61,80,0,16,26,24,56,19,0,13,19,13,9,7,0,3,7,11,47,12
20221,A,골목상권,3110013,체부동홍종문가옥,125,71,54,0,8,28,31,26,32,0,2,11,18,14,26,0,6,17,13,12,6
20221,D,발달상권,3120017,동묘앞역(동묘),724,205,519,0,78,151,278,136,81,0,13,47,55,37,53,0,65,104,223,99,28
20221,U,관광특구,3001494,종로·청계 관광특구,32892,17118,15774,68,5350,9954,9473,6395,1652,15,2280,4904,4583,4154,1182,53,3070,5050,4890,2241,470
20221,R,전통시장,3130007,광장시장(광장전통시장),466,310,156,0,39,77,97,129,124,0,22,41,73,77,97,0,17,36,24,52,27
20221,R,전통시장,3130018,동대문문구완구거리(동대문문구완구시장),120,70,50,0,11,18,23,38,30,0,6,10,13,22,19,0,5,8,10,16,11
20221,A,골목상권,3110010,평창동서측,5240,2651,2589,1,324,1250,2239,1231,195,0,76,342,1157,943,133,1,248,908,1082,288,62
20221,D,발달상권,3120035,퇴계로5가,2257,1368,889,7,650,570,525,321,184,3,282,379,388,200,116,4,368,191,137,121,68
20221,D,발달상권,3120038,약수역,2299,1362,937,7,436,740,580,324,212,1,189,452,383,196,141,6,247,288,197,128,71
20221,D,발달상권,3120028,명동(명동거리),12590,7582,5008,41,2103,3542,3628,2206,1070,16,1009,1955,2310,1615,677,25,1094,1587,1318,591,393
20221,D,발달상권,3120030,중부경찰서(영화인의거리),11882,6796,5086,53,2154,3638,3422,1957,658,16,721,2139,2091,1366,463,37,1433,1499,1331,591,195
20221,D,발달상권,3120029,을지로2가,7461,4461,3000,27,1938,2808,1698,798,192,7,787,1650,1165,693,159,20,1151,1158,533,105,33
20221,D,발달상권,3120025,롯데백화점(시청광장 지하쇼핑센터),22643,6274,16369,229,12750,7002,1624,945,93,71,3075,2028,780,249,71,158,9675,4974,844,696,22
20221,A,골목상권,3110051,한양공고앞 교차로,111,82,29,0,17,23,33,26,12,0,12,16,24,20,10,0,5,7,9,6,2
20221,R,전통시장,3130046,team204(팀204),20,13,7,0,1,3,4,2,10,0,0,2,3,1,7,0,1,1,1,1,3
20221,R,전통시장,3130047,테크노상가(엘리시움),158,110,48,0,10,26,33,60,29,0,5,20,20,41,24,0,5,6,13,19,5
20221,R,전통시장,3130048,동평화시장,20,11,9,0,7,8,1,4,0,0,3,4,1,3,0,0,4,4,0,1,0
20221,R,전통시장,3130055,"황학시장(서울중앙시장, 신중앙시장)",203,117,86,0,24,49,47,52,31,0,12,25,24,32,24,0,12,24,23,20,7
20221,R,전통시장,3130025,삼익패션타운(남대문시장),5494,2675,2819,69,1760,1561,1124,794,186,31,674,837,763,292,78,38,1086,724,361,502,108
20221,A,골목상권,3110075,숙대입구역 1번,1630,736,894,9,270,506,417,289,139,5,69,188,182,181,111,4,201,318,235,108,28
20221,A,골목상권,3110094,오산중학교,26,12,14,0,0,1,4,13,8,0,0,0,2,6,4,0,0,1,2,7,4
20221,A,골목상권,3110093,우사단길,2647,1632,1015,2,331,1035,757,359,163,1,106,546,562,321,96,1,225,489,195,38,67
20221,A,골목상권,3110089,서빙고동주민센터,752,503,249,1,94,230,220,107,100,0,33,136,159,88,87,1,61,94,61,19,13
20221,A,골목상권,3110064,효창공원앞역 2번,923,525,398,2,126,275,261,160,99,1,49,160,160,88,67,1,77,115,101,72,32
20221,A,골목상권,3110109,금호삼성래미안아파트,92,39,53,0,7,10,12,42,21,0,2,6,3,15,13,0,5,4,9,27,8
20221,A,골목상권,3110108,성동구립금호도서관,6,1,5,0,0,1,4,1,0,0,0,0,0,1,0,0,0,1,4,0,0
20221,A,골목상권,3110104,신금호역 4번,213,141,72,0,22,33,35,54,69,0,6,17,21,37,60,0,16,16,14,17,9
20221,A,골목상권,3110126,서울숲역 1번,27,18,9,0,0,7,2,12,6,0,0,6,0,7,5,0,0,1,2,5,1
20221,A,골목상권,3110135,성동세무서,401,208,193,0,41,84,107,78,91,0,7,43,49,38,71,0,34,41,58,40,20
20221,A,골목상권,3110115,상왕십리역 3번,945,362,583,10,392,218,156,113,56,0,76,84,93,75,34,10,316,134,63,38,22
20221,A,골목상권,3110133,서울교통공사,122,93,29,0,19,25,33,21,24,0,12,18,29,17,17,0,7,7,4,4,7
20221,R,전통시장,3130072,성동용답상가시장,132,71,61,0,21,19,35,39,18,0,9,9,16,26,11,0,12,10,19,13,7
20221,A,골목상권,3110130,답십리역 6번,105,89,16,0,20,24,38,15,8,0,17,20,35,10,7,0,3,4,3,5,1
20221,A,골목상권,3110170,동대부여고,223,128,95,1,37,51,67,45,22,0,17,21,42,32,16,1,20,30,25,13,6
20221,A,골목상권,3110172,광진초등학교,344,227,117,0,42,72,92,91,47,0,17,48,61,65,36,0,25,24,31,26,11
20221,A,골목상권,3110173,구남초등학교,195,106,89,0,34,50,46,44,21,0,16,28,21,25,16,0,18,22,25,19,5
20221,R,전통시장,3130081,자양골목전통시장(자양골목시장),54,36,18,0,7,17,14,9,7,0,5,12,9,6,4,0,2,5,5,3,3
20221,R,전통시장,3130080,자양종합시장(기능상실),14,10,4,0,0,1,6,6,1,0,0,1,4,4,1,0,0,0,2,2,0
20221,A,골목상권,3110143,뚝섬유원지역 1번,44,18,26,1,4,13,9,13,4,1,0,3,5,6,3,0,4,10,4,7,1
20221,D,발달상권,3120053,건대입구역(건대),892,505,387,5,148,146,178,204,211,2,41,65,97,137,163,3,107,81,81,67,48
20221,R,전통시장,3130075,노룬산시장(노룬산골목시장),17,12,5,0,4,5,6,0,2,0,3,3,5,0,1,0,1,2,1,0,1
20221,A,골목상권,3110165,국립정신건강센터,243,175,68,0,12,32,69,76,54,0,7,23,42,59,44,0,5,9,27,17,10
20221,R,전통시장,3130082,면곡골목시장,20,11,9,0,4,0,1,9,6,0,4,0,0,3,4,0,0,0,1,6,2
20221,R,전통시장,3130078,화양제일골목시장,52,17,35,0,6,15,19,9,3,0,1,5,8,2,1,0,5,10,11,7,2
20221,A,골목상권,3110185,용두초등학교,122,77,45,0,13,22,31,32,24,0,5,13,18,22,19,0,8,9,13,10,5
20221,D,발달상권,3120067,장안동사거리,2595,1173,1422,9,427,580,675,579,325,7,165,280,260,257,204,2,262,300,415,322,121
20221,R,전통시장,3130092,청량리농수산물시장,12,9,3,0,0,1,3,5,3,0,0,0,3,3,3,0,0,1,0,2,0
20221,A,골목상권,3110205,경희대삼거리,82,48,34,0,4,13,23,23,19,0,2,10,7,17,12,0,2,3,16,6,7
20221,A,골목상권,3110265,망우역 1번,198,91,107,1,23,43,54,57,20,0,7,18,21,32,13,1,16,25,33,25,7
20221,R,전통시장,3130110,면목골목시장(면목시장),107,64,43,0,1,9,35,38,24,0,1,6,22,19,16,0,0,3,13,19,8
20221,A,골목상권,3110263,면목역 1번,130,71,59,0,13,27,35,24,31,0,7,12,12,14,26,0,6,15,23,10,5
20221,A,골목상권,3110272,신내1동주민센터,477,319,158,0,45,69,93,152,118,0,15,35,60,103,106,0,30,34,33,49,12
20221,R,전통시장,3130113,신아타운,148,27,121,1,31,31,28,39,18,1,4,9,3,4,6,0,27,22,25,35,12
20221,A,골목상권,3110307,길음역 7번,119,62,57,0,17,25,41,19,17,0,7,17,18,10,10,0,10,8,23,9,7
20221,A,골목상권,3110310,길음역 10번,45,14,31,0,12,8,5,15,5,0,4,1,2,4,3,0,8,7,3,11,2
20221,A,골목상권,3110288,동구여중,216,139,77,1,19,49,52,55,40,0,9,22,35,40,33,1,10,27,17,15,7
20221,A,골목상권,3110313,안암역 3번,2069,1344,725,2,208,552,670,474,163,0,95,310,444,355,140,2,113,242,226,119,23
20221,A,골목상권,3110326,장위동성당,84,40,44,0,2,9,16,13,44,0,1,2,6,5,26,0,1,7,10,8,18
20221,R,전통시장,3130117,정릉시장,121,63,58,0,4,15,34,43,25,0,2,8,20,19,14,0,2,7,14,24,11
20221,A,골목상권,3110282,국민대학교앞,980,789,191,13,185,388,206,75,113,12,134,349,179,57,58,1,51,39,27,18,55
20221,R,전통시장,3130118,정릉골 골목형상점가,67,30,37,0,11,13,11,19,13,0,0,2,6,12,10,0,11,11,5,7,3
20221,R,전통시장,3130141,강북북부골목시장,36,19,17,0,12,4,11,6,3,0,3,2,6,6,2,0,9,2,5,0,1
20221,A,골목상권,3110380,강북문화정보도서관,48,15,33,0,12,10,12,10,4,0,0,3,5,4,3,0,12,7,7,6,1
20221,D,발달상권,3120078,미아사거리역,143,89,54,0,27,28,29,30,29,0,12,16,21,18,22,0,15,12,8,12,7
20221,A,골목상권,3110370,도봉세무서,367,255,112,0,17,61,76,105,108,0,11,31,42,80,91,0,6,30,34,25,17
20221,A,골목상권,3110358,인수동 우편취급국,549,295,254,0,18,34,67,210,220,0,2,18,23,91,161,0,16,16,44,119,59
20221,A,골목상권,3110359,수유시장옆,126,72,54,0,12,26,34,40,14,0,3,12,17,32,8,0,9,14,17,8,6
20221,A,골목상권,3110366,광산사거리,91,64,27,0,17,20,17,22,15,0,13,13,11,16,11,0,4,7,6,6,4
20221,A,골목상권,3110391,샘말어린이공원,219,118,101,0,22,44,64,45,44,0,12,26,37,23,20,0,10,18,27,22,24
20221,A,골목상권,3110386,연산군묘,124,114,10,0,4,3,10,44,63,0,1,3,7,40,63,0,3,0,3,4,0
20221,A,골목상권,3110385,효문고등학교,37,22,15,0,3,9,12,4,9,0,2,5,3,4,8,0,1,4,9,0,1
20221,R,전통시장,3130144,백운시장,21,14,7,0,0,1,7,8,5,0,0,0,5,4,5,0,0,1,2,4,0
20221,A,골목상권,3110396,쌍문역1번(쌍리단길),259,94,165,2,41,49,52,76,39,0,13,15,22,29,15,2,28,34,30,47,24
20221,A,골목상권,3110404,신창초등학교,515,298,217,1,42,93,163,136,80,0,11,56,109,76,46,1,31,37,54,60,34
20221,A,골목상권,3110429,공릉동 국수거리,2074,916,1158,3,224,284,511,689,363,1,91,167,248,234,175,2,133,117,263,455,188
20221,A,골목상권,3110438,경춘선숲길 우측,230,110,120,0,26,54,83,52,15,0,12,21,38,30,9,0,14,33,45,22,6
20221,D,발달상권,3120085,은행사거리,317,121,196,4,51,48,80,78,56,3,11,14,21,40,32,1,40,34,59,38,24
20221,A,골목상권,3110458,선일여고,385,200,185,0,32,79,94,119,61,0,19,46,47,52,36,0,13,33,47,67,25
20221,A,골목상권,3110460,구산역 4번,969,582,387,0,57,184,248,234,246,0,18,124,133,121,186,0,39,60,115,113,60
20221,R,전통시장,3130164,역촌중앙시장,9,3,6,0,0,1,2,2,4,0,0,0,1,1,1,0,0,1,1,1,3
20221,A,골목상권,3110450,시립서북병원,774,421,353,3,138,166,179,154,134,2,80,103,96,70,70,1,58,63,83,84,64
20221,A,골목상권,3110456,구산보건지소,967,544,423,3,284,226,177,147,130,1,123,112,94,97,117,2,161,114,83,50,13
20221,A,골목상권,3110486,은평구청,491,279,212,0,81,100,108,134,68,0,54,70,53,61,41,0,27,30,55,73,27
20221,A,골목상권,3110484,역촌역 3번,499,193,306,6,64,131,129,103,66,5,34,45,41,32,36,1,30,86,88,71,30
20221,D,발달상권,3120092,불광역,274,147,127,0,33,51,83,52,55,0,12,29,44,21,41,0,21,22,39,31,14
20221,A,골목상권,3110472,연신내역 4번,335,156,179,2,52,77,79,68,57,1,16,43,30,37,29,1,36,34,49,31,28
20221,R,전통시장,3130168,연서시장,234,155,79,0,19,50,51,64,50,0,5,23,33,49,45,0,14,27,18,15,5
20221,A,골목상권,3110445,덕산중학교,71,53,18,0,18,15,16,8,14,0,10,9,13,7,14,0,8,6,3,1,0
20221,A,골목상권,3110446,내를건너서숲으로도서관,163,124,39,0,6,14,51,45,47,0,5,9,33,35,42,0,1,5,18,10,5
20221,A,골목상권,3110461,새절역 2번,39,21,18,0,2,8,11,10,8,0,2,2,6,6,5,0,0,6,5,4,3
20221,A,골목상권,3110451,증산역 4번,1267,962,305,2,150,378,365,291,81,2,75,289,305,230,61,0,75,89,60,61,20
20221,A,골목상권,3110502,남가좌파출소,290,147,143,0,29,34,73,92,62,0,14,16,35,47,35,0,15,18,38,45,27
20221,A,골목상권,3110520,경의중앙 신촌역,105,57,48,0,31,22,32,12,8,0,10,15,16,10,6,0,21,7,16,2,2
20221,A,골목상권,3110526,봉원사,211,111,100,1,17,38,50,49,56,1,7,21,24,26,32,0,10,17,26,23,24
20221,A,골목상권,3110511,연희초등학교,3646,3286,360,2,420,731,640,1505,348,1,355,646,532,1425,327,1,65,85,108,80,21
20221,D,발달상권,3120093,연희동,661,351,310,2,60,125,170,195,109,0,27,62,91,103,68,2,33,63,79,92,41
20221,A,골목상권,3110504,명지전문대,170,46,124,1,21,19,35,41,53,0,5,4,10,13,14,1,16,15,25,28,39
20221,D,발달상권,3120095,홍제역,931,525,406,1,73,108,267,363,119,0,16,56,142,223,88,1,57,52,125,140,31
20221,A,골목상권,3110587,공덕동주민센터,264,135,129,1,43,53,75,55,37,1,16,31,47,23,17,0,27,22,28,32,20
20221,A,골목상권,3110578,대흥역 2번,2091,1413,678,2,213,337,391,638,510,1,80,225,309,452,346,1,133,112,82,186,164
20221,A,골목상권,3110574,서강대학교,173,123,50,0,35,41,49,38,10,0,17,30,41,30,5,0,18,11,8,8,5
20221,A,골목상권,3110582,이대역 5번,56,17,39,0,6,11,16,13,10,0,0,4,4,4,5,0,6,7,12,9,5
20221,D,발달상권,3120106,마포역,11485,7110,4375,12,1812,2735,2685,2311,1930,8,917,1662,1891,1437,1195,4,895,1073,794,874,735
20221,A,골목상권,3110544,망리단길,1203,718,485,1,179,248,331,253,191,1,107,153,171,147,139,0,72,95,160,106,52
20221,D,발달상권,3120103,홍대입구역(홍대),9580,5991,3589,87,2167,2434,2066,1613,1213,61,1145,1486,1404,988,907,26,1022,948,662,625,306
20221,A,골목상권,3110566,경의선책거리,1690,934,756,2,359,547,406,290,86,1,137,328,252,157,59,1,222,219,154,133,27
20221,R,전통시장,3130187,영진시장,29,14,15,0,4,5,11,7,2,0,2,2,6,2,2,0,2,3,5,5,0
20221,A,골목상권,3110557,홍대부속여중고앞,760,465,295,1,100,188,196,149,126,1,37,110,137,95,85,0,63,78,59,54,41
20221,A,골목상권,3110548,마포구청역 4번,795,475,320,5,130,185,210,136,129,3,57,95,122,89,109,2,73,90,88,47,20
20221,A,골목상권,3110543,중암중학교,38,25,13,0,6,8,14,7,3,0,3,5,8,6,3,0,3,3,6,1,0
20221,A,골목상권,3110585,마포경찰서,918,790,128,0,192,360,176,181,9,0,150,313,153,166,8,0,42,47,23,15,1
20221,D,발달상권,3120112,등촌역,1633,1138,495,10,223,388,373,358,281,6,100,270,265,265,232,4,123,118,108,93,49
20221,A,골목상권,3110618,강서고등학교,193,135,58,0,19,38,52,52,32,0,10,29,36,34,26,0,9,9,16,18,6
20221,A,골목상권,3110599,신월1파출소,378,268,110,3,50,89,94,93,49,2,34,68,63,65,36,1,16,21,31,28,13
20221,A,골목상권,3110596,서서울호수공원,417,272,145,2,48,90,107,113,57,0,28,56,74,71,43,2,20,34,33,42,14
20221,R,전통시장,3130200,"신월7동 골목시장(약수시장, 우성상가)",27,18,9,0,0,3,9,6,9,0,0,0,7,4,7,0,0,3,2,2,2
20221,A,골목상권,3110623,갈산공원,130,99,31,0,27,34,27,31,11,0,23,27,21,21,7,0,4,7,6,10,4
20221,R,전통시장,3130218,신월중앙시장,118,53,65,0,28,34,26,13,17,0,8,12,11,9,13,0,20,22,15,4,4
20221,A,골목상권,3110632,방화역 3번,1075,887,188,2,42,127,400,334,170,1,21,90,353,281,141,1,21,37,47,53,29
20221,A,골목상권,3110651,화원중학교,377,214,163,2,29,50,102,105,89,1,19,31,68,52,43,1,10,19,34,53,46
20221,A,골목상권,3110659,화곡역 4번,844,496,348,11,102,181,234,180,136,9,52,114,140,105,76,2,50,67,94,75,60
20221,A,골목상권,3110696,오류동역 1번,2424,1658,766,32,831,942,326,216,77,16,483,735,235,131,58,16,348,207,91,85,19
20221,A,골목상권,3110697,개봉3동주민센터,230,142,88,1,55,64,49,41,20,1,27,41,31,29,13,0,28,23,18,12,7
20221,A,골목상권,3110698,개웅초등학교(개웅중학교),276,176,100,3,50,50,53,63,57,3,25,32,31,39,46,0,25,18,22,24,11
20221,A,골목상권,3110722,G타워,837,574,263,4,152,296,249,99,37,4,95,205,191,55,24,0,57,91,58,44,13
20221,A,골목상권,3110682,온수역 8번,25,11,14,0,2,4,13,5,1,0,2,2,6,1,0,0,0,2,7,4,1
20221,A,골목상권,3110684,서울공연예술고등학교,251,136,115,2,50,78,61,36,24,0,19,54,34,19,10,2,31,24,27,17,14
20221,A,골목상권,3110688,오류지구대,169,59,110,1,18,18,40,59,33,0,7,10,15,19,8,1,11,8,25,40,25
20221,A,골목상권,3110730,서울축산농협 독산역지점(독산파출소),660,376,284,1,80,105,117,201,156,1,30,58,54,113,120,0,50,47,63,88,36
20221,A,골목상권,3110728,두산초등학교,4560,2778,1782,8,88,138,245,530,3551,8,64,86,123,279,2218,0,24,52,122,251,1333
20221,A,골목상권,3110752,한울중학교,269,117,152,2,25,46,81,79,36,2,13,16,34,33,19,0,12,30,47,46,17
20221,R,전통시장,3130234,푸른터시장(기능상실),7,3,4,0,1,1,0,3,2,0,0,1,0,1,1,0,1,0,0,2,1
20221,R,전통시장,3130235,대명여울빛거리시장(대명시장),298,80,218,0,39,52,77,82,48,0,11,14,25,19,11,0,28,38,52,63,37
20221,A,골목상권,3110743,시흥초등학교(시흥1동우체국),191,130,61,0,18,31,48,50,44,0,10,20,32,37,31,0,8,11,16,13,13
20221,A,골목상권,3110731,금천구청역 1번 출입구,1044,564,480,7,306,385,206,96,44,2,149,230,102,55,26,5,157,155,104,41,18
20221,A,골목상권,3110753,시흥동 은행나무사거리,617,387,230,0,69,100,149,166,133,0,28,68,90,96,105,0,41,32,59,70,28
20221,A,골목상권,3110764,문래역 3번,541,223,318,0,93,127,159,102,60,0,27,39,54,54,49,0,66,88,105,48,11
20221,A,골목상권,3110779,대림갑을명가아파트,33,24,9,0,2,5,13,7,6,0,1,4,10,4,5,0,1,1,3,3,1
20221,R,전통시장,3130242,대림중앙 골목형상점가,66,20,46,0,3,17,17,24,5,0,1,6,5,5,3,0,2,11,12,19,2
20221,A,골목상권,3110765,문래동사거리,889,619,270,2,80,133,209,175,290,1,38,78,140,126,236,1,42,55,69,49,54
20221,A,골목상권,3110810,영신초등학교,403,183,220,0,58,147,59,78,61,0,24,67,27,43,22,0,34,80,32,35,39
20221,A,골목상권,3110813,보라매역 6번,286,167,119,3,22,37,50,74,100,3,15,21,24,39,65,0,7,16,26,35,35
20221,D,발달상권,3120135,양평역,5072,3013,2059,32,1300,1280,1187,776,497,11,626,825,676,441,434,21,674,455,511,335,63
20221,D,발달상권,3120146,한강성심병원,5066,2882,2184,18,1252,1255,1097,821,623,8,405,669,729,584,487,10,847,586,368,237,136
20221,R,전통시장,3130253,영신상가(제일상가),9,7,2,0,2,3,0,2,2,0,2,3,0,1,1,0,0,0,0,1,1
20221,R,전통시장,3130249,동남상가,10,8,2,0,2,0,0,4,4,0,1,0,0,4,3,0,1,0,0,0,1
20221,A,골목상권,3110782,영등포시장역 4번,127,87,40,1,13,24,48,27,14,1,5,16,36,17,12,0,8,8,12,10,2
20221,A,골목상권,3110809,장훈고등학교,112,61,51,0,7,15,30,23,37,0,3,5,11,17,25,0,4,10,19,6,12
20221,A,골목상권,3110834,동작구자원봉사센터,41,25,16,0,3,5,8,11,14,0,2,2,8,6,7,0,1,3,0,5,7
20221,A,골목상권,3110828,노량진역 6번,3010,2066,944,9,471,1047,854,467,162,3,252,711,639,357,104,6,219,336,215,110,58
20221,A,골목상권,3110824,대방역 3번,296,102,194,1,48,91,92,42,22,0,11,26,29,23,13,1,37,65,63,19,9
20221,A,골목상권,3110852,이수역 9번,198,121,77,0,26,35,54,38,45,0,12,20,30,23,36,0,14,15,24,15,9
20221,A,골목상권,3110851,경문고등학교(동작동성당),493,236,257,0,79,137,141,105,31,0,32,53,66,67,18,0,47,84,75,38,13
20221,A,골목상권,3110831,상도4동주민센터,72,40,32,0,3,13,14,29,13,0,3,6,6,18,7,0,0,7,8,11,6
20221,A,골목상권,3110827,NH농협은행 상도동지점,262,93,169,0,39,51,73,65,34,0,11,18,20,28,16,0,28,33,53,37,18
20221,A,골목상권,3110841,중대부중,75,34,41,0,7,12,14,23,19,0,4,7,5,10,8,0,3,5,9,13,11
20221,A,골목상권,3110900,낙성대역 1번(관악구민 종합체육센터),444,246,198,1,94,123,115,88,23,1,48,64,62,53,18,0,46,59,53,35,5
20221,D,발달상권,3120159,서울대입구역,1430,763,667,12,289,320,321,238,250,6,116,164,174,133,170,6,173,156,147,105,80
20221,A,골목상권,3110866,난우중학교,184,101,83,0,23,36,41,65,19,0,14,20,19,32,16,0,9,16,22,33,3
20221,D,발달상권,3120158,녹두거리(대학동),695,550,145,2,31,73,200,279,110,0,7,41,163,241,98,2,24,32,37,38,12
20221,A,골목상권,3110857,미성동주민센터,431,229,202,9,60,64,70,108,120,9,34,48,41,46,51,0,26,16,29,62,69
20221,R,전통시장,3130278,미성동 도깨비시장 골목형상점가,75,16,59,0,0,16,28,24,7,0,0,7,5,2,2,0,0,9,23,22,5
20221,A,골목상권,3110875,보라매동주민센터(당곡고등학교),19,15,4,0,4,2,5,6,2,0,2,2,3,6,2,0,2,0,2,0,0
20221,A,골목상권,3110873,당곡중학교,348,167,181,0,70,79,87,76,36,0,29,39,39,37,23,0,41,40,48,39,13
20221,R,전통시장,3130285,서원동상점가,615,316,299,4,28,56,85,160,282,1,17,38,45,60,155,3,11,18,40,100,127
20221,A,골목상권,3110891,구암초등학교,47,22,25,0,5,1,22,16,3,0,1,0,11,8,2,0,4,1,11,8,1
20221,R,전통시장,3130280,신림종합시장,22,17,5,0,0,1,2,7,12,0,0,0,0,5,12,0,0,1,2,2,0
20221,R,전통시장,3130279,관악신사시장,2159,1727,432,0,365,671,738,355,30,0,172,530,669,333,23,0,193,141,69,22,7
20221,R,전통시장,3130295,인헌시장(원당종합시장),122,48,74,0,20,27,38,23,14,0,3,9,16,12,8,0,17,18,22,11,6
20221,A,골목상권,3110892,관악구 중앙길,709,341,368,0,69,110,159,221,150,0,25,55,76,105,80,0,44,55,83,116,70
20221,A,골목상권,3110899,낙성대역 5번(관악중학교),681,442,239,0,167,178,164,123,49,0,107,130,95,71,39,0,60,48,69,52,10
20221,A,골목상권,3110944,서울나래학교(염곡어린이공원),933,632,301,10,116,213,161,196,237,8,88,169,114,118,135,2,28,44,47,78,102
20221,A,골목상권,3110905,방배노인종합복지관(이수중학교),287,176,111,1,36,71,71,63,45,0,18,38,45,41,34,1,18,33,26,22,11
20221,A,골목상권,3110920,방배역 2번(백석예술대학교),359,205,154,0,23,53,125,118,40,0,5,29,65,75,31,0,18,24,60,43,9
20221,A,골목상권,3110910,내방역 5번,614,240,374,5,72,124,157,176,80,3,30,69,52,49,37,2,42,55,105,127,43
20221,A,골목상권,3110906,서문여고,683,362,321,2,217,106,119,106,133,0,59,58,72,62,111,2,158,48,47,44,22
20221,A,골목상권,3110001,이북5도청사,1048,625,423,4,130,286,237,257,134,0,48,170,160,167,80,4,82,116,77,90,54
20221,D,발달상권,3120161,방배동가구거리(사당동가구거리),2517,1833,684,3,187,342,315,347,1323,2,78,178,165,202,1208,1,109,164,150,145,115
20221,R,전통시장,3130296,남부종합시장,85,63,22,0,2,8,25,35,15,0,1,8,16,24,14,0,1,0,9,11,1
20221,D,발달상권,3120175,남부터미널역,8254,5320,2934,32,1703,2482,1996,1297,744,6,856,1692,1362,856,548,26,847,790,634,441,196
20221,A,골목상권,3110932,서울시인재개발원,532,384,148,2,128,170,127,64,41,2,76,116,100,54,36,0,52,54,27,10,5
20221,A,골목상권,3110930,서초동성당,2178,1774,404,8,284,588,694,433,171,2,190,448,591,393,150,6,94,140,103,40,21
20221,A,골목상권,3110931,삼성전자서울R&D(서울우면초등학교),94,47,47,0,36,30,16,6,6,0,11,15,10,6,5,0,25,15,6,0,1
20221,A,골목상권,3110938,바우뫼공원,1522,927,595,0,253,457,423,297,92,0,147,314,251,143,72,0,106,143,172,154,20
20221,A,골목상권,3110942,염곡동 구룡사(포이동성당),3242,1952,1290,7,578,932,791,613,321,3,328,587,461,351,222,4,250,345,330,262,99
20221,A,골목상권,3110943,법제교육센터(버들어린이공원),1122,578,544,1,67,165,357,323,209,1,36,99,151,140,151,0,31,66,206,183,58
20221,A,골목상권,3110994,개포고등학교,494,382,112,7,65,161,123,110,28,4,47,134,103,73,21,3,18,27,20,37,7
20221,R,전통시장,3130305,논현종합시장,85,43,42,0,21,14,14,19,17,0,7,7,6,14,9,0,14,7,8,5,8
20221,D,발달상권,3120193,도산공원교차로,6384,3798,2586,15,1278,1918,1493,983,697,6,466,1071,1021,696,538,9,812,847,472,287,159
20221,D,발달상권,3120220,대치역,5716,3394,2322,26,1854,2307,1022,333,174,2,774,1495,752,234,137,24,1080,812,270,99,37
20221,D,발달상권,3120210,선릉역,48780,26797,21983,117,11358,13636,11065,7952,4652,54,5356,8026,6479,4158,2724,63,6002,5610,4586,3794,1928
20221,D,발달상권,3120221,봉은사역,17557,12129,5428,22,3154,5248,3562,2734,2837,8,2167,4087,2812,1669,1386,14,987,1161,750,1065,1451
20221,A,골목상권,3110988,청담역 3번,1594,1016,578,1,243,425,364,346,215,1,82,247,247,262,177,0,161,178,117,84,38
20221,R,전통시장,3130304,신사상가,24,13,11,0,3,4,6,7,4,0,1,1,3,5,3,0,2,3,3,2,1
20221,D,발달상권,3120197,역삼역,58731,38593,20138,93,10093,18065,15897,10840,3743,43,5229,11924,11872,7083,2442,50,4864,6141,4025,3757,1301
20221,D,발달상권,3120237,경찰병원역,9922,5579,4343,59,1236,1684,1762,1665,3516,25,543,1068,1140,766,2037,34,693,616,622,899,1479
20221,A,골목상권,3111045,개미어린이공원,36,18,18,0,2,7,12,12,3,0,1,1,7,7,2,0,1,6,5,5,1
20221,A,골목상권,3111047,마천1치안센터,111,73,38,0,9,17,34,34,17,0,6,14,19,22,12,0,3,3,15,12,5
20221,A,골목상권,3111043,마천공원,32,13,19,0,1,3,7,12,9,0,0,0,1,6,6,0,1,3,6,6,3
20221,D,발달상권,3120238,방이역,430,260,170,5,53,101,116,79,76,4,25,48,61,57,65,1,28,53,55,22,11
20221,D,발달상권,3120226,석촌고분역,2344,1748,596,6,272,329,431,334,972,5,128,199,262,228,926,1,144,130,169,106,46
20221,A,골목상권,3111012,석촌역 6번,732,332,400,2,91,127,180,183,149,2,23,56,83,93,75,0,68,71,97,90,74
20221,D,발달상권,3120228,석촌역(석촌호수),4494,2725,1769,7,707,1306,1038,695,741,1,288,851,680,410,495,6,419,455,358,285,246
20221,A,골목상권,3111035,오금공원(오주중학교),531,398,133,0,41,90,148,148,104,0,32,66,121,102,77,0,9,24,27,46,27
20221,A,골목상권,3111028,문현중학교(장지역 1번),424,194,230,0,54,66,132,116,56,0,29,36,49,50,30,0,25,30,83,66,26
20221,A,골목상권,3111087,고덕중학교(고덕2동주민센터),197,89,108,0,26,46,62,36,27,0,5,21,26,17,20,0,21,25,36,19,7
20221,D,발달상권,3120246,길동역,3415,1545,1870,14,385,562,837,913,704,8,169,318,417,302,331,6,216,244,420,611,373
20221,A,골목상권,3111083,GS강동자이아파트,411,245,166,0,67,62,70,100,112,0,47,43,41,44,70,0,20,19,29,56,42
20221,R,전통시장,3130325,명일전통시장,89,30,59,0,8,10,13,28,30,0,3,6,5,8,8,0,5,4,8,20,22
20221,A,골목상권,3111074,명일역 1번,147,77,70,2,31,38,40,16,20,1,9,23,23,10,11,1,22,15,17,6,9
20221,A,골목상권,3111053,성내천어린이공원(하니사랑길),6288,4564,1724,6,799,940,1025,1564,1954,3,542,693,750,1053,1523,3,257,247,275,511,431
20221,A,골목상권,3111061,암사역 1번,831,551,280,0,149,186,182,170,144,0,82,128,126,125,90,0,67,58,56,45,54
20221,R,전통시장,3130318,로데오거리상점가,266,132,134,0,31,43,49,55,88,0,9,12,19,26,66,0,22,31,30,29,22
20221,A,골목상권,3111056,천호태영아파트,191,53,138,0,27,35,64,36,29,0,4,5,19,15,10,0,23,30,45,21,19
20221,A,골목상권,3110036,동묘앞역 3번,52,34,18,0,3,6,16,12,15,0,1,3,9,11,10,0,2,3,7,1,5
20221,A,골목상권,3110028,이화달팽이길,704,279,425,1,177,179,137,123,87,0,56,60,56,65,42,1,121,119,81,58,45
20221,D,발달상권,3120010,원남동사거리,4095,2287,1808,50,1544,1304,651,377,169,2,585,792,484,292,132,48,959,512,167,85,37
20221,R,전통시장,3130017,동대문상가C동,12,9,3,0,1,4,4,2,1,0,1,4,3,0,1,0,0,0,1,2,0
20221,D,발달상권,3120016,동대문역,182,115,67,1,10,24,42,40,65,0,6,12,20,28,49,1,4,12,22,12,16
20221,A,골목상권,3110034,창신1동주민센터,41,35,6,0,2,1,14,13,11,0,2,1,10,11,11,0,0,0,4,2,0
20221,A,골목상권,3110014,경복고등학교,194,82,112,0,28,54,40,44,28,0,4,14,21,24,19,0,24,40,19,20,9
20221,A,골목상권,3110286,한성대입구역 5번,986,472,514,17,187,285,318,122,57,8,70,127,144,83,40,9,117,158,174,39,17
20221,R,전통시장,3130036,중부시장(신중부시장),3089,921,2168,8,1868,593,250,198,172,3,316,189,171,120,122,5,1552,404,79,78,50
20221,D,발달상권,3120033,을지로4가역,867,437,430,7,127,212,194,201,126,1,44,107,99,89,97,6,83,105,95,112,29
20221,U,관광특구,3001492,명동 남대문 북창동 다동 무교동 관광특구,104830,53674,51156,423,27134,34007,23384,15726,4156,137,8860,16080,15133,10824,2640,286,18274,17927,8251,4902,1516
20221,D,발달상권,3120023,서울시청,10242,5534,4708,15,2234,3260,2778,1425,530,4,852,1657,1658,983,380,11,1382,1603,1120,442,150
20221,R,전통시장,3130031,청계천공구상가,921,698,223,2,101,281,234,159,144,1,64,230,181,104,118,1,37,51,53,55,26
20221,D,발달상권,3120021,시청역_8번,23737,14953,8784,73,4071,8120,7087,3484,902,13,1699,4433,5165,2993,650,60,2372,3687,1922,491,252
20221,A,골목상권,3110053,청구역 1번,281,166,115,0,52,69,69,54,37,0,23,45,43,27,28,0,29,24,26,27,9
20221,R,전통시장,3130049,신당 미래유산 먹거리 골목형상점가,42,19,23,0,3,5,9,13,12,0,1,3,0,7,8,0,2,2,9,6,4
20221,D,발달상권,3120043,서울역,22578,15322,7256,58,4087,7782,5513,3664,1474,27,2087,4897,4201,3033,1077,31,2000,2885,1312,631,397
20221,A,골목상권,3110040,중구회현체육센터(정화예술대남산캠퍼스),165,78,87,0,33,30,40,37,25,0,14,15,17,13,19,0,19,15,23,24,6
20221,D,발달상권,3120024,회현역,2167,1364,803,2,341,795,582,250,197,1,146,473,416,192,136,1,195,322,166,58,61
20221,A,골목상권,3110039,회현역 1번,49,26,23,0,2,8,12,14,13,0,0,4,9,8,5,0,2,4,3,6,8
20221,R,전통시장,3130024,남대문시장(자유상가),732,426,306,2,54,129,172,177,198,1,15,75,95,108,132,1,39,54,77,69,66
20221,R,전통시장,3130022,숭례문수입상가(남대문시장),1907,850,1057,0,330,855,598,113,11,0,55,378,338,70,9,0,275,477,260,43,2
20221,D,발달상권,3120045,남영동 먹자골목,4044,1580,2464,7,424,908,1421,1162,122,1,257,576,502,205,39,6,167,332,919,957,83
20221,R,전통시장,3130060,신흥시장,4,1,3,0,0,2,0,2,0,0,0,1,0,0,0,0,0,1,0,2,0
20221,A,골목상권,3110072,열정도,374,244,130,6,108,96,78,51,35,0,51,71,62,37,23,6,57,25,16,14,12
20221,A,골목상권,3110059,새남터성지,385,307,78,0,38,71,113,138,25,0,21,48,99,124,15,0,17,23,14,14,10
20201,U,관광특구,3001491,이태원 관광특구,5839,3064,2775,28,1377,2065,1290,768,311,18,514,986,777,541,228,10,863,1079,513,227,83
20221,A,골목상권,3110069,숙대입구,825,291,534,3,200,296,163,87,76,3,34,92,77,40,45,0,166,204,86,47,31
20221,A,골목상권,3110095,한강진역 3번,1186,801,385,16,160,326,321,298,65,8,61,235,227,226,44,8,99,91,94,72,21
20221,A,골목상권,3110097,한남초등학교,7,4,3,0,2,3,2,0,0,0,0,2,2,0,0,0,2,1,0,0,0
20221,A,골목상권,3110077,삼광초등학교,385,317,68,0,37,86,148,98,16,0,21,66,130,88,12,0,16,20,18,10,4
20221,A,골목상권,3110103,옥수터널,13,11,2,1,0,2,2,6,2,0,0,2,2,5,2,1,0,0,0,1,0
20221,R,전통시장,3130073,뚝도시장,45,17,28,1,3,10,9,11,11,0,0,2,4,5,6,1,3,8,5,6,5
20221,A,골목상권,3110137,성수초등학교,6605,4295,2310,31,1016,1740,1836,1344,638,22,557,1152,1250,828,486,9,459,588,586,516,152
20221,A,골목상권,3110138,송정체육공원,160,79,81,0,15,27,53,41,24,0,4,12,21,23,19,0,11,15,32,18,5
20221,D,발달상권,3120057,아차산역,2218,1220,998,52,412,432,503,468,351,19,236,257,289,206,213,33,176,175,214,262,138
20221,A,골목상권,3110177,동의초등학교,112,81,31,0,6,25,28,32,21,0,3,14,19,26,19,0,3,11,9,6,2
20221,A,골목상권,3110175,푸른동산공원,367,233,134,0,41,73,108,86,59,0,24,48,69,53,39,0,17,25,39,33,20
20221,A,골목상권,3110146,신자초등학교,742,537,205,0,50,81,212,276,123,0,25,45,160,209,98,0,25,36,52,67,25
20221,A,골목상권,3110150,중곡1동 마을마당,1179,698,481,1,197,352,252,217,160,1,83,194,161,132,127,0,114,158,91,85,33
20221,A,골목상권,3110195,동대문구청,221,115,106,0,41,58,47,40,35,0,12,28,23,27,25,0,29,30,24,13,10
20221,A,골목상권,3110189,제기동역 1번,1538,1086,452,1,233,490,342,167,305,0,98,349,286,136,217,1,135,141,56,31,88
20221,A,골목상권,3110214,경희대후문,86,42,44,0,18,17,24,17,10,0,6,6,13,10,7,0,12,11,11,7,3
20221,A,골목상권,3110224,외대앞역 2번,96,41,55,0,9,14,16,29,28,0,2,4,9,18,8,0,7,10,7,11,20
20221,A,골목상권,3110232,동대부고,579,413,166,0,41,71,119,175,173,0,14,38,80,134,147,0,27,33,39,41,26
20221,A,골목상권,3110201,전농119안전센터,27,11,16,0,2,1,9,10,5,0,1,0,3,4,3,0,1,1,6,6,2
20221,R,전통시장,3130099,전농로터리시장,7,3,4,0,1,0,2,3,1,0,0,0,1,1,1,0,1,0,1,2,0
20221,R,전통시장,3130090,청량리종합시장,19,13,6,0,1,4,3,5,6,0,1,2,3,3,4,0,0,2,0,2,2
20221,R,전통시장,3130093,동서시장,5,3,2,0,0,0,1,2,2,0,0,0,1,0,2,0,0,0,0,2,0
20221,A,골목상권,3110190,고대앞사거리,195,92,103,0,22,34,34,45,60,0,4,18,22,19,29,0,18,16,12,26,31
20221,A,골목상권,3110196,홍릉근린공원,23,12,11,0,1,6,8,5,3,0,1,4,3,2,2,0,0,2,5,3,1
20221,D,발달상권,3120065,회기역,323,205,118,3,48,55,87,76,54,1,27,39,48,49,41,2,21,16,39,27,13
20221,A,골목상권,3110215,회기역 1번,28,18,10,0,3,4,9,7,5,0,3,2,6,3,4,0,0,2,3,4,1
20221,A,골목상권,3110222,회기역 2번,20,17,3,0,0,3,2,6,9,0,0,2,2,4,9,0,0,1,0,2,0
20221,A,골목상권,3110273,장스여성병원,610,446,164,7,31,37,75,209,251,0,4,8,37,168,229,7,27,29,38,41,22
20221,A,골목상권,3110260,면목역 3번,126,74,52,0,24,21,24,29,28,0,14,8,12,20,20,0,10,13,12,9,8
20221,R,전통시장,3130105,장미제일시장(중화동제일시장),63,27,36,0,8,14,22,11,8,0,3,6,14,3,1,0,5,8,8,8,7
20221,A,골목상권,3110257,상봉역 7번,397,330,67,0,17,18,50,133,179,0,6,11,34,118,161,0,11,7,16,15,18
20221,A,골목상권,3110238,배꽃어린이공원,66,48,18,0,6,7,15,23,15,0,4,5,9,15,15,0,2,2,6,8,0
20221,A,골목상권,3110303,성신여대입구역 1번,139,98,41,1,7,35,44,27,25,0,2,22,28,25,21,1,5,13,16,2,4
20221,A,골목상권,3110305,보문역 5번,883,661,222,3,165,255,173,133,154,1,99,199,129,103,130,2,66,56,44,30,24
20221,D,발달상권,3120070,한성대입구역,466,180,286,2,83,69,78,113,121,2,21,31,37,38,51,0,62,38,41,75,70
20221,A,골목상권,3110331,돌곶이역 8번,441,297,144,3,54,146,113,78,47,0,17,105,83,55,37,3,37,41,30,23,10
20221,A,골목상권,3110334,석관중앙교회,170,105,65,0,21,43,31,41,34,0,8,19,19,29,30,0,13,24,12,12,4
20221,A,골목상권,3110293,삼선중학교,1730,860,870,4,248,467,527,319,165,3,116,277,268,111,85,1,132,190,259,208,80
20221,A,골목상권,3110283,성북초등학교앞,203,78,125,0,16,33,56,80,18,0,8,10,23,27,10,0,8,23,33,53,8
20221,A,골목상권,3110285,홍대부중,814,559,255,9,219,220,210,100,56,6,118,172,163,69,31,3,101,48,47,31,25
20221,A,골목상권,3110312,안암역 2번,150,81,69,0,13,19,47,46,25,0,7,14,24,22,14,0,6,5,23,24,11
20221,A,골목상권,3110316,숭곡초등학교,439,217,222,2,68,114,129,88,38,2,19,58,73,42,23,0,49,56,56,46,15
20221,A,골목상권,3110322,장위1동주민센터,319,224,95,1,33,37,59,95,94,0,25,31,44,66,58,1,8,6,15,29,36
20221,A,골목상권,3110294,서경대학교,391,262,129,0,35,30,93,120,113,0,18,14,46,87,97,0,17,16,47,33,16
20221,A,골목상권,3110319,종암동주민센터,454,111,343,1,46,51,89,146,121,0,8,19,24,32,28,1,38,32,65,114,93
20221,A,골목상권,3110364,미아역 8번,146,75,71,0,9,26,51,39,21,0,3,9,25,23,15,0,6,17,26,16,6
20221,A,골목상권,3110381,번동주공2단지,171,88,83,5,31,28,38,55,14,4,11,14,21,30,8,1,20,14,17,25,6
20221,R,전통시장,3130131,동북프라자,121,49,72,0,9,23,37,29,23,0,4,8,17,9,11,0,5,15,20,20,12
20221,A,골목상권,3110374,송중초등학교,491,272,219,5,33,60,145,140,108,5,9,29,73,70,86,0,24,31,72,70,22
20221,A,골목상권,3110371,삼양입구사거리,49,23,26,0,2,7,10,19,11,0,0,3,5,10,5,0,2,4,5,9,6
20221,A,골목상권,3110363,송천동주민센터,19,12,7,0,0,4,3,7,5,0,0,3,1,4,4,0,0,1,2,3,1
20221,A,골목상권,3110361,삼양사거리역 1번,101,29,72,0,9,12,19,28,33,0,2,4,3,7,13,0,7,8,16,21,20
20221,A,골목상권,3110360,수유초등학교,321,222,99,0,34,61,63,67,96,0,7,43,42,44,86,0,27,18,21,23,10
20221,A,골목상권,3110357,가오리역 1번,725,611,114,0,25,36,171,340,153,0,4,18,146,310,133,0,21,18,25,30,20
20221,A,골목상권,3110340,인수중학교,176,99,77,0,24,55,50,29,18,0,8,43,31,7,10,0,16,12,19,22,8
20221,A,골목상권,3110341,북한산우이역 2번,496,411,85,0,15,25,80,258,118,0,4,10,52,237,108,0,11,15,28,21,10
20221,A,골목상권,3110390,방학초등학교,231,110,121,0,18,63,68,58,24,0,7,36,28,27,12,0,11,27,40,31,12
20221,A,골목상권,3110408,가인초등학교,355,105,250,0,66,70,100,85,34,0,12,24,32,21,16,0,54,46,68,64,18
20221,A,골목상권,3110433,공릉역 2번,401,137,264,1,30,41,46,46,237,1,17,30,25,18,46,0,13,11,21,28,191
20221,R,전통시장,3130157,상계중앙시장,68,35,33,0,14,17,13,15,9,0,8,13,6,6,2,0,6,4,7,9,7
20221,A,골목상권,3110423,석계역 2번,280,104,176,0,27,29,65,73,86,0,9,15,31,29,20,0,18,14,34,44,66
20221,D,발달상권,3120090,연신내역,796,297,499,5,187,160,183,154,107,1,65,66,64,53,48,4,122,94,119,101,59
20221,A,골목상권,3110462,갈현건영아파트,335,216,119,1,40,61,100,72,61,1,23,36,61,48,47,0,17,25,39,24,14
20221,R,전통시장,3130170,제일시장,58,26,32,1,7,9,13,19,9,1,2,2,5,11,5,0,5,7,8,8,4
20221,A,골목상권,3110481,불광역 7번,199,89,110,0,13,44,41,60,41,0,2,23,11,25,28,0,11,21,30,35,13
20221,A,골목상권,3110443,수색역 1번,20,12,8,0,1,2,7,6,4,0,0,2,2,4,4,0,1,0,5,2,0
20221,A,골목상권,3110459,응암역 2번,547,198,349,1,50,105,159,154,78,0,9,38,77,41,33,1,41,67,82,113,45
20221,A,골목상권,3110468,응암역 3번,1202,526,676,2,142,266,324,272,196,0,45,119,142,116,104,2,97,147,182,156,92
20221,A,골목상권,3110478,응암1동주민센터,355,220,135,2,26,37,56,56,178,2,16,23,28,32,119,0,10,14,28,24,59
20221,A,골목상권,3110463,응암3동주민센터,123,54,69,0,7,23,36,26,31,0,3,6,14,11,20,0,4,17,22,15,11
20221,R,전통시장,3130161,증산종합시장,8,5,3,0,0,1,2,2,3,0,0,0,1,2,2,0,0,1,1,0,1
20221,A,골목상권,3110507,명지대학교,1537,1156,381,29,392,636,318,129,33,26,257,481,282,83,27,3,135,155,36,46,6
20221,A,골목상권,3110495,북가좌2동주민센터,501,372,129,0,28,67,125,185,96,0,11,45,88,152,76,0,17,22,37,33,20
20221,R,전통시장,3130179,"이화여대 3,5,7길 상점가",147,65,82,3,34,15,41,31,23,1,12,3,14,17,18,2,22,12,27,14,5
20221,A,골목상권,3110528,서울여자간호대학교,324,160,164,0,11,25,38,72,178,0,10,14,20,24,92,0,1,11,18,48,86
20221,A,골목상권,3110580,양원초등학교,78,20,58,0,3,6,16,25,28,0,0,1,3,11,5,0,3,5,13,14,23
20221,A,골목상권,3110568,광흥창역 1번,67,32,35,0,12,21,14,15,5,0,4,10,6,9,3,0,8,11,8,6,2
20221,A,골목상권,3110545,마포구청역 1번,789,460,329,1,64,151,210,235,128,1,24,92,106,146,91,0,40,59,104,89,37
20221,A,골목상권,3110584,아현역 4번,49,13,36,0,4,7,14,13,11,0,0,0,2,5,6,0,4,7,12,8,5
20221,A,골목상권,3110556,절두산순교성지,176,112,64,3,17,42,58,39,17,3,8,27,39,24,11,0,9,15,19,15,6
20221,A,골목상권,3110622,달마을공원,458,261,197,0,58,90,102,138,70,0,26,47,63,65,60,0,32,43,39,73,10
20221,A,골목상권,3110601,신월1동우편취급국,1200,814,386,3,116,180,274,437,190,1,61,115,183,309,145,2,55,65,91,128,45
20221,A,골목상권,3110598,신월문화체육센터,381,174,207,0,16,50,101,131,83,0,4,22,40,60,48,0,12,28,61,71,35
20221,D,발달상권,3120109,서울남부지방법원,608,342,266,2,56,104,110,170,166,1,18,40,50,104,129,1,38,64,60,66,37
20221,A,골목상권,3110609,신정네거리역 2번,1377,1358,19,0,14,15,52,171,1125,0,10,11,45,168,1124,0,4,4,7,3,1
20221,A,골목상권,3110652,양천향교역 2번,643,483,160,0,70,131,146,169,127,0,32,102,104,139,106,0,38,29,42,30,21
20221,A,골목상권,3110675,화곡4동주민센터,235,161,74,0,13,45,60,59,58,0,6,28,34,46,47,0,7,17,26,13,11
20221,A,골목상권,3110672,백석중학교,168,91,77,1,26,41,35,49,16,1,19,23,14,23,11,0,7,18,21,26,5
20221,A,골목상권,3110660,등촌3동주민센터,4614,2039,2575,10,469,707,766,1291,1371,5,197,427,424,447,539,5,272,280,342,844,832
20221,A,골목상권,3110645,우장산역 4번,782,381,401,0,63,120,238,219,142,0,32,60,86,88,115,0,31,60,152,131,27
20221,R,전통시장,3130213,방신전통시장,112,77,35,0,13,20,25,29,25,0,10,18,14,14,21,0,3,2,11,15,4
20221,A,골목상권,3110630,공항시장역 1번,1472,1008,464,0,157,294,298,328,395,0,67,180,202,240,319,0,90,114,96,88,76
20221,R,전통시장,3130212,공항시장,8,6,2,0,1,0,3,2,2,0,1,0,3,0,2,0,0,0,0,2,0
20221,A,골목상권,3110640,방화역 1번,1019,638,381,3,139,292,240,195,150,3,62,119,167,158,129,0,77,173,73,37,21
20221,A,골목상권,3110655,발산역 5번,589,356,233,0,97,156,148,113,75,0,29,94,98,77,58,0,68,62,50,36,17
20221,D,발달상권,3120126,디지털단지오거리,135,86,49,0,11,30,48,26,20,0,2,16,38,15,15,0,9,14,10,11,5
20221,A,골목상권,3110692,큰굴다리,233,148,85,0,12,52,54,66,49,0,7,19,35,49,38,0,5,33,19,17,11
20221,A,골목상권,3110695,개봉1동주민센터,537,312,225,1,56,150,140,121,69,1,31,97,72,64,47,0,25,53,68,57,22
20221,R,전통시장,3130226,고척프라자,2,2,0,0,1,1,0,0,0,0,1,1,0,0,0,0,0,0,0,0,0
20221,A,골목상권,3110714,구로4동주민센터,261,149,112,0,32,43,54,76,56,0,7,18,31,50,43,0,25,25,23,26,13
20221,A,골목상권,3110708,화원어린이공원,71,33,38,0,10,12,15,24,10,0,3,4,7,10,9,0,7,8,8,14,1
20221,A,골목상권,3110715,구로구민회관,84,59,25,0,12,13,29,23,7,0,5,10,19,19,6,0,7,3,10,4,1
20221,A,골목상권,3110713,구로보건소,2668,1817,851,5,474,650,706,533,300,3,323,472,514,332,173,2,151,178,192,201,127
20221,A,골목상권,3110718,한국SGI본부,1614,1061,553,3,308,462,397,336,108,3,167,313,292,220,66,0,141,149,105,116,42
20221,A,골목상권,3110707,구로창업지원센터,1045,760,285,4,141,266,246,253,135,3,78,195,185,186,113,1,63,71,61,67,22
20221,D,발달상권,3120123,오류동역,2120,1645,475,1,313,413,505,594,294,0,276,331,389,425,224,1,37,82,116,169,70
20221,A,골목상권,3110726,금천철쭉어린이공원(금하마을),222,172,50,0,19,25,41,62,75,0,17,16,22,45,72,0,2,9,19,17,3
20221,A,골목상권,3110727,독산역 1번 출입구,659,514,145,4,72,152,169,191,71,4,48,118,128,165,51,0,24,34,41,26,20
20221,A,골목상권,3110738,문성초등학교,249,125,124,0,17,27,65,90,50,0,12,14,34,40,25,0,5,13,31,50,25
20221,A,골목상권,3110744,독산동성당,486,292,194,0,31,86,125,152,92,0,22,53,69,89,59,0,9,33,56,63,33
20221,R,전통시장,3130232,독산동 맛나는거리상점가(독산동 맛나는거리),33,24,9,0,3,12,5,10,3,0,2,9,4,6,3,0,1,3,1,4,0
20221,D,발달상권,3120133,서울시흥동우체국(홈플러스시흥점),154,66,88,1,16,23,31,43,40,1,7,11,15,12,20,0,9,12,16,31,20
20221,A,골목상권,3110734,금천파출소,92,47,45,0,7,11,21,29,24,0,3,5,14,13,12,0,4,6,7,16,12
20221,R,전통시장,3130236,비단길현대시장(현대시장),139,42,97,0,13,23,49,40,14,0,4,3,12,17,6,0,9,20,37,23,8
20221,A,골목상권,3110747,석수역 1번 출입구,813,612,201,0,46,81,166,224,296,0,27,52,102,165,266,0,19,29,64,59,30
20221,A,골목상권,3110754,삼성산자연공원(서울금천초등학교),202,76,126,1,21,41,48,41,50,0,6,18,29,10,13,1,15,23,19,31,37
20221,D,발달상권,3120138,당산2동(영등포우체국),2754,1653,1101,23,745,579,479,488,440,15,395,347,312,309,275,8,350,232,167,179,165
20221,A,골목상권,3110781,대림한신아파트,182,112,70,0,23,29,51,38,41,0,8,16,34,23,31,0,15,13,17,15,10
20221,A,골목상권,3110776,도신초등학교,168,106,62,0,12,20,48,63,25,0,11,10,35,34,16,0,1,10,13,29,9
20221,A,골목상권,3110792,영등포역 2번,3343,1737,1606,28,554,856,830,851,224,11,223,385,459,526,133,17,331,471,371,325,91
20221,D,발달상권,3120137,문래역(문래로데오거리),50,21,29,2,11,8,13,12,4,0,4,1,7,7,2,2,7,7,6,5,2
20221,A,골목상권,3110812,신길6동주민센터,363,245,118,0,69,115,106,50,23,0,34,78,85,29,19,0,35,37,21,21,4
20221,A,골목상권,3110798,신풍역 2번,53,20,33,0,2,13,14,13,11,0,0,3,3,6,8,0,2,10,11,7,3
20221,A,골목상권,3110811,보라매역 4번,187,94,93,0,22,41,49,52,23,0,8,22,18,27,19,0,14,19,31,25,4
20221,A,골목상권,3110756,문래중학교,275,179,96,0,48,79,78,35,35,0,21,58,52,21,27,0,27,21,26,14,8
20221,R,전통시장,3130257,영등포시장기계공구상가,158,116,42,0,11,26,33,47,41,0,7,16,22,37,34,0,4,10,11,10,7
20221,A,골목상권,3110800,영등포동성당,227,153,74,0,26,34,61,66,40,0,13,22,37,46,35,0,13,12,24,20,5
20221,A,골목상권,3110806,서울시립영등포장애인복지관,76,42,34,0,18,30,13,13,2,0,5,16,9,11,1,0,13,14,4,2,1
20221,A,골목상권,3110820,성남고등학교,3101,2470,631,1,651,742,555,991,161,0,438,581,448,879,124,1,213,161,107,112,37
20221,D,발달상권,3120156,"총신대입구역(이수, 총신대)",3366,1461,1905,14,640,802,748,644,518,7,213,337,380,258,266,7,427,465,368,386,252
20221,A,골목상권,3110839,숭실대입구역 4번,187,67,120,0,10,51,57,46,23,0,2,14,22,11,18,0,8,37,35,35,5
20221,A,골목상권,3110833,상도역 2번,255,163,92,2,20,61,74,74,24,0,17,49,47,34,16,2,3,12,27,40,8
20221,A,골목상권,3110819,신대방역 4번,456,226,230,0,62,93,114,73,114,0,14,33,50,48,81,0,48,60,64,25,33
20221,A,골목상권,3110876,서원동주민센터(신관중학교),49,29,20,0,5,9,16,9,10,0,2,4,10,4,9,0,3,5,6,5,1
20221,R,전통시장,3130284,관악종합시장(신원시장),17,10,7,0,0,1,3,10,3,0,0,1,1,6,2,0,0,0,2,4,1
20221,A,골목상권,3110889,봉천역 6번,376,317,59,0,29,36,69,136,106,0,18,20,47,130,102,0,11,16,22,6,4
20221,A,골목상권,3110901,인헌고등학교(인헌중학교),245,143,102,3,39,58,73,51,21,3,21,35,38,30,16,0,18,23,35,21,5
20221,R,전통시장,3130275,강남골목시장,164,121,43,0,17,38,46,34,29,0,15,32,30,23,21,0,2,6,16,11,8
20221,D,발달상권,3120185,논현역,12723,7377,5346,29,2723,4108,3218,1875,770,10,1037,2421,2225,1194,490,19,1686,1687,993,681,280
20221,A,골목상권,3110908,구반포역,1517,376,1141,0,66,110,396,804,141,0,42,53,71,141,69,0,24,57,325,663,72
20221,A,골목상권,3110916,내방역 4번,1152,592,560,9,216,272,301,208,146,6,58,167,187,91,83,3,158,105,114,117,63
20221,A,골목상권,3110914,내방역 6번,146,116,30,0,26,31,37,26,26,0,17,26,26,24,23,0,9,5,11,2,3
20221,A,골목상권,3110919,내방역 8번,1289,936,353,3,122,279,365,332,188,1,51,165,297,279,143,2,71,114,68,53,45
20221,D,발달상권,3120179,양재역,20226,15999,4227,55,2836,6941,4949,3795,1650,32,1949,5811,4124,2895,1188,23,887,1130,825,900,462
20221,A,골목상권,3110981,국악고교사거리,361,216,145,2,57,77,110,81,34,0,27,36,72,56,25,2,30,41,38,25,9
20221,D,발달상권,3120191,학동역,13888,8123,5765,40,2898,3769,2969,1869,2343,17,1128,2152,2012,1134,1680,23,1770,1617,957,735,663
20221,A,골목상권,3110952,논현목련공원,117,65,52,0,21,23,27,22,24,0,9,13,13,14,16,0,12,10,14,8,8
20221,A,골목상권,3110953,학동근린공원,2487,1583,904,15,679,891,571,218,113,0,336,572,409,180,86,15,343,319,162,38,27
20221,A,골목상권,3110968,강남구청역 2번,1023,596,427,7,327,204,133,121,231,4,177,117,81,68,149,3,150,87,52,53,82
20221,D,발달상권,3120203,강남구청역,7726,4602,3124,27,1589,2070,1890,1381,769,8,650,1218,1293,882,551,19,939,852,597,499,218
20221,A,골목상권,3110966,논현2동주민센터,1634,1016,618,18,470,498,299,216,133,7,256,298,200,146,109,11,214,200,99,70,24
20221,A,골목상권,3110996,대치2동주민센터,1940,1218,722,2,81,274,345,337,901,0,47,206,276,245,444,2,34,68,69,92,457
20221,A,골목상권,3110982,강남구보훈회관,166,74,92,0,31,34,41,41,19,0,7,13,25,14,15,0,24,21,16,27,4
20221,A,골목상권,3111002,한국교통안전공단 강남자동차검사소,317,115,202,0,22,63,65,96,71,0,7,31,21,26,30,0,15,32,44,70,41
20221,A,골목상권,3110973,강남구청역 4번,1448,784,664,4,275,332,289,269,279,1,146,203,162,128,144,3,129,129,127,141,135
20221,A,골목상권,3110987,영동대교남단,410,201,209,1,80,64,74,101,90,1,40,36,31,40,53,0,40,28,43,61,37
20221,A,골목상권,3111022,석촌중학교(방이육교),686,344,342,1,59,145,176,222,83,0,37,95,98,70,44,1,22,50,78,152,39
20221,A,골목상권,3111041,거여역 8번,411,336,75,1,102,118,81,62,47,1,84,93,67,50,41,0,18,25,14,12,6
20221,D,발달상권,3120236,장지역(가든파이브),4622,3221,1401,15,678,1056,1076,989,808,10,373,711,778,710,639,5,305,345,298,279,169
20221,A,골목상권,3111014,송파나루역 2번,521,273,248,1,42,75,119,190,94,0,21,42,67,83,60,1,21,33,52,107,34
20221,A,골목상권,3111031,장지동주민센터(한림연예예술고교),3127,2317,810,8,263,415,651,857,933,2,170,330,497,648,670,6,93,85,154,209,263
20221,R,전통시장,3130314,풍납시장,203,100,103,1,24,42,50,61,25,1,15,27,22,19,16,0,9,15,28,42,9
20221,D,발달상권,3120242,강동구청역,4533,2940,1593,33,536,1064,1057,894,949,13,287,678,696,560,706,20,249,386,361,334,243
20221,A,골목상권,3111084,길동신동아아파트,169,104,65,2,27,32,37,58,13,2,21,23,24,25,9,0,6,9,13,33,4
20221,A,골목상권,3111073,둔촌동역 1번(한산중학교),973,578,395,1,134,224,250,206,158,1,58,122,160,124,113,0,76,102,90,82,45
20221,D,발달상권,3120248,명일역,859,331,528,4,114,141,223,203,174,2,41,59,84,68,77,2,73,82,139,135,97
20221,D,발달상권,3120249,고덕역,1359,916,443,3,172,305,337,317,225,1,75,198,249,221,172,2,97,107,88,96,53
20221,R,전통시장,3130319,성내전통시장,47,31,16,0,3,8,14,10,12,0,3,4,9,7,8,0,0,4,5,3,4
20221,A,골목상권,3111072,굽은다리역 1번(십자성마을),747,473,274,1,59,119,201,187,180,0,20,70,116,127,140,1,39,49,85,60,40
20221,R,전통시장,3130322,고분다리전통시장,7,4,3,0,0,0,2,4,1,0,0,0,1,2,1,0,0,0,1,2,0
20221,A,골목상권,3110017,정독도서관,650,322,328,0,133,273,152,58,34,0,26,130,93,43,30,0,107,143,59,15,4
20221,D,발달상권,3120001,서대문역,1510,1022,488,1,265,530,359,278,77,1,106,344,272,237,62,0,159,186,87,41,15
20221,A,골목상권,3110004,대신고등학교,32,14,18,0,3,4,8,14,3,0,1,0,3,8,2,0,2,4,5,6,1
20221,A,골목상권,3110002,독립문역 1번,475,121,354,1,146,140,118,44,26,1,25,25,41,14,15,0,121,115,77,30,11
20221,D,발달상권,3120062,신설동역,12648,5435,7213,13,1214,2604,3451,3483,1883,2,444,1433,1624,1125,807,11,770,1171,1827,2358,1076
20221,A,골목상권,3110025,충신시장옆,213,129,84,2,17,46,63,56,29,0,6,23,43,33,24,2,11,23,20,23,5
20221,D,발달상권,3120011,종로4가,2984,1666,1318,5,420,1022,880,515,142,0,165,497,518,378,108,5,255,525,362,137,34
20221,D,발달상권,3120008,인사동,22070,13019,9051,1263,7895,5069,3940,2756,1147,589,4005,3077,2666,2006,676,674,3890,1992,1274,750,471
20221,R,전통시장,3130012,"동대문종합시장(동대문종합시장 신관, 동대문종합시장D동상가)",1319,965,354,2,156,325,348,339,149,0,116,251,238,247,113,2,40,74,110,92,36
20221,A,골목상권,3110026,종로5가역 4번,190,120,70,0,22,41,73,27,27,0,9,28,47,14,22,0,13,13,26,13,5
20221,R,전통시장,3130014,동문시장,17,8,9,0,0,6,4,4,3,0,0,2,1,3,2,0,0,4,3,1,1
20221,R,전통시장,3130015,창신골목시장,22,12,10,0,0,2,8,9,3,0,0,2,6,2,2,0,0,0,2,7,1
20221,A,골목상권,3110031,창신역 1번,72,57,15,0,11,17,12,21,11,0,8,11,11,17,10,0,3,6,1,4,1
20221,A,골목상권,3110016,평창동동측,2303,1051,1252,9,318,614,663,433,266,4,126,304,354,163,100,5,192,310,309,270,166
20221,A,골목상권,3110020,서울국제고등학교,593,291,302,1,141,279,101,49,22,1,41,139,70,26,14,0,100,140,31,23,8
20221,A,골목상권,3110048,장충동주민센터,5315,2706,2609,21,867,1339,1513,1367,208,5,338,768,756,707,132,16,529,571,757,660,76
20221,A,골목상권,3110046,버티고개,104,74,30,0,6,23,40,28,7,0,3,17,28,20,6,0,3,6,12,8,1
20221,A,골목상권,3110047,다산성곽길,160,89,71,0,36,43,36,27,18,0,23,29,21,7,9,0,13,14,15,20,9
20221,R,전통시장,3130051,동화동 골목형상점가,391,156,235,1,82,94,98,66,50,1,18,25,43,36,33,0,64,69,55,30,17
20221,R,전통시장,3130053,백학시장,160,69,91,0,22,24,46,37,31,0,8,8,20,15,18,0,14,16,26,22,13
20221,A,골목상권,3110110,상왕십리역 6번,87,54,33,1,12,16,24,18,16,1,7,11,13,10,12,0,5,5,11,8,4
20221,R,전통시장,3130042,약수시장,158,67,91,2,36,30,40,21,29,2,9,9,19,8,20,0,27,21,21,13,9
20221,A,골목상권,3110591,충정로역 6번,87,48,39,0,15,19,21,28,4,0,9,9,11,16,3,0,6,10,10,12,1
20221,R,전통시장,3130062,보광시장,39,16,23,0,1,7,11,15,5,0,0,3,4,6,3,0,1,4,7,9,2
20221,A,골목상권,3110086,이태원역 북측,9244,3609,5635,12,3187,3891,1654,428,72,3,733,1558,905,355,55,9,2454,2333,749,73,17
20221,A,골목상권,3110085,경리단길남측,532,260,272,4,98,163,148,67,52,2,40,59,78,41,40,2,58,104,70,26,12
20221,A,골목상권,3110066,서울역 15번,748,467,281,6,152,227,156,125,82,3,81,151,104,66,62,3,71,76,52,59,20
20221,A,골목상권,3110105,금동어린이공원,38,17,21,0,1,7,11,10,9,0,0,2,3,6,6,0,1,5,8,4,3
20221,A,골목상권,3110116,청계천박물관,4825,3644,1181,29,323,769,1077,1762,865,26,206,565,875,1315,657,3,117,204,202,447,208
20221,A,골목상권,3110128,성원중학교,911,573,338,1,98,165,255,266,126,1,53,94,157,170,98,0,45,71,98,96,28
20221,A,골목상권,3110120,서울숲카페거리,79,49,30,0,8,12,35,18,6,0,3,8,23,10,5,0,5,4,12,8,1
20221,A,골목상권,3110124,뚝섬역교차로,1253,1006,247,7,170,155,222,312,387,6,94,111,169,268,358,1,76,44,53,44,29
20221,A,골목상권,3110129,성원어린이공원,640,405,235,1,65,118,131,180,145,0,35,70,86,107,107,1,30,48,45,73,38
20221,A,골목상권,3110132,성수2가3동주민센터,786,521,265,0,97,182,220,197,90,0,67,133,145,108,68,0,30,49,75,89,22
20221,A,골목상권,3110111,대현산장미원,51,40,11,0,6,7,6,17,15,0,6,4,4,13,13,0,0,3,2,4,2
20221,A,골목상권,3110166,구의1동주민센터,552,292,260,1,70,121,177,115,68,1,20,59,99,60,53,0,50,62,78,55,15
20221,A,골목상권,3110160,광진경찰서,819,680,139,0,149,322,180,157,11,0,110,261,150,149,10,0,39,61,30,8,1
20221,D,발달상권,3120054,어린이대공원역,1196,805,391,0,61,141,304,441,249,0,17,79,201,322,186,0,44,62,103,119,63
20221,A,골목상권,3110145,장안초등학교,7,4,3,0,0,1,2,3,1,0,0,0,1,3,0,0,0,1,1,0,1
20221,D,발달상권,3120055,군자역,4255,2030,2225,33,1138,780,911,991,402,23,548,430,436,330,263,10,590,350,475,661,139
20221,A,골목상권,3110164,아차산역 5번,731,494,237,3,111,126,143,164,184,0,61,77,101,112,143,3,50,49,42,52,41
20221,R,전통시장,3130076,능동로골목시장,93,70,23,0,2,11,16,17,47,0,1,4,14,11,40,0,1,7,2,6,7
20221,A,골목상권,3110158,중곡3동주민센터,715,518,197,1,113,210,184,138,69,0,73,168,123,104,50,1,40,42,61,34,19
20221,R,전통시장,3130100,답십리시장,93,40,53,2,19,25,23,11,13,2,4,9,11,6,8,0,15,16,12,5,5
20221,A,골목상권,3110227,답십리공원,229,93,136,0,16,30,77,84,22,0,13,16,27,23,14,0,3,14,50,61,8
20221,A,골목상권,3110181,신설동역 9번,1864,1212,652,12,209,232,286,440,685,12,150,162,188,282,418,0,59,70,98,158,267
20221,A,골목상권,3110192,동의보감타워,70,45,25,0,7,10,25,16,12,0,2,6,17,10,10,0,5,4,8,6,2
20221,R,전통시장,3130085,용두시장,4,2,2,0,0,0,1,2,1,0,0,0,0,1,1,0,0,0,1,1,0
20221,A,골목상권,3110182,용두희망어린이공원,370,249,121,0,38,71,108,87,66,0,20,47,67,64,51,0,18,24,41,23,15
20221,A,골목상권,3110223,군자초등학교,94,56,38,0,13,17,26,24,14,0,4,10,17,15,10,0,9,7,9,9,4
20221,A,골목상권,3110191,고려대역 6번,48,41,7,0,1,12,14,9,12,0,1,10,11,8,11,0,0,2,3,1,1
20221,A,골목상권,3110193,고려대역 4번,48,37,11,0,5,11,11,10,11,0,3,5,10,10,9,0,2,6,1,0,2
20221,A,골목상권,3110208,시조사삼거리,75,56,19,0,2,14,7,17,35,0,1,7,2,11,35,0,1,7,5,6,0
20221,R,전통시장,3130103,이경시장,16,8,8,0,0,1,2,2,11,0,0,1,1,1,5,0,0,0,1,1,6
20221,A,골목상권,3110270,혜원여고,168,148,20,0,4,5,7,70,82,0,4,3,6,59,76,0,0,2,1,11,6
20221,A,골목상권,3110274,서일대학교,523,360,163,0,46,59,135,146,137,0,8,37,89,115,111,0,38,22,46,31,26
20221,A,골목상권,3110277,러스크서울병원,145,78,67,0,12,30,29,43,31,0,4,13,16,23,22,0,8,17,13,20,9
20221,D,발달상권,3120068,사가정역,145,45,100,3,38,31,25,22,26,0,1,5,12,12,15,3,37,26,13,10,11
20221,A,골목상권,3110253,중곡초등학교,181,106,75,0,31,31,44,49,26,0,10,17,23,35,21,0,21,14,21,14,5
20221,A,골목상권,3110249,중화역 1번,764,479,285,0,68,129,205,203,159,0,31,61,105,139,143,0,37,68,100,64,16
20221,A,골목상권,3110250,화랑대역 7번,111,69,42,0,7,20,32,34,18,0,5,12,15,23,14,0,2,8,17,11,4
20221,R,전통시장,3130116,동성타워프라자,31,22,9,0,2,9,7,8,5,0,2,4,4,7,5,0,0,5,3,1,0
20221,A,골목상권,3110235,세화어린이공원,17,12,5,0,6,3,1,5,2,0,5,1,1,3,2,0,1,2,0,2,0
20221,A,골목상권,3110306,미아초등학교,317,218,99,2,13,50,81,77,94,0,3,29,53,50,83,2,10,21,28,27,11
20221,A,골목상권,3110304,보문역 4번,248,146,102,0,40,77,61,48,22,0,10,46,35,37,18,0,30,31,26,11,4
20221,A,골목상권,3110291,한성대입구역 3번,342,172,170,2,27,49,94,91,79,0,14,24,49,51,34,2,13,25,45,40,45
20221,A,골목상권,3110336,석관고등학교,94,84,10,0,3,17,16,37,21,0,3,15,13,34,19,0,0,2,3,3,2
20221,A,골목상권,3110335,석계역 7번,249,172,77,1,19,32,66,64,67,0,13,18,34,45,62,1,6,14,32,19,5
20221,A,골목상권,3110327,상월곡역 2번,118,60,58,0,8,17,42,31,20,0,3,8,24,14,11,0,5,9,18,17,9
20221,A,골목상권,3110330,돌곶이역 1번,220,172,48,0,12,18,33,31,126,0,4,12,20,23,113,0,8,6,13,8,13
20221,A,골목상권,3110332,돌곶이역 3번,164,63,101,0,28,29,42,47,18,0,6,18,19,14,6,0,22,11,23,33,12
20221,A,골목상권,3110347,구세군강북종합사회복지관,38,17,21,0,10,7,5,9,7,0,1,5,1,5,5,0,9,2,4,4,2
20221,R,전통시장,3130137,"수유전통시장(수유시장, 수유골목시장)",86,29,57,0,5,10,18,25,28,0,0,3,8,7,11,0,5,7,10,18,17
20221,A,골목상권,3110344,화계중학교,12,10,2,0,7,1,1,2,1,0,5,1,1,2,1,0,2,0,0,0,0
20221,A,골목상권,3110353,수유동우체국,187,91,96,0,4,18,48,60,57,0,1,12,33,27,18,0,3,6,15,33,39
20221,A,골목상권,3110337,아카데미하우스,512,368,144,6,70,69,94,159,114,6,43,58,60,98,103,0,27,11,34,61,11
20221,A,골목상권,3110397,도봉산입구,469,257,212,0,31,56,101,131,150,0,6,34,39,73,105,0,25,22,62,58,45
20221,A,골목상권,3110406,도봉산역 1번,634,573,61,0,10,29,139,292,164,0,3,17,126,276,151,0,7,12,13,16,13
20221,A,골목상권,3110387,쌍문초등학교,307,169,138,0,37,47,91,75,57,0,13,24,49,39,44,0,24,23,42,36,13
20221,A,골목상권,3110389,한일병원,209,120,89,0,23,37,57,53,39,0,10,19,35,30,26,0,13,18,22,23,13
20221,D,발달상권,3120079,창동역,1326,796,530,0,151,232,320,304,319,0,54,108,172,195,267,0,97,124,148,109,52
20221,A,골목상권,3110435,서울과학기술대,73,40,33,0,5,12,18,25,13,0,3,4,8,14,11,0,2,8,10,11,2
20221,A,골목상권,3110415,수락산역 4번,635,386,249,5,82,110,155,174,109,5,46,71,85,110,69,0,36,39,70,64,40
20221,A,골목상권,3110436,상계제일중학교,93,60,33,0,15,21,33,20,4,0,5,13,23,15,4,0,10,8,10,5,0
20221,A,골목상권,3110432,대진고등학교,894,734,160,0,55,146,248,343,102,0,27,96,214,311,86,0,28,50,34,32,16
20221,A,골목상권,3110483,연천초등학교,119,74,45,0,11,16,34,17,41,0,3,9,26,10,26,0,8,7,8,7,15
20221,A,골목상권,3110491,불광중학교,43,14,29,0,3,5,13,9,13,0,1,1,5,3,4,0,2,4,8,6,9
20221,D,발달상권,3120087,응암역,425,258,167,0,45,82,110,105,83,0,17,49,75,59,58,0,28,33,35,46,25
20221,A,골목상권,3110452,새절역 3번,373,317,56,1,10,36,63,123,140,1,7,25,47,107,130,0,3,11,16,16,10
20221,A,골목상권,3110471,응암동우체국,263,117,146,0,34,61,73,70,25,0,11,21,28,35,22,0,23,40,45,35,3
20221,A,골목상권,3110469,응암정보도서관,344,188,156,1,38,58,104,104,39,0,11,29,61,57,30,1,27,29,43,47,9
20221,R,전통시장,3130172,모래내시장(서중시장),19,8,11,0,1,4,5,6,3,0,0,1,2,4,1,0,1,3,3,2,2
20221,A,골목상권,3110497,가좌역 3번,325,253,72,0,17,43,89,123,53,0,3,17,75,115,43,0,14,26,14,8,10
20221,A,골목상권,3110500,남가좌동현대아파트,74,54,20,0,12,13,23,22,4,0,8,9,17,17,3,0,4,4,6,5,1
20221,A,골목상권,3110494,증산3교남측,31,24,7,0,1,8,7,9,6,0,0,7,5,7,5,0,1,1,2,2,1
20221,A,골목상권,3110530,아현역 1번,36,20,16,0,5,5,7,15,4,0,2,5,4,6,3,0,3,0,3,9,1
20221,A,골목상권,3110509,연희대우아파트앞,391,210,181,0,39,105,101,88,58,0,13,52,51,53,41,0,26,53,50,35,17
20221,A,골목상권,3110524,연희세브란스병원,51,23,28,0,10,13,15,8,5,0,5,6,6,3,3,0,5,7,9,5,2
20221,A,골목상권,3110501,연희어린이공원,214,82,132,0,12,33,40,75,54,0,3,20,15,18,26,0,9,13,25,57,28
20221,R,전통시장,3130182,영천시장,78,35,43,0,13,8,24,22,11,0,3,4,10,12,6,0,10,4,14,10,5
20221,A,골목상권,3110539,미근동,2792,1821,971,13,225,688,889,822,155,9,167,550,547,424,124,4,58,138,342,398,31
20221,A,골목상권,3110519,서대문구보건소별관,341,156,185,0,42,73,79,94,53,0,14,33,44,37,28,0,28,40,35,57,25
20221,R,전통시장,3130197,마포시장,15,5,10,0,0,1,5,4,5,0,0,1,0,2,2,0,0,0,5,2,3
20221,A,골목상권,3110576,대흥역 3번,1605,1112,493,71,503,480,308,163,80,27,310,365,253,111,46,44,193,115,55,52,34
20221,A,골목상권,3110573,신촌역 6번,28,10,18,0,7,3,6,6,6,0,2,0,3,1,4,0,5,3,3,5,2
20221,A,골목상권,3110563,상수역 3번,309,246,63,11,75,122,61,17,23,9,60,95,50,13,19,2,15,27,11,4,4
20221,D,발달상권,3120105,상수역(홍대),524,273,251,4,126,153,122,71,48,2,51,74,70,42,34,2,75,79,52,29,14
20221,D,발달상권,3120101,합정역,1932,1048,884,2,302,520,515,399,194,2,89,236,312,266,143,0,213,284,203,133,51
20221,R,전통시장,3130189,서교시장,24,10,14,0,2,1,7,6,8,0,0,1,2,3,4,0,2,0,5,3,4
20221,D,발달상권,3120104,연남동(홍대),5955,3176,2779,20,1117,1491,1289,1103,935,12,428,824,772,620,520,8,689,667,517,483,415
20221,A,골목상권,3110564,홍대입구역 3번,471,211,260,0,54,125,161,78,53,0,19,47,103,22,20,0,35,78,58,56,33
20221,A,골목상권,3110621,목동역 5번,163,78,85,0,19,44,33,45,22,0,1,21,19,23,14,0,18,23,14,22,8
20221,R,전통시장,3130208,목동깨비시장(목3동시장),148,67,81,0,13,20,55,37,23,0,7,6,18,19,17,0,6,14,37,18,6
20221,R,전통시장,3130209,목사랑시장(목4동시장),113,62,51,0,7,15,23,43,25,0,2,13,10,20,17,0,5,2,13,23,8
20221,A,골목상권,3110592,서울금융고등학교,431,337,94,0,18,34,71,147,161,0,9,13,44,124,147,0,9,21,27,23,14
20221,A,골목상권,3110604,신월4동주민센터,635,526,109,0,13,50,120,232,220,0,6,29,87,191,213,0,7,21,33,41,7
20221,A,골목상권,3110595,메디힐병원,731,459,272,0,80,148,163,185,155,0,34,85,86,136,118,0,46,63,77,49,37
20221,A,골목상권,3110603,지향초등학교,187,104,83,0,12,54,55,38,28,0,5,28,33,19,19,0,7,26,22,19,9
20221,R,전통시장,3130207,신정1동 골목시장(신정제일시장),38,21,17,0,8,9,10,7,4,0,3,5,6,4,3,0,5,4,4,3,1
20221,A,골목상권,3110625,신정2동주민센터,726,454,272,2,98,196,215,155,60,0,51,124,146,94,39,2,47,72,69,61,21
20221,R,전통시장,3130211,신정2동 골목시장(오목교중앙시장),15,10,5,0,1,1,5,7,1,0,1,1,3,4,1,0,0,0,2,3,0
20221,A,골목상권,3110694,세곡초등학교,438,243,195,2,55,148,88,96,49,0,24,75,49,59,36,2,31,73,39,37,13
20221,A,골목상권,3110614,목동로데오거리,596,292,304,0,69,85,114,216,112,0,42,44,58,103,45,0,27,41,56,113,67
20221,D,발달상권,3120119,발산역(마곡),1427,686,741,2,184,339,416,350,136,1,54,148,211,174,98,1,130,191,205,176,38
20221,A,골목상권,3110643,강서구다솔마을,653,413,240,1,97,165,199,139,52,0,47,101,136,93,36,1,50,64,63,46,16
20221,A,골목상권,3110667,가양역 10번,177,126,51,0,33,32,56,36,20,0,21,20,38,29,18,0,12,12,18,7,2
20221,A,골목상권,3110639,신방화역 8번,534,376,158,1,76,67,89,155,146,1,18,26,52,140,139,0,58,41,37,15,7
20221,A,골목상권,3110641,공항고등학교,345,236,109,2,46,95,100,79,23,1,30,72,61,52,20,1,16,23,39,27,3
20221,A,골목상권,3110633,개화산역 1번,28,14,14,0,0,6,10,7,5,0,0,1,5,3,5,0,0,5,5,4,0
20221,A,골목상권,3110642,정곡초등학교,193,163,30,2,8,14,35,69,65,1,4,10,30,58,60,1,4,4,5,11,5
20221,A,골목상권,3110678,염창무학아파트,285,214,71,1,34,65,92,60,33,1,17,53,72,47,24,0,17,12,20,13,9
20221,A,골목상권,3110653,화곡역 2번,917,494,423,1,191,273,240,171,41,0,79,137,119,135,24,1,112,136,121,36,17
20221,R,전통시장,3130216,화곡중앙시장,75,32,43,0,4,11,21,22,17,0,2,2,9,8,11,0,2,9,12,14,6
20221,R,전통시장,3130215,대원종합시장,9,7,2,0,0,1,0,3,5,0,0,1,0,2,4,0,0,0,0,1,1
20221,A,골목상권,3110661,강서새말어린이공원,126,48,78,0,3,13,30,38,42,0,2,8,10,9,19,0,1,5,20,29,23
20221,A,골목상권,3110664,강서구청옆,111,48,63,0,14,10,31,43,13,0,11,7,10,9,11,0,3,3,21,34,2
20221,A,골목상권,3110663,우장산롯데캐슬아파트앞,279,217,62,0,6,19,48,106,100,0,3,13,26,82,93,0,3,6,22,24,7
20221,R,전통시장,3130219,까치산시장,114,35,79,0,16,17,35,29,17,0,4,6,8,9,8,0,12,11,27,20,9
20221,A,골목상권,3110710,남구로역 3번,606,370,236,3,83,96,105,121,198,3,46,63,63,68,127,0,37,33,42,53,71
20221,R,전통시장,3130223,고척근린시장,42,12,30,0,2,10,12,14,4,0,0,1,1,7,3,0,2,9,11,7,1
20221,R,전통시장,3130224,개봉프라자(고척근린시장),5,4,1,0,0,0,1,2,2,0,0,0,1,1,2,0,0,0,0,1,0
20221,D,발달상권,3120130,구로디지털단지역,1136,620,516,1,169,376,236,212,142,0,59,208,125,125,103,1,110,168,111,87,39
20221,A,골목상권,3110683,오류고등학교,75,46,29,0,12,15,23,18,7,0,9,8,14,8,7,0,3,7,9,10,0
20221,R,전통시장,3130222,오류시장,132,21,111,0,10,26,46,43,7,0,5,1,4,5,6,0,5,25,42,38,1
20221,A,골목상권,3110687,"천왕역 3번(오류2동주민센터, 서울오류남초등학교)",21,16,5,0,2,3,5,6,5,0,1,3,4,4,4,0,1,0,1,2,1
20221,D,발달상권,3120131,가산디지털단지,81127,53423,27704,289,16342,25688,20130,11589,7089,184,8639,17233,14526,7698,5143,105,7703,8455,5604,3891,1946
20221,A,골목상권,3110740,금천해태공원,646,280,366,1,135,134,136,170,70,1,47,54,56,71,51,0,88,80,80,99,19
20221,A,골목상권,3110733,금천어울림복지센터,374,293,81,3,34,89,74,90,84,3,22,67,59,66,76,0,12,22,15,24,8
20221,A,골목상권,3110739,시흥3동 우편취급국,99,77,22,0,4,22,30,27,16,0,1,16,26,21,13,0,3,6,4,6,3
20221,R,전통시장,3130246,영등포청과시장(조광시장),237,126,111,0,24,33,47,77,56,0,9,11,28,39,39,0,15,22,19,38,17
20221,D,발달상권,3120136,영등포구청역,6456,3190,3266,20,1167,1451,1361,1429,1028,12,562,814,730,580,492,8,605,637,631,849,536
20221,A,골목상권,3110794,영동초등학교,622,482,140,0,72,112,182,170,86,0,37,84,150,136,75,0,35,28,32,34,11
20221,A,골목상권,3110775,대동초등학교,59,28,31,0,4,13,20,14,8,0,1,6,6,9,6,0,3,7,14,5,2
20221,D,발달상권,3120140,문래동주민센터,6184,3312,2872,22,1447,1843,1639,925,308,11,558,994,994,525,230,11,889,849,645,400,78
20221,A,골목상권,3110814,서울지방병무청,673,364,309,1,51,117,155,236,113,1,23,79,97,104,60,0,28,38,58,132,53
20221,R,전통시장,3130259,대신시장,14,10,4,0,1,0,5,4,4,0,1,0,3,3,3,0,0,0,2,1,1
20221,A,골목상권,3110802,신길동홍어거리,336,159,177,1,59,113,86,61,16,0,18,45,44,40,12,1,41,68,42,21,4
20221,A,골목상권,3110791,신풍역 3번,25,17,8,0,1,5,9,9,1,0,0,2,6,8,1,0,1,3,3,1,0
20221,R,전통시장,3130241,선유도역 골목형상점가,500,253,247,0,95,93,123,136,53,0,39,49,66,67,32,0,56,44,57,69,21
20221,A,골목상권,3110773,당산역 13번,161,127,34,0,24,40,31,22,44,0,20,33,19,18,37,0,4,7,12,4,7
20221,D,발달상권,3120145,영등포역(영등포),3856,1817,2039,22,673,1021,921,702,517,0,202,441,486,388,300,22,471,580,435,314,217
20221,A,골목상권,3110796,한림대학교한강성심병원,87,52,35,1,7,19,26,19,15,0,4,11,17,9,11,1,3,8,9,10,4
20221,R,전통시장,3130267,본동인정시장(기능상실),59,41,18,0,6,10,12,15,16,0,4,7,9,8,13,0,2,3,3,7,3
20221,D,발달상권,3120153,노량진역(노량진),3600,1756,1844,10,508,1172,906,675,329,2,185,464,433,450,222,8,323,708,473,225,107
20221,D,발달상권,3120160,사당역(사당),9153,4750,4403,14,1560,2594,2716,1534,735,4,617,1307,1324,997,501,10,943,1287,1392,537,234
20221,R,전통시장,3130274,사당1동먹자골목상점가(사당1동먹자골목),389,218,171,4,91,100,81,63,50,3,45,64,37,35,34,1,46,36,44,28,16
20221,A,골목상권,3110849,이수역 10번,220,130,90,1,37,52,58,40,32,0,12,33,34,25,26,1,25,19,24,15,6
20221,A,골목상권,3110845,사당종합체육관,101,50,51,0,8,17,35,26,15,0,5,8,19,9,9,0,3,9,16,17,6
20221,A,골목상권,3110846,남성역 1번,535,290,245,1,66,120,146,135,67,0,25,59,78,74,54,1,41,61,68,61,13
20221,A,골목상권,3110838,상도1동주민센터앞,131,122,9,0,3,32,30,35,31,0,3,27,27,35,30,0,0,5,3,0,1
20221,A,골목상권,3110826,장승배기역 4번,366,149,217,2,20,37,57,103,147,1,8,22,28,38,52,1,12,15,29,65,95
20221,A,골목상권,3110842,흑리단길,53,22,31,0,10,9,10,16,8,0,4,3,5,5,5,0,6,6,5,11,3
20221,A,골목상권,3110895,샤로수길,1796,1222,574,3,307,721,360,233,172,2,170,534,234,152,130,1,137,187,126,81,42
20221,A,골목상권,3110862,난곡초등학교(난곡동벽화마을),84,41,43,0,4,13,14,34,19,0,2,6,11,15,7,0,2,7,3,19,12
20221,A,골목상권,3110881,구립대학경로당(관악산샘말공원),1580,1288,292,1,317,450,449,266,97,1,225,374,391,229,68,0,92,76,58,37,29
20221,A,골목상권,3110868,남부초등학교,232,126,106,0,20,29,45,49,89,0,11,23,22,28,42,0,9,6,23,21,47
20221,A,골목상권,3110884,봉천역 4번(봉천110안전센터),372,284,88,1,17,30,61,98,165,0,1,8,49,84,142,1,16,22,12,14,23
20221,R,전통시장,3130277,조원동 펭귄시장(신림중앙시장),98,56,42,1,15,26,31,19,6,1,8,18,16,9,4,0,7,8,15,10,2
20221,R,전통시장,3130293,봉천중앙시장,154,42,112,0,17,13,29,46,49,0,5,7,14,14,2,0,12,6,15,32,47
20221,R,전통시장,3130290,영림시장,417,183,234,0,74,101,107,92,43,0,14,49,43,44,33,0,60,52,64,48,10
20221,A,골목상권,3110945,본마을노인복지센터(서초구립내곡도서관),191,114,77,3,44,57,37,33,17,3,14,31,25,28,13,0,30,26,12,5,4
20221,D,발달상권,3120176,논현역 4번,893,566,327,1,130,216,195,168,183,1,67,126,129,106,137,0,63,90,66,62,46
20221,A,골목상권,3110904,이수역 5번,835,468,367,4,167,217,239,139,69,1,90,125,135,59,58,3,77,92,104,80,11
20221,A,골목상권,3110911,방배배수지체육공원,29,22,7,0,6,3,7,5,8,0,6,2,4,4,6,0,0,1,3,1,2
20221,A,골목상권,3110923,방배역 1번,210,153,57,0,34,56,55,41,24,0,21,38,42,34,18,0,13,18,13,7,6
20221,D,발달상권,3120173,교대역(법원.검찰청),18222,10456,7766,74,3270,5403,4730,3072,1673,29,1419,3004,2846,1897,1261,45,1851,2399,1884,1175,412
20221,D,발달상권,3120189,강남역,72613,38819,33794,234,17636,24305,18411,9151,2876,59,6629,13226,10962,5914,2029,175,11007,11079,7449,3237,847
20221,D,발달상권,3120171,서초3동사거리,11750,6206,5544,15,1990,3845,2551,1862,1487,6,827,1746,1496,1064,1067,9,1163,2099,1055,798,420
20221,A,골목상권,3110925,서초중학교,874,497,377,0,104,137,244,222,167,0,38,65,146,132,116,0,66,72,98,90,51
20221,D,발달상권,3120181,교육개발원입구사거리,7278,4440,2838,316,2978,1563,1247,730,444,145,1506,983,939,536,331,171,1472,580,308,194,113
20221,A,골목상권,3110939,양재역 8번(양재동우체국),5949,4099,1850,23,970,1420,1461,1174,901,15,499,989,1053,799,744,8,471,431,408,375,157
20221,D,발달상권,3120182,"양재시민의숲역(양재동꽃시장, aT센터)",6231,4311,1920,34,1059,1675,1508,1267,688,14,546,1157,1111,930,553,20,513,518,397,337,135
20221,R,전통시장,3130310,강남개포시장,298,173,125,0,29,56,71,82,60,0,8,23,42,56,44,0,21,33,29,26,16
20221,A,골목상권,3110957,언북중학교,1251,831,420,1,262,379,317,147,145,1,146,241,215,109,119,0,116,138,102,38,26
20221,D,발달상권,3120217,대치사거리,2779,1478,1301,11,552,771,700,452,293,10,220,379,381,264,224,1,332,392,319,188,69
20221,A,골목상권,3110989,대치동아우편취급국,444,270,174,9,90,148,75,68,54,0,43,102,43,44,38,9,47,46,32,24,16
20221,A,골목상권,3110965,언주역 6번,1139,788,351,1,174,379,378,142,65,1,104,276,284,74,49,0,70,103,94,68,16
20221,D,발달상권,3120206,개나리아파트,5243,3354,1889,87,1658,1413,1080,655,350,27,866,955,775,456,275,60,792,458,305,199,75
20221,A,골목상권,3110976,언북초등학교,578,332,246,1,111,188,126,86,66,0,41,115,83,49,44,1,70,73,43,37,22
20221,A,골목상권,3111036,투구봉어린이공원,209,119,90,1,22,40,55,62,29,1,7,20,26,39,26,0,15,20,29,23,3
20221,R,전통시장,3130315,문정동 로데오거리 상점가(문정동 로데오거리),1382,812,570,6,315,293,263,252,253,3,118,169,166,146,210,3,197,124,97,106,43
20221,D,발달상권,3120234,가락시장역,10280,6234,4046,11,1351,2492,2151,1680,2595,3,587,1469,1440,929,1806,8,764,1023,711,751,789
20221,R,전통시장,3130317,마천중앙시장,107,77,30,0,15,35,24,17,16,0,11,24,12,14,16,0,4,11,12,3,0
20221,R,전통시장,3130316,마천시장,18,9,9,0,3,3,2,10,0,0,2,2,2,3,0,0,1,1,0,7,0
20221,D,발달상권,3120229,방이동먹자골목,7319,4732,2587,12,1062,2182,1915,1302,846,5,588,1347,1338,913,541,7,474,835,577,389,305
20221,D,발달상권,3120233,몽촌토성역,10419,5740,4679,28,1795,2730,2265,2158,1443,22,1125,1855,1199,788,751,6,670,875,1066,1370,692
20221,A,골목상권,3111009,송파책박물관,130,94,36,1,13,38,28,24,26,0,11,32,18,15,18,1,2,6,10,9,8
20221,D,발달상권,3120230,송파사거리(송파역),876,470,406,4,96,176,202,193,205,1,38,99,115,92,125,3,58,77,87,101,80
20221,A,골목상권,3111013,송파나루역 1번(송리단길),2234,1456,778,8,320,568,650,435,253,3,160,384,445,290,174,5,160,184,205,145,79
20221,A,골목상권,3111039,벌말어린이공원,485,353,132,8,85,125,121,94,52,8,51,89,88,72,45,0,34,36,33,22,7
20221,D,발달상권,3120247,굽은다리역,572,312,260,4,91,119,146,104,108,1,37,77,74,56,67,3,54,42,72,48,41
20221,R,전통시장,3130321,장신구 특화거리 상점가,433,269,164,0,92,114,88,92,47,0,43,72,56,61,37,0,49,42,32,31,10
20221,A,골목상권,3111058,성내중학교,451,317,134,0,51,92,129,121,58,0,37,63,90,82,45,0,14,29,39,39,13
20221,A,골목상권,3111055,선사초등학교,673,29,644,0,14,28,137,373,121,0,4,7,8,6,4,0,10,21,129,367,117
20221,A,골목상권,3111075,굽은다리역 2번,193,114,79,0,14,42,54,52,31,0,14,28,24,31,17,0,0,14,30,21,14
20221,A,골목상권,3111063,강동구립 천호도서관,368,182,186,0,25,44,81,85,133,0,5,15,21,30,111,0,20,29,60,55,22
20221,A,골목상권,3110009,자하문터널,930,456,474,0,207,326,226,121,50,0,91,162,105,63,35,0,116,164,121,58,15
20221,D,발달상권,3120003,광화문역,43873,26821,17052,79,6380,12841,13071,8035,3467,12,2643,7543,8935,5616,2072,67,3737,5298,4136,2419,1395
20221,A,골목상권,3110033,창신역 4번,166,89,77,0,26,42,35,40,23,0,6,22,17,25,19,0,20,20,18,15,4
20221,R,전통시장,3130021,신설종합시장,50,37,13,1,1,10,12,13,13,0,0,9,10,10,8,1,1,1,2,3,5
20221,A,골목상권,3110023,서울대병원,92,33,59,0,9,24,23,20,16,0,3,7,10,5,8,0,6,17,13,15,8
20221,D,발달상권,3120012,대학로(혜화역),2004,901,1103,7,350,585,490,309,263,2,103,201,243,166,186,5,247,384,247,143,77
20221,D,발달상권,3120009,종로3가역,8495,4786,3709,19,1355,2296,2026,1582,1217,8,563,1230,1198,953,834,11,792,1066,828,629,383
20221,R,전통시장,3130009,마전교지하쇼핑센터(구 한일상가),24,16,8,0,0,2,3,7,12,0,0,2,2,4,8,0,0,0,1,3,4
20221,A,골목상권,3110022,경신고등학교,506,385,121,11,133,157,117,54,34,10,99,119,89,42,26,1,34,38,28,12,8
20221,D,발달상권,3120034,중구청(퇴계로4가),1545,1050,495,7,108,228,400,440,362,5,48,129,262,327,279,2,60,99,138,113,83
20221,D,발달상권,3120022,북창동(시청역_6번),5197,3160,2037,24,1010,1611,1149,767,636,2,391,936,852,543,436,22,619,675,297,224,200
20221,D,발달상권,3120019,경찰청앞교차로,5958,3146,2812,26,1051,2221,1625,793,242,8,274,1044,982,619,219,18,777,1177,643,174,23
20221,R,전통시장,3130050,청평화시장,233,96,137,2,54,70,50,40,17,1,22,32,12,21,8,1,32,38,38,19,9
20221,R,전통시장,3130327,"평화시장(남평화시장, 제일평화시장, 신평화패션타운)",169,107,62,1,8,31,43,42,44,1,1,19,30,27,29,0,7,12,13,15,15
20221,A,골목상권,3110044,관성묘,405,300,105,0,50,135,145,51,24,0,24,90,125,44,17,0,26,45,20,7,7
20221,A,골목상권,3110074,서울역 12번,8149,1751,6398,152,5985,1340,330,181,161,9,598,652,233,134,125,143,5387,688,97,47,36
20221,A,골목상권,3110081,해방촌 남동측,231,122,109,0,45,63,54,42,27,0,14,35,27,23,23,0,31,28,27,19,4
20221,A,골목상권,3110084,경리단길북측,315,168,147,0,47,85,84,57,42,0,23,36,39,36,34,0,24,49,45,21,8
20221,A,골목상권,3110071,한강미주맨션아파트,315,191,124,0,42,85,69,57,62,0,21,46,40,42,42,0,21,39,29,15,20
20221,R,전통시장,3130061,이태원시장,32,20,12,0,18,3,4,6,1,0,12,1,3,3,1,0,6,2,1,3,0
20221,A,골목상권,3110590,만리재,97,50,47,0,19,23,23,25,7,0,6,12,11,16,5,0,13,11,12,9,2
20221,R,전통시장,3130057,만리시장,12,9,3,0,0,2,1,4,5,0,0,1,1,3,4,0,0,1,0,1,1
20221,A,골목상권,3110070,용산세무서,184,130,54,0,21,54,55,24,30,0,8,37,41,18,26,0,13,17,14,6,4
20221,A,골목상권,3110062,한강로동땡땡거리(은행나무길),1506,884,622,9,319,423,319,208,228,6,142,225,216,138,157,3,177,198,103,70,71
20221,A,골목상권,3110079,후암동주민센터,1084,584,500,4,223,262,267,196,132,3,73,156,156,105,91,1,150,106,111,91,41
20221,R,전통시장,3130069,"한양대앞상점가(한양시장, 왕십리맛골목)",32,19,13,0,6,6,4,8,8,0,4,4,0,5,6,0,2,2,4,3,2
20221,A,골목상권,3110101,옥정중학교,218,121,97,0,55,51,65,31,16,0,24,34,43,13,7,0,31,17,22,18,9
20221,A,골목상권,3110102,옥수역 6번,175,116,59,0,22,39,48,41,25,0,11,21,31,31,22,0,11,18,17,10,3
20221,R,전통시장,3130065,무학봉상점가,181,71,110,0,29,39,47,42,24,0,4,11,15,23,18,0,25,28,32,19,6
20221,A,골목상권,3110179,광나루역 1번,911,620,291,0,142,209,188,233,139,0,82,160,157,154,67,0,60,49,31,79,72
20221,A,골목상권,3110180,광진정보도서관,5440,3602,1838,17,1593,2056,1086,499,189,5,872,1464,782,331,148,12,721,592,304,168,41
20221,D,발달상권,3120058,구의사거리,688,333,355,2,92,158,174,181,81,1,33,79,80,77,63,1,59,79,94,104,18
20221,D,발달상권,3120060,강변역(테크노마트),3189,2348,841,12,402,686,870,703,516,2,209,509,686,549,393,10,193,177,184,154,123
20221,A,골목상권,3110159,구의역 4번,663,391,272,1,125,115,158,132,132,1,58,62,85,87,98,0,67,53,73,45,34
20221,R,전통시장,3130074,영동교골목시장,21,15,6,0,6,9,2,3,1,0,3,9,0,2,1,0,3,0,2,1,0
20221,A,골목상권,3110153,중곡1동주민센터,241,83,158,1,42,57,67,57,17,0,14,22,22,17,8,1,28,35,45,40,9
20221,A,골목상권,3110142,화양사거리,215,108,107,1,37,47,45,53,32,1,20,25,24,17,21,0,17,22,21,36,11
20221,A,골목상권,3110148,어린이대공원역 3번,17,12,5,0,3,3,6,5,0,0,0,2,5,5,0,0,3,1,1,0,0
20221,R,전통시장,3130096,동부시장,14,9,5,0,0,0,1,1,12,0,0,0,0,0,9,0,0,0,1,1,3
20221,A,골목상권,3110183,한국의류시험연구원,839,447,392,3,238,307,149,75,67,1,88,162,81,58,57,2,150,145,68,17,10
20221,R,전통시장,3130089,청량리수산시장,42,33,9,0,4,7,16,6,9,0,3,7,12,4,7,0,1,0,4,2,2
20221,R,전통시장,3130098,회기시장,55,17,38,0,9,14,15,12,5,0,2,3,4,6,2,0,7,11,11,6,3
20221,A,골목상권,3110228,장안근린공원,1992,1184,808,40,1381,313,92,101,65,24,788,223,60,54,35,16,593,90,32,47,30
20221,R,전통시장,3130104,전곡시장,93,54,39,0,8,17,28,26,14,0,5,8,16,13,12,0,3,9,12,13,2
20221,D,발달상권,3120063,청량리역(청량리),1209,528,681,3,226,225,249,252,254,2,66,88,96,117,159,1,160,137,153,135,95
20221,A,골목상권,3110210,서울시립대,341,253,88,1,9,19,24,34,254,1,4,12,10,21,205,0,5,7,14,13,49
20221,A,골목상권,3110197,세종대왕기념관교차로,67,46,21,0,8,19,26,9,5,0,4,15,19,7,1,0,4,4,7,2,4
20221,D,발달상권,3120064,경희대학교(경희대),97,44,53,0,14,27,21,13,22,0,9,13,10,4,8,0,5,14,11,9,14
20221,A,골목상권,3110243,중랑노인종합복지관,298,114,184,1,30,49,74,104,40,0,5,21,37,31,20,1,25,28,37,73,20
20221,A,골목상권,3110259,사가정역 1번,543,425,118,2,48,108,172,159,54,2,29,73,131,140,50,0,19,35,41,19,4
20221,A,골목상권,3110269,용마문화복지센터,169,98,71,0,19,53,52,28,17,0,13,32,30,19,4,0,6,21,22,9,13
20221,A,골목상권,3110252,장안제일시장,712,505,207,1,64,101,159,195,192,1,42,73,87,131,171,0,22,28,72,64,21
20221,R,전통시장,3130111,"동원전통종합시장(동원시장, 동원전통시장 상점가)",224,109,115,0,24,37,49,82,32,0,11,17,21,38,22,0,13,20,28,44,10
20221,A,골목상권,3110247,먹골역 1번,381,176,205,0,54,79,123,81,44,0,21,30,55,39,31,0,33,49,68,42,13
20221,A,골목상권,3110255,상봉역 4번,327,208,119,0,39,52,78,92,66,0,20,24,46,62,56,0,19,28,32,30,10
20221,A,골목상권,3110262,상봉역 3번,1530,878,652,2,221,447,542,268,50,0,119,337,281,107,34,2,102,110,261,161,16
20221,A,골목상권,3110271,신내역 1번,97,74,23,0,8,17,25,29,18,0,5,14,18,23,14,0,3,3,7,6,4
20221,A,골목상권,3110251,장안중학교,147,104,43,0,8,34,46,39,20,0,3,23,34,27,17,0,5,11,12,12,3
20221,A,골목상권,3110244,중화역 4번,250,175,75,1,8,26,49,44,122,1,4,11,32,30,97,0,4,15,17,14,25
20221,A,골목상권,3110296,성신여대입구역 4번,77,39,38,1,7,12,30,11,16,1,3,7,15,8,5,0,4,5,15,3,11
20221,A,골목상권,3110297,경동고등학교,654,311,343,0,74,123,156,164,137,0,31,65,74,79,62,0,43,58,82,85,75
20221,D,발달상권,3120071,성북구청,255,127,128,0,36,55,64,62,38,0,14,22,38,31,22,0,22,33,26,31,16
20221,A,골목상권,3110280,북정마을,73,38,35,0,7,10,22,23,11,0,3,3,9,15,8,0,4,7,13,8,3
20221,R,전통시장,3130122,밤나무골시장,17,5,12,0,2,4,6,4,1,0,1,1,2,1,0,0,1,3,4,3,1
20221,D,발달상권,3120075,월곡역,369,213,156,1,40,86,97,67,78,0,17,48,54,44,50,1,23,38,43,23,28
20221,R,전통시장,3130123,꿈의숲 장곡 골목형상점가,6,5,1,0,1,0,1,4,0,0,1,0,1,3,0,0,0,0,0,1,0
20221,A,골목상권,3110287,정릉3동주민센터,70,50,20,0,9,12,18,19,12,0,5,8,15,12,10,0,4,4,3,7,2
20221,A,골목상권,3110317,종암중학교,411,206,205,0,33,120,153,85,20,0,14,47,78,58,9,0,19,73,75,27,11
20221,D,발달상권,3120076,수유역,1930,865,1065,7,241,303,422,465,492,4,62,102,176,240,281,3,179,201,246,225,211
20221,R,전통시장,3130142,강북북부시장,7,5,2,0,1,1,0,2,3,0,0,1,0,2,2,0,1,0,0,0,1
20221,A,골목상권,3110375,서울북부고용노동지청,110,55,55,1,12,20,31,32,14,0,8,15,16,11,5,1,4,5,15,21,9
20221,R,전통시장,3130134,"솔샘시장(미아6,7동골목시장)",73,30,43,1,7,19,25,18,3,0,3,4,12,8,3,1,4,15,13,10,0
20221,A,골목상권,3110354,삼각산119안전센터,22,5,17,0,2,3,10,5,2,0,0,0,2,1,2,0,2,3,8,4,0
20221,A,골목상권,3110378,송중동주민센터,23,13,10,0,1,4,6,9,3,0,1,2,2,6,2,0,0,2,4,3,1
20221,R,전통시장,3130138,수유프라자,142,24,118,1,31,24,16,42,28,0,1,4,5,4,10,1,30,20,11,38,18
20221,R,전통시장,3130136,수유재래시장,32,13,19,0,6,5,8,6,7,0,2,1,0,3,7,0,4,4,8,3,0
20221,R,전통시장,3130133,우이골목시장(우이시장),69,61,8,0,7,7,19,20,16,0,6,6,17,17,15,0,1,1,2,3,1
20221,A,골목상권,3110350,가오리역 2번,148,77,71,0,11,27,37,49,24,0,5,11,18,26,17,0,6,16,19,23,7
20221,A,골목상권,3110410,방학역 2번,957,833,124,3,75,187,185,224,283,2,61,162,154,194,260,1,14,25,31,30,23
20221,A,골목상권,3110411,도봉역 3번,421,379,42,0,13,31,61,141,175,0,11,20,48,133,167,0,2,11,13,8,8
20221,A,골목상권,3110400,도봉구보건소,191,111,80,0,20,35,53,51,32,0,9,22,32,26,22,0,11,13,21,25,10
20221,R,전통시장,3130146,쌍문시장(쌍문역골목시장),263,124,139,0,29,33,54,80,67,0,10,12,28,32,42,0,19,21,26,48,25
20221,R,전통시장,3130147,쌍문역동측상점가,69,32,37,0,7,17,18,9,18,0,2,6,10,5,9,0,5,11,8,4,9
20221,A,골목상권,3110399,창2동주민센터,849,516,333,8,110,207,262,192,70,8,69,157,137,97,48,0,41,50,125,95,22
20221,R,전통시장,3130153,창동역상점가,229,138,91,0,18,48,54,56,53,0,7,31,30,31,39,0,11,17,24,25,14
20221,A,골목상권,3110409,창동역 2번,396,202,194,0,33,43,83,109,128,0,12,29,59,45,57,0,21,14,24,64,71
20221,D,발달상권,3120086,태릉입구역,382,205,177,0,42,78,82,102,78,0,24,43,35,49,54,0,18,35,47,53,24
20221,A,골목상권,3110434,태릉입구역 4번,121,62,59,0,13,11,24,35,38,0,3,2,12,22,23,0,10,9,12,13,15
20221,D,발달상권,3120081,노원역,1552,508,1044,9,369,295,343,307,229,2,66,87,125,121,107,7,303,208,218,186,122
20221,A,골목상권,3110426,상계2동주민센터,337,169,168,0,32,57,83,96,69,0,15,30,39,45,40,0,17,27,44,51,29
20221,A,골목상권,3110414,장석교회,66,51,15,0,7,16,15,20,8,0,5,13,11,17,5,0,2,3,4,3,3
20221,A,골목상권,3110465,연신내역 7번,240,119,121,3,38,52,57,54,36,2,12,29,25,25,26,1,26,23,32,29,10
20221,A,골목상권,3110490,녹번동근린공원,311,170,141,0,30,65,86,76,54,0,11,31,48,45,35,0,19,34,38,31,19
20221,A,골목상권,3110489,불광역 3번,35,25,10,0,3,7,10,10,5,0,3,4,7,6,5,0,0,3,3,4,0
20221,A,골목상권,3110479,연신내역 2번,318,181,137,1,50,84,68,69,46,0,28,71,35,32,15,1,22,13,33,37,31
20221,R,전통시장,3130165,"대림골목시장(대림시장, 양지시장)",214,34,180,0,20,45,56,62,31,0,1,7,5,11,10,0,19,38,51,51,21
20221,A,골목상권,3110492,하나고등학교,238,38,200,1,5,13,11,95,113,0,0,7,7,8,16,1,5,6,4,87,97
20221,A,골목상권,3110493,북가좌초등학교,892,830,62,0,2,19,27,80,764,0,0,12,22,68,728,0,2,7,5,12,36
20221,A,골목상권,3110514,서대문우체국,86,19,67,0,26,26,17,9,8,0,0,4,7,4,4,0,26,22,10,5,4
20221,A,골목상권,3110508,서연중학교,947,425,522,9,139,241,158,245,155,3,62,148,74,76,62,6,77,93,84,169,93
20221,A,골목상권,3110513,연희파출소,457,241,216,0,51,87,110,130,79,0,17,46,58,69,51,0,34,41,52,61,28
20221,A,골목상권,3110518,서대문구청,129,72,57,0,22,38,30,23,16,0,6,19,22,15,10,0,16,19,8,8,6
20221,A,골목상권,3110535,영천시장입구,488,333,155,2,36,65,112,164,109,2,19,35,78,130,69,0,17,30,34,34,40
20221,A,골목상권,3110538,충정로역 3번,284,178,106,0,12,42,56,66,108,0,5,27,35,42,69,0,7,15,21,24,39
20221,A,골목상권,3110525,홍은종합사회복지관,61,17,44,0,10,12,15,10,14,0,1,3,0,4,9,0,9,9,15,6,5
20221,A,골목상권,3110515,홍은중학교,396,312,84,1,45,118,119,68,45,1,33,93,94,52,39,0,12,25,25,16,6
20221,A,골목상권,3110583,공덕래미안3차아파트,12,7,5,0,2,3,1,1,5,0,1,2,1,0,3,0,1,1,0,1,2
20221,A,골목상권,3110562,연트럴파크(연남동주민센터),426,237,189,1,73,118,96,94,44,1,29,76,55,44,32,0,44,42,41,50,12
20221,R,전통시장,3130192,동진시장,10,6,4,0,1,1,4,3,1,0,1,1,1,2,1,0,0,0,3,1,0
20221,R,전통시장,3130194,용강동 상점가,875,502,373,0,103,131,179,170,292,0,39,75,104,114,170,0,64,56,75,56,122
20221,A,골목상권,3110577,용강동주민센터,145,105,40,0,15,42,47,31,10,0,12,31,38,17,7,0,3,11,9,14,3
20221,A,골목상권,3110559,성산중학교,757,474,283,4,102,187,203,167,94,3,54,102,127,118,70,1,48,85,76,49,24
20221,R,전통시장,3130203,서서울 골목형상점가,34,7,27,0,2,7,10,12,3,0,0,0,2,4,1,0,2,7,8,8,2
20221,R,전통시장,3130204,경창시장,102,51,51,0,5,12,29,27,29,0,2,5,13,16,15,0,3,7,16,11,14
20221,A,골목상권,3110593,신월3동주민센터,304,157,147,0,38,65,76,87,38,0,12,32,45,44,24,0,26,33,31,43,14
20221,A,골목상권,3110605,목동센트럴아이파크앞,155,89,66,0,15,22,26,47,45,0,5,15,11,27,31,0,10,7,15,20,14
20221,A,골목상권,3110634,송정역 3번,664,434,230,0,64,143,178,145,134,0,33,90,116,101,94,0,31,53,62,44,40
20221,D,발달상권,3120116,송정역,117,64,53,0,17,27,28,20,25,0,9,11,15,10,19,0,8,16,13,10,6
20221,A,골목상권,3110637,송정역 2번,560,358,202,4,67,121,116,154,98,0,34,74,81,100,69,4,33,47,35,54,29
20221,A,골목상권,3110644,신광명마을,336,288,48,1,26,28,58,105,118,1,8,17,51,97,114,0,18,11,7,8,4
20221,A,골목상권,3110673,뜸부기어린이공원,253,143,110,0,37,52,62,64,38,0,21,29,31,34,28,0,16,23,31,30,10
20221,A,골목상권,3110717,남구로역 2번,570,271,299,0,108,155,142,104,61,0,49,84,75,34,29,0,59,71,67,70,32
20221,R,전통시장,3130225,개봉중앙시장,147,59,88,0,15,21,39,44,28,0,3,4,19,22,11,0,12,17,20,22,17
20221,A,골목상권,3110704,고척중학교,62,36,26,0,12,23,10,12,5,0,7,12,3,11,3,0,5,11,7,1,2
20221,A,골목상권,3110711,구로초등학교,815,329,486,4,62,122,165,287,175,2,26,70,81,74,76,2,36,52,84,213,99
20221,A,골목상권,3110719,영서중학교,19,15,4,0,0,4,2,3,10,0,0,2,2,3,8,0,0,2,0,0,2
20221,D,발달상권,3120127,구로구청,5871,3858,2013,6,600,1211,1435,1436,1183,5,362,967,1048,802,674,1,238,244,387,634,509
20221,A,골목상권,3110681,온수역 1번,94,70,24,0,6,30,30,17,11,0,5,22,21,12,10,0,1,8,9,5,1
20221,A,골목상권,3110686,수궁동주민센터,406,211,195,0,34,67,104,115,86,0,16,31,64,55,45,0,18,36,40,60,41
20221,A,골목상권,3110724,금천구립가산도서관,364,254,110,1,42,76,120,89,36,1,33,60,90,45,25,0,9,16,30,44,11
20221,A,골목상권,3110737,금천세무서,502,323,179,8,77,85,96,116,120,0,28,49,51,91,104,8,49,36,45,25,16
20221,A,골목상권,3110751,난곡중학교,733,399,334,2,48,217,242,177,47,2,21,117,128,91,40,0,27,100,114,86,7
20221,R,전통시장,3130238,은행나무시장,113,71,42,0,22,24,31,22,14,0,13,16,22,14,6,0,9,8,9,8,8
20221,A,골목상권,3110770,영등포구청역 6번,263,191,72,1,45,49,77,45,46,1,24,41,54,28,43,0,21,8,23,17,3
20221,A,골목상권,3110774,당산반도유보라팰리스아파트,472,355,117,0,59,119,131,96,67,0,34,81,109,80,51,0,25,38,22,16,16
20221,A,골목상권,3110784,신대림초등학교,76,42,34,0,3,11,18,36,8,0,0,7,12,18,5,0,3,4,6,18,3
20221,D,발달상권,3120142,대림역,1551,846,705,2,234,279,348,384,304,0,69,143,190,230,214,2,165,136,158,154,90
20221,A,골목상권,3110790,대림1동주민센터,741,337,404,1,74,163,282,161,60,1,46,71,89,77,53,0,28,92,193,84,7
20221,A,골목상권,3110767,도림동주민센터,11,0,11,0,4,3,3,1,0,0,0,0,0,0,0,0,4,3,3,1,0
20221,R,전통시장,3130243,도림시장,7,5,2,0,0,1,4,0,2,0,0,1,3,0,1,0,0,0,1,0,1
20221,A,골목상권,3110816,대방역 6번,517,401,116,1,72,136,153,67,88,1,49,108,114,49,80,0,23,28,39,18,8
20221,A,골목상권,3110795,도림초등학교,533,356,177,0,20,49,80,128,256,0,8,36,48,74,190,0,12,13,32,54,66
20221,A,골목상권,3110805,신길새마을금고신길4동지점,45,27,18,0,6,12,12,8,7,0,2,7,6,5,7,0,4,5,6,3,0
20221,A,골목상권,3110797,KT대방빌딩,47,8,39,1,6,8,12,10,10,0,0,0,1,2,5,1,6,8,11,8,5
20221,D,발달상권,3120147,보라매역,1947,1238,709,5,286,452,370,367,467,2,93,310,249,264,320,3,193,142,121,103,147
20221,A,골목상권,3110760,선유도역 6번,1792,1091,701,8,273,444,499,376,192,6,170,256,275,219,165,2,103,188,224,157,27
20221,D,발달상권,3120149,여의도역(여의도),69255,45888,23367,184,11383,22550,19240,12096,3802,34,5884,14085,14147,9350,2388,150,5499,8465,5093,2746,1414
20221,D,발달상권,3120148,국회의사당역(국회의사당),31135,19451,11684,82,6815,10231,7641,4493,1873,27,3082,6187,5424,3397,1334,55,3733,4044,2217,1096,539
20221,R,전통시장,3130248,영등포역지하도상점가,69,35,34,0,9,26,17,14,3,0,6,13,9,4,3,0,3,13,8,10,0
20221,A,골목상권,3110829,장승배기역 5번,534,416,118,0,195,137,78,52,72,0,177,106,49,39,45,0,18,31,29,13,27
20221,A,골목상권,3110848,양지어린이공원,486,307,179,0,36,68,152,132,98,0,6,39,85,93,84,0,30,29,67,39,14
20221,R,전통시장,3130271,남성역골목시장,467,268,199,1,36,33,39,47,311,1,12,20,22,16,197,0,24,13,17,31,114
20221,A,골목상권,3110837,숭실대입구역 1번,360,184,176,1,39,72,80,79,89,0,19,29,39,32,65,1,20,43,41,47,24
20221,R,전통시장,3130262,상도도깨비 골목형상점가,21,13,8,0,0,4,10,4,3,0,0,4,6,1,2,0,0,0,4,3,1
20221,A,골목상권,3110825,신대방삼거리역 1번,319,207,112,0,33,63,96,72,55,0,23,41,58,47,38,0,10,22,38,25,17
20221,R,전통시장,3130261,성대전통시장(성대시장),211,104,107,0,15,47,61,61,27,0,4,26,33,23,18,0,11,21,28,38,9
20221,R,전통시장,3130264,상도약수골목형상점가,65,35,30,1,14,8,15,20,7,0,4,3,9,12,7,1,10,5,6,8,0
20221,A,골목상권,3110823,신대방삼거리역 3번,472,242,230,0,30,45,83,121,193,0,17,26,40,42,117,0,13,19,43,79,76
20221,A,골목상권,3110844,흑석2치안센터,11,7,4,0,2,2,4,0,3,0,1,2,2,0,2,0,1,0,2,0,1
20221,R,전통시장,3130282,난곡 골목형상점가,20,8,12,0,4,2,10,4,0,0,2,1,4,1,0,0,2,1,6,3,0
20221,A,골목상권,3110865,남강고등학교(남강중학교),270,116,154,4,57,53,59,61,36,2,10,23,23,31,27,2,47,30,36,30,9
20221,A,골목상권,3110902,사당역 4번,1184,729,455,1,189,266,295,248,185,0,82,168,204,156,119,1,107,98,91,92,66
20221,A,골목상권,3110887,서울산업정보학교(서울삼성초등학교),12,5,7,0,1,3,4,4,0,0,0,0,1,4,0,0,1,3,3,0,0
20221,A,골목상권,3110860,호림박물관(성보고등학교),410,314,96,1,57,102,66,110,74,1,44,84,47,78,60,0,13,18,19,32,14
20221,A,골목상권,3110883,은천초등학교(은천교앞),208,124,84,2,21,43,70,48,24,1,12,25,42,28,16,1,9,18,28,20,8
20221,R,전통시장,3130288,신림현대종합상가,2,0,2,0,1,1,0,0,0,0,0,0,0,0,0,0,1,1,0,0,0
20221,A,골목상권,3110894,관악동부센트레빌아파트(은천로35라길),20,8,12,0,2,4,3,6,5,0,0,2,1,2,3,0,2,2,2,4,2
20221,A,골목상권,3110869,"신림역 5번(신림동주민센터, 신림동별빛거리)",1026,681,345,1,79,136,248,233,329,1,36,73,143,155,273,0,43,63,105,78,56
20221,A,골목상권,3110877,신림역 8번,319,154,165,2,23,63,86,80,65,0,10,30,36,39,39,2,13,33,50,41,26
20221,R,전통시장,3130289,봉일시장,36,20,16,1,1,2,5,14,13,0,0,1,5,3,11,1,1,1,0,11,2
20221,A,골목상권,3110853,KT구로지사,217,130,87,0,21,49,65,51,31,0,9,27,44,28,22,0,12,22,21,23,9
20221,A,골목상권,3110897,서울대입구역 8번,219,139,80,0,16,45,69,64,25,0,7,24,40,44,24,0,9,21,29,20,1
20221,D,발달상권,3120167,고속터미널(고속터미널역),6925,4543,2382,24,790,1577,1689,1525,1320,10,416,1110,1328,1046,633,14,374,467,361,479,687
20221,A,골목상권,3110924,반포4동주민센터(몽마르뜨공원),1071,732,339,5,171,236,323,252,84,1,78,150,243,200,60,4,93,86,80,52,24
20221,A,골목상권,3110922,내방역 1번,219,112,107,1,42,47,47,42,40,0,13,23,27,23,26,1,29,24,20,19,14
20221,A,골목상권,3110909,남태령역(서울전자고등학교),132,97,35,1,11,29,23,34,34,1,4,19,16,29,28,0,7,10,7,5,6
20221,D,발달상권,3120163,사당역 11번(사당역먹자골목),491,290,201,0,55,119,99,86,132,0,28,73,57,50,82,0,27,46,42,36,50
20221,A,골목상권,3110929,남부터미널역 1번,21130,10703,10427,21,4446,4558,3912,7143,1050,4,1209,1890,1718,5123,759,17,3237,2668,2194,2020,291
20221,D,발달상권,3120168,서울고교교차로,794,492,302,1,124,237,200,130,102,0,48,130,143,98,73,1,76,107,57,32,29
20221,R,전통시장,3130301,양재시장,89,47,42,0,24,20,24,9,12,0,7,13,15,4,8,0,17,7,9,5,4
20221,A,골목상권,3110946,청계산원터골,41,21,20,0,2,4,8,13,14,0,2,2,6,3,8,0,0,2,2,10,6
20221,A,골목상권,3110980,개포지구대옆,663,482,181,0,90,198,202,111,62,0,45,142,168,72,55,0,45,56,34,39,7
20221,D,발달상권,3120207,선정릉역,11920,7343,4577,32,2669,4154,2699,1509,857,16,1106,2428,1922,1135,736,16,1563,1726,777,374,121
20221,D,발달상권,3120218,코엑스,290,54,236,0,116,103,58,13,0,0,13,16,16,9,0,0,103,87,42,4,0
20221,D,발달상권,3120186,가로수길,6518,3580,2938,19,1316,2133,1570,895,585,5,447,1174,950,573,431,14,869,959,620,322,154
20221,A,골목상권,3110951,신사은행나무공원,267,70,197,0,35,83,95,47,7,0,6,24,26,12,2,0,29,59,69,35,5
20221,R,전통시장,3130306,강남언주로,235,151,84,2,48,48,63,45,29,2,27,34,47,23,18,0,21,14,16,22,11
20221,D,발달상권,3120208,청담사거리(청담동명품거리),11437,5280,6157,43,3488,4035,2275,1044,552,17,1116,1816,1308,628,395,26,2372,2219,967,416,157
20221,D,발달상권,3120214,영동대교남단교차로,3984,2897,1087,7,489,1172,1107,929,280,3,271,811,865,753,194,4,218,361,242,176,86
20221,A,골목상권,3111024,경찰병원역 4번(건너말공원),240,150,90,0,27,53,63,68,29,0,16,33,45,35,21,0,11,20,18,33,8
20221,A,골목상권,3111046,마천역(마천초등학교),708,400,308,1,76,146,171,195,119,0,46,85,84,95,90,1,30,61,87,100,29
20221,A,골목상권,3111044,남천초등학교,557,264,293,1,95,146,167,113,35,0,35,71,76,56,26,1,60,75,91,57,9
20221,A,골목상권,3111019,한성백제역 3번,1458,963,495,2,199,428,415,246,168,2,101,294,294,157,115,0,98,134,121,89,53
20221,A,골목상권,3111007,석촌고분역 4번,936,480,456,0,107,215,255,242,117,0,43,116,142,109,70,0,64,99,113,133,47
20221,A,골목상권,3111004,삼전역 1번,2036,1331,705,13,263,407,504,376,473,0,108,261,337,239,386,13,155,146,167,137,87
20221,A,골목상권,3111033,문정동성당,70,30,40,0,5,4,16,16,29,0,2,3,8,9,8,0,3,1,8,7,21
20221,A,골목상권,3111018,풍납초등학교(풍납백제문화공원),26,23,3,0,1,5,10,6,4,0,1,4,8,6,4,0,0,1,2,0,0
20221,A,골목상권,3111078,굽은다리역 4번,1753,1022,731,1,135,300,379,488,450,1,75,186,215,270,275,0,60,114,164,218,175
20221,A,골목상권,3111082,중앙보훈병원,64,44,20,0,3,9,11,23,18,0,1,3,5,18,17,0,2,6,6,5,1
20221,A,골목상권,3111086,한영중고,297,202,95,1,27,45,73,101,50,1,17,22,52,69,41,0,10,23,21,32,9
20221,A,골목상권,3111051,천호역 6번,394,242,152,2,65,77,85,88,77,1,44,54,54,47,42,1,21,23,31,41,35
20221,A,골목상권,3111064,둔촌동역 4번,157,98,59,0,13,34,47,40,23,0,3,21,30,28,16,0,10,13,17,12,7
20221,A,골목상권,3111070,천호초등학교,121,70,51,1,7,20,39,27,27,0,3,9,23,16,19,1,4,11,16,11,8
20221,A,골목상권,3111057,천호공원(해공체육문화센터),254,112,142,2,53,50,64,60,25,2,15,19,30,32,14,0,38,31,34,28,11
20222,A,골목상권,3110690,오류2동버들시장,577,275,302,1,101,192,133,94,56,0,39,104,64,36,32,1,62,88,69,58,24
20222,A,골목상권,3110725,가산동주민센터,85,59,26,0,6,20,22,20,17,0,3,15,16,12,13,0,3,5,6,8,4
20222,A,골목상권,3110735,말미고개,520,330,190,0,64,115,140,140,61,0,31,79,94,79,47,0,33,36,46,61,14
20222,R,전통시장,3130233,남문시장,76,47,29,0,5,8,18,22,23,0,2,3,9,12,21,0,3,5,9,10,2
20222,A,골목상권,3110736,독산119안전센터,461,199,262,0,46,55,76,118,166,0,21,32,35,42,69,0,25,23,41,76,97
20222,A,골목상권,3110746,금천금빛공원(은행나무사거리서측),76,53,23,0,5,11,23,22,15,0,3,9,13,16,12,0,2,2,10,6,3
20222,R,전통시장,3130237,박미시장(기능상실),39,26,13,0,1,6,11,9,12,0,0,2,7,8,9,0,1,4,4,1,3
20222,A,골목상권,3110766,대림역 5번,360,205,155,0,30,82,85,99,64,0,15,54,42,56,38,0,15,28,43,43,26
20222,A,골목상권,3110777,구로세무서,282,210,72,0,36,41,47,83,75,0,13,30,32,66,69,0,23,11,15,17,6
20222,R,전통시장,3130255,영등포전통시장,45,29,16,0,1,7,5,10,22,0,1,5,3,4,16,0,0,2,2,6,6
20222,A,골목상권,3110788,영등포시장역 3번,28,22,6,0,4,5,7,9,3,0,3,5,6,6,2,0,1,0,1,3,1
20222,A,골목상권,3110783,영등포시장역 1번,292,154,138,1,26,37,35,67,126,1,19,27,16,33,58,0,7,10,19,34,68
20222,A,골목상권,3110799,영등포본동주민센터,119,86,33,5,21,16,11,22,44,3,12,10,6,15,40,2,9,6,5,7,4
20222,R,전통시장,3130265,노량진중앙시장,115,82,33,0,17,48,34,8,8,0,12,42,23,3,2,0,5,6,11,5,6
20222,R,전통시장,3130263,신노량진시장(기능상실),13,4,9,0,0,3,4,6,0,0,0,0,1,3,0,0,0,3,3,3,0
20222,A,골목상권,3110821,보라매역 2번,599,356,243,0,73,109,142,137,138,0,34,65,80,89,88,0,39,44,62,48,50
20222,D,발달상권,3120155,총신대학교,107,54,53,0,13,27,24,25,18,0,7,8,13,14,12,0,6,19,11,11,6
20222,R,전통시장,3130268,상도전통시장,239,104,135,0,33,60,53,58,35,0,12,23,23,24,22,0,21,37,30,34,13
20222,A,골목상권,3110836,상도역 5번,3057,1846,1211,9,550,798,701,647,352,2,238,486,453,447,220,7,312,312,248,200,132
20222,A,골목상권,3110840,중앙대학교,175,99,76,0,24,25,57,45,24,0,12,13,37,22,15,0,12,12,20,23,9
20222,A,골목상권,3110878,미림여고,368,218,150,3,43,114,101,78,29,0,19,63,68,43,25,3,24,51,33,35,4
20222,A,골목상권,3110861,관악구신사동주민센터,1168,598,570,1,215,376,261,204,111,1,71,194,161,101,70,0,144,182,100,103,41
20222,A,골목상권,3110893,관악소방서(문영여고),353,303,50,0,39,110,66,113,25,0,29,96,57,99,22,0,10,14,9,14,3
20222,A,골목상권,3110890,봉천역 1번(관악초등학교),249,148,101,1,17,43,92,67,29,0,4,22,58,43,21,1,13,21,34,24,8
20222,R,전통시장,3130294,관악중부시장,102,40,62,1,5,10,22,39,25,0,2,3,7,16,12,1,3,7,15,23,13
20222,D,발달상권,3120166,방배역,5465,3280,2185,90,1234,1594,1033,699,815,26,523,920,713,451,647,64,711,674,320,248,168
20222,D,발달상권,3120164,내방역,8579,5975,2604,56,1923,2822,1862,1129,787,48,1160,1998,1383,799,587,8,763,824,479,330,200
20222,D,발달상권,3120162,방배동카페골목,1253,717,536,61,207,200,219,215,351,57,126,142,110,93,189,4,81,58,109,122,162
20222,D,발달상권,3120169,서초역,15771,7185,8586,70,3824,4195,3945,2657,1080,30,1313,1990,1801,1235,816,40,2511,2205,2144,1422,264
20222,A,골목상권,3110936,더케이호텔(양재리본타워2단지아파트),832,552,280,3,109,260,215,175,70,0,53,154,159,131,55,3,56,106,56,44,15
20222,A,골목상권,3110940,양재근린공원(양재2동주민센터),956,699,257,8,168,323,238,137,82,8,109,243,178,97,64,0,59,80,60,40,18
20222,D,발달상권,3120178,신사역,11093,6014,5079,34,2556,2878,2400,1866,1359,13,875,1596,1501,1005,1024,21,1681,1282,899,861,335
20222,A,골목상권,3110993,개포지하차도 북측,70,53,17,0,3,9,19,23,16,0,2,7,16,18,10,0,1,2,3,5,6
20222,A,골목상권,3110983,국립국악고등학교,783,534,249,6,126,212,125,145,169,2,44,137,94,111,146,4,82,75,31,34,23
20222,A,골목상권,3110950,논현역 7번,2981,1929,1052,1,829,1305,518,230,98,0,418,886,383,173,69,1,411,419,135,57,29
20222,D,발달상권,3120199,경복아파트교차로,3427,2023,1404,9,720,1059,682,508,449,3,273,627,441,345,334,6,447,432,241,163,115
20222,D,발달상권,3120212,한티역,753,394,359,1,118,182,201,143,108,1,37,87,119,80,70,0,81,95,82,63,38
20222,D,발달상권,3120211,도성초등학교,984,516,468,7,180,282,189,161,165,3,68,120,112,117,96,4,112,162,77,44,69
20222,A,골목상권,3110960,은광여고,1601,749,852,5,219,282,389,522,184,4,60,131,203,227,124,1,159,151,186,295,60
20222,A,골목상권,3110964,싸리고개근린공원,217,124,93,0,29,60,59,34,35,0,8,32,36,23,25,0,21,28,23,11,10
20222,U,관광특구,3001496,강남 마이스 관광특구,15904,8904,7000,59,3513,6185,4248,1596,303,25,1160,3361,2887,1246,225,34,2353,2824,1361,350,78
20222,A,골목상권,3110995,봉은사역 4번,5085,3711,1374,9,978,2002,1271,637,188,2,575,1477,990,523,144,7,403,525,281,114,44
20222,A,골목상권,3110998,은곡마을(은곡마을공원),17,11,6,0,2,6,4,3,2,0,0,4,3,3,1,0,2,2,1,0,1
20222,A,골목상권,3111001,아래방죽마을공원(율현초등학교),58,43,15,0,2,9,14,18,15,0,1,7,12,13,10,0,1,2,2,5,5
20222,A,골목상권,3110949,한남IC,1683,1193,490,5,288,565,435,305,85,2,112,398,347,261,73,3,176,167,88,44,12
20222,A,골목상권,3110959,신구중학교,271,140,131,0,14,66,82,79,30,0,7,36,49,29,19,0,7,30,33,50,11
20222,A,골목상권,3110962,도산공원북측,53,27,26,0,20,11,10,8,4,0,11,7,6,3,0,0,9,4,4,5,4
20222,A,골목상권,3110954,국기원,636,445,191,0,89,142,187,94,124,0,35,97,161,74,78,0,54,45,26,20,46
20222,D,발달상권,3120204,르네상스호텔사거리,41471,20644,20827,102,8167,11056,10671,10081,1394,54,5016,7567,4988,2062,957,48,3151,3489,5683,8019,437
20222,A,골목상권,3110997,대청초등학교,1724,959,765,4,230,291,391,383,425,2,111,162,200,210,274,2,119,129,191,173,151
20222,A,골목상권,3110979,청담초등학교,3004,1918,1086,4,525,926,768,568,213,4,230,632,535,343,174,0,295,294,233,225,39
20222,A,골목상권,3111027,문정초등학교,1393,771,622,3,146,285,323,246,390,1,67,159,209,125,210,2,79,126,114,121,180
20222,A,골목상권,3111020,방이동고분군(방산고등학교),304,225,79,1,20,103,84,54,42,0,7,73,64,48,33,1,13,30,20,6,9
20222,R,전통시장,3130313,방이시장,3889,1825,2064,10,726,635,634,1135,749,8,362,409,357,377,312,2,364,226,277,758,437
20222,A,골목상권,3111005,삼전역 3번,1865,1358,507,0,320,617,459,302,167,0,215,449,339,222,133,0,105,168,120,80,34
20222,A,골목상권,3111037,Sh수협은행 오금동금융센터(아랫말어린이공원),373,243,130,0,37,103,90,93,50,0,25,84,60,43,31,0,12,19,30,50,19
20222,A,골목상권,3111032,방이역 1번,3878,2552,1326,4,235,340,599,718,1982,3,139,237,411,469,1293,1,96,103,188,249,689
20222,A,골목상권,3111081,둔촌푸르지오아파트,78,50,28,0,8,17,18,18,17,0,4,12,13,6,15,0,4,5,5,12,2
20222,A,골목상권,3111089,상일여고(상일초등학교),750,505,245,0,50,131,180,233,156,0,31,81,127,154,112,0,19,50,53,79,44
20222,A,골목상권,3111059,강동역 4번(강풀만화거리),774,420,354,3,87,144,177,164,199,1,47,73,92,91,116,2,40,71,85,73,83
20222,A,골목상권,3111067,강동구립성내도서관,746,414,332,2,73,149,192,177,153,1,36,98,107,84,88,1,37,51,85,93,65
20222,A,골목상권,3110005,세검정,1057,542,515,6,132,305,306,202,106,2,40,143,167,124,66,4,92,162,139,78,40
20222,A,골목상권,3110008,배화여자대학교(박노수미술관),507,350,157,1,50,79,121,161,95,0,15,45,93,121,76,1,35,34,28,40,19
20222,A,골목상권,3110035,동묘앞역 2번,276,161,115,2,18,43,75,88,50,0,5,18,42,65,31,2,13,25,33,23,19
20222,A,골목상권,3110027,혜화역 1번,598,358,240,1,67,108,127,97,198,0,25,70,64,54,145,1,42,38,63,43,53
20222,D,발달상권,3120015,종로6가,302,153,149,0,49,64,69,65,55,0,17,23,27,42,44,0,32,41,42,23,11
20222,R,전통시장,3130011,충신시장,88,44,44,0,19,19,20,17,13,0,7,11,8,8,10,0,12,8,12,9,3
20222,A,골목상권,3110030,동대문역 3번,7,3,4,0,2,2,2,1,0,0,0,2,1,0,0,0,2,0,1,1,0
20222,A,골목상권,3110015,청와대사랑채,578,345,233,0,64,147,166,126,75,0,16,63,110,91,65,0,48,84,56,35,10
20222,A,골목상권,3110011,청운초등학교,263,188,75,0,21,105,79,43,15,0,21,95,44,16,12,0,0,10,35,27,3
20222,A,골목상권,3110024,혜회동주민센터,928,263,665,0,135,264,294,184,51,0,17,64,90,55,37,0,118,200,204,129,14
20222,D,발달상권,3120032,충무로역,10818,5021,5797,35,1541,2434,3139,2621,1048,15,532,1200,1480,1142,652,20,1009,1234,1659,1479,396
20222,A,골목상권,3110045,동대문역사문화공원역 5번,234,174,60,0,24,54,64,55,37,0,11,38,46,47,32,0,13,16,18,8,5
20222,D,발달상권,3120031,을지로3가역,6147,3450,2697,9,699,1541,1643,1286,969,0,223,730,924,892,681,9,476,811,719,394,288
20222,R,전통시장,3130038,"평화시장(통일상가, 동화상가)",1000,670,330,3,116,301,291,198,91,0,63,167,223,150,67,3,53,134,68,48,24
20222,D,발달상권,3120020,시청역_1번,6561,4672,1889,29,1436,1964,1905,1013,214,17,728,1351,1643,776,157,12,708,613,262,237,57
20222,A,골목상권,3110043,충무초등학교,1202,670,532,12,212,307,331,223,117,7,97,155,169,152,90,5,115,152,162,71,27
20222,D,발달상권,3120018,중림동,2190,1368,822,2,393,736,598,295,166,2,207,425,357,238,139,0,186,311,241,57,27
20222,A,골목상권,3110057,황학코아루아파트,64,44,20,0,8,13,20,10,13,0,4,6,17,8,9,0,4,7,3,2,4
20222,A,골목상권,3110055,황학동벼룩시장,29,19,10,0,1,4,6,11,7,0,1,3,5,6,4,0,0,1,1,5,3
20222,A,골목상권,3110078,이촌동점보아파트,69,29,40,0,12,15,17,13,12,0,3,8,7,5,6,0,9,7,10,8,6
20222,A,골목상권,3110082,용산구청,1618,809,809,5,175,461,427,442,108,4,53,155,206,304,87,1,122,306,221,138,21
20222,D,발달상권,3120041,신용산역(용산역),20372,8281,12091,72,4418,6743,5760,2509,870,25,1460,2533,2359,1337,567,47,2958,4210,3401,1172,303
20222,A,골목상권,3110073,삼각지역 3번,7975,2387,5588,56,2508,2886,1913,505,107,25,861,919,424,119,39,31,1647,1967,1489,386,68
20222,A,골목상권,3110076,삼각지역 14번,537,175,362,0,46,143,158,153,37,0,11,49,61,45,9,0,35,94,97,108,28
20222,A,골목상권,3110099,유엔빌리지길,12646,10311,2335,33,1746,2596,3298,4558,415,25,904,1899,2859,4264,360,8,842,697,439,294,55
20222,A,골목상권,3110588,한겨레신문사,169,92,77,0,34,44,41,33,17,0,14,22,20,21,15,0,20,22,21,12,2
20222,R,전통시장,3130059,후암시장,64,40,24,0,6,12,16,11,19,0,4,5,10,7,14,0,2,7,6,4,5
20222,R,전통시장,3130064,금남시장,36,13,23,0,6,7,8,4,11,0,1,0,5,2,5,0,5,7,3,2,6
20222,A,골목상권,3110107,금호사거리,37,30,7,0,4,8,4,11,10,0,3,5,4,9,9,0,1,3,0,2,1
20222,A,골목상권,3110117,성동구보건소,103,73,30,1,14,27,19,33,9,1,10,20,11,25,6,0,4,7,8,8,3
20222,D,발달상권,3120050,서울숲역,212,159,53,0,33,40,60,52,27,0,19,30,47,41,22,0,14,10,13,11,5
20222,D,발달상권,3120052,성수역,11387,7284,4103,23,2113,2900,2661,2238,1452,12,1170,1971,1783,1298,1050,11,943,929,878,940,402
20222,R,전통시장,3130067,왕십리도선동상점가,1670,335,1335,3,166,202,291,591,417,1,78,98,69,49,40,2,88,104,222,542,377
20222,D,발달상권,3120066,장한평역(장한평),7424,4770,2654,43,1531,1839,1491,1235,1285,10,739,1202,991,818,1010,33,792,637,500,417,275
20222,A,골목상권,3110113,응봉산,77,43,34,0,14,15,14,16,18,0,4,11,7,6,15,0,10,4,7,10,3
20222,A,골목상권,3110112,행당역 2번,207,101,106,0,37,37,38,53,42,0,14,19,16,26,26,0,23,18,22,27,16
20222,A,골목상권,3110169,성동초등학교,253,139,114,1,28,41,73,68,42,0,15,21,36,39,28,1,13,20,37,29,14
20222,A,골목상권,3110156,군자역 5번,621,363,258,0,96,181,173,112,59,0,41,114,101,67,40,0,55,67,72,45,19
20222,A,골목상권,3110157,자양동우체국,1097,891,206,10,352,279,244,141,71,7,300,237,180,106,61,3,52,42,64,35,10
20222,A,골목상권,3110163,성자초등학교,284,143,141,0,39,46,67,77,55,0,14,27,32,31,39,0,25,19,35,46,16
20222,A,골목상권,3110168,대원고등학교,524,374,150,0,64,95,121,160,84,0,36,69,87,110,72,0,28,26,34,50,12
20222,A,골목상권,3110212,답십리초등학교,204,144,60,0,26,37,42,67,32,0,18,26,27,50,23,0,8,11,15,17,9
20222,A,골목상권,3110187,제기동역 6번,3124,2222,902,15,559,867,746,552,385,7,387,605,531,394,298,8,172,262,215,158,87
20222,A,골목상권,3110229,장평중학교,1332,862,470,0,145,164,190,318,515,0,81,103,125,211,342,0,64,61,65,107,173
20222,A,골목상권,3110231,장안교,11,8,3,0,0,1,4,5,1,0,0,1,3,4,0,0,0,0,1,1,1
20222,R,전통시장,3130088,경동시장,126,57,69,0,18,32,24,17,35,0,3,11,11,10,22,0,15,21,13,7,13
20222,A,골목상권,3110194,홍파초등학교,112,85,27,0,6,32,24,36,14,0,4,20,20,31,10,0,2,12,4,5,4
20222,A,골목상권,3110203,떡전교사거리,99,63,36,1,9,15,32,29,13,1,0,7,26,20,9,0,9,8,6,9,4
20222,A,골목상권,3110278,망우본동주민센터,276,166,110,1,32,46,77,81,39,0,10,25,43,56,32,1,22,21,34,25,7
20222,R,전통시장,3130106,중랑동부시장,166,56,110,1,20,40,34,39,32,0,1,8,7,21,19,1,19,32,27,18,13
20222,A,골목상권,3110246,월드순복음교회,431,312,119,0,27,97,158,95,54,0,12,69,122,65,44,0,15,28,36,30,10
20222,A,골목상권,3110261,사가정역 4번,167,90,77,1,16,29,49,50,22,1,8,15,25,26,15,0,8,14,24,24,7
20222,A,골목상권,3110242,면목5동주민센터,164,112,52,0,21,28,56,30,29,0,12,23,31,22,24,0,9,5,25,8,5
20222,A,골목상권,3110241,먹골역 5번,415,213,202,0,61,87,97,117,53,0,17,49,46,63,38,0,44,38,51,54,15
20222,D,발달상권,3120069,상봉역,1012,728,284,3,69,146,222,270,302,1,40,71,131,216,269,2,29,75,91,54,33
20222,A,골목상권,3110233,중랑역 1번,142,46,96,1,23,27,50,35,6,1,6,7,16,11,5,0,17,20,34,24,1
20222,A,골목상권,3110281,길상사,13818,12089,1729,12,1418,3093,4061,4964,270,1,960,2426,3678,4823,201,11,458,667,383,141,69
20222,A,골목상권,3110309,대광초등학교,376,266,110,0,38,63,108,103,64,0,19,44,71,78,54,0,19,19,37,25,10
20222,A,골목상권,3110318,KT월곡지사,148,78,70,0,21,29,45,36,17,0,10,19,22,14,13,0,11,10,23,22,4
20222,A,골목상권,3110379,KT&G 북부지사,12,3,9,1,1,1,3,3,3,0,0,0,1,1,1,1,1,1,2,2,2
20222,A,골목상권,3110373,수유역 2번,891,705,186,0,129,255,172,236,99,0,90,208,134,205,68,0,39,47,38,31,31
20222,R,전통시장,3130132,삼양골목시장(삼양시장),61,19,42,0,10,14,13,15,9,0,0,4,5,5,5,0,10,10,8,10,4
20222,A,골목상권,3110377,미아사거리역 3번,21,14,7,0,2,2,2,9,6,0,2,2,1,4,5,0,0,0,1,5,1
20222,A,골목상권,3110345,솔밭공원역 2번,114,47,67,1,14,18,26,37,18,0,3,6,8,17,13,1,11,12,18,20,5
20222,A,골목상권,3110342,국립재활원,60,45,15,0,5,11,20,15,9,0,3,8,14,13,7,0,2,3,6,2,2
20222,A,골목상권,3110348,강북문화예술회관,343,174,169,0,27,59,108,96,53,0,4,31,63,43,33,0,23,28,45,53,20
20222,A,골목상권,3110338,인수초등학교,263,192,71,0,34,67,61,63,38,0,18,49,44,48,33,0,16,18,17,15,5
20222,A,골목상권,3110402,도봉구 정병원,471,221,250,1,85,98,98,106,83,0,24,38,54,59,46,1,61,60,44,47,37
20222,A,골목상권,3110383,덕성여대시반거리,33,21,12,0,0,3,13,10,7,0,0,2,9,5,5,0,0,1,4,5,2
20222,R,전통시장,3130145,쌍문역둘리상점가,244,202,42,0,39,44,77,62,22,0,28,35,65,56,18,0,11,9,12,6,4
20222,A,골목상권,3110392,발바닥공원,43,17,26,0,2,8,7,10,16,0,0,0,3,3,11,0,2,8,4,7,5
20222,A,골목상권,3110416,노원초등학교,468,244,224,4,61,110,118,126,49,2,24,73,58,58,29,2,37,37,60,68,20
20222,A,골목상권,3110428,상계5동주민센터,491,217,274,1,43,52,106,158,131,0,14,25,45,70,63,1,29,27,61,88,68
20222,D,발달상권,3120080,마들역,180,46,134,0,30,45,46,36,23,0,2,7,9,13,15,0,28,38,37,23,8
20222,A,골목상권,3110464,연신내역 5번,301,170,131,4,32,53,93,85,34,4,18,28,44,49,27,0,14,25,49,36,7
20222,A,골목상권,3110457,예일여고,482,283,199,1,60,88,88,132,113,0,27,46,47,71,92,1,33,42,41,61,21
20222,D,발달상권,3120091,본서부병원,516,192,324,1,51,69,119,165,111,0,20,28,51,55,38,1,31,41,68,110,73
20222,A,골목상권,3110485,연신내우체국,1259,678,581,0,7,24,35,160,1033,0,4,5,15,70,584,0,3,19,20,90,449
20222,A,골목상권,3110488,우리은행응암동지점,174,104,70,1,14,24,41,38,56,0,8,16,19,15,46,1,6,8,22,23,10
20222,R,전통시장,3130163,응암오거리상점가,182,49,133,0,24,28,44,50,36,0,4,8,11,12,14,0,20,20,33,38,22
20222,A,골목상권,3110449,증산역 3번,709,410,299,0,104,160,182,147,116,0,47,98,96,84,85,0,57,62,86,63,31
20222,D,발달상권,3120094,"신촌역(신촌역, 신촌로터리)",5328,2411,2917,67,2381,1182,676,592,430,23,994,579,296,278,241,44,1387,603,380,314,189
20222,R,전통시장,3130175,신촌 상인회(신촌상점가),13,5,8,0,1,3,5,4,0,0,1,0,1,3,0,0,0,3,4,1,0
20222,D,발달상권,3120097,충정로역,2246,1354,892,0,321,658,631,407,229,0,172,390,397,254,141,0,149,268,234,153,88
20222,R,전통시장,3130176,유진상가,38,23,15,0,20,16,1,1,0,0,9,13,1,0,0,0,11,3,0,1,0
20222,A,골목상권,3110523,홍제성원아파트,21,9,12,0,0,4,5,7,5,0,0,0,2,5,2,0,0,4,3,2,3
20222,D,발달상권,3120107,공덕역(공덕오거리),13077,7619,5458,43,2471,3470,3552,3026,515,9,1021,2002,2300,1900,387,34,1450,1468,1252,1126,128
20222,A,골목상권,3110586,서울서부지방법원,1855,953,902,2,423,499,464,293,174,1,233,283,196,130,110,1,190,216,268,163,64
20222,A,골목상권,3110540,망원나들목체육관,238,107,131,0,39,63,70,47,19,0,19,28,26,23,11,0,20,35,44,24,8
20222,A,골목상권,3110567,광흥창역 6번,91,61,30,0,16,26,27,12,10,0,8,20,13,11,9,0,8,6,14,1,1
20222,A,골목상권,3110565,홍익대,110,66,44,0,16,34,34,19,7,0,8,16,23,13,6,0,8,18,11,6,1
20222,A,골목상권,3110560,마포FM,292,140,152,0,26,64,87,77,38,0,10,26,40,36,28,0,16,38,47,41,10
20222,A,골목상권,3110549,새터산,357,165,192,1,57,79,100,64,56,1,24,39,47,22,32,0,33,40,53,42,24
20222,D,발달상권,3120099,월드컵경기장역(월드컵경기장),84,57,27,0,11,20,26,14,13,0,6,16,21,7,7,0,5,4,5,7,6
20222,A,골목상권,3110581,염리초등학교,16,11,5,0,0,0,2,6,8,0,0,0,2,3,6,0,0,0,0,3,2
20222,D,발달상권,3120113,오목교역,641,380,261,2,98,147,163,141,90,1,45,81,95,95,63,1,53,66,68,46,27
20222,D,발달상권,3120110,목동역 8번출구,1858,1400,458,2,142,216,286,247,965,1,42,102,166,181,908,1,100,114,120,66,57
20222,A,골목상권,3110617,등촌역 4번,262,188,74,0,47,75,73,48,19,0,37,55,50,31,15,0,10,20,23,17,4
20222,A,골목상권,3110597,신월1동주민센터,517,302,215,0,30,68,111,150,158,0,14,36,54,84,114,0,16,32,57,66,44
20222,R,전통시장,3130199,신월3동 골목시장,18,8,10,0,1,4,4,9,0,0,0,1,3,4,0,0,1,3,1,5,0
20222,A,골목상권,3110615,신서초등학교,87,63,24,0,20,21,27,13,6,0,14,18,18,8,5,0,6,3,9,5,1
20222,A,골목상권,3110674,강서구청가양동별관,260,189,71,0,21,55,61,47,76,0,14,46,35,29,65,0,7,9,26,18,11
20222,A,골목상권,3110677,등촌역 1번,410,321,89,1,50,80,83,91,105,1,24,51,70,76,99,0,26,29,13,15,6
20222,A,골목상권,3110676,등촌역 7번,228,138,90,0,31,34,61,56,46,0,13,20,36,37,32,0,18,14,25,19,14
20222,D,발달상권,3120117,강서농산물도매시장,451,280,171,0,12,62,127,153,97,0,9,48,78,89,56,0,3,14,49,64,41
20222,A,골목상권,3110636,방화역 2번,152,76,76,1,25,49,41,21,15,0,9,26,27,4,10,1,16,23,14,17,5
20222,A,골목상권,3110631,방화초등학교,335,161,174,2,32,63,68,100,70,2,19,34,37,37,32,0,13,29,31,63,38
20222,D,발달상권,3120120,화곡역,927,405,522,1,177,218,193,196,142,0,46,109,84,81,85,1,131,109,109,115,57
20222,A,골목상권,3110656,까치산역 3번,829,493,336,13,89,206,249,190,82,12,52,128,151,91,59,1,37,78,98,99,23
20222,D,발달상권,3120121,까치산역,365,145,220,2,51,46,72,106,88,2,12,18,29,43,41,0,39,28,43,63,47
20222,A,골목상권,3110654,까치산역 4번,1027,687,340,2,68,149,252,380,176,1,38,81,139,281,147,1,30,68,113,99,29
20222,A,골목상권,3110665,곰달래도서관,469,285,184,0,36,92,123,138,80,0,25,60,79,74,47,0,11,32,44,64,33
20222,A,골목상권,3110662,까치산역 1번,1480,885,595,4,245,501,396,234,100,4,129,301,207,171,73,0,116,200,189,63,27
20222,R,전통시장,3130217,화곡본동시장,36,16,20,0,3,5,10,13,5,0,1,3,5,6,1,0,2,2,5,7,4
20222,A,골목상권,3110691,개봉중학교,395,205,190,0,37,65,119,115,59,0,20,38,49,52,46,0,17,27,70,63,13
20222,A,골목상권,3110705,고산초등학교,33,19,14,0,3,2,8,7,13,0,3,1,8,2,5,0,0,1,0,5,8
20222,R,전통시장,3130229,남구로시장,249,139,110,1,16,53,61,62,56,0,7,30,31,32,39,1,9,23,30,30,17
20222,A,골목상권,3110680,온수역 5번(온수산업단지),901,770,131,15,129,129,157,274,197,15,105,106,127,234,183,0,24,23,30,40,14
20222,A,골목상권,3110685,금강수목원아파트,56,39,17,0,10,12,12,11,11,0,7,10,5,7,10,0,3,2,7,4,1
20222,D,발달상권,3120132,독산동,4203,2884,1319,13,512,908,1016,1074,680,12,350,650,695,701,476,1,162,258,321,373,204
20222,A,골목상권,3110732,가산초등학교(세일중학교),362,258,104,1,42,68,107,79,65,0,23,39,78,64,54,1,19,29,29,15,11
20222,A,골목상권,3110729,가산동우체국,151,112,39,0,19,30,40,39,23,0,14,19,30,30,19,0,5,11,10,9,4
20222,A,골목상권,3110723,가산디지털단지역 1번 출입구,286,247,39,0,6,10,37,130,103,0,6,5,26,113,97,0,0,5,11,17,6
20222,A,골목상권,3110742,KT금천빌딩(금천구시설관리공단),426,237,189,0,42,83,106,125,70,0,21,57,71,54,34,0,21,26,35,71,36
20222,A,골목상권,3110748,백산초등학교,102,64,38,0,6,19,21,26,30,0,2,9,11,22,20,0,4,10,10,4,10
20222,A,골목상권,3110749,금산초등학교(금천고등학교),418,255,163,0,51,99,100,118,50,0,26,61,51,81,36,0,25,38,49,37,14
20222,A,골목상권,3110750,시흥4동주민센터(서울신흥초등학교),397,221,176,4,78,83,80,104,48,4,47,62,43,33,32,0,31,21,37,71,16
20222,R,전통시장,3130085,용두시장,4,2,2,0,0,0,1,2,1,0,0,0,0,1,1,0,0,0,1,1,0
20222,D,발달상권,3120141,영등포청과시장교차로,601,418,183,2,71,137,188,115,88,1,36,85,133,86,77,1,35,52,55,29,11
20222,R,전통시장,3130240,영등포유통상가,1400,893,507,0,128,296,347,287,342,0,68,168,226,194,237,0,60,128,121,93,105
20222,A,골목상권,3110763,영등포구청역 2번,480,353,127,2,84,147,107,84,56,0,53,100,79,72,49,2,31,47,28,12,7
20222,A,골목상권,3110786,당산역 8번,271,179,92,2,20,41,60,51,97,2,8,21,42,38,68,0,12,20,18,13,29
20222,R,전통시장,3130247,우리시장,19,15,4,0,3,4,4,3,5,0,1,3,4,3,4,0,2,1,0,0,1
20222,A,골목상권,3110817,대방역 4번,26,19,7,0,2,6,6,6,6,0,0,4,4,6,5,0,2,2,2,0,1
20222,R,전통시장,3130256,신동시장,2,2,0,0,0,0,0,1,1,0,0,0,0,1,1,0,0,0,0,0,0
20222,A,골목상권,3110757,양평역 2번,1501,1114,387,1,111,230,356,424,379,0,51,176,286,314,287,1,60,54,70,110,92
20222,A,골목상권,3110762,선유도역 1번,3139,2286,853,6,392,669,739,809,524,4,217,459,529,629,448,2,175,210,210,180,76
20222,A,골목상권,3110807,신길역 3번,102,70,32,0,6,16,23,27,30,0,4,8,18,19,21,0,2,8,5,8,9
20222,R,전통시장,3130250,삼구시장(로타리상가),1,0,1,0,0,0,0,1,0,0,0,0,0,0,0,0,0,0,0,1,0
20222,A,골목상권,3110803,신길2동우편취급국,312,224,88,0,17,27,58,67,143,0,6,14,33,43,128,0,11,13,25,24,15
20222,A,골목상권,3110847,예술인마을,443,216,227,3,52,135,137,77,39,3,13,60,74,37,29,0,39,75,63,40,10
20222,R,전통시장,3130272,사당시장,45,20,25,0,4,6,10,11,14,0,0,1,4,6,9,0,4,5,6,5,5
20222,A,골목상권,3110843,사당5동주민센터,181,135,46,1,22,25,55,52,26,0,16,17,34,44,24,1,6,8,21,8,2
20222,A,골목상권,3110835,상도역 1번,296,170,126,0,81,95,59,38,23,0,32,61,37,19,21,0,49,34,22,19,2
20222,A,골목상권,3110830,상도초등학교,281,152,129,0,22,61,73,85,40,0,7,29,36,54,26,0,15,32,37,31,14
20222,D,발달상권,3120154,장승배기역,497,214,283,1,64,124,128,111,69,0,19,58,68,39,30,1,45,66,60,72,39
20222,D,발달상권,3120151,보라매공원,2417,1455,962,6,401,736,707,383,184,4,194,433,450,237,137,2,207,303,257,146,47
20222,A,골목상권,3110863,난우초등학교,319,179,140,6,40,61,63,79,70,5,23,30,38,36,47,1,17,31,25,43,23
20222,A,골목상권,3110867,국제신학대학원대학교(남서울중학교),202,117,85,0,8,34,39,53,68,0,2,15,21,32,47,0,6,19,18,21,21
20222,A,골목상권,3110882,신성초등학교,733,444,289,1,95,131,215,168,123,0,52,67,122,109,94,1,43,64,93,59,29
20222,A,골목상권,3110864,신림우방아파트,236,161,75,0,31,48,53,60,44,0,21,31,37,43,29,0,10,17,16,17,15
20222,A,골목상권,3110871,신원동주민센터,64,32,32,1,6,13,19,12,13,0,4,6,8,7,7,1,2,7,11,5,6
20222,R,전통시장,3130283,신원시장,25,11,14,0,3,3,10,5,4,0,1,1,3,3,3,0,2,2,7,2,1
20222,A,골목상권,3110854,조원동주민센터,55,39,16,0,4,5,17,21,8,0,3,5,9,15,7,0,1,0,8,6,1
20222,A,골목상권,3110898,청림동주민센터(상도중학교),66,27,39,0,16,14,14,16,6,0,5,3,8,7,4,0,11,11,6,9,2
20222,D,발달상권,3120170,삼호가든사거리,2026,1161,865,8,279,587,623,346,183,7,113,333,412,168,128,1,166,254,211,178,55
20222,A,골목상권,3110917,서초소방서,1505,939,566,6,157,432,402,355,153,2,72,281,295,181,108,4,85,151,107,174,45
20222,A,골목상권,3110918,방배역 3번,682,438,244,3,98,127,164,142,148,2,59,85,108,86,98,1,39,42,56,56,50
20222,A,골목상권,3110903,방배아이파크아파트,7222,2653,4569,7,1242,1778,2487,1322,386,1,333,597,951,599,172,6,909,1181,1536,723,214
20222,A,골목상권,3110915,서래초등학교,3011,2335,676,14,441,940,1066,421,129,11,286,683,868,373,114,3,155,257,198,48,15
20222,A,골목상권,3110926,신중초등학교,1610,1175,435,6,193,359,463,382,207,3,114,263,355,292,148,3,79,96,108,90,59
20222,A,골목상권,3110928,서초우방유쉘아파트,596,491,105,1,57,109,125,205,99,1,29,76,109,190,86,0,28,33,16,15,13
20222,D,발달상권,3120184,포이사거리(삼호물산),10139,7003,3136,20,1553,3044,2666,1705,1151,10,846,2068,2010,1212,857,10,707,976,656,493,294
20222,A,골목상권,3110941,언남고등학교,261,158,103,0,33,46,89,58,35,0,14,26,51,40,27,0,19,20,38,18,8
20222,D,발달상권,3120174,논현역 5번,680,379,301,6,108,196,155,93,122,4,39,108,90,58,80,2,69,88,65,35,42
20222,A,골목상권,3110927,잠원역,745,553,192,2,93,342,198,98,12,2,82,218,159,81,11,0,11,124,39,17,1
20222,A,골목상권,3110977,논현로18길,148,102,46,0,22,32,45,29,20,0,14,20,33,20,15,0,8,12,12,9,5
20222,A,골목상권,3110961,언주역 3번,962,673,289,5,172,286,248,140,111,3,97,184,187,112,90,2,75,102,61,28,21
20222,A,골목상권,3110970,학동초등학교,378,236,142,1,66,98,102,65,46,0,27,49,66,57,37,1,39,49,36,8,9
20222,D,발달상권,3120219,은마아파트,17175,5797,11378,202,3397,3819,3179,4061,2517,83,1254,1872,1374,818,396,119,2143,1947,1805,3243,2121
20222,D,발달상권,3120222,삼성역,43324,24141,19183,244,8091,13641,10294,6385,4669,119,3186,7703,6883,3711,2539,125,4905,5938,3411,2674,2130
20222,D,발달상권,3120201,도곡1동,11549,6381,5168,116,3564,3468,2477,1299,625,31,1365,2018,1727,754,486,85,2199,1450,750,545,139
20222,R,전통시장,3130266,만양로상점가,2,1,1,0,0,0,2,0,0,0,0,0,1,0,0,0,0,0,1,0,0
20222,D,발달상권,3120213,삼성중앙역,8521,5150,3371,50,1869,2485,1911,1070,1136,12,830,1515,1305,716,772,38,1039,970,606,354,364
20222,D,발달상권,3120209,"강남구청(청담역_8번, 강남세무서)",8987,2610,6377,34,2050,2684,2467,1172,580,9,538,752,537,395,379,25,1512,1932,1930,777,201
20222,D,발달상권,3120216,경기고교사거리(경기고교앞사거리),4934,3621,1313,8,712,1628,1666,772,148,5,291,1070,1431,703,121,3,421,558,235,69,27
20222,A,골목상권,3110986,삼성중앙역 7번,90,59,31,0,9,18,36,19,8,0,3,6,29,15,6,0,6,12,7,4,2
20222,D,발달상권,3120224,수서역,12418,6339,6079,23,1900,3177,3167,2346,1805,12,860,1669,1497,1232,1069,11,1040,1508,1670,1114,736
20222,D,발달상권,3120195,성수대교남단,5611,2685,2926,39,1393,2394,1102,426,257,15,487,1194,634,208,147,24,906,1200,468,218,110
20222,D,발달상권,3120198,구역삼세무서,11531,7246,4285,23,2691,3529,2889,1562,837,12,1141,2216,2115,1139,623,11,1550,1313,774,423,214
20222,A,골목상권,3110958,역삼역 4번,997,760,237,1,96,197,300,298,105,1,46,133,254,241,85,0,50,64,46,57,20
20222,A,골목상권,3110956,언주역 8번,1199,758,441,4,361,471,199,87,77,2,158,307,163,70,58,2,203,164,36,17,19
20222,A,골목상권,3111025,경찰병원역 3번,686,412,274,1,84,164,149,157,131,0,45,102,103,88,74,1,39,62,46,69,57
20222,A,골목상권,3111029,오금역 4번,427,314,113,3,71,108,91,79,75,1,51,81,67,55,59,2,20,27,24,24,16
20222,A,골목상권,3111042,거여역 1번(거여공원),872,597,275,3,147,186,251,200,85,3,121,134,159,130,50,0,26,52,92,70,35
20222,D,발달상권,3120235,문정역,954,648,306,1,117,204,211,255,166,0,70,158,152,154,114,1,47,46,59,101,52
20222,A,골목상권,3111023,문정역 1번,939,576,363,2,133,202,263,204,135,0,86,139,184,100,67,2,47,63,79,104,68
20222,D,발달상권,3120232,송파나루역,1056,714,342,0,185,302,235,171,163,0,80,192,163,131,148,0,105,110,72,40,15
20222,U,관광특구,3001495,잠실 관광특구,25240,14855,10385,124,4880,6877,5824,4628,2907,55,2599,4419,3662,2383,1737,69,2281,2458,2162,2245,1170
20222,A,골목상권,3111006,석촌고분역 1번,1112,721,391,0,127,292,337,203,153,0,56,169,242,135,119,0,71,123,95,68,34
20222,R,전통시장,3130312,석촌시장,619,270,349,1,20,40,81,170,307,1,9,23,43,41,153,0,11,17,38,129,154
20222,D,발달상권,3120227,잠실역,45462,24220,21242,163,8142,11830,12761,11282,1284,51,3785,7436,7437,4549,962,112,4357,4394,5324,6733,322
20222,A,골목상권,3111090,강일동주민센터,91,35,56,0,15,30,23,17,6,0,1,10,10,10,4,0,14,20,13,7,2
20222,A,골목상권,3111068,강동성심병원,1570,605,965,0,532,392,271,203,172,0,126,134,114,101,130,0,406,258,157,102,42
20222,R,전통시장,3130323,둔촌역전통시장,171,86,85,0,3,14,23,36,95,0,2,6,8,14,56,0,1,8,15,22,39
20222,D,발달상권,3120244,암사역,916,401,515,0,70,85,103,111,547,0,14,44,49,42,252,0,56,41,54,69,295
20222,A,골목상권,3111054,암사역 4번(삼성광나루아파트),104,42,62,0,14,18,19,12,41,0,4,12,7,5,14,0,10,6,12,7,27
20222,A,골목상권,3111065,천일초등학교,79,38,41,2,6,21,18,23,9,2,5,11,7,6,7,0,1,10,11,17,2
20222,A,골목상권,3111049,천호지구대(천호동자전거거리),507,277,230,2,75,90,96,118,126,0,36,50,40,68,83,2,39,40,56,50,43
20222,A,골목상권,3111060,암사역 2번(서울강동초등학교),872,458,414,1,101,211,241,202,116,1,41,97,131,107,81,0,60,114,110,95,35
20222,A,골목상권,3110007,사직공원(한국사회과학도서관),283,185,98,2,58,88,63,41,31,2,30,62,44,27,20,0,28,26,19,14,11
20222,A,골목상권,3110531,홍지문,141,61,80,0,16,26,24,56,19,0,13,19,13,9,7,0,3,7,11,47,12
20222,A,골목상권,3110013,체부동홍종문가옥,125,71,54,0,8,28,31,26,32,0,2,11,18,14,26,0,6,17,13,12,6
20222,D,발달상권,3120017,동묘앞역(동묘),724,205,519,0,78,151,278,136,81,0,13,47,55,37,53,0,65,104,223,99,28
20222,U,관광특구,3001494,종로·청계 관광특구,32892,17118,15774,68,5350,9954,9473,6395,1652,15,2280,4904,4583,4154,1182,53,3070,5050,4890,2241,470
20222,R,전통시장,3130007,광장시장(광장전통시장),466,310,156,0,39,77,97,129,124,0,22,41,73,77,97,0,17,36,24,52,27
20222,R,전통시장,3130018,동대문문구완구거리(동대문문구완구시장),120,70,50,0,11,18,23,38,30,0,6,10,13,22,19,0,5,8,10,16,11
20222,A,골목상권,3110010,평창동서측,5240,2651,2589,1,324,1250,2239,1231,195,0,76,342,1157,943,133,1,248,908,1082,288,62
20222,D,발달상권,3120035,퇴계로5가,2257,1368,889,7,650,570,525,321,184,3,282,379,388,200,116,4,368,191,137,121,68
20222,D,발달상권,3120038,약수역,2299,1362,937,7,436,740,580,324,212,1,189,452,383,196,141,6,247,288,197,128,71
20222,D,발달상권,3120028,명동(명동거리),12590,7582,5008,41,2103,3542,3628,2206,1070,16,1009,1955,2310,1615,677,25,1094,1587,1318,591,393
20222,D,발달상권,3120030,중부경찰서(영화인의거리),11882,6796,5086,53,2154,3638,3422,1957,658,16,721,2139,2091,1366,463,37,1433,1499,1331,591,195
20222,D,발달상권,3120029,을지로2가,7461,4461,3000,27,1938,2808,1698,798,192,7,787,1650,1165,693,159,20,1151,1158,533,105,33
20222,D,발달상권,3120025,롯데백화점(시청광장 지하쇼핑센터),22643,6274,16369,229,12750,7002,1624,945,93,71,3075,2028,780,249,71,158,9675,4974,844,696,22
20222,A,골목상권,3110051,한양공고앞 교차로,111,82,29,0,17,23,33,26,12,0,12,16,24,20,10,0,5,7,9,6,2
20222,R,전통시장,3130046,team204(팀204),20,13,7,0,1,3,4,2,10,0,0,2,3,1,7,0,1,1,1,1,3
20222,R,전통시장,3130047,테크노상가(엘리시움),158,110,48,0,10,26,33,60,29,0,5,20,20,41,24,0,5,6,13,19,5
20222,R,전통시장,3130048,동평화시장,20,11,9,0,7,8,1,4,0,0,3,4,1,3,0,0,4,4,0,1,0
20222,R,전통시장,3130055,"황학시장(서울중앙시장, 신중앙시장)",203,117,86,0,24,49,47,52,31,0,12,25,24,32,24,0,12,24,23,20,7
20222,R,전통시장,3130025,삼익패션타운(남대문시장),5494,2675,2819,69,1760,1561,1124,794,186,31,674,837,763,292,78,38,1086,724,361,502,108
20222,A,골목상권,3110075,숙대입구역 1번,1630,736,894,9,270,506,417,289,139,5,69,188,182,181,111,4,201,318,235,108,28
20222,A,골목상권,3110094,오산중학교,26,12,14,0,0,1,4,13,8,0,0,0,2,6,4,0,0,1,2,7,4
20222,A,골목상권,3110093,우사단길,2647,1632,1015,2,331,1035,757,359,163,1,106,546,562,321,96,1,225,489,195,38,67
20222,A,골목상권,3110089,서빙고동주민센터,752,503,249,1,94,230,220,107,100,0,33,136,159,88,87,1,61,94,61,19,13
20222,A,골목상권,3110064,효창공원앞역 2번,923,525,398,2,126,275,261,160,99,1,49,160,160,88,67,1,77,115,101,72,32
20222,A,골목상권,3110109,금호삼성래미안아파트,92,39,53,0,7,10,12,42,21,0,2,6,3,15,13,0,5,4,9,27,8
20222,A,골목상권,3110108,성동구립금호도서관,6,1,5,0,0,1,4,1,0,0,0,0,0,1,0,0,0,1,4,0,0
20222,A,골목상권,3110104,신금호역 4번,213,141,72,0,22,33,35,54,69,0,6,17,21,37,60,0,16,16,14,17,9
20222,A,골목상권,3110126,서울숲역 1번,27,18,9,0,0,7,2,12,6,0,0,6,0,7,5,0,0,1,2,5,1
20222,A,골목상권,3110135,성동세무서,401,208,193,0,41,84,107,78,91,0,7,43,49,38,71,0,34,41,58,40,20
20222,A,골목상권,3110115,상왕십리역 3번,945,362,583,10,392,218,156,113,56,0,76,84,93,75,34,10,316,134,63,38,22
20222,A,골목상권,3110133,서울교통공사,122,93,29,0,19,25,33,21,24,0,12,18,29,17,17,0,7,7,4,4,7
20222,R,전통시장,3130072,성동용답상가시장,132,71,61,0,21,19,35,39,18,0,9,9,16,26,11,0,12,10,19,13,7
20222,A,골목상권,3110130,답십리역 6번,105,89,16,0,20,24,38,15,8,0,17,20,35,10,7,0,3,4,3,5,1
20222,A,골목상권,3110170,동대부여고,223,128,95,1,37,51,67,45,22,0,17,21,42,32,16,1,20,30,25,13,6
20222,A,골목상권,3110172,광진초등학교,344,227,117,0,42,72,92,91,47,0,17,48,61,65,36,0,25,24,31,26,11
20222,A,골목상권,3110173,구남초등학교,195,106,89,0,34,50,46,44,21,0,16,28,21,25,16,0,18,22,25,19,5
20222,R,전통시장,3130081,자양골목전통시장(자양골목시장),54,36,18,0,7,17,14,9,7,0,5,12,9,6,4,0,2,5,5,3,3
20222,R,전통시장,3130080,자양종합시장(기능상실),14,10,4,0,0,1,6,6,1,0,0,1,4,4,1,0,0,0,2,2,0
20222,A,골목상권,3110143,뚝섬유원지역 1번,44,18,26,1,4,13,9,13,4,1,0,3,5,6,3,0,4,10,4,7,1
20222,D,발달상권,3120053,건대입구역(건대),892,505,387,5,148,146,178,204,211,2,41,65,97,137,163,3,107,81,81,67,48
20222,R,전통시장,3130075,노룬산시장(노룬산골목시장),17,12,5,0,4,5,6,0,2,0,3,3,5,0,1,0,1,2,1,0,1
20222,A,골목상권,3110165,국립정신건강센터,243,175,68,0,12,32,69,76,54,0,7,23,42,59,44,0,5,9,27,17,10
20222,R,전통시장,3130082,면곡골목시장,20,11,9,0,4,0,1,9,6,0,4,0,0,3,4,0,0,0,1,6,2
20222,R,전통시장,3130078,화양제일골목시장,52,17,35,0,6,15,19,9,3,0,1,5,8,2,1,0,5,10,11,7,2
20222,A,골목상권,3110185,용두초등학교,122,77,45,0,13,22,31,32,24,0,5,13,18,22,19,0,8,9,13,10,5
20222,D,발달상권,3120067,장안동사거리,2595,1173,1422,9,427,580,675,579,325,7,165,280,260,257,204,2,262,300,415,322,121
20222,R,전통시장,3130092,청량리농수산물시장,12,9,3,0,0,1,3,5,3,0,0,0,3,3,3,0,0,1,0,2,0
20222,A,골목상권,3110205,경희대삼거리,82,48,34,0,4,13,23,23,19,0,2,10,7,17,12,0,2,3,16,6,7
20222,A,골목상권,3110265,망우역 1번,198,91,107,1,23,43,54,57,20,0,7,18,21,32,13,1,16,25,33,25,7
20222,R,전통시장,3130110,면목골목시장(면목시장),107,64,43,0,1,9,35,38,24,0,1,6,22,19,16,0,0,3,13,19,8
20222,A,골목상권,3110263,면목역 1번,130,71,59,0,13,27,35,24,31,0,7,12,12,14,26,0,6,15,23,10,5
20222,A,골목상권,3110272,신내1동주민센터,477,319,158,0,45,69,93,152,118,0,15,35,60,103,106,0,30,34,33,49,12
20222,R,전통시장,3130113,신아타운,148,27,121,1,31,31,28,39,18,1,4,9,3,4,6,0,27,22,25,35,12
20222,A,골목상권,3110307,길음역 7번,119,62,57,0,17,25,41,19,17,0,7,17,18,10,10,0,10,8,23,9,7
20222,A,골목상권,3110310,길음역 10번,45,14,31,0,12,8,5,15,5,0,4,1,2,4,3,0,8,7,3,11,2
20222,A,골목상권,3110288,동구여중,216,139,77,1,19,49,52,55,40,0,9,22,35,40,33,1,10,27,17,15,7
20222,A,골목상권,3110313,안암역 3번,2069,1344,725,2,208,552,670,474,163,0,95,310,444,355,140,2,113,242,226,119,23
20222,A,골목상권,3110326,장위동성당,84,40,44,0,2,9,16,13,44,0,1,2,6,5,26,0,1,7,10,8,18
20222,R,전통시장,3130117,정릉시장,121,63,58,0,4,15,34,43,25,0,2,8,20,19,14,0,2,7,14,24,11
20222,A,골목상권,3110282,국민대학교앞,980,789,191,13,185,388,206,75,113,12,134,349,179,57,58,1,51,39,27,18,55
20222,R,전통시장,3130118,정릉골 골목형상점가,67,30,37,0,11,13,11,19,13,0,0,2,6,12,10,0,11,11,5,7,3
20222,R,전통시장,3130141,강북북부골목시장,36,19,17,0,12,4,11,6,3,0,3,2,6,6,2,0,9,2,5,0,1
20222,A,골목상권,3110380,강북문화정보도서관,48,15,33,0,12,10,12,10,4,0,0,3,5,4,3,0,12,7,7,6,1
20222,D,발달상권,3120078,미아사거리역,143,89,54,0,27,28,29,30,29,0,12,16,21,18,22,0,15,12,8,12,7
20222,A,골목상권,3110370,도봉세무서,367,255,112,0,17,61,76,105,108,0,11,31,42,80,91,0,6,30,34,25,17
20222,A,골목상권,3110358,인수동 우편취급국,549,295,254,0,18,34,67,210,220,0,2,18,23,91,161,0,16,16,44,119,59
20222,A,골목상권,3110359,수유시장옆,126,72,54,0,12,26,34,40,14,0,3,12,17,32,8,0,9,14,17,8,6
20222,A,골목상권,3110366,광산사거리,91,64,27,0,17,20,17,22,15,0,13,13,11,16,11,0,4,7,6,6,4
20222,A,골목상권,3110391,샘말어린이공원,219,118,101,0,22,44,64,45,44,0,12,26,37,23,20,0,10,18,27,22,24
20222,A,골목상권,3110386,연산군묘,124,114,10,0,4,3,10,44,63,0,1,3,7,40,63,0,3,0,3,4,0
20222,A,골목상권,3110385,효문고등학교,37,22,15,0,3,9,12,4,9,0,2,5,3,4,8,0,1,4,9,0,1
20222,R,전통시장,3130144,백운시장,21,14,7,0,0,1,7,8,5,0,0,0,5,4,5,0,0,1,2,4,0
20222,A,골목상권,3110396,쌍문역1번(쌍리단길),259,94,165,2,41,49,52,76,39,0,13,15,22,29,15,2,28,34,30,47,24
20222,A,골목상권,3110404,신창초등학교,515,298,217,1,42,93,163,136,80,0,11,56,109,76,46,1,31,37,54,60,34
20222,A,골목상권,3110429,공릉동 국수거리,2074,916,1158,3,224,284,511,689,363,1,91,167,248,234,175,2,133,117,263,455,188
20222,A,골목상권,3110438,경춘선숲길 우측,230,110,120,0,26,54,83,52,15,0,12,21,38,30,9,0,14,33,45,22,6
20222,D,발달상권,3120085,은행사거리,317,121,196,4,51,48,80,78,56,3,11,14,21,40,32,1,40,34,59,38,24
20222,A,골목상권,3110458,선일여고,385,200,185,0,32,79,94,119,61,0,19,46,47,52,36,0,13,33,47,67,25
20222,A,골목상권,3110460,구산역 4번,969,582,387,0,57,184,248,234,246,0,18,124,133,121,186,0,39,60,115,113,60
20222,R,전통시장,3130164,역촌중앙시장,9,3,6,0,0,1,2,2,4,0,0,0,1,1,1,0,0,1,1,1,3
20222,A,골목상권,3110450,시립서북병원,774,421,353,3,138,166,179,154,134,2,80,103,96,70,70,1,58,63,83,84,64
20222,A,골목상권,3110456,구산보건지소,967,544,423,3,284,226,177,147,130,1,123,112,94,97,117,2,161,114,83,50,13
20222,A,골목상권,3110486,은평구청,491,279,212,0,81,100,108,134,68,0,54,70,53,61,41,0,27,30,55,73,27
20222,A,골목상권,3110484,역촌역 3번,499,193,306,6,64,131,129,103,66,5,34,45,41,32,36,1,30,86,88,71,30
20222,D,발달상권,3120092,불광역,274,147,127,0,33,51,83,52,55,0,12,29,44,21,41,0,21,22,39,31,14
20222,A,골목상권,3110472,연신내역 4번,335,156,179,2,52,77,79,68,57,1,16,43,30,37,29,1,36,34,49,31,28
20222,R,전통시장,3130168,연서시장,234,155,79,0,19,50,51,64,50,0,5,23,33,49,45,0,14,27,18,15,5
20222,A,골목상권,3110445,덕산중학교,71,53,18,0,18,15,16,8,14,0,10,9,13,7,14,0,8,6,3,1,0
20222,A,골목상권,3110446,내를건너서숲으로도서관,163,124,39,0,6,14,51,45,47,0,5,9,33,35,42,0,1,5,18,10,5
20222,A,골목상권,3110461,새절역 2번,39,21,18,0,2,8,11,10,8,0,2,2,6,6,5,0,0,6,5,4,3
20222,A,골목상권,3110451,증산역 4번,1267,962,305,2,150,378,365,291,81,2,75,289,305,230,61,0,75,89,60,61,20
20222,A,골목상권,3110502,남가좌파출소,290,147,143,0,29,34,73,92,62,0,14,16,35,47,35,0,15,18,38,45,27
20222,A,골목상권,3110520,경의중앙 신촌역,105,57,48,0,31,22,32,12,8,0,10,15,16,10,6,0,21,7,16,2,2
20222,A,골목상권,3110526,봉원사,211,111,100,1,17,38,50,49,56,1,7,21,24,26,32,0,10,17,26,23,24
20222,A,골목상권,3110511,연희초등학교,3646,3286,360,2,420,731,640,1505,348,1,355,646,532,1425,327,1,65,85,108,80,21
20222,D,발달상권,3120093,연희동,661,351,310,2,60,125,170,195,109,0,27,62,91,103,68,2,33,63,79,92,41
20222,A,골목상권,3110504,명지전문대,170,46,124,1,21,19,35,41,53,0,5,4,10,13,14,1,16,15,25,28,39
20222,D,발달상권,3120095,홍제역,931,525,406,1,73,108,267,363,119,0,16,56,142,223,88,1,57,52,125,140,31
20222,A,골목상권,3110587,공덕동주민센터,264,135,129,1,43,53,75,55,37,1,16,31,47,23,17,0,27,22,28,32,20
20222,A,골목상권,3110578,대흥역 2번,2091,1413,678,2,213,337,391,638,510,1,80,225,309,452,346,1,133,112,82,186,164
20222,A,골목상권,3110574,서강대학교,173,123,50,0,35,41,49,38,10,0,17,30,41,30,5,0,18,11,8,8,5
20222,A,골목상권,3110582,이대역 5번,56,17,39,0,6,11,16,13,10,0,0,4,4,4,5,0,6,7,12,9,5
20222,D,발달상권,3120106,마포역,11485,7110,4375,12,1812,2735,2685,2311,1930,8,917,1662,1891,1437,1195,4,895,1073,794,874,735
20222,A,골목상권,3110544,망리단길,1203,718,485,1,179,248,331,253,191,1,107,153,171,147,139,0,72,95,160,106,52
20222,D,발달상권,3120103,홍대입구역(홍대),9580,5991,3589,87,2167,2434,2066,1613,1213,61,1145,1486,1404,988,907,26,1022,948,662,625,306
20222,A,골목상권,3110566,경의선책거리,1690,934,756,2,359,547,406,290,86,1,137,328,252,157,59,1,222,219,154,133,27
20222,R,전통시장,3130187,영진시장,29,14,15,0,4,5,11,7,2,0,2,2,6,2,2,0,2,3,5,5,0
20222,A,골목상권,3110557,홍대부속여중고앞,760,465,295,1,100,188,196,149,126,1,37,110,137,95,85,0,63,78,59,54,41
20222,A,골목상권,3110548,마포구청역 4번,795,475,320,5,130,185,210,136,129,3,57,95,122,89,109,2,73,90,88,47,20
20222,A,골목상권,3110543,중암중학교,38,25,13,0,6,8,14,7,3,0,3,5,8,6,3,0,3,3,6,1,0
20222,A,골목상권,3110585,마포경찰서,918,790,128,0,192,360,176,181,9,0,150,313,153,166,8,0,42,47,23,15,1
20222,D,발달상권,3120112,등촌역,1633,1138,495,10,223,388,373,358,281,6,100,270,265,265,232,4,123,118,108,93,49
20222,A,골목상권,3110618,강서고등학교,193,135,58,0,19,38,52,52,32,0,10,29,36,34,26,0,9,9,16,18,6
20222,A,골목상권,3110599,신월1파출소,378,268,110,3,50,89,94,93,49,2,34,68,63,65,36,1,16,21,31,28,13
20222,A,골목상권,3110596,서서울호수공원,417,272,145,2,48,90,107,113,57,0,28,56,74,71,43,2,20,34,33,42,14
20222,R,전통시장,3130200,"신월7동 골목시장(약수시장, 우성상가)",27,18,9,0,0,3,9,6,9,0,0,0,7,4,7,0,0,3,2,2,2
20222,A,골목상권,3110623,갈산공원,130,99,31,0,27,34,27,31,11,0,23,27,21,21,7,0,4,7,6,10,4
20222,R,전통시장,3130218,신월중앙시장,118,53,65,0,28,34,26,13,17,0,8,12,11,9,13,0,20,22,15,4,4
20222,A,골목상권,3110632,방화역 3번,1075,887,188,2,42,127,400,334,170,1,21,90,353,281,141,1,21,37,47,53,29
20222,A,골목상권,3110651,화원중학교,377,214,163,2,29,50,102,105,89,1,19,31,68,52,43,1,10,19,34,53,46
20222,A,골목상권,3110659,화곡역 4번,844,496,348,11,102,181,234,180,136,9,52,114,140,105,76,2,50,67,94,75,60
20222,A,골목상권,3110696,오류동역 1번,2424,1658,766,32,831,942,326,216,77,16,483,735,235,131,58,16,348,207,91,85,19
20222,A,골목상권,3110697,개봉3동주민센터,230,142,88,1,55,64,49,41,20,1,27,41,31,29,13,0,28,23,18,12,7
20222,A,골목상권,3110698,개웅초등학교(개웅중학교),276,176,100,3,50,50,53,63,57,3,25,32,31,39,46,0,25,18,22,24,11
20222,A,골목상권,3110722,G타워,837,574,263,4,152,296,249,99,37,4,95,205,191,55,24,0,57,91,58,44,13
20222,A,골목상권,3110682,온수역 8번,25,11,14,0,2,4,13,5,1,0,2,2,6,1,0,0,0,2,7,4,1
20222,A,골목상권,3110684,서울공연예술고등학교,251,136,115,2,50,78,61,36,24,0,19,54,34,19,10,2,31,24,27,17,14
20222,A,골목상권,3110688,오류지구대,169,59,110,1,18,18,40,59,33,0,7,10,15,19,8,1,11,8,25,40,25
20222,A,골목상권,3110730,서울축산농협 독산역지점(독산파출소),660,376,284,1,80,105,117,201,156,1,30,58,54,113,120,0,50,47,63,88,36
20222,A,골목상권,3110728,두산초등학교,4560,2778,1782,8,88,138,245,530,3551,8,64,86,123,279,2218,0,24,52,122,251,1333
20222,A,골목상권,3110752,한울중학교,269,117,152,2,25,46,81,79,36,2,13,16,34,33,19,0,12,30,47,46,17
20222,R,전통시장,3130234,푸른터시장(기능상실),7,3,4,0,1,1,0,3,2,0,0,1,0,1,1,0,1,0,0,2,1
20222,R,전통시장,3130235,대명여울빛거리시장(대명시장),298,80,218,0,39,52,77,82,48,0,11,14,25,19,11,0,28,38,52,63,37
20222,A,골목상권,3110743,시흥초등학교(시흥1동우체국),191,130,61,0,18,31,48,50,44,0,10,20,32,37,31,0,8,11,16,13,13
20222,A,골목상권,3110731,금천구청역 1번 출입구,1044,564,480,7,306,385,206,96,44,2,149,230,102,55,26,5,157,155,104,41,18
20222,A,골목상권,3110753,시흥동 은행나무사거리,617,387,230,0,69,100,149,166,133,0,28,68,90,96,105,0,41,32,59,70,28
20222,A,골목상권,3110764,문래역 3번,541,223,318,0,93,127,159,102,60,0,27,39,54,54,49,0,66,88,105,48,11
20222,A,골목상권,3110779,대림갑을명가아파트,33,24,9,0,2,5,13,7,6,0,1,4,10,4,5,0,1,1,3,3,1
20222,R,전통시장,3130242,대림중앙 골목형상점가,66,20,46,0,3,17,17,24,5,0,1,6,5,5,3,0,2,11,12,19,2
20222,A,골목상권,3110765,문래동사거리,889,619,270,2,80,133,209,175,290,1,38,78,140,126,236,1,42,55,69,49,54
20222,A,골목상권,3110810,영신초등학교,403,183,220,0,58,147,59,78,61,0,24,67,27,43,22,0,34,80,32,35,39
20222,A,골목상권,3110813,보라매역 6번,286,167,119,3,22,37,50,74,100,3,15,21,24,39,65,0,7,16,26,35,35
20222,D,발달상권,3120135,양평역,5072,3013,2059,32,1300,1280,1187,776,497,11,626,825,676,441,434,21,674,455,511,335,63
20222,D,발달상권,3120146,한강성심병원,5066,2882,2184,18,1252,1255,1097,821,623,8,405,669,729,584,487,10,847,586,368,237,136
20222,R,전통시장,3130253,영신상가(제일상가),9,7,2,0,2,3,0,2,2,0,2,3,0,1,1,0,0,0,0,1,1
20222,R,전통시장,3130249,동남상가,10,8,2,0,2,0,0,4,4,0,1,0,0,4,3,0,1,0,0,0,1
20222,A,골목상권,3110782,영등포시장역 4번,127,87,40,1,13,24,48,27,14,1,5,16,36,17,12,0,8,8,12,10,2
20222,A,골목상권,3110809,장훈고등학교,112,61,51,0,7,15,30,23,37,0,3,5,11,17,25,0,4,10,19,6,12
20222,A,골목상권,3110834,동작구자원봉사센터,41,25,16,0,3,5,8,11,14,0,2,2,8,6,7,0,1,3,0,5,7
20222,A,골목상권,3110828,노량진역 6번,3010,2066,944,9,471,1047,854,467,162,3,252,711,639,357,104,6,219,336,215,110,58
20222,A,골목상권,3110824,대방역 3번,296,102,194,1,48,91,92,42,22,0,11,26,29,23,13,1,37,65,63,19,9
20222,A,골목상권,3110852,이수역 9번,198,121,77,0,26,35,54,38,45,0,12,20,30,23,36,0,14,15,24,15,9
20222,A,골목상권,3110851,경문고등학교(동작동성당),493,236,257,0,79,137,141,105,31,0,32,53,66,67,18,0,47,84,75,38,13
20222,A,골목상권,3110831,상도4동주민센터,72,40,32,0,3,13,14,29,13,0,3,6,6,18,7,0,0,7,8,11,6
20222,A,골목상권,3110827,NH농협은행 상도동지점,262,93,169,0,39,51,73,65,34,0,11,18,20,28,16,0,28,33,53,37,18
20222,A,골목상권,3110841,중대부중,75,34,41,0,7,12,14,23,19,0,4,7,5,10,8,0,3,5,9,13,11
20222,A,골목상권,3110900,낙성대역 1번(관악구민 종합체육센터),444,246,198,1,94,123,115,88,23,1,48,64,62,53,18,0,46,59,53,35,5
20222,D,발달상권,3120159,서울대입구역,1430,763,667,12,289,320,321,238,250,6,116,164,174,133,170,6,173,156,147,105,80
20222,A,골목상권,3110866,난우중학교,184,101,83,0,23,36,41,65,19,0,14,20,19,32,16,0,9,16,22,33,3
20222,D,발달상권,3120158,녹두거리(대학동),695,550,145,2,31,73,200,279,110,0,7,41,163,241,98,2,24,32,37,38,12
20222,A,골목상권,3110857,미성동주민센터,431,229,202,9,60,64,70,108,120,9,34,48,41,46,51,0,26,16,29,62,69
20222,R,전통시장,3130278,미성동 도깨비시장 골목형상점가,75,16,59,0,0,16,28,24,7,0,0,7,5,2,2,0,0,9,23,22,5
20222,A,골목상권,3110875,보라매동주민센터(당곡고등학교),19,15,4,0,4,2,5,6,2,0,2,2,3,6,2,0,2,0,2,0,0
20222,A,골목상권,3110873,당곡중학교,348,167,181,0,70,79,87,76,36,0,29,39,39,37,23,0,41,40,48,39,13
20222,R,전통시장,3130285,서원동상점가,615,316,299,4,28,56,85,160,282,1,17,38,45,60,155,3,11,18,40,100,127
20222,A,골목상권,3110891,구암초등학교,47,22,25,0,5,1,22,16,3,0,1,0,11,8,2,0,4,1,11,8,1
20222,R,전통시장,3130280,신림종합시장,22,17,5,0,0,1,2,7,12,0,0,0,0,5,12,0,0,1,2,2,0
20222,R,전통시장,3130279,관악신사시장,2159,1727,432,0,365,671,738,355,30,0,172,530,669,333,23,0,193,141,69,22,7
20222,R,전통시장,3130295,인헌시장(원당종합시장),122,48,74,0,20,27,38,23,14,0,3,9,16,12,8,0,17,18,22,11,6
20222,A,골목상권,3110892,관악구 중앙길,709,341,368,0,69,110,159,221,150,0,25,55,76,105,80,0,44,55,83,116,70
20222,A,골목상권,3110899,낙성대역 5번(관악중학교),681,442,239,0,167,178,164,123,49,0,107,130,95,71,39,0,60,48,69,52,10
20222,A,골목상권,3110944,서울나래학교(염곡어린이공원),933,632,301,10,116,213,161,196,237,8,88,169,114,118,135,2,28,44,47,78,102
20222,A,골목상권,3110905,방배노인종합복지관(이수중학교),287,176,111,1,36,71,71,63,45,0,18,38,45,41,34,1,18,33,26,22,11
20222,A,골목상권,3110920,방배역 2번(백석예술대학교),359,205,154,0,23,53,125,118,40,0,5,29,65,75,31,0,18,24,60,43,9
20222,A,골목상권,3110910,내방역 5번,614,240,374,5,72,124,157,176,80,3,30,69,52,49,37,2,42,55,105,127,43
20222,A,골목상권,3110906,서문여고,683,362,321,2,217,106,119,106,133,0,59,58,72,62,111,2,158,48,47,44,22
20222,D,발달상권,3120161,방배동가구거리(사당동가구거리),2517,1833,684,3,187,342,315,347,1323,2,78,178,165,202,1208,1,109,164,150,145,115
20222,R,전통시장,3130296,남부종합시장,85,63,22,0,2,8,25,35,15,0,1,8,16,24,14,0,1,0,9,11,1
20222,D,발달상권,3120175,남부터미널역,8254,5320,2934,32,1703,2482,1996,1297,744,6,856,1692,1362,856,548,26,847,790,634,441,196
20222,A,골목상권,3110932,서울시인재개발원,532,384,148,2,128,170,127,64,41,2,76,116,100,54,36,0,52,54,27,10,5
20222,A,골목상권,3110930,서초동성당,2178,1774,404,8,284,588,694,433,171,2,190,448,591,393,150,6,94,140,103,40,21
20222,A,골목상권,3110931,삼성전자서울R&D(서울우면초등학교),94,47,47,0,36,30,16,6,6,0,11,15,10,6,5,0,25,15,6,0,1
20222,A,골목상권,3110938,바우뫼공원,1522,927,595,0,253,457,423,297,92,0,147,314,251,143,72,0,106,143,172,154,20
20222,A,골목상권,3110942,염곡동 구룡사(포이동성당),3242,1952,1290,7,578,932,791,613,321,3,328,587,461,351,222,4,250,345,330,262,99
20222,A,골목상권,3110943,법제교육센터(버들어린이공원),1122,578,544,1,67,165,357,323,209,1,36,99,151,140,151,0,31,66,206,183,58
20222,A,골목상권,3110994,개포고등학교,494,382,112,7,65,161,123,110,28,4,47,134,103,73,21,3,18,27,20,37,7
20222,R,전통시장,3130305,논현종합시장,85,43,42,0,21,14,14,19,17,0,7,7,6,14,9,0,14,7,8,5,8
20222,D,발달상권,3120193,도산공원교차로,6384,3798,2586,15,1278,1918,1493,983,697,6,466,1071,1021,696,538,9,812,847,472,287,159
20222,D,발달상권,3120220,대치역,5716,3394,2322,26,1854,2307,1022,333,174,2,774,1495,752,234,137,24,1080,812,270,99,37
20222,D,발달상권,3120210,선릉역,48780,26797,21983,117,11358,13636,11065,7952,4652,54,5356,8026,6479,4158,2724,63,6002,5610,4586,3794,1928
20222,D,발달상권,3120221,봉은사역,17557,12129,5428,22,3154,5248,3562,2734,2837,8,2167,4087,2812,1669,1386,14,987,1161,750,1065,1451
20222,A,골목상권,3110988,청담역 3번,1594,1016,578,1,243,425,364,346,215,1,82,247,247,262,177,0,161,178,117,84,38
20222,R,전통시장,3130304,신사상가,24,13,11,0,3,4,6,7,4,0,1,1,3,5,3,0,2,3,3,2,1
20222,D,발달상권,3120197,역삼역,58731,38593,20138,93,10093,18065,15897,10840,3743,43,5229,11924,11872,7083,2442,50,4864,6141,4025,3757,1301
20222,D,발달상권,3120237,경찰병원역,9922,5579,4343,59,1236,1684,1762,1665,3516,25,543,1068,1140,766,2037,34,693,616,622,899,1479
20222,A,골목상권,3111045,개미어린이공원,36,18,18,0,2,7,12,12,3,0,1,1,7,7,2,0,1,6,5,5,1
20222,A,골목상권,3111047,마천1치안센터,111,73,38,0,9,17,34,34,17,0,6,14,19,22,12,0,3,3,15,12,5
20222,A,골목상권,3111043,마천공원,32,13,19,0,1,3,7,12,9,0,0,0,1,6,6,0,1,3,6,6,3
20222,D,발달상권,3120238,방이역,430,260,170,5,53,101,116,79,76,4,25,48,61,57,65,1,28,53,55,22,11
20222,D,발달상권,3120226,석촌고분역,2344,1748,596,6,272,329,431,334,972,5,128,199,262,228,926,1,144,130,169,106,46
20222,A,골목상권,3111012,석촌역 6번,732,332,400,2,91,127,180,183,149,2,23,56,83,93,75,0,68,71,97,90,74
20222,D,발달상권,3120228,석촌역(석촌호수),4494,2725,1769,7,707,1306,1038,695,741,1,288,851,680,410,495,6,419,455,358,285,246
20222,A,골목상권,3111035,오금공원(오주중학교),531,398,133,0,41,90,148,148,104,0,32,66,121,102,77,0,9,24,27,46,27
20222,A,골목상권,3111028,문현중학교(장지역 1번),424,194,230,0,54,66,132,116,56,0,29,36,49,50,30,0,25,30,83,66,26
20222,A,골목상권,3111087,고덕중학교(고덕2동주민센터),197,89,108,0,26,46,62,36,27,0,5,21,26,17,20,0,21,25,36,19,7
20222,D,발달상권,3120246,길동역,3415,1545,1870,14,385,562,837,913,704,8,169,318,417,302,331,6,216,244,420,611,373
20222,A,골목상권,3111083,GS강동자이아파트,411,245,166,0,67,62,70,100,112,0,47,43,41,44,70,0,20,19,29,56,42
20222,R,전통시장,3130325,명일전통시장,89,30,59,0,8,10,13,28,30,0,3,6,5,8,8,0,5,4,8,20,22
20222,A,골목상권,3111074,명일역 1번,147,77,70,2,31,38,40,16,20,1,9,23,23,10,11,1,22,15,17,6,9
20222,A,골목상권,3111053,성내천어린이공원(하니사랑길),6288,4564,1724,6,799,940,1025,1564,1954,3,542,693,750,1053,1523,3,257,247,275,511,431
20222,A,골목상권,3111061,암사역 1번,831,551,280,0,149,186,182,170,144,0,82,128,126,125,90,0,67,58,56,45,54
20222,R,전통시장,3130318,로데오거리상점가,266,132,134,0,31,43,49,55,88,0,9,12,19,26,66,0,22,31,30,29,22
20222,A,골목상권,3111056,천호태영아파트,191,53,138,0,27,35,64,36,29,0,4,5,19,15,10,0,23,30,45,21,19
20222,A,골목상권,3110036,동묘앞역 3번,52,34,18,0,3,6,16,12,15,0,1,3,9,11,10,0,2,3,7,1,5
20222,A,골목상권,3110028,이화달팽이길,704,279,425,1,177,179,137,123,87,0,56,60,56,65,42,1,121,119,81,58,45
20222,D,발달상권,3120010,원남동사거리,4095,2287,1808,50,1544,1304,651,377,169,2,585,792,484,292,132,48,959,512,167,85,37
20222,R,전통시장,3130017,동대문상가C동,12,9,3,0,1,4,4,2,1,0,1,4,3,0,1,0,0,0,1,2,0
20222,D,발달상권,3120016,동대문역,182,115,67,1,10,24,42,40,65,0,6,12,20,28,49,1,4,12,22,12,16
20222,A,골목상권,3110034,창신1동주민센터,41,35,6,0,2,1,14,13,11,0,2,1,10,11,11,0,0,0,4,2,0
20222,A,골목상권,3110014,경복고등학교,194,82,112,0,28,54,40,44,28,0,4,14,21,24,19,0,24,40,19,20,9
20222,A,골목상권,3110001,이북5도청사,1048,625,423,4,130,286,237,257,134,0,48,170,160,167,80,4,82,116,77,90,54
20222,A,골목상권,3110286,한성대입구역 5번,986,472,514,17,187,285,318,122,57,8,70,127,144,83,40,9,117,158,174,39,17
20222,R,전통시장,3130036,중부시장(신중부시장),3089,921,2168,8,1868,593,250,198,172,3,316,189,171,120,122,5,1552,404,79,78,50
20222,D,발달상권,3120033,을지로4가역,867,437,430,7,127,212,194,201,126,1,44,107,99,89,97,6,83,105,95,112,29
20222,U,관광특구,3001492,명동 남대문 북창동 다동 무교동 관광특구,104830,53674,51156,423,27134,34007,23384,15726,4156,137,8860,16080,15133,10824,2640,286,18274,17927,8251,4902,1516
20222,D,발달상권,3120023,서울시청,10242,5534,4708,15,2234,3260,2778,1425,530,4,852,1657,1658,983,380,11,1382,1603,1120,442,150
20222,R,전통시장,3130031,청계천공구상가,921,698,223,2,101,281,234,159,144,1,64,230,181,104,118,1,37,51,53,55,26
20222,D,발달상권,3120021,시청역_8번,23737,14953,8784,73,4071,8120,7087,3484,902,13,1699,4433,5165,2993,650,60,2372,3687,1922,491,252
20222,A,골목상권,3110053,청구역 1번,281,166,115,0,52,69,69,54,37,0,23,45,43,27,28,0,29,24,26,27,9
20222,R,전통시장,3130049,신당 미래유산 먹거리 골목형상점가,42,19,23,0,3,5,9,13,12,0,1,3,0,7,8,0,2,2,9,6,4
20222,D,발달상권,3120043,서울역,22578,15322,7256,58,4087,7782,5513,3664,1474,27,2087,4897,4201,3033,1077,31,2000,2885,1312,631,397
20222,A,골목상권,3110040,중구회현체육센터(정화예술대남산캠퍼스),165,78,87,0,33,30,40,37,25,0,14,15,17,13,19,0,19,15,23,24,6
20222,D,발달상권,3120024,회현역,2167,1364,803,2,341,795,582,250,197,1,146,473,416,192,136,1,195,322,166,58,61
20222,A,골목상권,3110039,회현역 1번,49,26,23,0,2,8,12,14,13,0,0,4,9,8,5,0,2,4,3,6,8
20222,R,전통시장,3130024,남대문시장(자유상가),732,426,306,2,54,129,172,177,198,1,15,75,95,108,132,1,39,54,77,69,66
20222,R,전통시장,3130022,숭례문수입상가(남대문시장),1907,850,1057,0,330,855,598,113,11,0,55,378,338,70,9,0,275,477,260,43,2
20222,D,발달상권,3120045,남영동 먹자골목,4044,1580,2464,7,424,908,1421,1162,122,1,257,576,502,205,39,6,167,332,919,957,83
20222,R,전통시장,3130060,신흥시장,4,1,3,0,0,2,0,2,0,0,0,1,0,0,0,0,0,1,0,2,0
20222,A,골목상권,3110072,열정도,374,244,130,6,108,96,78,51,35,0,51,71,62,37,23,6,57,25,16,14,12
20222,A,골목상권,3110059,새남터성지,385,307,78,0,38,71,113,138,25,0,21,48,99,124,15,0,17,23,14,14,10
20202,U,관광특구,3001491,이태원 관광특구,5839,3064,2775,28,1377,2065,1290,768,311,18,514,986,777,541,228,10,863,1079,513,227,83
20222,A,골목상권,3110069,숙대입구,825,291,534,3,200,296,163,87,76,3,34,92,77,40,45,0,166,204,86,47,31
20222,A,골목상권,3110095,한강진역 3번,1186,801,385,16,160,326,321,298,65,8,61,235,227,226,44,8,99,91,94,72,21
20222,A,골목상권,3110097,한남초등학교,7,4,3,0,2,3,2,0,0,0,0,2,2,0,0,0,2,1,0,0,0
20222,A,골목상권,3110077,삼광초등학교,385,317,68,0,37,86,148,98,16,0,21,66,130,88,12,0,16,20,18,10,4
20222,A,골목상권,3110103,옥수터널,13,11,2,1,0,2,2,6,2,0,0,2,2,5,2,1,0,0,0,1,0
20222,R,전통시장,3130073,뚝도시장,45,17,28,1,3,10,9,11,11,0,0,2,4,5,6,1,3,8,5,6,5
20222,A,골목상권,3110137,성수초등학교,6605,4295,2310,31,1016,1740,1836,1344,638,22,557,1152,1250,828,486,9,459,588,586,516,152
20222,A,골목상권,3110138,송정체육공원,160,79,81,0,15,27,53,41,24,0,4,12,21,23,19,0,11,15,32,18,5
20222,D,발달상권,3120057,아차산역,2218,1220,998,52,412,432,503,468,351,19,236,257,289,206,213,33,176,175,214,262,138
20222,A,골목상권,3110177,동의초등학교,112,81,31,0,6,25,28,32,21,0,3,14,19,26,19,0,3,11,9,6,2
20222,A,골목상권,3110175,푸른동산공원,367,233,134,0,41,73,108,86,59,0,24,48,69,53,39,0,17,25,39,33,20
20222,A,골목상권,3110146,신자초등학교,742,537,205,0,50,81,212,276,123,0,25,45,160,209,98,0,25,36,52,67,25
20222,A,골목상권,3110150,중곡1동 마을마당,1179,698,481,1,197,352,252,217,160,1,83,194,161,132,127,0,114,158,91,85,33
20222,A,골목상권,3110195,동대문구청,221,115,106,0,41,58,47,40,35,0,12,28,23,27,25,0,29,30,24,13,10
20222,A,골목상권,3110189,제기동역 1번,1538,1086,452,1,233,490,342,167,305,0,98,349,286,136,217,1,135,141,56,31,88
20222,A,골목상권,3110214,경희대후문,86,42,44,0,18,17,24,17,10,0,6,6,13,10,7,0,12,11,11,7,3
20222,A,골목상권,3110224,외대앞역 2번,96,41,55,0,9,14,16,29,28,0,2,4,9,18,8,0,7,10,7,11,20
20222,A,골목상권,3110232,동대부고,579,413,166,0,41,71,119,175,173,0,14,38,80,134,147,0,27,33,39,41,26
20222,A,골목상권,3110201,전농119안전센터,27,11,16,0,2,1,9,10,5,0,1,0,3,4,3,0,1,1,6,6,2
20222,R,전통시장,3130099,전농로터리시장,7,3,4,0,1,0,2,3,1,0,0,0,1,1,1,0,1,0,1,2,0
20222,R,전통시장,3130090,청량리종합시장,19,13,6,0,1,4,3,5,6,0,1,2,3,3,4,0,0,2,0,2,2
20222,R,전통시장,3130093,동서시장,5,3,2,0,0,0,1,2,2,0,0,0,1,0,2,0,0,0,0,2,0
20222,A,골목상권,3110190,고대앞사거리,195,92,103,0,22,34,34,45,60,0,4,18,22,19,29,0,18,16,12,26,31
20222,A,골목상권,3110196,홍릉근린공원,23,12,11,0,1,6,8,5,3,0,1,4,3,2,2,0,0,2,5,3,1
20222,D,발달상권,3120065,회기역,323,205,118,3,48,55,87,76,54,1,27,39,48,49,41,2,21,16,39,27,13
20222,A,골목상권,3110215,회기역 1번,28,18,10,0,3,4,9,7,5,0,3,2,6,3,4,0,0,2,3,4,1
20222,A,골목상권,3110222,회기역 2번,20,17,3,0,0,3,2,6,9,0,0,2,2,4,9,0,0,1,0,2,0
20222,A,골목상권,3110273,장스여성병원,610,446,164,7,31,37,75,209,251,0,4,8,37,168,229,7,27,29,38,41,22
20222,A,골목상권,3110260,면목역 3번,126,74,52,0,24,21,24,29,28,0,14,8,12,20,20,0,10,13,12,9,8
20222,R,전통시장,3130105,장미제일시장(중화동제일시장),63,27,36,0,8,14,22,11,8,0,3,6,14,3,1,0,5,8,8,8,7
20222,A,골목상권,3110257,상봉역 7번,397,330,67,0,17,18,50,133,179,0,6,11,34,118,161,0,11,7,16,15,18
20222,A,골목상권,3110238,배꽃어린이공원,66,48,18,0,6,7,15,23,15,0,4,5,9,15,15,0,2,2,6,8,0
20222,A,골목상권,3110303,성신여대입구역 1번,139,98,41,1,7,35,44,27,25,0,2,22,28,25,21,1,5,13,16,2,4
20222,A,골목상권,3110305,보문역 5번,883,661,222,3,165,255,173,133,154,1,99,199,129,103,130,2,66,56,44,30,24
20222,D,발달상권,3120070,한성대입구역,466,180,286,2,83,69,78,113,121,2,21,31,37,38,51,0,62,38,41,75,70
20222,A,골목상권,3110331,돌곶이역 8번,441,297,144,3,54,146,113,78,47,0,17,105,83,55,37,3,37,41,30,23,10
20222,A,골목상권,3110334,석관중앙교회,170,105,65,0,21,43,31,41,34,0,8,19,19,29,30,0,13,24,12,12,4
20222,A,골목상권,3110293,삼선중학교,1730,860,870,4,248,467,527,319,165,3,116,277,268,111,85,1,132,190,259,208,80
20222,A,골목상권,3110283,성북초등학교앞,203,78,125,0,16,33,56,80,18,0,8,10,23,27,10,0,8,23,33,53,8
20222,R,전통시장,3130173,백련시장,5,3,2,0,0,1,0,2,2,0,0,1,0,0,2,0,0,0,0,2,0
20222,A,골목상권,3110285,홍대부중,814,559,255,9,219,220,210,100,56,6,118,172,163,69,31,3,101,48,47,31,25
20222,A,골목상권,3110312,안암역 2번,150,81,69,0,13,19,47,46,25,0,7,14,24,22,14,0,6,5,23,24,11
20222,A,골목상권,3110316,숭곡초등학교,439,217,222,2,68,114,129,88,38,2,19,58,73,42,23,0,49,56,56,46,15
20222,A,골목상권,3110322,장위1동주민센터,319,224,95,1,33,37,59,95,94,0,25,31,44,66,58,1,8,6,15,29,36
20222,A,골목상권,3110294,서경대학교,391,262,129,0,35,30,93,120,113,0,18,14,46,87,97,0,17,16,47,33,16
20222,A,골목상권,3110319,종암동주민센터,454,111,343,1,46,51,89,146,121,0,8,19,24,32,28,1,38,32,65,114,93
20222,A,골목상권,3110364,미아역 8번,146,75,71,0,9,26,51,39,21,0,3,9,25,23,15,0,6,17,26,16,6
20222,A,골목상권,3110381,번동주공2단지,171,88,83,5,31,28,38,55,14,4,11,14,21,30,8,1,20,14,17,25,6
20222,R,전통시장,3130131,동북프라자,121,49,72,0,9,23,37,29,23,0,4,8,17,9,11,0,5,15,20,20,12
20222,A,골목상권,3110374,송중초등학교,491,272,219,5,33,60,145,140,108,5,9,29,73,70,86,0,24,31,72,70,22
20222,A,골목상권,3110371,삼양입구사거리,49,23,26,0,2,7,10,19,11,0,0,3,5,10,5,0,2,4,5,9,6
20222,A,골목상권,3110363,송천동주민센터,19,12,7,0,0,4,3,7,5,0,0,3,1,4,4,0,0,1,2,3,1
20222,A,골목상권,3110361,삼양사거리역 1번,101,29,72,0,9,12,19,28,33,0,2,4,3,7,13,0,7,8,16,21,20
20222,A,골목상권,3110360,수유초등학교,321,222,99,0,34,61,63,67,96,0,7,43,42,44,86,0,27,18,21,23,10
20222,A,골목상권,3110357,가오리역 1번,725,611,114,0,25,36,171,340,153,0,4,18,146,310,133,0,21,18,25,30,20
20222,A,골목상권,3110340,인수중학교,176,99,77,0,24,55,50,29,18,0,8,43,31,7,10,0,16,12,19,22,8
20222,A,골목상권,3110341,북한산우이역 2번,496,411,85,0,15,25,80,258,118,0,4,10,52,237,108,0,11,15,28,21,10
20222,A,골목상권,3110390,방학초등학교,231,110,121,0,18,63,68,58,24,0,7,36,28,27,12,0,11,27,40,31,12
20222,A,골목상권,3110408,가인초등학교,355,105,250,0,66,70,100,85,34,0,12,24,32,21,16,0,54,46,68,64,18
20222,A,골목상권,3110433,공릉역 2번,401,137,264,1,30,41,46,46,237,1,17,30,25,18,46,0,13,11,21,28,191
20222,R,전통시장,3130157,상계중앙시장,68,35,33,0,14,17,13,15,9,0,8,13,6,6,2,0,6,4,7,9,7
20222,A,골목상권,3110423,석계역 2번,280,104,176,0,27,29,65,73,86,0,9,15,31,29,20,0,18,14,34,44,66
20222,D,발달상권,3120090,연신내역,796,297,499,5,187,160,183,154,107,1,65,66,64,53,48,4,122,94,119,101,59
20222,A,골목상권,3110462,갈현건영아파트,335,216,119,1,40,61,100,72,61,1,23,36,61,48,47,0,17,25,39,24,14
20222,R,전통시장,3130170,제일시장,58,26,32,1,7,9,13,19,9,1,2,2,5,11,5,0,5,7,8,8,4
20222,A,골목상권,3110481,불광역 7번,199,89,110,0,13,44,41,60,41,0,2,23,11,25,28,0,11,21,30,35,13
20222,A,골목상권,3110443,수색역 1번,20,12,8,0,1,2,7,6,4,0,0,2,2,4,4,0,1,0,5,2,0
20222,A,골목상권,3110459,응암역 2번,547,198,349,1,50,105,159,154,78,0,9,38,77,41,33,1,41,67,82,113,45
20222,A,골목상권,3110468,응암역 3번,1202,526,676,2,142,266,324,272,196,0,45,119,142,116,104,2,97,147,182,156,92
20222,A,골목상권,3110478,응암1동주민센터,355,220,135,2,26,37,56,56,178,2,16,23,28,32,119,0,10,14,28,24,59
20222,A,골목상권,3110463,응암3동주민센터,123,54,69,0,7,23,36,26,31,0,3,6,14,11,20,0,4,17,22,15,11
20222,R,전통시장,3130161,증산종합시장,8,5,3,0,0,1,2,2,3,0,0,0,1,2,2,0,0,1,1,0,1
20222,A,골목상권,3110507,명지대학교,1537,1156,381,29,392,636,318,129,33,26,257,481,282,83,27,3,135,155,36,46,6
20222,A,골목상권,3110495,북가좌2동주민센터,501,372,129,0,28,67,125,185,96,0,11,45,88,152,76,0,17,22,37,33,20
20222,R,전통시장,3130179,"이화여대 3,5,7길 상점가",147,65,82,3,34,15,41,31,23,1,12,3,14,17,18,2,22,12,27,14,5
20222,A,골목상권,3110528,서울여자간호대학교,324,160,164,0,11,25,38,72,178,0,10,14,20,24,92,0,1,11,18,48,86
20222,A,골목상권,3110580,양원초등학교,78,20,58,0,3,6,16,25,28,0,0,1,3,11,5,0,3,5,13,14,23
20222,A,골목상권,3110568,광흥창역 1번,67,32,35,0,12,21,14,15,5,0,4,10,6,9,3,0,8,11,8,6,2
20222,A,골목상권,3110545,마포구청역 1번,789,460,329,1,64,151,210,235,128,1,24,92,106,146,91,0,40,59,104,89,37
20222,A,골목상권,3110584,아현역 4번,49,13,36,0,4,7,14,13,11,0,0,0,2,5,6,0,4,7,12,8,5
20222,A,골목상권,3110556,절두산순교성지,176,112,64,3,17,42,58,39,17,3,8,27,39,24,11,0,9,15,19,15,6
20222,A,골목상권,3110622,달마을공원,458,261,197,0,58,90,102,138,70,0,26,47,63,65,60,0,32,43,39,73,10
20222,A,골목상권,3110601,신월1동우편취급국,1200,814,386,3,116,180,274,437,190,1,61,115,183,309,145,2,55,65,91,128,45
20222,A,골목상권,3110598,신월문화체육센터,381,174,207,0,16,50,101,131,83,0,4,22,40,60,48,0,12,28,61,71,35
20222,D,발달상권,3120109,서울남부지방법원,608,342,266,2,56,104,110,170,166,1,18,40,50,104,129,1,38,64,60,66,37
20222,A,골목상권,3110609,신정네거리역 2번,1377,1358,19,0,14,15,52,171,1125,0,10,11,45,168,1124,0,4,4,7,3,1
20222,A,골목상권,3110652,양천향교역 2번,643,483,160,0,70,131,146,169,127,0,32,102,104,139,106,0,38,29,42,30,21
20222,A,골목상권,3110675,화곡4동주민센터,235,161,74,0,13,45,60,59,58,0,6,28,34,46,47,0,7,17,26,13,11
20222,A,골목상권,3110672,백석중학교,168,91,77,1,26,41,35,49,16,1,19,23,14,23,11,0,7,18,21,26,5
20222,A,골목상권,3110660,등촌3동주민센터,4614,2039,2575,10,469,707,766,1291,1371,5,197,427,424,447,539,5,272,280,342,844,832
20222,A,골목상권,3110645,우장산역 4번,782,381,401,0,63,120,238,219,142,0,32,60,86,88,115,0,31,60,152,131,27
20222,R,전통시장,3130213,방신전통시장,112,77,35,0,13,20,25,29,25,0,10,18,14,14,21,0,3,2,11,15,4
20222,A,골목상권,3110630,공항시장역 1번,1472,1008,464,0,157,294,298,328,395,0,67,180,202,240,319,0,90,114,96,88,76
20222,R,전통시장,3130212,공항시장,8,6,2,0,1,0,3,2,2,0,1,0,3,0,2,0,0,0,0,2,0
20222,A,골목상권,3110640,방화역 1번,1019,638,381,3,139,292,240,195,150,3,62,119,167,158,129,0,77,173,73,37,21
20222,A,골목상권,3110655,발산역 5번,589,356,233,0,97,156,148,113,75,0,29,94,98,77,58,0,68,62,50,36,17
20222,D,발달상권,3120126,디지털단지오거리,135,86,49,0,11,30,48,26,20,0,2,16,38,15,15,0,9,14,10,11,5
20222,A,골목상권,3110692,큰굴다리,233,148,85,0,12,52,54,66,49,0,7,19,35,49,38,0,5,33,19,17,11
20222,A,골목상권,3110695,개봉1동주민센터,537,312,225,1,56,150,140,121,69,1,31,97,72,64,47,0,25,53,68,57,22
20222,R,전통시장,3130226,고척프라자,2,2,0,0,1,1,0,0,0,0,1,1,0,0,0,0,0,0,0,0,0
20222,A,골목상권,3110714,구로4동주민센터,261,149,112,0,32,43,54,76,56,0,7,18,31,50,43,0,25,25,23,26,13
20222,A,골목상권,3110708,화원어린이공원,71,33,38,0,10,12,15,24,10,0,3,4,7,10,9,0,7,8,8,14,1
20222,A,골목상권,3110715,구로구민회관,84,59,25,0,12,13,29,23,7,0,5,10,19,19,6,0,7,3,10,4,1
20222,A,골목상권,3110713,구로보건소,2668,1817,851,5,474,650,706,533,300,3,323,472,514,332,173,2,151,178,192,201,127
20222,A,골목상권,3110718,한국SGI본부,1614,1061,553,3,308,462,397,336,108,3,167,313,292,220,66,0,141,149,105,116,42
20222,A,골목상권,3110707,구로창업지원센터,1045,760,285,4,141,266,246,253,135,3,78,195,185,186,113,1,63,71,61,67,22
20222,D,발달상권,3120123,오류동역,2120,1645,475,1,313,413,505,594,294,0,276,331,389,425,224,1,37,82,116,169,70
20222,A,골목상권,3110726,금천철쭉어린이공원(금하마을),222,172,50,0,19,25,41,62,75,0,17,16,22,45,72,0,2,9,19,17,3
20222,A,골목상권,3110727,독산역 1번 출입구,659,514,145,4,72,152,169,191,71,4,48,118,128,165,51,0,24,34,41,26,20
20222,A,골목상권,3110738,문성초등학교,249,125,124,0,17,27,65,90,50,0,12,14,34,40,25,0,5,13,31,50,25
20222,A,골목상권,3110744,독산동성당,486,292,194,0,31,86,125,152,92,0,22,53,69,89,59,0,9,33,56,63,33
20222,R,전통시장,3130232,독산동 맛나는거리상점가(독산동 맛나는거리),33,24,9,0,3,12,5,10,3,0,2,9,4,6,3,0,1,3,1,4,0
20222,D,발달상권,3120133,서울시흥동우체국(홈플러스시흥점),154,66,88,1,16,23,31,43,40,1,7,11,15,12,20,0,9,12,16,31,20
20222,A,골목상권,3110734,금천파출소,92,47,45,0,7,11,21,29,24,0,3,5,14,13,12,0,4,6,7,16,12
20222,R,전통시장,3130236,비단길현대시장(현대시장),139,42,97,0,13,23,49,40,14,0,4,3,12,17,6,0,9,20,37,23,8
20222,A,골목상권,3110747,석수역 1번 출입구,813,612,201,0,46,81,166,224,296,0,27,52,102,165,266,0,19,29,64,59,30
20222,A,골목상권,3110754,삼성산자연공원(서울금천초등학교),202,76,126,1,21,41,48,41,50,0,6,18,29,10,13,1,15,23,19,31,37
20222,D,발달상권,3120138,당산2동(영등포우체국),2754,1653,1101,23,745,579,479,488,440,15,395,347,312,309,275,8,350,232,167,179,165
20222,A,골목상권,3110781,대림한신아파트,182,112,70,0,23,29,51,38,41,0,8,16,34,23,31,0,15,13,17,15,10
20222,A,골목상권,3110776,도신초등학교,168,106,62,0,12,20,48,63,25,0,11,10,35,34,16,0,1,10,13,29,9
20222,A,골목상권,3110792,영등포역 2번,3343,1737,1606,28,554,856,830,851,224,11,223,385,459,526,133,17,331,471,371,325,91
20222,D,발달상권,3120137,문래역(문래로데오거리),50,21,29,2,11,8,13,12,4,0,4,1,7,7,2,2,7,7,6,5,2
20222,A,골목상권,3110812,신길6동주민센터,363,245,118,0,69,115,106,50,23,0,34,78,85,29,19,0,35,37,21,21,4
20222,A,골목상권,3110798,신풍역 2번,53,20,33,0,2,13,14,13,11,0,0,3,3,6,8,0,2,10,11,7,3
20222,A,골목상권,3110811,보라매역 4번,187,94,93,0,22,41,49,52,23,0,8,22,18,27,19,0,14,19,31,25,4
20222,A,골목상권,3110756,문래중학교,275,179,96,0,48,79,78,35,35,0,21,58,52,21,27,0,27,21,26,14,8
20222,R,전통시장,3130257,영등포시장기계공구상가,158,116,42,0,11,26,33,47,41,0,7,16,22,37,34,0,4,10,11,10,7
20222,A,골목상권,3110800,영등포동성당,227,153,74,0,26,34,61,66,40,0,13,22,37,46,35,0,13,12,24,20,5
20222,A,골목상권,3110806,서울시립영등포장애인복지관,76,42,34,0,18,30,13,13,2,0,5,16,9,11,1,0,13,14,4,2,1
20222,A,골목상권,3110820,성남고등학교,3101,2470,631,1,651,742,555,991,161,0,438,581,448,879,124,1,213,161,107,112,37
20222,D,발달상권,3120156,"총신대입구역(이수, 총신대)",3366,1461,1905,14,640,802,748,644,518,7,213,337,380,258,266,7,427,465,368,386,252
20222,A,골목상권,3110839,숭실대입구역 4번,187,67,120,0,10,51,57,46,23,0,2,14,22,11,18,0,8,37,35,35,5
20222,A,골목상권,3110833,상도역 2번,255,163,92,2,20,61,74,74,24,0,17,49,47,34,16,2,3,12,27,40,8
20222,A,골목상권,3110819,신대방역 4번,456,226,230,0,62,93,114,73,114,0,14,33,50,48,81,0,48,60,64,25,33
20222,A,골목상권,3110876,서원동주민센터(신관중학교),49,29,20,0,5,9,16,9,10,0,2,4,10,4,9,0,3,5,6,5,1
20222,R,전통시장,3130284,관악종합시장(신원시장),17,10,7,0,0,1,3,10,3,0,0,1,1,6,2,0,0,0,2,4,1
20222,A,골목상권,3110889,봉천역 6번,376,317,59,0,29,36,69,136,106,0,18,20,47,130,102,0,11,16,22,6,4
20222,A,골목상권,3110901,인헌고등학교(인헌중학교),245,143,102,3,39,58,73,51,21,3,21,35,38,30,16,0,18,23,35,21,5
20222,R,전통시장,3130275,강남골목시장,164,121,43,0,17,38,46,34,29,0,15,32,30,23,21,0,2,6,16,11,8
20222,D,발달상권,3120185,논현역,12723,7377,5346,29,2723,4108,3218,1875,770,10,1037,2421,2225,1194,490,19,1686,1687,993,681,280
20222,A,골목상권,3110908,구반포역,1517,376,1141,0,66,110,396,804,141,0,42,53,71,141,69,0,24,57,325,663,72
20222,A,골목상권,3110916,내방역 4번,1152,592,560,9,216,272,301,208,146,6,58,167,187,91,83,3,158,105,114,117,63
20222,A,골목상권,3110914,내방역 6번,146,116,30,0,26,31,37,26,26,0,17,26,26,24,23,0,9,5,11,2,3
20222,A,골목상권,3110919,내방역 8번,1289,936,353,3,122,279,365,332,188,1,51,165,297,279,143,2,71,114,68,53,45
20222,D,발달상권,3120179,양재역,20226,15999,4227,55,2836,6941,4949,3795,1650,32,1949,5811,4124,2895,1188,23,887,1130,825,900,462
20222,A,골목상권,3110981,국악고교사거리,361,216,145,2,57,77,110,81,34,0,27,36,72,56,25,2,30,41,38,25,9
20222,D,발달상권,3120191,학동역,13888,8123,5765,40,2898,3769,2969,1869,2343,17,1128,2152,2012,1134,1680,23,1770,1617,957,735,663
20222,A,골목상권,3110952,논현목련공원,117,65,52,0,21,23,27,22,24,0,9,13,13,14,16,0,12,10,14,8,8
20222,A,골목상권,3110953,학동근린공원,2487,1583,904,15,679,891,571,218,113,0,336,572,409,180,86,15,343,319,162,38,27
20222,A,골목상권,3110968,강남구청역 2번,1023,596,427,7,327,204,133,121,231,4,177,117,81,68,149,3,150,87,52,53,82
20222,D,발달상권,3120203,강남구청역,7726,4602,3124,27,1589,2070,1890,1381,769,8,650,1218,1293,882,551,19,939,852,597,499,218
20222,A,골목상권,3110966,논현2동주민센터,1634,1016,618,18,470,498,299,216,133,7,256,298,200,146,109,11,214,200,99,70,24
20222,A,골목상권,3110996,대치2동주민센터,1940,1218,722,2,81,274,345,337,901,0,47,206,276,245,444,2,34,68,69,92,457
20222,A,골목상권,3110982,강남구보훈회관,166,74,92,0,31,34,41,41,19,0,7,13,25,14,15,0,24,21,16,27,4
20222,A,골목상권,3111002,한국교통안전공단 강남자동차검사소,317,115,202,0,22,63,65,96,71,0,7,31,21,26,30,0,15,32,44,70,41
20222,A,골목상권,3110973,강남구청역 4번,1448,784,664,4,275,332,289,269,279,1,146,203,162,128,144,3,129,129,127,141,135
20222,A,골목상권,3110987,영동대교남단,410,201,209,1,80,64,74,101,90,1,40,36,31,40,53,0,40,28,43,61,37
20222,A,골목상권,3111022,석촌중학교(방이육교),686,344,342,1,59,145,176,222,83,0,37,95,98,70,44,1,22,50,78,152,39
20222,A,골목상권,3111041,거여역 8번,411,336,75,1,102,118,81,62,47,1,84,93,67,50,41,0,18,25,14,12,6
20222,D,발달상권,3120236,장지역(가든파이브),4622,3221,1401,15,678,1056,1076,989,808,10,373,711,778,710,639,5,305,345,298,279,169
20222,A,골목상권,3111014,송파나루역 2번,521,273,248,1,42,75,119,190,94,0,21,42,67,83,60,1,21,33,52,107,34
20222,A,골목상권,3111031,장지동주민센터(한림연예예술고교),3127,2317,810,8,263,415,651,857,933,2,170,330,497,648,670,6,93,85,154,209,263
20222,R,전통시장,3130314,풍납시장,203,100,103,1,24,42,50,61,25,1,15,27,22,19,16,0,9,15,28,42,9
20222,D,발달상권,3120242,강동구청역,4533,2940,1593,33,536,1064,1057,894,949,13,287,678,696,560,706,20,249,386,361,334,243
20222,A,골목상권,3111084,길동신동아아파트,169,104,65,2,27,32,37,58,13,2,21,23,24,25,9,0,6,9,13,33,4
20222,A,골목상권,3111073,둔촌동역 1번(한산중학교),973,578,395,1,134,224,250,206,158,1,58,122,160,124,113,0,76,102,90,82,45
20222,D,발달상권,3120248,명일역,859,331,528,4,114,141,223,203,174,2,41,59,84,68,77,2,73,82,139,135,97
20222,D,발달상권,3120249,고덕역,1359,916,443,3,172,305,337,317,225,1,75,198,249,221,172,2,97,107,88,96,53
20222,R,전통시장,3130319,성내전통시장,47,31,16,0,3,8,14,10,12,0,3,4,9,7,8,0,0,4,5,3,4
20222,A,골목상권,3111072,굽은다리역 1번(십자성마을),747,473,274,1,59,119,201,187,180,0,20,70,116,127,140,1,39,49,85,60,40
20222,R,전통시장,3130322,고분다리전통시장,7,4,3,0,0,0,2,4,1,0,0,0,1,2,1,0,0,0,1,2,0
20222,A,골목상권,3110017,정독도서관,650,322,328,0,133,273,152,58,34,0,26,130,93,43,30,0,107,143,59,15,4
20222,D,발달상권,3120001,서대문역,1510,1022,488,1,265,530,359,278,77,1,106,344,272,237,62,0,159,186,87,41,15
20222,A,골목상권,3110004,대신고등학교,32,14,18,0,3,4,8,14,3,0,1,0,3,8,2,0,2,4,5,6,1
20222,A,골목상권,3110002,독립문역 1번,475,121,354,1,146,140,118,44,26,1,25,25,41,14,15,0,121,115,77,30,11
20222,D,발달상권,3120062,신설동역,12648,5435,7213,13,1214,2604,3451,3483,1883,2,444,1433,1624,1125,807,11,770,1171,1827,2358,1076
20222,A,골목상권,3110025,충신시장옆,213,129,84,2,17,46,63,56,29,0,6,23,43,33,24,2,11,23,20,23,5
20222,D,발달상권,3120011,종로4가,2984,1666,1318,5,420,1022,880,515,142,0,165,497,518,378,108,5,255,525,362,137,34
20222,D,발달상권,3120008,인사동,22070,13019,9051,1263,7895,5069,3940,2756,1147,589,4005,3077,2666,2006,676,674,3890,1992,1274,750,471
20222,R,전통시장,3130012,"동대문종합시장(동대문종합시장 신관, 동대문종합시장D동상가)",1319,965,354,2,156,325,348,339,149,0,116,251,238,247,113,2,40,74,110,92,36
20222,A,골목상권,3110026,종로5가역 4번,190,120,70,0,22,41,73,27,27,0,9,28,47,14,22,0,13,13,26,13,5
20222,R,전통시장,3130014,동문시장,17,8,9,0,0,6,4,4,3,0,0,2,1,3,2,0,0,4,3,1,1
20222,R,전통시장,3130015,창신골목시장,22,12,10,0,0,2,8,9,3,0,0,2,6,2,2,0,0,0,2,7,1
20222,A,골목상권,3110031,창신역 1번,72,57,15,0,11,17,12,21,11,0,8,11,11,17,10,0,3,6,1,4,1
20222,A,골목상권,3110016,평창동동측,2303,1051,1252,9,318,614,663,433,266,4,126,304,354,163,100,5,192,310,309,270,166
20222,A,골목상권,3110020,서울국제고등학교,593,291,302,1,141,279,101,49,22,1,41,139,70,26,14,0,100,140,31,23,8
20222,A,골목상권,3110048,장충동주민센터,5315,2706,2609,21,867,1339,1513,1367,208,5,338,768,756,707,132,16,529,571,757,660,76
20222,A,골목상권,3110046,버티고개,104,74,30,0,6,23,40,28,7,0,3,17,28,20,6,0,3,6,12,8,1
20222,A,골목상권,3110047,다산성곽길,160,89,71,0,36,43,36,27,18,0,23,29,21,7,9,0,13,14,15,20,9
20222,R,전통시장,3130051,동화동 골목형상점가,391,156,235,1,82,94,98,66,50,1,18,25,43,36,33,0,64,69,55,30,17
20222,R,전통시장,3130053,백학시장,160,69,91,0,22,24,46,37,31,0,8,8,20,15,18,0,14,16,26,22,13
20222,A,골목상권,3110110,상왕십리역 6번,87,54,33,1,12,16,24,18,16,1,7,11,13,10,12,0,5,5,11,8,4
20222,R,전통시장,3130042,약수시장,158,67,91,2,36,30,40,21,29,2,9,9,19,8,20,0,27,21,21,13,9
20222,A,골목상권,3110591,충정로역 6번,87,48,39,0,15,19,21,28,4,0,9,9,11,16,3,0,6,10,10,12,1
20222,R,전통시장,3130062,보광시장,39,16,23,0,1,7,11,15,5,0,0,3,4,6,3,0,1,4,7,9,2
20222,A,골목상권,3110086,이태원역 북측,9244,3609,5635,12,3187,3891,1654,428,72,3,733,1558,905,355,55,9,2454,2333,749,73,17
20222,A,골목상권,3110085,경리단길남측,532,260,272,4,98,163,148,67,52,2,40,59,78,41,40,2,58,104,70,26,12
20222,A,골목상권,3110066,서울역 15번,748,467,281,6,152,227,156,125,82,3,81,151,104,66,62,3,71,76,52,59,20
20222,A,골목상권,3110105,금동어린이공원,38,17,21,0,1,7,11,10,9,0,0,2,3,6,6,0,1,5,8,4,3
20222,A,골목상권,3110116,청계천박물관,4825,3644,1181,29,323,769,1077,1762,865,26,206,565,875,1315,657,3,117,204,202,447,208
20222,A,골목상권,3110128,성원중학교,911,573,338,1,98,165,255,266,126,1,53,94,157,170,98,0,45,71,98,96,28
20222,A,골목상권,3110120,서울숲카페거리,79,49,30,0,8,12,35,18,6,0,3,8,23,10,5,0,5,4,12,8,1
20222,A,골목상권,3110124,뚝섬역교차로,1253,1006,247,7,170,155,222,312,387,6,94,111,169,268,358,1,76,44,53,44,29
20222,A,골목상권,3110129,성원어린이공원,640,405,235,1,65,118,131,180,145,0,35,70,86,107,107,1,30,48,45,73,38
20222,A,골목상권,3110132,성수2가3동주민센터,786,521,265,0,97,182,220,197,90,0,67,133,145,108,68,0,30,49,75,89,22
20222,A,골목상권,3110111,대현산장미원,51,40,11,0,6,7,6,17,15,0,6,4,4,13,13,0,0,3,2,4,2
20222,A,골목상권,3110166,구의1동주민센터,552,292,260,1,70,121,177,115,68,1,20,59,99,60,53,0,50,62,78,55,15
20222,A,골목상권,3110160,광진경찰서,819,680,139,0,149,322,180,157,11,0,110,261,150,149,10,0,39,61,30,8,1
20222,D,발달상권,3120054,어린이대공원역,1196,805,391,0,61,141,304,441,249,0,17,79,201,322,186,0,44,62,103,119,63
20222,A,골목상권,3110145,장안초등학교,7,4,3,0,0,1,2,3,1,0,0,0,1,3,0,0,0,1,1,0,1
20222,D,발달상권,3120055,군자역,4255,2030,2225,33,1138,780,911,991,402,23,548,430,436,330,263,10,590,350,475,661,139
20222,A,골목상권,3110164,아차산역 5번,731,494,237,3,111,126,143,164,184,0,61,77,101,112,143,3,50,49,42,52,41
20222,R,전통시장,3130076,능동로골목시장,93,70,23,0,2,11,16,17,47,0,1,4,14,11,40,0,1,7,2,6,7
20222,A,골목상권,3110158,중곡3동주민센터,715,518,197,1,113,210,184,138,69,0,73,168,123,104,50,1,40,42,61,34,19
20222,R,전통시장,3130100,답십리시장,93,40,53,2,19,25,23,11,13,2,4,9,11,6,8,0,15,16,12,5,5
20222,A,골목상권,3110227,답십리공원,229,93,136,0,16,30,77,84,22,0,13,16,27,23,14,0,3,14,50,61,8
20222,A,골목상권,3110181,신설동역 9번,1864,1212,652,12,209,232,286,440,685,12,150,162,188,282,418,0,59,70,98,158,267
20222,A,골목상권,3110192,동의보감타워,70,45,25,0,7,10,25,16,12,0,2,6,17,10,10,0,5,4,8,6,2
20222,A,골목상권,3110182,용두희망어린이공원,370,249,121,0,38,71,108,87,66,0,20,47,67,64,51,0,18,24,41,23,15
20222,A,골목상권,3110223,군자초등학교,94,56,38,0,13,17,26,24,14,0,4,10,17,15,10,0,9,7,9,9,4
20222,A,골목상권,3110191,고려대역 6번,48,41,7,0,1,12,14,9,12,0,1,10,11,8,11,0,0,2,3,1,1
20222,A,골목상권,3110193,고려대역 4번,48,37,11,0,5,11,11,10,11,0,3,5,10,10,9,0,2,6,1,0,2
20222,A,골목상권,3110208,시조사삼거리,75,56,19,0,2,14,7,17,35,0,1,7,2,11,35,0,1,7,5,6,0
20222,R,전통시장,3130103,이경시장,16,8,8,0,0,1,2,2,11,0,0,1,1,1,5,0,0,0,1,1,6
20222,A,골목상권,3110270,혜원여고,168,148,20,0,4,5,7,70,82,0,4,3,6,59,76,0,0,2,1,11,6
20222,A,골목상권,3110274,서일대학교,523,360,163,0,46,59,135,146,137,0,8,37,89,115,111,0,38,22,46,31,26
20222,A,골목상권,3110277,러스크서울병원,145,78,67,0,12,30,29,43,31,0,4,13,16,23,22,0,8,17,13,20,9
20222,D,발달상권,3120068,사가정역,145,45,100,3,38,31,25,22,26,0,1,5,12,12,15,3,37,26,13,10,11
20222,A,골목상권,3110253,중곡초등학교,181,106,75,0,31,31,44,49,26,0,10,17,23,35,21,0,21,14,21,14,5
20222,A,골목상권,3110249,중화역 1번,764,479,285,0,68,129,205,203,159,0,31,61,105,139,143,0,37,68,100,64,16
20222,A,골목상권,3110250,화랑대역 7번,111,69,42,0,7,20,32,34,18,0,5,12,15,23,14,0,2,8,17,11,4
20222,R,전통시장,3130116,동성타워프라자,31,22,9,0,2,9,7,8,5,0,2,4,4,7,5,0,0,5,3,1,0
20222,A,골목상권,3110235,세화어린이공원,17,12,5,0,6,3,1,5,2,0,5,1,1,3,2,0,1,2,0,2,0
20222,A,골목상권,3110306,미아초등학교,317,218,99,2,13,50,81,77,94,0,3,29,53,50,83,2,10,21,28,27,11
20222,A,골목상권,3110304,보문역 4번,248,146,102,0,40,77,61,48,22,0,10,46,35,37,18,0,30,31,26,11,4
20222,A,골목상권,3110291,한성대입구역 3번,342,172,170,2,27,49,94,91,79,0,14,24,49,51,34,2,13,25,45,40,45
20222,A,골목상권,3110336,석관고등학교,94,84,10,0,3,17,16,37,21,0,3,15,13,34,19,0,0,2,3,3,2
20222,A,골목상권,3110335,석계역 7번,249,172,77,1,19,32,66,64,67,0,13,18,34,45,62,1,6,14,32,19,5
20222,A,골목상권,3110327,상월곡역 2번,118,60,58,0,8,17,42,31,20,0,3,8,24,14,11,0,5,9,18,17,9
20222,A,골목상권,3110330,돌곶이역 1번,220,172,48,0,12,18,33,31,126,0,4,12,20,23,113,0,8,6,13,8,13
20222,A,골목상권,3110332,돌곶이역 3번,164,63,101,0,28,29,42,47,18,0,6,18,19,14,6,0,22,11,23,33,12
20222,A,골목상권,3110347,구세군강북종합사회복지관,38,17,21,0,10,7,5,9,7,0,1,5,1,5,5,0,9,2,4,4,2
20222,R,전통시장,3130137,"수유전통시장(수유시장, 수유골목시장)",86,29,57,0,5,10,18,25,28,0,0,3,8,7,11,0,5,7,10,18,17
20222,A,골목상권,3110344,화계중학교,12,10,2,0,7,1,1,2,1,0,5,1,1,2,1,0,2,0,0,0,0
20222,A,골목상권,3110353,수유동우체국,187,91,96,0,4,18,48,60,57,0,1,12,33,27,18,0,3,6,15,33,39
20222,A,골목상권,3110337,아카데미하우스,512,368,144,6,70,69,94,159,114,6,43,58,60,98,103,0,27,11,34,61,11
20222,A,골목상권,3110397,도봉산입구,469,257,212,0,31,56,101,131,150,0,6,34,39,73,105,0,25,22,62,58,45
20222,A,골목상권,3110406,도봉산역 1번,634,573,61,0,10,29,139,292,164,0,3,17,126,276,151,0,7,12,13,16,13
20222,A,골목상권,3110387,쌍문초등학교,307,169,138,0,37,47,91,75,57,0,13,24,49,39,44,0,24,23,42,36,13
20222,A,골목상권,3110389,한일병원,209,120,89,0,23,37,57,53,39,0,10,19,35,30,26,0,13,18,22,23,13
20222,D,발달상권,3120079,창동역,1326,796,530,0,151,232,320,304,319,0,54,108,172,195,267,0,97,124,148,109,52
20222,A,골목상권,3110435,서울과학기술대,73,40,33,0,5,12,18,25,13,0,3,4,8,14,11,0,2,8,10,11,2
20222,A,골목상권,3110415,수락산역 4번,635,386,249,5,82,110,155,174,109,5,46,71,85,110,69,0,36,39,70,64,40
20222,A,골목상권,3110436,상계제일중학교,93,60,33,0,15,21,33,20,4,0,5,13,23,15,4,0,10,8,10,5,0
20222,A,골목상권,3110432,대진고등학교,894,734,160,0,55,146,248,343,102,0,27,96,214,311,86,0,28,50,34,32,16
20222,A,골목상권,3110483,연천초등학교,119,74,45,0,11,16,34,17,41,0,3,9,26,10,26,0,8,7,8,7,15
20222,A,골목상권,3110491,불광중학교,43,14,29,0,3,5,13,9,13,0,1,1,5,3,4,0,2,4,8,6,9
20222,D,발달상권,3120087,응암역,425,258,167,0,45,82,110,105,83,0,17,49,75,59,58,0,28,33,35,46,25
20222,A,골목상권,3110452,새절역 3번,373,317,56,1,10,36,63,123,140,1,7,25,47,107,130,0,3,11,16,16,10
20222,A,골목상권,3110471,응암동우체국,263,117,146,0,34,61,73,70,25,0,11,21,28,35,22,0,23,40,45,35,3
20222,A,골목상권,3110469,응암정보도서관,344,188,156,1,38,58,104,104,39,0,11,29,61,57,30,1,27,29,43,47,9
20222,R,전통시장,3130172,모래내시장(서중시장),19,8,11,0,1,4,5,6,3,0,0,1,2,4,1,0,1,3,3,2,2
20222,A,골목상권,3110497,가좌역 3번,325,253,72,0,17,43,89,123,53,0,3,17,75,115,43,0,14,26,14,8,10
20222,A,골목상권,3110500,남가좌동현대아파트,74,54,20,0,12,13,23,22,4,0,8,9,17,17,3,0,4,4,6,5,1
20222,A,골목상권,3110494,증산3교남측,31,24,7,0,1,8,7,9,6,0,0,7,5,7,5,0,1,1,2,2,1
20222,A,골목상권,3110530,아현역 1번,36,20,16,0,5,5,7,15,4,0,2,5,4,6,3,0,3,0,3,9,1
20222,A,골목상권,3110509,연희대우아파트앞,391,210,181,0,39,105,101,88,58,0,13,52,51,53,41,0,26,53,50,35,17
20222,A,골목상권,3110524,연희세브란스병원,51,23,28,0,10,13,15,8,5,0,5,6,6,3,3,0,5,7,9,5,2
20222,A,골목상권,3110501,연희어린이공원,214,82,132,0,12,33,40,75,54,0,3,20,15,18,26,0,9,13,25,57,28
20222,R,전통시장,3130182,영천시장,78,35,43,0,13,8,24,22,11,0,3,4,10,12,6,0,10,4,14,10,5
20222,A,골목상권,3110539,미근동,2792,1821,971,13,225,688,889,822,155,9,167,550,547,424,124,4,58,138,342,398,31
20222,A,골목상권,3110519,서대문구보건소별관,341,156,185,0,42,73,79,94,53,0,14,33,44,37,28,0,28,40,35,57,25
20222,R,전통시장,3130197,마포시장,15,5,10,0,0,1,5,4,5,0,0,1,0,2,2,0,0,0,5,2,3
20222,A,골목상권,3110576,대흥역 3번,1605,1112,493,71,503,480,308,163,80,27,310,365,253,111,46,44,193,115,55,52,34
20222,A,골목상권,3110573,신촌역 6번,28,10,18,0,7,3,6,6,6,0,2,0,3,1,4,0,5,3,3,5,2
20222,A,골목상권,3110563,상수역 3번,309,246,63,11,75,122,61,17,23,9,60,95,50,13,19,2,15,27,11,4,4
20222,D,발달상권,3120105,상수역(홍대),524,273,251,4,126,153,122,71,48,2,51,74,70,42,34,2,75,79,52,29,14
20222,D,발달상권,3120101,합정역,1932,1048,884,2,302,520,515,399,194,2,89,236,312,266,143,0,213,284,203,133,51
20222,R,전통시장,3130189,서교시장,24,10,14,0,2,1,7,6,8,0,0,1,2,3,4,0,2,0,5,3,4
20222,D,발달상권,3120104,연남동(홍대),5955,3176,2779,20,1117,1491,1289,1103,935,12,428,824,772,620,520,8,689,667,517,483,415
20222,A,골목상권,3110564,홍대입구역 3번,471,211,260,0,54,125,161,78,53,0,19,47,103,22,20,0,35,78,58,56,33
20222,A,골목상권,3110621,목동역 5번,163,78,85,0,19,44,33,45,22,0,1,21,19,23,14,0,18,23,14,22,8
20222,R,전통시장,3130208,목동깨비시장(목3동시장),148,67,81,0,13,20,55,37,23,0,7,6,18,19,17,0,6,14,37,18,6
20222,R,전통시장,3130209,목사랑시장(목4동시장),113,62,51,0,7,15,23,43,25,0,2,13,10,20,17,0,5,2,13,23,8
20222,A,골목상권,3110592,서울금융고등학교,431,337,94,0,18,34,71,147,161,0,9,13,44,124,147,0,9,21,27,23,14
20222,A,골목상권,3110604,신월4동주민센터,635,526,109,0,13,50,120,232,220,0,6,29,87,191,213,0,7,21,33,41,7
20222,A,골목상권,3110595,메디힐병원,731,459,272,0,80,148,163,185,155,0,34,85,86,136,118,0,46,63,77,49,37
20222,A,골목상권,3110603,지향초등학교,187,104,83,0,12,54,55,38,28,0,5,28,33,19,19,0,7,26,22,19,9
20222,R,전통시장,3130207,신정1동 골목시장(신정제일시장),38,21,17,0,8,9,10,7,4,0,3,5,6,4,3,0,5,4,4,3,1
20222,A,골목상권,3110625,신정2동주민센터,726,454,272,2,98,196,215,155,60,0,51,124,146,94,39,2,47,72,69,61,21
20222,R,전통시장,3130211,신정2동 골목시장(오목교중앙시장),15,10,5,0,1,1,5,7,1,0,1,1,3,4,1,0,0,0,2,3,0
20222,A,골목상권,3110694,세곡초등학교,438,243,195,2,55,148,88,96,49,0,24,75,49,59,36,2,31,73,39,37,13
20222,A,골목상권,3110614,목동로데오거리,596,292,304,0,69,85,114,216,112,0,42,44,58,103,45,0,27,41,56,113,67
20222,D,발달상권,3120119,발산역(마곡),1427,686,741,2,184,339,416,350,136,1,54,148,211,174,98,1,130,191,205,176,38
20222,A,골목상권,3110643,강서구다솔마을,653,413,240,1,97,165,199,139,52,0,47,101,136,93,36,1,50,64,63,46,16
20222,A,골목상권,3110667,가양역 10번,177,126,51,0,33,32,56,36,20,0,21,20,38,29,18,0,12,12,18,7,2
20222,A,골목상권,3110639,신방화역 8번,534,376,158,1,76,67,89,155,146,1,18,26,52,140,139,0,58,41,37,15,7
20222,A,골목상권,3110641,공항고등학교,345,236,109,2,46,95,100,79,23,1,30,72,61,52,20,1,16,23,39,27,3
20222,A,골목상권,3110633,개화산역 1번,28,14,14,0,0,6,10,7,5,0,0,1,5,3,5,0,0,5,5,4,0
20222,A,골목상권,3110642,정곡초등학교,193,163,30,2,8,14,35,69,65,1,4,10,30,58,60,1,4,4,5,11,5
20222,A,골목상권,3110678,염창무학아파트,285,214,71,1,34,65,92,60,33,1,17,53,72,47,24,0,17,12,20,13,9
20222,A,골목상권,3110653,화곡역 2번,917,494,423,1,191,273,240,171,41,0,79,137,119,135,24,1,112,136,121,36,17
20222,R,전통시장,3130216,화곡중앙시장,75,32,43,0,4,11,21,22,17,0,2,2,9,8,11,0,2,9,12,14,6
20222,R,전통시장,3130215,대원종합시장,9,7,2,0,0,1,0,3,5,0,0,1,0,2,4,0,0,0,0,1,1
20222,A,골목상권,3110661,강서새말어린이공원,126,48,78,0,3,13,30,38,42,0,2,8,10,9,19,0,1,5,20,29,23
20222,A,골목상권,3110664,강서구청옆,111,48,63,0,14,10,31,43,13,0,11,7,10,9,11,0,3,3,21,34,2
20222,A,골목상권,3110663,우장산롯데캐슬아파트앞,279,217,62,0,6,19,48,106,100,0,3,13,26,82,93,0,3,6,22,24,7
20222,R,전통시장,3130219,까치산시장,114,35,79,0,16,17,35,29,17,0,4,6,8,9,8,0,12,11,27,20,9
20222,A,골목상권,3110710,남구로역 3번,606,370,236,3,83,96,105,121,198,3,46,63,63,68,127,0,37,33,42,53,71
20222,R,전통시장,3130223,고척근린시장,42,12,30,0,2,10,12,14,4,0,0,1,1,7,3,0,2,9,11,7,1
20222,R,전통시장,3130224,개봉프라자(고척근린시장),5,4,1,0,0,0,1,2,2,0,0,0,1,1,2,0,0,0,0,1,0
20222,D,발달상권,3120130,구로디지털단지역,1136,620,516,1,169,376,236,212,142,0,59,208,125,125,103,1,110,168,111,87,39
20222,A,골목상권,3110683,오류고등학교,75,46,29,0,12,15,23,18,7,0,9,8,14,8,7,0,3,7,9,10,0
20222,R,전통시장,3130222,오류시장,132,21,111,0,10,26,46,43,7,0,5,1,4,5,6,0,5,25,42,38,1
20222,A,골목상권,3110687,"천왕역 3번(오류2동주민센터, 서울오류남초등학교)",21,16,5,0,2,3,5,6,5,0,1,3,4,4,4,0,1,0,1,2,1
20222,D,발달상권,3120131,가산디지털단지,81127,53423,27704,289,16342,25688,20130,11589,7089,184,8639,17233,14526,7698,5143,105,7703,8455,5604,3891,1946
20222,A,골목상권,3110740,금천해태공원,646,280,366,1,135,134,136,170,70,1,47,54,56,71,51,0,88,80,80,99,19
20222,A,골목상권,3110733,금천어울림복지센터,374,293,81,3,34,89,74,90,84,3,22,67,59,66,76,0,12,22,15,24,8
20222,A,골목상권,3110739,시흥3동 우편취급국,99,77,22,0,4,22,30,27,16,0,1,16,26,21,13,0,3,6,4,6,3
20222,R,전통시장,3130246,영등포청과시장(조광시장),237,126,111,0,24,33,47,77,56,0,9,11,28,39,39,0,15,22,19,38,17
20222,D,발달상권,3120136,영등포구청역,6456,3190,3266,20,1167,1451,1361,1429,1028,12,562,814,730,580,492,8,605,637,631,849,536
20222,A,골목상권,3110794,영동초등학교,622,482,140,0,72,112,182,170,86,0,37,84,150,136,75,0,35,28,32,34,11
20222,A,골목상권,3110775,대동초등학교,59,28,31,0,4,13,20,14,8,0,1,6,6,9,6,0,3,7,14,5,2
20222,D,발달상권,3120140,문래동주민센터,6184,3312,2872,22,1447,1843,1639,925,308,11,558,994,994,525,230,11,889,849,645,400,78
20222,A,골목상권,3110814,서울지방병무청,673,364,309,1,51,117,155,236,113,1,23,79,97,104,60,0,28,38,58,132,53
20222,R,전통시장,3130259,대신시장,14,10,4,0,1,0,5,4,4,0,1,0,3,3,3,0,0,0,2,1,1
20222,A,골목상권,3110802,신길동홍어거리,336,159,177,1,59,113,86,61,16,0,18,45,44,40,12,1,41,68,42,21,4
20222,A,골목상권,3110791,신풍역 3번,25,17,8,0,1,5,9,9,1,0,0,2,6,8,1,0,1,3,3,1,0
20222,R,전통시장,3130241,선유도역 골목형상점가,500,253,247,0,95,93,123,136,53,0,39,49,66,67,32,0,56,44,57,69,21
20222,A,골목상권,3110773,당산역 13번,161,127,34,0,24,40,31,22,44,0,20,33,19,18,37,0,4,7,12,4,7
20222,D,발달상권,3120145,영등포역(영등포),3856,1817,2039,22,673,1021,921,702,517,0,202,441,486,388,300,22,471,580,435,314,217
20222,A,골목상권,3110796,한림대학교한강성심병원,87,52,35,1,7,19,26,19,15,0,4,11,17,9,11,1,3,8,9,10,4
20222,R,전통시장,3130267,본동인정시장(기능상실),59,41,18,0,6,10,12,15,16,0,4,7,9,8,13,0,2,3,3,7,3
20222,D,발달상권,3120153,노량진역(노량진),3600,1756,1844,10,508,1172,906,675,329,2,185,464,433,450,222,8,323,708,473,225,107
20222,D,발달상권,3120160,사당역(사당),9153,4750,4403,14,1560,2594,2716,1534,735,4,617,1307,1324,997,501,10,943,1287,1392,537,234
20222,R,전통시장,3130274,사당1동먹자골목상점가(사당1동먹자골목),389,218,171,4,91,100,81,63,50,3,45,64,37,35,34,1,46,36,44,28,16
20222,A,골목상권,3110849,이수역 10번,220,130,90,1,37,52,58,40,32,0,12,33,34,25,26,1,25,19,24,15,6
20222,A,골목상권,3110845,사당종합체육관,101,50,51,0,8,17,35,26,15,0,5,8,19,9,9,0,3,9,16,17,6
20222,A,골목상권,3110846,남성역 1번,535,290,245,1,66,120,146,135,67,0,25,59,78,74,54,1,41,61,68,61,13
20222,A,골목상권,3110838,상도1동주민센터앞,131,122,9,0,3,32,30,35,31,0,3,27,27,35,30,0,0,5,3,0,1
20222,A,골목상권,3110826,장승배기역 4번,366,149,217,2,20,37,57,103,147,1,8,22,28,38,52,1,12,15,29,65,95
20222,A,골목상권,3110842,흑리단길,53,22,31,0,10,9,10,16,8,0,4,3,5,5,5,0,6,6,5,11,3
20222,A,골목상권,3110895,샤로수길,1796,1222,574,3,307,721,360,233,172,2,170,534,234,152,130,1,137,187,126,81,42
20222,A,골목상권,3110862,난곡초등학교(난곡동벽화마을),84,41,43,0,4,13,14,34,19,0,2,6,11,15,7,0,2,7,3,19,12
20222,A,골목상권,3110881,구립대학경로당(관악산샘말공원),1580,1288,292,1,317,450,449,266,97,1,225,374,391,229,68,0,92,76,58,37,29
20222,A,골목상권,3110868,남부초등학교,232,126,106,0,20,29,45,49,89,0,11,23,22,28,42,0,9,6,23,21,47
20222,A,골목상권,3110884,봉천역 4번(봉천110안전센터),372,284,88,1,17,30,61,98,165,0,1,8,49,84,142,1,16,22,12,14,23
20222,R,전통시장,3130277,조원동 펭귄시장(신림중앙시장),98,56,42,1,15,26,31,19,6,1,8,18,16,9,4,0,7,8,15,10,2
20222,R,전통시장,3130293,봉천중앙시장,154,42,112,0,17,13,29,46,49,0,5,7,14,14,2,0,12,6,15,32,47
20222,R,전통시장,3130290,영림시장,417,183,234,0,74,101,107,92,43,0,14,49,43,44,33,0,60,52,64,48,10
20222,A,골목상권,3110945,본마을노인복지센터(서초구립내곡도서관),191,114,77,3,44,57,37,33,17,3,14,31,25,28,13,0,30,26,12,5,4
20222,D,발달상권,3120176,논현역 4번,893,566,327,1,130,216,195,168,183,1,67,126,129,106,137,0,63,90,66,62,46
20222,A,골목상권,3110904,이수역 5번,835,468,367,4,167,217,239,139,69,1,90,125,135,59,58,3,77,92,104,80,11
20222,A,골목상권,3110911,방배배수지체육공원,29,22,7,0,6,3,7,5,8,0,6,2,4,4,6,0,0,1,3,1,2
20222,A,골목상권,3110923,방배역 1번,210,153,57,0,34,56,55,41,24,0,21,38,42,34,18,0,13,18,13,7,6
20222,D,발달상권,3120173,교대역(법원.검찰청),18222,10456,7766,74,3270,5403,4730,3072,1673,29,1419,3004,2846,1897,1261,45,1851,2399,1884,1175,412
20222,D,발달상권,3120189,강남역,72613,38819,33794,234,17636,24305,18411,9151,2876,59,6629,13226,10962,5914,2029,175,11007,11079,7449,3237,847
20222,D,발달상권,3120171,서초3동사거리,11750,6206,5544,15,1990,3845,2551,1862,1487,6,827,1746,1496,1064,1067,9,1163,2099,1055,798,420
20222,A,골목상권,3110925,서초중학교,874,497,377,0,104,137,244,222,167,0,38,65,146,132,116,0,66,72,98,90,51
20222,D,발달상권,3120181,교육개발원입구사거리,7278,4440,2838,316,2978,1563,1247,730,444,145,1506,983,939,536,331,171,1472,580,308,194,113
20222,A,골목상권,3110939,양재역 8번(양재동우체국),5949,4099,1850,23,970,1420,1461,1174,901,15,499,989,1053,799,744,8,471,431,408,375,157
20222,D,발달상권,3120182,"양재시민의숲역(양재동꽃시장, aT센터)",6231,4311,1920,34,1059,1675,1508,1267,688,14,546,1157,1111,930,553,20,513,518,397,337,135
20222,R,전통시장,3130310,강남개포시장,298,173,125,0,29,56,71,82,60,0,8,23,42,56,44,0,21,33,29,26,16
20222,A,골목상권,3110957,언북중학교,1251,831,420,1,262,379,317,147,145,1,146,241,215,109,119,0,116,138,102,38,26
20222,D,발달상권,3120217,대치사거리,2779,1478,1301,11,552,771,700,452,293,10,220,379,381,264,224,1,332,392,319,188,69
20222,A,골목상권,3110989,대치동아우편취급국,444,270,174,9,90,148,75,68,54,0,43,102,43,44,38,9,47,46,32,24,16
20222,A,골목상권,3110965,언주역 6번,1139,788,351,1,174,379,378,142,65,1,104,276,284,74,49,0,70,103,94,68,16
20222,D,발달상권,3120206,개나리아파트,5243,3354,1889,87,1658,1413,1080,655,350,27,866,955,775,456,275,60,792,458,305,199,75
20222,A,골목상권,3110976,언북초등학교,578,332,246,1,111,188,126,86,66,0,41,115,83,49,44,1,70,73,43,37,22
20222,A,골목상권,3111036,투구봉어린이공원,209,119,90,1,22,40,55,62,29,1,7,20,26,39,26,0,15,20,29,23,3
20222,R,전통시장,3130315,문정동 로데오거리 상점가(문정동 로데오거리),1382,812,570,6,315,293,263,252,253,3,118,169,166,146,210,3,197,124,97,106,43
20222,D,발달상권,3120234,가락시장역,10280,6234,4046,11,1351,2492,2151,1680,2595,3,587,1469,1440,929,1806,8,764,1023,711,751,789
20222,R,전통시장,3130317,마천중앙시장,107,77,30,0,15,35,24,17,16,0,11,24,12,14,16,0,4,11,12,3,0
20222,R,전통시장,3130316,마천시장,18,9,9,0,3,3,2,10,0,0,2,2,2,3,0,0,1,1,0,7,0
20222,D,발달상권,3120229,방이동먹자골목,7319,4732,2587,12,1062,2182,1915,1302,846,5,588,1347,1338,913,541,7,474,835,577,389,305
20222,D,발달상권,3120233,몽촌토성역,10419,5740,4679,28,1795,2730,2265,2158,1443,22,1125,1855,1199,788,751,6,670,875,1066,1370,692
20222,A,골목상권,3111009,송파책박물관,130,94,36,1,13,38,28,24,26,0,11,32,18,15,18,1,2,6,10,9,8
20222,D,발달상권,3120230,송파사거리(송파역),876,470,406,4,96,176,202,193,205,1,38,99,115,92,125,3,58,77,87,101,80
20222,A,골목상권,3111013,송파나루역 1번(송리단길),2234,1456,778,8,320,568,650,435,253,3,160,384,445,290,174,5,160,184,205,145,79
20222,A,골목상권,3111039,벌말어린이공원,485,353,132,8,85,125,121,94,52,8,51,89,88,72,45,0,34,36,33,22,7
20222,D,발달상권,3120247,굽은다리역,572,312,260,4,91,119,146,104,108,1,37,77,74,56,67,3,54,42,72,48,41
20222,R,전통시장,3130321,장신구 특화거리 상점가,433,269,164,0,92,114,88,92,47,0,43,72,56,61,37,0,49,42,32,31,10
20222,A,골목상권,3111058,성내중학교,451,317,134,0,51,92,129,121,58,0,37,63,90,82,45,0,14,29,39,39,13
20222,A,골목상권,3111055,선사초등학교,673,29,644,0,14,28,137,373,121,0,4,7,8,6,4,0,10,21,129,367,117
20222,A,골목상권,3111075,굽은다리역 2번,193,114,79,0,14,42,54,52,31,0,14,28,24,31,17,0,0,14,30,21,14
20222,A,골목상권,3111063,강동구립 천호도서관,368,182,186,0,25,44,81,85,133,0,5,15,21,30,111,0,20,29,60,55,22
20222,A,골목상권,3110009,자하문터널,930,456,474,0,207,326,226,121,50,0,91,162,105,63,35,0,116,164,121,58,15
20222,D,발달상권,3120003,광화문역,43873,26821,17052,79,6380,12841,13071,8035,3467,12,2643,7543,8935,5616,2072,67,3737,5298,4136,2419,1395
20222,A,골목상권,3110033,창신역 4번,166,89,77,0,26,42,35,40,23,0,6,22,17,25,19,0,20,20,18,15,4
20222,R,전통시장,3130021,신설종합시장,50,37,13,1,1,10,12,13,13,0,0,9,10,10,8,1,1,1,2,3,5
20222,A,골목상권,3110023,서울대병원,92,33,59,0,9,24,23,20,16,0,3,7,10,5,8,0,6,17,13,15,8
20222,D,발달상권,3120012,대학로(혜화역),2004,901,1103,7,350,585,490,309,263,2,103,201,243,166,186,5,247,384,247,143,77
20222,D,발달상권,3120009,종로3가역,8495,4786,3709,19,1355,2296,2026,1582,1217,8,563,1230,1198,953,834,11,792,1066,828,629,383
20222,R,전통시장,3130009,마전교지하쇼핑센터(구 한일상가),24,16,8,0,0,2,3,7,12,0,0,2,2,4,8,0,0,0,1,3,4
20223,R,전통시장,3130259,대신시장,14,10,4,0,1,0,5,4,4,0,1,0,3,3,3,0,0,0,2,1,1
20222,A,골목상권,3110022,경신고등학교,506,385,121,11,133,157,117,54,34,10,99,119,89,42,26,1,34,38,28,12,8
20222,D,발달상권,3120034,중구청(퇴계로4가),1545,1050,495,7,108,228,400,440,362,5,48,129,262,327,279,2,60,99,138,113,83
20222,D,발달상권,3120022,북창동(시청역_6번),5197,3160,2037,24,1010,1611,1149,767,636,2,391,936,852,543,436,22,619,675,297,224,200
20222,D,발달상권,3120019,경찰청앞교차로,5958,3146,2812,26,1051,2221,1625,793,242,8,274,1044,982,619,219,18,777,1177,643,174,23
20222,R,전통시장,3130050,청평화시장,233,96,137,2,54,70,50,40,17,1,22,32,12,21,8,1,32,38,38,19,9
20222,R,전통시장,3130327,"평화시장(남평화시장, 제일평화시장, 신평화패션타운)",169,107,62,1,8,31,43,42,44,1,1,19,30,27,29,0,7,12,13,15,15
20222,A,골목상권,3110044,관성묘,405,300,105,0,50,135,145,51,24,0,24,90,125,44,17,0,26,45,20,7,7
20222,A,골목상권,3110074,서울역 12번,8149,1751,6398,152,5985,1340,330,181,161,9,598,652,233,134,125,143,5387,688,97,47,36
20222,A,골목상권,3110081,해방촌 남동측,231,122,109,0,45,63,54,42,27,0,14,35,27,23,23,0,31,28,27,19,4
20222,A,골목상권,3110084,경리단길북측,315,168,147,0,47,85,84,57,42,0,23,36,39,36,34,0,24,49,45,21,8
20222,A,골목상권,3110071,한강미주맨션아파트,315,191,124,0,42,85,69,57,62,0,21,46,40,42,42,0,21,39,29,15,20
20222,R,전통시장,3130061,이태원시장,32,20,12,0,18,3,4,6,1,0,12,1,3,3,1,0,6,2,1,3,0
20222,A,골목상권,3110590,만리재,97,50,47,0,19,23,23,25,7,0,6,12,11,16,5,0,13,11,12,9,2
20222,R,전통시장,3130057,만리시장,12,9,3,0,0,2,1,4,5,0,0,1,1,3,4,0,0,1,0,1,1
20222,A,골목상권,3110070,용산세무서,184,130,54,0,21,54,55,24,30,0,8,37,41,18,26,0,13,17,14,6,4
20222,A,골목상권,3110062,한강로동땡땡거리(은행나무길),1506,884,622,9,319,423,319,208,228,6,142,225,216,138,157,3,177,198,103,70,71
20222,A,골목상권,3110079,후암동주민센터,1084,584,500,4,223,262,267,196,132,3,73,156,156,105,91,1,150,106,111,91,41
20222,R,전통시장,3130069,"한양대앞상점가(한양시장, 왕십리맛골목)",32,19,13,0,6,6,4,8,8,0,4,4,0,5,6,0,2,2,4,3,2
20222,A,골목상권,3110101,옥정중학교,218,121,97,0,55,51,65,31,16,0,24,34,43,13,7,0,31,17,22,18,9
20222,A,골목상권,3110102,옥수역 6번,175,116,59,0,22,39,48,41,25,0,11,21,31,31,22,0,11,18,17,10,3
20222,R,전통시장,3130065,무학봉상점가,181,71,110,0,29,39,47,42,24,0,4,11,15,23,18,0,25,28,32,19,6
20222,A,골목상권,3110179,광나루역 1번,911,620,291,0,142,209,188,233,139,0,82,160,157,154,67,0,60,49,31,79,72
20222,A,골목상권,3110180,광진정보도서관,5440,3602,1838,17,1593,2056,1086,499,189,5,872,1464,782,331,148,12,721,592,304,168,41
20222,D,발달상권,3120058,구의사거리,688,333,355,2,92,158,174,181,81,1,33,79,80,77,63,1,59,79,94,104,18
20222,D,발달상권,3120060,강변역(테크노마트),3189,2348,841,12,402,686,870,703,516,2,209,509,686,549,393,10,193,177,184,154,123
20222,A,골목상권,3110159,구의역 4번,663,391,272,1,125,115,158,132,132,1,58,62,85,87,98,0,67,53,73,45,34
20222,R,전통시장,3130074,영동교골목시장,21,15,6,0,6,9,2,3,1,0,3,9,0,2,1,0,3,0,2,1,0
20222,A,골목상권,3110153,중곡1동주민센터,241,83,158,1,42,57,67,57,17,0,14,22,22,17,8,1,28,35,45,40,9
20222,A,골목상권,3110142,화양사거리,215,108,107,1,37,47,45,53,32,1,20,25,24,17,21,0,17,22,21,36,11
20222,A,골목상권,3110148,어린이대공원역 3번,17,12,5,0,3,3,6,5,0,0,0,2,5,5,0,0,3,1,1,0,0
20222,R,전통시장,3130096,동부시장,14,9,5,0,0,0,1,1,12,0,0,0,0,0,9,0,0,0,1,1,3
20222,A,골목상권,3110183,한국의류시험연구원,839,447,392,3,238,307,149,75,67,1,88,162,81,58,57,2,150,145,68,17,10
20222,R,전통시장,3130089,청량리수산시장,42,33,9,0,4,7,16,6,9,0,3,7,12,4,7,0,1,0,4,2,2
20222,R,전통시장,3130098,회기시장,55,17,38,0,9,14,15,12,5,0,2,3,4,6,2,0,7,11,11,6,3
20222,A,골목상권,3110228,장안근린공원,1992,1184,808,40,1381,313,92,101,65,24,788,223,60,54,35,16,593,90,32,47,30
20222,R,전통시장,3130104,전곡시장,93,54,39,0,8,17,28,26,14,0,5,8,16,13,12,0,3,9,12,13,2
20222,D,발달상권,3120063,청량리역(청량리),1209,528,681,3,226,225,249,252,254,2,66,88,96,117,159,1,160,137,153,135,95
20222,A,골목상권,3110210,서울시립대,341,253,88,1,9,19,24,34,254,1,4,12,10,21,205,0,5,7,14,13,49
20222,A,골목상권,3110197,세종대왕기념관교차로,67,46,21,0,8,19,26,9,5,0,4,15,19,7,1,0,4,4,7,2,4
20222,D,발달상권,3120064,경희대학교(경희대),97,44,53,0,14,27,21,13,22,0,9,13,10,4,8,0,5,14,11,9,14
20222,A,골목상권,3110243,중랑노인종합복지관,298,114,184,1,30,49,74,104,40,0,5,21,37,31,20,1,25,28,37,73,20
20222,A,골목상권,3110259,사가정역 1번,543,425,118,2,48,108,172,159,54,2,29,73,131,140,50,0,19,35,41,19,4
20222,A,골목상권,3110269,용마문화복지센터,169,98,71,0,19,53,52,28,17,0,13,32,30,19,4,0,6,21,22,9,13
20222,A,골목상권,3110252,장안제일시장,712,505,207,1,64,101,159,195,192,1,42,73,87,131,171,0,22,28,72,64,21
20222,R,전통시장,3130111,"동원전통종합시장(동원시장, 동원전통시장 상점가)",224,109,115,0,24,37,49,82,32,0,11,17,21,38,22,0,13,20,28,44,10
20222,A,골목상권,3110247,먹골역 1번,381,176,205,0,54,79,123,81,44,0,21,30,55,39,31,0,33,49,68,42,13
20222,A,골목상권,3110255,상봉역 4번,327,208,119,0,39,52,78,92,66,0,20,24,46,62,56,0,19,28,32,30,10
20222,A,골목상권,3110262,상봉역 3번,1530,878,652,2,221,447,542,268,50,0,119,337,281,107,34,2,102,110,261,161,16
20222,A,골목상권,3110271,신내역 1번,97,74,23,0,8,17,25,29,18,0,5,14,18,23,14,0,3,3,7,6,4
20222,A,골목상권,3110251,장안중학교,147,104,43,0,8,34,46,39,20,0,3,23,34,27,17,0,5,11,12,12,3
20222,A,골목상권,3110244,중화역 4번,250,175,75,1,8,26,49,44,122,1,4,11,32,30,97,0,4,15,17,14,25
20222,A,골목상권,3110296,성신여대입구역 4번,77,39,38,1,7,12,30,11,16,1,3,7,15,8,5,0,4,5,15,3,11
20222,A,골목상권,3110297,경동고등학교,654,311,343,0,74,123,156,164,137,0,31,65,74,79,62,0,43,58,82,85,75
20222,D,발달상권,3120071,성북구청,255,127,128,0,36,55,64,62,38,0,14,22,38,31,22,0,22,33,26,31,16
20222,A,골목상권,3110280,북정마을,73,38,35,0,7,10,22,23,11,0,3,3,9,15,8,0,4,7,13,8,3
20222,R,전통시장,3130122,밤나무골시장,17,5,12,0,2,4,6,4,1,0,1,1,2,1,0,0,1,3,4,3,1
20222,D,발달상권,3120075,월곡역,369,213,156,1,40,86,97,67,78,0,17,48,54,44,50,1,23,38,43,23,28
20222,R,전통시장,3130123,꿈의숲 장곡 골목형상점가,6,5,1,0,1,0,1,4,0,0,1,0,1,3,0,0,0,0,0,1,0
20222,A,골목상권,3110287,정릉3동주민센터,70,50,20,0,9,12,18,19,12,0,5,8,15,12,10,0,4,4,3,7,2
20222,A,골목상권,3110317,종암중학교,411,206,205,0,33,120,153,85,20,0,14,47,78,58,9,0,19,73,75,27,11
20222,D,발달상권,3120076,수유역,1930,865,1065,7,241,303,422,465,492,4,62,102,176,240,281,3,179,201,246,225,211
20222,R,전통시장,3130142,강북북부시장,7,5,2,0,1,1,0,2,3,0,0,1,0,2,2,0,1,0,0,0,1
20222,A,골목상권,3110375,서울북부고용노동지청,110,55,55,1,12,20,31,32,14,0,8,15,16,11,5,1,4,5,15,21,9
20222,R,전통시장,3130134,"솔샘시장(미아6,7동골목시장)",73,30,43,1,7,19,25,18,3,0,3,4,12,8,3,1,4,15,13,10,0
20222,A,골목상권,3110354,삼각산119안전센터,22,5,17,0,2,3,10,5,2,0,0,0,2,1,2,0,2,3,8,4,0
20222,A,골목상권,3110378,송중동주민센터,23,13,10,0,1,4,6,9,3,0,1,2,2,6,2,0,0,2,4,3,1
20222,R,전통시장,3130138,수유프라자,142,24,118,1,31,24,16,42,28,0,1,4,5,4,10,1,30,20,11,38,18
20222,R,전통시장,3130136,수유재래시장,32,13,19,0,6,5,8,6,7,0,2,1,0,3,7,0,4,4,8,3,0
20222,R,전통시장,3130133,우이골목시장(우이시장),69,61,8,0,7,7,19,20,16,0,6,6,17,17,15,0,1,1,2,3,1
20222,A,골목상권,3110350,가오리역 2번,148,77,71,0,11,27,37,49,24,0,5,11,18,26,17,0,6,16,19,23,7
20222,A,골목상권,3110410,방학역 2번,957,833,124,3,75,187,185,224,283,2,61,162,154,194,260,1,14,25,31,30,23
20222,A,골목상권,3110411,도봉역 3번,421,379,42,0,13,31,61,141,175,0,11,20,48,133,167,0,2,11,13,8,8
20222,A,골목상권,3110400,도봉구보건소,191,111,80,0,20,35,53,51,32,0,9,22,32,26,22,0,11,13,21,25,10
20222,R,전통시장,3130146,쌍문시장(쌍문역골목시장),263,124,139,0,29,33,54,80,67,0,10,12,28,32,42,0,19,21,26,48,25
20222,R,전통시장,3130147,쌍문역동측상점가,69,32,37,0,7,17,18,9,18,0,2,6,10,5,9,0,5,11,8,4,9
20222,A,골목상권,3110399,창2동주민센터,849,516,333,8,110,207,262,192,70,8,69,157,137,97,48,0,41,50,125,95,22
20222,R,전통시장,3130153,창동역상점가,229,138,91,0,18,48,54,56,53,0,7,31,30,31,39,0,11,17,24,25,14
20222,A,골목상권,3110409,창동역 2번,396,202,194,0,33,43,83,109,128,0,12,29,59,45,57,0,21,14,24,64,71
20222,D,발달상권,3120086,태릉입구역,382,205,177,0,42,78,82,102,78,0,24,43,35,49,54,0,18,35,47,53,24
20222,A,골목상권,3110434,태릉입구역 4번,121,62,59,0,13,11,24,35,38,0,3,2,12,22,23,0,10,9,12,13,15
20222,D,발달상권,3120081,노원역,1552,508,1044,9,369,295,343,307,229,2,66,87,125,121,107,7,303,208,218,186,122
20222,A,골목상권,3110426,상계2동주민센터,337,169,168,0,32,57,83,96,69,0,15,30,39,45,40,0,17,27,44,51,29
20222,A,골목상권,3110414,장석교회,66,51,15,0,7,16,15,20,8,0,5,13,11,17,5,0,2,3,4,3,3
20222,A,골목상권,3110465,연신내역 7번,240,119,121,3,38,52,57,54,36,2,12,29,25,25,26,1,26,23,32,29,10
20222,A,골목상권,3110490,녹번동근린공원,311,170,141,0,30,65,86,76,54,0,11,31,48,45,35,0,19,34,38,31,19
20222,A,골목상권,3110489,불광역 3번,35,25,10,0,3,7,10,10,5,0,3,4,7,6,5,0,0,3,3,4,0
20222,A,골목상권,3110479,연신내역 2번,318,181,137,1,50,84,68,69,46,0,28,71,35,32,15,1,22,13,33,37,31
20222,R,전통시장,3130165,"대림골목시장(대림시장, 양지시장)",214,34,180,0,20,45,56,62,31,0,1,7,5,11,10,0,19,38,51,51,21
20222,A,골목상권,3110492,하나고등학교,238,38,200,1,5,13,11,95,113,0,0,7,7,8,16,1,5,6,4,87,97
20222,A,골목상권,3110493,북가좌초등학교,892,830,62,0,2,19,27,80,764,0,0,12,22,68,728,0,2,7,5,12,36
20222,A,골목상권,3110514,서대문우체국,86,19,67,0,26,26,17,9,8,0,0,4,7,4,4,0,26,22,10,5,4
20222,A,골목상권,3110508,서연중학교,947,425,522,9,139,241,158,245,155,3,62,148,74,76,62,6,77,93,84,169,93
20222,A,골목상권,3110513,연희파출소,457,241,216,0,51,87,110,130,79,0,17,46,58,69,51,0,34,41,52,61,28
20222,A,골목상권,3110518,서대문구청,129,72,57,0,22,38,30,23,16,0,6,19,22,15,10,0,16,19,8,8,6
20222,A,골목상권,3110535,영천시장입구,488,333,155,2,36,65,112,164,109,2,19,35,78,130,69,0,17,30,34,34,40
20222,A,골목상권,3110538,충정로역 3번,284,178,106,0,12,42,56,66,108,0,5,27,35,42,69,0,7,15,21,24,39
20222,A,골목상권,3110525,홍은종합사회복지관,61,17,44,0,10,12,15,10,14,0,1,3,0,4,9,0,9,9,15,6,5
20222,A,골목상권,3110515,홍은중학교,396,312,84,1,45,118,119,68,45,1,33,93,94,52,39,0,12,25,25,16,6
20222,A,골목상권,3110583,공덕래미안3차아파트,12,7,5,0,2,3,1,1,5,0,1,2,1,0,3,0,1,1,0,1,2
20222,A,골목상권,3110562,연트럴파크(연남동주민센터),426,237,189,1,73,118,96,94,44,1,29,76,55,44,32,0,44,42,41,50,12
20222,R,전통시장,3130192,동진시장,10,6,4,0,1,1,4,3,1,0,1,1,1,2,1,0,0,0,3,1,0
20222,R,전통시장,3130194,용강동 상점가,875,502,373,0,103,131,179,170,292,0,39,75,104,114,170,0,64,56,75,56,122
20222,A,골목상권,3110577,용강동주민센터,145,105,40,0,15,42,47,31,10,0,12,31,38,17,7,0,3,11,9,14,3
20222,A,골목상권,3110559,성산중학교,757,474,283,4,102,187,203,167,94,3,54,102,127,118,70,1,48,85,76,49,24
20222,R,전통시장,3130203,서서울 골목형상점가,34,7,27,0,2,7,10,12,3,0,0,0,2,4,1,0,2,7,8,8,2
20222,R,전통시장,3130204,경창시장,102,51,51,0,5,12,29,27,29,0,2,5,13,16,15,0,3,7,16,11,14
20222,A,골목상권,3110593,신월3동주민센터,304,157,147,0,38,65,76,87,38,0,12,32,45,44,24,0,26,33,31,43,14
20222,A,골목상권,3110605,목동센트럴아이파크앞,155,89,66,0,15,22,26,47,45,0,5,15,11,27,31,0,10,7,15,20,14
20222,A,골목상권,3110634,송정역 3번,664,434,230,0,64,143,178,145,134,0,33,90,116,101,94,0,31,53,62,44,40
20222,D,발달상권,3120116,송정역,117,64,53,0,17,27,28,20,25,0,9,11,15,10,19,0,8,16,13,10,6
20222,A,골목상권,3110637,송정역 2번,560,358,202,4,67,121,116,154,98,0,34,74,81,100,69,4,33,47,35,54,29
20222,A,골목상권,3110644,신광명마을,336,288,48,1,26,28,58,105,118,1,8,17,51,97,114,0,18,11,7,8,4
20222,A,골목상권,3110673,뜸부기어린이공원,253,143,110,0,37,52,62,64,38,0,21,29,31,34,28,0,16,23,31,30,10
20222,A,골목상권,3110717,남구로역 2번,570,271,299,0,108,155,142,104,61,0,49,84,75,34,29,0,59,71,67,70,32
20222,R,전통시장,3130225,개봉중앙시장,147,59,88,0,15,21,39,44,28,0,3,4,19,22,11,0,12,17,20,22,17
20222,A,골목상권,3110704,고척중학교,62,36,26,0,12,23,10,12,5,0,7,12,3,11,3,0,5,11,7,1,2
20222,A,골목상권,3110711,구로초등학교,815,329,486,4,62,122,165,287,175,2,26,70,81,74,76,2,36,52,84,213,99
20222,A,골목상권,3110719,영서중학교,19,15,4,0,0,4,2,3,10,0,0,2,2,3,8,0,0,2,0,0,2
20222,D,발달상권,3120127,구로구청,5871,3858,2013,6,600,1211,1435,1436,1183,5,362,967,1048,802,674,1,238,244,387,634,509
20222,A,골목상권,3110681,온수역 1번,94,70,24,0,6,30,30,17,11,0,5,22,21,12,10,0,1,8,9,5,1
20222,A,골목상권,3110686,수궁동주민센터,406,211,195,0,34,67,104,115,86,0,16,31,64,55,45,0,18,36,40,60,41
20222,A,골목상권,3110724,금천구립가산도서관,364,254,110,1,42,76,120,89,36,1,33,60,90,45,25,0,9,16,30,44,11
20222,A,골목상권,3110737,금천세무서,502,323,179,8,77,85,96,116,120,0,28,49,51,91,104,8,49,36,45,25,16
20222,A,골목상권,3110751,난곡중학교,733,399,334,2,48,217,242,177,47,2,21,117,128,91,40,0,27,100,114,86,7
20222,R,전통시장,3130238,은행나무시장,113,71,42,0,22,24,31,22,14,0,13,16,22,14,6,0,9,8,9,8,8
20222,A,골목상권,3110770,영등포구청역 6번,263,191,72,1,45,49,77,45,46,1,24,41,54,28,43,0,21,8,23,17,3
20222,A,골목상권,3110774,당산반도유보라팰리스아파트,472,355,117,0,59,119,131,96,67,0,34,81,109,80,51,0,25,38,22,16,16
20222,A,골목상권,3110784,신대림초등학교,76,42,34,0,3,11,18,36,8,0,0,7,12,18,5,0,3,4,6,18,3
20222,D,발달상권,3120142,대림역,1551,846,705,2,234,279,348,384,304,0,69,143,190,230,214,2,165,136,158,154,90
20222,A,골목상권,3110790,대림1동주민센터,741,337,404,1,74,163,282,161,60,1,46,71,89,77,53,0,28,92,193,84,7
20222,A,골목상권,3110767,도림동주민센터,11,0,11,0,4,3,3,1,0,0,0,0,0,0,0,0,4,3,3,1,0
20222,R,전통시장,3130243,도림시장,7,5,2,0,0,1,4,0,2,0,0,1,3,0,1,0,0,0,1,0,1
20222,A,골목상권,3110816,대방역 6번,517,401,116,1,72,136,153,67,88,1,49,108,114,49,80,0,23,28,39,18,8
20222,A,골목상권,3110795,도림초등학교,533,356,177,0,20,49,80,128,256,0,8,36,48,74,190,0,12,13,32,54,66
20222,A,골목상권,3110805,신길새마을금고신길4동지점,45,27,18,0,6,12,12,8,7,0,2,7,6,5,7,0,4,5,6,3,0
20222,A,골목상권,3110797,KT대방빌딩,47,8,39,1,6,8,12,10,10,0,0,0,1,2,5,1,6,8,11,8,5
20222,D,발달상권,3120147,보라매역,1947,1238,709,5,286,452,370,367,467,2,93,310,249,264,320,3,193,142,121,103,147
20222,A,골목상권,3110760,선유도역 6번,1792,1091,701,8,273,444,499,376,192,6,170,256,275,219,165,2,103,188,224,157,27
20222,D,발달상권,3120149,여의도역(여의도),69255,45888,23367,184,11383,22550,19240,12096,3802,34,5884,14085,14147,9350,2388,150,5499,8465,5093,2746,1414
20222,D,발달상권,3120148,국회의사당역(국회의사당),31135,19451,11684,82,6815,10231,7641,4493,1873,27,3082,6187,5424,3397,1334,55,3733,4044,2217,1096,539
20222,R,전통시장,3130248,영등포역지하도상점가,69,35,34,0,9,26,17,14,3,0,6,13,9,4,3,0,3,13,8,10,0
20222,A,골목상권,3110829,장승배기역 5번,534,416,118,0,195,137,78,52,72,0,177,106,49,39,45,0,18,31,29,13,27
20222,A,골목상권,3110848,양지어린이공원,486,307,179,0,36,68,152,132,98,0,6,39,85,93,84,0,30,29,67,39,14
20222,R,전통시장,3130271,남성역골목시장,467,268,199,1,36,33,39,47,311,1,12,20,22,16,197,0,24,13,17,31,114
20222,A,골목상권,3110837,숭실대입구역 1번,360,184,176,1,39,72,80,79,89,0,19,29,39,32,65,1,20,43,41,47,24
20222,R,전통시장,3130262,상도도깨비 골목형상점가,21,13,8,0,0,4,10,4,3,0,0,4,6,1,2,0,0,0,4,3,1
20222,A,골목상권,3110825,신대방삼거리역 1번,319,207,112,0,33,63,96,72,55,0,23,41,58,47,38,0,10,22,38,25,17
20222,R,전통시장,3130261,성대전통시장(성대시장),211,104,107,0,15,47,61,61,27,0,4,26,33,23,18,0,11,21,28,38,9
20222,R,전통시장,3130264,상도약수골목형상점가,65,35,30,1,14,8,15,20,7,0,4,3,9,12,7,1,10,5,6,8,0
20222,A,골목상권,3110823,신대방삼거리역 3번,472,242,230,0,30,45,83,121,193,0,17,26,40,42,117,0,13,19,43,79,76
20222,A,골목상권,3110844,흑석2치안센터,11,7,4,0,2,2,4,0,3,0,1,2,2,0,2,0,1,0,2,0,1
20222,R,전통시장,3130282,난곡 골목형상점가,20,8,12,0,4,2,10,4,0,0,2,1,4,1,0,0,2,1,6,3,0
20222,A,골목상권,3110865,남강고등학교(남강중학교),270,116,154,4,57,53,59,61,36,2,10,23,23,31,27,2,47,30,36,30,9
20222,A,골목상권,3110902,사당역 4번,1184,729,455,1,189,266,295,248,185,0,82,168,204,156,119,1,107,98,91,92,66
20222,A,골목상권,3110887,서울산업정보학교(서울삼성초등학교),12,5,7,0,1,3,4,4,0,0,0,0,1,4,0,0,1,3,3,0,0
20222,A,골목상권,3110860,호림박물관(성보고등학교),410,314,96,1,57,102,66,110,74,1,44,84,47,78,60,0,13,18,19,32,14
20222,A,골목상권,3110883,은천초등학교(은천교앞),208,124,84,2,21,43,70,48,24,1,12,25,42,28,16,1,9,18,28,20,8
20222,R,전통시장,3130288,신림현대종합상가,2,0,2,0,1,1,0,0,0,0,0,0,0,0,0,0,1,1,0,0,0
20222,A,골목상권,3110894,관악동부센트레빌아파트(은천로35라길),20,8,12,0,2,4,3,6,5,0,0,2,1,2,3,0,2,2,2,4,2
20222,A,골목상권,3110869,"신림역 5번(신림동주민센터, 신림동별빛거리)",1026,681,345,1,79,136,248,233,329,1,36,73,143,155,273,0,43,63,105,78,56
20222,A,골목상권,3110877,신림역 8번,319,154,165,2,23,63,86,80,65,0,10,30,36,39,39,2,13,33,50,41,26
20222,R,전통시장,3130289,봉일시장,36,20,16,1,1,2,5,14,13,0,0,1,5,3,11,1,1,1,0,11,2
20222,A,골목상권,3110853,KT구로지사,217,130,87,0,21,49,65,51,31,0,9,27,44,28,22,0,12,22,21,23,9
20222,A,골목상권,3110897,서울대입구역 8번,219,139,80,0,16,45,69,64,25,0,7,24,40,44,24,0,9,21,29,20,1
20222,D,발달상권,3120167,고속터미널(고속터미널역),6925,4543,2382,24,790,1577,1689,1525,1320,10,416,1110,1328,1046,633,14,374,467,361,479,687
20222,A,골목상권,3110924,반포4동주민센터(몽마르뜨공원),1071,732,339,5,171,236,323,252,84,1,78,150,243,200,60,4,93,86,80,52,24
20222,A,골목상권,3110922,내방역 1번,219,112,107,1,42,47,47,42,40,0,13,23,27,23,26,1,29,24,20,19,14
20222,A,골목상권,3110909,남태령역(서울전자고등학교),132,97,35,1,11,29,23,34,34,1,4,19,16,29,28,0,7,10,7,5,6
20222,D,발달상권,3120163,사당역 11번(사당역먹자골목),491,290,201,0,55,119,99,86,132,0,28,73,57,50,82,0,27,46,42,36,50
20222,A,골목상권,3110929,남부터미널역 1번,21130,10703,10427,21,4446,4558,3912,7143,1050,4,1209,1890,1718,5123,759,17,3237,2668,2194,2020,291
20222,D,발달상권,3120168,서울고교교차로,794,492,302,1,124,237,200,130,102,0,48,130,143,98,73,1,76,107,57,32,29
20222,R,전통시장,3130301,양재시장,89,47,42,0,24,20,24,9,12,0,7,13,15,4,8,0,17,7,9,5,4
20222,A,골목상권,3110946,청계산원터골,41,21,20,0,2,4,8,13,14,0,2,2,6,3,8,0,0,2,2,10,6
20222,A,골목상권,3110980,개포지구대옆,663,482,181,0,90,198,202,111,62,0,45,142,168,72,55,0,45,56,34,39,7
20222,D,발달상권,3120207,선정릉역,11920,7343,4577,32,2669,4154,2699,1509,857,16,1106,2428,1922,1135,736,16,1563,1726,777,374,121
20222,D,발달상권,3120218,코엑스,290,54,236,0,116,103,58,13,0,0,13,16,16,9,0,0,103,87,42,4,0
20222,D,발달상권,3120186,가로수길,6518,3580,2938,19,1316,2133,1570,895,585,5,447,1174,950,573,431,14,869,959,620,322,154
20222,A,골목상권,3110951,신사은행나무공원,267,70,197,0,35,83,95,47,7,0,6,24,26,12,2,0,29,59,69,35,5
20222,R,전통시장,3130306,강남언주로,235,151,84,2,48,48,63,45,29,2,27,34,47,23,18,0,21,14,16,22,11
20222,D,발달상권,3120208,청담사거리(청담동명품거리),11437,5280,6157,43,3488,4035,2275,1044,552,17,1116,1816,1308,628,395,26,2372,2219,967,416,157
20222,D,발달상권,3120214,영동대교남단교차로,3984,2897,1087,7,489,1172,1107,929,280,3,271,811,865,753,194,4,218,361,242,176,86
20222,A,골목상권,3111024,경찰병원역 4번(건너말공원),240,150,90,0,27,53,63,68,29,0,16,33,45,35,21,0,11,20,18,33,8
20222,A,골목상권,3111046,마천역(마천초등학교),708,400,308,1,76,146,171,195,119,0,46,85,84,95,90,1,30,61,87,100,29
20222,A,골목상권,3111044,남천초등학교,557,264,293,1,95,146,167,113,35,0,35,71,76,56,26,1,60,75,91,57,9
20222,A,골목상권,3111019,한성백제역 3번,1458,963,495,2,199,428,415,246,168,2,101,294,294,157,115,0,98,134,121,89,53
20222,A,골목상권,3111007,석촌고분역 4번,936,480,456,0,107,215,255,242,117,0,43,116,142,109,70,0,64,99,113,133,47
20222,A,골목상권,3111004,삼전역 1번,2036,1331,705,13,263,407,504,376,473,0,108,261,337,239,386,13,155,146,167,137,87
20222,A,골목상권,3111033,문정동성당,70,30,40,0,5,4,16,16,29,0,2,3,8,9,8,0,3,1,8,7,21
20222,A,골목상권,3111018,풍납초등학교(풍납백제문화공원),26,23,3,0,1,5,10,6,4,0,1,4,8,6,4,0,0,1,2,0,0
20222,A,골목상권,3111078,굽은다리역 4번,1753,1022,731,1,135,300,379,488,450,1,75,186,215,270,275,0,60,114,164,218,175
20222,A,골목상권,3111082,중앙보훈병원,64,44,20,0,3,9,11,23,18,0,1,3,5,18,17,0,2,6,6,5,1
20222,A,골목상권,3111086,한영중고,297,202,95,1,27,45,73,101,50,1,17,22,52,69,41,0,10,23,21,32,9
20222,A,골목상권,3111051,천호역 6번,394,242,152,2,65,77,85,88,77,1,44,54,54,47,42,1,21,23,31,41,35
20222,A,골목상권,3111064,둔촌동역 4번,157,98,59,0,13,34,47,40,23,0,3,21,30,28,16,0,10,13,17,12,7
20222,A,골목상권,3111070,천호초등학교,121,70,51,1,7,20,39,27,27,0,3,9,23,16,19,1,4,11,16,11,8
20222,A,골목상권,3111057,천호공원(해공체육문화센터),254,112,142,2,53,50,64,60,25,2,15,19,30,32,14,0,38,31,34,28,11
20222,D,발달상권,3120007,북촌(안국역),10443,8282,2161,8,1148,3636,3182,1964,505,5,644,2891,2647,1702,393,3,504,745,535,262,112
20222,A,골목상권,3110018,중앙고등학교,829,408,421,0,92,166,209,160,202,0,27,55,100,80,146,0,65,111,109,80,56
20222,A,골목상권,3110006,부암동주민센터,27,16,11,0,2,7,7,5,6,0,2,5,2,3,4,0,0,2,5,2,2
20222,A,골목상권,3110012,성곡미술관,1042,489,553,0,260,329,260,111,82,0,70,152,149,69,49,0,190,177,111,42,33
20222,D,발달상권,3120002,서촌(경복궁역),1989,1071,918,37,487,674,421,221,149,0,190,387,258,131,105,37,297,287,163,90,44
20222,D,발달상권,3120005,삼청동,3049,2795,254,1,399,709,898,817,225,0,340,633,848,776,198,1,59,76,50,41,27
20222,D,발달상권,3120013,이화사거리,7536,5468,2068,8,1300,2502,2063,1294,369,1,626,1730,1678,1171,262,7,674,772,385,123,107
20222,D,발달상권,3120006,종각역,33181,16028,17153,59,5900,11133,9928,5489,672,14,2254,4920,4677,3672,491,45,3646,6213,5251,1817,181
20222,A,골목상권,3110019,창덕궁,325,215,110,0,47,91,82,71,34,0,21,65,53,49,27,0,26,26,29,22,7
20222,R,전통시장,3130016,동대문상가B동,2,1,1,0,0,1,1,0,0,0,0,0,1,0,0,0,0,1,0,0,0
20222,R,전통시장,3130019,동대문상가D동,29,22,7,0,6,6,5,4,8,0,4,3,4,4,7,0,2,3,1,0,1
20222,R,전통시장,3130001,통인시장,63,31,32,0,4,16,12,13,18,0,2,4,7,7,11,0,2,12,5,6,7
20222,D,발달상권,3120037,동대문역사문화공원역,35317,17057,18260,421,11234,9194,6979,5237,2252,180,5605,5543,3901,1328,500,241,5629,3651,3078,3909,1752
20222,A,골목상권,3110052,장충초등학교,484,281,203,0,43,100,132,130,79,0,16,63,75,82,45,0,27,37,57,48,34
20222,D,발달상권,3120026,을지로입구역,30610,18501,12109,14,4275,11589,8473,5661,598,4,1729,5846,5959,4562,401,10,2546,5743,2514,1099,197
20222,A,골목상권,3110038,경향신문사,1096,759,337,0,195,395,283,181,42,0,63,266,227,165,38,0,132,129,56,16,4
20222,R,전통시장,3130035,방산종합시장(방산시장),1190,736,454,1,96,200,284,312,297,0,56,117,154,191,218,1,40,83,130,121,79
20222,R,전통시장,3130033,대림상가(청계상가),169,121,48,0,7,29,54,39,40,0,3,19,35,30,34,0,4,10,19,9,6
20222,R,전통시장,3130034,필동 골목형상점가,14,7,7,0,2,4,5,2,1,0,1,2,2,2,0,0,1,2,3,0,1
20222,D,발달상권,3120042,"숙대입구역(남영역, 남영동)",4057,2797,1260,20,750,1490,1024,558,215,8,370,894,831,510,184,12,380,596,193,48,31
20222,A,골목상권,3110092,NH농협은행 보광동지점,468,168,300,0,90,111,103,94,70,0,11,47,34,33,43,0,79,64,69,61,27
20222,A,골목상권,3110083,서빙고역 1번,149,109,40,0,26,53,42,14,14,0,13,42,29,12,13,0,13,11,13,2,1
20222,A,골목상권,3110060,효창공원앞역 6번,287,170,117,0,28,62,80,73,44,0,10,34,48,47,31,0,18,28,32,26,13
20222,A,골목상권,3110068,남영역 1번,1090,615,475,8,161,257,250,224,190,6,60,135,151,138,125,2,101,122,99,86,65
20222,R,전통시장,3130058,이촌종합시장,109,78,31,0,13,19,25,26,26,0,7,12,15,21,23,0,6,7,10,5,3
20222,A,골목상권,3110091,리움미술관,1106,810,296,0,216,345,343,155,47,0,117,236,293,128,36,0,99,109,50,27,11
20222,A,골목상권,3110061,효창동주민센터,478,306,172,1,61,91,154,113,58,1,38,53,100,67,47,0,23,38,54,46,11
20222,A,골목상권,3110122,마장역 2번,461,270,191,1,60,87,116,112,85,1,32,59,68,60,50,0,28,28,48,52,35
20222,R,전통시장,3130068,마장축산물시장,975,630,345,1,102,202,250,248,172,1,68,127,155,165,114,0,34,75,95,83,58
20222,A,골목상권,3110125,사근동살곶이상점가,135,83,52,2,25,39,35,21,13,2,13,21,24,13,10,0,12,18,11,8,3
20222,R,전통시장,3130070,뚝섬역상점가,1017,698,319,6,178,260,218,222,133,4,105,180,144,157,108,2,73,80,74,65,25
20222,R,전통시장,3130066,행당시장상점가,360,178,182,0,42,76,102,95,45,0,17,37,53,44,27,0,25,39,49,51,18
20222,A,골목상권,3110178,장로회신학대학교,165,108,57,0,21,38,33,47,26,0,13,31,16,34,14,0,8,7,17,13,12
20222,A,골목상권,3110147,능동우편취급국,815,464,351,4,120,172,160,137,222,2,56,88,104,77,137,2,64,84,56,60,85
20222,A,골목상권,3110154,광진정말공원,255,146,109,1,31,54,61,65,43,1,16,34,30,34,31,0,15,20,31,31,12
20222,A,골목상권,3110151,자양한강도서관,249,175,74,4,35,52,63,66,29,3,24,37,49,41,21,1,11,15,14,25,8
20222,R,전통시장,3130083,"중곡제일시장(중곡제일골목시장, 광성시장)",111,68,43,0,15,21,29,24,22,0,7,14,20,10,17,0,8,7,9,14,5
20222,A,골목상권,3110162,군자역 4번,618,370,248,0,127,163,133,111,84,0,98,119,77,43,33,0,29,44,56,68,51
20222,A,골목상권,3110171,중곡4동주민센터,59,36,23,0,4,8,7,22,18,0,1,2,3,15,15,0,3,6,4,7,3
20222,R,전통시장,3130079,한아름시장,40,29,11,0,5,6,6,10,13,0,4,4,5,6,10,0,1,2,1,4,3
20222,A,골목상권,3110217,자동차부품상가,506,391,115,1,34,105,144,124,98,1,25,88,116,84,77,0,9,17,28,40,21
20222,A,골목상권,3110225,촬영소사거리,330,204,126,0,22,36,68,83,121,0,9,25,42,55,73,0,13,11,26,28,48
20222,A,골목상권,3110218,답십리사거리,158,83,75,0,14,25,45,60,14,0,5,12,22,33,11,0,9,13,23,27,3
20222,A,골목상권,3110188,용두동신동아아파트,807,607,200,8,104,178,229,191,97,2,68,150,181,132,74,6,36,28,48,59,23
20222,A,골목상권,3110184,용두사거리,398,205,193,0,77,135,72,64,50,0,37,51,33,45,39,0,40,84,39,19,11
20222,A,골목상권,3110213,청량초등학교,124,81,43,0,19,57,17,15,16,0,7,41,13,7,13,0,12,16,4,8,3
20222,A,골목상권,3110220,외대앞역 1번,193,111,82,0,28,37,54,47,27,0,7,18,33,34,19,0,21,19,21,13,8
20222,A,골목상권,3110230,장안현대홈타운1차아파트,161,101,60,0,15,32,52,45,17,0,6,22,33,28,12,0,9,10,19,17,5
20222,A,골목상권,3110216,전농중학교,208,68,140,1,32,48,62,50,15,1,11,14,18,18,6,0,21,34,44,32,9
20222,R,전통시장,3130091,청량종합도매시장,36,27,9,0,1,3,11,14,7,0,0,3,8,10,6,0,1,0,3,4,1
20222,A,골목상권,3110275,하나은행 망우동지점,63,33,30,0,4,9,19,16,15,0,3,6,9,5,10,0,1,3,10,11,5
20222,R,전통시장,3130112,사가정시장,86,28,58,0,13,17,24,19,13,0,0,3,6,8,11,0,13,14,18,11,2
20222,R,전통시장,3130109,묵1동도깨비시장,47,33,14,0,2,9,16,9,11,0,1,5,13,5,9,0,1,4,3,4,2
20222,R,전통시장,3130107,중랑동부시장(중랑교종합상가),13,3,10,0,0,1,4,5,3,0,0,0,0,1,2,0,0,1,4,4,1
20222,A,골목상권,3110276,신내IC북측,29,18,11,0,1,4,8,9,7,0,0,3,5,6,4,0,1,1,3,3,3
20222,A,골목상권,3110240,태릉시장 특화거리,97,39,58,2,20,13,28,16,18,1,3,8,7,8,12,1,17,5,21,8,6
20222,A,골목상권,3110299,정릉역 1번,372,241,131,1,33,49,83,95,111,0,9,12,40,74,106,1,24,37,43,21,5
20222,A,골목상권,3110302,보문역 8번,3797,3177,620,1,364,1434,710,823,465,1,252,1274,656,702,292,0,112,160,54,121,173
20222,A,골목상권,3110333,돌곶이역 5번,988,746,242,0,15,23,38,74,838,0,2,13,20,42,669,0,13,10,18,32,169
20222,D,발달상권,3120074,안암역,59,28,31,1,12,16,12,8,10,0,5,9,7,2,5,1,7,7,5,6,5
20222,R,전통시장,3130125,장위전통시장,40,20,20,0,5,6,7,8,14,0,0,2,5,5,8,0,5,4,2,3,6
20222,A,골목상권,3110295,정릉우체국,679,248,431,0,166,178,163,119,53,0,36,67,49,52,44,0,130,111,114,67,9
20222,A,골목상권,3110290,북한산보국문역 1번,96,78,18,0,2,9,29,37,19,0,1,8,23,30,16,0,1,1,6,7,3
20222,A,골목상권,3110284,정릉북한산국립공원입구,562,506,56,0,5,59,181,229,88,0,4,49,161,211,81,0,1,10,20,18,7
20222,A,골목상권,3110315,종암아이파크2차,124,78,46,0,11,17,41,38,17,0,4,9,27,25,13,0,7,8,14,13,4
20222,A,골목상권,3110311,종암아이파크2차후문,18,9,9,0,0,2,8,3,5,0,0,1,3,1,4,0,0,1,5,2,1
20222,D,발달상권,3120077,미아역,218,97,121,0,32,37,52,64,33,0,11,8,18,38,22,0,21,29,34,26,11
20222,A,골목상권,3110355,삼양사거리역 2번,306,254,52,0,8,26,44,103,125,0,1,10,31,94,118,0,7,16,13,9,7
20222,R,전통시장,3130135,수유중앙골목시장(수유중앙시장),24,12,12,0,0,3,4,5,12,0,0,2,2,0,8,0,0,1,2,5,4
20222,A,골목상권,3110372,강북중학교,188,100,88,0,21,43,50,48,26,0,17,25,18,20,20,0,4,18,32,28,6
20222,R,전통시장,3130129,장미원골목시장,911,571,340,0,15,14,38,89,755,0,1,4,12,40,514,0,14,10,26,49,241
20222,R,전통시장,3130130,수유북부골목시장,20,14,6,0,1,1,7,5,6,0,0,0,6,3,5,0,1,1,1,2,1
20222,A,골목상권,3110405,방학역 1번,1123,365,758,3,130,176,308,427,79,3,67,109,82,70,34,0,63,67,226,357,45
20222,R,전통시장,3130151,신도봉시장,5,5,0,0,1,0,2,2,0,0,1,0,2,2,0,0,0,0,0,0,0
20222,A,골목상권,3110407,도봉역 2번,560,337,223,1,32,75,115,203,134,1,8,40,57,126,105,0,24,35,58,77,29
20222,R,전통시장,3130152,오!도봉거리 상점가,42,17,25,0,4,14,15,6,3,0,0,5,7,4,1,0,4,9,8,2,2
20222,A,골목상권,3110412,창동중학교,25,23,2,0,4,7,3,4,7,0,3,7,3,3,7,0,1,0,0,1,0
20222,R,전통시장,3130148,방학동도깨비시장,39,16,23,0,2,6,12,12,7,0,0,1,5,8,2,0,2,5,7,4,5
20222,A,골목상권,3110394,방학중학교,214,133,81,0,19,35,50,54,56,0,12,20,26,35,40,0,7,15,24,19,16
20222,A,골목상권,3110384,문이교,261,139,122,0,38,20,56,85,62,0,12,8,21,51,47,0,26,12,35,34,15
20222,A,골목상권,3110388,도봉우체국,35,23,12,0,4,3,10,14,4,0,2,2,7,8,4,0,2,1,3,6,0
20222,A,골목상권,3110442,화랑대철도공원,76,20,56,0,1,4,14,49,8,0,0,2,4,10,4,0,1,2,10,39,4
20222,A,골목상권,3110424,상계초등학교,388,157,231,2,42,50,96,106,92,2,18,32,32,42,31,0,24,18,64,64,61
20222,A,골목상권,3110437,당고개역 2번,116,40,76,0,16,23,25,41,11,0,5,11,9,10,5,0,11,12,16,31,6
20222,A,골목상권,3110439,당고개역 5번,96,45,51,0,4,14,12,32,34,0,0,10,6,16,13,0,4,4,6,16,21
20222,A,골목상권,3110440,상계3동4동주민센터,49,16,33,0,8,6,15,10,10,0,1,1,4,2,8,0,7,5,11,8,2
20222,A,골목상권,3110420,광운대역 1번,796,472,324,7,233,310,184,40,22,0,114,234,89,21,14,7,119,76,95,19,8
20222,A,골목상권,3110431,상계역,124,72,52,1,16,24,28,37,18,0,2,13,17,27,13,1,14,11,11,10,5
20222,A,골목상권,3110467,은평요양병원,487,284,203,3,90,154,110,68,62,2,46,100,61,37,38,1,44,54,49,31,24
20222,A,골목상권,3110454,선정중학교,481,268,213,3,56,71,142,108,101,2,42,35,53,66,70,1,14,36,89,42,31
20222,A,골목상권,3110447,구산초등학교,48,43,5,0,5,15,10,5,13,0,4,15,8,5,11,0,1,0,2,0,2
20222,A,골목상권,3110453,신사1동주민센터,515,288,227,0,43,81,121,155,115,0,20,25,65,85,93,0,23,56,56,70,22
20222,A,골목상권,3110448,상신초등학교입구,120,76,44,1,20,27,26,26,20,1,17,17,12,14,15,0,3,10,14,12,5
20222,A,골목상권,3110466,구산역 2번,87,46,41,0,12,17,26,24,8,0,4,5,16,15,6,0,8,12,10,9,2
20222,R,전통시장,3130166,응암시장(신응암시장),17,10,7,0,0,3,2,5,7,0,0,0,1,3,6,0,0,3,1,2,1
20222,A,골목상권,3110498,증산역 1번,222,102,120,0,15,32,75,68,32,0,7,9,31,32,23,0,8,23,44,36,9
20222,A,골목상권,3110444,수색성당,157,57,100,0,17,39,47,45,9,0,6,14,14,16,7,0,11,25,33,29,2
20222,R,전통시장,3130162,증산골목시장,7,3,4,0,0,2,2,1,2,0,0,0,0,1,2,0,0,2,2,0,0
20222,A,골목상권,3110496,모래내우체국,611,333,278,2,88,190,160,89,82,2,20,100,117,42,52,0,68,90,43,47,30
20222,R,전통시장,3130181,아현가구거리상점가,59,30,29,0,8,11,13,10,17,0,0,7,9,4,10,0,8,4,4,6,7
20222,A,골목상권,3110506,연희임광아파트,110,66,44,0,5,12,39,29,25,0,1,8,20,19,18,0,4,4,19,10,7
20222,A,골목상권,3110505,홍남교남측,14,9,5,0,1,0,3,7,3,0,0,0,2,5,2,0,1,0,1,2,1
20222,A,골목상권,3110510,홍연시장,100,59,41,0,10,14,33,27,16,0,5,6,22,14,12,0,5,8,11,13,4
20222,R,전통시장,3130180,포방터시장,59,34,25,0,13,11,15,6,14,0,4,4,11,5,10,0,9,7,4,1,4
20222,A,골목상권,3110521,홍제역 4번,63,36,27,0,4,7,19,17,16,0,0,4,10,9,13,0,4,3,9,8,3
20222,A,골목상권,3110529,홍제3동주민센터,125,58,67,0,13,20,27,25,40,0,2,5,8,14,29,0,11,15,19,11,11
20222,R,전통시장,3130177,인왕시장(홍제골목형상점가),44,7,37,0,1,1,8,7,27,0,0,0,1,3,3,0,1,1,7,4,24
20222,A,골목상권,3110589,애오개역 3번,46,13,33,0,3,3,15,11,14,0,0,1,4,6,2,0,3,2,11,5,12
20222,R,전통시장,3130195,도화동 상점가,1040,502,538,2,201,267,226,153,191,1,86,132,121,88,74,1,115,135,105,65,117
20222,R,전통시장,3130186,망원시장,143,53,90,0,9,23,40,41,30,0,6,11,14,10,12,0,3,12,26,31,18
20222,A,골목상권,3110542,마포구청역 7번,3997,2442,1555,16,527,714,775,1304,661,9,297,578,604,586,368,7,230,136,171,718,293
20222,D,발달상권,3120098,DMC(디지털미디어시티),8846,5391,3455,19,1691,3228,2856,875,177,11,813,1995,1821,616,135,8,878,1233,1035,259,42
20222,A,골목상권,3110561,상수역 4번,395,247,148,4,59,102,94,89,47,2,21,56,64,68,36,2,38,46,30,21,11
20222,R,전통시장,3130191,홍대 걷고싶은 거리,367,225,142,6,65,65,81,82,68,4,40,41,54,47,39,2,25,24,27,35,29
20222,A,골목상권,3110552,성미산체육관,637,465,172,1,110,159,145,158,64,0,72,120,98,128,47,1,38,39,47,30,17
20222,A,골목상권,3110553,가좌역 2번,281,167,114,0,26,51,79,81,44,0,16,28,44,43,36,0,10,23,35,38,8
20222,A,골목상권,3110570,KB국민은행 서강지점,61,39,22,0,4,22,18,12,5,0,4,13,10,7,5,0,0,9,8,5,0
20222,R,전통시장,3130193,신수시장,34,19,15,0,4,7,12,5,6,0,1,5,5,4,4,0,3,2,7,1,2
20222,A,골목상권,3110624,목동문화체육센터,379,232,147,0,93,117,75,63,31,0,40,79,46,48,19,0,53,38,29,15,12
20222,A,골목상권,3110626,양화초등학교,652,271,381,1,127,138,149,147,90,0,37,57,76,63,38,1,90,81,73,84,52
20222,A,골목상권,3110620,목동보건지소,458,241,217,4,51,85,105,125,88,4,20,48,50,65,54,0,31,37,55,60,34
20222,D,발달상권,3120111,목동사거리,1828,710,1118,1,551,601,341,219,115,0,101,248,161,116,84,1,450,353,180,103,31
20222,R,전통시장,3130202,신영시장,40,13,27,0,3,4,13,16,4,0,2,0,3,6,2,0,1,4,10,10,2
20222,R,전통시장,3130201,월정로시장,27,17,10,0,2,8,10,7,0,0,0,7,6,4,0,0,2,1,4,3,0
20222,A,골목상권,3110606,신한은행 신월동지점,544,307,237,1,49,83,152,152,107,1,26,44,84,72,80,0,23,39,68,80,27
20222,A,골목상권,3110613,신정네거리역 4번,80,20,60,0,8,25,24,19,4,0,2,6,7,4,1,0,6,19,17,15,3
20222,A,골목상권,3110657,양천향교역 5번,3180,2118,1062,12,334,603,741,695,795,8,191,396,493,385,645,4,143,207,248,310,150
20222,A,골목상권,3110648,양천향교역 7번,13,5,8,0,1,7,1,3,1,0,0,3,1,1,0,0,1,4,0,2,1
20222,A,골목상권,3110671,등촌1동주민센터,4521,2889,1632,8,1208,1381,956,636,332,2,375,916,788,522,286,6,833,465,168,114,46
20222,R,전통시장,3130214,송화벽화시장(송화골목시장),119,44,75,2,23,18,25,33,18,0,6,7,9,13,9,2,17,11,16,20,9
20222,A,골목상권,3110668,화곡2동주민센터,471,278,193,0,55,70,139,127,80,0,22,33,81,77,65,0,33,37,58,50,15
20222,A,골목상권,3110646,푸른들청소년도서관,754,384,370,1,92,113,198,187,163,1,26,47,97,99,114,0,66,66,101,88,49
20222,R,전통시장,3130221,"남부골목시장(남부화곡시장, 남부시장)",188,69,119,0,22,32,50,57,27,0,5,5,15,22,22,0,17,27,35,35,5
20222,A,골목상권,3110658,화곡초등학교,253,153,100,0,21,55,62,69,46,0,10,35,36,44,28,0,11,20,26,25,18
20222,A,골목상권,3110721,가리봉파출소,215,104,111,1,6,36,42,42,88,0,2,19,17,22,44,1,4,17,25,20,44
20222,A,골목상권,3110703,개봉역,307,192,115,4,28,54,91,77,53,3,16,30,54,49,40,1,12,24,37,28,13
20222,A,골목상권,3110706,그라운드 고척,410,100,310,0,122,101,101,68,18,0,22,20,28,20,10,0,100,81,73,48,8
20222,A,골목상권,3110701,고척동성당,567,379,188,2,126,185,125,92,37,0,81,133,82,54,29,2,45,52,43,38,8
20222,A,골목상권,3110709,구로119안전센터,185,108,77,0,19,22,56,51,37,0,14,13,36,29,16,0,5,9,20,22,21
20222,A,골목상권,3110716,구로나눔길,666,398,268,1,132,256,164,77,36,0,39,154,115,60,30,1,93,102,49,17,6
20222,D,발달상권,3120125,구로역,9531,6476,3055,29,1115,2177,2439,2305,1466,14,646,1505,1615,1580,1116,15,469,672,824,725,350
20222,A,골목상권,3110693,오류동역 4번,17,9,8,0,1,3,5,4,4,0,1,3,2,2,1,0,0,0,3,2,3
20222,A,골목상권,3110741,독산2동주민센터,444,159,285,0,69,117,96,108,54,0,43,35,26,33,22,0,26,82,70,75,32
20222,A,골목상권,3110789,대림성모병원,491,182,309,0,104,137,115,93,42,0,16,44,49,43,30,0,88,93,66,50,12
20222,A,골목상권,3110769,대림차이나타운(대림역 12번),42,12,30,0,6,8,12,10,6,0,0,3,4,3,2,0,6,5,8,7,4
20222,R,전통시장,3130244,대림중앙시장,94,39,55,3,15,16,21,16,23,2,10,8,10,5,4,1,5,8,11,11,19
20222,A,골목상권,3110772,신우어린이공원,94,55,39,0,9,15,22,26,22,0,5,8,12,19,11,0,4,7,10,7,11
20222,A,골목상권,3110785,영등포푸르지오아파트,161,84,77,2,13,17,39,44,46,2,8,12,24,14,24,0,5,5,15,30,22
20222,A,골목상권,3110761,문래동남성맨션,180,106,74,0,13,43,45,41,38,0,8,17,26,25,30,0,5,26,19,16,8
20222,R,전통시장,3130245,영일시장,675,567,108,1,61,189,238,136,50,0,41,148,217,115,46,1,20,41,21,21,4
20222,A,골목상권,3110758,문래소공원,296,221,75,1,44,77,70,67,37,0,32,60,46,52,31,1,12,17,24,15,6
20222,A,골목상권,3110815,공군호텔,2250,791,1459,4,426,519,477,509,315,0,88,197,168,172,166,4,338,322,309,337,149
20222,A,골목상권,3110787,신길3동주민센터,171,122,49,0,19,35,47,42,28,0,8,25,36,31,22,0,11,10,11,11,6
20222,A,골목상권,3110780,신길대성유니드아파트,223,171,52,0,22,42,71,56,32,0,18,34,51,41,27,0,4,8,20,15,5
20222,A,골목상권,3110804,신풍역 1번,312,187,125,0,15,37,62,63,135,0,4,15,29,35,104,0,11,22,33,28,31
20222,D,발달상권,3120150,63빌딩,8614,5431,3183,45,1167,2157,2997,1883,365,18,610,1437,1563,1568,235,27,557,720,1434,315,130
20222,D,발달상권,3120144,영중로,2017,1073,944,1,254,395,508,598,261,1,142,276,289,230,135,0,112,119,219,368,126
20222,A,골목상권,3110808,신길역 1번,67,48,19,0,3,22,21,13,8,0,3,15,14,9,7,0,0,7,7,4,1
20222,A,골목상권,3110832,노량진초등학교,491,269,222,0,54,105,122,153,57,0,24,64,85,70,26,0,30,41,37,83,31
20222,A,골목상권,3110822,신대방삼거리역 4번(대림초등학교),313,131,182,0,57,71,68,76,41,0,13,28,34,35,21,0,44,43,34,41,20
20222,A,골목상권,3110850,사당역 10번,969,487,482,4,217,207,185,162,194,1,54,88,92,95,157,3,163,119,93,67,37
20222,R,전통시장,3130273,남성사계시장(남성시장),141,63,78,0,21,36,45,22,17,0,3,19,20,8,13,0,18,17,25,14,4
20222,R,전통시장,3130260,신대방1동골목상권,70,31,39,0,8,22,15,15,10,0,0,7,7,10,7,0,8,15,8,5,3
20222,R,전통시장,3130281,우림시장,1,0,1,0,0,0,1,0,0,0,0,0,0,0,0,0,0,0,1,0,0
20222,A,골목상권,3110859,난향초등학교,182,113,69,0,11,32,42,52,45,0,0,21,27,30,35,0,11,11,15,22,10
20222,A,골목상권,3110886,관악해태어린이공원,184,103,81,1,38,50,41,34,20,1,18,28,21,23,12,0,20,22,20,11,8
20222,A,골목상권,3110880,신림역 1번,995,275,720,0,379,296,157,128,35,0,78,87,66,33,11,0,301,209,91,95,24
20222,A,골목상권,3110888,청룡동주민센터,94,53,41,0,5,9,11,22,47,0,3,2,4,6,38,0,2,7,7,16,9
20222,A,골목상권,3110896,관악우성아파트,202,49,153,0,41,37,44,47,33,0,5,7,11,13,13,0,36,30,33,34,20
20222,A,골목상권,3110948,헌인가구단지,57,27,30,0,5,24,14,11,3,0,4,12,6,2,3,0,1,12,8,9,0
20222,D,발달상권,3120165,서래마을카페거리(서래마을),3467,2266,1201,11,605,1119,949,516,267,3,277,716,707,369,194,8,328,403,242,147,73
20222,A,골목상권,3110921,서울프랑스학교,506,312,194,7,63,70,115,134,117,2,30,43,80,86,71,5,33,27,35,48,46
20222,A,골목상권,3110907,방배초등학교,775,476,299,8,119,165,211,143,129,5,54,100,118,95,104,3,65,65,93,48,25
20222,A,골목상권,3110912,방배동사이길,210,128,82,3,33,45,53,42,34,2,16,27,39,21,23,1,17,18,14,21,11
20222,A,골목상권,3110933,한국상담대학원대학교,679,60,619,0,344,156,86,63,30,0,10,15,15,5,15,0,334,141,71,58,15
20222,D,발달상권,3120172,교대입구교차로,10241,5712,4529,53,2062,2700,2445,1945,1036,33,854,1635,1489,1004,697,20,1208,1065,956,941,339
20222,A,골목상권,3110935,한전아트센터,379,264,115,2,53,108,105,72,39,2,33,82,75,46,26,0,20,26,30,26,13
20222,D,발달상권,3120192,뱅뱅사거리,27363,18865,8498,72,5748,8234,6678,4352,2279,37,3275,5587,5090,3174,1702,35,2473,2647,1588,1178,577
20222,D,발달상권,3120180,양재화물트럭터미널앞,2562,2146,416,13,637,812,554,409,137,10,466,711,481,363,115,3,171,101,73,46,22
20222,A,골목상권,3110984,포이초등학교(개포목련어린이공원),1556,1046,510,2,236,342,331,306,339,0,140,241,211,199,255,2,96,101,120,107,84
20222,D,발달상권,3120190,강남을지병원,11725,6199,5526,44,3417,3232,2506,1512,1014,14,1228,1650,1567,988,752,30,2189,1582,939,524,262
20222,D,발달상권,3120196,서울세관,9664,5880,3784,15,1699,2887,2578,1611,874,2,596,1519,1718,1320,725,13,1103,1368,860,291,149
20222,D,발달상권,3120200,학동사거리,9363,3808,5555,26,2868,3075,1848,1005,541,9,654,1122,937,687,399,17,2214,1953,911,318,142
20222,D,발달상권,3120223,휘문고교사거리,9166,5574,3592,20,1785,2926,2736,1401,298,4,1102,2061,1597,609,201,16,683,865,1139,792,97
20222,A,골목상권,3110975,매봉역 1번,10837,6932,3905,34,2175,2199,3202,3019,208,21,1010,1161,2184,2402,154,13,1165,1038,1018,617,54
20222,A,골목상권,3110978,도곡2동주민센터(대치중학교),331,186,145,0,46,70,72,114,29,0,20,41,47,62,16,0,26,29,25,52,13
20222,A,골목상권,3110974,언주중학교,278,168,110,3,58,66,85,43,23,3,25,39,59,27,15,0,33,27,26,16,8
20222,D,발달상권,3120188,압구정역,8579,3750,4829,134,2204,2146,1550,1314,1231,47,698,969,897,556,583,87,1506,1177,653,758,648
20222,D,발달상권,3120202,압구정로데오역(압구정로데오),11735,6075,5660,41,2963,4419,2469,1425,418,11,793,2184,1593,1195,299,30,2170,2235,876,230,119
20222,A,골목상권,3110971,선정릉역 4번,1542,900,642,11,278,455,380,254,164,6,140,270,245,120,119,5,138,185,135,134,45
20222,D,발달상권,3120239,오금역,4595,2925,1670,17,840,1205,1156,897,480,11,447,798,824,483,362,6,393,407,332,414,118
20222,D,발달상권,3120241,거여역,1197,650,547,5,110,221,296,277,288,2,80,152,161,83,172,3,30,69,135,194,116
20222,A,골목상권,3111026,문정역 2번,2257,1479,778,7,430,626,537,409,248,3,235,420,381,229,211,4,195,206,156,180,37
20222,A,골목상권,3111017,송파나루역 3번,272,183,89,0,40,62,62,63,45,0,14,42,42,45,40,0,26,20,20,18,5
20222,A,골목상권,3111010,석촌역 7번,1512,1031,481,3,181,309,376,339,304,1,98,190,261,234,247,2,83,119,115,105,57
20222,A,골목상권,3111040,거여초등학교,346,137,209,0,26,86,124,77,33,0,9,27,48,30,23,0,17,59,76,47,10
20222,A,골목상권,3111034,오동나무공원(송파레미니스1단지),1465,1038,427,3,253,373,355,322,159,3,163,257,267,226,122,0,90,116,88,96,37
20222,A,골목상권,3111030,방이역 2번,665,419,246,1,57,107,147,217,136,0,28,68,94,128,101,1,29,39,53,89,35
20222,D,발달상권,3120225,잠실새내역(신천),5597,3589,2008,25,909,1191,1223,1162,1087,3,464,712,794,811,805,22,445,479,429,351,282
20222,A,골목상권,3111085,묘곡초등학교(고덕아이파크아파트),800,452,348,0,68,111,152,196,273,0,35,72,80,84,181,0,33,39,72,112,92
20222,A,골목상권,3111077,길동주민센터(강동도서관),1272,737,535,4,121,258,294,321,274,1,49,138,167,188,194,3,72,120,127,133,80
20222,R,전통시장,3130324,길동복조리시장,154,85,69,3,27,32,47,40,5,2,13,18,31,19,2,1,14,14,16,21,3
20222,D,발달상권,3120245,둔촌역,1884,1135,749,7,312,460,446,371,288,6,169,309,271,195,185,1,143,151,175,176,103
20222,A,골목상권,3111076,둔촌2동주민센터,297,174,123,0,25,49,61,86,76,0,14,24,34,39,63,0,11,25,27,47,13
20222,A,골목상권,3111080,굽은다리역 3번,434,235,199,0,44,77,100,110,103,0,12,52,63,58,50,0,32,25,37,52,53
20222,R,전통시장,3130320,암사종합시장,173,97,76,1,16,29,50,31,46,1,5,12,31,19,29,0,11,17,19,12,17
20222,R,전통시장,3130002,세종마을음식문화거리(금천교시장),564,392,172,4,56,109,120,121,154,0,26,74,75,90,127,4,30,35,45,31,27
20222,A,골목상권,3110037,신설동역 12번,208,124,84,0,16,46,51,61,34,0,6,20,32,41,25,0,10,26,19,20,9
20222,D,발달상권,3120014,종로5가역,4887,2839,2048,375,1123,1351,1205,597,236,112,456,860,851,397,163,263,667,491,354,200,73
20222,A,골목상권,3110029,동대문역 1번,247,68,179,0,11,34,64,82,56,0,1,8,25,21,13,0,10,26,39,61,43
20222,A,골목상권,3110021,성균관대학교,395,301,94,2,16,44,110,145,78,2,7,29,89,124,50,0,9,15,21,21,28
20222,R,전통시장,3130032,인현시장,167,123,44,0,3,25,47,54,38,0,3,16,35,40,29,0,0,9,12,14,9
20222,A,골목상권,3110056,신당역 3번,514,293,221,0,62,129,118,115,90,0,31,63,69,72,58,0,31,66,49,43,32
20222,D,발달상권,3120027,명동역(명동재미로),18097,8477,9620,67,2695,5851,6070,3074,340,9,859,2588,2522,2321,178,58,1836,3263,3548,753,162
20222,R,전통시장,3130054,황학동주방가구거리상점가,374,266,108,0,25,80,116,106,47,0,18,60,77,74,37,0,7,20,39,32,10
20222,A,골목상권,3110050,약수역 7번,306,229,77,0,34,81,75,74,42,0,21,59,60,56,33,0,13,22,15,18,9
20222,A,골목상권,3110042,남산골공원옆,683,424,259,3,91,156,195,166,72,0,37,89,131,121,46,3,54,67,64,45,26
20222,A,골목상권,3110088,오산고등학교,101,51,50,0,22,20,19,15,25,0,9,9,8,8,17,0,13,11,11,7,8
20222,A,골목상권,3110090,한국폴리텍대학서울정수캠퍼스,3968,2447,1521,1,446,1358,1632,500,31,1,173,548,1231,467,27,0,273,810,401,33,4
20222,A,골목상권,3110063,효창공원앞역 5번,530,347,183,8,47,104,139,132,100,6,25,71,93,87,65,2,22,33,46,45,35
20222,D,발달상권,3120040,용산전자상가(용산역),8008,5959,2049,43,1387,2728,2220,1237,393,30,880,2009,1728,997,315,13,507,719,492,240,78
20222,A,골목상권,3110058,성심여자고등학교,1189,857,332,10,168,333,362,206,110,3,77,243,278,166,90,7,91,90,84,40,20
20222,A,골목상권,3110087,이태원엔틱가구거리,329,113,216,0,151,130,29,10,9,0,26,52,19,8,8,0,125,78,10,2,1
20222,A,골목상권,3110067,배문고등학교,1547,895,652,1,215,370,383,320,258,0,84,173,199,225,214,1,131,197,184,95,44
20222,D,발달상권,3120047,한남오거리,2290,1458,832,11,366,751,623,343,196,9,152,461,438,249,149,2,214,290,185,94,47
20222,A,골목상권,3110098,서울독일학교,242,91,151,0,57,85,68,23,9,0,15,22,34,15,5,0,42,63,34,8,4
20222,A,골목상권,3110096,한남힐사이드아파트,502,337,165,3,155,183,85,47,29,3,89,132,63,26,24,0,66,51,22,21,5
20222,D,발달상권,3120048,금호역,76,28,48,0,16,10,18,21,11,0,2,2,6,11,7,0,14,8,12,10,4
20222,R,전통시장,3130063,신금호역 골목형상점가,30,21,9,0,2,4,5,9,10,0,1,3,4,7,6,0,1,1,1,2,4
20222,A,골목상권,3110119,마장지하차도,127,89,38,0,17,26,32,26,26,0,12,22,19,18,18,0,5,4,13,8,8
20222,A,골목상권,3110131,성수동카페거리,4798,3110,1688,15,902,1536,1123,699,523,9,460,993,777,497,374,6,442,543,346,202,149
20222,A,골목상권,3110134,성수119안전센터,771,587,184,4,65,108,185,252,157,4,38,78,143,200,124,0,27,30,42,52,33
20222,A,골목상권,3110136,경수초등학교,4745,2743,2002,43,1169,1097,978,875,583,32,439,633,615,593,431,11,730,464,363,282,152
20222,A,골목상권,3110100,옥수동우편취급국,37,26,11,0,5,17,8,5,2,0,0,14,6,4,2,0,5,3,2,1,0
20222,A,골목상권,3110118,왕십리역 9번,697,487,210,1,90,182,204,129,91,0,62,110,144,93,78,1,28,72,60,36,13
20222,D,발달상권,3120061,올림픽대교북단,1094,864,230,1,228,403,324,95,43,0,165,326,290,55,28,1,63,77,34,40,15
20222,D,발달상권,3120056,구의역,1879,884,995,6,322,352,510,413,276,6,105,129,223,246,175,0,217,223,287,167,101
20222,D,발달상권,3120059,구삼강변맛길,3277,1779,1498,6,431,676,553,747,864,4,244,472,365,322,372,2,187,204,188,425,492
20222,A,골목상권,3110149,세종대학교,122,72,50,0,15,21,31,23,32,0,8,13,19,7,25,0,7,8,12,16,7
20222,A,골목상권,3110155,광진구청,8356,7701,655,0,240,853,2408,4046,809,0,172,765,2256,3748,760,0,68,88,152,298,49
20222,A,골목상권,3110139,자양4동주민센터,204,116,88,0,13,28,53,51,59,0,3,14,32,25,42,0,10,14,21,26,17
20222,R,전통시장,3130077,조양시장,31,19,12,0,11,7,8,5,0,0,6,5,4,4,0,0,5,2,4,1,0
20222,A,골목상권,3110167,용마초등학교,380,223,157,2,22,56,99,112,89,0,9,20,52,64,78,2,13,36,47,48,11
20222,A,골목상권,3110176,해오름공원,791,439,352,1,84,212,229,173,92,1,32,119,126,91,70,0,52,93,103,82,22
20222,A,골목상권,3110204,간데메공원,411,268,143,3,83,97,82,89,57,3,57,64,46,58,40,0,26,33,36,31,17
20222,A,골목상권,3110226,장안1동주민센터,1882,1005,877,2,147,247,333,512,641,2,87,148,213,253,302,0,60,99,120,259,339
20222,A,골목상권,3110211,전곡마을마당공원,626,445,181,1,66,101,170,194,94,0,45,73,129,143,55,1,21,28,41,51,39
20222,A,골목상권,3110207,시립대앞사거리,33,21,12,0,4,10,6,5,8,0,2,8,3,3,5,0,2,2,3,2,3
20222,R,전통시장,3130086,서울약령시장,1184,651,533,4,113,208,305,341,213,0,56,128,165,181,121,4,57,80,140,160,92
20222,R,전통시장,3130087,경동광성상가(경동시장),28,20,8,0,5,3,8,7,5,0,3,2,6,5,4,0,2,1,2,2,1
20222,A,골목상권,3110198,동대문중앙새마을금고본점,67,26,41,0,1,0,18,37,11,0,0,0,8,10,8,0,1,0,10,27,3
20222,A,골목상권,3110200,동대문경찰서,74,50,24,0,1,6,21,13,33,0,0,1,11,6,32,0,1,5,10,7,1
20222,R,전통시장,3130115,우림골목시장,307,106,201,2,80,61,68,64,32,0,29,11,30,20,16,2,51,50,38,44,16
20222,A,골목상권,3110256,면목2동체육관,477,321,156,2,56,66,82,140,131,1,21,35,45,109,110,1,35,31,37,31,21
20222,A,골목상권,3110266,면목동우체국,225,182,43,0,10,31,38,79,67,0,1,19,30,69,63,0,9,12,8,10,4
20222,A,골목상권,3110236,신묵초등학교,1015,836,179,0,185,302,228,255,45,0,135,246,194,228,33,0,50,56,34,27,12
20222,A,골목상권,3110267,망우역 2번,139,49,90,1,15,28,50,28,17,1,2,10,19,13,4,0,13,18,31,15,13
20222,A,골목상권,3110234,중랑역 4번,96,41,55,0,15,16,23,25,17,0,2,5,10,14,10,0,13,11,13,11,7
20222,R,전통시장,3130121,길음시장,88,19,69,0,36,24,10,8,10,0,2,5,3,2,7,0,34,19,7,6,3
20222,A,골목상권,3110321,동덕여대,58,14,44,0,0,4,13,18,23,0,0,4,4,4,2,0,0,0,9,14,21
20222,A,골목상권,3110324,월곡역 4번,99,55,44,0,31,21,19,18,10,0,9,10,13,14,9,0,22,11,6,4,1
20222,A,골목상권,3110298,솔숲어린이공원,77,28,49,0,18,11,24,12,12,0,3,5,7,5,8,0,15,6,17,7,4
20222,A,골목상권,3110314,종암경찰서,949,699,250,1,127,271,223,286,41,0,72,206,162,231,28,1,55,65,61,55,13
20222,A,골목상권,3110365,미아역 5번,341,83,258,0,17,21,44,63,196,0,5,12,15,17,34,0,12,9,29,46,162
20222,A,골목상권,3110368,송천초등학교,199,178,21,0,9,16,39,71,64,0,5,11,34,66,62,0,4,5,5,5,2
20222,A,골목상권,3110352,수유1동주민센터,275,112,163,0,23,49,101,79,23,0,11,22,37,29,13,0,12,27,64,50,10
20222,A,골목상권,3110349,화계역 2번,83,67,16,0,6,4,21,33,19,0,5,3,12,28,19,0,1,1,9,5,0
20222,A,골목상권,3110367,강북구청,1943,976,967,5,195,512,483,522,226,4,64,205,237,340,126,1,131,307,246,182,100
20222,A,골목상권,3110339,국립4.19민주묘지,11,6,5,0,2,2,5,0,2,0,0,2,3,0,1,0,2,0,2,0,1
20222,A,골목상권,3110346,4.19민주묘지역 2번,96,48,48,0,12,13,19,19,33,0,3,7,8,7,23,0,9,6,11,12,10
20222,A,골목상권,3110395,신한은행 방학동지점,163,42,121,0,17,20,44,42,40,0,0,2,11,9,20,0,17,18,33,33,20
20222,A,골목상권,3110403,방학1동주민센터,316,167,149,1,44,56,63,78,74,1,30,37,36,36,27,0,14,19,27,42,47
20222,A,골목상권,3110393,국민은행방학지점,49,13,36,0,2,10,17,15,5,0,0,0,4,6,3,0,2,10,13,9,2
20222,A,골목상권,3110398,쌍문2동우체국,474,326,148,0,30,65,96,153,130,0,11,27,50,124,114,0,19,38,46,29,16
20222,R,전통시장,3130150,창동골목시장,84,47,37,0,19,30,14,8,13,0,7,20,9,5,6,0,12,10,5,3,7
20222,A,골목상권,3110401,도봉구민회관,243,65,178,0,29,32,38,87,57,0,4,14,14,22,11,0,25,18,24,65,46
20222,D,발달상권,3120084,공릉역,712,546,166,3,33,59,110,240,267,1,11,22,63,205,244,2,22,37,47,35,23
20222,A,골목상권,3110419,수락산디자인거리,695,462,233,5,94,131,159,180,126,5,49,76,108,130,94,0,45,55,51,50,32
20222,A,골목상권,3110425,계상초등학교,136,59,77,2,18,12,36,40,28,2,5,7,19,15,11,0,13,5,17,25,17
20222,A,골목상권,3110421,석계역 1번,249,109,140,0,22,37,78,65,47,0,8,16,31,26,28,0,14,21,47,39,19
20222,R,전통시장,3130167,연신내상점가(연빛거리),632,234,398,1,143,140,156,118,74,1,30,48,57,51,47,0,113,92,99,67,27
20222,D,발달상권,3120088,구산역,799,279,520,2,86,117,175,272,147,2,30,65,68,59,55,0,56,52,107,213,92
20222,A,골목상권,3110473,구산역 1번,436,241,195,0,34,59,113,107,123,0,24,27,53,49,88,0,10,32,60,58,35
20222,A,골목상권,3110487,불광역 8번,63,35,28,0,11,22,15,8,7,0,6,11,7,8,3,0,5,11,8,0,4
20222,A,골목상권,3110480,연신내역 3번,161,51,110,0,16,35,52,35,23,0,3,9,17,12,10,0,13,26,35,23,13
20222,A,골목상권,3110474,세명컴퓨터고등학교,119,55,64,0,7,33,28,23,28,0,2,14,11,8,20,0,5,19,17,15,8
20222,A,골목상권,3110482,연신초등학교,11,7,4,0,0,0,4,6,1,0,0,0,3,3,1,0,0,0,1,3,0
20222,A,골목상권,3110455,역촌노인복지관,690,369,321,2,73,120,187,203,105,0,37,64,89,109,70,2,36,56,98,94,35
20222,A,골목상권,3110470,신진과학기술고등학교,93,65,28,0,7,17,34,25,10,0,5,10,26,19,5,0,2,7,8,6,5
20222,A,골목상권,3110475,백련산해모로아파트,245,127,118,1,23,44,76,70,31,1,10,24,44,29,19,0,13,20,32,41,12
20222,D,발달상권,3120089,구파발역,5,1,4,0,0,0,1,2,2,0,0,0,0,1,0,0,0,0,1,1,2
20222,D,발달상권,3120096,"이화여대(이대역, 이대)",493,210,283,1,81,137,130,86,58,0,27,52,48,43,40,1,54,85,82,43,18
20222,A,골목상권,3110532,아현역 2번,328,204,124,0,52,33,46,78,119,0,17,13,22,57,95,0,35,20,24,21,24
20222,R,전통시장,3130178,이대 앞 스타트업 상점가,30,6,24,0,5,5,8,6,6,0,1,0,3,0,2,0,4,5,5,6,4
20222,A,골목상권,3110517,서대문소방서,884,634,250,8,197,216,203,177,83,5,99,170,163,146,51,3,98,46,40,31,32
20222,A,골목상권,3110512,연희지하차도,335,165,170,0,40,62,102,99,32,0,14,38,44,49,20,0,26,24,58,50,12
20222,A,골목상권,3110536,돈의문센트레빌아파트입구,141,105,36,0,12,23,61,32,13,0,7,17,50,21,10,0,5,6,11,11,3
20222,A,골목상권,3110534,경기대학교,157,88,69,0,10,29,28,42,48,0,7,20,14,19,28,0,3,9,14,23,20
20222,A,골목상권,3110516,정원여중,227,101,126,0,35,40,62,65,25,0,17,18,27,23,16,0,18,22,35,42,9
20222,A,골목상권,3110527,홍제역 2번,185,89,96,1,36,40,36,40,32,1,11,26,15,21,15,0,25,14,21,19,17
20222,A,골목상권,3110572,서강대역 1번,470,254,216,1,63,130,117,116,43,1,32,67,58,66,30,0,31,63,59,50,13
20222,A,골목상권,3110575,대흥동주민센터,208,157,51,2,25,48,36,49,48,2,11,35,25,41,43,0,14,13,11,8,5
20222,D,발달상권,3120100,망원역,846,397,449,4,199,227,191,137,88,2,52,99,101,94,49,2,147,128,90,43,39
20222,R,전통시장,3130185,망원월드컵시장,190,123,67,1,26,69,53,25,16,1,14,43,35,16,14,0,12,26,18,9,2
20222,A,골목상권,3110547,KB국민은행 망원동지점,284,168,116,0,13,47,93,76,55,0,4,25,55,45,39,0,9,22,38,31,16
20222,R,전통시장,3130183,상암동상점가,816,607,209,1,89,204,283,187,52,0,49,150,227,143,38,1,40,54,56,44,14
20222,A,골목상권,3110569,홍대땡땡거리,358,153,205,2,62,108,97,53,36,1,18,48,46,19,21,1,44,60,51,34,15
20222,A,골목상권,3110554,망원역 1번,1579,777,802,2,213,371,508,350,135,2,105,188,241,156,85,0,108,183,267,194,50
20222,A,골목상권,3110551,성서초등학교,803,387,416,1,110,164,235,172,121,1,42,90,114,81,59,0,68,74,121,91,62
20222,R,전통시장,3130198,아현시장,203,45,158,1,51,84,52,10,5,0,8,5,26,4,2,1,43,79,26,6,3
20222,A,골목상권,3110550,합정역 8번,1578,740,838,1,240,411,414,333,179,0,84,165,221,171,99,1,156,246,193,162,80
20222,A,골목상권,3110546,양화대교북단,732,436,296,3,189,254,157,76,53,3,81,126,120,62,44,0,108,128,37,14,9
20222,D,발달상권,3120114,목동신시가지,13498,9371,4127,46,2070,3798,3444,2895,1245,29,1126,2619,2554,2204,839,17,944,1179,890,691,406
20222,A,골목상권,3110619,목4동주민센터,311,203,108,1,51,87,89,64,19,1,16,52,58,57,19,0,35,35,31,7,0
20222,A,골목상권,3110607,금빛새마을금고본점,47,29,18,0,1,10,11,14,11,0,1,4,5,10,9,0,0,6,6,4,2
20222,A,골목상권,3110608,신월2동주민센터,875,454,421,1,51,116,229,273,205,1,23,69,117,127,117,0,28,47,112,146,88
20222,A,골목상권,3110647,화곡역 5번,899,461,438,2,117,230,224,230,96,1,44,138,111,116,51,1,73,92,113,114,45
20222,A,골목상권,3110594,신월중학교,357,182,175,0,35,116,89,85,32,0,10,41,50,52,29,0,25,75,39,33,3
20222,R,전통시장,3130205,신곡종합시장(신월6동 골목시장),141,103,38,1,17,36,39,32,16,0,10,27,33,18,15,1,7,9,6,14,1
20222,A,골목상권,3110602,신월시영아파트중문,674,584,90,1,8,23,81,250,311,0,4,14,55,218,293,1,4,9,26,32,18
20222,A,골목상권,3110600,신월7동주민센터,350,263,87,0,32,30,66,101,121,0,17,14,38,79,115,0,15,16,28,22,6
20222,A,골목상권,3110610,계남근린공원,126,85,41,0,5,11,41,44,25,0,3,6,28,35,13,0,2,5,13,9,12
20222,A,골목상권,3110616,양목초등학교,161,103,58,0,3,23,19,40,76,0,2,18,14,32,37,0,1,5,5,8,39
20222,A,골목상권,3110611,신정역 1번,289,192,97,2,34,57,88,74,34,2,20,42,52,46,30,0,14,15,36,28,4
20222,A,골목상권,3110635,공항시장역 3번,1451,391,1060,4,64,82,162,479,660,1,43,58,63,33,193,3,21,24,99,446,467
20222,D,발달상권,3120122,강서구청,2179,1231,948,4,314,461,494,447,459,2,103,228,271,262,365,2,211,233,223,185,94
20222,A,골목상권,3110638,신방화역 2번,372,202,170,3,53,75,88,87,66,3,22,40,44,43,50,0,31,35,44,44,16
20222,A,골목상권,3110650,우장산힐스테이트,143,116,27,0,23,30,51,20,19,0,15,25,42,17,17,0,8,5,9,3,2
20222,A,골목상권,3110702,개봉초등학교,131,93,38,1,15,18,33,34,30,1,10,13,23,24,22,0,5,5,10,10,8
20222,R,전통시장,3130227,고척골목시장상점가(그라운드 고척),33,14,19,0,4,6,10,8,5,0,0,1,5,5,3,0,4,5,5,3,2
20222,A,골목상권,3110699,덕의초등학교,136,79,57,0,14,22,29,43,28,0,7,14,13,24,21,0,7,8,16,19,7
20222,D,발달상권,3120129,구로디지털단지,48873,32033,16840,196,10422,16630,12386,5777,3462,127,5285,11083,8771,3995,2772,69,5137,5547,3615,1782,690
20222,A,골목상권,3110712,남구로역 5번,233,108,125,1,32,36,66,64,34,0,10,17,24,32,25,1,22,19,42,32,9
20222,A,골목상권,3110720,대림역 2번,228,87,141,0,27,50,65,49,37,0,11,14,18,17,27,0,16,36,47,32,10
20222,R,전통시장,3130231,독산동 우시장,611,476,135,2,31,74,126,196,182,0,16,55,97,145,163,2,15,19,29,51,19
20222,A,골목상권,3110745,독산동정훈단지,251,191,60,0,11,20,33,86,101,0,3,12,22,64,90,0,8,8,11,22,11
20222,D,발달상권,3120134,구로전화국,2014,1668,346,0,107,157,172,223,1355,0,44,75,96,153,1300,0,63,82,76,70,55
20222,A,골목상권,3110755,동일여자고등학교,193,51,142,0,10,24,45,70,44,0,3,8,17,11,12,0,7,16,28,59,32
20222,D,발달상권,3120143,당산역,2671,1987,684,9,326,516,558,517,745,2,194,394,403,386,608,7,132,122,155,131,137
20222,A,골목상권,3110778,구로디지털단지역 4번,1596,862,734,0,248,459,484,224,181,0,122,281,192,136,131,0,126,178,292,88,50
20222,A,골목상권,3110771,대림역 11번,955,604,351,0,22,38,128,210,557,0,21,30,73,131,349,0,1,8,55,79,208
20222,D,발달상권,3120139,대림3동사거리,3619,2404,1215,14,423,867,992,727,596,5,220,632,783,462,302,9,203,235,209,265,294
20222,A,골목상권,3110768,도림2동유수지내체육시설,294,155,139,0,20,43,63,73,95,0,7,22,32,41,53,0,13,21,31,32,42
20222,A,골목상권,3110759,문래예술촌(문래창작촌),4221,2168,2053,9,521,838,1001,1281,571,5,266,553,595,462,287,4,255,285,406,819,284
20222,D,발달상권,3120152,신대방삼거리역,578,278,300,1,66,127,150,148,86,1,22,63,80,70,42,0,44,64,70,78,44
20222,A,골목상권,3110818,신대방역 3번,20,9,11,0,1,3,7,7,2,0,1,3,2,1,2,0,0,0,5,6,0
20222,A,골목상권,3110856,미성초등학교,538,295,243,3,58,85,170,150,72,1,28,44,99,71,52,2,30,41,71,79,20
20222,A,골목상권,3110874,원신초등학교(구세군관악영문교회),46,15,31,1,4,19,7,12,3,1,1,3,3,6,1,0,3,16,4,6,2
20222,A,골목상권,3110879,신림현대아파트,17,7,10,0,2,3,5,5,2,0,1,2,2,2,0,0,1,1,3,3,2
20222,A,골목상권,3110885,영락고등학교,339,213,126,0,37,58,94,88,62,0,18,33,61,56,45,0,19,25,33,32,17
20222,D,발달상권,3120157,신림역(신림),637,257,380,1,96,116,146,139,139,0,19,40,82,49,67,1,77,76,64,90,72
20222,A,골목상권,3110858,신대방역 1번,66,33,33,0,5,9,17,7,28,0,0,1,6,2,24,0,5,8,11,5,4
20222,A,골목상권,3110872,신림초등학교,279,196,83,3,54,68,69,54,31,3,36,54,54,42,7,0,18,14,15,12,24
20222,A,골목상권,3110855,신대방역 2번,429,275,154,2,53,111,126,90,47,0,22,81,83,55,34,2,31,30,43,35,13
20222,R,전통시장,3130276,신림중앙시장(조원동 펭귄시장),39,27,12,0,1,2,13,11,12,0,0,2,7,9,9,0,1,0,6,2,3
20222,A,골목상권,3110947,청계산입구역 2번(내곡동주민센터),112,45,67,0,18,17,27,18,32,0,8,9,14,7,7,0,10,8,13,11,25
20222,D,발달상권,3120177,신논현역 1번,694,436,258,1,84,187,202,143,77,0,34,111,130,106,55,1,50,76,72,37,22
20222,D,발달상권,3120187,신논현역,13076,7778,5298,64,3624,3962,2984,1673,769,27,1516,2302,2121,1247,565,37,2108,1660,863,426,204
20222,A,골목상권,3110913,방현초등학교(방배119안전센터),3293,2109,1184,7,571,1263,876,376,200,4,272,822,625,237,149,3,299,441,251,139,51
20222,A,골목상권,3110934,우면주공아파트,994,674,320,6,197,291,253,161,86,5,83,217,195,110,64,1,114,74,58,51,22
20222,A,골목상권,3110937,방아다리근린공원(횃불트리니티신학대학원대학교),2465,1270,1195,7,634,861,542,318,103,6,246,507,335,113,63,1,388,354,207,205,40
20222,D,발달상권,3120183,양재천카페거리,3558,2626,932,12,586,972,848,551,589,10,364,717,638,413,484,2,222,255,210,138,105
20222,D,발달상권,3120205,매봉역,13950,9370,4580,95,2838,4203,3126,1781,1907,44,1450,2959,2521,1302,1094,51,1388,1244,605,479,813
20222,D,발달상권,3120194,언주역(차병원),12628,8724,3904,37,2790,4202,2802,1923,874,14,1366,2863,2239,1588,654,23,1424,1339,563,335,220
20222,A,골목상권,3110955,논현초등학교,3430,2238,1192,19,719,823,793,625,451,13,417,568,554,389,297,6,302,255,239,236,154
20222,R,전통시장,3130303,영동전통시장,242,95,147,0,21,60,67,58,36,0,7,19,22,24,23,0,14,41,45,34,13
20222,D,발달상권,3120215,포스코사거리,61667,40706,20961,170,9756,22506,18178,8408,2649,29,4305,14324,13853,6409,1786,141,5451,8182,4325,1999,863
20222,A,골목상권,3110992,도곡초등학교,2179,1144,1035,3,269,440,484,524,459,1,108,253,258,260,264,2,161,187,226,264,195
20222,A,골목상권,3110991,삼성중앙역 5번,1246,794,452,1,111,415,339,275,105,1,28,243,229,216,77,0,83,172,110,59,28
20222,A,골목상권,3111000,대왕초등학교(세곡동사거리서남측),39,20,19,0,7,10,12,8,2,0,0,4,10,4,2,0,7,6,2,4,0
20222,A,골목상권,3110999,윗방죽마을공원,268,130,138,2,19,43,44,83,77,1,12,27,27,39,24,1,7,16,17,44,53
20222,R,전통시장,3130302,강남시장(강남구 강남시장),58,33,25,0,13,15,14,8,8,0,7,10,9,2,5,0,6,5,5,6,3
20222,A,골목상권,3110963,역삼월드메르디앙아파트,779,545,234,1,126,183,226,154,89,0,79,144,171,97,54,1,47,39,55,57,35
20222,A,골목상권,3110967,역삼역 8번,377,228,149,0,63,92,89,92,41,0,31,51,60,56,30,0,32,41,29,36,11
20222,A,골목상권,3110972,강남세브란스병원미래의학연구센터,2628,1440,1188,17,539,669,692,581,130,4,240,428,438,258,72,13,299,241,254,323,58
20222,A,골목상권,3110969,베르사이유1아파트,1546,1230,316,4,231,442,483,285,101,2,165,345,402,239,77,2,66,97,81,46,24
20222,R,전통시장,3130307,도곡시장,17,9,8,0,0,3,4,7,3,0,0,2,1,4,2,0,0,1,3,3,1
20222,A,골목상권,3110990,청담역 12번,262,109,153,2,61,92,56,36,15,0,12,32,29,23,13,2,49,60,27,13,2
20222,A,골목상권,3110985,청담근린공원,1338,948,390,0,193,447,374,226,98,0,98,346,275,157,72,0,95,101,99,69,26
20222,R,전통시장,3130308,청담삼익시장,48,30,18,0,5,11,13,7,12,0,3,6,8,4,9,0,2,5,5,3,3
20222,D,발달상권,3120231,가락시장,5698,4083,1615,0,368,1051,1564,1654,1061,0,264,836,1185,1098,700,0,104,215,379,556,361
20222,D,발달상권,3120240,개롱역,1609,1102,507,7,212,314,404,431,241,5,125,230,269,295,178,2,87,84,135,136,63
20222,A,골목상권,3111021,방이역 4번,7683,5874,1809,22,793,1329,1979,2137,1423,15,391,912,1552,1769,1235,7,402,417,427,368,188
20222,A,골목상권,3111008,석촌고분역 3번,1551,1177,374,1,182,286,280,382,420,1,148,237,208,248,335,0,34,49,72,134,85
20222,A,골목상권,3111015,석촌역 3번,1352,778,574,1,151,315,350,351,184,1,72,199,216,181,109,0,79,116,134,170,75
20222,A,골목상권,3111016,송파역 2번,3803,1601,2202,15,1126,1104,801,601,156,8,407,533,427,165,61,7,719,571,374,436,95
20222,A,골목상권,3111038,보인중학교,416,270,146,0,26,66,113,123,88,0,11,38,85,88,48,0,15,28,28,35,40
20222,A,골목상권,3111011,잠실나루역,9608,7747,1861,42,1275,3018,2795,2046,432,18,924,2492,2309,1674,330,24,351,526,486,372,102
20222,A,골목상권,3111003,삼전역 4번,1996,1337,659,6,249,412,549,437,343,1,160,278,332,308,258,5,89,134,217,129,85
20222,R,전통시장,3130311,새마을시장,377,246,131,1,60,78,104,75,59,0,28,48,80,55,35,1,32,30,24,20,24
20222,R,전통시장,3130326,고덕 골목형상점가,935,850,85,0,8,37,165,395,330,0,4,31,147,360,308,0,4,6,18,35,22
20222,A,골목상권,3111088,고덕동성당,123,54,69,0,15,32,32,31,13,0,4,15,10,15,10,0,11,17,22,16,3
20222,A,골목상권,3111071,천동초등학교,76,52,24,0,4,15,21,25,11,0,4,6,18,16,8,0,0,9,3,9,3
20222,A,골목상권,3111079,둔촌고등학교(둔촌중학교),377,197,180,1,43,58,60,76,139,1,28,34,33,28,73,0,15,24,27,48,66
20222,A,골목상권,3111050,강동구청(강동구청역 2번),131,96,35,0,21,14,21,32,43,0,12,5,12,27,40,0,9,9,9,5,3
20222,D,발달상권,3120243,천호역,1395,637,758,6,189,265,331,296,308,2,64,109,143,126,193,4,125,156,188,170,115
20222,A,골목상권,3111062,둔촌동역 3번(성내3동주민센터),751,501,250,5,134,198,194,144,76,5,81,139,126,91,59,0,53,59,68,53,17
20222,A,골목상권,3111066,암사동성당(효정하나플러스아파트),417,255,162,3,46,103,101,113,51,0,14,53,66,91,31,3,32,50,35,22,20
20222,A,골목상권,3111052,암사역 3번(천호동자전거거리),357,228,129,1,26,71,117,94,48,1,11,47,76,58,35,0,15,24,41,36,13
20222,A,골목상권,3111069,천호1동주민센터,79,54,25,0,8,17,17,26,11,0,4,12,14,14,10,0,4,5,3,12,1
20222,A,골목상권,3111048,천호역 1번(천호문구완구거리),183,101,82,3,18,52,44,42,24,2,10,24,26,23,16,1,8,28,18,19,8
20222,A,골목상권,3110003,세검정초등학교,607,337,270,7,78,120,167,167,68,6,35,45,103,96,52,1,43,75,64,71,16
20222,R,전통시장,3130020,동묘시장(동묘벼룩시장),407,177,230,5,154,93,73,58,24,5,43,31,45,32,21,0,111,62,28,26,3
20222,R,전통시장,3130005,세운상가가동,133,93,40,0,7,34,35,21,36,0,5,23,28,8,29,0,2,11,7,13,7
20222,D,발달상권,3120004,종로구청,12937,7078,5859,9,1442,4392,4485,2080,529,4,432,2050,2756,1493,343,5,1010,2342,1729,587,186
20222,R,전통시장,3130004,낙원시장(낙원지하시장(대일상가)),364,258,106,0,29,70,99,78,88,0,14,51,68,57,68,0,15,19,31,21,20
20222,R,전통시장,3130010,종로신진시장,200,113,87,0,20,29,55,48,48,0,14,17,24,26,32,0,6,12,31,22,16
20222,A,골목상권,3110032,수족관거리,30,15,15,0,3,5,4,13,5,0,2,1,2,7,3,0,1,4,2,6,2
20222,U,관광특구,3001493,동대문패션타운 관광특구,5916,2900,3016,36,1415,1672,1133,1020,640,13,536,733,643,584,391,23,879,939,490,436,249
20222,A,골목상권,3110049,장충단 고개,2303,1240,1063,4,566,582,448,431,272,2,174,314,281,257,212,2,392,268,167,174,60
20222,D,발달상권,3120039,신당역,2348,1249,1099,31,795,488,410,342,282,11,348,245,228,226,191,20,447,243,182,116,91
20222,A,골목상권,3110041,남산케이블카,967,435,532,2,118,152,175,254,266,2,51,69,83,87,143,0,67,83,92,167,123
20222,R,전통시장,3130052,서울중앙시장(신중앙시장),479,342,137,0,106,156,101,61,55,0,80,110,57,45,50,0,26,46,44,16,5
20222,D,발달상권,3120036,장충동족발거리(남소영길),2289,1090,1199,14,616,783,556,223,97,0,122,393,365,155,55,14,494,390,191,68,42
20222,A,골목상권,3110054,청구역 3번,1542,854,688,3,259,378,315,340,247,1,90,204,220,215,124,2,169,174,95,125,123
20222,R,전통시장,3130056,용산용문시장,65,34,31,0,7,15,18,10,15,0,4,6,7,6,11,0,3,9,11,4,4
20222,A,골목상권,3110080,해방촌예술마을,311,168,143,0,53,71,88,58,41,0,18,40,52,31,27,0,35,31,36,27,14
20222,A,골목상권,3110065,남정초등학교,137,92,45,0,17,45,48,17,10,0,9,37,31,10,5,0,8,8,17,7,5
20222,A,골목상권,3110579,마포역 4번,750,563,187,2,54,162,247,219,66,1,37,124,188,165,48,1,17,38,59,54,18
20222,D,발달상권,3120046,이태원(이태원역),2285,1299,986,24,818,684,339,224,196,15,389,422,205,137,131,9,429,262,134,87,65
20222,D,발달상권,3120044,삼각지역,1905,1415,490,5,357,534,461,374,174,5,220,403,384,278,125,0,137,131,77,96,49
20222,A,골목상권,3110123,마장역 3번,511,382,129,0,42,56,91,185,137,0,21,36,63,141,121,0,21,20,28,44,16
20222,A,골목상권,3110121,한양대역 4번,45,30,15,0,3,10,8,11,13,0,2,5,5,7,11,0,1,5,3,4,2
20222,D,발달상권,3120049,왕십리역(왕십리),1459,1004,455,1,183,301,377,468,129,1,92,187,272,371,81,0,91,114,105,97,48
20222,A,골목상권,3110127,성수1가1동주민센터,290,157,133,0,31,55,56,100,48,0,11,40,31,47,28,0,20,15,25,53,20
20222,D,발달상권,3120051,뚝섬역,3944,2582,1362,20,703,946,867,651,757,15,446,646,549,445,481,5,257,300,318,206,276
20222,R,전통시장,3130071,성수역 골목형상점가,335,180,155,1,61,89,70,43,71,0,27,43,43,29,38,1,34,46,27,14,33
20222,A,골목상권,3110114,왕십리파출소,33,19,14,0,3,2,8,14,6,0,1,1,4,8,5,0,2,1,4,6,1
20222,A,골목상권,3110174,아차산역 1번,432,305,127,1,49,80,115,104,83,1,25,57,76,69,77,0,24,23,39,35,6
20222,A,골목상권,3110140,건대입구역 6번,429,268,161,6,37,67,113,120,86,5,17,34,65,83,64,1,20,33,48,37,22
20222,A,골목상권,3110152,중곡어린이공원,340,300,40,0,17,29,64,121,109,0,10,21,55,109,105,0,7,8,9,12,4
20222,A,골목상권,3110161,중곡역 3번,236,135,101,3,11,33,58,65,66,0,2,16,37,40,40,3,9,17,21,25,26
20222,R,전통시장,3130084,신성시장(신성골목시장),21,6,15,0,3,5,8,4,1,0,0,1,2,2,1,0,3,4,6,2,0
20222,A,골목상권,3110141,건대입구역 1번,213,138,75,1,23,49,67,48,25,1,11,27,51,32,16,0,12,22,16,16,9
20222,A,골목상권,3110144,어린이대공원역 4번,104,49,55,0,35,17,21,19,12,0,9,10,11,10,9,0,26,7,10,9,3
20222,R,전통시장,3130097,답십리 건축자재시장,291,188,103,1,16,42,42,36,154,0,7,34,23,19,105,1,9,8,19,17,49
20222,A,골목상권,3110209,답십리 장령당공원,83,52,31,0,3,11,28,19,22,0,1,5,16,15,15,0,2,6,12,4,7
20222,R,전통시장,3130101,답십리현대시장,8,5,3,0,0,1,3,2,2,0,0,1,1,2,1,0,0,0,2,0,1
20222,A,골목상권,3110186,종암초등학교,114,86,28,0,9,21,16,34,34,0,3,18,10,26,29,0,6,3,6,8,5
20222,A,골목상권,3110221,의릉,95,69,26,0,10,12,36,29,8,0,6,10,24,22,7,0,4,2,12,7,1
20222,A,골목상권,3110202,전농1동주민센터(전농시장),111,68,43,0,14,35,31,20,11,0,9,19,21,14,5,0,5,16,10,6,6
20222,A,골목상권,3110206,텃골근린공원,92,37,55,0,8,14,25,24,21,0,4,7,8,8,10,0,4,7,17,16,11
20222,R,전통시장,3130094,청량리청과물시장,54,24,30,0,7,13,17,7,10,0,0,4,10,2,8,0,7,9,7,5,2
20222,R,전통시장,3130095,청량리전통시장,95,38,57,0,6,16,18,33,22,0,4,6,9,10,9,0,2,10,9,23,13
20222,A,골목상권,3110199,홍릉시장,65,41,24,0,11,15,18,14,7,0,8,8,10,9,6,0,3,7,8,5,1
20222,A,골목상권,3110219,삼육보건대학교,251,146,105,0,18,42,70,81,40,0,11,20,32,52,31,0,7,22,38,29,9
20222,A,골목상권,3110268,망우3동주민센터,60,30,30,0,10,13,10,18,9,0,1,5,7,10,7,0,9,8,3,8,2
20222,R,전통시장,3130114,유영시장,31,20,11,0,9,5,3,8,6,0,7,2,2,5,4,0,2,3,1,3,2
20222,A,골목상권,3110237,메가박스 상봉,274,152,122,0,30,67,97,54,26,0,13,37,48,36,18,0,17,30,49,18,8
20222,A,골목상권,3110258,면동초등학교,260,99,161,0,32,49,79,66,34,0,1,20,28,34,16,0,31,29,51,32,18
20222,A,골목상권,3110254,오거리공원,259,90,169,1,19,75,79,53,32,0,6,15,35,22,12,1,13,60,44,31,20
20222,A,골목상권,3110264,면목역 2번,358,170,188,1,52,75,93,80,57,0,21,40,40,37,32,1,31,35,53,43,25
20222,A,골목상권,3110248,먹골파출소,85,47,38,1,19,23,20,12,10,0,7,14,12,4,10,1,12,9,8,8,0
20222,A,골목상권,3110279,신내역 2번,9,8,1,0,0,1,4,4,0,0,0,1,3,4,0,0,0,0,1,0,0
20222,A,골목상권,3110245,KB국민은행 중화동지점,156,81,75,0,8,36,52,40,20,0,5,16,26,19,15,0,3,20,26,21,5
20222,R,전통시장,3130108,태능엔터피아(태릉시장),3,1,2,0,0,0,1,2,0,0,0,0,0,1,0,0,0,0,1,1,0
20222,A,골목상권,3110308,길음역 8번,174,85,89,0,17,36,56,41,24,0,8,17,26,20,14,0,9,19,30,21,10
20222,D,발달상권,3120073,미아사거리,353,135,218,3,40,67,95,95,53,2,16,29,45,23,20,1,24,38,50,72,33
20222,A,골목상권,3110300,삼선동주민센터,2735,1587,1148,3,248,710,769,844,161,2,97,300,444,629,115,1,151,410,325,215,46
20222,D,발달상권,3120072,성신여대,1048,537,511,18,137,211,213,271,198,11,46,86,103,152,139,7,91,125,110,119,59
20222,A,골목상권,3110301,성신여대입구역 7번,484,209,275,1,73,84,96,134,96,0,31,37,39,62,40,1,42,47,57,72,56
20222,R,전통시장,3130120,돈암시장(돈암제일시장),99,23,76,1,20,20,25,18,15,0,0,2,7,8,6,1,20,18,18,10,9
20222,A,골목상권,3110328,상월곡역 3번,235,157,78,1,38,75,62,37,22,1,26,58,33,24,15,0,12,17,29,13,7
20222,R,전통시장,3130126,새석관시장,13,8,5,0,1,4,2,5,1,0,0,3,1,3,1,0,1,1,1,2,0
20222,R,전통시장,3130128,돌곶이시장(석관황금시장),191,157,34,0,30,36,41,72,12,0,28,26,29,62,12,0,2,10,12,10,0
20222,A,골목상권,3110323,상월곡역 1번,109,30,79,2,25,24,28,18,12,0,4,5,11,5,5,2,21,19,17,13,7
20222,A,골목상권,3110325,장곡초등학교,57,18,39,0,0,14,20,17,6,0,0,3,7,4,4,0,0,11,13,13,2
20222,A,골목상권,3110329,우리은행체육관,34,27,7,1,1,5,6,14,7,1,0,5,5,10,6,0,1,0,1,4,1
20222,A,골목상권,3110418,광운대학교 남단,100,45,55,0,11,17,23,26,23,0,5,5,13,16,6,0,6,12,10,10,17
20222,A,골목상권,3110292,정릉역 2번,33,14,19,0,1,5,16,6,5,0,1,3,5,3,2,0,0,2,11,3,3
20222,A,골목상권,3110289,북한산보국문역 2번,144,105,39,0,9,28,49,32,26,0,6,23,30,24,22,0,3,5,19,8,4
20222,A,골목상권,3110320,KB국민은행 종암동지점,79,51,28,0,2,11,27,24,15,0,1,5,15,17,13,0,1,6,12,7,2
20222,A,골목상권,3110369,성신여대운정그린캠퍼스,518,214,304,1,49,46,131,131,160,1,10,16,44,53,90,0,39,30,87,78,70
20222,A,골목상권,3110376,수송초등학교,224,142,82,0,26,47,62,60,29,0,12,29,38,41,22,0,14,18,24,19,7
20222,R,전통시장,3130143,방천골목시장,65,36,29,0,11,7,19,24,4,0,6,5,9,13,3,0,5,2,10,11,1
20222,R,전통시장,3130140,숭인시장,62,27,35,0,9,13,10,15,15,0,0,4,1,9,13,0,9,9,9,6,2
20222,A,골목상권,3110362,우이천 계성교,205,110,95,1,24,34,61,63,22,0,11,19,28,35,17,1,13,15,33,28,5
20222,A,골목상권,3110356,덕수교,228,114,114,0,13,34,55,60,66,0,4,17,22,30,41,0,9,17,33,30,25
20222,R,전통시장,3130139,강북종합전통시장(강북종합골목시장),166,114,52,0,16,45,61,28,16,0,11,33,42,19,9,0,5,12,19,9,7
20222,A,골목상권,3110343,무너미어린이공원,100,74,26,0,7,21,28,32,12,0,4,14,22,25,9,0,3,7,6,7,3
20222,A,골목상권,3110351,수유북부시장옆,214,93,121,0,27,45,51,59,32,0,9,17,20,25,22,0,18,28,31,34,10
20222,A,골목상권,3110413,누원고등학교,54,33,21,0,8,11,12,11,12,0,5,8,5,5,10,0,3,3,7,6,2
20222,A,골목상권,3110382,솔밭공원역 1번,32,25,7,0,1,9,8,7,7,0,0,5,6,7,7,0,1,4,2,0,0
20222,R,전통시장,3130149,창동신창시장,116,51,65,0,5,24,35,31,21,0,2,10,17,10,12,0,3,14,18,21,9
20222,R,전통시장,3130159,공릉동 도깨비시장,101,47,54,0,12,22,24,26,17,0,4,8,9,15,11,0,8,14,15,11,6
20222,A,골목상권,3110422,노원역 9번,277,221,56,0,27,70,94,54,32,0,24,59,79,37,22,0,3,11,15,17,10
20222,D,발달상권,3120082,상계백병원,389,127,262,0,81,95,109,69,35,0,19,18,34,38,18,0,62,77,75,31,17
20222,A,골목상권,3110417,월계역 3번,19,10,9,0,10,6,0,3,0,0,3,5,0,2,0,0,7,1,0,1,0
20222,D,발달상권,3120083,등나무근린공원,1184,787,397,0,166,325,271,283,139,0,114,228,171,179,95,0,52,97,100,104,44
20222,R,전통시장,3130155,시영B상가(중계 그린아파트 B 상가),3,2,1,0,0,1,0,2,0,0,0,1,0,1,0,0,0,0,0,1,0
20222,A,골목상권,3110430,중계초등학교,275,100,175,0,18,28,58,96,75,0,8,7,19,25,41,0,10,21,39,71,34
20222,A,골목상권,3110441,영신여고,138,72,66,0,12,28,33,41,24,0,7,20,15,21,9,0,5,8,18,20,15
20222,A,골목상권,3110427,노원 을지대학교병원,363,281,82,0,27,27,62,126,121,0,12,14,31,109,115,0,15,13,31,17,6
20222,A,골목상권,3110477,은평세무서,434,205,229,0,43,62,106,141,82,0,15,23,49,71,47,0,28,39,57,70,35
20222,A,골목상권,3110476,역촌역 2번,56,26,30,0,2,8,22,17,7,0,1,3,9,7,6,0,1,5,13,10,1
20222,R,전통시장,3130169,대조시장,67,31,36,0,5,11,21,23,7,0,1,3,11,11,5,0,4,8,10,12,2
20222,R,전통시장,3130171,불광먹자골목 골목형상점가,155,54,101,0,18,31,24,37,45,0,4,9,11,16,14,0,14,22,13,21,31
20222,R,전통시장,3130160,수일시장,7,2,5,0,0,2,1,2,2,0,0,0,0,1,1,0,0,2,1,1,1
20222,A,골목상권,3110499,연가초등학교,263,119,144,0,42,42,74,65,40,0,8,20,31,35,25,0,34,22,43,30,15
20222,A,골목상권,3110503,명지대학교교회,230,123,107,0,27,52,59,64,28,0,9,30,26,36,22,0,18,22,33,28,6
20222,A,골목상권,3110533,충정로역 7번,22,11,11,0,5,5,3,5,4,0,0,2,2,4,3,0,5,3,1,1,1
20222,A,골목상권,3110537,충정로현대아파트,1514,848,666,1,362,525,328,177,121,0,150,263,215,134,86,1,212,262,113,43,35
20222,A,골목상권,3110522,홍제역 3번,46,12,34,0,14,7,12,6,7,0,2,2,2,2,4,0,12,5,10,4,3
20222,R,전통시장,3130196,공덕시장,3948,2001,1947,52,1323,1296,891,287,99,28,467,646,599,181,80,24,856,650,292,106,19
20222,A,골목상권,3110541,동교초등학교,377,221,156,0,43,59,101,96,78,0,23,37,63,50,48,0,20,22,38,46,30
20222,R,전통시장,3130190,홍대소상공인상점가,150,77,73,1,55,35,30,18,11,0,18,22,18,10,9,1,37,13,12,8,2
20222,D,발달상권,3120102,서교동(홍대),7276,3402,3874,18,1521,2551,1814,899,473,11,496,1065,913,566,351,7,1025,1486,901,333,122
20222,A,골목상권,3110555,홍익지구대,284,147,137,1,49,53,55,37,89,0,14,28,31,16,58,1,35,25,24,21,31
20222,A,골목상권,3110558,경성고등학교,2362,1593,769,11,308,568,571,513,391,10,153,351,408,384,287,1,155,217,163,129,104
20222,R,전통시장,3130184,마포농수산물시장,77,40,37,0,2,12,24,26,13,0,1,8,12,14,5,0,1,4,12,12,8
20222,A,골목상권,3110571,신수동주민센터,635,358,277,5,109,159,187,126,49,5,57,88,98,74,36,0,52,71,89,52,13
20222,A,골목상권,3110628,신목동역,469,307,162,0,52,85,114,113,105,0,28,56,79,85,59,0,24,29,35,28,46
20222,R,전통시장,3130210,목2동시장,432,251,181,1,66,124,122,71,48,1,40,69,70,39,32,0,26,55,52,32,16
20222,D,발달상권,3120108,신정네거리역,992,580,412,2,93,215,220,242,220,1,28,110,112,160,169,1,65,105,108,82,51
20222,A,골목상권,3110627,신정롯데캐슬아파트,548,318,230,24,129,136,102,93,64,13,69,81,62,49,44,11,60,55,40,44,20
20222,R,전통시장,3130206,신정3동 골목시장,20,6,14,0,0,5,11,2,2,0,0,0,3,1,2,0,0,5,8,1,0
20222,A,골목상권,3110612,신정역 5번,644,303,341,1,85,88,143,197,130,0,44,62,74,70,53,1,41,26,69,127,77
20222,A,골목상권,3110629,송정역 4번,190,107,83,0,26,52,54,35,23,0,9,34,28,24,12,0,17,18,26,11,11
20222,R,전통시장,3130220,등마루시장,491,167,324,5,44,61,71,166,144,3,16,29,38,34,47,2,28,32,33,132,97
20222,D,발달상권,3120115,김포공항역(김포공항),23,12,11,0,6,9,4,4,0,0,2,4,3,3,0,0,4,5,1,1,0
20222,A,골목상권,3110679,염창역 2번,574,404,170,3,89,206,152,80,44,2,49,148,111,58,36,1,40,58,41,22,8
20222,A,골목상권,3110649,우장산역 1번,358,191,167,0,41,91,82,93,51,0,12,49,38,59,33,0,29,42,44,34,18
20222,A,골목상권,3110670,신곡초등학교,489,320,169,6,79,118,121,90,75,3,45,77,71,59,65,3,34,41,50,31,10
20222,A,골목상권,3110666,KC대학교,176,60,116,0,19,35,52,57,13,0,10,10,20,13,7,0,9,25,32,44,6
20222,A,골목상권,3110669,화곡보람2차아파트,13,3,10,0,0,2,4,2,5,0,0,1,2,0,0,0,0,1,2,2,5
20222,A,골목상권,3110700,고척초등학교,3249,2648,601,3,209,680,974,1176,207,2,119,533,803,1021,170,1,90,147,171,155,37
20222,D,발달상권,3120124,개봉동 현대아파트,461,205,256,0,63,89,119,82,108,0,18,26,49,43,69,0,45,63,70,39,39
20222,R,전통시장,3130228,구로시장,10,5,5,0,0,4,6,0,0,0,0,1,4,0,0,0,0,3,2,0,0
20222,D,발달상권,3120128,신도림역,1253,656,597,7,191,318,382,243,112,1,75,153,191,149,87,6,116,165,191,94,25
20222,A,골목상권,3110689,오류동역 3번,287,200,87,3,44,47,56,75,62,3,25,32,41,52,47,0,19,15,15,23,15
20223,D,발달상권,3120007,북촌(안국역),10443,8282,2161,8,1148,3636,3182,1964,505,5,644,2891,2647,1702,393,3,504,745,535,262,112
20223,A,골목상권,3110018,중앙고등학교,829,408,421,0,92,166,209,160,202,0,27,55,100,80,146,0,65,111,109,80,56
20223,A,골목상권,3110006,부암동주민센터,27,16,11,0,2,7,7,5,6,0,2,5,2,3,4,0,0,2,5,2,2
20223,A,골목상권,3110012,성곡미술관,1042,489,553,0,260,329,260,111,82,0,70,152,149,69,49,0,190,177,111,42,33
20223,D,발달상권,3120002,서촌(경복궁역),1989,1071,918,37,487,674,421,221,149,0,190,387,258,131,105,37,297,287,163,90,44
20223,D,발달상권,3120005,삼청동,3049,2795,254,1,399,709,898,817,225,0,340,633,848,776,198,1,59,76,50,41,27
20223,D,발달상권,3120013,이화사거리,7536,5468,2068,8,1300,2502,2063,1294,369,1,626,1730,1678,1171,262,7,674,772,385,123,107
20223,D,발달상권,3120006,종각역,33181,16028,17153,59,5900,11133,9928,5489,672,14,2254,4920,4677,3672,491,45,3646,6213,5251,1817,181
20223,A,골목상권,3110019,창덕궁,325,215,110,0,47,91,82,71,34,0,21,65,53,49,27,0,26,26,29,22,7
20223,R,전통시장,3130016,동대문상가B동,2,1,1,0,0,1,1,0,0,0,0,0,1,0,0,0,0,1,0,0,0
20223,R,전통시장,3130019,동대문상가D동,29,22,7,0,6,6,5,4,8,0,4,3,4,4,7,0,2,3,1,0,1
20223,R,전통시장,3130001,통인시장,63,31,32,0,4,16,12,13,18,0,2,4,7,7,11,0,2,12,5,6,7
20223,D,발달상권,3120037,동대문역사문화공원역,35317,17057,18260,421,11234,9194,6979,5237,2252,180,5605,5543,3901,1328,500,241,5629,3651,3078,3909,1752
20223,A,골목상권,3110052,장충초등학교,484,281,203,0,43,100,132,130,79,0,16,63,75,82,45,0,27,37,57,48,34
20223,D,발달상권,3120026,을지로입구역,30610,18501,12109,14,4275,11589,8473,5661,598,4,1729,5846,5959,4562,401,10,2546,5743,2514,1099,197
20223,A,골목상권,3110038,경향신문사,1096,759,337,0,195,395,283,181,42,0,63,266,227,165,38,0,132,129,56,16,4
20223,R,전통시장,3130035,방산종합시장(방산시장),1190,736,454,1,96,200,284,312,297,0,56,117,154,191,218,1,40,83,130,121,79
20223,R,전통시장,3130033,대림상가(청계상가),169,121,48,0,7,29,54,39,40,0,3,19,35,30,34,0,4,10,19,9,6
20223,R,전통시장,3130034,필동 골목형상점가,14,7,7,0,2,4,5,2,1,0,1,2,2,2,0,0,1,2,3,0,1
20223,D,발달상권,3120042,"숙대입구역(남영역, 남영동)",4057,2797,1260,20,750,1490,1024,558,215,8,370,894,831,510,184,12,380,596,193,48,31
20223,A,골목상권,3110092,NH농협은행 보광동지점,468,168,300,0,90,111,103,94,70,0,11,47,34,33,43,0,79,64,69,61,27
20223,A,골목상권,3110083,서빙고역 1번,149,109,40,0,26,53,42,14,14,0,13,42,29,12,13,0,13,11,13,2,1
20223,A,골목상권,3110060,효창공원앞역 6번,287,170,117,0,28,62,80,73,44,0,10,34,48,47,31,0,18,28,32,26,13
20223,A,골목상권,3110068,남영역 1번,1090,615,475,8,161,257,250,224,190,6,60,135,151,138,125,2,101,122,99,86,65
20223,R,전통시장,3130058,이촌종합시장,109,78,31,0,13,19,25,26,26,0,7,12,15,21,23,0,6,7,10,5,3
20223,A,골목상권,3110091,리움미술관,1106,810,296,0,216,345,343,155,47,0,117,236,293,128,36,0,99,109,50,27,11
20223,A,골목상권,3110061,효창동주민센터,478,306,172,1,61,91,154,113,58,1,38,53,100,67,47,0,23,38,54,46,11
20223,A,골목상권,3110122,마장역 2번,461,270,191,1,60,87,116,112,85,1,32,59,68,60,50,0,28,28,48,52,35
20223,R,전통시장,3130068,마장축산물시장,975,630,345,1,102,202,250,248,172,1,68,127,155,165,114,0,34,75,95,83,58
20223,A,골목상권,3110125,사근동살곶이상점가,135,83,52,2,25,39,35,21,13,2,13,21,24,13,10,0,12,18,11,8,3
20223,R,전통시장,3130070,뚝섬역상점가,1017,698,319,6,178,260,218,222,133,4,105,180,144,157,108,2,73,80,74,65,25
20223,R,전통시장,3130066,행당시장상점가,360,178,182,0,42,76,102,95,45,0,17,37,53,44,27,0,25,39,49,51,18
20223,A,골목상권,3110178,장로회신학대학교,165,108,57,0,21,38,33,47,26,0,13,31,16,34,14,0,8,7,17,13,12
20223,A,골목상권,3110147,능동우편취급국,815,464,351,4,120,172,160,137,222,2,56,88,104,77,137,2,64,84,56,60,85
20223,A,골목상권,3110154,광진정말공원,255,146,109,1,31,54,61,65,43,1,16,34,30,34,31,0,15,20,31,31,12
20223,A,골목상권,3110151,자양한강도서관,249,175,74,4,35,52,63,66,29,3,24,37,49,41,21,1,11,15,14,25,8
20223,R,전통시장,3130083,"중곡제일시장(중곡제일골목시장, 광성시장)",111,68,43,0,15,21,29,24,22,0,7,14,20,10,17,0,8,7,9,14,5
20223,A,골목상권,3110162,군자역 4번,618,370,248,0,127,163,133,111,84,0,98,119,77,43,33,0,29,44,56,68,51
20223,A,골목상권,3110171,중곡4동주민센터,59,36,23,0,4,8,7,22,18,0,1,2,3,15,15,0,3,6,4,7,3
20223,R,전통시장,3130079,한아름시장,40,29,11,0,5,6,6,10,13,0,4,4,5,6,10,0,1,2,1,4,3
20223,A,골목상권,3110217,자동차부품상가,506,391,115,1,34,105,144,124,98,1,25,88,116,84,77,0,9,17,28,40,21
20223,A,골목상권,3110225,촬영소사거리,330,204,126,0,22,36,68,83,121,0,9,25,42,55,73,0,13,11,26,28,48
20223,A,골목상권,3110218,답십리사거리,158,83,75,0,14,25,45,60,14,0,5,12,22,33,11,0,9,13,23,27,3
20223,A,골목상권,3110188,용두동신동아아파트,807,607,200,8,104,178,229,191,97,2,68,150,181,132,74,6,36,28,48,59,23
20223,A,골목상권,3110184,용두사거리,398,205,193,0,77,135,72,64,50,0,37,51,33,45,39,0,40,84,39,19,11
20223,A,골목상권,3110213,청량초등학교,124,81,43,0,19,57,17,15,16,0,7,41,13,7,13,0,12,16,4,8,3
20223,A,골목상권,3110220,외대앞역 1번,193,111,82,0,28,37,54,47,27,0,7,18,33,34,19,0,21,19,21,13,8
20223,A,골목상권,3110230,장안현대홈타운1차아파트,161,101,60,0,15,32,52,45,17,0,6,22,33,28,12,0,9,10,19,17,5
20223,A,골목상권,3110216,전농중학교,208,68,140,1,32,48,62,50,15,1,11,14,18,18,6,0,21,34,44,32,9
20223,R,전통시장,3130091,청량종합도매시장,36,27,9,0,1,3,11,14,7,0,0,3,8,10,6,0,1,0,3,4,1
20223,A,골목상권,3110275,하나은행 망우동지점,63,33,30,0,4,9,19,16,15,0,3,6,9,5,10,0,1,3,10,11,5
20223,R,전통시장,3130112,사가정시장,86,28,58,0,13,17,24,19,13,0,0,3,6,8,11,0,13,14,18,11,2
20223,R,전통시장,3130109,묵1동도깨비시장,47,33,14,0,2,9,16,9,11,0,1,5,13,5,9,0,1,4,3,4,2
20223,R,전통시장,3130107,중랑동부시장(중랑교종합상가),13,3,10,0,0,1,4,5,3,0,0,0,0,1,2,0,0,1,4,4,1
20223,A,골목상권,3110276,신내IC북측,29,18,11,0,1,4,8,9,7,0,0,3,5,6,4,0,1,1,3,3,3
20223,A,골목상권,3110240,태릉시장 특화거리,97,39,58,2,20,13,28,16,18,1,3,8,7,8,12,1,17,5,21,8,6
20223,A,골목상권,3110299,정릉역 1번,372,241,131,1,33,49,83,95,111,0,9,12,40,74,106,1,24,37,43,21,5
20223,A,골목상권,3110302,보문역 8번,3797,3177,620,1,364,1434,710,823,465,1,252,1274,656,702,292,0,112,160,54,121,173
20223,A,골목상권,3110333,돌곶이역 5번,988,746,242,0,15,23,38,74,838,0,2,13,20,42,669,0,13,10,18,32,169
20223,D,발달상권,3120074,안암역,59,28,31,1,12,16,12,8,10,0,5,9,7,2,5,1,7,7,5,6,5
20223,R,전통시장,3130125,장위전통시장,40,20,20,0,5,6,7,8,14,0,0,2,5,5,8,0,5,4,2,3,6
20223,A,골목상권,3110295,정릉우체국,679,248,431,0,166,178,163,119,53,0,36,67,49,52,44,0,130,111,114,67,9
20223,A,골목상권,3110290,북한산보국문역 1번,96,78,18,0,2,9,29,37,19,0,1,8,23,30,16,0,1,1,6,7,3
20223,A,골목상권,3110284,정릉북한산국립공원입구,562,506,56,0,5,59,181,229,88,0,4,49,161,211,81,0,1,10,20,18,7
20223,A,골목상권,3110315,종암아이파크2차,124,78,46,0,11,17,41,38,17,0,4,9,27,25,13,0,7,8,14,13,4
20223,A,골목상권,3110311,종암아이파크2차후문,18,9,9,0,0,2,8,3,5,0,0,1,3,1,4,0,0,1,5,2,1
20223,D,발달상권,3120077,미아역,218,97,121,0,32,37,52,64,33,0,11,8,18,38,22,0,21,29,34,26,11
20223,A,골목상권,3110355,삼양사거리역 2번,306,254,52,0,8,26,44,103,125,0,1,10,31,94,118,0,7,16,13,9,7
20223,R,전통시장,3130135,수유중앙골목시장(수유중앙시장),24,12,12,0,0,3,4,5,12,0,0,2,2,0,8,0,0,1,2,5,4
20223,A,골목상권,3110372,강북중학교,188,100,88,0,21,43,50,48,26,0,17,25,18,20,20,0,4,18,32,28,6
20223,R,전통시장,3130129,장미원골목시장,911,571,340,0,15,14,38,89,755,0,1,4,12,40,514,0,14,10,26,49,241
20223,R,전통시장,3130130,수유북부골목시장,20,14,6,0,1,1,7,5,6,0,0,0,6,3,5,0,1,1,1,2,1
20223,A,골목상권,3110405,방학역 1번,1123,365,758,3,130,176,308,427,79,3,67,109,82,70,34,0,63,67,226,357,45
20223,R,전통시장,3130151,신도봉시장,5,5,0,0,1,0,2,2,0,0,1,0,2,2,0,0,0,0,0,0,0
20223,A,골목상권,3110407,도봉역 2번,560,337,223,1,32,75,115,203,134,1,8,40,57,126,105,0,24,35,58,77,29
20223,R,전통시장,3130152,오!도봉거리 상점가,42,17,25,0,4,14,15,6,3,0,0,5,7,4,1,0,4,9,8,2,2
20223,A,골목상권,3110412,창동중학교,25,23,2,0,4,7,3,4,7,0,3,7,3,3,7,0,1,0,0,1,0
20223,R,전통시장,3130148,방학동도깨비시장,39,16,23,0,2,6,12,12,7,0,0,1,5,8,2,0,2,5,7,4,5
20223,A,골목상권,3110394,방학중학교,214,133,81,0,19,35,50,54,56,0,12,20,26,35,40,0,7,15,24,19,16
20223,A,골목상권,3110384,문이교,261,139,122,0,38,20,56,85,62,0,12,8,21,51,47,0,26,12,35,34,15
20223,A,골목상권,3110388,도봉우체국,35,23,12,0,4,3,10,14,4,0,2,2,7,8,4,0,2,1,3,6,0
20223,A,골목상권,3110442,화랑대철도공원,76,20,56,0,1,4,14,49,8,0,0,2,4,10,4,0,1,2,10,39,4
20223,A,골목상권,3110424,상계초등학교,388,157,231,2,42,50,96,106,92,2,18,32,32,42,31,0,24,18,64,64,61
20223,A,골목상권,3110437,당고개역 2번,116,40,76,0,16,23,25,41,11,0,5,11,9,10,5,0,11,12,16,31,6
20223,A,골목상권,3110439,당고개역 5번,96,45,51,0,4,14,12,32,34,0,0,10,6,16,13,0,4,4,6,16,21
20223,A,골목상권,3110440,상계3동4동주민센터,49,16,33,0,8,6,15,10,10,0,1,1,4,2,8,0,7,5,11,8,2
20223,A,골목상권,3110420,광운대역 1번,796,472,324,7,233,310,184,40,22,0,114,234,89,21,14,7,119,76,95,19,8
20223,A,골목상권,3110431,상계역,124,72,52,1,16,24,28,37,18,0,2,13,17,27,13,1,14,11,11,10,5
20223,A,골목상권,3110467,은평요양병원,487,284,203,3,90,154,110,68,62,2,46,100,61,37,38,1,44,54,49,31,24
20223,A,골목상권,3110454,선정중학교,481,268,213,3,56,71,142,108,101,2,42,35,53,66,70,1,14,36,89,42,31
20223,A,골목상권,3110447,구산초등학교,48,43,5,0,5,15,10,5,13,0,4,15,8,5,11,0,1,0,2,0,2
20223,A,골목상권,3110453,신사1동주민센터,515,288,227,0,43,81,121,155,115,0,20,25,65,85,93,0,23,56,56,70,22
20223,A,골목상권,3110448,상신초등학교입구,120,76,44,1,20,27,26,26,20,1,17,17,12,14,15,0,3,10,14,12,5
20223,A,골목상권,3110466,구산역 2번,87,46,41,0,12,17,26,24,8,0,4,5,16,15,6,0,8,12,10,9,2
20223,R,전통시장,3130166,응암시장(신응암시장),17,10,7,0,0,3,2,5,7,0,0,0,1,3,6,0,0,3,1,2,1
20223,A,골목상권,3110498,증산역 1번,222,102,120,0,15,32,75,68,32,0,7,9,31,32,23,0,8,23,44,36,9
20223,A,골목상권,3110444,수색성당,157,57,100,0,17,39,47,45,9,0,6,14,14,16,7,0,11,25,33,29,2
20223,R,전통시장,3130162,증산골목시장,7,3,4,0,0,2,2,1,2,0,0,0,0,1,2,0,0,2,2,0,0
20223,A,골목상권,3110496,모래내우체국,611,333,278,2,88,190,160,89,82,2,20,100,117,42,52,0,68,90,43,47,30
20223,R,전통시장,3130181,아현가구거리상점가,59,30,29,0,8,11,13,10,17,0,0,7,9,4,10,0,8,4,4,6,7
20223,A,골목상권,3110506,연희임광아파트,110,66,44,0,5,12,39,29,25,0,1,8,20,19,18,0,4,4,19,10,7
20223,A,골목상권,3110505,홍남교남측,14,9,5,0,1,0,3,7,3,0,0,0,2,5,2,0,1,0,1,2,1
20223,A,골목상권,3110510,홍연시장,100,59,41,0,10,14,33,27,16,0,5,6,22,14,12,0,5,8,11,13,4
20223,R,전통시장,3130180,포방터시장,59,34,25,0,13,11,15,6,14,0,4,4,11,5,10,0,9,7,4,1,4
20223,A,골목상권,3110521,홍제역 4번,63,36,27,0,4,7,19,17,16,0,0,4,10,9,13,0,4,3,9,8,3
20223,A,골목상권,3110529,홍제3동주민센터,125,58,67,0,13,20,27,25,40,0,2,5,8,14,29,0,11,15,19,11,11
20223,R,전통시장,3130177,인왕시장(홍제골목형상점가),44,7,37,0,1,1,8,7,27,0,0,0,1,3,3,0,1,1,7,4,24
20223,A,골목상권,3110589,애오개역 3번,46,13,33,0,3,3,15,11,14,0,0,1,4,6,2,0,3,2,11,5,12
20223,R,전통시장,3130195,도화동 상점가,1040,502,538,2,201,267,226,153,191,1,86,132,121,88,74,1,115,135,105,65,117
20223,R,전통시장,3130186,망원시장,143,53,90,0,9,23,40,41,30,0,6,11,14,10,12,0,3,12,26,31,18
20223,A,골목상권,3110542,마포구청역 7번,3997,2442,1555,16,527,714,775,1304,661,9,297,578,604,586,368,7,230,136,171,718,293
20223,D,발달상권,3120098,DMC(디지털미디어시티),8846,5391,3455,19,1691,3228,2856,875,177,11,813,1995,1821,616,135,8,878,1233,1035,259,42
20223,A,골목상권,3110561,상수역 4번,395,247,148,4,59,102,94,89,47,2,21,56,64,68,36,2,38,46,30,21,11
20223,R,전통시장,3130191,홍대 걷고싶은 거리,367,225,142,6,65,65,81,82,68,4,40,41,54,47,39,2,25,24,27,35,29
20223,A,골목상권,3110552,성미산체육관,637,465,172,1,110,159,145,158,64,0,72,120,98,128,47,1,38,39,47,30,17
20223,A,골목상권,3110553,가좌역 2번,281,167,114,0,26,51,79,81,44,0,16,28,44,43,36,0,10,23,35,38,8
20223,A,골목상권,3110570,KB국민은행 서강지점,61,39,22,0,4,22,18,12,5,0,4,13,10,7,5,0,0,9,8,5,0
20223,R,전통시장,3130193,신수시장,34,19,15,0,4,7,12,5,6,0,1,5,5,4,4,0,3,2,7,1,2
20223,A,골목상권,3110624,목동문화체육센터,379,232,147,0,93,117,75,63,31,0,40,79,46,48,19,0,53,38,29,15,12
20223,A,골목상권,3110626,양화초등학교,652,271,381,1,127,138,149,147,90,0,37,57,76,63,38,1,90,81,73,84,52
20223,A,골목상권,3110620,목동보건지소,458,241,217,4,51,85,105,125,88,4,20,48,50,65,54,0,31,37,55,60,34
20223,D,발달상권,3120111,목동사거리,1828,710,1118,1,551,601,341,219,115,0,101,248,161,116,84,1,450,353,180,103,31
20223,R,전통시장,3130202,신영시장,40,13,27,0,3,4,13,16,4,0,2,0,3,6,2,0,1,4,10,10,2
20223,R,전통시장,3130201,월정로시장,27,17,10,0,2,8,10,7,0,0,0,7,6,4,0,0,2,1,4,3,0
20223,A,골목상권,3110606,신한은행 신월동지점,544,307,237,1,49,83,152,152,107,1,26,44,84,72,80,0,23,39,68,80,27
20223,A,골목상권,3110613,신정네거리역 4번,80,20,60,0,8,25,24,19,4,0,2,6,7,4,1,0,6,19,17,15,3
20223,A,골목상권,3110657,양천향교역 5번,3180,2118,1062,12,334,603,741,695,795,8,191,396,493,385,645,4,143,207,248,310,150
20223,A,골목상권,3110648,양천향교역 7번,13,5,8,0,1,7,1,3,1,0,0,3,1,1,0,0,1,4,0,2,1
20223,A,골목상권,3110671,등촌1동주민센터,4521,2889,1632,8,1208,1381,956,636,332,2,375,916,788,522,286,6,833,465,168,114,46
20223,R,전통시장,3130214,송화벽화시장(송화골목시장),119,44,75,2,23,18,25,33,18,0,6,7,9,13,9,2,17,11,16,20,9
20223,A,골목상권,3110668,화곡2동주민센터,471,278,193,0,55,70,139,127,80,0,22,33,81,77,65,0,33,37,58,50,15
20223,A,골목상권,3110646,푸른들청소년도서관,754,384,370,1,92,113,198,187,163,1,26,47,97,99,114,0,66,66,101,88,49
20223,R,전통시장,3130221,"남부골목시장(남부화곡시장, 남부시장)",188,69,119,0,22,32,50,57,27,0,5,5,15,22,22,0,17,27,35,35,5
20223,A,골목상권,3110658,화곡초등학교,253,153,100,0,21,55,62,69,46,0,10,35,36,44,28,0,11,20,26,25,18
20223,A,골목상권,3110721,가리봉파출소,215,104,111,1,6,36,42,42,88,0,2,19,17,22,44,1,4,17,25,20,44
20223,A,골목상권,3110703,개봉역,307,192,115,4,28,54,91,77,53,3,16,30,54,49,40,1,12,24,37,28,13
20223,A,골목상권,3110706,그라운드 고척,410,100,310,0,122,101,101,68,18,0,22,20,28,20,10,0,100,81,73,48,8
20223,A,골목상권,3110701,고척동성당,567,379,188,2,126,185,125,92,37,0,81,133,82,54,29,2,45,52,43,38,8
20223,A,골목상권,3110709,구로119안전센터,185,108,77,0,19,22,56,51,37,0,14,13,36,29,16,0,5,9,20,22,21
20223,A,골목상권,3110716,구로나눔길,666,398,268,1,132,256,164,77,36,0,39,154,115,60,30,1,93,102,49,17,6
20223,D,발달상권,3120125,구로역,9531,6476,3055,29,1115,2177,2439,2305,1466,14,646,1505,1615,1580,1116,15,469,672,824,725,350
20223,A,골목상권,3110693,오류동역 4번,17,9,8,0,1,3,5,4,4,0,1,3,2,2,1,0,0,0,3,2,3
20223,A,골목상권,3110741,독산2동주민센터,444,159,285,0,69,117,96,108,54,0,43,35,26,33,22,0,26,82,70,75,32
20223,A,골목상권,3110789,대림성모병원,491,182,309,0,104,137,115,93,42,0,16,44,49,43,30,0,88,93,66,50,12
20223,A,골목상권,3110769,대림차이나타운(대림역 12번),42,12,30,0,6,8,12,10,6,0,0,3,4,3,2,0,6,5,8,7,4
20223,R,전통시장,3130244,대림중앙시장,94,39,55,3,15,16,21,16,23,2,10,8,10,5,4,1,5,8,11,11,19
20223,A,골목상권,3110772,신우어린이공원,94,55,39,0,9,15,22,26,22,0,5,8,12,19,11,0,4,7,10,7,11
20223,A,골목상권,3110785,영등포푸르지오아파트,161,84,77,2,13,17,39,44,46,2,8,12,24,14,24,0,5,5,15,30,22
20223,A,골목상권,3110761,문래동남성맨션,180,106,74,0,13,43,45,41,38,0,8,17,26,25,30,0,5,26,19,16,8
20223,R,전통시장,3130245,영일시장,675,567,108,1,61,189,238,136,50,0,41,148,217,115,46,1,20,41,21,21,4
20223,A,골목상권,3110758,문래소공원,296,221,75,1,44,77,70,67,37,0,32,60,46,52,31,1,12,17,24,15,6
20223,A,골목상권,3110815,공군호텔,2250,791,1459,4,426,519,477,509,315,0,88,197,168,172,166,4,338,322,309,337,149
20223,A,골목상권,3110787,신길3동주민센터,171,122,49,0,19,35,47,42,28,0,8,25,36,31,22,0,11,10,11,11,6
20223,A,골목상권,3110780,신길대성유니드아파트,223,171,52,0,22,42,71,56,32,0,18,34,51,41,27,0,4,8,20,15,5
20223,A,골목상권,3110804,신풍역 1번,312,187,125,0,15,37,62,63,135,0,4,15,29,35,104,0,11,22,33,28,31
20223,D,발달상권,3120150,63빌딩,8614,5431,3183,45,1167,2157,2997,1883,365,18,610,1437,1563,1568,235,27,557,720,1434,315,130
20223,D,발달상권,3120144,영중로,2017,1073,944,1,254,395,508,598,261,1,142,276,289,230,135,0,112,119,219,368,126
20223,A,골목상권,3110808,신길역 1번,67,48,19,0,3,22,21,13,8,0,3,15,14,9,7,0,0,7,7,4,1
20223,A,골목상권,3110832,노량진초등학교,491,269,222,0,54,105,122,153,57,0,24,64,85,70,26,0,30,41,37,83,31
20223,R,전통시장,3130266,만양로상점가,2,1,1,0,0,0,2,0,0,0,0,0,1,0,0,0,0,0,1,0,0
20223,A,골목상권,3110822,신대방삼거리역 4번(대림초등학교),313,131,182,0,57,71,68,76,41,0,13,28,34,35,21,0,44,43,34,41,20
20223,A,골목상권,3110850,사당역 10번,969,487,482,4,217,207,185,162,194,1,54,88,92,95,157,3,163,119,93,67,37
20223,R,전통시장,3130273,남성사계시장(남성시장),141,63,78,0,21,36,45,22,17,0,3,19,20,8,13,0,18,17,25,14,4
20223,R,전통시장,3130260,신대방1동골목상권,70,31,39,0,8,22,15,15,10,0,0,7,7,10,7,0,8,15,8,5,3
20223,R,전통시장,3130281,우림시장,1,0,1,0,0,0,1,0,0,0,0,0,0,0,0,0,0,0,1,0,0
20223,A,골목상권,3110859,난향초등학교,182,113,69,0,11,32,42,52,45,0,0,21,27,30,35,0,11,11,15,22,10
20223,A,골목상권,3110886,관악해태어린이공원,184,103,81,1,38,50,41,34,20,1,18,28,21,23,12,0,20,22,20,11,8
20223,A,골목상권,3110880,신림역 1번,995,275,720,0,379,296,157,128,35,0,78,87,66,33,11,0,301,209,91,95,24
20223,A,골목상권,3110888,청룡동주민센터,94,53,41,0,5,9,11,22,47,0,3,2,4,6,38,0,2,7,7,16,9
20223,A,골목상권,3110896,관악우성아파트,202,49,153,0,41,37,44,47,33,0,5,7,11,13,13,0,36,30,33,34,20
20223,A,골목상권,3110948,헌인가구단지,57,27,30,0,5,24,14,11,3,0,4,12,6,2,3,0,1,12,8,9,0
20223,D,발달상권,3120165,서래마을카페거리(서래마을),3467,2266,1201,11,605,1119,949,516,267,3,277,716,707,369,194,8,328,403,242,147,73
20223,A,골목상권,3110921,서울프랑스학교,506,312,194,7,63,70,115,134,117,2,30,43,80,86,71,5,33,27,35,48,46
20223,A,골목상권,3110907,방배초등학교,775,476,299,8,119,165,211,143,129,5,54,100,118,95,104,3,65,65,93,48,25
20223,A,골목상권,3110912,방배동사이길,210,128,82,3,33,45,53,42,34,2,16,27,39,21,23,1,17,18,14,21,11
20223,A,골목상권,3110933,한국상담대학원대학교,679,60,619,0,344,156,86,63,30,0,10,15,15,5,15,0,334,141,71,58,15
20223,D,발달상권,3120172,교대입구교차로,10241,5712,4529,53,2062,2700,2445,1945,1036,33,854,1635,1489,1004,697,20,1208,1065,956,941,339
20223,A,골목상권,3110935,한전아트센터,379,264,115,2,53,108,105,72,39,2,33,82,75,46,26,0,20,26,30,26,13
20223,D,발달상권,3120192,뱅뱅사거리,27363,18865,8498,72,5748,8234,6678,4352,2279,37,3275,5587,5090,3174,1702,35,2473,2647,1588,1178,577
20223,D,발달상권,3120180,양재화물트럭터미널앞,2562,2146,416,13,637,812,554,409,137,10,466,711,481,363,115,3,171,101,73,46,22
20223,A,골목상권,3110984,포이초등학교(개포목련어린이공원),1556,1046,510,2,236,342,331,306,339,0,140,241,211,199,255,2,96,101,120,107,84
20223,D,발달상권,3120190,강남을지병원,11725,6199,5526,44,3417,3232,2506,1512,1014,14,1228,1650,1567,988,752,30,2189,1582,939,524,262
20223,D,발달상권,3120196,서울세관,9664,5880,3784,15,1699,2887,2578,1611,874,2,596,1519,1718,1320,725,13,1103,1368,860,291,149
20223,D,발달상권,3120200,학동사거리,9363,3808,5555,26,2868,3075,1848,1005,541,9,654,1122,937,687,399,17,2214,1953,911,318,142
20223,D,발달상권,3120223,휘문고교사거리,9166,5574,3592,20,1785,2926,2736,1401,298,4,1102,2061,1597,609,201,16,683,865,1139,792,97
20223,A,골목상권,3110975,매봉역 1번,10837,6932,3905,34,2175,2199,3202,3019,208,21,1010,1161,2184,2402,154,13,1165,1038,1018,617,54
20223,A,골목상권,3110978,도곡2동주민센터(대치중학교),331,186,145,0,46,70,72,114,29,0,20,41,47,62,16,0,26,29,25,52,13
20223,A,골목상권,3110974,언주중학교,278,168,110,3,58,66,85,43,23,3,25,39,59,27,15,0,33,27,26,16,8
20223,D,발달상권,3120188,압구정역,8579,3750,4829,134,2204,2146,1550,1314,1231,47,698,969,897,556,583,87,1506,1177,653,758,648
20223,D,발달상권,3120202,압구정로데오역(압구정로데오),11735,6075,5660,41,2963,4419,2469,1425,418,11,793,2184,1593,1195,299,30,2170,2235,876,230,119
20223,A,골목상권,3110971,선정릉역 4번,1542,900,642,11,278,455,380,254,164,6,140,270,245,120,119,5,138,185,135,134,45
20223,D,발달상권,3120239,오금역,4595,2925,1670,17,840,1205,1156,897,480,11,447,798,824,483,362,6,393,407,332,414,118
20223,D,발달상권,3120241,거여역,1197,650,547,5,110,221,296,277,288,2,80,152,161,83,172,3,30,69,135,194,116
20223,A,골목상권,3111026,문정역 2번,2257,1479,778,7,430,626,537,409,248,3,235,420,381,229,211,4,195,206,156,180,37
20223,A,골목상권,3111017,송파나루역 3번,272,183,89,0,40,62,62,63,45,0,14,42,42,45,40,0,26,20,20,18,5
20223,A,골목상권,3111010,석촌역 7번,1512,1031,481,3,181,309,376,339,304,1,98,190,261,234,247,2,83,119,115,105,57
20223,A,골목상권,3111040,거여초등학교,346,137,209,0,26,86,124,77,33,0,9,27,48,30,23,0,17,59,76,47,10
20223,A,골목상권,3111034,오동나무공원(송파레미니스1단지),1465,1038,427,3,253,373,355,322,159,3,163,257,267,226,122,0,90,116,88,96,37
20223,A,골목상권,3111030,방이역 2번,665,419,246,1,57,107,147,217,136,0,28,68,94,128,101,1,29,39,53,89,35
20223,D,발달상권,3120225,잠실새내역(신천),5597,3589,2008,25,909,1191,1223,1162,1087,3,464,712,794,811,805,22,445,479,429,351,282
20223,A,골목상권,3111085,묘곡초등학교(고덕아이파크아파트),800,452,348,0,68,111,152,196,273,0,35,72,80,84,181,0,33,39,72,112,92
20223,A,골목상권,3111077,길동주민센터(강동도서관),1272,737,535,4,121,258,294,321,274,1,49,138,167,188,194,3,72,120,127,133,80
20223,R,전통시장,3130324,길동복조리시장,154,85,69,3,27,32,47,40,5,2,13,18,31,19,2,1,14,14,16,21,3
20223,D,발달상권,3120245,둔촌역,1884,1135,749,7,312,460,446,371,288,6,169,309,271,195,185,1,143,151,175,176,103
20223,A,골목상권,3111076,둔촌2동주민센터,297,174,123,0,25,49,61,86,76,0,14,24,34,39,63,0,11,25,27,47,13
20223,A,골목상권,3111080,굽은다리역 3번,434,235,199,0,44,77,100,110,103,0,12,52,63,58,50,0,32,25,37,52,53
20223,R,전통시장,3130320,암사종합시장,173,97,76,1,16,29,50,31,46,1,5,12,31,19,29,0,11,17,19,12,17
20223,R,전통시장,3130002,세종마을음식문화거리(금천교시장),564,392,172,4,56,109,120,121,154,0,26,74,75,90,127,4,30,35,45,31,27
20223,A,골목상권,3110037,신설동역 12번,208,124,84,0,16,46,51,61,34,0,6,20,32,41,25,0,10,26,19,20,9
20223,D,발달상권,3120014,종로5가역,4887,2839,2048,375,1123,1351,1205,597,236,112,456,860,851,397,163,263,667,491,354,200,73
20223,A,골목상권,3110029,동대문역 1번,247,68,179,0,11,34,64,82,56,0,1,8,25,21,13,0,10,26,39,61,43
20223,A,골목상권,3110021,성균관대학교,395,301,94,2,16,44,110,145,78,2,7,29,89,124,50,0,9,15,21,21,28
20223,R,전통시장,3130032,인현시장,167,123,44,0,3,25,47,54,38,0,3,16,35,40,29,0,0,9,12,14,9
20223,A,골목상권,3110056,신당역 3번,514,293,221,0,62,129,118,115,90,0,31,63,69,72,58,0,31,66,49,43,32
20223,D,발달상권,3120027,명동역(명동재미로),18097,8477,9620,67,2695,5851,6070,3074,340,9,859,2588,2522,2321,178,58,1836,3263,3548,753,162
20223,R,전통시장,3130054,황학동주방가구거리상점가,374,266,108,0,25,80,116,106,47,0,18,60,77,74,37,0,7,20,39,32,10
20223,A,골목상권,3110050,약수역 7번,306,229,77,0,34,81,75,74,42,0,21,59,60,56,33,0,13,22,15,18,9
20223,A,골목상권,3110042,남산골공원옆,683,424,259,3,91,156,195,166,72,0,37,89,131,121,46,3,54,67,64,45,26
20223,A,골목상권,3110088,오산고등학교,101,51,50,0,22,20,19,15,25,0,9,9,8,8,17,0,13,11,11,7,8
20223,A,골목상권,3110090,한국폴리텍대학서울정수캠퍼스,3968,2447,1521,1,446,1358,1632,500,31,1,173,548,1231,467,27,0,273,810,401,33,4
20223,A,골목상권,3110063,효창공원앞역 5번,530,347,183,8,47,104,139,132,100,6,25,71,93,87,65,2,22,33,46,45,35
20223,D,발달상권,3120040,용산전자상가(용산역),8008,5959,2049,43,1387,2728,2220,1237,393,30,880,2009,1728,997,315,13,507,719,492,240,78
20223,A,골목상권,3110058,성심여자고등학교,1189,857,332,10,168,333,362,206,110,3,77,243,278,166,90,7,91,90,84,40,20
20223,A,골목상권,3110087,이태원엔틱가구거리,329,113,216,0,151,130,29,10,9,0,26,52,19,8,8,0,125,78,10,2,1
20223,A,골목상권,3110067,배문고등학교,1547,895,652,1,215,370,383,320,258,0,84,173,199,225,214,1,131,197,184,95,44
20223,D,발달상권,3120047,한남오거리,2290,1458,832,11,366,751,623,343,196,9,152,461,438,249,149,2,214,290,185,94,47
20223,A,골목상권,3110098,서울독일학교,242,91,151,0,57,85,68,23,9,0,15,22,34,15,5,0,42,63,34,8,4
20223,A,골목상권,3110096,한남힐사이드아파트,502,337,165,3,155,183,85,47,29,3,89,132,63,26,24,0,66,51,22,21,5
20223,D,발달상권,3120048,금호역,76,28,48,0,16,10,18,21,11,0,2,2,6,11,7,0,14,8,12,10,4
20223,R,전통시장,3130063,신금호역 골목형상점가,30,21,9,0,2,4,5,9,10,0,1,3,4,7,6,0,1,1,1,2,4
20223,A,골목상권,3110119,마장지하차도,127,89,38,0,17,26,32,26,26,0,12,22,19,18,18,0,5,4,13,8,8
20223,A,골목상권,3110131,성수동카페거리,4798,3110,1688,15,902,1536,1123,699,523,9,460,993,777,497,374,6,442,543,346,202,149
20223,A,골목상권,3110134,성수119안전센터,771,587,184,4,65,108,185,252,157,4,38,78,143,200,124,0,27,30,42,52,33
20223,A,골목상권,3110136,경수초등학교,4745,2743,2002,43,1169,1097,978,875,583,32,439,633,615,593,431,11,730,464,363,282,152
20223,A,골목상권,3110100,옥수동우편취급국,37,26,11,0,5,17,8,5,2,0,0,14,6,4,2,0,5,3,2,1,0
20223,A,골목상권,3110118,왕십리역 9번,697,487,210,1,90,182,204,129,91,0,62,110,144,93,78,1,28,72,60,36,13
20223,D,발달상권,3120061,올림픽대교북단,1094,864,230,1,228,403,324,95,43,0,165,326,290,55,28,1,63,77,34,40,15
20223,D,발달상권,3120056,구의역,1879,884,995,6,322,352,510,413,276,6,105,129,223,246,175,0,217,223,287,167,101
20223,D,발달상권,3120059,구삼강변맛길,3277,1779,1498,6,431,676,553,747,864,4,244,472,365,322,372,2,187,204,188,425,492
20223,A,골목상권,3110149,세종대학교,122,72,50,0,15,21,31,23,32,0,8,13,19,7,25,0,7,8,12,16,7
20223,A,골목상권,3110155,광진구청,8356,7701,655,0,240,853,2408,4046,809,0,172,765,2256,3748,760,0,68,88,152,298,49
20223,A,골목상권,3110139,자양4동주민센터,204,116,88,0,13,28,53,51,59,0,3,14,32,25,42,0,10,14,21,26,17
20223,R,전통시장,3130077,조양시장,31,19,12,0,11,7,8,5,0,0,6,5,4,4,0,0,5,2,4,1,0
20223,A,골목상권,3110167,용마초등학교,380,223,157,2,22,56,99,112,89,0,9,20,52,64,78,2,13,36,47,48,11
20223,A,골목상권,3110176,해오름공원,791,439,352,1,84,212,229,173,92,1,32,119,126,91,70,0,52,93,103,82,22
20223,A,골목상권,3110204,간데메공원,411,268,143,3,83,97,82,89,57,3,57,64,46,58,40,0,26,33,36,31,17
20223,A,골목상권,3110226,장안1동주민센터,1882,1005,877,2,147,247,333,512,641,2,87,148,213,253,302,0,60,99,120,259,339
20223,A,골목상권,3110211,전곡마을마당공원,626,445,181,1,66,101,170,194,94,0,45,73,129,143,55,1,21,28,41,51,39
20223,A,골목상권,3110207,시립대앞사거리,33,21,12,0,4,10,6,5,8,0,2,8,3,3,5,0,2,2,3,2,3
20223,R,전통시장,3130086,서울약령시장,1184,651,533,4,113,208,305,341,213,0,56,128,165,181,121,4,57,80,140,160,92
20223,R,전통시장,3130087,경동광성상가(경동시장),28,20,8,0,5,3,8,7,5,0,3,2,6,5,4,0,2,1,2,2,1
20223,A,골목상권,3110198,동대문중앙새마을금고본점,67,26,41,0,1,0,18,37,11,0,0,0,8,10,8,0,1,0,10,27,3
20223,A,골목상권,3110200,동대문경찰서,74,50,24,0,1,6,21,13,33,0,0,1,11,6,32,0,1,5,10,7,1
20223,R,전통시장,3130115,우림골목시장,307,106,201,2,80,61,68,64,32,0,29,11,30,20,16,2,51,50,38,44,16
20223,A,골목상권,3110256,면목2동체육관,477,321,156,2,56,66,82,140,131,1,21,35,45,109,110,1,35,31,37,31,21
20223,A,골목상권,3110266,면목동우체국,225,182,43,0,10,31,38,79,67,0,1,19,30,69,63,0,9,12,8,10,4
20223,A,골목상권,3110236,신묵초등학교,1015,836,179,0,185,302,228,255,45,0,135,246,194,228,33,0,50,56,34,27,12
20223,A,골목상권,3110267,망우역 2번,139,49,90,1,15,28,50,28,17,1,2,10,19,13,4,0,13,18,31,15,13
20223,A,골목상권,3110234,중랑역 4번,96,41,55,0,15,16,23,25,17,0,2,5,10,14,10,0,13,11,13,11,7
20223,R,전통시장,3130121,길음시장,88,19,69,0,36,24,10,8,10,0,2,5,3,2,7,0,34,19,7,6,3
20223,A,골목상권,3110321,동덕여대,58,14,44,0,0,4,13,18,23,0,0,4,4,4,2,0,0,0,9,14,21
20223,A,골목상권,3110324,월곡역 4번,99,55,44,0,31,21,19,18,10,0,9,10,13,14,9,0,22,11,6,4,1
20223,A,골목상권,3110298,솔숲어린이공원,77,28,49,0,18,11,24,12,12,0,3,5,7,5,8,0,15,6,17,7,4
20223,A,골목상권,3110314,종암경찰서,949,699,250,1,127,271,223,286,41,0,72,206,162,231,28,1,55,65,61,55,13
20223,A,골목상권,3110365,미아역 5번,341,83,258,0,17,21,44,63,196,0,5,12,15,17,34,0,12,9,29,46,162
20223,A,골목상권,3110368,송천초등학교,199,178,21,0,9,16,39,71,64,0,5,11,34,66,62,0,4,5,5,5,2
20223,A,골목상권,3110352,수유1동주민센터,275,112,163,0,23,49,101,79,23,0,11,22,37,29,13,0,12,27,64,50,10
20223,A,골목상권,3110349,화계역 2번,83,67,16,0,6,4,21,33,19,0,5,3,12,28,19,0,1,1,9,5,0
20223,A,골목상권,3110367,강북구청,1943,976,967,5,195,512,483,522,226,4,64,205,237,340,126,1,131,307,246,182,100
20223,A,골목상권,3110339,국립4.19민주묘지,11,6,5,0,2,2,5,0,2,0,0,2,3,0,1,0,2,0,2,0,1
20223,A,골목상권,3110346,4.19민주묘지역 2번,96,48,48,0,12,13,19,19,33,0,3,7,8,7,23,0,9,6,11,12,10
20223,A,골목상권,3110395,신한은행 방학동지점,163,42,121,0,17,20,44,42,40,0,0,2,11,9,20,0,17,18,33,33,20
20223,A,골목상권,3110403,방학1동주민센터,316,167,149,1,44,56,63,78,74,1,30,37,36,36,27,0,14,19,27,42,47
20223,A,골목상권,3110393,국민은행방학지점,49,13,36,0,2,10,17,15,5,0,0,0,4,6,3,0,2,10,13,9,2
20223,A,골목상권,3110398,쌍문2동우체국,474,326,148,0,30,65,96,153,130,0,11,27,50,124,114,0,19,38,46,29,16
20223,R,전통시장,3130150,창동골목시장,84,47,37,0,19,30,14,8,13,0,7,20,9,5,6,0,12,10,5,3,7
20223,A,골목상권,3110401,도봉구민회관,243,65,178,0,29,32,38,87,57,0,4,14,14,22,11,0,25,18,24,65,46
20223,D,발달상권,3120084,공릉역,712,546,166,3,33,59,110,240,267,1,11,22,63,205,244,2,22,37,47,35,23
20223,A,골목상권,3110419,수락산디자인거리,695,462,233,5,94,131,159,180,126,5,49,76,108,130,94,0,45,55,51,50,32
20223,A,골목상권,3110425,계상초등학교,136,59,77,2,18,12,36,40,28,2,5,7,19,15,11,0,13,5,17,25,17
20223,A,골목상권,3110421,석계역 1번,249,109,140,0,22,37,78,65,47,0,8,16,31,26,28,0,14,21,47,39,19
20223,R,전통시장,3130167,연신내상점가(연빛거리),632,234,398,1,143,140,156,118,74,1,30,48,57,51,47,0,113,92,99,67,27
20223,D,발달상권,3120088,구산역,799,279,520,2,86,117,175,272,147,2,30,65,68,59,55,0,56,52,107,213,92
20223,A,골목상권,3110473,구산역 1번,436,241,195,0,34,59,113,107,123,0,24,27,53,49,88,0,10,32,60,58,35
20223,A,골목상권,3110487,불광역 8번,63,35,28,0,11,22,15,8,7,0,6,11,7,8,3,0,5,11,8,0,4
20223,A,골목상권,3110480,연신내역 3번,161,51,110,0,16,35,52,35,23,0,3,9,17,12,10,0,13,26,35,23,13
20223,A,골목상권,3110474,세명컴퓨터고등학교,119,55,64,0,7,33,28,23,28,0,2,14,11,8,20,0,5,19,17,15,8
20223,A,골목상권,3110482,연신초등학교,11,7,4,0,0,0,4,6,1,0,0,0,3,3,1,0,0,0,1,3,0
20223,A,골목상권,3110455,역촌노인복지관,690,369,321,2,73,120,187,203,105,0,37,64,89,109,70,2,36,56,98,94,35
20223,A,골목상권,3110470,신진과학기술고등학교,93,65,28,0,7,17,34,25,10,0,5,10,26,19,5,0,2,7,8,6,5
20223,A,골목상권,3110475,백련산해모로아파트,245,127,118,1,23,44,76,70,31,1,10,24,44,29,19,0,13,20,32,41,12
20223,D,발달상권,3120089,구파발역,5,1,4,0,0,0,1,2,2,0,0,0,0,1,0,0,0,0,1,1,2
20223,R,전통시장,3130173,백련시장,5,3,2,0,0,1,0,2,2,0,0,1,0,0,2,0,0,0,0,2,0
20223,D,발달상권,3120096,"이화여대(이대역, 이대)",493,210,283,1,81,137,130,86,58,0,27,52,48,43,40,1,54,85,82,43,18
20223,A,골목상권,3110532,아현역 2번,328,204,124,0,52,33,46,78,119,0,17,13,22,57,95,0,35,20,24,21,24
20223,R,전통시장,3130178,이대 앞 스타트업 상점가,30,6,24,0,5,5,8,6,6,0,1,0,3,0,2,0,4,5,5,6,4
20223,A,골목상권,3110517,서대문소방서,884,634,250,8,197,216,203,177,83,5,99,170,163,146,51,3,98,46,40,31,32
20223,A,골목상권,3110512,연희지하차도,335,165,170,0,40,62,102,99,32,0,14,38,44,49,20,0,26,24,58,50,12
20223,A,골목상권,3110536,돈의문센트레빌아파트입구,141,105,36,0,12,23,61,32,13,0,7,17,50,21,10,0,5,6,11,11,3
20223,A,골목상권,3110534,경기대학교,157,88,69,0,10,29,28,42,48,0,7,20,14,19,28,0,3,9,14,23,20
20223,A,골목상권,3110516,정원여중,227,101,126,0,35,40,62,65,25,0,17,18,27,23,16,0,18,22,35,42,9
20223,A,골목상권,3110527,홍제역 2번,185,89,96,1,36,40,36,40,32,1,11,26,15,21,15,0,25,14,21,19,17
20223,A,골목상권,3110572,서강대역 1번,470,254,216,1,63,130,117,116,43,1,32,67,58,66,30,0,31,63,59,50,13
20223,A,골목상권,3110575,대흥동주민센터,208,157,51,2,25,48,36,49,48,2,11,35,25,41,43,0,14,13,11,8,5
20223,D,발달상권,3120100,망원역,846,397,449,4,199,227,191,137,88,2,52,99,101,94,49,2,147,128,90,43,39
20223,R,전통시장,3130185,망원월드컵시장,190,123,67,1,26,69,53,25,16,1,14,43,35,16,14,0,12,26,18,9,2
20223,A,골목상권,3110547,KB국민은행 망원동지점,284,168,116,0,13,47,93,76,55,0,4,25,55,45,39,0,9,22,38,31,16
20223,R,전통시장,3130183,상암동상점가,816,607,209,1,89,204,283,187,52,0,49,150,227,143,38,1,40,54,56,44,14
20223,A,골목상권,3110569,홍대땡땡거리,358,153,205,2,62,108,97,53,36,1,18,48,46,19,21,1,44,60,51,34,15
20223,A,골목상권,3110554,망원역 1번,1579,777,802,2,213,371,508,350,135,2,105,188,241,156,85,0,108,183,267,194,50
20223,A,골목상권,3110551,성서초등학교,803,387,416,1,110,164,235,172,121,1,42,90,114,81,59,0,68,74,121,91,62
20223,R,전통시장,3130198,아현시장,203,45,158,1,51,84,52,10,5,0,8,5,26,4,2,1,43,79,26,6,3
20223,A,골목상권,3110550,합정역 8번,1578,740,838,1,240,411,414,333,179,0,84,165,221,171,99,1,156,246,193,162,80
20223,A,골목상권,3110546,양화대교북단,732,436,296,3,189,254,157,76,53,3,81,126,120,62,44,0,108,128,37,14,9
20223,D,발달상권,3120114,목동신시가지,13498,9371,4127,46,2070,3798,3444,2895,1245,29,1126,2619,2554,2204,839,17,944,1179,890,691,406
20223,A,골목상권,3110619,목4동주민센터,311,203,108,1,51,87,89,64,19,1,16,52,58,57,19,0,35,35,31,7,0
20223,A,골목상권,3110607,금빛새마을금고본점,47,29,18,0,1,10,11,14,11,0,1,4,5,10,9,0,0,6,6,4,2
20223,A,골목상권,3110608,신월2동주민센터,875,454,421,1,51,116,229,273,205,1,23,69,117,127,117,0,28,47,112,146,88
20223,A,골목상권,3110647,화곡역 5번,899,461,438,2,117,230,224,230,96,1,44,138,111,116,51,1,73,92,113,114,45
20223,A,골목상권,3110594,신월중학교,357,182,175,0,35,116,89,85,32,0,10,41,50,52,29,0,25,75,39,33,3
20223,R,전통시장,3130205,신곡종합시장(신월6동 골목시장),141,103,38,1,17,36,39,32,16,0,10,27,33,18,15,1,7,9,6,14,1
20223,A,골목상권,3110602,신월시영아파트중문,674,584,90,1,8,23,81,250,311,0,4,14,55,218,293,1,4,9,26,32,18
20223,A,골목상권,3110600,신월7동주민센터,350,263,87,0,32,30,66,101,121,0,17,14,38,79,115,0,15,16,28,22,6
20223,A,골목상권,3110610,계남근린공원,126,85,41,0,5,11,41,44,25,0,3,6,28,35,13,0,2,5,13,9,12
20223,A,골목상권,3110616,양목초등학교,161,103,58,0,3,23,19,40,76,0,2,18,14,32,37,0,1,5,5,8,39
20223,A,골목상권,3110611,신정역 1번,289,192,97,2,34,57,88,74,34,2,20,42,52,46,30,0,14,15,36,28,4
20223,A,골목상권,3110635,공항시장역 3번,1451,391,1060,4,64,82,162,479,660,1,43,58,63,33,193,3,21,24,99,446,467
20223,D,발달상권,3120122,강서구청,2179,1231,948,4,314,461,494,447,459,2,103,228,271,262,365,2,211,233,223,185,94
20223,A,골목상권,3110638,신방화역 2번,372,202,170,3,53,75,88,87,66,3,22,40,44,43,50,0,31,35,44,44,16
20223,A,골목상권,3110650,우장산힐스테이트,143,116,27,0,23,30,51,20,19,0,15,25,42,17,17,0,8,5,9,3,2
20223,A,골목상권,3110702,개봉초등학교,131,93,38,1,15,18,33,34,30,1,10,13,23,24,22,0,5,5,10,10,8
20223,R,전통시장,3130227,고척골목시장상점가(그라운드 고척),33,14,19,0,4,6,10,8,5,0,0,1,5,5,3,0,4,5,5,3,2
20223,A,골목상권,3110699,덕의초등학교,136,79,57,0,14,22,29,43,28,0,7,14,13,24,21,0,7,8,16,19,7
20223,D,발달상권,3120129,구로디지털단지,48873,32033,16840,196,10422,16630,12386,5777,3462,127,5285,11083,8771,3995,2772,69,5137,5547,3615,1782,690
20223,A,골목상권,3110712,남구로역 5번,233,108,125,1,32,36,66,64,34,0,10,17,24,32,25,1,22,19,42,32,9
20223,A,골목상권,3110720,대림역 2번,228,87,141,0,27,50,65,49,37,0,11,14,18,17,27,0,16,36,47,32,10
20223,R,전통시장,3130231,독산동 우시장,611,476,135,2,31,74,126,196,182,0,16,55,97,145,163,2,15,19,29,51,19
20223,A,골목상권,3110745,독산동정훈단지,251,191,60,0,11,20,33,86,101,0,3,12,22,64,90,0,8,8,11,22,11
20223,D,발달상권,3120134,구로전화국,2014,1668,346,0,107,157,172,223,1355,0,44,75,96,153,1300,0,63,82,76,70,55
20223,A,골목상권,3110755,동일여자고등학교,193,51,142,0,10,24,45,70,44,0,3,8,17,11,12,0,7,16,28,59,32
20223,D,발달상권,3120143,당산역,2671,1987,684,9,326,516,558,517,745,2,194,394,403,386,608,7,132,122,155,131,137
20223,A,골목상권,3110778,구로디지털단지역 4번,1596,862,734,0,248,459,484,224,181,0,122,281,192,136,131,0,126,178,292,88,50
20223,A,골목상권,3110771,대림역 11번,955,604,351,0,22,38,128,210,557,0,21,30,73,131,349,0,1,8,55,79,208
20223,D,발달상권,3120139,대림3동사거리,3619,2404,1215,14,423,867,992,727,596,5,220,632,783,462,302,9,203,235,209,265,294
20223,A,골목상권,3110768,도림2동유수지내체육시설,294,155,139,0,20,43,63,73,95,0,7,22,32,41,53,0,13,21,31,32,42
20223,A,골목상권,3110759,문래예술촌(문래창작촌),4221,2168,2053,9,521,838,1001,1281,571,5,266,553,595,462,287,4,255,285,406,819,284
20223,D,발달상권,3120152,신대방삼거리역,578,278,300,1,66,127,150,148,86,1,22,63,80,70,42,0,44,64,70,78,44
20223,A,골목상권,3110818,신대방역 3번,20,9,11,0,1,3,7,7,2,0,1,3,2,1,2,0,0,0,5,6,0
20223,A,골목상권,3110856,미성초등학교,538,295,243,3,58,85,170,150,72,1,28,44,99,71,52,2,30,41,71,79,20
20223,A,골목상권,3110874,원신초등학교(구세군관악영문교회),46,15,31,1,4,19,7,12,3,1,1,3,3,6,1,0,3,16,4,6,2
20223,A,골목상권,3110879,신림현대아파트,17,7,10,0,2,3,5,5,2,0,1,2,2,2,0,0,1,1,3,3,2
20223,A,골목상권,3110885,영락고등학교,339,213,126,0,37,58,94,88,62,0,18,33,61,56,45,0,19,25,33,32,17
20223,D,발달상권,3120157,신림역(신림),637,257,380,1,96,116,146,139,139,0,19,40,82,49,67,1,77,76,64,90,72
20223,A,골목상권,3110858,신대방역 1번,66,33,33,0,5,9,17,7,28,0,0,1,6,2,24,0,5,8,11,5,4
20223,A,골목상권,3110872,신림초등학교,279,196,83,3,54,68,69,54,31,3,36,54,54,42,7,0,18,14,15,12,24
20223,A,골목상권,3110855,신대방역 2번,429,275,154,2,53,111,126,90,47,0,22,81,83,55,34,2,31,30,43,35,13
20223,R,전통시장,3130276,신림중앙시장(조원동 펭귄시장),39,27,12,0,1,2,13,11,12,0,0,2,7,9,9,0,1,0,6,2,3
20223,A,골목상권,3110947,청계산입구역 2번(내곡동주민센터),112,45,67,0,18,17,27,18,32,0,8,9,14,7,7,0,10,8,13,11,25
20223,D,발달상권,3120177,신논현역 1번,694,436,258,1,84,187,202,143,77,0,34,111,130,106,55,1,50,76,72,37,22
20223,D,발달상권,3120187,신논현역,13076,7778,5298,64,3624,3962,2984,1673,769,27,1516,2302,2121,1247,565,37,2108,1660,863,426,204
20223,A,골목상권,3110913,방현초등학교(방배119안전센터),3293,2109,1184,7,571,1263,876,376,200,4,272,822,625,237,149,3,299,441,251,139,51
20223,A,골목상권,3110934,우면주공아파트,994,674,320,6,197,291,253,161,86,5,83,217,195,110,64,1,114,74,58,51,22
20223,A,골목상권,3110937,방아다리근린공원(횃불트리니티신학대학원대학교),2465,1270,1195,7,634,861,542,318,103,6,246,507,335,113,63,1,388,354,207,205,40
20223,D,발달상권,3120183,양재천카페거리,3558,2626,932,12,586,972,848,551,589,10,364,717,638,413,484,2,222,255,210,138,105
20223,D,발달상권,3120205,매봉역,13950,9370,4580,95,2838,4203,3126,1781,1907,44,1450,2959,2521,1302,1094,51,1388,1244,605,479,813
20223,D,발달상권,3120194,언주역(차병원),12628,8724,3904,37,2790,4202,2802,1923,874,14,1366,2863,2239,1588,654,23,1424,1339,563,335,220
20223,A,골목상권,3110955,논현초등학교,3430,2238,1192,19,719,823,793,625,451,13,417,568,554,389,297,6,302,255,239,236,154
20223,R,전통시장,3130303,영동전통시장,242,95,147,0,21,60,67,58,36,0,7,19,22,24,23,0,14,41,45,34,13
20223,D,발달상권,3120215,포스코사거리,61667,40706,20961,170,9756,22506,18178,8408,2649,29,4305,14324,13853,6409,1786,141,5451,8182,4325,1999,863
20223,A,골목상권,3110992,도곡초등학교,2179,1144,1035,3,269,440,484,524,459,1,108,253,258,260,264,2,161,187,226,264,195
20223,A,골목상권,3110991,삼성중앙역 5번,1246,794,452,1,111,415,339,275,105,1,28,243,229,216,77,0,83,172,110,59,28
20223,A,골목상권,3111000,대왕초등학교(세곡동사거리서남측),39,20,19,0,7,10,12,8,2,0,0,4,10,4,2,0,7,6,2,4,0
20223,A,골목상권,3110999,윗방죽마을공원,268,130,138,2,19,43,44,83,77,1,12,27,27,39,24,1,7,16,17,44,53
20223,R,전통시장,3130302,강남시장(강남구 강남시장),58,33,25,0,13,15,14,8,8,0,7,10,9,2,5,0,6,5,5,6,3
20223,A,골목상권,3110963,역삼월드메르디앙아파트,779,545,234,1,126,183,226,154,89,0,79,144,171,97,54,1,47,39,55,57,35
20223,A,골목상권,3110967,역삼역 8번,377,228,149,0,63,92,89,92,41,0,31,51,60,56,30,0,32,41,29,36,11
20223,A,골목상권,3110972,강남세브란스병원미래의학연구센터,2628,1440,1188,17,539,669,692,581,130,4,240,428,438,258,72,13,299,241,254,323,58
20223,A,골목상권,3110969,베르사이유1아파트,1546,1230,316,4,231,442,483,285,101,2,165,345,402,239,77,2,66,97,81,46,24
20223,R,전통시장,3130307,도곡시장,17,9,8,0,0,3,4,7,3,0,0,2,1,4,2,0,0,1,3,3,1
20223,A,골목상권,3110990,청담역 12번,262,109,153,2,61,92,56,36,15,0,12,32,29,23,13,2,49,60,27,13,2
20223,A,골목상권,3110985,청담근린공원,1338,948,390,0,193,447,374,226,98,0,98,346,275,157,72,0,95,101,99,69,26
20223,R,전통시장,3130308,청담삼익시장,48,30,18,0,5,11,13,7,12,0,3,6,8,4,9,0,2,5,5,3,3
20223,D,발달상권,3120231,가락시장,5698,4083,1615,0,368,1051,1564,1654,1061,0,264,836,1185,1098,700,0,104,215,379,556,361
20223,D,발달상권,3120240,개롱역,1609,1102,507,7,212,314,404,431,241,5,125,230,269,295,178,2,87,84,135,136,63
20223,A,골목상권,3111021,방이역 4번,7683,5874,1809,22,793,1329,1979,2137,1423,15,391,912,1552,1769,1235,7,402,417,427,368,188
20223,A,골목상권,3111008,석촌고분역 3번,1551,1177,374,1,182,286,280,382,420,1,148,237,208,248,335,0,34,49,72,134,85
20223,A,골목상권,3111015,석촌역 3번,1352,778,574,1,151,315,350,351,184,1,72,199,216,181,109,0,79,116,134,170,75
20223,A,골목상권,3111016,송파역 2번,3803,1601,2202,15,1126,1104,801,601,156,8,407,533,427,165,61,7,719,571,374,436,95
20223,A,골목상권,3111038,보인중학교,416,270,146,0,26,66,113,123,88,0,11,38,85,88,48,0,15,28,28,35,40
20223,A,골목상권,3111011,잠실나루역,9608,7747,1861,42,1275,3018,2795,2046,432,18,924,2492,2309,1674,330,24,351,526,486,372,102
20223,A,골목상권,3111003,삼전역 4번,1996,1337,659,6,249,412,549,437,343,1,160,278,332,308,258,5,89,134,217,129,85
20223,R,전통시장,3130311,새마을시장,377,246,131,1,60,78,104,75,59,0,28,48,80,55,35,1,32,30,24,20,24
20223,R,전통시장,3130326,고덕 골목형상점가,935,850,85,0,8,37,165,395,330,0,4,31,147,360,308,0,4,6,18,35,22
20223,A,골목상권,3111088,고덕동성당,123,54,69,0,15,32,32,31,13,0,4,15,10,15,10,0,11,17,22,16,3
20223,A,골목상권,3111071,천동초등학교,76,52,24,0,4,15,21,25,11,0,4,6,18,16,8,0,0,9,3,9,3
20223,A,골목상권,3111079,둔촌고등학교(둔촌중학교),377,197,180,1,43,58,60,76,139,1,28,34,33,28,73,0,15,24,27,48,66
20223,A,골목상권,3111050,강동구청(강동구청역 2번),131,96,35,0,21,14,21,32,43,0,12,5,12,27,40,0,9,9,9,5,3
20223,D,발달상권,3120243,천호역,1395,637,758,6,189,265,331,296,308,2,64,109,143,126,193,4,125,156,188,170,115
20223,A,골목상권,3111062,둔촌동역 3번(성내3동주민센터),751,501,250,5,134,198,194,144,76,5,81,139,126,91,59,0,53,59,68,53,17
20223,A,골목상권,3111066,암사동성당(효정하나플러스아파트),417,255,162,3,46,103,101,113,51,0,14,53,66,91,31,3,32,50,35,22,20
20223,A,골목상권,3111052,암사역 3번(천호동자전거거리),357,228,129,1,26,71,117,94,48,1,11,47,76,58,35,0,15,24,41,36,13
20223,A,골목상권,3111069,천호1동주민센터,79,54,25,0,8,17,17,26,11,0,4,12,14,14,10,0,4,5,3,12,1
20223,A,골목상권,3111048,천호역 1번(천호문구완구거리),183,101,82,3,18,52,44,42,24,2,10,24,26,23,16,1,8,28,18,19,8
20223,A,골목상권,3110003,세검정초등학교,607,337,270,7,78,120,167,167,68,6,35,45,103,96,52,1,43,75,64,71,16
20223,R,전통시장,3130020,동묘시장(동묘벼룩시장),407,177,230,5,154,93,73,58,24,5,43,31,45,32,21,0,111,62,28,26,3
20223,R,전통시장,3130005,세운상가가동,133,93,40,0,7,34,35,21,36,0,5,23,28,8,29,0,2,11,7,13,7
20223,D,발달상권,3120004,종로구청,12937,7078,5859,9,1442,4392,4485,2080,529,4,432,2050,2756,1493,343,5,1010,2342,1729,587,186
20223,R,전통시장,3130004,낙원시장(낙원지하시장(대일상가)),364,258,106,0,29,70,99,78,88,0,14,51,68,57,68,0,15,19,31,21,20
20223,R,전통시장,3130010,종로신진시장,200,113,87,0,20,29,55,48,48,0,14,17,24,26,32,0,6,12,31,22,16
20223,A,골목상권,3110032,수족관거리,30,15,15,0,3,5,4,13,5,0,2,1,2,7,3,0,1,4,2,6,2
20223,U,관광특구,3001493,동대문패션타운 관광특구,5916,2900,3016,36,1415,1672,1133,1020,640,13,536,733,643,584,391,23,879,939,490,436,249
20223,A,골목상권,3110049,장충단 고개,2303,1240,1063,4,566,582,448,431,272,2,174,314,281,257,212,2,392,268,167,174,60
20223,D,발달상권,3120039,신당역,2348,1249,1099,31,795,488,410,342,282,11,348,245,228,226,191,20,447,243,182,116,91
20223,A,골목상권,3110041,남산케이블카,967,435,532,2,118,152,175,254,266,2,51,69,83,87,143,0,67,83,92,167,123
20223,R,전통시장,3130052,서울중앙시장(신중앙시장),479,342,137,0,106,156,101,61,55,0,80,110,57,45,50,0,26,46,44,16,5
20223,D,발달상권,3120036,장충동족발거리(남소영길),2289,1090,1199,14,616,783,556,223,97,0,122,393,365,155,55,14,494,390,191,68,42
20223,A,골목상권,3110054,청구역 3번,1542,854,688,3,259,378,315,340,247,1,90,204,220,215,124,2,169,174,95,125,123
20223,R,전통시장,3130056,용산용문시장,65,34,31,0,7,15,18,10,15,0,4,6,7,6,11,0,3,9,11,4,4
20223,A,골목상권,3110080,해방촌예술마을,311,168,143,0,53,71,88,58,41,0,18,40,52,31,27,0,35,31,36,27,14
20223,A,골목상권,3110065,남정초등학교,137,92,45,0,17,45,48,17,10,0,9,37,31,10,5,0,8,8,17,7,5
20223,A,골목상권,3110579,마포역 4번,750,563,187,2,54,162,247,219,66,1,37,124,188,165,48,1,17,38,59,54,18
20223,D,발달상권,3120046,이태원(이태원역),2285,1299,986,24,818,684,339,224,196,15,389,422,205,137,131,9,429,262,134,87,65
20223,D,발달상권,3120044,삼각지역,1905,1415,490,5,357,534,461,374,174,5,220,403,384,278,125,0,137,131,77,96,49
20223,A,골목상권,3110123,마장역 3번,511,382,129,0,42,56,91,185,137,0,21,36,63,141,121,0,21,20,28,44,16
20223,A,골목상권,3110121,한양대역 4번,45,30,15,0,3,10,8,11,13,0,2,5,5,7,11,0,1,5,3,4,2
20223,D,발달상권,3120049,왕십리역(왕십리),1459,1004,455,1,183,301,377,468,129,1,92,187,272,371,81,0,91,114,105,97,48
20223,A,골목상권,3110127,성수1가1동주민센터,290,157,133,0,31,55,56,100,48,0,11,40,31,47,28,0,20,15,25,53,20
20223,D,발달상권,3120051,뚝섬역,3944,2582,1362,20,703,946,867,651,757,15,446,646,549,445,481,5,257,300,318,206,276
20223,R,전통시장,3130071,성수역 골목형상점가,335,180,155,1,61,89,70,43,71,0,27,43,43,29,38,1,34,46,27,14,33
20223,A,골목상권,3110114,왕십리파출소,33,19,14,0,3,2,8,14,6,0,1,1,4,8,5,0,2,1,4,6,1
20223,A,골목상권,3110174,아차산역 1번,432,305,127,1,49,80,115,104,83,1,25,57,76,69,77,0,24,23,39,35,6
20223,A,골목상권,3110140,건대입구역 6번,429,268,161,6,37,67,113,120,86,5,17,34,65,83,64,1,20,33,48,37,22
20223,A,골목상권,3110152,중곡어린이공원,340,300,40,0,17,29,64,121,109,0,10,21,55,109,105,0,7,8,9,12,4
20223,A,골목상권,3110161,중곡역 3번,236,135,101,3,11,33,58,65,66,0,2,16,37,40,40,3,9,17,21,25,26
20223,R,전통시장,3130084,신성시장(신성골목시장),21,6,15,0,3,5,8,4,1,0,0,1,2,2,1,0,3,4,6,2,0
20223,A,골목상권,3110141,건대입구역 1번,213,138,75,1,23,49,67,48,25,1,11,27,51,32,16,0,12,22,16,16,9
20223,A,골목상권,3110144,어린이대공원역 4번,104,49,55,0,35,17,21,19,12,0,9,10,11,10,9,0,26,7,10,9,3
20223,R,전통시장,3130097,답십리 건축자재시장,291,188,103,1,16,42,42,36,154,0,7,34,23,19,105,1,9,8,19,17,49
20223,A,골목상권,3110209,답십리 장령당공원,83,52,31,0,3,11,28,19,22,0,1,5,16,15,15,0,2,6,12,4,7
20223,R,전통시장,3130101,답십리현대시장,8,5,3,0,0,1,3,2,2,0,0,1,1,2,1,0,0,0,2,0,1
20223,A,골목상권,3110186,종암초등학교,114,86,28,0,9,21,16,34,34,0,3,18,10,26,29,0,6,3,6,8,5
20223,A,골목상권,3110221,의릉,95,69,26,0,10,12,36,29,8,0,6,10,24,22,7,0,4,2,12,7,1
20223,A,골목상권,3110202,전농1동주민센터(전농시장),111,68,43,0,14,35,31,20,11,0,9,19,21,14,5,0,5,16,10,6,6
20223,A,골목상권,3110206,텃골근린공원,92,37,55,0,8,14,25,24,21,0,4,7,8,8,10,0,4,7,17,16,11
20223,R,전통시장,3130094,청량리청과물시장,54,24,30,0,7,13,17,7,10,0,0,4,10,2,8,0,7,9,7,5,2
20223,R,전통시장,3130095,청량리전통시장,95,38,57,0,6,16,18,33,22,0,4,6,9,10,9,0,2,10,9,23,13
20223,A,골목상권,3110199,홍릉시장,65,41,24,0,11,15,18,14,7,0,8,8,10,9,6,0,3,7,8,5,1
20223,A,골목상권,3110219,삼육보건대학교,251,146,105,0,18,42,70,81,40,0,11,20,32,52,31,0,7,22,38,29,9
20223,A,골목상권,3110268,망우3동주민센터,60,30,30,0,10,13,10,18,9,0,1,5,7,10,7,0,9,8,3,8,2
20223,R,전통시장,3130114,유영시장,31,20,11,0,9,5,3,8,6,0,7,2,2,5,4,0,2,3,1,3,2
20223,A,골목상권,3110237,메가박스 상봉,274,152,122,0,30,67,97,54,26,0,13,37,48,36,18,0,17,30,49,18,8
20223,A,골목상권,3110258,면동초등학교,260,99,161,0,32,49,79,66,34,0,1,20,28,34,16,0,31,29,51,32,18
20223,A,골목상권,3110254,오거리공원,259,90,169,1,19,75,79,53,32,0,6,15,35,22,12,1,13,60,44,31,20
20223,A,골목상권,3110264,면목역 2번,358,170,188,1,52,75,93,80,57,0,21,40,40,37,32,1,31,35,53,43,25
20223,A,골목상권,3110248,먹골파출소,85,47,38,1,19,23,20,12,10,0,7,14,12,4,10,1,12,9,8,8,0
20223,A,골목상권,3110279,신내역 2번,9,8,1,0,0,1,4,4,0,0,0,1,3,4,0,0,0,0,1,0,0
20223,A,골목상권,3110245,KB국민은행 중화동지점,156,81,75,0,8,36,52,40,20,0,5,16,26,19,15,0,3,20,26,21,5
20223,R,전통시장,3130108,태능엔터피아(태릉시장),3,1,2,0,0,0,1,2,0,0,0,0,0,1,0,0,0,0,1,1,0
20223,A,골목상권,3110308,길음역 8번,174,85,89,0,17,36,56,41,24,0,8,17,26,20,14,0,9,19,30,21,10
20223,D,발달상권,3120073,미아사거리,353,135,218,3,40,67,95,95,53,2,16,29,45,23,20,1,24,38,50,72,33
20223,A,골목상권,3110300,삼선동주민센터,2735,1587,1148,3,248,710,769,844,161,2,97,300,444,629,115,1,151,410,325,215,46
20223,D,발달상권,3120072,성신여대,1048,537,511,18,137,211,213,271,198,11,46,86,103,152,139,7,91,125,110,119,59
20223,A,골목상권,3110301,성신여대입구역 7번,484,209,275,1,73,84,96,134,96,0,31,37,39,62,40,1,42,47,57,72,56
20223,R,전통시장,3130120,돈암시장(돈암제일시장),99,23,76,1,20,20,25,18,15,0,0,2,7,8,6,1,20,18,18,10,9
20223,A,골목상권,3110328,상월곡역 3번,235,157,78,1,38,75,62,37,22,1,26,58,33,24,15,0,12,17,29,13,7
20223,R,전통시장,3130126,새석관시장,13,8,5,0,1,4,2,5,1,0,0,3,1,3,1,0,1,1,1,2,0
20223,R,전통시장,3130128,돌곶이시장(석관황금시장),191,157,34,0,30,36,41,72,12,0,28,26,29,62,12,0,2,10,12,10,0
20223,A,골목상권,3110323,상월곡역 1번,109,30,79,2,25,24,28,18,12,0,4,5,11,5,5,2,21,19,17,13,7
20223,A,골목상권,3110325,장곡초등학교,57,18,39,0,0,14,20,17,6,0,0,3,7,4,4,0,0,11,13,13,2
20223,A,골목상권,3110329,우리은행체육관,34,27,7,1,1,5,6,14,7,1,0,5,5,10,6,0,1,0,1,4,1
20223,A,골목상권,3110418,광운대학교 남단,100,45,55,0,11,17,23,26,23,0,5,5,13,16,6,0,6,12,10,10,17
20223,A,골목상권,3110292,정릉역 2번,33,14,19,0,1,5,16,6,5,0,1,3,5,3,2,0,0,2,11,3,3
20223,A,골목상권,3110289,북한산보국문역 2번,144,105,39,0,9,28,49,32,26,0,6,23,30,24,22,0,3,5,19,8,4
20223,A,골목상권,3110320,KB국민은행 종암동지점,79,51,28,0,2,11,27,24,15,0,1,5,15,17,13,0,1,6,12,7,2
20223,A,골목상권,3110369,성신여대운정그린캠퍼스,518,214,304,1,49,46,131,131,160,1,10,16,44,53,90,0,39,30,87,78,70
20223,A,골목상권,3110376,수송초등학교,224,142,82,0,26,47,62,60,29,0,12,29,38,41,22,0,14,18,24,19,7
20223,R,전통시장,3130143,방천골목시장,65,36,29,0,11,7,19,24,4,0,6,5,9,13,3,0,5,2,10,11,1
20223,R,전통시장,3130140,숭인시장,62,27,35,0,9,13,10,15,15,0,0,4,1,9,13,0,9,9,9,6,2
20223,A,골목상권,3110362,우이천 계성교,205,110,95,1,24,34,61,63,22,0,11,19,28,35,17,1,13,15,33,28,5
20223,A,골목상권,3110356,덕수교,228,114,114,0,13,34,55,60,66,0,4,17,22,30,41,0,9,17,33,30,25
20223,R,전통시장,3130139,강북종합전통시장(강북종합골목시장),166,114,52,0,16,45,61,28,16,0,11,33,42,19,9,0,5,12,19,9,7
20223,A,골목상권,3110343,무너미어린이공원,100,74,26,0,7,21,28,32,12,0,4,14,22,25,9,0,3,7,6,7,3
20223,A,골목상권,3110351,수유북부시장옆,214,93,121,0,27,45,51,59,32,0,9,17,20,25,22,0,18,28,31,34,10
20223,A,골목상권,3110413,누원고등학교,54,33,21,0,8,11,12,11,12,0,5,8,5,5,10,0,3,3,7,6,2
20223,A,골목상권,3110382,솔밭공원역 1번,32,25,7,0,1,9,8,7,7,0,0,5,6,7,7,0,1,4,2,0,0
20223,R,전통시장,3130149,창동신창시장,116,51,65,0,5,24,35,31,21,0,2,10,17,10,12,0,3,14,18,21,9
20223,R,전통시장,3130159,공릉동 도깨비시장,101,47,54,0,12,22,24,26,17,0,4,8,9,15,11,0,8,14,15,11,6
20223,A,골목상권,3110422,노원역 9번,277,221,56,0,27,70,94,54,32,0,24,59,79,37,22,0,3,11,15,17,10
20223,D,발달상권,3120082,상계백병원,389,127,262,0,81,95,109,69,35,0,19,18,34,38,18,0,62,77,75,31,17
20223,A,골목상권,3110417,월계역 3번,19,10,9,0,10,6,0,3,0,0,3,5,0,2,0,0,7,1,0,1,0
20223,D,발달상권,3120083,등나무근린공원,1184,787,397,0,166,325,271,283,139,0,114,228,171,179,95,0,52,97,100,104,44
20223,R,전통시장,3130155,시영B상가(중계 그린아파트 B 상가),3,2,1,0,0,1,0,2,0,0,0,1,0,1,0,0,0,0,0,1,0
20223,A,골목상권,3110430,중계초등학교,275,100,175,0,18,28,58,96,75,0,8,7,19,25,41,0,10,21,39,71,34
20223,A,골목상권,3110441,영신여고,138,72,66,0,12,28,33,41,24,0,7,20,15,21,9,0,5,8,18,20,15
20223,A,골목상권,3110427,노원 을지대학교병원,363,281,82,0,27,27,62,126,121,0,12,14,31,109,115,0,15,13,31,17,6
20223,A,골목상권,3110477,은평세무서,434,205,229,0,43,62,106,141,82,0,15,23,49,71,47,0,28,39,57,70,35
20223,A,골목상권,3110476,역촌역 2번,56,26,30,0,2,8,22,17,7,0,1,3,9,7,6,0,1,5,13,10,1
20223,R,전통시장,3130169,대조시장,67,31,36,0,5,11,21,23,7,0,1,3,11,11,5,0,4,8,10,12,2
20223,R,전통시장,3130171,불광먹자골목 골목형상점가,155,54,101,0,18,31,24,37,45,0,4,9,11,16,14,0,14,22,13,21,31
20223,R,전통시장,3130160,수일시장,7,2,5,0,0,2,1,2,2,0,0,0,0,1,1,0,0,2,1,1,1
20223,A,골목상권,3110499,연가초등학교,263,119,144,0,42,42,74,65,40,0,8,20,31,35,25,0,34,22,43,30,15
20223,A,골목상권,3110503,명지대학교교회,230,123,107,0,27,52,59,64,28,0,9,30,26,36,22,0,18,22,33,28,6
20223,A,골목상권,3110533,충정로역 7번,22,11,11,0,5,5,3,5,4,0,0,2,2,4,3,0,5,3,1,1,1
20223,A,골목상권,3110537,충정로현대아파트,1514,848,666,1,362,525,328,177,121,0,150,263,215,134,86,1,212,262,113,43,35
20223,A,골목상권,3110522,홍제역 3번,46,12,34,0,14,7,12,6,7,0,2,2,2,2,4,0,12,5,10,4,3
20223,R,전통시장,3130196,공덕시장,3948,2001,1947,52,1323,1296,891,287,99,28,467,646,599,181,80,24,856,650,292,106,19
20223,A,골목상권,3110541,동교초등학교,377,221,156,0,43,59,101,96,78,0,23,37,63,50,48,0,20,22,38,46,30
20223,R,전통시장,3130190,홍대소상공인상점가,150,77,73,1,55,35,30,18,11,0,18,22,18,10,9,1,37,13,12,8,2
20223,D,발달상권,3120102,서교동(홍대),7276,3402,3874,18,1521,2551,1814,899,473,11,496,1065,913,566,351,7,1025,1486,901,333,122
20223,A,골목상권,3110555,홍익지구대,284,147,137,1,49,53,55,37,89,0,14,28,31,16,58,1,35,25,24,21,31
20223,A,골목상권,3110558,경성고등학교,2362,1593,769,11,308,568,571,513,391,10,153,351,408,384,287,1,155,217,163,129,104
20223,R,전통시장,3130184,마포농수산물시장,77,40,37,0,2,12,24,26,13,0,1,8,12,14,5,0,1,4,12,12,8
20223,A,골목상권,3110571,신수동주민센터,635,358,277,5,109,159,187,126,49,5,57,88,98,74,36,0,52,71,89,52,13
20223,A,골목상권,3110628,신목동역,469,307,162,0,52,85,114,113,105,0,28,56,79,85,59,0,24,29,35,28,46
20223,R,전통시장,3130210,목2동시장,432,251,181,1,66,124,122,71,48,1,40,69,70,39,32,0,26,55,52,32,16
20223,D,발달상권,3120108,신정네거리역,992,580,412,2,93,215,220,242,220,1,28,110,112,160,169,1,65,105,108,82,51
20223,A,골목상권,3110627,신정롯데캐슬아파트,548,318,230,24,129,136,102,93,64,13,69,81,62,49,44,11,60,55,40,44,20
20223,R,전통시장,3130206,신정3동 골목시장,20,6,14,0,0,5,11,2,2,0,0,0,3,1,2,0,0,5,8,1,0
20223,A,골목상권,3110612,신정역 5번,644,303,341,1,85,88,143,197,130,0,44,62,74,70,53,1,41,26,69,127,77
20223,A,골목상권,3110629,송정역 4번,190,107,83,0,26,52,54,35,23,0,9,34,28,24,12,0,17,18,26,11,11
20223,R,전통시장,3130220,등마루시장,491,167,324,5,44,61,71,166,144,3,16,29,38,34,47,2,28,32,33,132,97
20223,D,발달상권,3120115,김포공항역(김포공항),23,12,11,0,6,9,4,4,0,0,2,4,3,3,0,0,4,5,1,1,0
20223,A,골목상권,3110679,염창역 2번,574,404,170,3,89,206,152,80,44,2,49,148,111,58,36,1,40,58,41,22,8
20223,A,골목상권,3110649,우장산역 1번,358,191,167,0,41,91,82,93,51,0,12,49,38,59,33,0,29,42,44,34,18
20223,A,골목상권,3110670,신곡초등학교,489,320,169,6,79,118,121,90,75,3,45,77,71,59,65,3,34,41,50,31,10
20223,A,골목상권,3110666,KC대학교,176,60,116,0,19,35,52,57,13,0,10,10,20,13,7,0,9,25,32,44,6
20223,A,골목상권,3110669,화곡보람2차아파트,13,3,10,0,0,2,4,2,5,0,0,1,2,0,0,0,0,1,2,2,5
20223,A,골목상권,3110700,고척초등학교,3249,2648,601,3,209,680,974,1176,207,2,119,533,803,1021,170,1,90,147,171,155,37
20223,D,발달상권,3120124,개봉동 현대아파트,461,205,256,0,63,89,119,82,108,0,18,26,49,43,69,0,45,63,70,39,39
20223,R,전통시장,3130228,구로시장,10,5,5,0,0,4,6,0,0,0,0,1,4,0,0,0,0,3,2,0,0
20223,D,발달상권,3120128,신도림역,1253,656,597,7,191,318,382,243,112,1,75,153,191,149,87,6,116,165,191,94,25
20223,A,골목상권,3110689,오류동역 3번,287,200,87,3,44,47,56,75,62,3,25,32,41,52,47,0,19,15,15,23,15
20223,A,골목상권,3110690,오류2동버들시장,577,275,302,1,101,192,133,94,56,0,39,104,64,36,32,1,62,88,69,58,24
20223,A,골목상권,3110725,가산동주민센터,85,59,26,0,6,20,22,20,17,0,3,15,16,12,13,0,3,5,6,8,4
20223,A,골목상권,3110735,말미고개,520,330,190,0,64,115,140,140,61,0,31,79,94,79,47,0,33,36,46,61,14
20223,R,전통시장,3130233,남문시장,76,47,29,0,5,8,18,22,23,0,2,3,9,12,21,0,3,5,9,10,2
20223,A,골목상권,3110736,독산119안전센터,461,199,262,0,46,55,76,118,166,0,21,32,35,42,69,0,25,23,41,76,97
20223,A,골목상권,3110746,금천금빛공원(은행나무사거리서측),76,53,23,0,5,11,23,22,15,0,3,9,13,16,12,0,2,2,10,6,3
20223,R,전통시장,3130237,박미시장(기능상실),39,26,13,0,1,6,11,9,12,0,0,2,7,8,9,0,1,4,4,1,3
20223,A,골목상권,3110766,대림역 5번,360,205,155,0,30,82,85,99,64,0,15,54,42,56,38,0,15,28,43,43,26
20223,A,골목상권,3110777,구로세무서,282,210,72,0,36,41,47,83,75,0,13,30,32,66,69,0,23,11,15,17,6
20223,R,전통시장,3130255,영등포전통시장,45,29,16,0,1,7,5,10,22,0,1,5,3,4,16,0,0,2,2,6,6
20223,A,골목상권,3110788,영등포시장역 3번,28,22,6,0,4,5,7,9,3,0,3,5,6,6,2,0,1,0,1,3,1
20223,A,골목상권,3110783,영등포시장역 1번,292,154,138,1,26,37,35,67,126,1,19,27,16,33,58,0,7,10,19,34,68
20223,A,골목상권,3110799,영등포본동주민센터,119,86,33,5,21,16,11,22,44,3,12,10,6,15,40,2,9,6,5,7,4
20223,R,전통시장,3130265,노량진중앙시장,115,82,33,0,17,48,34,8,8,0,12,42,23,3,2,0,5,6,11,5,6
20223,R,전통시장,3130263,신노량진시장(기능상실),13,4,9,0,0,3,4,6,0,0,0,0,1,3,0,0,0,3,3,3,0
20223,A,골목상권,3110821,보라매역 2번,599,356,243,0,73,109,142,137,138,0,34,65,80,89,88,0,39,44,62,48,50
20223,D,발달상권,3120155,총신대학교,107,54,53,0,13,27,24,25,18,0,7,8,13,14,12,0,6,19,11,11,6
20223,R,전통시장,3130268,상도전통시장,239,104,135,0,33,60,53,58,35,0,12,23,23,24,22,0,21,37,30,34,13
20223,A,골목상권,3110836,상도역 5번,3057,1846,1211,9,550,798,701,647,352,2,238,486,453,447,220,7,312,312,248,200,132
20223,A,골목상권,3110840,중앙대학교,175,99,76,0,24,25,57,45,24,0,12,13,37,22,15,0,12,12,20,23,9
20223,A,골목상권,3110878,미림여고,368,218,150,3,43,114,101,78,29,0,19,63,68,43,25,3,24,51,33,35,4
20223,A,골목상권,3110861,관악구신사동주민센터,1168,598,570,1,215,376,261,204,111,1,71,194,161,101,70,0,144,182,100,103,41
20223,A,골목상권,3110893,관악소방서(문영여고),353,303,50,0,39,110,66,113,25,0,29,96,57,99,22,0,10,14,9,14,3
20223,A,골목상권,3110890,봉천역 1번(관악초등학교),249,148,101,1,17,43,92,67,29,0,4,22,58,43,21,1,13,21,34,24,8
20223,R,전통시장,3130294,관악중부시장,102,40,62,1,5,10,22,39,25,0,2,3,7,16,12,1,3,7,15,23,13
20223,D,발달상권,3120166,방배역,5465,3280,2185,90,1234,1594,1033,699,815,26,523,920,713,451,647,64,711,674,320,248,168
20223,D,발달상권,3120164,내방역,8579,5975,2604,56,1923,2822,1862,1129,787,48,1160,1998,1383,799,587,8,763,824,479,330,200
20223,D,발달상권,3120162,방배동카페골목,1253,717,536,61,207,200,219,215,351,57,126,142,110,93,189,4,81,58,109,122,162
20223,D,발달상권,3120169,서초역,15771,7185,8586,70,3824,4195,3945,2657,1080,30,1313,1990,1801,1235,816,40,2511,2205,2144,1422,264
20223,A,골목상권,3110936,더케이호텔(양재리본타워2단지아파트),832,552,280,3,109,260,215,175,70,0,53,154,159,131,55,3,56,106,56,44,15
20223,A,골목상권,3110940,양재근린공원(양재2동주민센터),956,699,257,8,168,323,238,137,82,8,109,243,178,97,64,0,59,80,60,40,18
20223,D,발달상권,3120178,신사역,11093,6014,5079,34,2556,2878,2400,1866,1359,13,875,1596,1501,1005,1024,21,1681,1282,899,861,335
20223,A,골목상권,3110993,개포지하차도 북측,70,53,17,0,3,9,19,23,16,0,2,7,16,18,10,0,1,2,3,5,6
20223,A,골목상권,3110983,국립국악고등학교,783,534,249,6,126,212,125,145,169,2,44,137,94,111,146,4,82,75,31,34,23
20223,A,골목상권,3110950,논현역 7번,2981,1929,1052,1,829,1305,518,230,98,0,418,886,383,173,69,1,411,419,135,57,29
20223,D,발달상권,3120199,경복아파트교차로,3427,2023,1404,9,720,1059,682,508,449,3,273,627,441,345,334,6,447,432,241,163,115
20223,D,발달상권,3120212,한티역,753,394,359,1,118,182,201,143,108,1,37,87,119,80,70,0,81,95,82,63,38
20223,D,발달상권,3120211,도성초등학교,984,516,468,7,180,282,189,161,165,3,68,120,112,117,96,4,112,162,77,44,69
20223,A,골목상권,3110960,은광여고,1601,749,852,5,219,282,389,522,184,4,60,131,203,227,124,1,159,151,186,295,60
20223,A,골목상권,3110964,싸리고개근린공원,217,124,93,0,29,60,59,34,35,0,8,32,36,23,25,0,21,28,23,11,10
20223,U,관광특구,3001496,강남 마이스 관광특구,15904,8904,7000,59,3513,6185,4248,1596,303,25,1160,3361,2887,1246,225,34,2353,2824,1361,350,78
20223,A,골목상권,3110995,봉은사역 4번,5085,3711,1374,9,978,2002,1271,637,188,2,575,1477,990,523,144,7,403,525,281,114,44
20223,A,골목상권,3110998,은곡마을(은곡마을공원),17,11,6,0,2,6,4,3,2,0,0,4,3,3,1,0,2,2,1,0,1
20223,A,골목상권,3111001,아래방죽마을공원(율현초등학교),58,43,15,0,2,9,14,18,15,0,1,7,12,13,10,0,1,2,2,5,5
20223,A,골목상권,3110949,한남IC,1683,1193,490,5,288,565,435,305,85,2,112,398,347,261,73,3,176,167,88,44,12
20223,A,골목상권,3110959,신구중학교,271,140,131,0,14,66,82,79,30,0,7,36,49,29,19,0,7,30,33,50,11
20223,A,골목상권,3110962,도산공원북측,53,27,26,0,20,11,10,8,4,0,11,7,6,3,0,0,9,4,4,5,4
20223,A,골목상권,3110954,국기원,636,445,191,0,89,142,187,94,124,0,35,97,161,74,78,0,54,45,26,20,46
20223,D,발달상권,3120204,르네상스호텔사거리,41471,20644,20827,102,8167,11056,10671,10081,1394,54,5016,7567,4988,2062,957,48,3151,3489,5683,8019,437
20223,A,골목상권,3110997,대청초등학교,1724,959,765,4,230,291,391,383,425,2,111,162,200,210,274,2,119,129,191,173,151
20223,A,골목상권,3110979,청담초등학교,3004,1918,1086,4,525,926,768,568,213,4,230,632,535,343,174,0,295,294,233,225,39
20223,A,골목상권,3111027,문정초등학교,1393,771,622,3,146,285,323,246,390,1,67,159,209,125,210,2,79,126,114,121,180
20223,A,골목상권,3111020,방이동고분군(방산고등학교),304,225,79,1,20,103,84,54,42,0,7,73,64,48,33,1,13,30,20,6,9
20223,R,전통시장,3130313,방이시장,3889,1825,2064,10,726,635,634,1135,749,8,362,409,357,377,312,2,364,226,277,758,437
20223,A,골목상권,3111005,삼전역 3번,1865,1358,507,0,320,617,459,302,167,0,215,449,339,222,133,0,105,168,120,80,34
20223,A,골목상권,3111037,Sh수협은행 오금동금융센터(아랫말어린이공원),373,243,130,0,37,103,90,93,50,0,25,84,60,43,31,0,12,19,30,50,19
20223,A,골목상권,3111032,방이역 1번,3878,2552,1326,4,235,340,599,718,1982,3,139,237,411,469,1293,1,96,103,188,249,689
20223,A,골목상권,3111081,둔촌푸르지오아파트,78,50,28,0,8,17,18,18,17,0,4,12,13,6,15,0,4,5,5,12,2
20223,A,골목상권,3111089,상일여고(상일초등학교),750,505,245,0,50,131,180,233,156,0,31,81,127,154,112,0,19,50,53,79,44
20223,A,골목상권,3111059,강동역 4번(강풀만화거리),774,420,354,3,87,144,177,164,199,1,47,73,92,91,116,2,40,71,85,73,83
20223,A,골목상권,3111067,강동구립성내도서관,746,414,332,2,73,149,192,177,153,1,36,98,107,84,88,1,37,51,85,93,65
20223,A,골목상권,3110005,세검정,1057,542,515,6,132,305,306,202,106,2,40,143,167,124,66,4,92,162,139,78,40
20223,A,골목상권,3110008,배화여자대학교(박노수미술관),507,350,157,1,50,79,121,161,95,0,15,45,93,121,76,1,35,34,28,40,19
20223,A,골목상권,3110035,동묘앞역 2번,276,161,115,2,18,43,75,88,50,0,5,18,42,65,31,2,13,25,33,23,19
20223,A,골목상권,3110027,혜화역 1번,598,358,240,1,67,108,127,97,198,0,25,70,64,54,145,1,42,38,63,43,53
20223,D,발달상권,3120015,종로6가,302,153,149,0,49,64,69,65,55,0,17,23,27,42,44,0,32,41,42,23,11
20223,R,전통시장,3130011,충신시장,88,44,44,0,19,19,20,17,13,0,7,11,8,8,10,0,12,8,12,9,3
20223,A,골목상권,3110030,동대문역 3번,7,3,4,0,2,2,2,1,0,0,0,2,1,0,0,0,2,0,1,1,0
20223,A,골목상권,3110015,청와대사랑채,578,345,233,0,64,147,166,126,75,0,16,63,110,91,65,0,48,84,56,35,10
20223,A,골목상권,3110011,청운초등학교,263,188,75,0,21,105,79,43,15,0,21,95,44,16,12,0,0,10,35,27,3
20223,A,골목상권,3110024,혜회동주민센터,928,263,665,0,135,264,294,184,51,0,17,64,90,55,37,0,118,200,204,129,14
20224,A,골목상권,3110145,장안초등학교,7,4,3,0,0,1,2,3,1,0,0,0,1,3,0,0,0,1,1,0,1
20223,D,발달상권,3120032,충무로역,10818,5021,5797,35,1541,2434,3139,2621,1048,15,532,1200,1480,1142,652,20,1009,1234,1659,1479,396
20223,A,골목상권,3110045,동대문역사문화공원역 5번,234,174,60,0,24,54,64,55,37,0,11,38,46,47,32,0,13,16,18,8,5
20223,D,발달상권,3120031,을지로3가역,6147,3450,2697,9,699,1541,1643,1286,969,0,223,730,924,892,681,9,476,811,719,394,288
20223,R,전통시장,3130038,"평화시장(통일상가, 동화상가)",1000,670,330,3,116,301,291,198,91,0,63,167,223,150,67,3,53,134,68,48,24
20223,D,발달상권,3120020,시청역_1번,6561,4672,1889,29,1436,1964,1905,1013,214,17,728,1351,1643,776,157,12,708,613,262,237,57
20223,A,골목상권,3110043,충무초등학교,1202,670,532,12,212,307,331,223,117,7,97,155,169,152,90,5,115,152,162,71,27
20223,D,발달상권,3120018,중림동,2190,1368,822,2,393,736,598,295,166,2,207,425,357,238,139,0,186,311,241,57,27
20223,A,골목상권,3110057,황학코아루아파트,64,44,20,0,8,13,20,10,13,0,4,6,17,8,9,0,4,7,3,2,4
20223,A,골목상권,3110055,황학동벼룩시장,29,19,10,0,1,4,6,11,7,0,1,3,5,6,4,0,0,1,1,5,3
20223,A,골목상권,3110078,이촌동점보아파트,69,29,40,0,12,15,17,13,12,0,3,8,7,5,6,0,9,7,10,8,6
20223,A,골목상권,3110082,용산구청,1618,809,809,5,175,461,427,442,108,4,53,155,206,304,87,1,122,306,221,138,21
20223,D,발달상권,3120041,신용산역(용산역),20372,8281,12091,72,4418,6743,5760,2509,870,25,1460,2533,2359,1337,567,47,2958,4210,3401,1172,303
20223,A,골목상권,3110073,삼각지역 3번,7975,2387,5588,56,2508,2886,1913,505,107,25,861,919,424,119,39,31,1647,1967,1489,386,68
20223,A,골목상권,3110076,삼각지역 14번,537,175,362,0,46,143,158,153,37,0,11,49,61,45,9,0,35,94,97,108,28
20223,A,골목상권,3110099,유엔빌리지길,12646,10311,2335,33,1746,2596,3298,4558,415,25,904,1899,2859,4264,360,8,842,697,439,294,55
20223,A,골목상권,3110588,한겨레신문사,169,92,77,0,34,44,41,33,17,0,14,22,20,21,15,0,20,22,21,12,2
20223,R,전통시장,3130059,후암시장,64,40,24,0,6,12,16,11,19,0,4,5,10,7,14,0,2,7,6,4,5
20223,R,전통시장,3130064,금남시장,36,13,23,0,6,7,8,4,11,0,1,0,5,2,5,0,5,7,3,2,6
20223,A,골목상권,3110107,금호사거리,37,30,7,0,4,8,4,11,10,0,3,5,4,9,9,0,1,3,0,2,1
20223,A,골목상권,3110117,성동구보건소,103,73,30,1,14,27,19,33,9,1,10,20,11,25,6,0,4,7,8,8,3
20223,D,발달상권,3120050,서울숲역,212,159,53,0,33,40,60,52,27,0,19,30,47,41,22,0,14,10,13,11,5
20223,D,발달상권,3120052,성수역,11387,7284,4103,23,2113,2900,2661,2238,1452,12,1170,1971,1783,1298,1050,11,943,929,878,940,402
20223,R,전통시장,3130067,왕십리도선동상점가,1670,335,1335,3,166,202,291,591,417,1,78,98,69,49,40,2,88,104,222,542,377
20223,D,발달상권,3120066,장한평역(장한평),7424,4770,2654,43,1531,1839,1491,1235,1285,10,739,1202,991,818,1010,33,792,637,500,417,275
20223,A,골목상권,3110113,응봉산,77,43,34,0,14,15,14,16,18,0,4,11,7,6,15,0,10,4,7,10,3
20223,A,골목상권,3110112,행당역 2번,207,101,106,0,37,37,38,53,42,0,14,19,16,26,26,0,23,18,22,27,16
20223,A,골목상권,3110169,성동초등학교,253,139,114,1,28,41,73,68,42,0,15,21,36,39,28,1,13,20,37,29,14
20223,A,골목상권,3110156,군자역 5번,621,363,258,0,96,181,173,112,59,0,41,114,101,67,40,0,55,67,72,45,19
20223,A,골목상권,3110157,자양동우체국,1097,891,206,10,352,279,244,141,71,7,300,237,180,106,61,3,52,42,64,35,10
20223,A,골목상권,3110163,성자초등학교,284,143,141,0,39,46,67,77,55,0,14,27,32,31,39,0,25,19,35,46,16
20223,A,골목상권,3110168,대원고등학교,524,374,150,0,64,95,121,160,84,0,36,69,87,110,72,0,28,26,34,50,12
20223,A,골목상권,3110212,답십리초등학교,204,144,60,0,26,37,42,67,32,0,18,26,27,50,23,0,8,11,15,17,9
20223,A,골목상권,3110187,제기동역 6번,3124,2222,902,15,559,867,746,552,385,7,387,605,531,394,298,8,172,262,215,158,87
20223,A,골목상권,3110229,장평중학교,1332,862,470,0,145,164,190,318,515,0,81,103,125,211,342,0,64,61,65,107,173
20223,A,골목상권,3110231,장안교,11,8,3,0,0,1,4,5,1,0,0,1,3,4,0,0,0,0,1,1,1
20223,R,전통시장,3130088,경동시장,126,57,69,0,18,32,24,17,35,0,3,11,11,10,22,0,15,21,13,7,13
20223,A,골목상권,3110194,홍파초등학교,112,85,27,0,6,32,24,36,14,0,4,20,20,31,10,0,2,12,4,5,4
20223,A,골목상권,3110203,떡전교사거리,99,63,36,1,9,15,32,29,13,1,0,7,26,20,9,0,9,8,6,9,4
20223,A,골목상권,3110278,망우본동주민센터,276,166,110,1,32,46,77,81,39,0,10,25,43,56,32,1,22,21,34,25,7
20223,R,전통시장,3130106,중랑동부시장,166,56,110,1,20,40,34,39,32,0,1,8,7,21,19,1,19,32,27,18,13
20223,A,골목상권,3110246,월드순복음교회,431,312,119,0,27,97,158,95,54,0,12,69,122,65,44,0,15,28,36,30,10
20223,A,골목상권,3110261,사가정역 4번,167,90,77,1,16,29,49,50,22,1,8,15,25,26,15,0,8,14,24,24,7
20223,A,골목상권,3110242,면목5동주민센터,164,112,52,0,21,28,56,30,29,0,12,23,31,22,24,0,9,5,25,8,5
20223,A,골목상권,3110241,먹골역 5번,415,213,202,0,61,87,97,117,53,0,17,49,46,63,38,0,44,38,51,54,15
20223,D,발달상권,3120069,상봉역,1012,728,284,3,69,146,222,270,302,1,40,71,131,216,269,2,29,75,91,54,33
20223,A,골목상권,3110233,중랑역 1번,142,46,96,1,23,27,50,35,6,1,6,7,16,11,5,0,17,20,34,24,1
20223,A,골목상권,3110281,길상사,13818,12089,1729,12,1418,3093,4061,4964,270,1,960,2426,3678,4823,201,11,458,667,383,141,69
20223,A,골목상권,3110309,대광초등학교,376,266,110,0,38,63,108,103,64,0,19,44,71,78,54,0,19,19,37,25,10
20223,A,골목상권,3110318,KT월곡지사,148,78,70,0,21,29,45,36,17,0,10,19,22,14,13,0,11,10,23,22,4
20223,A,골목상권,3110379,KT&G 북부지사,12,3,9,1,1,1,3,3,3,0,0,0,1,1,1,1,1,1,2,2,2
20223,A,골목상권,3110373,수유역 2번,891,705,186,0,129,255,172,236,99,0,90,208,134,205,68,0,39,47,38,31,31
20223,R,전통시장,3130132,삼양골목시장(삼양시장),61,19,42,0,10,14,13,15,9,0,0,4,5,5,5,0,10,10,8,10,4
20223,A,골목상권,3110377,미아사거리역 3번,21,14,7,0,2,2,2,9,6,0,2,2,1,4,5,0,0,0,1,5,1
20223,A,골목상권,3110345,솔밭공원역 2번,114,47,67,1,14,18,26,37,18,0,3,6,8,17,13,1,11,12,18,20,5
20223,A,골목상권,3110342,국립재활원,60,45,15,0,5,11,20,15,9,0,3,8,14,13,7,0,2,3,6,2,2
20223,A,골목상권,3110348,강북문화예술회관,343,174,169,0,27,59,108,96,53,0,4,31,63,43,33,0,23,28,45,53,20
20223,A,골목상권,3110338,인수초등학교,263,192,71,0,34,67,61,63,38,0,18,49,44,48,33,0,16,18,17,15,5
20223,A,골목상권,3110402,도봉구 정병원,471,221,250,1,85,98,98,106,83,0,24,38,54,59,46,1,61,60,44,47,37
20223,A,골목상권,3110383,덕성여대시반거리,33,21,12,0,0,3,13,10,7,0,0,2,9,5,5,0,0,1,4,5,2
20223,R,전통시장,3130145,쌍문역둘리상점가,244,202,42,0,39,44,77,62,22,0,28,35,65,56,18,0,11,9,12,6,4
20223,A,골목상권,3110392,발바닥공원,43,17,26,0,2,8,7,10,16,0,0,0,3,3,11,0,2,8,4,7,5
20223,A,골목상권,3110416,노원초등학교,468,244,224,4,61,110,118,126,49,2,24,73,58,58,29,2,37,37,60,68,20
20223,A,골목상권,3110428,상계5동주민센터,491,217,274,1,43,52,106,158,131,0,14,25,45,70,63,1,29,27,61,88,68
20223,D,발달상권,3120080,마들역,180,46,134,0,30,45,46,36,23,0,2,7,9,13,15,0,28,38,37,23,8
20223,A,골목상권,3110464,연신내역 5번,301,170,131,4,32,53,93,85,34,4,18,28,44,49,27,0,14,25,49,36,7
20223,A,골목상권,3110457,예일여고,482,283,199,1,60,88,88,132,113,0,27,46,47,71,92,1,33,42,41,61,21
20223,D,발달상권,3120091,본서부병원,516,192,324,1,51,69,119,165,111,0,20,28,51,55,38,1,31,41,68,110,73
20223,A,골목상권,3110485,연신내우체국,1259,678,581,0,7,24,35,160,1033,0,4,5,15,70,584,0,3,19,20,90,449
20223,A,골목상권,3110488,우리은행응암동지점,174,104,70,1,14,24,41,38,56,0,8,16,19,15,46,1,6,8,22,23,10
20223,R,전통시장,3130163,응암오거리상점가,182,49,133,0,24,28,44,50,36,0,4,8,11,12,14,0,20,20,33,38,22
20223,A,골목상권,3110449,증산역 3번,709,410,299,0,104,160,182,147,116,0,47,98,96,84,85,0,57,62,86,63,31
20223,D,발달상권,3120094,"신촌역(신촌역, 신촌로터리)",5328,2411,2917,67,2381,1182,676,592,430,23,994,579,296,278,241,44,1387,603,380,314,189
20223,R,전통시장,3130175,신촌 상인회(신촌상점가),13,5,8,0,1,3,5,4,0,0,1,0,1,3,0,0,0,3,4,1,0
20223,D,발달상권,3120097,충정로역,2246,1354,892,0,321,658,631,407,229,0,172,390,397,254,141,0,149,268,234,153,88
20223,R,전통시장,3130176,유진상가,38,23,15,0,20,16,1,1,0,0,9,13,1,0,0,0,11,3,0,1,0
20223,A,골목상권,3110523,홍제성원아파트,21,9,12,0,0,4,5,7,5,0,0,0,2,5,2,0,0,4,3,2,3
20223,D,발달상권,3120107,공덕역(공덕오거리),13077,7619,5458,43,2471,3470,3552,3026,515,9,1021,2002,2300,1900,387,34,1450,1468,1252,1126,128
20223,A,골목상권,3110586,서울서부지방법원,1855,953,902,2,423,499,464,293,174,1,233,283,196,130,110,1,190,216,268,163,64
20223,A,골목상권,3110540,망원나들목체육관,238,107,131,0,39,63,70,47,19,0,19,28,26,23,11,0,20,35,44,24,8
20223,A,골목상권,3110567,광흥창역 6번,91,61,30,0,16,26,27,12,10,0,8,20,13,11,9,0,8,6,14,1,1
20223,A,골목상권,3110565,홍익대,110,66,44,0,16,34,34,19,7,0,8,16,23,13,6,0,8,18,11,6,1
20223,A,골목상권,3110560,마포FM,292,140,152,0,26,64,87,77,38,0,10,26,40,36,28,0,16,38,47,41,10
20223,A,골목상권,3110549,새터산,357,165,192,1,57,79,100,64,56,1,24,39,47,22,32,0,33,40,53,42,24
20223,D,발달상권,3120099,월드컵경기장역(월드컵경기장),84,57,27,0,11,20,26,14,13,0,6,16,21,7,7,0,5,4,5,7,6
20223,A,골목상권,3110581,염리초등학교,16,11,5,0,0,0,2,6,8,0,0,0,2,3,6,0,0,0,0,3,2
20223,D,발달상권,3120113,오목교역,641,380,261,2,98,147,163,141,90,1,45,81,95,95,63,1,53,66,68,46,27
20223,D,발달상권,3120110,목동역 8번출구,1858,1400,458,2,142,216,286,247,965,1,42,102,166,181,908,1,100,114,120,66,57
20223,A,골목상권,3110617,등촌역 4번,262,188,74,0,47,75,73,48,19,0,37,55,50,31,15,0,10,20,23,17,4
20223,A,골목상권,3110597,신월1동주민센터,517,302,215,0,30,68,111,150,158,0,14,36,54,84,114,0,16,32,57,66,44
20223,R,전통시장,3130199,신월3동 골목시장,18,8,10,0,1,4,4,9,0,0,0,1,3,4,0,0,1,3,1,5,0
20223,A,골목상권,3110615,신서초등학교,87,63,24,0,20,21,27,13,6,0,14,18,18,8,5,0,6,3,9,5,1
20223,A,골목상권,3110674,강서구청가양동별관,260,189,71,0,21,55,61,47,76,0,14,46,35,29,65,0,7,9,26,18,11
20223,A,골목상권,3110677,등촌역 1번,410,321,89,1,50,80,83,91,105,1,24,51,70,76,99,0,26,29,13,15,6
20223,A,골목상권,3110676,등촌역 7번,228,138,90,0,31,34,61,56,46,0,13,20,36,37,32,0,18,14,25,19,14
20223,D,발달상권,3120117,강서농산물도매시장,451,280,171,0,12,62,127,153,97,0,9,48,78,89,56,0,3,14,49,64,41
20223,A,골목상권,3110636,방화역 2번,152,76,76,1,25,49,41,21,15,0,9,26,27,4,10,1,16,23,14,17,5
20223,A,골목상권,3110631,방화초등학교,335,161,174,2,32,63,68,100,70,2,19,34,37,37,32,0,13,29,31,63,38
20223,D,발달상권,3120120,화곡역,927,405,522,1,177,218,193,196,142,0,46,109,84,81,85,1,131,109,109,115,57
20223,A,골목상권,3110656,까치산역 3번,829,493,336,13,89,206,249,190,82,12,52,128,151,91,59,1,37,78,98,99,23
20223,D,발달상권,3120121,까치산역,365,145,220,2,51,46,72,106,88,2,12,18,29,43,41,0,39,28,43,63,47
20223,A,골목상권,3110654,까치산역 4번,1027,687,340,2,68,149,252,380,176,1,38,81,139,281,147,1,30,68,113,99,29
20223,A,골목상권,3110665,곰달래도서관,469,285,184,0,36,92,123,138,80,0,25,60,79,74,47,0,11,32,44,64,33
20223,A,골목상권,3110662,까치산역 1번,1480,885,595,4,245,501,396,234,100,4,129,301,207,171,73,0,116,200,189,63,27
20223,R,전통시장,3130217,화곡본동시장,36,16,20,0,3,5,10,13,5,0,1,3,5,6,1,0,2,2,5,7,4
20223,A,골목상권,3110691,개봉중학교,395,205,190,0,37,65,119,115,59,0,20,38,49,52,46,0,17,27,70,63,13
20223,A,골목상권,3110705,고산초등학교,33,19,14,0,3,2,8,7,13,0,3,1,8,2,5,0,0,1,0,5,8
20223,R,전통시장,3130229,남구로시장,249,139,110,1,16,53,61,62,56,0,7,30,31,32,39,1,9,23,30,30,17
20223,A,골목상권,3110680,온수역 5번(온수산업단지),901,770,131,15,129,129,157,274,197,15,105,106,127,234,183,0,24,23,30,40,14
20223,A,골목상권,3110685,금강수목원아파트,56,39,17,0,10,12,12,11,11,0,7,10,5,7,10,0,3,2,7,4,1
20223,D,발달상권,3120132,독산동,4203,2884,1319,13,512,908,1016,1074,680,12,350,650,695,701,476,1,162,258,321,373,204
20223,A,골목상권,3110732,가산초등학교(세일중학교),362,258,104,1,42,68,107,79,65,0,23,39,78,64,54,1,19,29,29,15,11
20223,A,골목상권,3110729,가산동우체국,151,112,39,0,19,30,40,39,23,0,14,19,30,30,19,0,5,11,10,9,4
20223,A,골목상권,3110723,가산디지털단지역 1번 출입구,286,247,39,0,6,10,37,130,103,0,6,5,26,113,97,0,0,5,11,17,6
20223,A,골목상권,3110742,KT금천빌딩(금천구시설관리공단),426,237,189,0,42,83,106,125,70,0,21,57,71,54,34,0,21,26,35,71,36
20223,A,골목상권,3110748,백산초등학교,102,64,38,0,6,19,21,26,30,0,2,9,11,22,20,0,4,10,10,4,10
20223,A,골목상권,3110749,금산초등학교(금천고등학교),418,255,163,0,51,99,100,118,50,0,26,61,51,81,36,0,25,38,49,37,14
20223,A,골목상권,3110750,시흥4동주민센터(서울신흥초등학교),397,221,176,4,78,83,80,104,48,4,47,62,43,33,32,0,31,21,37,71,16
20223,D,발달상권,3120141,영등포청과시장교차로,601,418,183,2,71,137,188,115,88,1,36,85,133,86,77,1,35,52,55,29,11
20223,R,전통시장,3130240,영등포유통상가,1400,893,507,0,128,296,347,287,342,0,68,168,226,194,237,0,60,128,121,93,105
20223,A,골목상권,3110763,영등포구청역 2번,480,353,127,2,84,147,107,84,56,0,53,100,79,72,49,2,31,47,28,12,7
20223,A,골목상권,3110786,당산역 8번,271,179,92,2,20,41,60,51,97,2,8,21,42,38,68,0,12,20,18,13,29
20223,R,전통시장,3130247,우리시장,19,15,4,0,3,4,4,3,5,0,1,3,4,3,4,0,2,1,0,0,1
20223,A,골목상권,3110817,대방역 4번,26,19,7,0,2,6,6,6,6,0,0,4,4,6,5,0,2,2,2,0,1
20223,R,전통시장,3130256,신동시장,2,2,0,0,0,0,0,1,1,0,0,0,0,1,1,0,0,0,0,0,0
20223,A,골목상권,3110757,양평역 2번,1501,1114,387,1,111,230,356,424,379,0,51,176,286,314,287,1,60,54,70,110,92
20223,A,골목상권,3110762,선유도역 1번,3139,2286,853,6,392,669,739,809,524,4,217,459,529,629,448,2,175,210,210,180,76
20223,A,골목상권,3110807,신길역 3번,102,70,32,0,6,16,23,27,30,0,4,8,18,19,21,0,2,8,5,8,9
20223,R,전통시장,3130250,삼구시장(로타리상가),1,0,1,0,0,0,0,1,0,0,0,0,0,0,0,0,0,0,0,1,0
20223,A,골목상권,3110803,신길2동우편취급국,312,224,88,0,17,27,58,67,143,0,6,14,33,43,128,0,11,13,25,24,15
20223,A,골목상권,3110847,예술인마을,443,216,227,3,52,135,137,77,39,3,13,60,74,37,29,0,39,75,63,40,10
20223,R,전통시장,3130272,사당시장,45,20,25,0,4,6,10,11,14,0,0,1,4,6,9,0,4,5,6,5,5
20223,A,골목상권,3110843,사당5동주민센터,181,135,46,1,22,25,55,52,26,0,16,17,34,44,24,1,6,8,21,8,2
20223,A,골목상권,3110835,상도역 1번,296,170,126,0,81,95,59,38,23,0,32,61,37,19,21,0,49,34,22,19,2
20223,A,골목상권,3110830,상도초등학교,281,152,129,0,22,61,73,85,40,0,7,29,36,54,26,0,15,32,37,31,14
20223,D,발달상권,3120154,장승배기역,497,214,283,1,64,124,128,111,69,0,19,58,68,39,30,1,45,66,60,72,39
20223,D,발달상권,3120151,보라매공원,2417,1455,962,6,401,736,707,383,184,4,194,433,450,237,137,2,207,303,257,146,47
20223,A,골목상권,3110863,난우초등학교,319,179,140,6,40,61,63,79,70,5,23,30,38,36,47,1,17,31,25,43,23
20223,A,골목상권,3110867,국제신학대학원대학교(남서울중학교),202,117,85,0,8,34,39,53,68,0,2,15,21,32,47,0,6,19,18,21,21
20223,A,골목상권,3110882,신성초등학교,733,444,289,1,95,131,215,168,123,0,52,67,122,109,94,1,43,64,93,59,29
20223,A,골목상권,3110864,신림우방아파트,236,161,75,0,31,48,53,60,44,0,21,31,37,43,29,0,10,17,16,17,15
20223,A,골목상권,3110871,신원동주민센터,64,32,32,1,6,13,19,12,13,0,4,6,8,7,7,1,2,7,11,5,6
20223,R,전통시장,3130283,신원시장,25,11,14,0,3,3,10,5,4,0,1,1,3,3,3,0,2,2,7,2,1
20223,A,골목상권,3110854,조원동주민센터,55,39,16,0,4,5,17,21,8,0,3,5,9,15,7,0,1,0,8,6,1
20223,A,골목상권,3110898,청림동주민센터(상도중학교),66,27,39,0,16,14,14,16,6,0,5,3,8,7,4,0,11,11,6,9,2
20223,D,발달상권,3120170,삼호가든사거리,2026,1161,865,8,279,587,623,346,183,7,113,333,412,168,128,1,166,254,211,178,55
20223,A,골목상권,3110917,서초소방서,1505,939,566,6,157,432,402,355,153,2,72,281,295,181,108,4,85,151,107,174,45
20223,A,골목상권,3110918,방배역 3번,682,438,244,3,98,127,164,142,148,2,59,85,108,86,98,1,39,42,56,56,50
20223,A,골목상권,3110903,방배아이파크아파트,7222,2653,4569,7,1242,1778,2487,1322,386,1,333,597,951,599,172,6,909,1181,1536,723,214
20223,A,골목상권,3110915,서래초등학교,3011,2335,676,14,441,940,1066,421,129,11,286,683,868,373,114,3,155,257,198,48,15
20223,A,골목상권,3110926,신중초등학교,1610,1175,435,6,193,359,463,382,207,3,114,263,355,292,148,3,79,96,108,90,59
20223,A,골목상권,3110928,서초우방유쉘아파트,596,491,105,1,57,109,125,205,99,1,29,76,109,190,86,0,28,33,16,15,13
20223,D,발달상권,3120184,포이사거리(삼호물산),10139,7003,3136,20,1553,3044,2666,1705,1151,10,846,2068,2010,1212,857,10,707,976,656,493,294
20223,A,골목상권,3110941,언남고등학교,261,158,103,0,33,46,89,58,35,0,14,26,51,40,27,0,19,20,38,18,8
20223,D,발달상권,3120174,논현역 5번,680,379,301,6,108,196,155,93,122,4,39,108,90,58,80,2,69,88,65,35,42
20223,A,골목상권,3110927,잠원역,745,553,192,2,93,342,198,98,12,2,82,218,159,81,11,0,11,124,39,17,1
20223,A,골목상권,3110977,논현로18길,148,102,46,0,22,32,45,29,20,0,14,20,33,20,15,0,8,12,12,9,5
20223,A,골목상권,3110961,언주역 3번,962,673,289,5,172,286,248,140,111,3,97,184,187,112,90,2,75,102,61,28,21
20223,A,골목상권,3110970,학동초등학교,378,236,142,1,66,98,102,65,46,0,27,49,66,57,37,1,39,49,36,8,9
20223,D,발달상권,3120219,은마아파트,17175,5797,11378,202,3397,3819,3179,4061,2517,83,1254,1872,1374,818,396,119,2143,1947,1805,3243,2121
20223,D,발달상권,3120222,삼성역,43324,24141,19183,244,8091,13641,10294,6385,4669,119,3186,7703,6883,3711,2539,125,4905,5938,3411,2674,2130
20223,D,발달상권,3120201,도곡1동,11549,6381,5168,116,3564,3468,2477,1299,625,31,1365,2018,1727,754,486,85,2199,1450,750,545,139
20223,D,발달상권,3120213,삼성중앙역,8521,5150,3371,50,1869,2485,1911,1070,1136,12,830,1515,1305,716,772,38,1039,970,606,354,364
20223,D,발달상권,3120209,"강남구청(청담역_8번, 강남세무서)",8987,2610,6377,34,2050,2684,2467,1172,580,9,538,752,537,395,379,25,1512,1932,1930,777,201
20223,D,발달상권,3120216,경기고교사거리(경기고교앞사거리),4934,3621,1313,8,712,1628,1666,772,148,5,291,1070,1431,703,121,3,421,558,235,69,27
20223,A,골목상권,3110986,삼성중앙역 7번,90,59,31,0,9,18,36,19,8,0,3,6,29,15,6,0,6,12,7,4,2
20223,D,발달상권,3120224,수서역,12418,6339,6079,23,1900,3177,3167,2346,1805,12,860,1669,1497,1232,1069,11,1040,1508,1670,1114,736
20223,D,발달상권,3120195,성수대교남단,5611,2685,2926,39,1393,2394,1102,426,257,15,487,1194,634,208,147,24,906,1200,468,218,110
20223,D,발달상권,3120198,구역삼세무서,11531,7246,4285,23,2691,3529,2889,1562,837,12,1141,2216,2115,1139,623,11,1550,1313,774,423,214
20223,A,골목상권,3110958,역삼역 4번,997,760,237,1,96,197,300,298,105,1,46,133,254,241,85,0,50,64,46,57,20
20223,A,골목상권,3110956,언주역 8번,1199,758,441,4,361,471,199,87,77,2,158,307,163,70,58,2,203,164,36,17,19
20223,A,골목상권,3111025,경찰병원역 3번,686,412,274,1,84,164,149,157,131,0,45,102,103,88,74,1,39,62,46,69,57
20223,A,골목상권,3111029,오금역 4번,427,314,113,3,71,108,91,79,75,1,51,81,67,55,59,2,20,27,24,24,16
20223,A,골목상권,3111042,거여역 1번(거여공원),872,597,275,3,147,186,251,200,85,3,121,134,159,130,50,0,26,52,92,70,35
20223,D,발달상권,3120235,문정역,954,648,306,1,117,204,211,255,166,0,70,158,152,154,114,1,47,46,59,101,52
20223,A,골목상권,3111023,문정역 1번,939,576,363,2,133,202,263,204,135,0,86,139,184,100,67,2,47,63,79,104,68
20223,D,발달상권,3120232,송파나루역,1056,714,342,0,185,302,235,171,163,0,80,192,163,131,148,0,105,110,72,40,15
20223,U,관광특구,3001495,잠실 관광특구,25240,14855,10385,124,4880,6877,5824,4628,2907,55,2599,4419,3662,2383,1737,69,2281,2458,2162,2245,1170
20223,A,골목상권,3111006,석촌고분역 1번,1112,721,391,0,127,292,337,203,153,0,56,169,242,135,119,0,71,123,95,68,34
20223,R,전통시장,3130312,석촌시장,619,270,349,1,20,40,81,170,307,1,9,23,43,41,153,0,11,17,38,129,154
20223,D,발달상권,3120227,잠실역,45462,24220,21242,163,8142,11830,12761,11282,1284,51,3785,7436,7437,4549,962,112,4357,4394,5324,6733,322
20223,A,골목상권,3111090,강일동주민센터,91,35,56,0,15,30,23,17,6,0,1,10,10,10,4,0,14,20,13,7,2
20223,A,골목상권,3111068,강동성심병원,1570,605,965,0,532,392,271,203,172,0,126,134,114,101,130,0,406,258,157,102,42
20223,R,전통시장,3130323,둔촌역전통시장,171,86,85,0,3,14,23,36,95,0,2,6,8,14,56,0,1,8,15,22,39
20223,D,발달상권,3120244,암사역,916,401,515,0,70,85,103,111,547,0,14,44,49,42,252,0,56,41,54,69,295
20223,A,골목상권,3111054,암사역 4번(삼성광나루아파트),104,42,62,0,14,18,19,12,41,0,4,12,7,5,14,0,10,6,12,7,27
20223,A,골목상권,3111065,천일초등학교,79,38,41,2,6,21,18,23,9,2,5,11,7,6,7,0,1,10,11,17,2
20223,A,골목상권,3111049,천호지구대(천호동자전거거리),507,277,230,2,75,90,96,118,126,0,36,50,40,68,83,2,39,40,56,50,43
20223,A,골목상권,3111060,암사역 2번(서울강동초등학교),872,458,414,1,101,211,241,202,116,1,41,97,131,107,81,0,60,114,110,95,35
20223,A,골목상권,3110007,사직공원(한국사회과학도서관),283,185,98,2,58,88,63,41,31,2,30,62,44,27,20,0,28,26,19,14,11
20223,A,골목상권,3110531,홍지문,141,61,80,0,16,26,24,56,19,0,13,19,13,9,7,0,3,7,11,47,12
20223,A,골목상권,3110013,체부동홍종문가옥,125,71,54,0,8,28,31,26,32,0,2,11,18,14,26,0,6,17,13,12,6
20223,D,발달상권,3120017,동묘앞역(동묘),724,205,519,0,78,151,278,136,81,0,13,47,55,37,53,0,65,104,223,99,28
20223,U,관광특구,3001494,종로·청계 관광특구,32892,17118,15774,68,5350,9954,9473,6395,1652,15,2280,4904,4583,4154,1182,53,3070,5050,4890,2241,470
20223,R,전통시장,3130007,광장시장(광장전통시장),466,310,156,0,39,77,97,129,124,0,22,41,73,77,97,0,17,36,24,52,27
20223,R,전통시장,3130018,동대문문구완구거리(동대문문구완구시장),120,70,50,0,11,18,23,38,30,0,6,10,13,22,19,0,5,8,10,16,11
20223,A,골목상권,3110010,평창동서측,5240,2651,2589,1,324,1250,2239,1231,195,0,76,342,1157,943,133,1,248,908,1082,288,62
20223,D,발달상권,3120035,퇴계로5가,2257,1368,889,7,650,570,525,321,184,3,282,379,388,200,116,4,368,191,137,121,68
20223,D,발달상권,3120038,약수역,2299,1362,937,7,436,740,580,324,212,1,189,452,383,196,141,6,247,288,197,128,71
20223,D,발달상권,3120028,명동(명동거리),12590,7582,5008,41,2103,3542,3628,2206,1070,16,1009,1955,2310,1615,677,25,1094,1587,1318,591,393
20223,D,발달상권,3120030,중부경찰서(영화인의거리),11882,6796,5086,53,2154,3638,3422,1957,658,16,721,2139,2091,1366,463,37,1433,1499,1331,591,195
20223,D,발달상권,3120029,을지로2가,7461,4461,3000,27,1938,2808,1698,798,192,7,787,1650,1165,693,159,20,1151,1158,533,105,33
20223,D,발달상권,3120025,롯데백화점(시청광장 지하쇼핑센터),22643,6274,16369,229,12750,7002,1624,945,93,71,3075,2028,780,249,71,158,9675,4974,844,696,22
20223,A,골목상권,3110051,한양공고앞 교차로,111,82,29,0,17,23,33,26,12,0,12,16,24,20,10,0,5,7,9,6,2
20223,R,전통시장,3130046,team204(팀204),20,13,7,0,1,3,4,2,10,0,0,2,3,1,7,0,1,1,1,1,3
20223,R,전통시장,3130047,테크노상가(엘리시움),158,110,48,0,10,26,33,60,29,0,5,20,20,41,24,0,5,6,13,19,5
20223,R,전통시장,3130048,동평화시장,20,11,9,0,7,8,1,4,0,0,3,4,1,3,0,0,4,4,0,1,0
20223,R,전통시장,3130055,"황학시장(서울중앙시장, 신중앙시장)",203,117,86,0,24,49,47,52,31,0,12,25,24,32,24,0,12,24,23,20,7
20223,R,전통시장,3130025,삼익패션타운(남대문시장),5494,2675,2819,69,1760,1561,1124,794,186,31,674,837,763,292,78,38,1086,724,361,502,108
20223,A,골목상권,3110075,숙대입구역 1번,1630,736,894,9,270,506,417,289,139,5,69,188,182,181,111,4,201,318,235,108,28
20223,A,골목상권,3110094,오산중학교,26,12,14,0,0,1,4,13,8,0,0,0,2,6,4,0,0,1,2,7,4
20223,A,골목상권,3110093,우사단길,2647,1632,1015,2,331,1035,757,359,163,1,106,546,562,321,96,1,225,489,195,38,67
20223,A,골목상권,3110089,서빙고동주민센터,752,503,249,1,94,230,220,107,100,0,33,136,159,88,87,1,61,94,61,19,13
20223,A,골목상권,3110064,효창공원앞역 2번,923,525,398,2,126,275,261,160,99,1,49,160,160,88,67,1,77,115,101,72,32
20223,A,골목상권,3110109,금호삼성래미안아파트,92,39,53,0,7,10,12,42,21,0,2,6,3,15,13,0,5,4,9,27,8
20223,A,골목상권,3110108,성동구립금호도서관,6,1,5,0,0,1,4,1,0,0,0,0,0,1,0,0,0,1,4,0,0
20223,A,골목상권,3110104,신금호역 4번,213,141,72,0,22,33,35,54,69,0,6,17,21,37,60,0,16,16,14,17,9
20223,A,골목상권,3110126,서울숲역 1번,27,18,9,0,0,7,2,12,6,0,0,6,0,7,5,0,0,1,2,5,1
20223,A,골목상권,3110135,성동세무서,401,208,193,0,41,84,107,78,91,0,7,43,49,38,71,0,34,41,58,40,20
20223,A,골목상권,3110115,상왕십리역 3번,945,362,583,10,392,218,156,113,56,0,76,84,93,75,34,10,316,134,63,38,22
20223,A,골목상권,3110133,서울교통공사,122,93,29,0,19,25,33,21,24,0,12,18,29,17,17,0,7,7,4,4,7
20223,R,전통시장,3130072,성동용답상가시장,132,71,61,0,21,19,35,39,18,0,9,9,16,26,11,0,12,10,19,13,7
20223,A,골목상권,3110130,답십리역 6번,105,89,16,0,20,24,38,15,8,0,17,20,35,10,7,0,3,4,3,5,1
20223,A,골목상권,3110170,동대부여고,223,128,95,1,37,51,67,45,22,0,17,21,42,32,16,1,20,30,25,13,6
20223,A,골목상권,3110172,광진초등학교,344,227,117,0,42,72,92,91,47,0,17,48,61,65,36,0,25,24,31,26,11
20223,A,골목상권,3110173,구남초등학교,195,106,89,0,34,50,46,44,21,0,16,28,21,25,16,0,18,22,25,19,5
20223,R,전통시장,3130081,자양골목전통시장(자양골목시장),54,36,18,0,7,17,14,9,7,0,5,12,9,6,4,0,2,5,5,3,3
20223,R,전통시장,3130080,자양종합시장(기능상실),14,10,4,0,0,1,6,6,1,0,0,1,4,4,1,0,0,0,2,2,0
20223,A,골목상권,3110143,뚝섬유원지역 1번,44,18,26,1,4,13,9,13,4,1,0,3,5,6,3,0,4,10,4,7,1
20223,D,발달상권,3120053,건대입구역(건대),892,505,387,5,148,146,178,204,211,2,41,65,97,137,163,3,107,81,81,67,48
20223,R,전통시장,3130075,노룬산시장(노룬산골목시장),17,12,5,0,4,5,6,0,2,0,3,3,5,0,1,0,1,2,1,0,1
20223,A,골목상권,3110165,국립정신건강센터,243,175,68,0,12,32,69,76,54,0,7,23,42,59,44,0,5,9,27,17,10
20223,R,전통시장,3130082,면곡골목시장,20,11,9,0,4,0,1,9,6,0,4,0,0,3,4,0,0,0,1,6,2
20223,R,전통시장,3130078,화양제일골목시장,52,17,35,0,6,15,19,9,3,0,1,5,8,2,1,0,5,10,11,7,2
20223,A,골목상권,3110185,용두초등학교,122,77,45,0,13,22,31,32,24,0,5,13,18,22,19,0,8,9,13,10,5
20223,D,발달상권,3120067,장안동사거리,2595,1173,1422,9,427,580,675,579,325,7,165,280,260,257,204,2,262,300,415,322,121
20223,R,전통시장,3130092,청량리농수산물시장,12,9,3,0,0,1,3,5,3,0,0,0,3,3,3,0,0,1,0,2,0
20223,A,골목상권,3110205,경희대삼거리,82,48,34,0,4,13,23,23,19,0,2,10,7,17,12,0,2,3,16,6,7
20223,A,골목상권,3110265,망우역 1번,198,91,107,1,23,43,54,57,20,0,7,18,21,32,13,1,16,25,33,25,7
20223,R,전통시장,3130110,면목골목시장(면목시장),107,64,43,0,1,9,35,38,24,0,1,6,22,19,16,0,0,3,13,19,8
20223,A,골목상권,3110263,면목역 1번,130,71,59,0,13,27,35,24,31,0,7,12,12,14,26,0,6,15,23,10,5
20223,A,골목상권,3110272,신내1동주민센터,477,319,158,0,45,69,93,152,118,0,15,35,60,103,106,0,30,34,33,49,12
20223,R,전통시장,3130113,신아타운,148,27,121,1,31,31,28,39,18,1,4,9,3,4,6,0,27,22,25,35,12
20223,A,골목상권,3110307,길음역 7번,119,62,57,0,17,25,41,19,17,0,7,17,18,10,10,0,10,8,23,9,7
20223,A,골목상권,3110310,길음역 10번,45,14,31,0,12,8,5,15,5,0,4,1,2,4,3,0,8,7,3,11,2
20223,A,골목상권,3110288,동구여중,216,139,77,1,19,49,52,55,40,0,9,22,35,40,33,1,10,27,17,15,7
20223,A,골목상권,3110313,안암역 3번,2069,1344,725,2,208,552,670,474,163,0,95,310,444,355,140,2,113,242,226,119,23
20223,A,골목상권,3110326,장위동성당,84,40,44,0,2,9,16,13,44,0,1,2,6,5,26,0,1,7,10,8,18
20223,R,전통시장,3130117,정릉시장,121,63,58,0,4,15,34,43,25,0,2,8,20,19,14,0,2,7,14,24,11
20223,A,골목상권,3110282,국민대학교앞,980,789,191,13,185,388,206,75,113,12,134,349,179,57,58,1,51,39,27,18,55
20223,R,전통시장,3130118,정릉골 골목형상점가,67,30,37,0,11,13,11,19,13,0,0,2,6,12,10,0,11,11,5,7,3
20223,R,전통시장,3130141,강북북부골목시장,36,19,17,0,12,4,11,6,3,0,3,2,6,6,2,0,9,2,5,0,1
20223,A,골목상권,3110380,강북문화정보도서관,48,15,33,0,12,10,12,10,4,0,0,3,5,4,3,0,12,7,7,6,1
20223,D,발달상권,3120078,미아사거리역,143,89,54,0,27,28,29,30,29,0,12,16,21,18,22,0,15,12,8,12,7
20223,A,골목상권,3110370,도봉세무서,367,255,112,0,17,61,76,105,108,0,11,31,42,80,91,0,6,30,34,25,17
20223,A,골목상권,3110358,인수동 우편취급국,549,295,254,0,18,34,67,210,220,0,2,18,23,91,161,0,16,16,44,119,59
20223,A,골목상권,3110359,수유시장옆,126,72,54,0,12,26,34,40,14,0,3,12,17,32,8,0,9,14,17,8,6
20223,A,골목상권,3110366,광산사거리,91,64,27,0,17,20,17,22,15,0,13,13,11,16,11,0,4,7,6,6,4
20223,A,골목상권,3110391,샘말어린이공원,219,118,101,0,22,44,64,45,44,0,12,26,37,23,20,0,10,18,27,22,24
20223,A,골목상권,3110386,연산군묘,124,114,10,0,4,3,10,44,63,0,1,3,7,40,63,0,3,0,3,4,0
20223,A,골목상권,3110385,효문고등학교,37,22,15,0,3,9,12,4,9,0,2,5,3,4,8,0,1,4,9,0,1
20223,R,전통시장,3130144,백운시장,21,14,7,0,0,1,7,8,5,0,0,0,5,4,5,0,0,1,2,4,0
20223,A,골목상권,3110396,쌍문역1번(쌍리단길),259,94,165,2,41,49,52,76,39,0,13,15,22,29,15,2,28,34,30,47,24
20223,A,골목상권,3110404,신창초등학교,515,298,217,1,42,93,163,136,80,0,11,56,109,76,46,1,31,37,54,60,34
20223,A,골목상권,3110429,공릉동 국수거리,2074,916,1158,3,224,284,511,689,363,1,91,167,248,234,175,2,133,117,263,455,188
20223,A,골목상권,3110438,경춘선숲길 우측,230,110,120,0,26,54,83,52,15,0,12,21,38,30,9,0,14,33,45,22,6
20223,D,발달상권,3120085,은행사거리,317,121,196,4,51,48,80,78,56,3,11,14,21,40,32,1,40,34,59,38,24
20223,A,골목상권,3110458,선일여고,385,200,185,0,32,79,94,119,61,0,19,46,47,52,36,0,13,33,47,67,25
20223,A,골목상권,3110460,구산역 4번,969,582,387,0,57,184,248,234,246,0,18,124,133,121,186,0,39,60,115,113,60
20223,R,전통시장,3130164,역촌중앙시장,9,3,6,0,0,1,2,2,4,0,0,0,1,1,1,0,0,1,1,1,3
20223,A,골목상권,3110450,시립서북병원,774,421,353,3,138,166,179,154,134,2,80,103,96,70,70,1,58,63,83,84,64
20223,A,골목상권,3110456,구산보건지소,967,544,423,3,284,226,177,147,130,1,123,112,94,97,117,2,161,114,83,50,13
20223,A,골목상권,3110486,은평구청,491,279,212,0,81,100,108,134,68,0,54,70,53,61,41,0,27,30,55,73,27
20223,A,골목상권,3110484,역촌역 3번,499,193,306,6,64,131,129,103,66,5,34,45,41,32,36,1,30,86,88,71,30
20223,D,발달상권,3120092,불광역,274,147,127,0,33,51,83,52,55,0,12,29,44,21,41,0,21,22,39,31,14
20223,A,골목상권,3110472,연신내역 4번,335,156,179,2,52,77,79,68,57,1,16,43,30,37,29,1,36,34,49,31,28
20223,R,전통시장,3130168,연서시장,234,155,79,0,19,50,51,64,50,0,5,23,33,49,45,0,14,27,18,15,5
20223,A,골목상권,3110445,덕산중학교,71,53,18,0,18,15,16,8,14,0,10,9,13,7,14,0,8,6,3,1,0
20223,A,골목상권,3110446,내를건너서숲으로도서관,163,124,39,0,6,14,51,45,47,0,5,9,33,35,42,0,1,5,18,10,5
20223,A,골목상권,3110461,새절역 2번,39,21,18,0,2,8,11,10,8,0,2,2,6,6,5,0,0,6,5,4,3
20223,A,골목상권,3110451,증산역 4번,1267,962,305,2,150,378,365,291,81,2,75,289,305,230,61,0,75,89,60,61,20
20223,A,골목상권,3110502,남가좌파출소,290,147,143,0,29,34,73,92,62,0,14,16,35,47,35,0,15,18,38,45,27
20223,A,골목상권,3110520,경의중앙 신촌역,105,57,48,0,31,22,32,12,8,0,10,15,16,10,6,0,21,7,16,2,2
20223,A,골목상권,3110526,봉원사,211,111,100,1,17,38,50,49,56,1,7,21,24,26,32,0,10,17,26,23,24
20223,A,골목상권,3110511,연희초등학교,3646,3286,360,2,420,731,640,1505,348,1,355,646,532,1425,327,1,65,85,108,80,21
20223,D,발달상권,3120093,연희동,661,351,310,2,60,125,170,195,109,0,27,62,91,103,68,2,33,63,79,92,41
20223,A,골목상권,3110504,명지전문대,170,46,124,1,21,19,35,41,53,0,5,4,10,13,14,1,16,15,25,28,39
20223,D,발달상권,3120095,홍제역,931,525,406,1,73,108,267,363,119,0,16,56,142,223,88,1,57,52,125,140,31
20223,A,골목상권,3110587,공덕동주민센터,264,135,129,1,43,53,75,55,37,1,16,31,47,23,17,0,27,22,28,32,20
20223,A,골목상권,3110578,대흥역 2번,2091,1413,678,2,213,337,391,638,510,1,80,225,309,452,346,1,133,112,82,186,164
20223,A,골목상권,3110574,서강대학교,173,123,50,0,35,41,49,38,10,0,17,30,41,30,5,0,18,11,8,8,5
20223,A,골목상권,3110582,이대역 5번,56,17,39,0,6,11,16,13,10,0,0,4,4,4,5,0,6,7,12,9,5
20223,D,발달상권,3120106,마포역,11485,7110,4375,12,1812,2735,2685,2311,1930,8,917,1662,1891,1437,1195,4,895,1073,794,874,735
20223,A,골목상권,3110544,망리단길,1203,718,485,1,179,248,331,253,191,1,107,153,171,147,139,0,72,95,160,106,52
20223,D,발달상권,3120103,홍대입구역(홍대),9580,5991,3589,87,2167,2434,2066,1613,1213,61,1145,1486,1404,988,907,26,1022,948,662,625,306
20223,A,골목상권,3110566,경의선책거리,1690,934,756,2,359,547,406,290,86,1,137,328,252,157,59,1,222,219,154,133,27
20223,R,전통시장,3130187,영진시장,29,14,15,0,4,5,11,7,2,0,2,2,6,2,2,0,2,3,5,5,0
20223,A,골목상권,3110557,홍대부속여중고앞,760,465,295,1,100,188,196,149,126,1,37,110,137,95,85,0,63,78,59,54,41
20223,A,골목상권,3110548,마포구청역 4번,795,475,320,5,130,185,210,136,129,3,57,95,122,89,109,2,73,90,88,47,20
20223,A,골목상권,3110543,중암중학교,38,25,13,0,6,8,14,7,3,0,3,5,8,6,3,0,3,3,6,1,0
20223,A,골목상권,3110585,마포경찰서,918,790,128,0,192,360,176,181,9,0,150,313,153,166,8,0,42,47,23,15,1
20223,D,발달상권,3120112,등촌역,1633,1138,495,10,223,388,373,358,281,6,100,270,265,265,232,4,123,118,108,93,49
20223,A,골목상권,3110618,강서고등학교,193,135,58,0,19,38,52,52,32,0,10,29,36,34,26,0,9,9,16,18,6
20223,A,골목상권,3110599,신월1파출소,378,268,110,3,50,89,94,93,49,2,34,68,63,65,36,1,16,21,31,28,13
20223,A,골목상권,3110596,서서울호수공원,417,272,145,2,48,90,107,113,57,0,28,56,74,71,43,2,20,34,33,42,14
20223,R,전통시장,3130200,"신월7동 골목시장(약수시장, 우성상가)",27,18,9,0,0,3,9,6,9,0,0,0,7,4,7,0,0,3,2,2,2
20223,A,골목상권,3110623,갈산공원,130,99,31,0,27,34,27,31,11,0,23,27,21,21,7,0,4,7,6,10,4
20223,R,전통시장,3130218,신월중앙시장,118,53,65,0,28,34,26,13,17,0,8,12,11,9,13,0,20,22,15,4,4
20223,A,골목상권,3110632,방화역 3번,1075,887,188,2,42,127,400,334,170,1,21,90,353,281,141,1,21,37,47,53,29
20223,A,골목상권,3110651,화원중학교,377,214,163,2,29,50,102,105,89,1,19,31,68,52,43,1,10,19,34,53,46
20223,A,골목상권,3110659,화곡역 4번,844,496,348,11,102,181,234,180,136,9,52,114,140,105,76,2,50,67,94,75,60
20223,A,골목상권,3110696,오류동역 1번,2424,1658,766,32,831,942,326,216,77,16,483,735,235,131,58,16,348,207,91,85,19
20223,A,골목상권,3110697,개봉3동주민센터,230,142,88,1,55,64,49,41,20,1,27,41,31,29,13,0,28,23,18,12,7
20223,A,골목상권,3110698,개웅초등학교(개웅중학교),276,176,100,3,50,50,53,63,57,3,25,32,31,39,46,0,25,18,22,24,11
20223,A,골목상권,3110722,G타워,837,574,263,4,152,296,249,99,37,4,95,205,191,55,24,0,57,91,58,44,13
20223,A,골목상권,3110682,온수역 8번,25,11,14,0,2,4,13,5,1,0,2,2,6,1,0,0,0,2,7,4,1
20223,A,골목상권,3110684,서울공연예술고등학교,251,136,115,2,50,78,61,36,24,0,19,54,34,19,10,2,31,24,27,17,14
20223,A,골목상권,3110688,오류지구대,169,59,110,1,18,18,40,59,33,0,7,10,15,19,8,1,11,8,25,40,25
20223,A,골목상권,3110730,서울축산농협 독산역지점(독산파출소),660,376,284,1,80,105,117,201,156,1,30,58,54,113,120,0,50,47,63,88,36
20223,A,골목상권,3110728,두산초등학교,4560,2778,1782,8,88,138,245,530,3551,8,64,86,123,279,2218,0,24,52,122,251,1333
20223,A,골목상권,3110752,한울중학교,269,117,152,2,25,46,81,79,36,2,13,16,34,33,19,0,12,30,47,46,17
20223,R,전통시장,3130234,푸른터시장(기능상실),7,3,4,0,1,1,0,3,2,0,0,1,0,1,1,0,1,0,0,2,1
20223,R,전통시장,3130235,대명여울빛거리시장(대명시장),298,80,218,0,39,52,77,82,48,0,11,14,25,19,11,0,28,38,52,63,37
20223,A,골목상권,3110743,시흥초등학교(시흥1동우체국),191,130,61,0,18,31,48,50,44,0,10,20,32,37,31,0,8,11,16,13,13
20223,A,골목상권,3110731,금천구청역 1번 출입구,1044,564,480,7,306,385,206,96,44,2,149,230,102,55,26,5,157,155,104,41,18
20223,A,골목상권,3110753,시흥동 은행나무사거리,617,387,230,0,69,100,149,166,133,0,28,68,90,96,105,0,41,32,59,70,28
20223,A,골목상권,3110764,문래역 3번,541,223,318,0,93,127,159,102,60,0,27,39,54,54,49,0,66,88,105,48,11
20223,A,골목상권,3110779,대림갑을명가아파트,33,24,9,0,2,5,13,7,6,0,1,4,10,4,5,0,1,1,3,3,1
20223,R,전통시장,3130242,대림중앙 골목형상점가,66,20,46,0,3,17,17,24,5,0,1,6,5,5,3,0,2,11,12,19,2
20223,A,골목상권,3110765,문래동사거리,889,619,270,2,80,133,209,175,290,1,38,78,140,126,236,1,42,55,69,49,54
20223,A,골목상권,3110810,영신초등학교,403,183,220,0,58,147,59,78,61,0,24,67,27,43,22,0,34,80,32,35,39
20223,A,골목상권,3110813,보라매역 6번,286,167,119,3,22,37,50,74,100,3,15,21,24,39,65,0,7,16,26,35,35
20223,D,발달상권,3120135,양평역,5072,3013,2059,32,1300,1280,1187,776,497,11,626,825,676,441,434,21,674,455,511,335,63
20223,D,발달상권,3120146,한강성심병원,5066,2882,2184,18,1252,1255,1097,821,623,8,405,669,729,584,487,10,847,586,368,237,136
20223,R,전통시장,3130253,영신상가(제일상가),9,7,2,0,2,3,0,2,2,0,2,3,0,1,1,0,0,0,0,1,1
20223,R,전통시장,3130249,동남상가,10,8,2,0,2,0,0,4,4,0,1,0,0,4,3,0,1,0,0,0,1
20223,A,골목상권,3110782,영등포시장역 4번,127,87,40,1,13,24,48,27,14,1,5,16,36,17,12,0,8,8,12,10,2
20223,A,골목상권,3110809,장훈고등학교,112,61,51,0,7,15,30,23,37,0,3,5,11,17,25,0,4,10,19,6,12
20223,A,골목상권,3110834,동작구자원봉사센터,41,25,16,0,3,5,8,11,14,0,2,2,8,6,7,0,1,3,0,5,7
20223,A,골목상권,3110828,노량진역 6번,3010,2066,944,9,471,1047,854,467,162,3,252,711,639,357,104,6,219,336,215,110,58
20223,A,골목상권,3110824,대방역 3번,296,102,194,1,48,91,92,42,22,0,11,26,29,23,13,1,37,65,63,19,9
20223,A,골목상권,3110852,이수역 9번,198,121,77,0,26,35,54,38,45,0,12,20,30,23,36,0,14,15,24,15,9
20223,A,골목상권,3110851,경문고등학교(동작동성당),493,236,257,0,79,137,141,105,31,0,32,53,66,67,18,0,47,84,75,38,13
20223,A,골목상권,3110831,상도4동주민센터,72,40,32,0,3,13,14,29,13,0,3,6,6,18,7,0,0,7,8,11,6
20223,A,골목상권,3110827,NH농협은행 상도동지점,262,93,169,0,39,51,73,65,34,0,11,18,20,28,16,0,28,33,53,37,18
20223,A,골목상권,3110841,중대부중,75,34,41,0,7,12,14,23,19,0,4,7,5,10,8,0,3,5,9,13,11
20223,A,골목상권,3110900,낙성대역 1번(관악구민 종합체육센터),444,246,198,1,94,123,115,88,23,1,48,64,62,53,18,0,46,59,53,35,5
20223,D,발달상권,3120159,서울대입구역,1430,763,667,12,289,320,321,238,250,6,116,164,174,133,170,6,173,156,147,105,80
20223,A,골목상권,3110866,난우중학교,184,101,83,0,23,36,41,65,19,0,14,20,19,32,16,0,9,16,22,33,3
20223,D,발달상권,3120158,녹두거리(대학동),695,550,145,2,31,73,200,279,110,0,7,41,163,241,98,2,24,32,37,38,12
20223,A,골목상권,3110857,미성동주민센터,431,229,202,9,60,64,70,108,120,9,34,48,41,46,51,0,26,16,29,62,69
20223,R,전통시장,3130278,미성동 도깨비시장 골목형상점가,75,16,59,0,0,16,28,24,7,0,0,7,5,2,2,0,0,9,23,22,5
20223,A,골목상권,3110875,보라매동주민센터(당곡고등학교),19,15,4,0,4,2,5,6,2,0,2,2,3,6,2,0,2,0,2,0,0
20223,A,골목상권,3110873,당곡중학교,348,167,181,0,70,79,87,76,36,0,29,39,39,37,23,0,41,40,48,39,13
20223,R,전통시장,3130285,서원동상점가,615,316,299,4,28,56,85,160,282,1,17,38,45,60,155,3,11,18,40,100,127
20223,A,골목상권,3110891,구암초등학교,47,22,25,0,5,1,22,16,3,0,1,0,11,8,2,0,4,1,11,8,1
20223,R,전통시장,3130280,신림종합시장,22,17,5,0,0,1,2,7,12,0,0,0,0,5,12,0,0,1,2,2,0
20223,R,전통시장,3130279,관악신사시장,2159,1727,432,0,365,671,738,355,30,0,172,530,669,333,23,0,193,141,69,22,7
20223,R,전통시장,3130295,인헌시장(원당종합시장),122,48,74,0,20,27,38,23,14,0,3,9,16,12,8,0,17,18,22,11,6
20223,A,골목상권,3110892,관악구 중앙길,709,341,368,0,69,110,159,221,150,0,25,55,76,105,80,0,44,55,83,116,70
20223,A,골목상권,3110899,낙성대역 5번(관악중학교),681,442,239,0,167,178,164,123,49,0,107,130,95,71,39,0,60,48,69,52,10
20223,A,골목상권,3110944,서울나래학교(염곡어린이공원),933,632,301,10,116,213,161,196,237,8,88,169,114,118,135,2,28,44,47,78,102
20223,A,골목상권,3110905,방배노인종합복지관(이수중학교),287,176,111,1,36,71,71,63,45,0,18,38,45,41,34,1,18,33,26,22,11
20223,A,골목상권,3110920,방배역 2번(백석예술대학교),359,205,154,0,23,53,125,118,40,0,5,29,65,75,31,0,18,24,60,43,9
20223,A,골목상권,3110910,내방역 5번,614,240,374,5,72,124,157,176,80,3,30,69,52,49,37,2,42,55,105,127,43
20223,A,골목상권,3110906,서문여고,683,362,321,2,217,106,119,106,133,0,59,58,72,62,111,2,158,48,47,44,22
20223,D,발달상권,3120161,방배동가구거리(사당동가구거리),2517,1833,684,3,187,342,315,347,1323,2,78,178,165,202,1208,1,109,164,150,145,115
20223,R,전통시장,3130296,남부종합시장,85,63,22,0,2,8,25,35,15,0,1,8,16,24,14,0,1,0,9,11,1
20223,D,발달상권,3120175,남부터미널역,8254,5320,2934,32,1703,2482,1996,1297,744,6,856,1692,1362,856,548,26,847,790,634,441,196
20223,A,골목상권,3110932,서울시인재개발원,532,384,148,2,128,170,127,64,41,2,76,116,100,54,36,0,52,54,27,10,5
20223,A,골목상권,3110930,서초동성당,2178,1774,404,8,284,588,694,433,171,2,190,448,591,393,150,6,94,140,103,40,21
20223,A,골목상권,3110931,삼성전자서울R&D(서울우면초등학교),94,47,47,0,36,30,16,6,6,0,11,15,10,6,5,0,25,15,6,0,1
20223,A,골목상권,3110938,바우뫼공원,1522,927,595,0,253,457,423,297,92,0,147,314,251,143,72,0,106,143,172,154,20
20223,A,골목상권,3110942,염곡동 구룡사(포이동성당),3242,1952,1290,7,578,932,791,613,321,3,328,587,461,351,222,4,250,345,330,262,99
20223,A,골목상권,3110943,법제교육센터(버들어린이공원),1122,578,544,1,67,165,357,323,209,1,36,99,151,140,151,0,31,66,206,183,58
20223,A,골목상권,3110994,개포고등학교,494,382,112,7,65,161,123,110,28,4,47,134,103,73,21,3,18,27,20,37,7
20223,R,전통시장,3130305,논현종합시장,85,43,42,0,21,14,14,19,17,0,7,7,6,14,9,0,14,7,8,5,8
20223,D,발달상권,3120193,도산공원교차로,6384,3798,2586,15,1278,1918,1493,983,697,6,466,1071,1021,696,538,9,812,847,472,287,159
20223,D,발달상권,3120220,대치역,5716,3394,2322,26,1854,2307,1022,333,174,2,774,1495,752,234,137,24,1080,812,270,99,37
20223,D,발달상권,3120210,선릉역,48780,26797,21983,117,11358,13636,11065,7952,4652,54,5356,8026,6479,4158,2724,63,6002,5610,4586,3794,1928
20223,D,발달상권,3120221,봉은사역,17557,12129,5428,22,3154,5248,3562,2734,2837,8,2167,4087,2812,1669,1386,14,987,1161,750,1065,1451
20223,A,골목상권,3110988,청담역 3번,1594,1016,578,1,243,425,364,346,215,1,82,247,247,262,177,0,161,178,117,84,38
20223,R,전통시장,3130304,신사상가,24,13,11,0,3,4,6,7,4,0,1,1,3,5,3,0,2,3,3,2,1
20223,D,발달상권,3120197,역삼역,58731,38593,20138,93,10093,18065,15897,10840,3743,43,5229,11924,11872,7083,2442,50,4864,6141,4025,3757,1301
20223,D,발달상권,3120237,경찰병원역,9922,5579,4343,59,1236,1684,1762,1665,3516,25,543,1068,1140,766,2037,34,693,616,622,899,1479
20223,A,골목상권,3111045,개미어린이공원,36,18,18,0,2,7,12,12,3,0,1,1,7,7,2,0,1,6,5,5,1
20223,A,골목상권,3111047,마천1치안센터,111,73,38,0,9,17,34,34,17,0,6,14,19,22,12,0,3,3,15,12,5
20223,A,골목상권,3111043,마천공원,32,13,19,0,1,3,7,12,9,0,0,0,1,6,6,0,1,3,6,6,3
20223,D,발달상권,3120238,방이역,430,260,170,5,53,101,116,79,76,4,25,48,61,57,65,1,28,53,55,22,11
20223,D,발달상권,3120226,석촌고분역,2344,1748,596,6,272,329,431,334,972,5,128,199,262,228,926,1,144,130,169,106,46
20223,A,골목상권,3111012,석촌역 6번,732,332,400,2,91,127,180,183,149,2,23,56,83,93,75,0,68,71,97,90,74
20223,D,발달상권,3120228,석촌역(석촌호수),4494,2725,1769,7,707,1306,1038,695,741,1,288,851,680,410,495,6,419,455,358,285,246
20223,A,골목상권,3111035,오금공원(오주중학교),531,398,133,0,41,90,148,148,104,0,32,66,121,102,77,0,9,24,27,46,27
20223,A,골목상권,3111028,문현중학교(장지역 1번),424,194,230,0,54,66,132,116,56,0,29,36,49,50,30,0,25,30,83,66,26
20223,A,골목상권,3111087,고덕중학교(고덕2동주민센터),197,89,108,0,26,46,62,36,27,0,5,21,26,17,20,0,21,25,36,19,7
20223,D,발달상권,3120246,길동역,3415,1545,1870,14,385,562,837,913,704,8,169,318,417,302,331,6,216,244,420,611,373
20223,A,골목상권,3111083,GS강동자이아파트,411,245,166,0,67,62,70,100,112,0,47,43,41,44,70,0,20,19,29,56,42
20223,R,전통시장,3130325,명일전통시장,89,30,59,0,8,10,13,28,30,0,3,6,5,8,8,0,5,4,8,20,22
20223,A,골목상권,3111074,명일역 1번,147,77,70,2,31,38,40,16,20,1,9,23,23,10,11,1,22,15,17,6,9
20223,A,골목상권,3111053,성내천어린이공원(하니사랑길),6288,4564,1724,6,799,940,1025,1564,1954,3,542,693,750,1053,1523,3,257,247,275,511,431
20223,A,골목상권,3111061,암사역 1번,831,551,280,0,149,186,182,170,144,0,82,128,126,125,90,0,67,58,56,45,54
20223,R,전통시장,3130318,로데오거리상점가,266,132,134,0,31,43,49,55,88,0,9,12,19,26,66,0,22,31,30,29,22
20223,A,골목상권,3111056,천호태영아파트,191,53,138,0,27,35,64,36,29,0,4,5,19,15,10,0,23,30,45,21,19
20223,A,골목상권,3110036,동묘앞역 3번,52,34,18,0,3,6,16,12,15,0,1,3,9,11,10,0,2,3,7,1,5
20223,A,골목상권,3110028,이화달팽이길,704,279,425,1,177,179,137,123,87,0,56,60,56,65,42,1,121,119,81,58,45
20223,D,발달상권,3120010,원남동사거리,4095,2287,1808,50,1544,1304,651,377,169,2,585,792,484,292,132,48,959,512,167,85,37
20223,R,전통시장,3130017,동대문상가C동,12,9,3,0,1,4,4,2,1,0,1,4,3,0,1,0,0,0,1,2,0
20223,D,발달상권,3120016,동대문역,182,115,67,1,10,24,42,40,65,0,6,12,20,28,49,1,4,12,22,12,16
20223,A,골목상권,3110034,창신1동주민센터,41,35,6,0,2,1,14,13,11,0,2,1,10,11,11,0,0,0,4,2,0
20223,A,골목상권,3110014,경복고등학교,194,82,112,0,28,54,40,44,28,0,4,14,21,24,19,0,24,40,19,20,9
20223,A,골목상권,3110001,이북5도청사,1048,625,423,4,130,286,237,257,134,0,48,170,160,167,80,4,82,116,77,90,54
20223,A,골목상권,3110286,한성대입구역 5번,986,472,514,17,187,285,318,122,57,8,70,127,144,83,40,9,117,158,174,39,17
20223,R,전통시장,3130036,중부시장(신중부시장),3089,921,2168,8,1868,593,250,198,172,3,316,189,171,120,122,5,1552,404,79,78,50
20223,D,발달상권,3120033,을지로4가역,867,437,430,7,127,212,194,201,126,1,44,107,99,89,97,6,83,105,95,112,29
20223,U,관광특구,3001492,명동 남대문 북창동 다동 무교동 관광특구,104830,53674,51156,423,27134,34007,23384,15726,4156,137,8860,16080,15133,10824,2640,286,18274,17927,8251,4902,1516
20223,D,발달상권,3120023,서울시청,10242,5534,4708,15,2234,3260,2778,1425,530,4,852,1657,1658,983,380,11,1382,1603,1120,442,150
20223,R,전통시장,3130031,청계천공구상가,921,698,223,2,101,281,234,159,144,1,64,230,181,104,118,1,37,51,53,55,26
20223,D,발달상권,3120021,시청역_8번,23737,14953,8784,73,4071,8120,7087,3484,902,13,1699,4433,5165,2993,650,60,2372,3687,1922,491,252
20223,A,골목상권,3110053,청구역 1번,281,166,115,0,52,69,69,54,37,0,23,45,43,27,28,0,29,24,26,27,9
20223,R,전통시장,3130049,신당 미래유산 먹거리 골목형상점가,42,19,23,0,3,5,9,13,12,0,1,3,0,7,8,0,2,2,9,6,4
20223,D,발달상권,3120043,서울역,22578,15322,7256,58,4087,7782,5513,3664,1474,27,2087,4897,4201,3033,1077,31,2000,2885,1312,631,397
20223,A,골목상권,3110040,중구회현체육센터(정화예술대남산캠퍼스),165,78,87,0,33,30,40,37,25,0,14,15,17,13,19,0,19,15,23,24,6
20223,D,발달상권,3120024,회현역,2167,1364,803,2,341,795,582,250,197,1,146,473,416,192,136,1,195,322,166,58,61
20223,A,골목상권,3110039,회현역 1번,49,26,23,0,2,8,12,14,13,0,0,4,9,8,5,0,2,4,3,6,8
20223,R,전통시장,3130024,남대문시장(자유상가),732,426,306,2,54,129,172,177,198,1,15,75,95,108,132,1,39,54,77,69,66
20223,R,전통시장,3130022,숭례문수입상가(남대문시장),1907,850,1057,0,330,855,598,113,11,0,55,378,338,70,9,0,275,477,260,43,2
20223,D,발달상권,3120045,남영동 먹자골목,4044,1580,2464,7,424,908,1421,1162,122,1,257,576,502,205,39,6,167,332,919,957,83
20223,R,전통시장,3130060,신흥시장,4,1,3,0,0,2,0,2,0,0,0,1,0,0,0,0,0,1,0,2,0
20223,A,골목상권,3110072,열정도,374,244,130,6,108,96,78,51,35,0,51,71,62,37,23,6,57,25,16,14,12
20223,A,골목상권,3110059,새남터성지,385,307,78,0,38,71,113,138,25,0,21,48,99,124,15,0,17,23,14,14,10
20203,U,관광특구,3001491,이태원 관광특구,5839,3064,2775,28,1377,2065,1290,768,311,18,514,986,777,541,228,10,863,1079,513,227,83
20223,A,골목상권,3110069,숙대입구,825,291,534,3,200,296,163,87,76,3,34,92,77,40,45,0,166,204,86,47,31
20223,A,골목상권,3110095,한강진역 3번,1186,801,385,16,160,326,321,298,65,8,61,235,227,226,44,8,99,91,94,72,21
20223,A,골목상권,3110097,한남초등학교,7,4,3,0,2,3,2,0,0,0,0,2,2,0,0,0,2,1,0,0,0
20223,A,골목상권,3110077,삼광초등학교,385,317,68,0,37,86,148,98,16,0,21,66,130,88,12,0,16,20,18,10,4
20223,A,골목상권,3110103,옥수터널,13,11,2,1,0,2,2,6,2,0,0,2,2,5,2,1,0,0,0,1,0
20223,R,전통시장,3130073,뚝도시장,45,17,28,1,3,10,9,11,11,0,0,2,4,5,6,1,3,8,5,6,5
20223,A,골목상권,3110137,성수초등학교,6605,4295,2310,31,1016,1740,1836,1344,638,22,557,1152,1250,828,486,9,459,588,586,516,152
20223,A,골목상권,3110138,송정체육공원,160,79,81,0,15,27,53,41,24,0,4,12,21,23,19,0,11,15,32,18,5
20223,D,발달상권,3120057,아차산역,2218,1220,998,52,412,432,503,468,351,19,236,257,289,206,213,33,176,175,214,262,138
20223,A,골목상권,3110177,동의초등학교,112,81,31,0,6,25,28,32,21,0,3,14,19,26,19,0,3,11,9,6,2
20223,A,골목상권,3110175,푸른동산공원,367,233,134,0,41,73,108,86,59,0,24,48,69,53,39,0,17,25,39,33,20
20223,A,골목상권,3110146,신자초등학교,742,537,205,0,50,81,212,276,123,0,25,45,160,209,98,0,25,36,52,67,25
20223,A,골목상권,3110150,중곡1동 마을마당,1179,698,481,1,197,352,252,217,160,1,83,194,161,132,127,0,114,158,91,85,33
20223,A,골목상권,3110195,동대문구청,221,115,106,0,41,58,47,40,35,0,12,28,23,27,25,0,29,30,24,13,10
20223,A,골목상권,3110189,제기동역 1번,1538,1086,452,1,233,490,342,167,305,0,98,349,286,136,217,1,135,141,56,31,88
20223,A,골목상권,3110214,경희대후문,86,42,44,0,18,17,24,17,10,0,6,6,13,10,7,0,12,11,11,7,3
20223,A,골목상권,3110224,외대앞역 2번,96,41,55,0,9,14,16,29,28,0,2,4,9,18,8,0,7,10,7,11,20
20223,A,골목상권,3110232,동대부고,579,413,166,0,41,71,119,175,173,0,14,38,80,134,147,0,27,33,39,41,26
20223,A,골목상권,3110201,전농119안전센터,27,11,16,0,2,1,9,10,5,0,1,0,3,4,3,0,1,1,6,6,2
20223,R,전통시장,3130099,전농로터리시장,7,3,4,0,1,0,2,3,1,0,0,0,1,1,1,0,1,0,1,2,0
20223,R,전통시장,3130090,청량리종합시장,19,13,6,0,1,4,3,5,6,0,1,2,3,3,4,0,0,2,0,2,2
20223,R,전통시장,3130093,동서시장,5,3,2,0,0,0,1,2,2,0,0,0,1,0,2,0,0,0,0,2,0
20223,A,골목상권,3110190,고대앞사거리,195,92,103,0,22,34,34,45,60,0,4,18,22,19,29,0,18,16,12,26,31
20223,A,골목상권,3110196,홍릉근린공원,23,12,11,0,1,6,8,5,3,0,1,4,3,2,2,0,0,2,5,3,1
20223,D,발달상권,3120065,회기역,323,205,118,3,48,55,87,76,54,1,27,39,48,49,41,2,21,16,39,27,13
20223,A,골목상권,3110215,회기역 1번,28,18,10,0,3,4,9,7,5,0,3,2,6,3,4,0,0,2,3,4,1
20223,A,골목상권,3110222,회기역 2번,20,17,3,0,0,3,2,6,9,0,0,2,2,4,9,0,0,1,0,2,0
20223,A,골목상권,3110273,장스여성병원,610,446,164,7,31,37,75,209,251,0,4,8,37,168,229,7,27,29,38,41,22
20223,A,골목상권,3110260,면목역 3번,126,74,52,0,24,21,24,29,28,0,14,8,12,20,20,0,10,13,12,9,8
20223,R,전통시장,3130105,장미제일시장(중화동제일시장),63,27,36,0,8,14,22,11,8,0,3,6,14,3,1,0,5,8,8,8,7
20223,A,골목상권,3110257,상봉역 7번,397,330,67,0,17,18,50,133,179,0,6,11,34,118,161,0,11,7,16,15,18
20223,A,골목상권,3110238,배꽃어린이공원,66,48,18,0,6,7,15,23,15,0,4,5,9,15,15,0,2,2,6,8,0
20223,A,골목상권,3110303,성신여대입구역 1번,139,98,41,1,7,35,44,27,25,0,2,22,28,25,21,1,5,13,16,2,4
20223,A,골목상권,3110305,보문역 5번,883,661,222,3,165,255,173,133,154,1,99,199,129,103,130,2,66,56,44,30,24
20223,D,발달상권,3120070,한성대입구역,466,180,286,2,83,69,78,113,121,2,21,31,37,38,51,0,62,38,41,75,70
20223,A,골목상권,3110331,돌곶이역 8번,441,297,144,3,54,146,113,78,47,0,17,105,83,55,37,3,37,41,30,23,10
20223,A,골목상권,3110334,석관중앙교회,170,105,65,0,21,43,31,41,34,0,8,19,19,29,30,0,13,24,12,12,4
20223,A,골목상권,3110293,삼선중학교,1730,860,870,4,248,467,527,319,165,3,116,277,268,111,85,1,132,190,259,208,80
20223,A,골목상권,3110283,성북초등학교앞,203,78,125,0,16,33,56,80,18,0,8,10,23,27,10,0,8,23,33,53,8
20223,A,골목상권,3110285,홍대부중,814,559,255,9,219,220,210,100,56,6,118,172,163,69,31,3,101,48,47,31,25
20223,A,골목상권,3110312,안암역 2번,150,81,69,0,13,19,47,46,25,0,7,14,24,22,14,0,6,5,23,24,11
20223,A,골목상권,3110316,숭곡초등학교,439,217,222,2,68,114,129,88,38,2,19,58,73,42,23,0,49,56,56,46,15
20223,A,골목상권,3110322,장위1동주민센터,319,224,95,1,33,37,59,95,94,0,25,31,44,66,58,1,8,6,15,29,36
20223,A,골목상권,3110294,서경대학교,391,262,129,0,35,30,93,120,113,0,18,14,46,87,97,0,17,16,47,33,16
20223,A,골목상권,3110319,종암동주민센터,454,111,343,1,46,51,89,146,121,0,8,19,24,32,28,1,38,32,65,114,93
20223,A,골목상권,3110364,미아역 8번,146,75,71,0,9,26,51,39,21,0,3,9,25,23,15,0,6,17,26,16,6
20223,A,골목상권,3110381,번동주공2단지,171,88,83,5,31,28,38,55,14,4,11,14,21,30,8,1,20,14,17,25,6
20223,R,전통시장,3130131,동북프라자,121,49,72,0,9,23,37,29,23,0,4,8,17,9,11,0,5,15,20,20,12
20223,A,골목상권,3110374,송중초등학교,491,272,219,5,33,60,145,140,108,5,9,29,73,70,86,0,24,31,72,70,22
20223,A,골목상권,3110371,삼양입구사거리,49,23,26,0,2,7,10,19,11,0,0,3,5,10,5,0,2,4,5,9,6
20223,A,골목상권,3110363,송천동주민센터,19,12,7,0,0,4,3,7,5,0,0,3,1,4,4,0,0,1,2,3,1
20223,A,골목상권,3110361,삼양사거리역 1번,101,29,72,0,9,12,19,28,33,0,2,4,3,7,13,0,7,8,16,21,20
20223,A,골목상권,3110360,수유초등학교,321,222,99,0,34,61,63,67,96,0,7,43,42,44,86,0,27,18,21,23,10
20223,A,골목상권,3110357,가오리역 1번,725,611,114,0,25,36,171,340,153,0,4,18,146,310,133,0,21,18,25,30,20
20223,A,골목상권,3110340,인수중학교,176,99,77,0,24,55,50,29,18,0,8,43,31,7,10,0,16,12,19,22,8
20223,A,골목상권,3110341,북한산우이역 2번,496,411,85,0,15,25,80,258,118,0,4,10,52,237,108,0,11,15,28,21,10
20223,A,골목상권,3110390,방학초등학교,231,110,121,0,18,63,68,58,24,0,7,36,28,27,12,0,11,27,40,31,12
20223,A,골목상권,3110408,가인초등학교,355,105,250,0,66,70,100,85,34,0,12,24,32,21,16,0,54,46,68,64,18
20223,A,골목상권,3110433,공릉역 2번,401,137,264,1,30,41,46,46,237,1,17,30,25,18,46,0,13,11,21,28,191
20223,R,전통시장,3130157,상계중앙시장,68,35,33,0,14,17,13,15,9,0,8,13,6,6,2,0,6,4,7,9,7
20223,A,골목상권,3110423,석계역 2번,280,104,176,0,27,29,65,73,86,0,9,15,31,29,20,0,18,14,34,44,66
20223,D,발달상권,3120090,연신내역,796,297,499,5,187,160,183,154,107,1,65,66,64,53,48,4,122,94,119,101,59
20223,A,골목상권,3110462,갈현건영아파트,335,216,119,1,40,61,100,72,61,1,23,36,61,48,47,0,17,25,39,24,14
20223,R,전통시장,3130170,제일시장,58,26,32,1,7,9,13,19,9,1,2,2,5,11,5,0,5,7,8,8,4
20223,A,골목상권,3110481,불광역 7번,199,89,110,0,13,44,41,60,41,0,2,23,11,25,28,0,11,21,30,35,13
20223,A,골목상권,3110443,수색역 1번,20,12,8,0,1,2,7,6,4,0,0,2,2,4,4,0,1,0,5,2,0
20223,A,골목상권,3110459,응암역 2번,547,198,349,1,50,105,159,154,78,0,9,38,77,41,33,1,41,67,82,113,45
20223,A,골목상권,3110468,응암역 3번,1202,526,676,2,142,266,324,272,196,0,45,119,142,116,104,2,97,147,182,156,92
20223,A,골목상권,3110478,응암1동주민센터,355,220,135,2,26,37,56,56,178,2,16,23,28,32,119,0,10,14,28,24,59
20223,A,골목상권,3110463,응암3동주민센터,123,54,69,0,7,23,36,26,31,0,3,6,14,11,20,0,4,17,22,15,11
20223,R,전통시장,3130161,증산종합시장,8,5,3,0,0,1,2,2,3,0,0,0,1,2,2,0,0,1,1,0,1
20223,A,골목상권,3110507,명지대학교,1537,1156,381,29,392,636,318,129,33,26,257,481,282,83,27,3,135,155,36,46,6
20223,A,골목상권,3110495,북가좌2동주민센터,501,372,129,0,28,67,125,185,96,0,11,45,88,152,76,0,17,22,37,33,20
20223,R,전통시장,3130179,"이화여대 3,5,7길 상점가",147,65,82,3,34,15,41,31,23,1,12,3,14,17,18,2,22,12,27,14,5
20223,A,골목상권,3110528,서울여자간호대학교,324,160,164,0,11,25,38,72,178,0,10,14,20,24,92,0,1,11,18,48,86
20223,A,골목상권,3110580,양원초등학교,78,20,58,0,3,6,16,25,28,0,0,1,3,11,5,0,3,5,13,14,23
20223,A,골목상권,3110568,광흥창역 1번,67,32,35,0,12,21,14,15,5,0,4,10,6,9,3,0,8,11,8,6,2
20223,A,골목상권,3110545,마포구청역 1번,789,460,329,1,64,151,210,235,128,1,24,92,106,146,91,0,40,59,104,89,37
20223,A,골목상권,3110584,아현역 4번,49,13,36,0,4,7,14,13,11,0,0,0,2,5,6,0,4,7,12,8,5
20223,A,골목상권,3110556,절두산순교성지,176,112,64,3,17,42,58,39,17,3,8,27,39,24,11,0,9,15,19,15,6
20223,A,골목상권,3110622,달마을공원,458,261,197,0,58,90,102,138,70,0,26,47,63,65,60,0,32,43,39,73,10
20223,A,골목상권,3110601,신월1동우편취급국,1200,814,386,3,116,180,274,437,190,1,61,115,183,309,145,2,55,65,91,128,45
20223,A,골목상권,3110598,신월문화체육센터,381,174,207,0,16,50,101,131,83,0,4,22,40,60,48,0,12,28,61,71,35
20223,D,발달상권,3120109,서울남부지방법원,608,342,266,2,56,104,110,170,166,1,18,40,50,104,129,1,38,64,60,66,37
20223,A,골목상권,3110609,신정네거리역 2번,1377,1358,19,0,14,15,52,171,1125,0,10,11,45,168,1124,0,4,4,7,3,1
20223,A,골목상권,3110652,양천향교역 2번,643,483,160,0,70,131,146,169,127,0,32,102,104,139,106,0,38,29,42,30,21
20223,A,골목상권,3110675,화곡4동주민센터,235,161,74,0,13,45,60,59,58,0,6,28,34,46,47,0,7,17,26,13,11
20223,A,골목상권,3110672,백석중학교,168,91,77,1,26,41,35,49,16,1,19,23,14,23,11,0,7,18,21,26,5
20223,A,골목상권,3110660,등촌3동주민센터,4614,2039,2575,10,469,707,766,1291,1371,5,197,427,424,447,539,5,272,280,342,844,832
20223,A,골목상권,3110645,우장산역 4번,782,381,401,0,63,120,238,219,142,0,32,60,86,88,115,0,31,60,152,131,27
20223,R,전통시장,3130213,방신전통시장,112,77,35,0,13,20,25,29,25,0,10,18,14,14,21,0,3,2,11,15,4
20223,A,골목상권,3110630,공항시장역 1번,1472,1008,464,0,157,294,298,328,395,0,67,180,202,240,319,0,90,114,96,88,76
20223,R,전통시장,3130212,공항시장,8,6,2,0,1,0,3,2,2,0,1,0,3,0,2,0,0,0,0,2,0
20223,A,골목상권,3110640,방화역 1번,1019,638,381,3,139,292,240,195,150,3,62,119,167,158,129,0,77,173,73,37,21
20223,A,골목상권,3110655,발산역 5번,589,356,233,0,97,156,148,113,75,0,29,94,98,77,58,0,68,62,50,36,17
20223,D,발달상권,3120126,디지털단지오거리,135,86,49,0,11,30,48,26,20,0,2,16,38,15,15,0,9,14,10,11,5
20223,A,골목상권,3110692,큰굴다리,233,148,85,0,12,52,54,66,49,0,7,19,35,49,38,0,5,33,19,17,11
20223,A,골목상권,3110695,개봉1동주민센터,537,312,225,1,56,150,140,121,69,1,31,97,72,64,47,0,25,53,68,57,22
20223,R,전통시장,3130226,고척프라자,2,2,0,0,1,1,0,0,0,0,1,1,0,0,0,0,0,0,0,0,0
20223,A,골목상권,3110714,구로4동주민센터,261,149,112,0,32,43,54,76,56,0,7,18,31,50,43,0,25,25,23,26,13
20223,A,골목상권,3110708,화원어린이공원,71,33,38,0,10,12,15,24,10,0,3,4,7,10,9,0,7,8,8,14,1
20223,A,골목상권,3110715,구로구민회관,84,59,25,0,12,13,29,23,7,0,5,10,19,19,6,0,7,3,10,4,1
20223,A,골목상권,3110713,구로보건소,2668,1817,851,5,474,650,706,533,300,3,323,472,514,332,173,2,151,178,192,201,127
20223,A,골목상권,3110718,한국SGI본부,1614,1061,553,3,308,462,397,336,108,3,167,313,292,220,66,0,141,149,105,116,42
20223,A,골목상권,3110707,구로창업지원센터,1045,760,285,4,141,266,246,253,135,3,78,195,185,186,113,1,63,71,61,67,22
20223,D,발달상권,3120123,오류동역,2120,1645,475,1,313,413,505,594,294,0,276,331,389,425,224,1,37,82,116,169,70
20223,A,골목상권,3110726,금천철쭉어린이공원(금하마을),222,172,50,0,19,25,41,62,75,0,17,16,22,45,72,0,2,9,19,17,3
20223,A,골목상권,3110727,독산역 1번 출입구,659,514,145,4,72,152,169,191,71,4,48,118,128,165,51,0,24,34,41,26,20
20223,A,골목상권,3110738,문성초등학교,249,125,124,0,17,27,65,90,50,0,12,14,34,40,25,0,5,13,31,50,25
20223,A,골목상권,3110744,독산동성당,486,292,194,0,31,86,125,152,92,0,22,53,69,89,59,0,9,33,56,63,33
20223,R,전통시장,3130232,독산동 맛나는거리상점가(독산동 맛나는거리),33,24,9,0,3,12,5,10,3,0,2,9,4,6,3,0,1,3,1,4,0
20223,D,발달상권,3120133,서울시흥동우체국(홈플러스시흥점),154,66,88,1,16,23,31,43,40,1,7,11,15,12,20,0,9,12,16,31,20
20223,A,골목상권,3110734,금천파출소,92,47,45,0,7,11,21,29,24,0,3,5,14,13,12,0,4,6,7,16,12
20223,R,전통시장,3130236,비단길현대시장(현대시장),139,42,97,0,13,23,49,40,14,0,4,3,12,17,6,0,9,20,37,23,8
20223,A,골목상권,3110747,석수역 1번 출입구,813,612,201,0,46,81,166,224,296,0,27,52,102,165,266,0,19,29,64,59,30
20223,A,골목상권,3110754,삼성산자연공원(서울금천초등학교),202,76,126,1,21,41,48,41,50,0,6,18,29,10,13,1,15,23,19,31,37
20223,D,발달상권,3120138,당산2동(영등포우체국),2754,1653,1101,23,745,579,479,488,440,15,395,347,312,309,275,8,350,232,167,179,165
20223,A,골목상권,3110781,대림한신아파트,182,112,70,0,23,29,51,38,41,0,8,16,34,23,31,0,15,13,17,15,10
20223,A,골목상권,3110776,도신초등학교,168,106,62,0,12,20,48,63,25,0,11,10,35,34,16,0,1,10,13,29,9
20223,A,골목상권,3110792,영등포역 2번,3343,1737,1606,28,554,856,830,851,224,11,223,385,459,526,133,17,331,471,371,325,91
20223,D,발달상권,3120137,문래역(문래로데오거리),50,21,29,2,11,8,13,12,4,0,4,1,7,7,2,2,7,7,6,5,2
20223,A,골목상권,3110812,신길6동주민센터,363,245,118,0,69,115,106,50,23,0,34,78,85,29,19,0,35,37,21,21,4
20223,A,골목상권,3110798,신풍역 2번,53,20,33,0,2,13,14,13,11,0,0,3,3,6,8,0,2,10,11,7,3
20223,A,골목상권,3110811,보라매역 4번,187,94,93,0,22,41,49,52,23,0,8,22,18,27,19,0,14,19,31,25,4
20223,A,골목상권,3110756,문래중학교,275,179,96,0,48,79,78,35,35,0,21,58,52,21,27,0,27,21,26,14,8
20223,R,전통시장,3130257,영등포시장기계공구상가,158,116,42,0,11,26,33,47,41,0,7,16,22,37,34,0,4,10,11,10,7
20223,A,골목상권,3110800,영등포동성당,227,153,74,0,26,34,61,66,40,0,13,22,37,46,35,0,13,12,24,20,5
20223,A,골목상권,3110806,서울시립영등포장애인복지관,76,42,34,0,18,30,13,13,2,0,5,16,9,11,1,0,13,14,4,2,1
20223,A,골목상권,3110820,성남고등학교,3101,2470,631,1,651,742,555,991,161,0,438,581,448,879,124,1,213,161,107,112,37
20223,D,발달상권,3120156,"총신대입구역(이수, 총신대)",3366,1461,1905,14,640,802,748,644,518,7,213,337,380,258,266,7,427,465,368,386,252
20223,A,골목상권,3110839,숭실대입구역 4번,187,67,120,0,10,51,57,46,23,0,2,14,22,11,18,0,8,37,35,35,5
20223,A,골목상권,3110833,상도역 2번,255,163,92,2,20,61,74,74,24,0,17,49,47,34,16,2,3,12,27,40,8
20223,A,골목상권,3110819,신대방역 4번,456,226,230,0,62,93,114,73,114,0,14,33,50,48,81,0,48,60,64,25,33
20223,A,골목상권,3110876,서원동주민센터(신관중학교),49,29,20,0,5,9,16,9,10,0,2,4,10,4,9,0,3,5,6,5,1
20223,R,전통시장,3130284,관악종합시장(신원시장),17,10,7,0,0,1,3,10,3,0,0,1,1,6,2,0,0,0,2,4,1
20223,A,골목상권,3110889,봉천역 6번,376,317,59,0,29,36,69,136,106,0,18,20,47,130,102,0,11,16,22,6,4
20223,A,골목상권,3110901,인헌고등학교(인헌중학교),245,143,102,3,39,58,73,51,21,3,21,35,38,30,16,0,18,23,35,21,5
20223,R,전통시장,3130275,강남골목시장,164,121,43,0,17,38,46,34,29,0,15,32,30,23,21,0,2,6,16,11,8
20223,D,발달상권,3120185,논현역,12723,7377,5346,29,2723,4108,3218,1875,770,10,1037,2421,2225,1194,490,19,1686,1687,993,681,280
20223,A,골목상권,3110908,구반포역,1517,376,1141,0,66,110,396,804,141,0,42,53,71,141,69,0,24,57,325,663,72
20223,A,골목상권,3110916,내방역 4번,1152,592,560,9,216,272,301,208,146,6,58,167,187,91,83,3,158,105,114,117,63
20223,A,골목상권,3110914,내방역 6번,146,116,30,0,26,31,37,26,26,0,17,26,26,24,23,0,9,5,11,2,3
20223,A,골목상권,3110919,내방역 8번,1289,936,353,3,122,279,365,332,188,1,51,165,297,279,143,2,71,114,68,53,45
20223,D,발달상권,3120179,양재역,20226,15999,4227,55,2836,6941,4949,3795,1650,32,1949,5811,4124,2895,1188,23,887,1130,825,900,462
20223,A,골목상권,3110981,국악고교사거리,361,216,145,2,57,77,110,81,34,0,27,36,72,56,25,2,30,41,38,25,9
20223,D,발달상권,3120191,학동역,13888,8123,5765,40,2898,3769,2969,1869,2343,17,1128,2152,2012,1134,1680,23,1770,1617,957,735,663
20223,A,골목상권,3110952,논현목련공원,117,65,52,0,21,23,27,22,24,0,9,13,13,14,16,0,12,10,14,8,8
20223,A,골목상권,3110953,학동근린공원,2487,1583,904,15,679,891,571,218,113,0,336,572,409,180,86,15,343,319,162,38,27
20223,A,골목상권,3110968,강남구청역 2번,1023,596,427,7,327,204,133,121,231,4,177,117,81,68,149,3,150,87,52,53,82
20223,D,발달상권,3120203,강남구청역,7726,4602,3124,27,1589,2070,1890,1381,769,8,650,1218,1293,882,551,19,939,852,597,499,218
20223,A,골목상권,3110966,논현2동주민센터,1634,1016,618,18,470,498,299,216,133,7,256,298,200,146,109,11,214,200,99,70,24
20223,A,골목상권,3110996,대치2동주민센터,1940,1218,722,2,81,274,345,337,901,0,47,206,276,245,444,2,34,68,69,92,457
20223,A,골목상권,3110982,강남구보훈회관,166,74,92,0,31,34,41,41,19,0,7,13,25,14,15,0,24,21,16,27,4
20223,A,골목상권,3111002,한국교통안전공단 강남자동차검사소,317,115,202,0,22,63,65,96,71,0,7,31,21,26,30,0,15,32,44,70,41
20223,A,골목상권,3110973,강남구청역 4번,1448,784,664,4,275,332,289,269,279,1,146,203,162,128,144,3,129,129,127,141,135
20223,A,골목상권,3110987,영동대교남단,410,201,209,1,80,64,74,101,90,1,40,36,31,40,53,0,40,28,43,61,37
20223,A,골목상권,3111022,석촌중학교(방이육교),686,344,342,1,59,145,176,222,83,0,37,95,98,70,44,1,22,50,78,152,39
20223,A,골목상권,3111041,거여역 8번,411,336,75,1,102,118,81,62,47,1,84,93,67,50,41,0,18,25,14,12,6
20223,D,발달상권,3120236,장지역(가든파이브),4622,3221,1401,15,678,1056,1076,989,808,10,373,711,778,710,639,5,305,345,298,279,169
20223,A,골목상권,3111014,송파나루역 2번,521,273,248,1,42,75,119,190,94,0,21,42,67,83,60,1,21,33,52,107,34
20223,A,골목상권,3111031,장지동주민센터(한림연예예술고교),3127,2317,810,8,263,415,651,857,933,2,170,330,497,648,670,6,93,85,154,209,263
20223,R,전통시장,3130314,풍납시장,203,100,103,1,24,42,50,61,25,1,15,27,22,19,16,0,9,15,28,42,9
20223,D,발달상권,3120242,강동구청역,4533,2940,1593,33,536,1064,1057,894,949,13,287,678,696,560,706,20,249,386,361,334,243
20223,A,골목상권,3111084,길동신동아아파트,169,104,65,2,27,32,37,58,13,2,21,23,24,25,9,0,6,9,13,33,4
20223,A,골목상권,3111073,둔촌동역 1번(한산중학교),973,578,395,1,134,224,250,206,158,1,58,122,160,124,113,0,76,102,90,82,45
20223,D,발달상권,3120248,명일역,859,331,528,4,114,141,223,203,174,2,41,59,84,68,77,2,73,82,139,135,97
20223,D,발달상권,3120249,고덕역,1359,916,443,3,172,305,337,317,225,1,75,198,249,221,172,2,97,107,88,96,53
20223,R,전통시장,3130319,성내전통시장,47,31,16,0,3,8,14,10,12,0,3,4,9,7,8,0,0,4,5,3,4
20223,A,골목상권,3111072,굽은다리역 1번(십자성마을),747,473,274,1,59,119,201,187,180,0,20,70,116,127,140,1,39,49,85,60,40
20223,R,전통시장,3130322,고분다리전통시장,7,4,3,0,0,0,2,4,1,0,0,0,1,2,1,0,0,0,1,2,0
20223,A,골목상권,3110017,정독도서관,650,322,328,0,133,273,152,58,34,0,26,130,93,43,30,0,107,143,59,15,4
20223,D,발달상권,3120001,서대문역,1510,1022,488,1,265,530,359,278,77,1,106,344,272,237,62,0,159,186,87,41,15
20223,A,골목상권,3110004,대신고등학교,32,14,18,0,3,4,8,14,3,0,1,0,3,8,2,0,2,4,5,6,1
20223,A,골목상권,3110002,독립문역 1번,475,121,354,1,146,140,118,44,26,1,25,25,41,14,15,0,121,115,77,30,11
20223,D,발달상권,3120062,신설동역,12648,5435,7213,13,1214,2604,3451,3483,1883,2,444,1433,1624,1125,807,11,770,1171,1827,2358,1076
20223,A,골목상권,3110025,충신시장옆,213,129,84,2,17,46,63,56,29,0,6,23,43,33,24,2,11,23,20,23,5
20223,D,발달상권,3120011,종로4가,2984,1666,1318,5,420,1022,880,515,142,0,165,497,518,378,108,5,255,525,362,137,34
20223,D,발달상권,3120008,인사동,22070,13019,9051,1263,7895,5069,3940,2756,1147,589,4005,3077,2666,2006,676,674,3890,1992,1274,750,471
20223,R,전통시장,3130012,"동대문종합시장(동대문종합시장 신관, 동대문종합시장D동상가)",1319,965,354,2,156,325,348,339,149,0,116,251,238,247,113,2,40,74,110,92,36
20223,A,골목상권,3110026,종로5가역 4번,190,120,70,0,22,41,73,27,27,0,9,28,47,14,22,0,13,13,26,13,5
20223,R,전통시장,3130014,동문시장,17,8,9,0,0,6,4,4,3,0,0,2,1,3,2,0,0,4,3,1,1
20223,R,전통시장,3130015,창신골목시장,22,12,10,0,0,2,8,9,3,0,0,2,6,2,2,0,0,0,2,7,1
20223,A,골목상권,3110031,창신역 1번,72,57,15,0,11,17,12,21,11,0,8,11,11,17,10,0,3,6,1,4,1
20223,A,골목상권,3110016,평창동동측,2303,1051,1252,9,318,614,663,433,266,4,126,304,354,163,100,5,192,310,309,270,166
20223,A,골목상권,3110020,서울국제고등학교,593,291,302,1,141,279,101,49,22,1,41,139,70,26,14,0,100,140,31,23,8
20223,A,골목상권,3110048,장충동주민센터,5315,2706,2609,21,867,1339,1513,1367,208,5,338,768,756,707,132,16,529,571,757,660,76
20223,A,골목상권,3110046,버티고개,104,74,30,0,6,23,40,28,7,0,3,17,28,20,6,0,3,6,12,8,1
20223,A,골목상권,3110047,다산성곽길,160,89,71,0,36,43,36,27,18,0,23,29,21,7,9,0,13,14,15,20,9
20223,R,전통시장,3130051,동화동 골목형상점가,391,156,235,1,82,94,98,66,50,1,18,25,43,36,33,0,64,69,55,30,17
20223,R,전통시장,3130053,백학시장,160,69,91,0,22,24,46,37,31,0,8,8,20,15,18,0,14,16,26,22,13
20223,A,골목상권,3110110,상왕십리역 6번,87,54,33,1,12,16,24,18,16,1,7,11,13,10,12,0,5,5,11,8,4
20223,R,전통시장,3130042,약수시장,158,67,91,2,36,30,40,21,29,2,9,9,19,8,20,0,27,21,21,13,9
20223,A,골목상권,3110591,충정로역 6번,87,48,39,0,15,19,21,28,4,0,9,9,11,16,3,0,6,10,10,12,1
20223,R,전통시장,3130062,보광시장,39,16,23,0,1,7,11,15,5,0,0,3,4,6,3,0,1,4,7,9,2
20223,A,골목상권,3110086,이태원역 북측,9244,3609,5635,12,3187,3891,1654,428,72,3,733,1558,905,355,55,9,2454,2333,749,73,17
20223,A,골목상권,3110085,경리단길남측,532,260,272,4,98,163,148,67,52,2,40,59,78,41,40,2,58,104,70,26,12
20223,A,골목상권,3110066,서울역 15번,748,467,281,6,152,227,156,125,82,3,81,151,104,66,62,3,71,76,52,59,20
20223,A,골목상권,3110105,금동어린이공원,38,17,21,0,1,7,11,10,9,0,0,2,3,6,6,0,1,5,8,4,3
20223,A,골목상권,3110116,청계천박물관,4825,3644,1181,29,323,769,1077,1762,865,26,206,565,875,1315,657,3,117,204,202,447,208
20223,A,골목상권,3110128,성원중학교,911,573,338,1,98,165,255,266,126,1,53,94,157,170,98,0,45,71,98,96,28
20223,A,골목상권,3110120,서울숲카페거리,79,49,30,0,8,12,35,18,6,0,3,8,23,10,5,0,5,4,12,8,1
20223,A,골목상권,3110124,뚝섬역교차로,1253,1006,247,7,170,155,222,312,387,6,94,111,169,268,358,1,76,44,53,44,29
20223,A,골목상권,3110129,성원어린이공원,640,405,235,1,65,118,131,180,145,0,35,70,86,107,107,1,30,48,45,73,38
20223,A,골목상권,3110132,성수2가3동주민센터,786,521,265,0,97,182,220,197,90,0,67,133,145,108,68,0,30,49,75,89,22
20223,A,골목상권,3110111,대현산장미원,51,40,11,0,6,7,6,17,15,0,6,4,4,13,13,0,0,3,2,4,2
20223,A,골목상권,3110166,구의1동주민센터,552,292,260,1,70,121,177,115,68,1,20,59,99,60,53,0,50,62,78,55,15
20223,A,골목상권,3110160,광진경찰서,819,680,139,0,149,322,180,157,11,0,110,261,150,149,10,0,39,61,30,8,1
20223,D,발달상권,3120054,어린이대공원역,1196,805,391,0,61,141,304,441,249,0,17,79,201,322,186,0,44,62,103,119,63
20223,A,골목상권,3110145,장안초등학교,7,4,3,0,0,1,2,3,1,0,0,0,1,3,0,0,0,1,1,0,1
20223,D,발달상권,3120055,군자역,4255,2030,2225,33,1138,780,911,991,402,23,548,430,436,330,263,10,590,350,475,661,139
20223,A,골목상권,3110164,아차산역 5번,731,494,237,3,111,126,143,164,184,0,61,77,101,112,143,3,50,49,42,52,41
20223,R,전통시장,3130076,능동로골목시장,93,70,23,0,2,11,16,17,47,0,1,4,14,11,40,0,1,7,2,6,7
20223,A,골목상권,3110158,중곡3동주민센터,715,518,197,1,113,210,184,138,69,0,73,168,123,104,50,1,40,42,61,34,19
20223,R,전통시장,3130100,답십리시장,93,40,53,2,19,25,23,11,13,2,4,9,11,6,8,0,15,16,12,5,5
20223,A,골목상권,3110227,답십리공원,229,93,136,0,16,30,77,84,22,0,13,16,27,23,14,0,3,14,50,61,8
20223,A,골목상권,3110181,신설동역 9번,1864,1212,652,12,209,232,286,440,685,12,150,162,188,282,418,0,59,70,98,158,267
20223,A,골목상권,3110192,동의보감타워,70,45,25,0,7,10,25,16,12,0,2,6,17,10,10,0,5,4,8,6,2
20223,R,전통시장,3130085,용두시장,4,2,2,0,0,0,1,2,1,0,0,0,0,1,1,0,0,0,1,1,0
20223,A,골목상권,3110182,용두희망어린이공원,370,249,121,0,38,71,108,87,66,0,20,47,67,64,51,0,18,24,41,23,15
20223,A,골목상권,3110223,군자초등학교,94,56,38,0,13,17,26,24,14,0,4,10,17,15,10,0,9,7,9,9,4
20223,A,골목상권,3110191,고려대역 6번,48,41,7,0,1,12,14,9,12,0,1,10,11,8,11,0,0,2,3,1,1
20223,A,골목상권,3110193,고려대역 4번,48,37,11,0,5,11,11,10,11,0,3,5,10,10,9,0,2,6,1,0,2
20223,A,골목상권,3110208,시조사삼거리,75,56,19,0,2,14,7,17,35,0,1,7,2,11,35,0,1,7,5,6,0
20223,R,전통시장,3130103,이경시장,16,8,8,0,0,1,2,2,11,0,0,1,1,1,5,0,0,0,1,1,6
20223,A,골목상권,3110270,혜원여고,168,148,20,0,4,5,7,70,82,0,4,3,6,59,76,0,0,2,1,11,6
20223,A,골목상권,3110274,서일대학교,523,360,163,0,46,59,135,146,137,0,8,37,89,115,111,0,38,22,46,31,26
20223,A,골목상권,3110277,러스크서울병원,145,78,67,0,12,30,29,43,31,0,4,13,16,23,22,0,8,17,13,20,9
20223,D,발달상권,3120068,사가정역,145,45,100,3,38,31,25,22,26,0,1,5,12,12,15,3,37,26,13,10,11
20223,A,골목상권,3110253,중곡초등학교,181,106,75,0,31,31,44,49,26,0,10,17,23,35,21,0,21,14,21,14,5
20223,A,골목상권,3110249,중화역 1번,764,479,285,0,68,129,205,203,159,0,31,61,105,139,143,0,37,68,100,64,16
20223,A,골목상권,3110250,화랑대역 7번,111,69,42,0,7,20,32,34,18,0,5,12,15,23,14,0,2,8,17,11,4
20223,R,전통시장,3130116,동성타워프라자,31,22,9,0,2,9,7,8,5,0,2,4,4,7,5,0,0,5,3,1,0
20223,A,골목상권,3110235,세화어린이공원,17,12,5,0,6,3,1,5,2,0,5,1,1,3,2,0,1,2,0,2,0
20223,A,골목상권,3110306,미아초등학교,317,218,99,2,13,50,81,77,94,0,3,29,53,50,83,2,10,21,28,27,11
20223,A,골목상권,3110304,보문역 4번,248,146,102,0,40,77,61,48,22,0,10,46,35,37,18,0,30,31,26,11,4
20223,A,골목상권,3110291,한성대입구역 3번,342,172,170,2,27,49,94,91,79,0,14,24,49,51,34,2,13,25,45,40,45
20223,A,골목상권,3110336,석관고등학교,94,84,10,0,3,17,16,37,21,0,3,15,13,34,19,0,0,2,3,3,2
20223,A,골목상권,3110335,석계역 7번,249,172,77,1,19,32,66,64,67,0,13,18,34,45,62,1,6,14,32,19,5
20223,A,골목상권,3110327,상월곡역 2번,118,60,58,0,8,17,42,31,20,0,3,8,24,14,11,0,5,9,18,17,9
20223,A,골목상권,3110330,돌곶이역 1번,220,172,48,0,12,18,33,31,126,0,4,12,20,23,113,0,8,6,13,8,13
20223,A,골목상권,3110332,돌곶이역 3번,164,63,101,0,28,29,42,47,18,0,6,18,19,14,6,0,22,11,23,33,12
20223,A,골목상권,3110347,구세군강북종합사회복지관,38,17,21,0,10,7,5,9,7,0,1,5,1,5,5,0,9,2,4,4,2
20223,R,전통시장,3130137,"수유전통시장(수유시장, 수유골목시장)",86,29,57,0,5,10,18,25,28,0,0,3,8,7,11,0,5,7,10,18,17
20223,A,골목상권,3110344,화계중학교,12,10,2,0,7,1,1,2,1,0,5,1,1,2,1,0,2,0,0,0,0
20223,A,골목상권,3110353,수유동우체국,187,91,96,0,4,18,48,60,57,0,1,12,33,27,18,0,3,6,15,33,39
20223,A,골목상권,3110337,아카데미하우스,512,368,144,6,70,69,94,159,114,6,43,58,60,98,103,0,27,11,34,61,11
20223,A,골목상권,3110397,도봉산입구,469,257,212,0,31,56,101,131,150,0,6,34,39,73,105,0,25,22,62,58,45
20223,A,골목상권,3110406,도봉산역 1번,634,573,61,0,10,29,139,292,164,0,3,17,126,276,151,0,7,12,13,16,13
20223,A,골목상권,3110387,쌍문초등학교,307,169,138,0,37,47,91,75,57,0,13,24,49,39,44,0,24,23,42,36,13
20223,A,골목상권,3110389,한일병원,209,120,89,0,23,37,57,53,39,0,10,19,35,30,26,0,13,18,22,23,13
20223,D,발달상권,3120079,창동역,1326,796,530,0,151,232,320,304,319,0,54,108,172,195,267,0,97,124,148,109,52
20223,A,골목상권,3110435,서울과학기술대,73,40,33,0,5,12,18,25,13,0,3,4,8,14,11,0,2,8,10,11,2
20223,A,골목상권,3110415,수락산역 4번,635,386,249,5,82,110,155,174,109,5,46,71,85,110,69,0,36,39,70,64,40
20223,A,골목상권,3110436,상계제일중학교,93,60,33,0,15,21,33,20,4,0,5,13,23,15,4,0,10,8,10,5,0
20223,A,골목상권,3110432,대진고등학교,894,734,160,0,55,146,248,343,102,0,27,96,214,311,86,0,28,50,34,32,16
20223,A,골목상권,3110483,연천초등학교,119,74,45,0,11,16,34,17,41,0,3,9,26,10,26,0,8,7,8,7,15
20223,A,골목상권,3110491,불광중학교,43,14,29,0,3,5,13,9,13,0,1,1,5,3,4,0,2,4,8,6,9
20223,D,발달상권,3120087,응암역,425,258,167,0,45,82,110,105,83,0,17,49,75,59,58,0,28,33,35,46,25
20223,A,골목상권,3110452,새절역 3번,373,317,56,1,10,36,63,123,140,1,7,25,47,107,130,0,3,11,16,16,10
20223,A,골목상권,3110471,응암동우체국,263,117,146,0,34,61,73,70,25,0,11,21,28,35,22,0,23,40,45,35,3
20223,A,골목상권,3110469,응암정보도서관,344,188,156,1,38,58,104,104,39,0,11,29,61,57,30,1,27,29,43,47,9
20223,R,전통시장,3130172,모래내시장(서중시장),19,8,11,0,1,4,5,6,3,0,0,1,2,4,1,0,1,3,3,2,2
20223,A,골목상권,3110497,가좌역 3번,325,253,72,0,17,43,89,123,53,0,3,17,75,115,43,0,14,26,14,8,10
20223,A,골목상권,3110500,남가좌동현대아파트,74,54,20,0,12,13,23,22,4,0,8,9,17,17,3,0,4,4,6,5,1
20223,A,골목상권,3110494,증산3교남측,31,24,7,0,1,8,7,9,6,0,0,7,5,7,5,0,1,1,2,2,1
20223,A,골목상권,3110530,아현역 1번,36,20,16,0,5,5,7,15,4,0,2,5,4,6,3,0,3,0,3,9,1
20223,A,골목상권,3110509,연희대우아파트앞,391,210,181,0,39,105,101,88,58,0,13,52,51,53,41,0,26,53,50,35,17
20223,A,골목상권,3110524,연희세브란스병원,51,23,28,0,10,13,15,8,5,0,5,6,6,3,3,0,5,7,9,5,2
20223,A,골목상권,3110501,연희어린이공원,214,82,132,0,12,33,40,75,54,0,3,20,15,18,26,0,9,13,25,57,28
20223,R,전통시장,3130182,영천시장,78,35,43,0,13,8,24,22,11,0,3,4,10,12,6,0,10,4,14,10,5
20223,A,골목상권,3110539,미근동,2792,1821,971,13,225,688,889,822,155,9,167,550,547,424,124,4,58,138,342,398,31
20223,A,골목상권,3110519,서대문구보건소별관,341,156,185,0,42,73,79,94,53,0,14,33,44,37,28,0,28,40,35,57,25
20223,R,전통시장,3130197,마포시장,15,5,10,0,0,1,5,4,5,0,0,1,0,2,2,0,0,0,5,2,3
20223,A,골목상권,3110576,대흥역 3번,1605,1112,493,71,503,480,308,163,80,27,310,365,253,111,46,44,193,115,55,52,34
20223,A,골목상권,3110573,신촌역 6번,28,10,18,0,7,3,6,6,6,0,2,0,3,1,4,0,5,3,3,5,2
20223,A,골목상권,3110563,상수역 3번,309,246,63,11,75,122,61,17,23,9,60,95,50,13,19,2,15,27,11,4,4
20223,D,발달상권,3120105,상수역(홍대),524,273,251,4,126,153,122,71,48,2,51,74,70,42,34,2,75,79,52,29,14
20223,D,발달상권,3120101,합정역,1932,1048,884,2,302,520,515,399,194,2,89,236,312,266,143,0,213,284,203,133,51
20223,R,전통시장,3130189,서교시장,24,10,14,0,2,1,7,6,8,0,0,1,2,3,4,0,2,0,5,3,4
20223,D,발달상권,3120104,연남동(홍대),5955,3176,2779,20,1117,1491,1289,1103,935,12,428,824,772,620,520,8,689,667,517,483,415
20223,A,골목상권,3110564,홍대입구역 3번,471,211,260,0,54,125,161,78,53,0,19,47,103,22,20,0,35,78,58,56,33
20223,A,골목상권,3110621,목동역 5번,163,78,85,0,19,44,33,45,22,0,1,21,19,23,14,0,18,23,14,22,8
20223,R,전통시장,3130208,목동깨비시장(목3동시장),148,67,81,0,13,20,55,37,23,0,7,6,18,19,17,0,6,14,37,18,6
20223,R,전통시장,3130209,목사랑시장(목4동시장),113,62,51,0,7,15,23,43,25,0,2,13,10,20,17,0,5,2,13,23,8
20223,A,골목상권,3110592,서울금융고등학교,431,337,94,0,18,34,71,147,161,0,9,13,44,124,147,0,9,21,27,23,14
20223,A,골목상권,3110604,신월4동주민센터,635,526,109,0,13,50,120,232,220,0,6,29,87,191,213,0,7,21,33,41,7
20223,A,골목상권,3110595,메디힐병원,731,459,272,0,80,148,163,185,155,0,34,85,86,136,118,0,46,63,77,49,37
20223,A,골목상권,3110603,지향초등학교,187,104,83,0,12,54,55,38,28,0,5,28,33,19,19,0,7,26,22,19,9
20223,R,전통시장,3130207,신정1동 골목시장(신정제일시장),38,21,17,0,8,9,10,7,4,0,3,5,6,4,3,0,5,4,4,3,1
20223,A,골목상권,3110625,신정2동주민센터,726,454,272,2,98,196,215,155,60,0,51,124,146,94,39,2,47,72,69,61,21
20223,R,전통시장,3130211,신정2동 골목시장(오목교중앙시장),15,10,5,0,1,1,5,7,1,0,1,1,3,4,1,0,0,0,2,3,0
20223,A,골목상권,3110694,세곡초등학교,438,243,195,2,55,148,88,96,49,0,24,75,49,59,36,2,31,73,39,37,13
20223,A,골목상권,3110614,목동로데오거리,596,292,304,0,69,85,114,216,112,0,42,44,58,103,45,0,27,41,56,113,67
20223,D,발달상권,3120119,발산역(마곡),1427,686,741,2,184,339,416,350,136,1,54,148,211,174,98,1,130,191,205,176,38
20223,A,골목상권,3110643,강서구다솔마을,653,413,240,1,97,165,199,139,52,0,47,101,136,93,36,1,50,64,63,46,16
20223,A,골목상권,3110667,가양역 10번,177,126,51,0,33,32,56,36,20,0,21,20,38,29,18,0,12,12,18,7,2
20223,A,골목상권,3110639,신방화역 8번,534,376,158,1,76,67,89,155,146,1,18,26,52,140,139,0,58,41,37,15,7
20223,A,골목상권,3110641,공항고등학교,345,236,109,2,46,95,100,79,23,1,30,72,61,52,20,1,16,23,39,27,3
20223,A,골목상권,3110633,개화산역 1번,28,14,14,0,0,6,10,7,5,0,0,1,5,3,5,0,0,5,5,4,0
20223,A,골목상권,3110642,정곡초등학교,193,163,30,2,8,14,35,69,65,1,4,10,30,58,60,1,4,4,5,11,5
20223,A,골목상권,3110678,염창무학아파트,285,214,71,1,34,65,92,60,33,1,17,53,72,47,24,0,17,12,20,13,9
20223,A,골목상권,3110653,화곡역 2번,917,494,423,1,191,273,240,171,41,0,79,137,119,135,24,1,112,136,121,36,17
20223,R,전통시장,3130216,화곡중앙시장,75,32,43,0,4,11,21,22,17,0,2,2,9,8,11,0,2,9,12,14,6
20223,R,전통시장,3130215,대원종합시장,9,7,2,0,0,1,0,3,5,0,0,1,0,2,4,0,0,0,0,1,1
20223,A,골목상권,3110661,강서새말어린이공원,126,48,78,0,3,13,30,38,42,0,2,8,10,9,19,0,1,5,20,29,23
20223,A,골목상권,3110664,강서구청옆,111,48,63,0,14,10,31,43,13,0,11,7,10,9,11,0,3,3,21,34,2
20223,A,골목상권,3110663,우장산롯데캐슬아파트앞,279,217,62,0,6,19,48,106,100,0,3,13,26,82,93,0,3,6,22,24,7
20223,R,전통시장,3130219,까치산시장,114,35,79,0,16,17,35,29,17,0,4,6,8,9,8,0,12,11,27,20,9
20223,A,골목상권,3110710,남구로역 3번,606,370,236,3,83,96,105,121,198,3,46,63,63,68,127,0,37,33,42,53,71
20223,R,전통시장,3130223,고척근린시장,42,12,30,0,2,10,12,14,4,0,0,1,1,7,3,0,2,9,11,7,1
20223,R,전통시장,3130224,개봉프라자(고척근린시장),5,4,1,0,0,0,1,2,2,0,0,0,1,1,2,0,0,0,0,1,0
20223,D,발달상권,3120130,구로디지털단지역,1136,620,516,1,169,376,236,212,142,0,59,208,125,125,103,1,110,168,111,87,39
20223,A,골목상권,3110683,오류고등학교,75,46,29,0,12,15,23,18,7,0,9,8,14,8,7,0,3,7,9,10,0
20223,R,전통시장,3130222,오류시장,132,21,111,0,10,26,46,43,7,0,5,1,4,5,6,0,5,25,42,38,1
20223,A,골목상권,3110687,"천왕역 3번(오류2동주민센터, 서울오류남초등학교)",21,16,5,0,2,3,5,6,5,0,1,3,4,4,4,0,1,0,1,2,1
20223,D,발달상권,3120131,가산디지털단지,81127,53423,27704,289,16342,25688,20130,11589,7089,184,8639,17233,14526,7698,5143,105,7703,8455,5604,3891,1946
20223,A,골목상권,3110740,금천해태공원,646,280,366,1,135,134,136,170,70,1,47,54,56,71,51,0,88,80,80,99,19
20223,A,골목상권,3110733,금천어울림복지센터,374,293,81,3,34,89,74,90,84,3,22,67,59,66,76,0,12,22,15,24,8
20223,A,골목상권,3110739,시흥3동 우편취급국,99,77,22,0,4,22,30,27,16,0,1,16,26,21,13,0,3,6,4,6,3
20223,R,전통시장,3130246,영등포청과시장(조광시장),237,126,111,0,24,33,47,77,56,0,9,11,28,39,39,0,15,22,19,38,17
20223,D,발달상권,3120136,영등포구청역,6456,3190,3266,20,1167,1451,1361,1429,1028,12,562,814,730,580,492,8,605,637,631,849,536
20223,A,골목상권,3110794,영동초등학교,622,482,140,0,72,112,182,170,86,0,37,84,150,136,75,0,35,28,32,34,11
20223,A,골목상권,3110775,대동초등학교,59,28,31,0,4,13,20,14,8,0,1,6,6,9,6,0,3,7,14,5,2
20223,D,발달상권,3120140,문래동주민센터,6184,3312,2872,22,1447,1843,1639,925,308,11,558,994,994,525,230,11,889,849,645,400,78
20223,A,골목상권,3110814,서울지방병무청,673,364,309,1,51,117,155,236,113,1,23,79,97,104,60,0,28,38,58,132,53
20223,A,골목상권,3110802,신길동홍어거리,336,159,177,1,59,113,86,61,16,0,18,45,44,40,12,1,41,68,42,21,4
20223,A,골목상권,3110791,신풍역 3번,25,17,8,0,1,5,9,9,1,0,0,2,6,8,1,0,1,3,3,1,0
20223,R,전통시장,3130241,선유도역 골목형상점가,500,253,247,0,95,93,123,136,53,0,39,49,66,67,32,0,56,44,57,69,21
20223,A,골목상권,3110773,당산역 13번,161,127,34,0,24,40,31,22,44,0,20,33,19,18,37,0,4,7,12,4,7
20223,D,발달상권,3120145,영등포역(영등포),3856,1817,2039,22,673,1021,921,702,517,0,202,441,486,388,300,22,471,580,435,314,217
20223,A,골목상권,3110796,한림대학교한강성심병원,87,52,35,1,7,19,26,19,15,0,4,11,17,9,11,1,3,8,9,10,4
20223,R,전통시장,3130267,본동인정시장(기능상실),59,41,18,0,6,10,12,15,16,0,4,7,9,8,13,0,2,3,3,7,3
20223,D,발달상권,3120153,노량진역(노량진),3600,1756,1844,10,508,1172,906,675,329,2,185,464,433,450,222,8,323,708,473,225,107
20223,D,발달상권,3120160,사당역(사당),9153,4750,4403,14,1560,2594,2716,1534,735,4,617,1307,1324,997,501,10,943,1287,1392,537,234
20223,R,전통시장,3130274,사당1동먹자골목상점가(사당1동먹자골목),389,218,171,4,91,100,81,63,50,3,45,64,37,35,34,1,46,36,44,28,16
20223,A,골목상권,3110849,이수역 10번,220,130,90,1,37,52,58,40,32,0,12,33,34,25,26,1,25,19,24,15,6
20223,A,골목상권,3110845,사당종합체육관,101,50,51,0,8,17,35,26,15,0,5,8,19,9,9,0,3,9,16,17,6
20223,A,골목상권,3110846,남성역 1번,535,290,245,1,66,120,146,135,67,0,25,59,78,74,54,1,41,61,68,61,13
20223,A,골목상권,3110838,상도1동주민센터앞,131,122,9,0,3,32,30,35,31,0,3,27,27,35,30,0,0,5,3,0,1
20223,A,골목상권,3110826,장승배기역 4번,366,149,217,2,20,37,57,103,147,1,8,22,28,38,52,1,12,15,29,65,95
20223,A,골목상권,3110842,흑리단길,53,22,31,0,10,9,10,16,8,0,4,3,5,5,5,0,6,6,5,11,3
20223,A,골목상권,3110895,샤로수길,1796,1222,574,3,307,721,360,233,172,2,170,534,234,152,130,1,137,187,126,81,42
20223,A,골목상권,3110862,난곡초등학교(난곡동벽화마을),84,41,43,0,4,13,14,34,19,0,2,6,11,15,7,0,2,7,3,19,12
20223,A,골목상권,3110881,구립대학경로당(관악산샘말공원),1580,1288,292,1,317,450,449,266,97,1,225,374,391,229,68,0,92,76,58,37,29
20223,A,골목상권,3110868,남부초등학교,232,126,106,0,20,29,45,49,89,0,11,23,22,28,42,0,9,6,23,21,47
20223,A,골목상권,3110884,봉천역 4번(봉천110안전센터),372,284,88,1,17,30,61,98,165,0,1,8,49,84,142,1,16,22,12,14,23
20223,R,전통시장,3130277,조원동 펭귄시장(신림중앙시장),98,56,42,1,15,26,31,19,6,1,8,18,16,9,4,0,7,8,15,10,2
20223,R,전통시장,3130293,봉천중앙시장,154,42,112,0,17,13,29,46,49,0,5,7,14,14,2,0,12,6,15,32,47
20223,R,전통시장,3130290,영림시장,417,183,234,0,74,101,107,92,43,0,14,49,43,44,33,0,60,52,64,48,10
20223,A,골목상권,3110945,본마을노인복지센터(서초구립내곡도서관),191,114,77,3,44,57,37,33,17,3,14,31,25,28,13,0,30,26,12,5,4
20223,D,발달상권,3120176,논현역 4번,893,566,327,1,130,216,195,168,183,1,67,126,129,106,137,0,63,90,66,62,46
20223,A,골목상권,3110904,이수역 5번,835,468,367,4,167,217,239,139,69,1,90,125,135,59,58,3,77,92,104,80,11
20223,A,골목상권,3110911,방배배수지체육공원,29,22,7,0,6,3,7,5,8,0,6,2,4,4,6,0,0,1,3,1,2
20223,A,골목상권,3110923,방배역 1번,210,153,57,0,34,56,55,41,24,0,21,38,42,34,18,0,13,18,13,7,6
20223,D,발달상권,3120173,교대역(법원.검찰청),18222,10456,7766,74,3270,5403,4730,3072,1673,29,1419,3004,2846,1897,1261,45,1851,2399,1884,1175,412
20223,D,발달상권,3120189,강남역,72613,38819,33794,234,17636,24305,18411,9151,2876,59,6629,13226,10962,5914,2029,175,11007,11079,7449,3237,847
20223,D,발달상권,3120171,서초3동사거리,11750,6206,5544,15,1990,3845,2551,1862,1487,6,827,1746,1496,1064,1067,9,1163,2099,1055,798,420
20223,A,골목상권,3110925,서초중학교,874,497,377,0,104,137,244,222,167,0,38,65,146,132,116,0,66,72,98,90,51
20223,D,발달상권,3120181,교육개발원입구사거리,7278,4440,2838,316,2978,1563,1247,730,444,145,1506,983,939,536,331,171,1472,580,308,194,113
20223,A,골목상권,3110939,양재역 8번(양재동우체국),5949,4099,1850,23,970,1420,1461,1174,901,15,499,989,1053,799,744,8,471,431,408,375,157
20223,D,발달상권,3120182,"양재시민의숲역(양재동꽃시장, aT센터)",6231,4311,1920,34,1059,1675,1508,1267,688,14,546,1157,1111,930,553,20,513,518,397,337,135
20223,R,전통시장,3130310,강남개포시장,298,173,125,0,29,56,71,82,60,0,8,23,42,56,44,0,21,33,29,26,16
20223,A,골목상권,3110957,언북중학교,1251,831,420,1,262,379,317,147,145,1,146,241,215,109,119,0,116,138,102,38,26
20223,D,발달상권,3120217,대치사거리,2779,1478,1301,11,552,771,700,452,293,10,220,379,381,264,224,1,332,392,319,188,69
20223,A,골목상권,3110989,대치동아우편취급국,444,270,174,9,90,148,75,68,54,0,43,102,43,44,38,9,47,46,32,24,16
20223,A,골목상권,3110965,언주역 6번,1139,788,351,1,174,379,378,142,65,1,104,276,284,74,49,0,70,103,94,68,16
20223,D,발달상권,3120206,개나리아파트,5243,3354,1889,87,1658,1413,1080,655,350,27,866,955,775,456,275,60,792,458,305,199,75
20223,A,골목상권,3110976,언북초등학교,578,332,246,1,111,188,126,86,66,0,41,115,83,49,44,1,70,73,43,37,22
20223,A,골목상권,3111036,투구봉어린이공원,209,119,90,1,22,40,55,62,29,1,7,20,26,39,26,0,15,20,29,23,3
20223,R,전통시장,3130315,문정동 로데오거리 상점가(문정동 로데오거리),1382,812,570,6,315,293,263,252,253,3,118,169,166,146,210,3,197,124,97,106,43
20223,D,발달상권,3120234,가락시장역,10280,6234,4046,11,1351,2492,2151,1680,2595,3,587,1469,1440,929,1806,8,764,1023,711,751,789
20223,R,전통시장,3130317,마천중앙시장,107,77,30,0,15,35,24,17,16,0,11,24,12,14,16,0,4,11,12,3,0
20223,R,전통시장,3130316,마천시장,18,9,9,0,3,3,2,10,0,0,2,2,2,3,0,0,1,1,0,7,0
20223,D,발달상권,3120229,방이동먹자골목,7319,4732,2587,12,1062,2182,1915,1302,846,5,588,1347,1338,913,541,7,474,835,577,389,305
20223,D,발달상권,3120233,몽촌토성역,10419,5740,4679,28,1795,2730,2265,2158,1443,22,1125,1855,1199,788,751,6,670,875,1066,1370,692
20223,A,골목상권,3111009,송파책박물관,130,94,36,1,13,38,28,24,26,0,11,32,18,15,18,1,2,6,10,9,8
20223,D,발달상권,3120230,송파사거리(송파역),876,470,406,4,96,176,202,193,205,1,38,99,115,92,125,3,58,77,87,101,80
20223,A,골목상권,3111013,송파나루역 1번(송리단길),2234,1456,778,8,320,568,650,435,253,3,160,384,445,290,174,5,160,184,205,145,79
20223,A,골목상권,3111039,벌말어린이공원,485,353,132,8,85,125,121,94,52,8,51,89,88,72,45,0,34,36,33,22,7
20223,D,발달상권,3120247,굽은다리역,572,312,260,4,91,119,146,104,108,1,37,77,74,56,67,3,54,42,72,48,41
20223,R,전통시장,3130321,장신구 특화거리 상점가,433,269,164,0,92,114,88,92,47,0,43,72,56,61,37,0,49,42,32,31,10
20223,A,골목상권,3111058,성내중학교,451,317,134,0,51,92,129,121,58,0,37,63,90,82,45,0,14,29,39,39,13
20223,A,골목상권,3111055,선사초등학교,673,29,644,0,14,28,137,373,121,0,4,7,8,6,4,0,10,21,129,367,117
20223,A,골목상권,3111075,굽은다리역 2번,193,114,79,0,14,42,54,52,31,0,14,28,24,31,17,0,0,14,30,21,14
20223,A,골목상권,3111063,강동구립 천호도서관,368,182,186,0,25,44,81,85,133,0,5,15,21,30,111,0,20,29,60,55,22
20223,A,골목상권,3110009,자하문터널,930,456,474,0,207,326,226,121,50,0,91,162,105,63,35,0,116,164,121,58,15
20223,D,발달상권,3120003,광화문역,43873,26821,17052,79,6380,12841,13071,8035,3467,12,2643,7543,8935,5616,2072,67,3737,5298,4136,2419,1395
20223,A,골목상권,3110033,창신역 4번,166,89,77,0,26,42,35,40,23,0,6,22,17,25,19,0,20,20,18,15,4
20223,R,전통시장,3130021,신설종합시장,50,37,13,1,1,10,12,13,13,0,0,9,10,10,8,1,1,1,2,3,5
20223,A,골목상권,3110023,서울대병원,92,33,59,0,9,24,23,20,16,0,3,7,10,5,8,0,6,17,13,15,8
20223,D,발달상권,3120012,대학로(혜화역),2004,901,1103,7,350,585,490,309,263,2,103,201,243,166,186,5,247,384,247,143,77
20223,D,발달상권,3120009,종로3가역,8495,4786,3709,19,1355,2296,2026,1582,1217,8,563,1230,1198,953,834,11,792,1066,828,629,383
20223,R,전통시장,3130009,마전교지하쇼핑센터(구 한일상가),24,16,8,0,0,2,3,7,12,0,0,2,2,4,8,0,0,0,1,3,4
20223,A,골목상권,3110022,경신고등학교,506,385,121,11,133,157,117,54,34,10,99,119,89,42,26,1,34,38,28,12,8
20223,D,발달상권,3120034,중구청(퇴계로4가),1545,1050,495,7,108,228,400,440,362,5,48,129,262,327,279,2,60,99,138,113,83
20223,D,발달상권,3120022,북창동(시청역_6번),5197,3160,2037,24,1010,1611,1149,767,636,2,391,936,852,543,436,22,619,675,297,224,200
20223,D,발달상권,3120019,경찰청앞교차로,5958,3146,2812,26,1051,2221,1625,793,242,8,274,1044,982,619,219,18,777,1177,643,174,23
20223,R,전통시장,3130050,청평화시장,233,96,137,2,54,70,50,40,17,1,22,32,12,21,8,1,32,38,38,19,9
20223,R,전통시장,3130327,"평화시장(남평화시장, 제일평화시장, 신평화패션타운)",169,107,62,1,8,31,43,42,44,1,1,19,30,27,29,0,7,12,13,15,15
20223,A,골목상권,3110044,관성묘,405,300,105,0,50,135,145,51,24,0,24,90,125,44,17,0,26,45,20,7,7
20223,A,골목상권,3110074,서울역 12번,8149,1751,6398,152,5985,1340,330,181,161,9,598,652,233,134,125,143,5387,688,97,47,36
20223,A,골목상권,3110081,해방촌 남동측,231,122,109,0,45,63,54,42,27,0,14,35,27,23,23,0,31,28,27,19,4
20223,A,골목상권,3110084,경리단길북측,315,168,147,0,47,85,84,57,42,0,23,36,39,36,34,0,24,49,45,21,8
20223,A,골목상권,3110071,한강미주맨션아파트,315,191,124,0,42,85,69,57,62,0,21,46,40,42,42,0,21,39,29,15,20
20223,R,전통시장,3130061,이태원시장,32,20,12,0,18,3,4,6,1,0,12,1,3,3,1,0,6,2,1,3,0
20223,A,골목상권,3110590,만리재,97,50,47,0,19,23,23,25,7,0,6,12,11,16,5,0,13,11,12,9,2
20223,R,전통시장,3130057,만리시장,12,9,3,0,0,2,1,4,5,0,0,1,1,3,4,0,0,1,0,1,1
20223,A,골목상권,3110070,용산세무서,184,130,54,0,21,54,55,24,30,0,8,37,41,18,26,0,13,17,14,6,4
20223,A,골목상권,3110062,한강로동땡땡거리(은행나무길),1506,884,622,9,319,423,319,208,228,6,142,225,216,138,157,3,177,198,103,70,71
20223,A,골목상권,3110079,후암동주민센터,1084,584,500,4,223,262,267,196,132,3,73,156,156,105,91,1,150,106,111,91,41
20223,R,전통시장,3130069,"한양대앞상점가(한양시장, 왕십리맛골목)",32,19,13,0,6,6,4,8,8,0,4,4,0,5,6,0,2,2,4,3,2
20223,A,골목상권,3110101,옥정중학교,218,121,97,0,55,51,65,31,16,0,24,34,43,13,7,0,31,17,22,18,9
20223,A,골목상권,3110102,옥수역 6번,175,116,59,0,22,39,48,41,25,0,11,21,31,31,22,0,11,18,17,10,3
20223,R,전통시장,3130065,무학봉상점가,181,71,110,0,29,39,47,42,24,0,4,11,15,23,18,0,25,28,32,19,6
20223,A,골목상권,3110179,광나루역 1번,911,620,291,0,142,209,188,233,139,0,82,160,157,154,67,0,60,49,31,79,72
20223,A,골목상권,3110180,광진정보도서관,5440,3602,1838,17,1593,2056,1086,499,189,5,872,1464,782,331,148,12,721,592,304,168,41
20223,D,발달상권,3120058,구의사거리,688,333,355,2,92,158,174,181,81,1,33,79,80,77,63,1,59,79,94,104,18
20223,D,발달상권,3120060,강변역(테크노마트),3189,2348,841,12,402,686,870,703,516,2,209,509,686,549,393,10,193,177,184,154,123
20223,A,골목상권,3110159,구의역 4번,663,391,272,1,125,115,158,132,132,1,58,62,85,87,98,0,67,53,73,45,34
20223,R,전통시장,3130074,영동교골목시장,21,15,6,0,6,9,2,3,1,0,3,9,0,2,1,0,3,0,2,1,0
20223,A,골목상권,3110153,중곡1동주민센터,241,83,158,1,42,57,67,57,17,0,14,22,22,17,8,1,28,35,45,40,9
20223,A,골목상권,3110142,화양사거리,215,108,107,1,37,47,45,53,32,1,20,25,24,17,21,0,17,22,21,36,11
20223,A,골목상권,3110148,어린이대공원역 3번,17,12,5,0,3,3,6,5,0,0,0,2,5,5,0,0,3,1,1,0,0
20223,R,전통시장,3130096,동부시장,14,9,5,0,0,0,1,1,12,0,0,0,0,0,9,0,0,0,1,1,3
20223,A,골목상권,3110183,한국의류시험연구원,839,447,392,3,238,307,149,75,67,1,88,162,81,58,57,2,150,145,68,17,10
20223,R,전통시장,3130089,청량리수산시장,42,33,9,0,4,7,16,6,9,0,3,7,12,4,7,0,1,0,4,2,2
20223,R,전통시장,3130098,회기시장,55,17,38,0,9,14,15,12,5,0,2,3,4,6,2,0,7,11,11,6,3
20223,A,골목상권,3110228,장안근린공원,1992,1184,808,40,1381,313,92,101,65,24,788,223,60,54,35,16,593,90,32,47,30
20223,R,전통시장,3130104,전곡시장,93,54,39,0,8,17,28,26,14,0,5,8,16,13,12,0,3,9,12,13,2
20223,D,발달상권,3120063,청량리역(청량리),1209,528,681,3,226,225,249,252,254,2,66,88,96,117,159,1,160,137,153,135,95
20223,A,골목상권,3110210,서울시립대,341,253,88,1,9,19,24,34,254,1,4,12,10,21,205,0,5,7,14,13,49
20223,A,골목상권,3110197,세종대왕기념관교차로,67,46,21,0,8,19,26,9,5,0,4,15,19,7,1,0,4,4,7,2,4
20223,D,발달상권,3120064,경희대학교(경희대),97,44,53,0,14,27,21,13,22,0,9,13,10,4,8,0,5,14,11,9,14
20223,A,골목상권,3110243,중랑노인종합복지관,298,114,184,1,30,49,74,104,40,0,5,21,37,31,20,1,25,28,37,73,20
20223,A,골목상권,3110259,사가정역 1번,543,425,118,2,48,108,172,159,54,2,29,73,131,140,50,0,19,35,41,19,4
20223,A,골목상권,3110269,용마문화복지센터,169,98,71,0,19,53,52,28,17,0,13,32,30,19,4,0,6,21,22,9,13
20223,A,골목상권,3110252,장안제일시장,712,505,207,1,64,101,159,195,192,1,42,73,87,131,171,0,22,28,72,64,21
20223,R,전통시장,3130111,"동원전통종합시장(동원시장, 동원전통시장 상점가)",224,109,115,0,24,37,49,82,32,0,11,17,21,38,22,0,13,20,28,44,10
20223,A,골목상권,3110247,먹골역 1번,381,176,205,0,54,79,123,81,44,0,21,30,55,39,31,0,33,49,68,42,13
20223,A,골목상권,3110255,상봉역 4번,327,208,119,0,39,52,78,92,66,0,20,24,46,62,56,0,19,28,32,30,10
20223,A,골목상권,3110262,상봉역 3번,1530,878,652,2,221,447,542,268,50,0,119,337,281,107,34,2,102,110,261,161,16
20223,A,골목상권,3110271,신내역 1번,97,74,23,0,8,17,25,29,18,0,5,14,18,23,14,0,3,3,7,6,4
20223,A,골목상권,3110251,장안중학교,147,104,43,0,8,34,46,39,20,0,3,23,34,27,17,0,5,11,12,12,3
20223,A,골목상권,3110244,중화역 4번,250,175,75,1,8,26,49,44,122,1,4,11,32,30,97,0,4,15,17,14,25
20223,A,골목상권,3110296,성신여대입구역 4번,77,39,38,1,7,12,30,11,16,1,3,7,15,8,5,0,4,5,15,3,11
20223,A,골목상권,3110297,경동고등학교,654,311,343,0,74,123,156,164,137,0,31,65,74,79,62,0,43,58,82,85,75
20223,D,발달상권,3120071,성북구청,255,127,128,0,36,55,64,62,38,0,14,22,38,31,22,0,22,33,26,31,16
20223,A,골목상권,3110280,북정마을,73,38,35,0,7,10,22,23,11,0,3,3,9,15,8,0,4,7,13,8,3
20223,R,전통시장,3130122,밤나무골시장,17,5,12,0,2,4,6,4,1,0,1,1,2,1,0,0,1,3,4,3,1
20223,D,발달상권,3120075,월곡역,369,213,156,1,40,86,97,67,78,0,17,48,54,44,50,1,23,38,43,23,28
20223,R,전통시장,3130123,꿈의숲 장곡 골목형상점가,6,5,1,0,1,0,1,4,0,0,1,0,1,3,0,0,0,0,0,1,0
20223,A,골목상권,3110287,정릉3동주민센터,70,50,20,0,9,12,18,19,12,0,5,8,15,12,10,0,4,4,3,7,2
20223,A,골목상권,3110317,종암중학교,411,206,205,0,33,120,153,85,20,0,14,47,78,58,9,0,19,73,75,27,11
20223,D,발달상권,3120076,수유역,1930,865,1065,7,241,303,422,465,492,4,62,102,176,240,281,3,179,201,246,225,211
20223,R,전통시장,3130142,강북북부시장,7,5,2,0,1,1,0,2,3,0,0,1,0,2,2,0,1,0,0,0,1
20223,A,골목상권,3110375,서울북부고용노동지청,110,55,55,1,12,20,31,32,14,0,8,15,16,11,5,1,4,5,15,21,9
20223,R,전통시장,3130134,"솔샘시장(미아6,7동골목시장)",73,30,43,1,7,19,25,18,3,0,3,4,12,8,3,1,4,15,13,10,0
20223,A,골목상권,3110354,삼각산119안전센터,22,5,17,0,2,3,10,5,2,0,0,0,2,1,2,0,2,3,8,4,0
20223,A,골목상권,3110378,송중동주민센터,23,13,10,0,1,4,6,9,3,0,1,2,2,6,2,0,0,2,4,3,1
20223,R,전통시장,3130138,수유프라자,142,24,118,1,31,24,16,42,28,0,1,4,5,4,10,1,30,20,11,38,18
20223,R,전통시장,3130136,수유재래시장,32,13,19,0,6,5,8,6,7,0,2,1,0,3,7,0,4,4,8,3,0
20223,R,전통시장,3130133,우이골목시장(우이시장),69,61,8,0,7,7,19,20,16,0,6,6,17,17,15,0,1,1,2,3,1
20223,A,골목상권,3110350,가오리역 2번,148,77,71,0,11,27,37,49,24,0,5,11,18,26,17,0,6,16,19,23,7
20223,A,골목상권,3110410,방학역 2번,957,833,124,3,75,187,185,224,283,2,61,162,154,194,260,1,14,25,31,30,23
20223,A,골목상권,3110411,도봉역 3번,421,379,42,0,13,31,61,141,175,0,11,20,48,133,167,0,2,11,13,8,8
20223,A,골목상권,3110400,도봉구보건소,191,111,80,0,20,35,53,51,32,0,9,22,32,26,22,0,11,13,21,25,10
20223,R,전통시장,3130146,쌍문시장(쌍문역골목시장),263,124,139,0,29,33,54,80,67,0,10,12,28,32,42,0,19,21,26,48,25
20223,R,전통시장,3130147,쌍문역동측상점가,69,32,37,0,7,17,18,9,18,0,2,6,10,5,9,0,5,11,8,4,9
20223,A,골목상권,3110399,창2동주민센터,849,516,333,8,110,207,262,192,70,8,69,157,137,97,48,0,41,50,125,95,22
20223,R,전통시장,3130153,창동역상점가,229,138,91,0,18,48,54,56,53,0,7,31,30,31,39,0,11,17,24,25,14
20223,A,골목상권,3110409,창동역 2번,396,202,194,0,33,43,83,109,128,0,12,29,59,45,57,0,21,14,24,64,71
20223,D,발달상권,3120086,태릉입구역,382,205,177,0,42,78,82,102,78,0,24,43,35,49,54,0,18,35,47,53,24
20223,A,골목상권,3110434,태릉입구역 4번,121,62,59,0,13,11,24,35,38,0,3,2,12,22,23,0,10,9,12,13,15
20223,D,발달상권,3120081,노원역,1552,508,1044,9,369,295,343,307,229,2,66,87,125,121,107,7,303,208,218,186,122
20223,A,골목상권,3110426,상계2동주민센터,337,169,168,0,32,57,83,96,69,0,15,30,39,45,40,0,17,27,44,51,29
20223,A,골목상권,3110414,장석교회,66,51,15,0,7,16,15,20,8,0,5,13,11,17,5,0,2,3,4,3,3
20223,A,골목상권,3110465,연신내역 7번,240,119,121,3,38,52,57,54,36,2,12,29,25,25,26,1,26,23,32,29,10
20223,A,골목상권,3110490,녹번동근린공원,311,170,141,0,30,65,86,76,54,0,11,31,48,45,35,0,19,34,38,31,19
20223,A,골목상권,3110489,불광역 3번,35,25,10,0,3,7,10,10,5,0,3,4,7,6,5,0,0,3,3,4,0
20223,A,골목상권,3110479,연신내역 2번,318,181,137,1,50,84,68,69,46,0,28,71,35,32,15,1,22,13,33,37,31
20223,R,전통시장,3130165,"대림골목시장(대림시장, 양지시장)",214,34,180,0,20,45,56,62,31,0,1,7,5,11,10,0,19,38,51,51,21
20223,A,골목상권,3110492,하나고등학교,238,38,200,1,5,13,11,95,113,0,0,7,7,8,16,1,5,6,4,87,97
20223,A,골목상권,3110493,북가좌초등학교,892,830,62,0,2,19,27,80,764,0,0,12,22,68,728,0,2,7,5,12,36
20223,A,골목상권,3110514,서대문우체국,86,19,67,0,26,26,17,9,8,0,0,4,7,4,4,0,26,22,10,5,4
20223,A,골목상권,3110508,서연중학교,947,425,522,9,139,241,158,245,155,3,62,148,74,76,62,6,77,93,84,169,93
20223,A,골목상권,3110513,연희파출소,457,241,216,0,51,87,110,130,79,0,17,46,58,69,51,0,34,41,52,61,28
20223,A,골목상권,3110518,서대문구청,129,72,57,0,22,38,30,23,16,0,6,19,22,15,10,0,16,19,8,8,6
20223,A,골목상권,3110535,영천시장입구,488,333,155,2,36,65,112,164,109,2,19,35,78,130,69,0,17,30,34,34,40
20223,A,골목상권,3110538,충정로역 3번,284,178,106,0,12,42,56,66,108,0,5,27,35,42,69,0,7,15,21,24,39
20223,A,골목상권,3110525,홍은종합사회복지관,61,17,44,0,10,12,15,10,14,0,1,3,0,4,9,0,9,9,15,6,5
20223,A,골목상권,3110515,홍은중학교,396,312,84,1,45,118,119,68,45,1,33,93,94,52,39,0,12,25,25,16,6
20223,A,골목상권,3110583,공덕래미안3차아파트,12,7,5,0,2,3,1,1,5,0,1,2,1,0,3,0,1,1,0,1,2
20223,A,골목상권,3110562,연트럴파크(연남동주민센터),426,237,189,1,73,118,96,94,44,1,29,76,55,44,32,0,44,42,41,50,12
20223,R,전통시장,3130192,동진시장,10,6,4,0,1,1,4,3,1,0,1,1,1,2,1,0,0,0,3,1,0
20223,R,전통시장,3130194,용강동 상점가,875,502,373,0,103,131,179,170,292,0,39,75,104,114,170,0,64,56,75,56,122
20223,A,골목상권,3110577,용강동주민센터,145,105,40,0,15,42,47,31,10,0,12,31,38,17,7,0,3,11,9,14,3
20223,A,골목상권,3110559,성산중학교,757,474,283,4,102,187,203,167,94,3,54,102,127,118,70,1,48,85,76,49,24
20223,R,전통시장,3130203,서서울 골목형상점가,34,7,27,0,2,7,10,12,3,0,0,0,2,4,1,0,2,7,8,8,2
20223,R,전통시장,3130204,경창시장,102,51,51,0,5,12,29,27,29,0,2,5,13,16,15,0,3,7,16,11,14
20223,A,골목상권,3110593,신월3동주민센터,304,157,147,0,38,65,76,87,38,0,12,32,45,44,24,0,26,33,31,43,14
20223,A,골목상권,3110605,목동센트럴아이파크앞,155,89,66,0,15,22,26,47,45,0,5,15,11,27,31,0,10,7,15,20,14
20223,A,골목상권,3110634,송정역 3번,664,434,230,0,64,143,178,145,134,0,33,90,116,101,94,0,31,53,62,44,40
20223,D,발달상권,3120116,송정역,117,64,53,0,17,27,28,20,25,0,9,11,15,10,19,0,8,16,13,10,6
20223,A,골목상권,3110637,송정역 2번,560,358,202,4,67,121,116,154,98,0,34,74,81,100,69,4,33,47,35,54,29
20223,A,골목상권,3110644,신광명마을,336,288,48,1,26,28,58,105,118,1,8,17,51,97,114,0,18,11,7,8,4
20223,A,골목상권,3110673,뜸부기어린이공원,253,143,110,0,37,52,62,64,38,0,21,29,31,34,28,0,16,23,31,30,10
20223,A,골목상권,3110717,남구로역 2번,570,271,299,0,108,155,142,104,61,0,49,84,75,34,29,0,59,71,67,70,32
20223,R,전통시장,3130225,개봉중앙시장,147,59,88,0,15,21,39,44,28,0,3,4,19,22,11,0,12,17,20,22,17
20223,A,골목상권,3110704,고척중학교,62,36,26,0,12,23,10,12,5,0,7,12,3,11,3,0,5,11,7,1,2
20223,A,골목상권,3110711,구로초등학교,815,329,486,4,62,122,165,287,175,2,26,70,81,74,76,2,36,52,84,213,99
20223,A,골목상권,3110719,영서중학교,19,15,4,0,0,4,2,3,10,0,0,2,2,3,8,0,0,2,0,0,2
20223,D,발달상권,3120127,구로구청,5871,3858,2013,6,600,1211,1435,1436,1183,5,362,967,1048,802,674,1,238,244,387,634,509
20223,A,골목상권,3110681,온수역 1번,94,70,24,0,6,30,30,17,11,0,5,22,21,12,10,0,1,8,9,5,1
20223,A,골목상권,3110686,수궁동주민센터,406,211,195,0,34,67,104,115,86,0,16,31,64,55,45,0,18,36,40,60,41
20223,A,골목상권,3110724,금천구립가산도서관,364,254,110,1,42,76,120,89,36,1,33,60,90,45,25,0,9,16,30,44,11
20223,A,골목상권,3110737,금천세무서,502,323,179,8,77,85,96,116,120,0,28,49,51,91,104,8,49,36,45,25,16
20223,A,골목상권,3110751,난곡중학교,733,399,334,2,48,217,242,177,47,2,21,117,128,91,40,0,27,100,114,86,7
20223,R,전통시장,3130238,은행나무시장,113,71,42,0,22,24,31,22,14,0,13,16,22,14,6,0,9,8,9,8,8
20223,A,골목상권,3110770,영등포구청역 6번,263,191,72,1,45,49,77,45,46,1,24,41,54,28,43,0,21,8,23,17,3
20223,A,골목상권,3110774,당산반도유보라팰리스아파트,472,355,117,0,59,119,131,96,67,0,34,81,109,80,51,0,25,38,22,16,16
20223,A,골목상권,3110784,신대림초등학교,76,42,34,0,3,11,18,36,8,0,0,7,12,18,5,0,3,4,6,18,3
20223,D,발달상권,3120142,대림역,1551,846,705,2,234,279,348,384,304,0,69,143,190,230,214,2,165,136,158,154,90
20223,A,골목상권,3110790,대림1동주민센터,741,337,404,1,74,163,282,161,60,1,46,71,89,77,53,0,28,92,193,84,7
20223,A,골목상권,3110767,도림동주민센터,11,0,11,0,4,3,3,1,0,0,0,0,0,0,0,0,4,3,3,1,0
20223,R,전통시장,3130243,도림시장,7,5,2,0,0,1,4,0,2,0,0,1,3,0,1,0,0,0,1,0,1
20223,A,골목상권,3110816,대방역 6번,517,401,116,1,72,136,153,67,88,1,49,108,114,49,80,0,23,28,39,18,8
20223,A,골목상권,3110795,도림초등학교,533,356,177,0,20,49,80,128,256,0,8,36,48,74,190,0,12,13,32,54,66
20223,A,골목상권,3110805,신길새마을금고신길4동지점,45,27,18,0,6,12,12,8,7,0,2,7,6,5,7,0,4,5,6,3,0
20223,A,골목상권,3110797,KT대방빌딩,47,8,39,1,6,8,12,10,10,0,0,0,1,2,5,1,6,8,11,8,5
20223,D,발달상권,3120147,보라매역,1947,1238,709,5,286,452,370,367,467,2,93,310,249,264,320,3,193,142,121,103,147
20223,A,골목상권,3110760,선유도역 6번,1792,1091,701,8,273,444,499,376,192,6,170,256,275,219,165,2,103,188,224,157,27
20223,D,발달상권,3120149,여의도역(여의도),69255,45888,23367,184,11383,22550,19240,12096,3802,34,5884,14085,14147,9350,2388,150,5499,8465,5093,2746,1414
20223,D,발달상권,3120148,국회의사당역(국회의사당),31135,19451,11684,82,6815,10231,7641,4493,1873,27,3082,6187,5424,3397,1334,55,3733,4044,2217,1096,539
20223,R,전통시장,3130248,영등포역지하도상점가,69,35,34,0,9,26,17,14,3,0,6,13,9,4,3,0,3,13,8,10,0
20223,A,골목상권,3110829,장승배기역 5번,534,416,118,0,195,137,78,52,72,0,177,106,49,39,45,0,18,31,29,13,27
20223,A,골목상권,3110848,양지어린이공원,486,307,179,0,36,68,152,132,98,0,6,39,85,93,84,0,30,29,67,39,14
20223,R,전통시장,3130271,남성역골목시장,467,268,199,1,36,33,39,47,311,1,12,20,22,16,197,0,24,13,17,31,114
20223,A,골목상권,3110837,숭실대입구역 1번,360,184,176,1,39,72,80,79,89,0,19,29,39,32,65,1,20,43,41,47,24
20223,R,전통시장,3130262,상도도깨비 골목형상점가,21,13,8,0,0,4,10,4,3,0,0,4,6,1,2,0,0,0,4,3,1
20223,A,골목상권,3110825,신대방삼거리역 1번,319,207,112,0,33,63,96,72,55,0,23,41,58,47,38,0,10,22,38,25,17
20223,R,전통시장,3130261,성대전통시장(성대시장),211,104,107,0,15,47,61,61,27,0,4,26,33,23,18,0,11,21,28,38,9
20223,R,전통시장,3130264,상도약수골목형상점가,65,35,30,1,14,8,15,20,7,0,4,3,9,12,7,1,10,5,6,8,0
20223,A,골목상권,3110823,신대방삼거리역 3번,472,242,230,0,30,45,83,121,193,0,17,26,40,42,117,0,13,19,43,79,76
20223,A,골목상권,3110844,흑석2치안센터,11,7,4,0,2,2,4,0,3,0,1,2,2,0,2,0,1,0,2,0,1
20223,R,전통시장,3130282,난곡 골목형상점가,20,8,12,0,4,2,10,4,0,0,2,1,4,1,0,0,2,1,6,3,0
20223,A,골목상권,3110865,남강고등학교(남강중학교),270,116,154,4,57,53,59,61,36,2,10,23,23,31,27,2,47,30,36,30,9
20223,A,골목상권,3110902,사당역 4번,1184,729,455,1,189,266,295,248,185,0,82,168,204,156,119,1,107,98,91,92,66
20223,A,골목상권,3110887,서울산업정보학교(서울삼성초등학교),12,5,7,0,1,3,4,4,0,0,0,0,1,4,0,0,1,3,3,0,0
20223,A,골목상권,3110860,호림박물관(성보고등학교),410,314,96,1,57,102,66,110,74,1,44,84,47,78,60,0,13,18,19,32,14
20223,A,골목상권,3110883,은천초등학교(은천교앞),208,124,84,2,21,43,70,48,24,1,12,25,42,28,16,1,9,18,28,20,8
20223,R,전통시장,3130288,신림현대종합상가,2,0,2,0,1,1,0,0,0,0,0,0,0,0,0,0,1,1,0,0,0
20223,A,골목상권,3110894,관악동부센트레빌아파트(은천로35라길),20,8,12,0,2,4,3,6,5,0,0,2,1,2,3,0,2,2,2,4,2
20223,A,골목상권,3110869,"신림역 5번(신림동주민센터, 신림동별빛거리)",1026,681,345,1,79,136,248,233,329,1,36,73,143,155,273,0,43,63,105,78,56
20223,A,골목상권,3110877,신림역 8번,319,154,165,2,23,63,86,80,65,0,10,30,36,39,39,2,13,33,50,41,26
20223,R,전통시장,3130289,봉일시장,36,20,16,1,1,2,5,14,13,0,0,1,5,3,11,1,1,1,0,11,2
20223,A,골목상권,3110853,KT구로지사,217,130,87,0,21,49,65,51,31,0,9,27,44,28,22,0,12,22,21,23,9
20223,A,골목상권,3110897,서울대입구역 8번,219,139,80,0,16,45,69,64,25,0,7,24,40,44,24,0,9,21,29,20,1
20223,D,발달상권,3120167,고속터미널(고속터미널역),6925,4543,2382,24,790,1577,1689,1525,1320,10,416,1110,1328,1046,633,14,374,467,361,479,687
20223,A,골목상권,3110924,반포4동주민센터(몽마르뜨공원),1071,732,339,5,171,236,323,252,84,1,78,150,243,200,60,4,93,86,80,52,24
20223,A,골목상권,3110922,내방역 1번,219,112,107,1,42,47,47,42,40,0,13,23,27,23,26,1,29,24,20,19,14
20223,A,골목상권,3110909,남태령역(서울전자고등학교),132,97,35,1,11,29,23,34,34,1,4,19,16,29,28,0,7,10,7,5,6
20223,D,발달상권,3120163,사당역 11번(사당역먹자골목),491,290,201,0,55,119,99,86,132,0,28,73,57,50,82,0,27,46,42,36,50
20223,A,골목상권,3110929,남부터미널역 1번,21130,10703,10427,21,4446,4558,3912,7143,1050,4,1209,1890,1718,5123,759,17,3237,2668,2194,2020,291
20223,D,발달상권,3120168,서울고교교차로,794,492,302,1,124,237,200,130,102,0,48,130,143,98,73,1,76,107,57,32,29
20223,R,전통시장,3130301,양재시장,89,47,42,0,24,20,24,9,12,0,7,13,15,4,8,0,17,7,9,5,4
20223,A,골목상권,3110946,청계산원터골,41,21,20,0,2,4,8,13,14,0,2,2,6,3,8,0,0,2,2,10,6
20223,A,골목상권,3110980,개포지구대옆,663,482,181,0,90,198,202,111,62,0,45,142,168,72,55,0,45,56,34,39,7
20223,D,발달상권,3120207,선정릉역,11920,7343,4577,32,2669,4154,2699,1509,857,16,1106,2428,1922,1135,736,16,1563,1726,777,374,121
20223,D,발달상권,3120218,코엑스,290,54,236,0,116,103,58,13,0,0,13,16,16,9,0,0,103,87,42,4,0
20223,D,발달상권,3120186,가로수길,6518,3580,2938,19,1316,2133,1570,895,585,5,447,1174,950,573,431,14,869,959,620,322,154
20223,A,골목상권,3110951,신사은행나무공원,267,70,197,0,35,83,95,47,7,0,6,24,26,12,2,0,29,59,69,35,5
20223,R,전통시장,3130306,강남언주로,235,151,84,2,48,48,63,45,29,2,27,34,47,23,18,0,21,14,16,22,11
20223,D,발달상권,3120208,청담사거리(청담동명품거리),11437,5280,6157,43,3488,4035,2275,1044,552,17,1116,1816,1308,628,395,26,2372,2219,967,416,157
20223,D,발달상권,3120214,영동대교남단교차로,3984,2897,1087,7,489,1172,1107,929,280,3,271,811,865,753,194,4,218,361,242,176,86
20223,A,골목상권,3111024,경찰병원역 4번(건너말공원),240,150,90,0,27,53,63,68,29,0,16,33,45,35,21,0,11,20,18,33,8
20223,A,골목상권,3111046,마천역(마천초등학교),708,400,308,1,76,146,171,195,119,0,46,85,84,95,90,1,30,61,87,100,29
20223,A,골목상권,3111044,남천초등학교,557,264,293,1,95,146,167,113,35,0,35,71,76,56,26,1,60,75,91,57,9
20223,A,골목상권,3111019,한성백제역 3번,1458,963,495,2,199,428,415,246,168,2,101,294,294,157,115,0,98,134,121,89,53
20223,A,골목상권,3111007,석촌고분역 4번,936,480,456,0,107,215,255,242,117,0,43,116,142,109,70,0,64,99,113,133,47
20223,A,골목상권,3111004,삼전역 1번,2036,1331,705,13,263,407,504,376,473,0,108,261,337,239,386,13,155,146,167,137,87
20223,A,골목상권,3111033,문정동성당,70,30,40,0,5,4,16,16,29,0,2,3,8,9,8,0,3,1,8,7,21
20223,A,골목상권,3111018,풍납초등학교(풍납백제문화공원),26,23,3,0,1,5,10,6,4,0,1,4,8,6,4,0,0,1,2,0,0
20223,A,골목상권,3111078,굽은다리역 4번,1753,1022,731,1,135,300,379,488,450,1,75,186,215,270,275,0,60,114,164,218,175
20223,A,골목상권,3111082,중앙보훈병원,64,44,20,0,3,9,11,23,18,0,1,3,5,18,17,0,2,6,6,5,1
20223,A,골목상권,3111086,한영중고,297,202,95,1,27,45,73,101,50,1,17,22,52,69,41,0,10,23,21,32,9
20223,A,골목상권,3111051,천호역 6번,394,242,152,2,65,77,85,88,77,1,44,54,54,47,42,1,21,23,31,41,35
20223,A,골목상권,3111064,둔촌동역 4번,157,98,59,0,13,34,47,40,23,0,3,21,30,28,16,0,10,13,17,12,7
20223,A,골목상권,3111070,천호초등학교,121,70,51,1,7,20,39,27,27,0,3,9,23,16,19,1,4,11,16,11,8
20223,A,골목상권,3111057,천호공원(해공체육문화센터),254,112,142,2,53,50,64,60,25,2,15,19,30,32,14,0,38,31,34,28,11
20224,D,발달상권,3120007,북촌(안국역),10443,8282,2161,8,1148,3636,3182,1964,505,5,644,2891,2647,1702,393,3,504,745,535,262,112
20224,A,골목상권,3110018,중앙고등학교,829,408,421,0,92,166,209,160,202,0,27,55,100,80,146,0,65,111,109,80,56
20224,A,골목상권,3110006,부암동주민센터,27,16,11,0,2,7,7,5,6,0,2,5,2,3,4,0,0,2,5,2,2
20224,A,골목상권,3110012,성곡미술관,1042,489,553,0,260,329,260,111,82,0,70,152,149,69,49,0,190,177,111,42,33
20224,D,발달상권,3120002,서촌(경복궁역),1989,1071,918,37,487,674,421,221,149,0,190,387,258,131,105,37,297,287,163,90,44
20224,D,발달상권,3120005,삼청동,3049,2795,254,1,399,709,898,817,225,0,340,633,848,776,198,1,59,76,50,41,27
20224,D,발달상권,3120013,이화사거리,7536,5468,2068,8,1300,2502,2063,1294,369,1,626,1730,1678,1171,262,7,674,772,385,123,107
20224,D,발달상권,3120006,종각역,33181,16028,17153,59,5900,11133,9928,5489,672,14,2254,4920,4677,3672,491,45,3646,6213,5251,1817,181
20224,A,골목상권,3110019,창덕궁,325,215,110,0,47,91,82,71,34,0,21,65,53,49,27,0,26,26,29,22,7
20224,R,전통시장,3130016,동대문상가B동,2,1,1,0,0,1,1,0,0,0,0,0,1,0,0,0,0,1,0,0,0
20224,R,전통시장,3130019,동대문상가D동,29,22,7,0,6,6,5,4,8,0,4,3,4,4,7,0,2,3,1,0,1
20224,R,전통시장,3130001,통인시장,63,31,32,0,4,16,12,13,18,0,2,4,7,7,11,0,2,12,5,6,7
20224,D,발달상권,3120037,동대문역사문화공원역,35317,17057,18260,421,11234,9194,6979,5237,2252,180,5605,5543,3901,1328,500,241,5629,3651,3078,3909,1752
20224,A,골목상권,3110052,장충초등학교,484,281,203,0,43,100,132,130,79,0,16,63,75,82,45,0,27,37,57,48,34
20224,D,발달상권,3120026,을지로입구역,30610,18501,12109,14,4275,11589,8473,5661,598,4,1729,5846,5959,4562,401,10,2546,5743,2514,1099,197
20224,A,골목상권,3110038,경향신문사,1096,759,337,0,195,395,283,181,42,0,63,266,227,165,38,0,132,129,56,16,4
20224,R,전통시장,3130035,방산종합시장(방산시장),1190,736,454,1,96,200,284,312,297,0,56,117,154,191,218,1,40,83,130,121,79
20224,R,전통시장,3130033,대림상가(청계상가),169,121,48,0,7,29,54,39,40,0,3,19,35,30,34,0,4,10,19,9,6
20224,R,전통시장,3130034,필동 골목형상점가,14,7,7,0,2,4,5,2,1,0,1,2,2,2,0,0,1,2,3,0,1
20224,D,발달상권,3120042,"숙대입구역(남영역, 남영동)",4057,2797,1260,20,750,1490,1024,558,215,8,370,894,831,510,184,12,380,596,193,48,31
20224,A,골목상권,3110092,NH농협은행 보광동지점,468,168,300,0,90,111,103,94,70,0,11,47,34,33,43,0,79,64,69,61,27
20224,A,골목상권,3110083,서빙고역 1번,149,109,40,0,26,53,42,14,14,0,13,42,29,12,13,0,13,11,13,2,1
20224,A,골목상권,3110060,효창공원앞역 6번,287,170,117,0,28,62,80,73,44,0,10,34,48,47,31,0,18,28,32,26,13
20224,A,골목상권,3110068,남영역 1번,1090,615,475,8,161,257,250,224,190,6,60,135,151,138,125,2,101,122,99,86,65
20224,R,전통시장,3130058,이촌종합시장,109,78,31,0,13,19,25,26,26,0,7,12,15,21,23,0,6,7,10,5,3
20224,A,골목상권,3110091,리움미술관,1106,810,296,0,216,345,343,155,47,0,117,236,293,128,36,0,99,109,50,27,11
20224,A,골목상권,3110061,효창동주민센터,478,306,172,1,61,91,154,113,58,1,38,53,100,67,47,0,23,38,54,46,11
20224,A,골목상권,3110122,마장역 2번,461,270,191,1,60,87,116,112,85,1,32,59,68,60,50,0,28,28,48,52,35
20224,R,전통시장,3130068,마장축산물시장,975,630,345,1,102,202,250,248,172,1,68,127,155,165,114,0,34,75,95,83,58
20224,A,골목상권,3110125,사근동살곶이상점가,135,83,52,2,25,39,35,21,13,2,13,21,24,13,10,0,12,18,11,8,3
20224,R,전통시장,3130070,뚝섬역상점가,1017,698,319,6,178,260,218,222,133,4,105,180,144,157,108,2,73,80,74,65,25
20224,R,전통시장,3130066,행당시장상점가,360,178,182,0,42,76,102,95,45,0,17,37,53,44,27,0,25,39,49,51,18
20224,A,골목상권,3110178,장로회신학대학교,165,108,57,0,21,38,33,47,26,0,13,31,16,34,14,0,8,7,17,13,12
20224,A,골목상권,3110147,능동우편취급국,815,464,351,4,120,172,160,137,222,2,56,88,104,77,137,2,64,84,56,60,85
20224,A,골목상권,3110154,광진정말공원,255,146,109,1,31,54,61,65,43,1,16,34,30,34,31,0,15,20,31,31,12
20224,A,골목상권,3110151,자양한강도서관,249,175,74,4,35,52,63,66,29,3,24,37,49,41,21,1,11,15,14,25,8
20224,R,전통시장,3130083,"중곡제일시장(중곡제일골목시장, 광성시장)",111,68,43,0,15,21,29,24,22,0,7,14,20,10,17,0,8,7,9,14,5
20224,A,골목상권,3110162,군자역 4번,618,370,248,0,127,163,133,111,84,0,98,119,77,43,33,0,29,44,56,68,51
20224,A,골목상권,3110171,중곡4동주민센터,59,36,23,0,4,8,7,22,18,0,1,2,3,15,15,0,3,6,4,7,3
20224,R,전통시장,3130079,한아름시장,40,29,11,0,5,6,6,10,13,0,4,4,5,6,10,0,1,2,1,4,3
20224,A,골목상권,3110217,자동차부품상가,506,391,115,1,34,105,144,124,98,1,25,88,116,84,77,0,9,17,28,40,21
20224,A,골목상권,3110225,촬영소사거리,330,204,126,0,22,36,68,83,121,0,9,25,42,55,73,0,13,11,26,28,48
20224,A,골목상권,3110218,답십리사거리,158,83,75,0,14,25,45,60,14,0,5,12,22,33,11,0,9,13,23,27,3
20224,A,골목상권,3110188,용두동신동아아파트,807,607,200,8,104,178,229,191,97,2,68,150,181,132,74,6,36,28,48,59,23
20224,A,골목상권,3110184,용두사거리,398,205,193,0,77,135,72,64,50,0,37,51,33,45,39,0,40,84,39,19,11
20224,A,골목상권,3110213,청량초등학교,124,81,43,0,19,57,17,15,16,0,7,41,13,7,13,0,12,16,4,8,3
20224,A,골목상권,3110220,외대앞역 1번,193,111,82,0,28,37,54,47,27,0,7,18,33,34,19,0,21,19,21,13,8
20224,A,골목상권,3110230,장안현대홈타운1차아파트,161,101,60,0,15,32,52,45,17,0,6,22,33,28,12,0,9,10,19,17,5
20224,A,골목상권,3110216,전농중학교,208,68,140,1,32,48,62,50,15,1,11,14,18,18,6,0,21,34,44,32,9
20224,R,전통시장,3130091,청량종합도매시장,36,27,9,0,1,3,11,14,7,0,0,3,8,10,6,0,1,0,3,4,1
20224,A,골목상권,3110275,하나은행 망우동지점,63,33,30,0,4,9,19,16,15,0,3,6,9,5,10,0,1,3,10,11,5
20224,R,전통시장,3130112,사가정시장,86,28,58,0,13,17,24,19,13,0,0,3,6,8,11,0,13,14,18,11,2
20224,R,전통시장,3130109,묵1동도깨비시장,47,33,14,0,2,9,16,9,11,0,1,5,13,5,9,0,1,4,3,4,2
20224,R,전통시장,3130107,중랑동부시장(중랑교종합상가),13,3,10,0,0,1,4,5,3,0,0,0,0,1,2,0,0,1,4,4,1
20224,A,골목상권,3110276,신내IC북측,29,18,11,0,1,4,8,9,7,0,0,3,5,6,4,0,1,1,3,3,3
20224,A,골목상권,3110240,태릉시장 특화거리,97,39,58,2,20,13,28,16,18,1,3,8,7,8,12,1,17,5,21,8,6
20224,A,골목상권,3110299,정릉역 1번,372,241,131,1,33,49,83,95,111,0,9,12,40,74,106,1,24,37,43,21,5
20224,A,골목상권,3110302,보문역 8번,3797,3177,620,1,364,1434,710,823,465,1,252,1274,656,702,292,0,112,160,54,121,173
20224,A,골목상권,3110333,돌곶이역 5번,988,746,242,0,15,23,38,74,838,0,2,13,20,42,669,0,13,10,18,32,169
20224,D,발달상권,3120074,안암역,59,28,31,1,12,16,12,8,10,0,5,9,7,2,5,1,7,7,5,6,5
20224,R,전통시장,3130125,장위전통시장,40,20,20,0,5,6,7,8,14,0,0,2,5,5,8,0,5,4,2,3,6
20224,A,골목상권,3110295,정릉우체국,679,248,431,0,166,178,163,119,53,0,36,67,49,52,44,0,130,111,114,67,9
20224,A,골목상권,3110290,북한산보국문역 1번,96,78,18,0,2,9,29,37,19,0,1,8,23,30,16,0,1,1,6,7,3
20224,A,골목상권,3110284,정릉북한산국립공원입구,562,506,56,0,5,59,181,229,88,0,4,49,161,211,81,0,1,10,20,18,7
20224,A,골목상권,3110315,종암아이파크2차,124,78,46,0,11,17,41,38,17,0,4,9,27,25,13,0,7,8,14,13,4
20224,A,골목상권,3110311,종암아이파크2차후문,18,9,9,0,0,2,8,3,5,0,0,1,3,1,4,0,0,1,5,2,1
20224,D,발달상권,3120077,미아역,218,97,121,0,32,37,52,64,33,0,11,8,18,38,22,0,21,29,34,26,11
20224,A,골목상권,3110355,삼양사거리역 2번,306,254,52,0,8,26,44,103,125,0,1,10,31,94,118,0,7,16,13,9,7
20224,R,전통시장,3130135,수유중앙골목시장(수유중앙시장),24,12,12,0,0,3,4,5,12,0,0,2,2,0,8,0,0,1,2,5,4
20224,A,골목상권,3110372,강북중학교,188,100,88,0,21,43,50,48,26,0,17,25,18,20,20,0,4,18,32,28,6
20224,R,전통시장,3130129,장미원골목시장,911,571,340,0,15,14,38,89,755,0,1,4,12,40,514,0,14,10,26,49,241
20224,R,전통시장,3130130,수유북부골목시장,20,14,6,0,1,1,7,5,6,0,0,0,6,3,5,0,1,1,1,2,1
20224,A,골목상권,3110405,방학역 1번,1123,365,758,3,130,176,308,427,79,3,67,109,82,70,34,0,63,67,226,357,45
20224,R,전통시장,3130151,신도봉시장,5,5,0,0,1,0,2,2,0,0,1,0,2,2,0,0,0,0,0,0,0
20224,A,골목상권,3110407,도봉역 2번,560,337,223,1,32,75,115,203,134,1,8,40,57,126,105,0,24,35,58,77,29
20224,R,전통시장,3130152,오!도봉거리 상점가,42,17,25,0,4,14,15,6,3,0,0,5,7,4,1,0,4,9,8,2,2
20224,A,골목상권,3110412,창동중학교,25,23,2,0,4,7,3,4,7,0,3,7,3,3,7,0,1,0,0,1,0
20224,R,전통시장,3130148,방학동도깨비시장,39,16,23,0,2,6,12,12,7,0,0,1,5,8,2,0,2,5,7,4,5
20224,A,골목상권,3110394,방학중학교,214,133,81,0,19,35,50,54,56,0,12,20,26,35,40,0,7,15,24,19,16
20224,A,골목상권,3110384,문이교,261,139,122,0,38,20,56,85,62,0,12,8,21,51,47,0,26,12,35,34,15
20224,A,골목상권,3110388,도봉우체국,35,23,12,0,4,3,10,14,4,0,2,2,7,8,4,0,2,1,3,6,0
20224,A,골목상권,3110442,화랑대철도공원,76,20,56,0,1,4,14,49,8,0,0,2,4,10,4,0,1,2,10,39,4
20224,A,골목상권,3110424,상계초등학교,388,157,231,2,42,50,96,106,92,2,18,32,32,42,31,0,24,18,64,64,61
20224,A,골목상권,3110437,당고개역 2번,116,40,76,0,16,23,25,41,11,0,5,11,9,10,5,0,11,12,16,31,6
20224,A,골목상권,3110439,당고개역 5번,96,45,51,0,4,14,12,32,34,0,0,10,6,16,13,0,4,4,6,16,21
20224,A,골목상권,3110440,상계3동4동주민센터,49,16,33,0,8,6,15,10,10,0,1,1,4,2,8,0,7,5,11,8,2
20224,A,골목상권,3110420,광운대역 1번,796,472,324,7,233,310,184,40,22,0,114,234,89,21,14,7,119,76,95,19,8
20224,A,골목상권,3110431,상계역,124,72,52,1,16,24,28,37,18,0,2,13,17,27,13,1,14,11,11,10,5
20224,A,골목상권,3110467,은평요양병원,487,284,203,3,90,154,110,68,62,2,46,100,61,37,38,1,44,54,49,31,24
20224,A,골목상권,3110454,선정중학교,481,268,213,3,56,71,142,108,101,2,42,35,53,66,70,1,14,36,89,42,31
20224,A,골목상권,3110447,구산초등학교,48,43,5,0,5,15,10,5,13,0,4,15,8,5,11,0,1,0,2,0,2
20224,A,골목상권,3110453,신사1동주민센터,515,288,227,0,43,81,121,155,115,0,20,25,65,85,93,0,23,56,56,70,22
20224,A,골목상권,3110448,상신초등학교입구,120,76,44,1,20,27,26,26,20,1,17,17,12,14,15,0,3,10,14,12,5
20224,A,골목상권,3110466,구산역 2번,87,46,41,0,12,17,26,24,8,0,4,5,16,15,6,0,8,12,10,9,2
20224,R,전통시장,3130166,응암시장(신응암시장),17,10,7,0,0,3,2,5,7,0,0,0,1,3,6,0,0,3,1,2,1
20224,A,골목상권,3110498,증산역 1번,222,102,120,0,15,32,75,68,32,0,7,9,31,32,23,0,8,23,44,36,9
20224,A,골목상권,3110444,수색성당,157,57,100,0,17,39,47,45,9,0,6,14,14,16,7,0,11,25,33,29,2
20224,R,전통시장,3130162,증산골목시장,7,3,4,0,0,2,2,1,2,0,0,0,0,1,2,0,0,2,2,0,0
20224,A,골목상권,3110496,모래내우체국,611,333,278,2,88,190,160,89,82,2,20,100,117,42,52,0,68,90,43,47,30
20224,R,전통시장,3130181,아현가구거리상점가,59,30,29,0,8,11,13,10,17,0,0,7,9,4,10,0,8,4,4,6,7
20224,A,골목상권,3110506,연희임광아파트,110,66,44,0,5,12,39,29,25,0,1,8,20,19,18,0,4,4,19,10,7
20224,A,골목상권,3110505,홍남교남측,14,9,5,0,1,0,3,7,3,0,0,0,2,5,2,0,1,0,1,2,1
20224,A,골목상권,3110510,홍연시장,100,59,41,0,10,14,33,27,16,0,5,6,22,14,12,0,5,8,11,13,4
20224,R,전통시장,3130180,포방터시장,59,34,25,0,13,11,15,6,14,0,4,4,11,5,10,0,9,7,4,1,4
20224,A,골목상권,3110521,홍제역 4번,63,36,27,0,4,7,19,17,16,0,0,4,10,9,13,0,4,3,9,8,3
20224,A,골목상권,3110529,홍제3동주민센터,125,58,67,0,13,20,27,25,40,0,2,5,8,14,29,0,11,15,19,11,11
20224,R,전통시장,3130177,인왕시장(홍제골목형상점가),44,7,37,0,1,1,8,7,27,0,0,0,1,3,3,0,1,1,7,4,24
20224,A,골목상권,3110589,애오개역 3번,46,13,33,0,3,3,15,11,14,0,0,1,4,6,2,0,3,2,11,5,12
20224,R,전통시장,3130195,도화동 상점가,1040,502,538,2,201,267,226,153,191,1,86,132,121,88,74,1,115,135,105,65,117
20224,R,전통시장,3130186,망원시장,143,53,90,0,9,23,40,41,30,0,6,11,14,10,12,0,3,12,26,31,18
20224,A,골목상권,3110542,마포구청역 7번,3997,2442,1555,16,527,714,775,1304,661,9,297,578,604,586,368,7,230,136,171,718,293
20224,D,발달상권,3120098,DMC(디지털미디어시티),8846,5391,3455,19,1691,3228,2856,875,177,11,813,1995,1821,616,135,8,878,1233,1035,259,42
20224,A,골목상권,3110561,상수역 4번,395,247,148,4,59,102,94,89,47,2,21,56,64,68,36,2,38,46,30,21,11
20224,R,전통시장,3130191,홍대 걷고싶은 거리,367,225,142,6,65,65,81,82,68,4,40,41,54,47,39,2,25,24,27,35,29
20224,A,골목상권,3110552,성미산체육관,637,465,172,1,110,159,145,158,64,0,72,120,98,128,47,1,38,39,47,30,17
20224,A,골목상권,3110553,가좌역 2번,281,167,114,0,26,51,79,81,44,0,16,28,44,43,36,0,10,23,35,38,8
20224,A,골목상권,3110570,KB국민은행 서강지점,61,39,22,0,4,22,18,12,5,0,4,13,10,7,5,0,0,9,8,5,0
20224,R,전통시장,3130193,신수시장,34,19,15,0,4,7,12,5,6,0,1,5,5,4,4,0,3,2,7,1,2
20224,A,골목상권,3110624,목동문화체육센터,379,232,147,0,93,117,75,63,31,0,40,79,46,48,19,0,53,38,29,15,12
20224,A,골목상권,3110626,양화초등학교,652,271,381,1,127,138,149,147,90,0,37,57,76,63,38,1,90,81,73,84,52
20224,A,골목상권,3110620,목동보건지소,458,241,217,4,51,85,105,125,88,4,20,48,50,65,54,0,31,37,55,60,34
20224,D,발달상권,3120111,목동사거리,1828,710,1118,1,551,601,341,219,115,0,101,248,161,116,84,1,450,353,180,103,31
20224,R,전통시장,3130202,신영시장,40,13,27,0,3,4,13,16,4,0,2,0,3,6,2,0,1,4,10,10,2
20224,R,전통시장,3130201,월정로시장,27,17,10,0,2,8,10,7,0,0,0,7,6,4,0,0,2,1,4,3,0
20224,A,골목상권,3110606,신한은행 신월동지점,544,307,237,1,49,83,152,152,107,1,26,44,84,72,80,0,23,39,68,80,27
20224,A,골목상권,3110613,신정네거리역 4번,80,20,60,0,8,25,24,19,4,0,2,6,7,4,1,0,6,19,17,15,3
20224,A,골목상권,3110657,양천향교역 5번,3180,2118,1062,12,334,603,741,695,795,8,191,396,493,385,645,4,143,207,248,310,150
20224,A,골목상권,3110648,양천향교역 7번,13,5,8,0,1,7,1,3,1,0,0,3,1,1,0,0,1,4,0,2,1
20224,A,골목상권,3110671,등촌1동주민센터,4521,2889,1632,8,1208,1381,956,636,332,2,375,916,788,522,286,6,833,465,168,114,46
20224,R,전통시장,3130214,송화벽화시장(송화골목시장),119,44,75,2,23,18,25,33,18,0,6,7,9,13,9,2,17,11,16,20,9
20224,A,골목상권,3110668,화곡2동주민센터,471,278,193,0,55,70,139,127,80,0,22,33,81,77,65,0,33,37,58,50,15
20224,A,골목상권,3110646,푸른들청소년도서관,754,384,370,1,92,113,198,187,163,1,26,47,97,99,114,0,66,66,101,88,49
20224,R,전통시장,3130221,"남부골목시장(남부화곡시장, 남부시장)",188,69,119,0,22,32,50,57,27,0,5,5,15,22,22,0,17,27,35,35,5
20224,A,골목상권,3110658,화곡초등학교,253,153,100,0,21,55,62,69,46,0,10,35,36,44,28,0,11,20,26,25,18
20224,A,골목상권,3110721,가리봉파출소,215,104,111,1,6,36,42,42,88,0,2,19,17,22,44,1,4,17,25,20,44
20224,A,골목상권,3110703,개봉역,307,192,115,4,28,54,91,77,53,3,16,30,54,49,40,1,12,24,37,28,13
20224,A,골목상권,3110706,그라운드 고척,410,100,310,0,122,101,101,68,18,0,22,20,28,20,10,0,100,81,73,48,8
20224,A,골목상권,3110701,고척동성당,567,379,188,2,126,185,125,92,37,0,81,133,82,54,29,2,45,52,43,38,8
20224,A,골목상권,3110709,구로119안전센터,185,108,77,0,19,22,56,51,37,0,14,13,36,29,16,0,5,9,20,22,21
20224,A,골목상권,3110716,구로나눔길,666,398,268,1,132,256,164,77,36,0,39,154,115,60,30,1,93,102,49,17,6
20224,D,발달상권,3120125,구로역,9531,6476,3055,29,1115,2177,2439,2305,1466,14,646,1505,1615,1580,1116,15,469,672,824,725,350
20224,A,골목상권,3110693,오류동역 4번,17,9,8,0,1,3,5,4,4,0,1,3,2,2,1,0,0,0,3,2,3
20224,A,골목상권,3110741,독산2동주민센터,444,159,285,0,69,117,96,108,54,0,43,35,26,33,22,0,26,82,70,75,32
20224,A,골목상권,3110789,대림성모병원,491,182,309,0,104,137,115,93,42,0,16,44,49,43,30,0,88,93,66,50,12
20224,A,골목상권,3110769,대림차이나타운(대림역 12번),42,12,30,0,6,8,12,10,6,0,0,3,4,3,2,0,6,5,8,7,4
20224,R,전통시장,3130244,대림중앙시장,94,39,55,3,15,16,21,16,23,2,10,8,10,5,4,1,5,8,11,11,19
20224,A,골목상권,3110772,신우어린이공원,94,55,39,0,9,15,22,26,22,0,5,8,12,19,11,0,4,7,10,7,11
20224,A,골목상권,3110785,영등포푸르지오아파트,161,84,77,2,13,17,39,44,46,2,8,12,24,14,24,0,5,5,15,30,22
20224,A,골목상권,3110761,문래동남성맨션,180,106,74,0,13,43,45,41,38,0,8,17,26,25,30,0,5,26,19,16,8
20224,R,전통시장,3130245,영일시장,675,567,108,1,61,189,238,136,50,0,41,148,217,115,46,1,20,41,21,21,4
20224,A,골목상권,3110758,문래소공원,296,221,75,1,44,77,70,67,37,0,32,60,46,52,31,1,12,17,24,15,6
20224,A,골목상권,3110815,공군호텔,2250,791,1459,4,426,519,477,509,315,0,88,197,168,172,166,4,338,322,309,337,149
20224,A,골목상권,3110787,신길3동주민센터,171,122,49,0,19,35,47,42,28,0,8,25,36,31,22,0,11,10,11,11,6
20224,A,골목상권,3110780,신길대성유니드아파트,223,171,52,0,22,42,71,56,32,0,18,34,51,41,27,0,4,8,20,15,5
20224,A,골목상권,3110804,신풍역 1번,312,187,125,0,15,37,62,63,135,0,4,15,29,35,104,0,11,22,33,28,31
20224,D,발달상권,3120150,63빌딩,8614,5431,3183,45,1167,2157,2997,1883,365,18,610,1437,1563,1568,235,27,557,720,1434,315,130
20224,D,발달상권,3120144,영중로,2017,1073,944,1,254,395,508,598,261,1,142,276,289,230,135,0,112,119,219,368,126
20224,A,골목상권,3110808,신길역 1번,67,48,19,0,3,22,21,13,8,0,3,15,14,9,7,0,0,7,7,4,1
20224,A,골목상권,3110832,노량진초등학교,491,269,222,0,54,105,122,153,57,0,24,64,85,70,26,0,30,41,37,83,31
20224,R,전통시장,3130266,만양로상점가,2,1,1,0,0,0,2,0,0,0,0,0,1,0,0,0,0,0,1,0,0
20224,A,골목상권,3110822,신대방삼거리역 4번(대림초등학교),313,131,182,0,57,71,68,76,41,0,13,28,34,35,21,0,44,43,34,41,20
20224,A,골목상권,3110850,사당역 10번,969,487,482,4,217,207,185,162,194,1,54,88,92,95,157,3,163,119,93,67,37
20224,R,전통시장,3130273,남성사계시장(남성시장),141,63,78,0,21,36,45,22,17,0,3,19,20,8,13,0,18,17,25,14,4
20224,R,전통시장,3130260,신대방1동골목상권,70,31,39,0,8,22,15,15,10,0,0,7,7,10,7,0,8,15,8,5,3
20224,R,전통시장,3130281,우림시장,1,0,1,0,0,0,1,0,0,0,0,0,0,0,0,0,0,0,1,0,0
20224,A,골목상권,3110859,난향초등학교,182,113,69,0,11,32,42,52,45,0,0,21,27,30,35,0,11,11,15,22,10
20224,A,골목상권,3110886,관악해태어린이공원,184,103,81,1,38,50,41,34,20,1,18,28,21,23,12,0,20,22,20,11,8
20224,A,골목상권,3110880,신림역 1번,995,275,720,0,379,296,157,128,35,0,78,87,66,33,11,0,301,209,91,95,24
20224,A,골목상권,3110888,청룡동주민센터,94,53,41,0,5,9,11,22,47,0,3,2,4,6,38,0,2,7,7,16,9
20224,A,골목상권,3110896,관악우성아파트,202,49,153,0,41,37,44,47,33,0,5,7,11,13,13,0,36,30,33,34,20
20224,A,골목상권,3110948,헌인가구단지,57,27,30,0,5,24,14,11,3,0,4,12,6,2,3,0,1,12,8,9,0
20224,D,발달상권,3120165,서래마을카페거리(서래마을),3467,2266,1201,11,605,1119,949,516,267,3,277,716,707,369,194,8,328,403,242,147,73
20224,A,골목상권,3110921,서울프랑스학교,506,312,194,7,63,70,115,134,117,2,30,43,80,86,71,5,33,27,35,48,46
20224,A,골목상권,3110907,방배초등학교,775,476,299,8,119,165,211,143,129,5,54,100,118,95,104,3,65,65,93,48,25
20224,A,골목상권,3110912,방배동사이길,210,128,82,3,33,45,53,42,34,2,16,27,39,21,23,1,17,18,14,21,11
20224,A,골목상권,3110933,한국상담대학원대학교,679,60,619,0,344,156,86,63,30,0,10,15,15,5,15,0,334,141,71,58,15
20224,D,발달상권,3120172,교대입구교차로,10241,5712,4529,53,2062,2700,2445,1945,1036,33,854,1635,1489,1004,697,20,1208,1065,956,941,339
20224,A,골목상권,3110935,한전아트센터,379,264,115,2,53,108,105,72,39,2,33,82,75,46,26,0,20,26,30,26,13
20224,D,발달상권,3120192,뱅뱅사거리,27363,18865,8498,72,5748,8234,6678,4352,2279,37,3275,5587,5090,3174,1702,35,2473,2647,1588,1178,577
20224,D,발달상권,3120180,양재화물트럭터미널앞,2562,2146,416,13,637,812,554,409,137,10,466,711,481,363,115,3,171,101,73,46,22
20224,A,골목상권,3110984,포이초등학교(개포목련어린이공원),1556,1046,510,2,236,342,331,306,339,0,140,241,211,199,255,2,96,101,120,107,84
20224,D,발달상권,3120190,강남을지병원,11725,6199,5526,44,3417,3232,2506,1512,1014,14,1228,1650,1567,988,752,30,2189,1582,939,524,262
20224,D,발달상권,3120196,서울세관,9664,5880,3784,15,1699,2887,2578,1611,874,2,596,1519,1718,1320,725,13,1103,1368,860,291,149
20224,D,발달상권,3120200,학동사거리,9363,3808,5555,26,2868,3075,1848,1005,541,9,654,1122,937,687,399,17,2214,1953,911,318,142
20224,D,발달상권,3120223,휘문고교사거리,9166,5574,3592,20,1785,2926,2736,1401,298,4,1102,2061,1597,609,201,16,683,865,1139,792,97
20224,A,골목상권,3110975,매봉역 1번,10837,6932,3905,34,2175,2199,3202,3019,208,21,1010,1161,2184,2402,154,13,1165,1038,1018,617,54
20224,A,골목상권,3110978,도곡2동주민센터(대치중학교),331,186,145,0,46,70,72,114,29,0,20,41,47,62,16,0,26,29,25,52,13
20224,A,골목상권,3110974,언주중학교,278,168,110,3,58,66,85,43,23,3,25,39,59,27,15,0,33,27,26,16,8
20224,D,발달상권,3120188,압구정역,8579,3750,4829,134,2204,2146,1550,1314,1231,47,698,969,897,556,583,87,1506,1177,653,758,648
20224,D,발달상권,3120202,압구정로데오역(압구정로데오),11735,6075,5660,41,2963,4419,2469,1425,418,11,793,2184,1593,1195,299,30,2170,2235,876,230,119
20224,A,골목상권,3110971,선정릉역 4번,1542,900,642,11,278,455,380,254,164,6,140,270,245,120,119,5,138,185,135,134,45
20224,D,발달상권,3120239,오금역,4595,2925,1670,17,840,1205,1156,897,480,11,447,798,824,483,362,6,393,407,332,414,118
20224,D,발달상권,3120241,거여역,1197,650,547,5,110,221,296,277,288,2,80,152,161,83,172,3,30,69,135,194,116
20224,A,골목상권,3111026,문정역 2번,2257,1479,778,7,430,626,537,409,248,3,235,420,381,229,211,4,195,206,156,180,37
20224,A,골목상권,3111017,송파나루역 3번,272,183,89,0,40,62,62,63,45,0,14,42,42,45,40,0,26,20,20,18,5
20224,A,골목상권,3111010,석촌역 7번,1512,1031,481,3,181,309,376,339,304,1,98,190,261,234,247,2,83,119,115,105,57
20224,A,골목상권,3111040,거여초등학교,346,137,209,0,26,86,124,77,33,0,9,27,48,30,23,0,17,59,76,47,10
20224,A,골목상권,3111034,오동나무공원(송파레미니스1단지),1465,1038,427,3,253,373,355,322,159,3,163,257,267,226,122,0,90,116,88,96,37
20224,A,골목상권,3111030,방이역 2번,665,419,246,1,57,107,147,217,136,0,28,68,94,128,101,1,29,39,53,89,35
20224,D,발달상권,3120225,잠실새내역(신천),5597,3589,2008,25,909,1191,1223,1162,1087,3,464,712,794,811,805,22,445,479,429,351,282
20224,A,골목상권,3111085,묘곡초등학교(고덕아이파크아파트),800,452,348,0,68,111,152,196,273,0,35,72,80,84,181,0,33,39,72,112,92
20224,A,골목상권,3111077,길동주민센터(강동도서관),1272,737,535,4,121,258,294,321,274,1,49,138,167,188,194,3,72,120,127,133,80
20224,R,전통시장,3130324,길동복조리시장,154,85,69,3,27,32,47,40,5,2,13,18,31,19,2,1,14,14,16,21,3
20224,D,발달상권,3120245,둔촌역,1884,1135,749,7,312,460,446,371,288,6,169,309,271,195,185,1,143,151,175,176,103
20224,A,골목상권,3111076,둔촌2동주민센터,297,174,123,0,25,49,61,86,76,0,14,24,34,39,63,0,11,25,27,47,13
20224,A,골목상권,3111080,굽은다리역 3번,434,235,199,0,44,77,100,110,103,0,12,52,63,58,50,0,32,25,37,52,53
20224,R,전통시장,3130320,암사종합시장,173,97,76,1,16,29,50,31,46,1,5,12,31,19,29,0,11,17,19,12,17
20224,R,전통시장,3130002,세종마을음식문화거리(금천교시장),564,392,172,4,56,109,120,121,154,0,26,74,75,90,127,4,30,35,45,31,27
20224,A,골목상권,3110037,신설동역 12번,208,124,84,0,16,46,51,61,34,0,6,20,32,41,25,0,10,26,19,20,9
20224,D,발달상권,3120014,종로5가역,4887,2839,2048,375,1123,1351,1205,597,236,112,456,860,851,397,163,263,667,491,354,200,73
20224,A,골목상권,3110029,동대문역 1번,247,68,179,0,11,34,64,82,56,0,1,8,25,21,13,0,10,26,39,61,43
20224,A,골목상권,3110021,성균관대학교,395,301,94,2,16,44,110,145,78,2,7,29,89,124,50,0,9,15,21,21,28
20224,R,전통시장,3130032,인현시장,167,123,44,0,3,25,47,54,38,0,3,16,35,40,29,0,0,9,12,14,9
20224,A,골목상권,3110056,신당역 3번,514,293,221,0,62,129,118,115,90,0,31,63,69,72,58,0,31,66,49,43,32
20224,D,발달상권,3120027,명동역(명동재미로),18097,8477,9620,67,2695,5851,6070,3074,340,9,859,2588,2522,2321,178,58,1836,3263,3548,753,162
20224,R,전통시장,3130054,황학동주방가구거리상점가,374,266,108,0,25,80,116,106,47,0,18,60,77,74,37,0,7,20,39,32,10
20224,A,골목상권,3110050,약수역 7번,306,229,77,0,34,81,75,74,42,0,21,59,60,56,33,0,13,22,15,18,9
20224,A,골목상권,3110042,남산골공원옆,683,424,259,3,91,156,195,166,72,0,37,89,131,121,46,3,54,67,64,45,26
20224,A,골목상권,3110088,오산고등학교,101,51,50,0,22,20,19,15,25,0,9,9,8,8,17,0,13,11,11,7,8
20224,A,골목상권,3110090,한국폴리텍대학서울정수캠퍼스,3968,2447,1521,1,446,1358,1632,500,31,1,173,548,1231,467,27,0,273,810,401,33,4
20224,A,골목상권,3110063,효창공원앞역 5번,530,347,183,8,47,104,139,132,100,6,25,71,93,87,65,2,22,33,46,45,35
20224,D,발달상권,3120040,용산전자상가(용산역),8008,5959,2049,43,1387,2728,2220,1237,393,30,880,2009,1728,997,315,13,507,719,492,240,78
20224,A,골목상권,3110058,성심여자고등학교,1189,857,332,10,168,333,362,206,110,3,77,243,278,166,90,7,91,90,84,40,20
20224,A,골목상권,3110087,이태원엔틱가구거리,329,113,216,0,151,130,29,10,9,0,26,52,19,8,8,0,125,78,10,2,1
20224,A,골목상권,3110067,배문고등학교,1547,895,652,1,215,370,383,320,258,0,84,173,199,225,214,1,131,197,184,95,44
20224,D,발달상권,3120047,한남오거리,2290,1458,832,11,366,751,623,343,196,9,152,461,438,249,149,2,214,290,185,94,47
20224,A,골목상권,3110098,서울독일학교,242,91,151,0,57,85,68,23,9,0,15,22,34,15,5,0,42,63,34,8,4
20224,A,골목상권,3110096,한남힐사이드아파트,502,337,165,3,155,183,85,47,29,3,89,132,63,26,24,0,66,51,22,21,5
20224,D,발달상권,3120048,금호역,76,28,48,0,16,10,18,21,11,0,2,2,6,11,7,0,14,8,12,10,4
20224,R,전통시장,3130063,신금호역 골목형상점가,30,21,9,0,2,4,5,9,10,0,1,3,4,7,6,0,1,1,1,2,4
20224,A,골목상권,3110119,마장지하차도,127,89,38,0,17,26,32,26,26,0,12,22,19,18,18,0,5,4,13,8,8
20224,A,골목상권,3110131,성수동카페거리,4798,3110,1688,15,902,1536,1123,699,523,9,460,993,777,497,374,6,442,543,346,202,149
20224,A,골목상권,3110134,성수119안전센터,771,587,184,4,65,108,185,252,157,4,38,78,143,200,124,0,27,30,42,52,33
20224,A,골목상권,3110136,경수초등학교,4745,2743,2002,43,1169,1097,978,875,583,32,439,633,615,593,431,11,730,464,363,282,152
20224,A,골목상권,3110100,옥수동우편취급국,37,26,11,0,5,17,8,5,2,0,0,14,6,4,2,0,5,3,2,1,0
20224,A,골목상권,3110118,왕십리역 9번,697,487,210,1,90,182,204,129,91,0,62,110,144,93,78,1,28,72,60,36,13
20224,D,발달상권,3120061,올림픽대교북단,1094,864,230,1,228,403,324,95,43,0,165,326,290,55,28,1,63,77,34,40,15
20224,D,발달상권,3120056,구의역,1879,884,995,6,322,352,510,413,276,6,105,129,223,246,175,0,217,223,287,167,101
20224,D,발달상권,3120059,구삼강변맛길,3277,1779,1498,6,431,676,553,747,864,4,244,472,365,322,372,2,187,204,188,425,492
20224,A,골목상권,3110149,세종대학교,122,72,50,0,15,21,31,23,32,0,8,13,19,7,25,0,7,8,12,16,7
20224,A,골목상권,3110155,광진구청,8356,7701,655,0,240,853,2408,4046,809,0,172,765,2256,3748,760,0,68,88,152,298,49
20224,A,골목상권,3110139,자양4동주민센터,204,116,88,0,13,28,53,51,59,0,3,14,32,25,42,0,10,14,21,26,17
20224,R,전통시장,3130077,조양시장,31,19,12,0,11,7,8,5,0,0,6,5,4,4,0,0,5,2,4,1,0
20224,A,골목상권,3110167,용마초등학교,380,223,157,2,22,56,99,112,89,0,9,20,52,64,78,2,13,36,47,48,11
20224,A,골목상권,3110176,해오름공원,791,439,352,1,84,212,229,173,92,1,32,119,126,91,70,0,52,93,103,82,22
20224,A,골목상권,3110204,간데메공원,411,268,143,3,83,97,82,89,57,3,57,64,46,58,40,0,26,33,36,31,17
20224,A,골목상권,3110226,장안1동주민센터,1882,1005,877,2,147,247,333,512,641,2,87,148,213,253,302,0,60,99,120,259,339
20224,A,골목상권,3110211,전곡마을마당공원,626,445,181,1,66,101,170,194,94,0,45,73,129,143,55,1,21,28,41,51,39
20224,A,골목상권,3110207,시립대앞사거리,33,21,12,0,4,10,6,5,8,0,2,8,3,3,5,0,2,2,3,2,3
20224,R,전통시장,3130086,서울약령시장,1184,651,533,4,113,208,305,341,213,0,56,128,165,181,121,4,57,80,140,160,92
20224,R,전통시장,3130087,경동광성상가(경동시장),28,20,8,0,5,3,8,7,5,0,3,2,6,5,4,0,2,1,2,2,1
20224,A,골목상권,3110198,동대문중앙새마을금고본점,67,26,41,0,1,0,18,37,11,0,0,0,8,10,8,0,1,0,10,27,3
20224,A,골목상권,3110200,동대문경찰서,74,50,24,0,1,6,21,13,33,0,0,1,11,6,32,0,1,5,10,7,1
20224,R,전통시장,3130115,우림골목시장,307,106,201,2,80,61,68,64,32,0,29,11,30,20,16,2,51,50,38,44,16
20224,A,골목상권,3110256,면목2동체육관,477,321,156,2,56,66,82,140,131,1,21,35,45,109,110,1,35,31,37,31,21
20224,A,골목상권,3110266,면목동우체국,225,182,43,0,10,31,38,79,67,0,1,19,30,69,63,0,9,12,8,10,4
20224,A,골목상권,3110236,신묵초등학교,1015,836,179,0,185,302,228,255,45,0,135,246,194,228,33,0,50,56,34,27,12
20224,A,골목상권,3110267,망우역 2번,139,49,90,1,15,28,50,28,17,1,2,10,19,13,4,0,13,18,31,15,13
20224,A,골목상권,3110234,중랑역 4번,96,41,55,0,15,16,23,25,17,0,2,5,10,14,10,0,13,11,13,11,7
20224,R,전통시장,3130121,길음시장,88,19,69,0,36,24,10,8,10,0,2,5,3,2,7,0,34,19,7,6,3
20224,A,골목상권,3110321,동덕여대,58,14,44,0,0,4,13,18,23,0,0,4,4,4,2,0,0,0,9,14,21
20224,A,골목상권,3110324,월곡역 4번,99,55,44,0,31,21,19,18,10,0,9,10,13,14,9,0,22,11,6,4,1
20224,A,골목상권,3110298,솔숲어린이공원,77,28,49,0,18,11,24,12,12,0,3,5,7,5,8,0,15,6,17,7,4
20224,A,골목상권,3110314,종암경찰서,949,699,250,1,127,271,223,286,41,0,72,206,162,231,28,1,55,65,61,55,13
20224,A,골목상권,3110365,미아역 5번,341,83,258,0,17,21,44,63,196,0,5,12,15,17,34,0,12,9,29,46,162
20224,A,골목상권,3110368,송천초등학교,199,178,21,0,9,16,39,71,64,0,5,11,34,66,62,0,4,5,5,5,2
20224,A,골목상권,3110352,수유1동주민센터,275,112,163,0,23,49,101,79,23,0,11,22,37,29,13,0,12,27,64,50,10
20224,A,골목상권,3110349,화계역 2번,83,67,16,0,6,4,21,33,19,0,5,3,12,28,19,0,1,1,9,5,0
20224,A,골목상권,3110367,강북구청,1943,976,967,5,195,512,483,522,226,4,64,205,237,340,126,1,131,307,246,182,100
20224,A,골목상권,3110339,국립4.19민주묘지,11,6,5,0,2,2,5,0,2,0,0,2,3,0,1,0,2,0,2,0,1
20224,A,골목상권,3110346,4.19민주묘지역 2번,96,48,48,0,12,13,19,19,33,0,3,7,8,7,23,0,9,6,11,12,10
20224,A,골목상권,3110395,신한은행 방학동지점,163,42,121,0,17,20,44,42,40,0,0,2,11,9,20,0,17,18,33,33,20
20224,A,골목상권,3110403,방학1동주민센터,316,167,149,1,44,56,63,78,74,1,30,37,36,36,27,0,14,19,27,42,47
20224,A,골목상권,3110393,국민은행방학지점,49,13,36,0,2,10,17,15,5,0,0,0,4,6,3,0,2,10,13,9,2
20224,A,골목상권,3110398,쌍문2동우체국,474,326,148,0,30,65,96,153,130,0,11,27,50,124,114,0,19,38,46,29,16
20224,R,전통시장,3130150,창동골목시장,84,47,37,0,19,30,14,8,13,0,7,20,9,5,6,0,12,10,5,3,7
20224,A,골목상권,3110401,도봉구민회관,243,65,178,0,29,32,38,87,57,0,4,14,14,22,11,0,25,18,24,65,46
20224,D,발달상권,3120084,공릉역,712,546,166,3,33,59,110,240,267,1,11,22,63,205,244,2,22,37,47,35,23
20224,A,골목상권,3110419,수락산디자인거리,695,462,233,5,94,131,159,180,126,5,49,76,108,130,94,0,45,55,51,50,32
20224,A,골목상권,3110425,계상초등학교,136,59,77,2,18,12,36,40,28,2,5,7,19,15,11,0,13,5,17,25,17
20224,A,골목상권,3110421,석계역 1번,249,109,140,0,22,37,78,65,47,0,8,16,31,26,28,0,14,21,47,39,19
20224,R,전통시장,3130167,연신내상점가(연빛거리),632,234,398,1,143,140,156,118,74,1,30,48,57,51,47,0,113,92,99,67,27
20224,D,발달상권,3120088,구산역,799,279,520,2,86,117,175,272,147,2,30,65,68,59,55,0,56,52,107,213,92
20224,A,골목상권,3110473,구산역 1번,436,241,195,0,34,59,113,107,123,0,24,27,53,49,88,0,10,32,60,58,35
20224,A,골목상권,3110487,불광역 8번,63,35,28,0,11,22,15,8,7,0,6,11,7,8,3,0,5,11,8,0,4
20224,A,골목상권,3110480,연신내역 3번,161,51,110,0,16,35,52,35,23,0,3,9,17,12,10,0,13,26,35,23,13
20224,A,골목상권,3110474,세명컴퓨터고등학교,119,55,64,0,7,33,28,23,28,0,2,14,11,8,20,0,5,19,17,15,8
20224,A,골목상권,3110482,연신초등학교,11,7,4,0,0,0,4,6,1,0,0,0,3,3,1,0,0,0,1,3,0
20224,A,골목상권,3110455,역촌노인복지관,690,369,321,2,73,120,187,203,105,0,37,64,89,109,70,2,36,56,98,94,35
20224,A,골목상권,3110470,신진과학기술고등학교,93,65,28,0,7,17,34,25,10,0,5,10,26,19,5,0,2,7,8,6,5
20224,A,골목상권,3110475,백련산해모로아파트,245,127,118,1,23,44,76,70,31,1,10,24,44,29,19,0,13,20,32,41,12
20224,D,발달상권,3120089,구파발역,5,1,4,0,0,0,1,2,2,0,0,0,0,1,0,0,0,0,1,1,2
20224,R,전통시장,3130173,백련시장,5,3,2,0,0,1,0,2,2,0,0,1,0,0,2,0,0,0,0,2,0
20224,D,발달상권,3120096,"이화여대(이대역, 이대)",493,210,283,1,81,137,130,86,58,0,27,52,48,43,40,1,54,85,82,43,18
20224,A,골목상권,3110532,아현역 2번,328,204,124,0,52,33,46,78,119,0,17,13,22,57,95,0,35,20,24,21,24
20224,R,전통시장,3130178,이대 앞 스타트업 상점가,30,6,24,0,5,5,8,6,6,0,1,0,3,0,2,0,4,5,5,6,4
20224,A,골목상권,3110517,서대문소방서,884,634,250,8,197,216,203,177,83,5,99,170,163,146,51,3,98,46,40,31,32
20224,A,골목상권,3110512,연희지하차도,335,165,170,0,40,62,102,99,32,0,14,38,44,49,20,0,26,24,58,50,12
20224,A,골목상권,3110536,돈의문센트레빌아파트입구,141,105,36,0,12,23,61,32,13,0,7,17,50,21,10,0,5,6,11,11,3
20224,A,골목상권,3110534,경기대학교,157,88,69,0,10,29,28,42,48,0,7,20,14,19,28,0,3,9,14,23,20
20224,A,골목상권,3110516,정원여중,227,101,126,0,35,40,62,65,25,0,17,18,27,23,16,0,18,22,35,42,9
20224,A,골목상권,3110527,홍제역 2번,185,89,96,1,36,40,36,40,32,1,11,26,15,21,15,0,25,14,21,19,17
20224,A,골목상권,3110572,서강대역 1번,470,254,216,1,63,130,117,116,43,1,32,67,58,66,30,0,31,63,59,50,13
20224,A,골목상권,3110575,대흥동주민센터,208,157,51,2,25,48,36,49,48,2,11,35,25,41,43,0,14,13,11,8,5
20224,D,발달상권,3120100,망원역,846,397,449,4,199,227,191,137,88,2,52,99,101,94,49,2,147,128,90,43,39
20224,R,전통시장,3130185,망원월드컵시장,190,123,67,1,26,69,53,25,16,1,14,43,35,16,14,0,12,26,18,9,2
20224,A,골목상권,3110547,KB국민은행 망원동지점,284,168,116,0,13,47,93,76,55,0,4,25,55,45,39,0,9,22,38,31,16
20224,R,전통시장,3130183,상암동상점가,816,607,209,1,89,204,283,187,52,0,49,150,227,143,38,1,40,54,56,44,14
20224,A,골목상권,3110569,홍대땡땡거리,358,153,205,2,62,108,97,53,36,1,18,48,46,19,21,1,44,60,51,34,15
20224,A,골목상권,3110554,망원역 1번,1579,777,802,2,213,371,508,350,135,2,105,188,241,156,85,0,108,183,267,194,50
20224,A,골목상권,3110551,성서초등학교,803,387,416,1,110,164,235,172,121,1,42,90,114,81,59,0,68,74,121,91,62
20224,R,전통시장,3130198,아현시장,203,45,158,1,51,84,52,10,5,0,8,5,26,4,2,1,43,79,26,6,3
20224,A,골목상권,3110550,합정역 8번,1578,740,838,1,240,411,414,333,179,0,84,165,221,171,99,1,156,246,193,162,80
20224,A,골목상권,3110546,양화대교북단,732,436,296,3,189,254,157,76,53,3,81,126,120,62,44,0,108,128,37,14,9
20224,D,발달상권,3120114,목동신시가지,13498,9371,4127,46,2070,3798,3444,2895,1245,29,1126,2619,2554,2204,839,17,944,1179,890,691,406
20224,A,골목상권,3110619,목4동주민센터,311,203,108,1,51,87,89,64,19,1,16,52,58,57,19,0,35,35,31,7,0
20224,A,골목상권,3110607,금빛새마을금고본점,47,29,18,0,1,10,11,14,11,0,1,4,5,10,9,0,0,6,6,4,2
20224,A,골목상권,3110608,신월2동주민센터,875,454,421,1,51,116,229,273,205,1,23,69,117,127,117,0,28,47,112,146,88
20224,A,골목상권,3110647,화곡역 5번,899,461,438,2,117,230,224,230,96,1,44,138,111,116,51,1,73,92,113,114,45
20224,A,골목상권,3110594,신월중학교,357,182,175,0,35,116,89,85,32,0,10,41,50,52,29,0,25,75,39,33,3
20224,R,전통시장,3130205,신곡종합시장(신월6동 골목시장),141,103,38,1,17,36,39,32,16,0,10,27,33,18,15,1,7,9,6,14,1
20224,A,골목상권,3110602,신월시영아파트중문,674,584,90,1,8,23,81,250,311,0,4,14,55,218,293,1,4,9,26,32,18
20224,A,골목상권,3110600,신월7동주민센터,350,263,87,0,32,30,66,101,121,0,17,14,38,79,115,0,15,16,28,22,6
20224,A,골목상권,3110610,계남근린공원,126,85,41,0,5,11,41,44,25,0,3,6,28,35,13,0,2,5,13,9,12
20224,A,골목상권,3110616,양목초등학교,161,103,58,0,3,23,19,40,76,0,2,18,14,32,37,0,1,5,5,8,39
20224,A,골목상권,3110611,신정역 1번,289,192,97,2,34,57,88,74,34,2,20,42,52,46,30,0,14,15,36,28,4
20224,A,골목상권,3110635,공항시장역 3번,1451,391,1060,4,64,82,162,479,660,1,43,58,63,33,193,3,21,24,99,446,467
20224,D,발달상권,3120122,강서구청,2179,1231,948,4,314,461,494,447,459,2,103,228,271,262,365,2,211,233,223,185,94
20224,A,골목상권,3110638,신방화역 2번,372,202,170,3,53,75,88,87,66,3,22,40,44,43,50,0,31,35,44,44,16
20224,A,골목상권,3110650,우장산힐스테이트,143,116,27,0,23,30,51,20,19,0,15,25,42,17,17,0,8,5,9,3,2
20224,A,골목상권,3110702,개봉초등학교,131,93,38,1,15,18,33,34,30,1,10,13,23,24,22,0,5,5,10,10,8
20224,R,전통시장,3130227,고척골목시장상점가(그라운드 고척),33,14,19,0,4,6,10,8,5,0,0,1,5,5,3,0,4,5,5,3,2
20224,A,골목상권,3110699,덕의초등학교,136,79,57,0,14,22,29,43,28,0,7,14,13,24,21,0,7,8,16,19,7
20224,D,발달상권,3120129,구로디지털단지,48873,32033,16840,196,10422,16630,12386,5777,3462,127,5285,11083,8771,3995,2772,69,5137,5547,3615,1782,690
20224,A,골목상권,3110712,남구로역 5번,233,108,125,1,32,36,66,64,34,0,10,17,24,32,25,1,22,19,42,32,9
20224,A,골목상권,3110720,대림역 2번,228,87,141,0,27,50,65,49,37,0,11,14,18,17,27,0,16,36,47,32,10
20224,R,전통시장,3130231,독산동 우시장,611,476,135,2,31,74,126,196,182,0,16,55,97,145,163,2,15,19,29,51,19
20224,A,골목상권,3110745,독산동정훈단지,251,191,60,0,11,20,33,86,101,0,3,12,22,64,90,0,8,8,11,22,11
20224,D,발달상권,3120134,구로전화국,2014,1668,346,0,107,157,172,223,1355,0,44,75,96,153,1300,0,63,82,76,70,55
20224,A,골목상권,3110755,동일여자고등학교,193,51,142,0,10,24,45,70,44,0,3,8,17,11,12,0,7,16,28,59,32
20224,D,발달상권,3120143,당산역,2671,1987,684,9,326,516,558,517,745,2,194,394,403,386,608,7,132,122,155,131,137
20224,A,골목상권,3110778,구로디지털단지역 4번,1596,862,734,0,248,459,484,224,181,0,122,281,192,136,131,0,126,178,292,88,50
20224,A,골목상권,3110771,대림역 11번,955,604,351,0,22,38,128,210,557,0,21,30,73,131,349,0,1,8,55,79,208
20224,D,발달상권,3120139,대림3동사거리,3619,2404,1215,14,423,867,992,727,596,5,220,632,783,462,302,9,203,235,209,265,294
20224,A,골목상권,3110768,도림2동유수지내체육시설,294,155,139,0,20,43,63,73,95,0,7,22,32,41,53,0,13,21,31,32,42
20224,A,골목상권,3110759,문래예술촌(문래창작촌),4221,2168,2053,9,521,838,1001,1281,571,5,266,553,595,462,287,4,255,285,406,819,284
20224,D,발달상권,3120152,신대방삼거리역,578,278,300,1,66,127,150,148,86,1,22,63,80,70,42,0,44,64,70,78,44
20224,A,골목상권,3110818,신대방역 3번,20,9,11,0,1,3,7,7,2,0,1,3,2,1,2,0,0,0,5,6,0
20224,A,골목상권,3110856,미성초등학교,538,295,243,3,58,85,170,150,72,1,28,44,99,71,52,2,30,41,71,79,20
20224,A,골목상권,3110874,원신초등학교(구세군관악영문교회),46,15,31,1,4,19,7,12,3,1,1,3,3,6,1,0,3,16,4,6,2
20224,A,골목상권,3110879,신림현대아파트,17,7,10,0,2,3,5,5,2,0,1,2,2,2,0,0,1,1,3,3,2
20224,A,골목상권,3110885,영락고등학교,339,213,126,0,37,58,94,88,62,0,18,33,61,56,45,0,19,25,33,32,17
20224,D,발달상권,3120157,신림역(신림),637,257,380,1,96,116,146,139,139,0,19,40,82,49,67,1,77,76,64,90,72
20224,A,골목상권,3110858,신대방역 1번,66,33,33,0,5,9,17,7,28,0,0,1,6,2,24,0,5,8,11,5,4
20224,A,골목상권,3110872,신림초등학교,279,196,83,3,54,68,69,54,31,3,36,54,54,42,7,0,18,14,15,12,24
20224,A,골목상권,3110855,신대방역 2번,429,275,154,2,53,111,126,90,47,0,22,81,83,55,34,2,31,30,43,35,13
20224,R,전통시장,3130276,신림중앙시장(조원동 펭귄시장),39,27,12,0,1,2,13,11,12,0,0,2,7,9,9,0,1,0,6,2,3
20224,A,골목상권,3110947,청계산입구역 2번(내곡동주민센터),112,45,67,0,18,17,27,18,32,0,8,9,14,7,7,0,10,8,13,11,25
20224,D,발달상권,3120177,신논현역 1번,694,436,258,1,84,187,202,143,77,0,34,111,130,106,55,1,50,76,72,37,22
20224,D,발달상권,3120187,신논현역,13076,7778,5298,64,3624,3962,2984,1673,769,27,1516,2302,2121,1247,565,37,2108,1660,863,426,204
20224,A,골목상권,3110913,방현초등학교(방배119안전센터),3293,2109,1184,7,571,1263,876,376,200,4,272,822,625,237,149,3,299,441,251,139,51
20224,A,골목상권,3110934,우면주공아파트,994,674,320,6,197,291,253,161,86,5,83,217,195,110,64,1,114,74,58,51,22
20224,A,골목상권,3110937,방아다리근린공원(횃불트리니티신학대학원대학교),2465,1270,1195,7,634,861,542,318,103,6,246,507,335,113,63,1,388,354,207,205,40
20224,D,발달상권,3120183,양재천카페거리,3558,2626,932,12,586,972,848,551,589,10,364,717,638,413,484,2,222,255,210,138,105
20224,D,발달상권,3120205,매봉역,13950,9370,4580,95,2838,4203,3126,1781,1907,44,1450,2959,2521,1302,1094,51,1388,1244,605,479,813
20224,D,발달상권,3120194,언주역(차병원),12628,8724,3904,37,2790,4202,2802,1923,874,14,1366,2863,2239,1588,654,23,1424,1339,563,335,220
20224,A,골목상권,3110955,논현초등학교,3430,2238,1192,19,719,823,793,625,451,13,417,568,554,389,297,6,302,255,239,236,154
20224,R,전통시장,3130303,영동전통시장,242,95,147,0,21,60,67,58,36,0,7,19,22,24,23,0,14,41,45,34,13
20224,D,발달상권,3120215,포스코사거리,61667,40706,20961,170,9756,22506,18178,8408,2649,29,4305,14324,13853,6409,1786,141,5451,8182,4325,1999,863
20224,A,골목상권,3110992,도곡초등학교,2179,1144,1035,3,269,440,484,524,459,1,108,253,258,260,264,2,161,187,226,264,195
20224,A,골목상권,3110991,삼성중앙역 5번,1246,794,452,1,111,415,339,275,105,1,28,243,229,216,77,0,83,172,110,59,28
20224,A,골목상권,3111000,대왕초등학교(세곡동사거리서남측),39,20,19,0,7,10,12,8,2,0,0,4,10,4,2,0,7,6,2,4,0
20224,A,골목상권,3110999,윗방죽마을공원,268,130,138,2,19,43,44,83,77,1,12,27,27,39,24,1,7,16,17,44,53
20224,R,전통시장,3130302,강남시장(강남구 강남시장),58,33,25,0,13,15,14,8,8,0,7,10,9,2,5,0,6,5,5,6,3
20224,A,골목상권,3110963,역삼월드메르디앙아파트,779,545,234,1,126,183,226,154,89,0,79,144,171,97,54,1,47,39,55,57,35
20224,A,골목상권,3110967,역삼역 8번,377,228,149,0,63,92,89,92,41,0,31,51,60,56,30,0,32,41,29,36,11
20224,A,골목상권,3110972,강남세브란스병원미래의학연구센터,2628,1440,1188,17,539,669,692,581,130,4,240,428,438,258,72,13,299,241,254,323,58
20224,A,골목상권,3110969,베르사이유1아파트,1546,1230,316,4,231,442,483,285,101,2,165,345,402,239,77,2,66,97,81,46,24
20224,R,전통시장,3130307,도곡시장,17,9,8,0,0,3,4,7,3,0,0,2,1,4,2,0,0,1,3,3,1
20224,A,골목상권,3110990,청담역 12번,262,109,153,2,61,92,56,36,15,0,12,32,29,23,13,2,49,60,27,13,2
20224,A,골목상권,3110985,청담근린공원,1338,948,390,0,193,447,374,226,98,0,98,346,275,157,72,0,95,101,99,69,26
20224,R,전통시장,3130308,청담삼익시장,48,30,18,0,5,11,13,7,12,0,3,6,8,4,9,0,2,5,5,3,3
20224,D,발달상권,3120231,가락시장,5698,4083,1615,0,368,1051,1564,1654,1061,0,264,836,1185,1098,700,0,104,215,379,556,361
20224,D,발달상권,3120240,개롱역,1609,1102,507,7,212,314,404,431,241,5,125,230,269,295,178,2,87,84,135,136,63
20224,A,골목상권,3111021,방이역 4번,7683,5874,1809,22,793,1329,1979,2137,1423,15,391,912,1552,1769,1235,7,402,417,427,368,188
20224,A,골목상권,3111008,석촌고분역 3번,1551,1177,374,1,182,286,280,382,420,1,148,237,208,248,335,0,34,49,72,134,85
20224,A,골목상권,3111015,석촌역 3번,1352,778,574,1,151,315,350,351,184,1,72,199,216,181,109,0,79,116,134,170,75
20224,A,골목상권,3111016,송파역 2번,3803,1601,2202,15,1126,1104,801,601,156,8,407,533,427,165,61,7,719,571,374,436,95
20224,A,골목상권,3111038,보인중학교,416,270,146,0,26,66,113,123,88,0,11,38,85,88,48,0,15,28,28,35,40
20224,A,골목상권,3111011,잠실나루역,9608,7747,1861,42,1275,3018,2795,2046,432,18,924,2492,2309,1674,330,24,351,526,486,372,102
20224,A,골목상권,3111003,삼전역 4번,1996,1337,659,6,249,412,549,437,343,1,160,278,332,308,258,5,89,134,217,129,85
20224,R,전통시장,3130311,새마을시장,377,246,131,1,60,78,104,75,59,0,28,48,80,55,35,1,32,30,24,20,24
20224,R,전통시장,3130326,고덕 골목형상점가,935,850,85,0,8,37,165,395,330,0,4,31,147,360,308,0,4,6,18,35,22
20224,A,골목상권,3111088,고덕동성당,123,54,69,0,15,32,32,31,13,0,4,15,10,15,10,0,11,17,22,16,3
20224,A,골목상권,3111071,천동초등학교,76,52,24,0,4,15,21,25,11,0,4,6,18,16,8,0,0,9,3,9,3
20224,A,골목상권,3111079,둔촌고등학교(둔촌중학교),377,197,180,1,43,58,60,76,139,1,28,34,33,28,73,0,15,24,27,48,66
20224,A,골목상권,3111050,강동구청(강동구청역 2번),131,96,35,0,21,14,21,32,43,0,12,5,12,27,40,0,9,9,9,5,3
20224,D,발달상권,3120243,천호역,1395,637,758,6,189,265,331,296,308,2,64,109,143,126,193,4,125,156,188,170,115
20224,A,골목상권,3111062,둔촌동역 3번(성내3동주민센터),751,501,250,5,134,198,194,144,76,5,81,139,126,91,59,0,53,59,68,53,17
20224,A,골목상권,3111066,암사동성당(효정하나플러스아파트),417,255,162,3,46,103,101,113,51,0,14,53,66,91,31,3,32,50,35,22,20
20224,A,골목상권,3111052,암사역 3번(천호동자전거거리),357,228,129,1,26,71,117,94,48,1,11,47,76,58,35,0,15,24,41,36,13
20224,A,골목상권,3111069,천호1동주민센터,79,54,25,0,8,17,17,26,11,0,4,12,14,14,10,0,4,5,3,12,1
20224,A,골목상권,3111048,천호역 1번(천호문구완구거리),183,101,82,3,18,52,44,42,24,2,10,24,26,23,16,1,8,28,18,19,8
20224,A,골목상권,3110003,세검정초등학교,607,337,270,7,78,120,167,167,68,6,35,45,103,96,52,1,43,75,64,71,16
20224,R,전통시장,3130020,동묘시장(동묘벼룩시장),407,177,230,5,154,93,73,58,24,5,43,31,45,32,21,0,111,62,28,26,3
20224,R,전통시장,3130005,세운상가가동,133,93,40,0,7,34,35,21,36,0,5,23,28,8,29,0,2,11,7,13,7
20224,D,발달상권,3120004,종로구청,12937,7078,5859,9,1442,4392,4485,2080,529,4,432,2050,2756,1493,343,5,1010,2342,1729,587,186
20224,R,전통시장,3130004,낙원시장(낙원지하시장(대일상가)),364,258,106,0,29,70,99,78,88,0,14,51,68,57,68,0,15,19,31,21,20
20224,R,전통시장,3130010,종로신진시장,200,113,87,0,20,29,55,48,48,0,14,17,24,26,32,0,6,12,31,22,16
20224,A,골목상권,3110032,수족관거리,30,15,15,0,3,5,4,13,5,0,2,1,2,7,3,0,1,4,2,6,2
20224,U,관광특구,3001493,동대문패션타운 관광특구,5916,2900,3016,36,1415,1672,1133,1020,640,13,536,733,643,584,391,23,879,939,490,436,249
20224,A,골목상권,3110049,장충단 고개,2303,1240,1063,4,566,582,448,431,272,2,174,314,281,257,212,2,392,268,167,174,60
20224,D,발달상권,3120039,신당역,2348,1249,1099,31,795,488,410,342,282,11,348,245,228,226,191,20,447,243,182,116,91
20224,A,골목상권,3110041,남산케이블카,967,435,532,2,118,152,175,254,266,2,51,69,83,87,143,0,67,83,92,167,123
20224,R,전통시장,3130052,서울중앙시장(신중앙시장),479,342,137,0,106,156,101,61,55,0,80,110,57,45,50,0,26,46,44,16,5
20224,D,발달상권,3120036,장충동족발거리(남소영길),2289,1090,1199,14,616,783,556,223,97,0,122,393,365,155,55,14,494,390,191,68,42
20224,A,골목상권,3110054,청구역 3번,1542,854,688,3,259,378,315,340,247,1,90,204,220,215,124,2,169,174,95,125,123
20224,R,전통시장,3130056,용산용문시장,65,34,31,0,7,15,18,10,15,0,4,6,7,6,11,0,3,9,11,4,4
20224,A,골목상권,3110080,해방촌예술마을,311,168,143,0,53,71,88,58,41,0,18,40,52,31,27,0,35,31,36,27,14
20224,A,골목상권,3110065,남정초등학교,137,92,45,0,17,45,48,17,10,0,9,37,31,10,5,0,8,8,17,7,5
20224,A,골목상권,3110579,마포역 4번,750,563,187,2,54,162,247,219,66,1,37,124,188,165,48,1,17,38,59,54,18
20224,D,발달상권,3120046,이태원(이태원역),2285,1299,986,24,818,684,339,224,196,15,389,422,205,137,131,9,429,262,134,87,65
20224,D,발달상권,3120044,삼각지역,1905,1415,490,5,357,534,461,374,174,5,220,403,384,278,125,0,137,131,77,96,49
20224,A,골목상권,3110123,마장역 3번,511,382,129,0,42,56,91,185,137,0,21,36,63,141,121,0,21,20,28,44,16
20224,A,골목상권,3110121,한양대역 4번,45,30,15,0,3,10,8,11,13,0,2,5,5,7,11,0,1,5,3,4,2
20224,D,발달상권,3120049,왕십리역(왕십리),1459,1004,455,1,183,301,377,468,129,1,92,187,272,371,81,0,91,114,105,97,48
20224,A,골목상권,3110127,성수1가1동주민센터,290,157,133,0,31,55,56,100,48,0,11,40,31,47,28,0,20,15,25,53,20
20224,D,발달상권,3120051,뚝섬역,3944,2582,1362,20,703,946,867,651,757,15,446,646,549,445,481,5,257,300,318,206,276
20224,R,전통시장,3130071,성수역 골목형상점가,335,180,155,1,61,89,70,43,71,0,27,43,43,29,38,1,34,46,27,14,33
20224,A,골목상권,3110114,왕십리파출소,33,19,14,0,3,2,8,14,6,0,1,1,4,8,5,0,2,1,4,6,1
20224,A,골목상권,3110174,아차산역 1번,432,305,127,1,49,80,115,104,83,1,25,57,76,69,77,0,24,23,39,35,6
20224,A,골목상권,3110140,건대입구역 6번,429,268,161,6,37,67,113,120,86,5,17,34,65,83,64,1,20,33,48,37,22
20224,A,골목상권,3110152,중곡어린이공원,340,300,40,0,17,29,64,121,109,0,10,21,55,109,105,0,7,8,9,12,4
20224,A,골목상권,3110161,중곡역 3번,236,135,101,3,11,33,58,65,66,0,2,16,37,40,40,3,9,17,21,25,26
20224,R,전통시장,3130084,신성시장(신성골목시장),21,6,15,0,3,5,8,4,1,0,0,1,2,2,1,0,3,4,6,2,0
20224,A,골목상권,3110141,건대입구역 1번,213,138,75,1,23,49,67,48,25,1,11,27,51,32,16,0,12,22,16,16,9
20224,A,골목상권,3110144,어린이대공원역 4번,104,49,55,0,35,17,21,19,12,0,9,10,11,10,9,0,26,7,10,9,3
20224,R,전통시장,3130097,답십리 건축자재시장,291,188,103,1,16,42,42,36,154,0,7,34,23,19,105,1,9,8,19,17,49
20224,A,골목상권,3110209,답십리 장령당공원,83,52,31,0,3,11,28,19,22,0,1,5,16,15,15,0,2,6,12,4,7
20224,R,전통시장,3130101,답십리현대시장,8,5,3,0,0,1,3,2,2,0,0,1,1,2,1,0,0,0,2,0,1
20224,A,골목상권,3110186,종암초등학교,114,86,28,0,9,21,16,34,34,0,3,18,10,26,29,0,6,3,6,8,5
20224,A,골목상권,3110221,의릉,95,69,26,0,10,12,36,29,8,0,6,10,24,22,7,0,4,2,12,7,1
20224,A,골목상권,3110202,전농1동주민센터(전농시장),111,68,43,0,14,35,31,20,11,0,9,19,21,14,5,0,5,16,10,6,6
20224,A,골목상권,3110206,텃골근린공원,92,37,55,0,8,14,25,24,21,0,4,7,8,8,10,0,4,7,17,16,11
20224,R,전통시장,3130094,청량리청과물시장,54,24,30,0,7,13,17,7,10,0,0,4,10,2,8,0,7,9,7,5,2
20224,R,전통시장,3130095,청량리전통시장,95,38,57,0,6,16,18,33,22,0,4,6,9,10,9,0,2,10,9,23,13
20224,A,골목상권,3110199,홍릉시장,65,41,24,0,11,15,18,14,7,0,8,8,10,9,6,0,3,7,8,5,1
20224,A,골목상권,3110219,삼육보건대학교,251,146,105,0,18,42,70,81,40,0,11,20,32,52,31,0,7,22,38,29,9
20224,A,골목상권,3110268,망우3동주민센터,60,30,30,0,10,13,10,18,9,0,1,5,7,10,7,0,9,8,3,8,2
20224,R,전통시장,3130114,유영시장,31,20,11,0,9,5,3,8,6,0,7,2,2,5,4,0,2,3,1,3,2
20224,A,골목상권,3110237,메가박스 상봉,274,152,122,0,30,67,97,54,26,0,13,37,48,36,18,0,17,30,49,18,8
20224,A,골목상권,3110258,면동초등학교,260,99,161,0,32,49,79,66,34,0,1,20,28,34,16,0,31,29,51,32,18
20224,A,골목상권,3110254,오거리공원,259,90,169,1,19,75,79,53,32,0,6,15,35,22,12,1,13,60,44,31,20
20224,A,골목상권,3110264,면목역 2번,358,170,188,1,52,75,93,80,57,0,21,40,40,37,32,1,31,35,53,43,25
20224,A,골목상권,3110248,먹골파출소,85,47,38,1,19,23,20,12,10,0,7,14,12,4,10,1,12,9,8,8,0
20224,A,골목상권,3110279,신내역 2번,9,8,1,0,0,1,4,4,0,0,0,1,3,4,0,0,0,0,1,0,0
20224,A,골목상권,3110245,KB국민은행 중화동지점,156,81,75,0,8,36,52,40,20,0,5,16,26,19,15,0,3,20,26,21,5
20224,R,전통시장,3130108,태능엔터피아(태릉시장),3,1,2,0,0,0,1,2,0,0,0,0,0,1,0,0,0,0,1,1,0
20224,A,골목상권,3110308,길음역 8번,174,85,89,0,17,36,56,41,24,0,8,17,26,20,14,0,9,19,30,21,10
20224,D,발달상권,3120073,미아사거리,353,135,218,3,40,67,95,95,53,2,16,29,45,23,20,1,24,38,50,72,33
20224,A,골목상권,3110300,삼선동주민센터,2735,1587,1148,3,248,710,769,844,161,2,97,300,444,629,115,1,151,410,325,215,46
20224,D,발달상권,3120072,성신여대,1048,537,511,18,137,211,213,271,198,11,46,86,103,152,139,7,91,125,110,119,59
20224,A,골목상권,3110301,성신여대입구역 7번,484,209,275,1,73,84,96,134,96,0,31,37,39,62,40,1,42,47,57,72,56
20224,R,전통시장,3130120,돈암시장(돈암제일시장),99,23,76,1,20,20,25,18,15,0,0,2,7,8,6,1,20,18,18,10,9
20224,A,골목상권,3110328,상월곡역 3번,235,157,78,1,38,75,62,37,22,1,26,58,33,24,15,0,12,17,29,13,7
20224,R,전통시장,3130126,새석관시장,13,8,5,0,1,4,2,5,1,0,0,3,1,3,1,0,1,1,1,2,0
20224,R,전통시장,3130128,돌곶이시장(석관황금시장),191,157,34,0,30,36,41,72,12,0,28,26,29,62,12,0,2,10,12,10,0
20224,A,골목상권,3110323,상월곡역 1번,109,30,79,2,25,24,28,18,12,0,4,5,11,5,5,2,21,19,17,13,7
20224,A,골목상권,3110325,장곡초등학교,57,18,39,0,0,14,20,17,6,0,0,3,7,4,4,0,0,11,13,13,2
20224,A,골목상권,3110329,우리은행체육관,34,27,7,1,1,5,6,14,7,1,0,5,5,10,6,0,1,0,1,4,1
20224,A,골목상권,3110418,광운대학교 남단,100,45,55,0,11,17,23,26,23,0,5,5,13,16,6,0,6,12,10,10,17
20224,A,골목상권,3110292,정릉역 2번,33,14,19,0,1,5,16,6,5,0,1,3,5,3,2,0,0,2,11,3,3
20224,A,골목상권,3110289,북한산보국문역 2번,144,105,39,0,9,28,49,32,26,0,6,23,30,24,22,0,3,5,19,8,4
20224,A,골목상권,3110320,KB국민은행 종암동지점,79,51,28,0,2,11,27,24,15,0,1,5,15,17,13,0,1,6,12,7,2
20224,A,골목상권,3110369,성신여대운정그린캠퍼스,518,214,304,1,49,46,131,131,160,1,10,16,44,53,90,0,39,30,87,78,70
20224,A,골목상권,3110376,수송초등학교,224,142,82,0,26,47,62,60,29,0,12,29,38,41,22,0,14,18,24,19,7
20224,R,전통시장,3130143,방천골목시장,65,36,29,0,11,7,19,24,4,0,6,5,9,13,3,0,5,2,10,11,1
20224,R,전통시장,3130140,숭인시장,62,27,35,0,9,13,10,15,15,0,0,4,1,9,13,0,9,9,9,6,2
20224,A,골목상권,3110362,우이천 계성교,205,110,95,1,24,34,61,63,22,0,11,19,28,35,17,1,13,15,33,28,5
20224,A,골목상권,3110356,덕수교,228,114,114,0,13,34,55,60,66,0,4,17,22,30,41,0,9,17,33,30,25
20224,R,전통시장,3130139,강북종합전통시장(강북종합골목시장),166,114,52,0,16,45,61,28,16,0,11,33,42,19,9,0,5,12,19,9,7
20224,A,골목상권,3110343,무너미어린이공원,100,74,26,0,7,21,28,32,12,0,4,14,22,25,9,0,3,7,6,7,3
20224,A,골목상권,3110351,수유북부시장옆,214,93,121,0,27,45,51,59,32,0,9,17,20,25,22,0,18,28,31,34,10
20224,A,골목상권,3110413,누원고등학교,54,33,21,0,8,11,12,11,12,0,5,8,5,5,10,0,3,3,7,6,2
20224,A,골목상권,3110382,솔밭공원역 1번,32,25,7,0,1,9,8,7,7,0,0,5,6,7,7,0,1,4,2,0,0
20224,R,전통시장,3130149,창동신창시장,116,51,65,0,5,24,35,31,21,0,2,10,17,10,12,0,3,14,18,21,9
20224,R,전통시장,3130159,공릉동 도깨비시장,101,47,54,0,12,22,24,26,17,0,4,8,9,15,11,0,8,14,15,11,6
20224,A,골목상권,3110422,노원역 9번,277,221,56,0,27,70,94,54,32,0,24,59,79,37,22,0,3,11,15,17,10
20224,D,발달상권,3120082,상계백병원,389,127,262,0,81,95,109,69,35,0,19,18,34,38,18,0,62,77,75,31,17
20224,A,골목상권,3110417,월계역 3번,19,10,9,0,10,6,0,3,0,0,3,5,0,2,0,0,7,1,0,1,0
20224,D,발달상권,3120083,등나무근린공원,1184,787,397,0,166,325,271,283,139,0,114,228,171,179,95,0,52,97,100,104,44
20224,R,전통시장,3130155,시영B상가(중계 그린아파트 B 상가),3,2,1,0,0,1,0,2,0,0,0,1,0,1,0,0,0,0,0,1,0
20224,A,골목상권,3110430,중계초등학교,275,100,175,0,18,28,58,96,75,0,8,7,19,25,41,0,10,21,39,71,34
20224,A,골목상권,3110441,영신여고,138,72,66,0,12,28,33,41,24,0,7,20,15,21,9,0,5,8,18,20,15
20224,A,골목상권,3110427,노원 을지대학교병원,363,281,82,0,27,27,62,126,121,0,12,14,31,109,115,0,15,13,31,17,6
20224,A,골목상권,3110477,은평세무서,434,205,229,0,43,62,106,141,82,0,15,23,49,71,47,0,28,39,57,70,35
20224,A,골목상권,3110476,역촌역 2번,56,26,30,0,2,8,22,17,7,0,1,3,9,7,6,0,1,5,13,10,1
20224,R,전통시장,3130169,대조시장,67,31,36,0,5,11,21,23,7,0,1,3,11,11,5,0,4,8,10,12,2
20224,R,전통시장,3130171,불광먹자골목 골목형상점가,155,54,101,0,18,31,24,37,45,0,4,9,11,16,14,0,14,22,13,21,31
20224,R,전통시장,3130160,수일시장,7,2,5,0,0,2,1,2,2,0,0,0,0,1,1,0,0,2,1,1,1
20224,A,골목상권,3110499,연가초등학교,263,119,144,0,42,42,74,65,40,0,8,20,31,35,25,0,34,22,43,30,15
20224,A,골목상권,3110503,명지대학교교회,230,123,107,0,27,52,59,64,28,0,9,30,26,36,22,0,18,22,33,28,6
20224,A,골목상권,3110533,충정로역 7번,22,11,11,0,5,5,3,5,4,0,0,2,2,4,3,0,5,3,1,1,1
20224,A,골목상권,3110537,충정로현대아파트,1514,848,666,1,362,525,328,177,121,0,150,263,215,134,86,1,212,262,113,43,35
20224,A,골목상권,3110522,홍제역 3번,46,12,34,0,14,7,12,6,7,0,2,2,2,2,4,0,12,5,10,4,3
20224,R,전통시장,3130196,공덕시장,3948,2001,1947,52,1323,1296,891,287,99,28,467,646,599,181,80,24,856,650,292,106,19
20224,A,골목상권,3110541,동교초등학교,377,221,156,0,43,59,101,96,78,0,23,37,63,50,48,0,20,22,38,46,30
20224,R,전통시장,3130190,홍대소상공인상점가,150,77,73,1,55,35,30,18,11,0,18,22,18,10,9,1,37,13,12,8,2
20224,D,발달상권,3120102,서교동(홍대),7276,3402,3874,18,1521,2551,1814,899,473,11,496,1065,913,566,351,7,1025,1486,901,333,122
20224,A,골목상권,3110555,홍익지구대,284,147,137,1,49,53,55,37,89,0,14,28,31,16,58,1,35,25,24,21,31
20224,A,골목상권,3110558,경성고등학교,2362,1593,769,11,308,568,571,513,391,10,153,351,408,384,287,1,155,217,163,129,104
20224,R,전통시장,3130184,마포농수산물시장,77,40,37,0,2,12,24,26,13,0,1,8,12,14,5,0,1,4,12,12,8
20224,A,골목상권,3110571,신수동주민센터,635,358,277,5,109,159,187,126,49,5,57,88,98,74,36,0,52,71,89,52,13
20224,A,골목상권,3110628,신목동역,469,307,162,0,52,85,114,113,105,0,28,56,79,85,59,0,24,29,35,28,46
20224,R,전통시장,3130210,목2동시장,432,251,181,1,66,124,122,71,48,1,40,69,70,39,32,0,26,55,52,32,16
20224,D,발달상권,3120108,신정네거리역,992,580,412,2,93,215,220,242,220,1,28,110,112,160,169,1,65,105,108,82,51
20224,A,골목상권,3110627,신정롯데캐슬아파트,548,318,230,24,129,136,102,93,64,13,69,81,62,49,44,11,60,55,40,44,20
20224,R,전통시장,3130206,신정3동 골목시장,20,6,14,0,0,5,11,2,2,0,0,0,3,1,2,0,0,5,8,1,0
20224,A,골목상권,3110612,신정역 5번,644,303,341,1,85,88,143,197,130,0,44,62,74,70,53,1,41,26,69,127,77
20224,A,골목상권,3110629,송정역 4번,190,107,83,0,26,52,54,35,23,0,9,34,28,24,12,0,17,18,26,11,11
20224,R,전통시장,3130220,등마루시장,491,167,324,5,44,61,71,166,144,3,16,29,38,34,47,2,28,32,33,132,97
20224,D,발달상권,3120115,김포공항역(김포공항),23,12,11,0,6,9,4,4,0,0,2,4,3,3,0,0,4,5,1,1,0
20224,A,골목상권,3110679,염창역 2번,574,404,170,3,89,206,152,80,44,2,49,148,111,58,36,1,40,58,41,22,8
20224,A,골목상권,3110649,우장산역 1번,358,191,167,0,41,91,82,93,51,0,12,49,38,59,33,0,29,42,44,34,18
20224,A,골목상권,3110670,신곡초등학교,489,320,169,6,79,118,121,90,75,3,45,77,71,59,65,3,34,41,50,31,10
20224,A,골목상권,3110666,KC대학교,176,60,116,0,19,35,52,57,13,0,10,10,20,13,7,0,9,25,32,44,6
20224,A,골목상권,3110669,화곡보람2차아파트,13,3,10,0,0,2,4,2,5,0,0,1,2,0,0,0,0,1,2,2,5
20224,A,골목상권,3110700,고척초등학교,3249,2648,601,3,209,680,974,1176,207,2,119,533,803,1021,170,1,90,147,171,155,37
20224,D,발달상권,3120124,개봉동 현대아파트,461,205,256,0,63,89,119,82,108,0,18,26,49,43,69,0,45,63,70,39,39
20224,R,전통시장,3130228,구로시장,10,5,5,0,0,4,6,0,0,0,0,1,4,0,0,0,0,3,2,0,0
20224,D,발달상권,3120128,신도림역,1253,656,597,7,191,318,382,243,112,1,75,153,191,149,87,6,116,165,191,94,25
20224,A,골목상권,3110689,오류동역 3번,287,200,87,3,44,47,56,75,62,3,25,32,41,52,47,0,19,15,15,23,15
20224,A,골목상권,3110690,오류2동버들시장,577,275,302,1,101,192,133,94,56,0,39,104,64,36,32,1,62,88,69,58,24
20224,A,골목상권,3110725,가산동주민센터,85,59,26,0,6,20,22,20,17,0,3,15,16,12,13,0,3,5,6,8,4
20224,A,골목상권,3110735,말미고개,520,330,190,0,64,115,140,140,61,0,31,79,94,79,47,0,33,36,46,61,14
20224,R,전통시장,3130233,남문시장,76,47,29,0,5,8,18,22,23,0,2,3,9,12,21,0,3,5,9,10,2
20224,A,골목상권,3110736,독산119안전센터,461,199,262,0,46,55,76,118,166,0,21,32,35,42,69,0,25,23,41,76,97
20224,A,골목상권,3110746,금천금빛공원(은행나무사거리서측),76,53,23,0,5,11,23,22,15,0,3,9,13,16,12,0,2,2,10,6,3
20224,R,전통시장,3130237,박미시장(기능상실),39,26,13,0,1,6,11,9,12,0,0,2,7,8,9,0,1,4,4,1,3
20224,A,골목상권,3110766,대림역 5번,360,205,155,0,30,82,85,99,64,0,15,54,42,56,38,0,15,28,43,43,26
20224,A,골목상권,3110777,구로세무서,282,210,72,0,36,41,47,83,75,0,13,30,32,66,69,0,23,11,15,17,6
20224,R,전통시장,3130255,영등포전통시장,45,29,16,0,1,7,5,10,22,0,1,5,3,4,16,0,0,2,2,6,6
20224,A,골목상권,3110788,영등포시장역 3번,28,22,6,0,4,5,7,9,3,0,3,5,6,6,2,0,1,0,1,3,1
20224,A,골목상권,3110783,영등포시장역 1번,292,154,138,1,26,37,35,67,126,1,19,27,16,33,58,0,7,10,19,34,68
20224,A,골목상권,3110799,영등포본동주민센터,119,86,33,5,21,16,11,22,44,3,12,10,6,15,40,2,9,6,5,7,4
20224,R,전통시장,3130265,노량진중앙시장,115,82,33,0,17,48,34,8,8,0,12,42,23,3,2,0,5,6,11,5,6
20224,R,전통시장,3130263,신노량진시장(기능상실),13,4,9,0,0,3,4,6,0,0,0,0,1,3,0,0,0,3,3,3,0
20224,A,골목상권,3110821,보라매역 2번,599,356,243,0,73,109,142,137,138,0,34,65,80,89,88,0,39,44,62,48,50
20224,D,발달상권,3120155,총신대학교,107,54,53,0,13,27,24,25,18,0,7,8,13,14,12,0,6,19,11,11,6
20224,R,전통시장,3130268,상도전통시장,239,104,135,0,33,60,53,58,35,0,12,23,23,24,22,0,21,37,30,34,13
20224,A,골목상권,3110836,상도역 5번,3057,1846,1211,9,550,798,701,647,352,2,238,486,453,447,220,7,312,312,248,200,132
20224,A,골목상권,3110840,중앙대학교,175,99,76,0,24,25,57,45,24,0,12,13,37,22,15,0,12,12,20,23,9
20224,A,골목상권,3110878,미림여고,368,218,150,3,43,114,101,78,29,0,19,63,68,43,25,3,24,51,33,35,4
20224,A,골목상권,3110861,관악구신사동주민센터,1168,598,570,1,215,376,261,204,111,1,71,194,161,101,70,0,144,182,100,103,41
20224,A,골목상권,3110893,관악소방서(문영여고),353,303,50,0,39,110,66,113,25,0,29,96,57,99,22,0,10,14,9,14,3
20224,A,골목상권,3110890,봉천역 1번(관악초등학교),249,148,101,1,17,43,92,67,29,0,4,22,58,43,21,1,13,21,34,24,8
20224,R,전통시장,3130294,관악중부시장,102,40,62,1,5,10,22,39,25,0,2,3,7,16,12,1,3,7,15,23,13
20224,D,발달상권,3120166,방배역,5465,3280,2185,90,1234,1594,1033,699,815,26,523,920,713,451,647,64,711,674,320,248,168
20224,D,발달상권,3120164,내방역,8579,5975,2604,56,1923,2822,1862,1129,787,48,1160,1998,1383,799,587,8,763,824,479,330,200
20224,D,발달상권,3120162,방배동카페골목,1253,717,536,61,207,200,219,215,351,57,126,142,110,93,189,4,81,58,109,122,162
20224,D,발달상권,3120169,서초역,15771,7185,8586,70,3824,4195,3945,2657,1080,30,1313,1990,1801,1235,816,40,2511,2205,2144,1422,264
20224,A,골목상권,3110936,더케이호텔(양재리본타워2단지아파트),832,552,280,3,109,260,215,175,70,0,53,154,159,131,55,3,56,106,56,44,15
20224,A,골목상권,3110940,양재근린공원(양재2동주민센터),956,699,257,8,168,323,238,137,82,8,109,243,178,97,64,0,59,80,60,40,18
20224,D,발달상권,3120178,신사역,11093,6014,5079,34,2556,2878,2400,1866,1359,13,875,1596,1501,1005,1024,21,1681,1282,899,861,335
20224,A,골목상권,3110993,개포지하차도 북측,70,53,17,0,3,9,19,23,16,0,2,7,16,18,10,0,1,2,3,5,6
20224,A,골목상권,3110983,국립국악고등학교,783,534,249,6,126,212,125,145,169,2,44,137,94,111,146,4,82,75,31,34,23
20224,A,골목상권,3110950,논현역 7번,2981,1929,1052,1,829,1305,518,230,98,0,418,886,383,173,69,1,411,419,135,57,29
20224,D,발달상권,3120199,경복아파트교차로,3427,2023,1404,9,720,1059,682,508,449,3,273,627,441,345,334,6,447,432,241,163,115
20224,D,발달상권,3120212,한티역,753,394,359,1,118,182,201,143,108,1,37,87,119,80,70,0,81,95,82,63,38
20224,D,발달상권,3120211,도성초등학교,984,516,468,7,180,282,189,161,165,3,68,120,112,117,96,4,112,162,77,44,69
20224,A,골목상권,3110960,은광여고,1601,749,852,5,219,282,389,522,184,4,60,131,203,227,124,1,159,151,186,295,60
20224,A,골목상권,3110964,싸리고개근린공원,217,124,93,0,29,60,59,34,35,0,8,32,36,23,25,0,21,28,23,11,10
20224,U,관광특구,3001496,강남 마이스 관광특구,15904,8904,7000,59,3513,6185,4248,1596,303,25,1160,3361,2887,1246,225,34,2353,2824,1361,350,78
20224,A,골목상권,3110995,봉은사역 4번,5085,3711,1374,9,978,2002,1271,637,188,2,575,1477,990,523,144,7,403,525,281,114,44
20224,A,골목상권,3110998,은곡마을(은곡마을공원),17,11,6,0,2,6,4,3,2,0,0,4,3,3,1,0,2,2,1,0,1
20224,A,골목상권,3111001,아래방죽마을공원(율현초등학교),58,43,15,0,2,9,14,18,15,0,1,7,12,13,10,0,1,2,2,5,5
20224,A,골목상권,3110949,한남IC,1683,1193,490,5,288,565,435,305,85,2,112,398,347,261,73,3,176,167,88,44,12
20224,A,골목상권,3110959,신구중학교,271,140,131,0,14,66,82,79,30,0,7,36,49,29,19,0,7,30,33,50,11
20224,A,골목상권,3110962,도산공원북측,53,27,26,0,20,11,10,8,4,0,11,7,6,3,0,0,9,4,4,5,4
20224,A,골목상권,3110954,국기원,636,445,191,0,89,142,187,94,124,0,35,97,161,74,78,0,54,45,26,20,46
20224,D,발달상권,3120204,르네상스호텔사거리,41471,20644,20827,102,8167,11056,10671,10081,1394,54,5016,7567,4988,2062,957,48,3151,3489,5683,8019,437
20224,A,골목상권,3110997,대청초등학교,1724,959,765,4,230,291,391,383,425,2,111,162,200,210,274,2,119,129,191,173,151
20224,A,골목상권,3110979,청담초등학교,3004,1918,1086,4,525,926,768,568,213,4,230,632,535,343,174,0,295,294,233,225,39
20224,A,골목상권,3111027,문정초등학교,1393,771,622,3,146,285,323,246,390,1,67,159,209,125,210,2,79,126,114,121,180
20224,A,골목상권,3111020,방이동고분군(방산고등학교),304,225,79,1,20,103,84,54,42,0,7,73,64,48,33,1,13,30,20,6,9
20224,R,전통시장,3130313,방이시장,3889,1825,2064,10,726,635,634,1135,749,8,362,409,357,377,312,2,364,226,277,758,437
20224,A,골목상권,3111005,삼전역 3번,1865,1358,507,0,320,617,459,302,167,0,215,449,339,222,133,0,105,168,120,80,34
20224,A,골목상권,3111037,Sh수협은행 오금동금융센터(아랫말어린이공원),373,243,130,0,37,103,90,93,50,0,25,84,60,43,31,0,12,19,30,50,19
20224,A,골목상권,3111032,방이역 1번,3878,2552,1326,4,235,340,599,718,1982,3,139,237,411,469,1293,1,96,103,188,249,689
20224,A,골목상권,3111081,둔촌푸르지오아파트,78,50,28,0,8,17,18,18,17,0,4,12,13,6,15,0,4,5,5,12,2
20224,A,골목상권,3111089,상일여고(상일초등학교),750,505,245,0,50,131,180,233,156,0,31,81,127,154,112,0,19,50,53,79,44
20224,A,골목상권,3111059,강동역 4번(강풀만화거리),774,420,354,3,87,144,177,164,199,1,47,73,92,91,116,2,40,71,85,73,83
20224,A,골목상권,3111067,강동구립성내도서관,746,414,332,2,73,149,192,177,153,1,36,98,107,84,88,1,37,51,85,93,65
20224,A,골목상권,3110005,세검정,1057,542,515,6,132,305,306,202,106,2,40,143,167,124,66,4,92,162,139,78,40
20224,A,골목상권,3110008,배화여자대학교(박노수미술관),507,350,157,1,50,79,121,161,95,0,15,45,93,121,76,1,35,34,28,40,19
20224,A,골목상권,3110035,동묘앞역 2번,276,161,115,2,18,43,75,88,50,0,5,18,42,65,31,2,13,25,33,23,19
20224,A,골목상권,3110027,혜화역 1번,598,358,240,1,67,108,127,97,198,0,25,70,64,54,145,1,42,38,63,43,53
20224,D,발달상권,3120015,종로6가,302,153,149,0,49,64,69,65,55,0,17,23,27,42,44,0,32,41,42,23,11
20224,R,전통시장,3130011,충신시장,88,44,44,0,19,19,20,17,13,0,7,11,8,8,10,0,12,8,12,9,3
20224,A,골목상권,3110030,동대문역 3번,7,3,4,0,2,2,2,1,0,0,0,2,1,0,0,0,2,0,1,1,0
20224,A,골목상권,3110015,청와대사랑채,578,345,233,0,64,147,166,126,75,0,16,63,110,91,65,0,48,84,56,35,10
20224,A,골목상권,3110011,청운초등학교,263,188,75,0,21,105,79,43,15,0,21,95,44,16,12,0,0,10,35,27,3
20224,A,골목상권,3110024,혜회동주민센터,928,263,665,0,135,264,294,184,51,0,17,64,90,55,37,0,118,200,204,129,14
20224,D,발달상권,3120032,충무로역,10818,5021,5797,35,1541,2434,3139,2621,1048,15,532,1200,1480,1142,652,20,1009,1234,1659,1479,396
20224,A,골목상권,3110045,동대문역사문화공원역 5번,234,174,60,0,24,54,64,55,37,0,11,38,46,47,32,0,13,16,18,8,5
20224,D,발달상권,3120031,을지로3가역,6147,3450,2697,9,699,1541,1643,1286,969,0,223,730,924,892,681,9,476,811,719,394,288
20224,R,전통시장,3130038,"평화시장(통일상가, 동화상가)",1000,670,330,3,116,301,291,198,91,0,63,167,223,150,67,3,53,134,68,48,24
20224,D,발달상권,3120020,시청역_1번,6561,4672,1889,29,1436,1964,1905,1013,214,17,728,1351,1643,776,157,12,708,613,262,237,57
20224,A,골목상권,3110043,충무초등학교,1202,670,532,12,212,307,331,223,117,7,97,155,169,152,90,5,115,152,162,71,27
20224,D,발달상권,3120018,중림동,2190,1368,822,2,393,736,598,295,166,2,207,425,357,238,139,0,186,311,241,57,27
20224,A,골목상권,3110057,황학코아루아파트,64,44,20,0,8,13,20,10,13,0,4,6,17,8,9,0,4,7,3,2,4
20224,A,골목상권,3110055,황학동벼룩시장,29,19,10,0,1,4,6,11,7,0,1,3,5,6,4,0,0,1,1,5,3
20224,A,골목상권,3110078,이촌동점보아파트,69,29,40,0,12,15,17,13,12,0,3,8,7,5,6,0,9,7,10,8,6
20224,A,골목상권,3110082,용산구청,1618,809,809,5,175,461,427,442,108,4,53,155,206,304,87,1,122,306,221,138,21
20224,D,발달상권,3120041,신용산역(용산역),20372,8281,12091,72,4418,6743,5760,2509,870,25,1460,2533,2359,1337,567,47,2958,4210,3401,1172,303
20224,A,골목상권,3110073,삼각지역 3번,7975,2387,5588,56,2508,2886,1913,505,107,25,861,919,424,119,39,31,1647,1967,1489,386,68
20224,A,골목상권,3110076,삼각지역 14번,537,175,362,0,46,143,158,153,37,0,11,49,61,45,9,0,35,94,97,108,28
20224,A,골목상권,3110099,유엔빌리지길,12646,10311,2335,33,1746,2596,3298,4558,415,25,904,1899,2859,4264,360,8,842,697,439,294,55
20224,A,골목상권,3110588,한겨레신문사,169,92,77,0,34,44,41,33,17,0,14,22,20,21,15,0,20,22,21,12,2
20224,R,전통시장,3130059,후암시장,64,40,24,0,6,12,16,11,19,0,4,5,10,7,14,0,2,7,6,4,5
20224,R,전통시장,3130064,금남시장,36,13,23,0,6,7,8,4,11,0,1,0,5,2,5,0,5,7,3,2,6
20224,A,골목상권,3110107,금호사거리,37,30,7,0,4,8,4,11,10,0,3,5,4,9,9,0,1,3,0,2,1
20224,A,골목상권,3110117,성동구보건소,103,73,30,1,14,27,19,33,9,1,10,20,11,25,6,0,4,7,8,8,3
20224,D,발달상권,3120050,서울숲역,212,159,53,0,33,40,60,52,27,0,19,30,47,41,22,0,14,10,13,11,5
20224,D,발달상권,3120052,성수역,11387,7284,4103,23,2113,2900,2661,2238,1452,12,1170,1971,1783,1298,1050,11,943,929,878,940,402
20224,R,전통시장,3130067,왕십리도선동상점가,1670,335,1335,3,166,202,291,591,417,1,78,98,69,49,40,2,88,104,222,542,377
20224,D,발달상권,3120066,장한평역(장한평),7424,4770,2654,43,1531,1839,1491,1235,1285,10,739,1202,991,818,1010,33,792,637,500,417,275
20224,A,골목상권,3110113,응봉산,77,43,34,0,14,15,14,16,18,0,4,11,7,6,15,0,10,4,7,10,3
20224,A,골목상권,3110112,행당역 2번,207,101,106,0,37,37,38,53,42,0,14,19,16,26,26,0,23,18,22,27,16
20224,A,골목상권,3110169,성동초등학교,253,139,114,1,28,41,73,68,42,0,15,21,36,39,28,1,13,20,37,29,14
20224,A,골목상권,3110156,군자역 5번,621,363,258,0,96,181,173,112,59,0,41,114,101,67,40,0,55,67,72,45,19
20224,A,골목상권,3110157,자양동우체국,1097,891,206,10,352,279,244,141,71,7,300,237,180,106,61,3,52,42,64,35,10
20224,A,골목상권,3110163,성자초등학교,284,143,141,0,39,46,67,77,55,0,14,27,32,31,39,0,25,19,35,46,16
20224,A,골목상권,3110168,대원고등학교,524,374,150,0,64,95,121,160,84,0,36,69,87,110,72,0,28,26,34,50,12
20224,A,골목상권,3110212,답십리초등학교,204,144,60,0,26,37,42,67,32,0,18,26,27,50,23,0,8,11,15,17,9
20224,A,골목상권,3110187,제기동역 6번,3124,2222,902,15,559,867,746,552,385,7,387,605,531,394,298,8,172,262,215,158,87
20224,A,골목상권,3110229,장평중학교,1332,862,470,0,145,164,190,318,515,0,81,103,125,211,342,0,64,61,65,107,173
20224,A,골목상권,3110231,장안교,11,8,3,0,0,1,4,5,1,0,0,1,3,4,0,0,0,0,1,1,1
20224,R,전통시장,3130088,경동시장,126,57,69,0,18,32,24,17,35,0,3,11,11,10,22,0,15,21,13,7,13
20224,A,골목상권,3110194,홍파초등학교,112,85,27,0,6,32,24,36,14,0,4,20,20,31,10,0,2,12,4,5,4
20224,A,골목상권,3110203,떡전교사거리,99,63,36,1,9,15,32,29,13,1,0,7,26,20,9,0,9,8,6,9,4
20224,A,골목상권,3110278,망우본동주민센터,276,166,110,1,32,46,77,81,39,0,10,25,43,56,32,1,22,21,34,25,7
20224,R,전통시장,3130106,중랑동부시장,166,56,110,1,20,40,34,39,32,0,1,8,7,21,19,1,19,32,27,18,13
20224,A,골목상권,3110246,월드순복음교회,431,312,119,0,27,97,158,95,54,0,12,69,122,65,44,0,15,28,36,30,10
20224,A,골목상권,3110261,사가정역 4번,167,90,77,1,16,29,49,50,22,1,8,15,25,26,15,0,8,14,24,24,7
20224,A,골목상권,3110242,면목5동주민센터,164,112,52,0,21,28,56,30,29,0,12,23,31,22,24,0,9,5,25,8,5
20224,A,골목상권,3110241,먹골역 5번,415,213,202,0,61,87,97,117,53,0,17,49,46,63,38,0,44,38,51,54,15
20224,D,발달상권,3120069,상봉역,1012,728,284,3,69,146,222,270,302,1,40,71,131,216,269,2,29,75,91,54,33
20224,A,골목상권,3110233,중랑역 1번,142,46,96,1,23,27,50,35,6,1,6,7,16,11,5,0,17,20,34,24,1
20224,A,골목상권,3110281,길상사,13818,12089,1729,12,1418,3093,4061,4964,270,1,960,2426,3678,4823,201,11,458,667,383,141,69
20224,A,골목상권,3110309,대광초등학교,376,266,110,0,38,63,108,103,64,0,19,44,71,78,54,0,19,19,37,25,10
20224,A,골목상권,3110318,KT월곡지사,148,78,70,0,21,29,45,36,17,0,10,19,22,14,13,0,11,10,23,22,4
20224,A,골목상권,3110379,KT&G 북부지사,12,3,9,1,1,1,3,3,3,0,0,0,1,1,1,1,1,1,2,2,2
20224,A,골목상권,3110373,수유역 2번,891,705,186,0,129,255,172,236,99,0,90,208,134,205,68,0,39,47,38,31,31
20224,R,전통시장,3130132,삼양골목시장(삼양시장),61,19,42,0,10,14,13,15,9,0,0,4,5,5,5,0,10,10,8,10,4
20224,A,골목상권,3110377,미아사거리역 3번,21,14,7,0,2,2,2,9,6,0,2,2,1,4,5,0,0,0,1,5,1
20224,A,골목상권,3110345,솔밭공원역 2번,114,47,67,1,14,18,26,37,18,0,3,6,8,17,13,1,11,12,18,20,5
20224,A,골목상권,3110342,국립재활원,60,45,15,0,5,11,20,15,9,0,3,8,14,13,7,0,2,3,6,2,2
20224,A,골목상권,3110348,강북문화예술회관,343,174,169,0,27,59,108,96,53,0,4,31,63,43,33,0,23,28,45,53,20
20224,A,골목상권,3110338,인수초등학교,263,192,71,0,34,67,61,63,38,0,18,49,44,48,33,0,16,18,17,15,5
20224,A,골목상권,3110402,도봉구 정병원,471,221,250,1,85,98,98,106,83,0,24,38,54,59,46,1,61,60,44,47,37
20224,A,골목상권,3110383,덕성여대시반거리,33,21,12,0,0,3,13,10,7,0,0,2,9,5,5,0,0,1,4,5,2
20224,R,전통시장,3130145,쌍문역둘리상점가,244,202,42,0,39,44,77,62,22,0,28,35,65,56,18,0,11,9,12,6,4
20224,A,골목상권,3110392,발바닥공원,43,17,26,0,2,8,7,10,16,0,0,0,3,3,11,0,2,8,4,7,5
20224,A,골목상권,3110416,노원초등학교,468,244,224,4,61,110,118,126,49,2,24,73,58,58,29,2,37,37,60,68,20
20224,A,골목상권,3110428,상계5동주민센터,491,217,274,1,43,52,106,158,131,0,14,25,45,70,63,1,29,27,61,88,68
20224,D,발달상권,3120080,마들역,180,46,134,0,30,45,46,36,23,0,2,7,9,13,15,0,28,38,37,23,8
20224,A,골목상권,3110464,연신내역 5번,301,170,131,4,32,53,93,85,34,4,18,28,44,49,27,0,14,25,49,36,7
20224,A,골목상권,3110457,예일여고,482,283,199,1,60,88,88,132,113,0,27,46,47,71,92,1,33,42,41,61,21
20224,D,발달상권,3120091,본서부병원,516,192,324,1,51,69,119,165,111,0,20,28,51,55,38,1,31,41,68,110,73
20224,A,골목상권,3110485,연신내우체국,1259,678,581,0,7,24,35,160,1033,0,4,5,15,70,584,0,3,19,20,90,449
20224,A,골목상권,3110488,우리은행응암동지점,174,104,70,1,14,24,41,38,56,0,8,16,19,15,46,1,6,8,22,23,10
20224,R,전통시장,3130163,응암오거리상점가,182,49,133,0,24,28,44,50,36,0,4,8,11,12,14,0,20,20,33,38,22
20224,A,골목상권,3110449,증산역 3번,709,410,299,0,104,160,182,147,116,0,47,98,96,84,85,0,57,62,86,63,31
20224,D,발달상권,3120094,"신촌역(신촌역, 신촌로터리)",5328,2411,2917,67,2381,1182,676,592,430,23,994,579,296,278,241,44,1387,603,380,314,189
20224,R,전통시장,3130175,신촌 상인회(신촌상점가),13,5,8,0,1,3,5,4,0,0,1,0,1,3,0,0,0,3,4,1,0
20224,D,발달상권,3120097,충정로역,2246,1354,892,0,321,658,631,407,229,0,172,390,397,254,141,0,149,268,234,153,88
20224,R,전통시장,3130176,유진상가,38,23,15,0,20,16,1,1,0,0,9,13,1,0,0,0,11,3,0,1,0
20224,A,골목상권,3110523,홍제성원아파트,21,9,12,0,0,4,5,7,5,0,0,0,2,5,2,0,0,4,3,2,3
20224,D,발달상권,3120107,공덕역(공덕오거리),13077,7619,5458,43,2471,3470,3552,3026,515,9,1021,2002,2300,1900,387,34,1450,1468,1252,1126,128
20224,A,골목상권,3110586,서울서부지방법원,1855,953,902,2,423,499,464,293,174,1,233,283,196,130,110,1,190,216,268,163,64
20224,A,골목상권,3110540,망원나들목체육관,238,107,131,0,39,63,70,47,19,0,19,28,26,23,11,0,20,35,44,24,8
20224,A,골목상권,3110567,광흥창역 6번,91,61,30,0,16,26,27,12,10,0,8,20,13,11,9,0,8,6,14,1,1
20224,A,골목상권,3110565,홍익대,110,66,44,0,16,34,34,19,7,0,8,16,23,13,6,0,8,18,11,6,1
20224,A,골목상권,3110560,마포FM,292,140,152,0,26,64,87,77,38,0,10,26,40,36,28,0,16,38,47,41,10
20224,A,골목상권,3110549,새터산,357,165,192,1,57,79,100,64,56,1,24,39,47,22,32,0,33,40,53,42,24
20224,D,발달상권,3120099,월드컵경기장역(월드컵경기장),84,57,27,0,11,20,26,14,13,0,6,16,21,7,7,0,5,4,5,7,6
20224,A,골목상권,3110581,염리초등학교,16,11,5,0,0,0,2,6,8,0,0,0,2,3,6,0,0,0,0,3,2
20224,D,발달상권,3120113,오목교역,641,380,261,2,98,147,163,141,90,1,45,81,95,95,63,1,53,66,68,46,27
20224,D,발달상권,3120110,목동역 8번출구,1858,1400,458,2,142,216,286,247,965,1,42,102,166,181,908,1,100,114,120,66,57
20224,A,골목상권,3110617,등촌역 4번,262,188,74,0,47,75,73,48,19,0,37,55,50,31,15,0,10,20,23,17,4
20224,A,골목상권,3110597,신월1동주민센터,517,302,215,0,30,68,111,150,158,0,14,36,54,84,114,0,16,32,57,66,44
20224,R,전통시장,3130199,신월3동 골목시장,18,8,10,0,1,4,4,9,0,0,0,1,3,4,0,0,1,3,1,5,0
20224,A,골목상권,3110615,신서초등학교,87,63,24,0,20,21,27,13,6,0,14,18,18,8,5,0,6,3,9,5,1
20224,A,골목상권,3110674,강서구청가양동별관,260,189,71,0,21,55,61,47,76,0,14,46,35,29,65,0,7,9,26,18,11
20224,A,골목상권,3110677,등촌역 1번,410,321,89,1,50,80,83,91,105,1,24,51,70,76,99,0,26,29,13,15,6
20224,A,골목상권,3110676,등촌역 7번,228,138,90,0,31,34,61,56,46,0,13,20,36,37,32,0,18,14,25,19,14
20224,D,발달상권,3120117,강서농산물도매시장,451,280,171,0,12,62,127,153,97,0,9,48,78,89,56,0,3,14,49,64,41
20224,A,골목상권,3110636,방화역 2번,152,76,76,1,25,49,41,21,15,0,9,26,27,4,10,1,16,23,14,17,5
20224,A,골목상권,3110631,방화초등학교,335,161,174,2,32,63,68,100,70,2,19,34,37,37,32,0,13,29,31,63,38
20224,D,발달상권,3120120,화곡역,927,405,522,1,177,218,193,196,142,0,46,109,84,81,85,1,131,109,109,115,57
20224,A,골목상권,3110656,까치산역 3번,829,493,336,13,89,206,249,190,82,12,52,128,151,91,59,1,37,78,98,99,23
20224,D,발달상권,3120121,까치산역,365,145,220,2,51,46,72,106,88,2,12,18,29,43,41,0,39,28,43,63,47
20224,A,골목상권,3110654,까치산역 4번,1027,687,340,2,68,149,252,380,176,1,38,81,139,281,147,1,30,68,113,99,29
20224,A,골목상권,3110665,곰달래도서관,469,285,184,0,36,92,123,138,80,0,25,60,79,74,47,0,11,32,44,64,33
20224,A,골목상권,3110662,까치산역 1번,1480,885,595,4,245,501,396,234,100,4,129,301,207,171,73,0,116,200,189,63,27
20224,R,전통시장,3130217,화곡본동시장,36,16,20,0,3,5,10,13,5,0,1,3,5,6,1,0,2,2,5,7,4
20224,A,골목상권,3110691,개봉중학교,395,205,190,0,37,65,119,115,59,0,20,38,49,52,46,0,17,27,70,63,13
20224,A,골목상권,3110705,고산초등학교,33,19,14,0,3,2,8,7,13,0,3,1,8,2,5,0,0,1,0,5,8
20224,R,전통시장,3130229,남구로시장,249,139,110,1,16,53,61,62,56,0,7,30,31,32,39,1,9,23,30,30,17
20224,A,골목상권,3110680,온수역 5번(온수산업단지),901,770,131,15,129,129,157,274,197,15,105,106,127,234,183,0,24,23,30,40,14
20224,A,골목상권,3110685,금강수목원아파트,56,39,17,0,10,12,12,11,11,0,7,10,5,7,10,0,3,2,7,4,1
20224,D,발달상권,3120132,독산동,4203,2884,1319,13,512,908,1016,1074,680,12,350,650,695,701,476,1,162,258,321,373,204
20224,A,골목상권,3110732,가산초등학교(세일중학교),362,258,104,1,42,68,107,79,65,0,23,39,78,64,54,1,19,29,29,15,11
20224,A,골목상권,3110729,가산동우체국,151,112,39,0,19,30,40,39,23,0,14,19,30,30,19,0,5,11,10,9,4
20224,A,골목상권,3110723,가산디지털단지역 1번 출입구,286,247,39,0,6,10,37,130,103,0,6,5,26,113,97,0,0,5,11,17,6
20224,A,골목상권,3110742,KT금천빌딩(금천구시설관리공단),426,237,189,0,42,83,106,125,70,0,21,57,71,54,34,0,21,26,35,71,36
20224,A,골목상권,3110748,백산초등학교,102,64,38,0,6,19,21,26,30,0,2,9,11,22,20,0,4,10,10,4,10
20224,A,골목상권,3110749,금산초등학교(금천고등학교),418,255,163,0,51,99,100,118,50,0,26,61,51,81,36,0,25,38,49,37,14
20224,A,골목상권,3110750,시흥4동주민센터(서울신흥초등학교),397,221,176,4,78,83,80,104,48,4,47,62,43,33,32,0,31,21,37,71,16
20224,D,발달상권,3120141,영등포청과시장교차로,601,418,183,2,71,137,188,115,88,1,36,85,133,86,77,1,35,52,55,29,11
20224,R,전통시장,3130240,영등포유통상가,1400,893,507,0,128,296,347,287,342,0,68,168,226,194,237,0,60,128,121,93,105
20224,A,골목상권,3110763,영등포구청역 2번,480,353,127,2,84,147,107,84,56,0,53,100,79,72,49,2,31,47,28,12,7
20224,A,골목상권,3110786,당산역 8번,271,179,92,2,20,41,60,51,97,2,8,21,42,38,68,0,12,20,18,13,29
20224,R,전통시장,3130247,우리시장,19,15,4,0,3,4,4,3,5,0,1,3,4,3,4,0,2,1,0,0,1
20224,A,골목상권,3110817,대방역 4번,26,19,7,0,2,6,6,6,6,0,0,4,4,6,5,0,2,2,2,0,1
20224,R,전통시장,3130256,신동시장,2,2,0,0,0,0,0,1,1,0,0,0,0,1,1,0,0,0,0,0,0
20224,A,골목상권,3110757,양평역 2번,1501,1114,387,1,111,230,356,424,379,0,51,176,286,314,287,1,60,54,70,110,92
20224,A,골목상권,3110762,선유도역 1번,3139,2286,853,6,392,669,739,809,524,4,217,459,529,629,448,2,175,210,210,180,76
20224,A,골목상권,3110807,신길역 3번,102,70,32,0,6,16,23,27,30,0,4,8,18,19,21,0,2,8,5,8,9
20224,R,전통시장,3130250,삼구시장(로타리상가),1,0,1,0,0,0,0,1,0,0,0,0,0,0,0,0,0,0,0,1,0
20224,A,골목상권,3110803,신길2동우편취급국,312,224,88,0,17,27,58,67,143,0,6,14,33,43,128,0,11,13,25,24,15
20224,A,골목상권,3110847,예술인마을,443,216,227,3,52,135,137,77,39,3,13,60,74,37,29,0,39,75,63,40,10
20224,R,전통시장,3130272,사당시장,45,20,25,0,4,6,10,11,14,0,0,1,4,6,9,0,4,5,6,5,5
20224,A,골목상권,3110843,사당5동주민센터,181,135,46,1,22,25,55,52,26,0,16,17,34,44,24,1,6,8,21,8,2
20224,A,골목상권,3110835,상도역 1번,296,170,126,0,81,95,59,38,23,0,32,61,37,19,21,0,49,34,22,19,2
20224,A,골목상권,3110830,상도초등학교,281,152,129,0,22,61,73,85,40,0,7,29,36,54,26,0,15,32,37,31,14
20224,D,발달상권,3120154,장승배기역,497,214,283,1,64,124,128,111,69,0,19,58,68,39,30,1,45,66,60,72,39
20224,D,발달상권,3120151,보라매공원,2417,1455,962,6,401,736,707,383,184,4,194,433,450,237,137,2,207,303,257,146,47
20224,A,골목상권,3110863,난우초등학교,319,179,140,6,40,61,63,79,70,5,23,30,38,36,47,1,17,31,25,43,23
20224,A,골목상권,3110867,국제신학대학원대학교(남서울중학교),202,117,85,0,8,34,39,53,68,0,2,15,21,32,47,0,6,19,18,21,21
20224,A,골목상권,3110882,신성초등학교,733,444,289,1,95,131,215,168,123,0,52,67,122,109,94,1,43,64,93,59,29
20224,A,골목상권,3110864,신림우방아파트,236,161,75,0,31,48,53,60,44,0,21,31,37,43,29,0,10,17,16,17,15
20224,A,골목상권,3110871,신원동주민센터,64,32,32,1,6,13,19,12,13,0,4,6,8,7,7,1,2,7,11,5,6
20224,R,전통시장,3130283,신원시장,25,11,14,0,3,3,10,5,4,0,1,1,3,3,3,0,2,2,7,2,1
20224,A,골목상권,3110854,조원동주민센터,55,39,16,0,4,5,17,21,8,0,3,5,9,15,7,0,1,0,8,6,1
20224,A,골목상권,3110898,청림동주민센터(상도중학교),66,27,39,0,16,14,14,16,6,0,5,3,8,7,4,0,11,11,6,9,2
20224,D,발달상권,3120170,삼호가든사거리,2026,1161,865,8,279,587,623,346,183,7,113,333,412,168,128,1,166,254,211,178,55
20224,A,골목상권,3110917,서초소방서,1505,939,566,6,157,432,402,355,153,2,72,281,295,181,108,4,85,151,107,174,45
20224,A,골목상권,3110918,방배역 3번,682,438,244,3,98,127,164,142,148,2,59,85,108,86,98,1,39,42,56,56,50
20224,A,골목상권,3110903,방배아이파크아파트,7222,2653,4569,7,1242,1778,2487,1322,386,1,333,597,951,599,172,6,909,1181,1536,723,214
20224,A,골목상권,3110915,서래초등학교,3011,2335,676,14,441,940,1066,421,129,11,286,683,868,373,114,3,155,257,198,48,15
20224,A,골목상권,3110926,신중초등학교,1610,1175,435,6,193,359,463,382,207,3,114,263,355,292,148,3,79,96,108,90,59
20224,A,골목상권,3110928,서초우방유쉘아파트,596,491,105,1,57,109,125,205,99,1,29,76,109,190,86,0,28,33,16,15,13
20224,D,발달상권,3120184,포이사거리(삼호물산),10139,7003,3136,20,1553,3044,2666,1705,1151,10,846,2068,2010,1212,857,10,707,976,656,493,294
20224,A,골목상권,3110941,언남고등학교,261,158,103,0,33,46,89,58,35,0,14,26,51,40,27,0,19,20,38,18,8
20224,D,발달상권,3120174,논현역 5번,680,379,301,6,108,196,155,93,122,4,39,108,90,58,80,2,69,88,65,35,42
20224,A,골목상권,3110927,잠원역,745,553,192,2,93,342,198,98,12,2,82,218,159,81,11,0,11,124,39,17,1
20224,A,골목상권,3110977,논현로18길,148,102,46,0,22,32,45,29,20,0,14,20,33,20,15,0,8,12,12,9,5
20224,A,골목상권,3110961,언주역 3번,962,673,289,5,172,286,248,140,111,3,97,184,187,112,90,2,75,102,61,28,21
20224,A,골목상권,3110970,학동초등학교,378,236,142,1,66,98,102,65,46,0,27,49,66,57,37,1,39,49,36,8,9
20224,D,발달상권,3120219,은마아파트,17175,5797,11378,202,3397,3819,3179,4061,2517,83,1254,1872,1374,818,396,119,2143,1947,1805,3243,2121
20224,D,발달상권,3120222,삼성역,43324,24141,19183,244,8091,13641,10294,6385,4669,119,3186,7703,6883,3711,2539,125,4905,5938,3411,2674,2130
20224,D,발달상권,3120201,도곡1동,11549,6381,5168,116,3564,3468,2477,1299,625,31,1365,2018,1727,754,486,85,2199,1450,750,545,139
20224,D,발달상권,3120213,삼성중앙역,8521,5150,3371,50,1869,2485,1911,1070,1136,12,830,1515,1305,716,772,38,1039,970,606,354,364
20224,D,발달상권,3120209,"강남구청(청담역_8번, 강남세무서)",8987,2610,6377,34,2050,2684,2467,1172,580,9,538,752,537,395,379,25,1512,1932,1930,777,201
20224,D,발달상권,3120216,경기고교사거리(경기고교앞사거리),4934,3621,1313,8,712,1628,1666,772,148,5,291,1070,1431,703,121,3,421,558,235,69,27
20224,A,골목상권,3110986,삼성중앙역 7번,90,59,31,0,9,18,36,19,8,0,3,6,29,15,6,0,6,12,7,4,2
20224,D,발달상권,3120224,수서역,12418,6339,6079,23,1900,3177,3167,2346,1805,12,860,1669,1497,1232,1069,11,1040,1508,1670,1114,736
20224,D,발달상권,3120195,성수대교남단,5611,2685,2926,39,1393,2394,1102,426,257,15,487,1194,634,208,147,24,906,1200,468,218,110
20224,D,발달상권,3120198,구역삼세무서,11531,7246,4285,23,2691,3529,2889,1562,837,12,1141,2216,2115,1139,623,11,1550,1313,774,423,214
20224,A,골목상권,3110958,역삼역 4번,997,760,237,1,96,197,300,298,105,1,46,133,254,241,85,0,50,64,46,57,20
20224,A,골목상권,3110956,언주역 8번,1199,758,441,4,361,471,199,87,77,2,158,307,163,70,58,2,203,164,36,17,19
20224,A,골목상권,3111025,경찰병원역 3번,686,412,274,1,84,164,149,157,131,0,45,102,103,88,74,1,39,62,46,69,57
20224,A,골목상권,3111029,오금역 4번,427,314,113,3,71,108,91,79,75,1,51,81,67,55,59,2,20,27,24,24,16
20224,A,골목상권,3111042,거여역 1번(거여공원),872,597,275,3,147,186,251,200,85,3,121,134,159,130,50,0,26,52,92,70,35
20224,D,발달상권,3120235,문정역,954,648,306,1,117,204,211,255,166,0,70,158,152,154,114,1,47,46,59,101,52
20224,A,골목상권,3111023,문정역 1번,939,576,363,2,133,202,263,204,135,0,86,139,184,100,67,2,47,63,79,104,68
20224,D,발달상권,3120232,송파나루역,1056,714,342,0,185,302,235,171,163,0,80,192,163,131,148,0,105,110,72,40,15
20224,U,관광특구,3001495,잠실 관광특구,25240,14855,10385,124,4880,6877,5824,4628,2907,55,2599,4419,3662,2383,1737,69,2281,2458,2162,2245,1170
20224,A,골목상권,3111006,석촌고분역 1번,1112,721,391,0,127,292,337,203,153,0,56,169,242,135,119,0,71,123,95,68,34
20224,R,전통시장,3130312,석촌시장,619,270,349,1,20,40,81,170,307,1,9,23,43,41,153,0,11,17,38,129,154
20224,D,발달상권,3120227,잠실역,45462,24220,21242,163,8142,11830,12761,11282,1284,51,3785,7436,7437,4549,962,112,4357,4394,5324,6733,322
20224,A,골목상권,3111090,강일동주민센터,91,35,56,0,15,30,23,17,6,0,1,10,10,10,4,0,14,20,13,7,2
20224,A,골목상권,3111068,강동성심병원,1570,605,965,0,532,392,271,203,172,0,126,134,114,101,130,0,406,258,157,102,42
20224,R,전통시장,3130323,둔촌역전통시장,171,86,85,0,3,14,23,36,95,0,2,6,8,14,56,0,1,8,15,22,39
20224,D,발달상권,3120244,암사역,916,401,515,0,70,85,103,111,547,0,14,44,49,42,252,0,56,41,54,69,295
20224,A,골목상권,3111054,암사역 4번(삼성광나루아파트),104,42,62,0,14,18,19,12,41,0,4,12,7,5,14,0,10,6,12,7,27
20224,A,골목상권,3111065,천일초등학교,79,38,41,2,6,21,18,23,9,2,5,11,7,6,7,0,1,10,11,17,2
20224,A,골목상권,3111049,천호지구대(천호동자전거거리),507,277,230,2,75,90,96,118,126,0,36,50,40,68,83,2,39,40,56,50,43
20224,A,골목상권,3111060,암사역 2번(서울강동초등학교),872,458,414,1,101,211,241,202,116,1,41,97,131,107,81,0,60,114,110,95,35
20224,A,골목상권,3110007,사직공원(한국사회과학도서관),283,185,98,2,58,88,63,41,31,2,30,62,44,27,20,0,28,26,19,14,11
20224,A,골목상권,3110531,홍지문,141,61,80,0,16,26,24,56,19,0,13,19,13,9,7,0,3,7,11,47,12
20224,A,골목상권,3110013,체부동홍종문가옥,125,71,54,0,8,28,31,26,32,0,2,11,18,14,26,0,6,17,13,12,6
20224,D,발달상권,3120017,동묘앞역(동묘),724,205,519,0,78,151,278,136,81,0,13,47,55,37,53,0,65,104,223,99,28
20224,U,관광특구,3001494,종로·청계 관광특구,32892,17118,15774,68,5350,9954,9473,6395,1652,15,2280,4904,4583,4154,1182,53,3070,5050,4890,2241,470
20224,R,전통시장,3130007,광장시장(광장전통시장),466,310,156,0,39,77,97,129,124,0,22,41,73,77,97,0,17,36,24,52,27
20224,R,전통시장,3130018,동대문문구완구거리(동대문문구완구시장),120,70,50,0,11,18,23,38,30,0,6,10,13,22,19,0,5,8,10,16,11
20202,R,전통시장,3130228,구로시장,10,5,5,0,0,4,6,0,0,0,0,1,4,0,0,0,0,3,2,0,0
20224,A,골목상권,3110010,평창동서측,5240,2651,2589,1,324,1250,2239,1231,195,0,76,342,1157,943,133,1,248,908,1082,288,62
20224,D,발달상권,3120035,퇴계로5가,2257,1368,889,7,650,570,525,321,184,3,282,379,388,200,116,4,368,191,137,121,68
20224,D,발달상권,3120038,약수역,2299,1362,937,7,436,740,580,324,212,1,189,452,383,196,141,6,247,288,197,128,71
20224,D,발달상권,3120028,명동(명동거리),12590,7582,5008,41,2103,3542,3628,2206,1070,16,1009,1955,2310,1615,677,25,1094,1587,1318,591,393
20224,D,발달상권,3120030,중부경찰서(영화인의거리),11882,6796,5086,53,2154,3638,3422,1957,658,16,721,2139,2091,1366,463,37,1433,1499,1331,591,195
20224,D,발달상권,3120029,을지로2가,7461,4461,3000,27,1938,2808,1698,798,192,7,787,1650,1165,693,159,20,1151,1158,533,105,33
20224,D,발달상권,3120025,롯데백화점(시청광장 지하쇼핑센터),22643,6274,16369,229,12750,7002,1624,945,93,71,3075,2028,780,249,71,158,9675,4974,844,696,22
20224,A,골목상권,3110051,한양공고앞 교차로,111,82,29,0,17,23,33,26,12,0,12,16,24,20,10,0,5,7,9,6,2
20224,R,전통시장,3130046,team204(팀204),20,13,7,0,1,3,4,2,10,0,0,2,3,1,7,0,1,1,1,1,3
20224,R,전통시장,3130047,테크노상가(엘리시움),158,110,48,0,10,26,33,60,29,0,5,20,20,41,24,0,5,6,13,19,5
20224,R,전통시장,3130048,동평화시장,20,11,9,0,7,8,1,4,0,0,3,4,1,3,0,0,4,4,0,1,0
20224,R,전통시장,3130055,"황학시장(서울중앙시장, 신중앙시장)",203,117,86,0,24,49,47,52,31,0,12,25,24,32,24,0,12,24,23,20,7
20224,R,전통시장,3130025,삼익패션타운(남대문시장),5494,2675,2819,69,1760,1561,1124,794,186,31,674,837,763,292,78,38,1086,724,361,502,108
20224,A,골목상권,3110075,숙대입구역 1번,1630,736,894,9,270,506,417,289,139,5,69,188,182,181,111,4,201,318,235,108,28
20224,A,골목상권,3110094,오산중학교,26,12,14,0,0,1,4,13,8,0,0,0,2,6,4,0,0,1,2,7,4
20224,A,골목상권,3110093,우사단길,2647,1632,1015,2,331,1035,757,359,163,1,106,546,562,321,96,1,225,489,195,38,67
20224,A,골목상권,3110089,서빙고동주민센터,752,503,249,1,94,230,220,107,100,0,33,136,159,88,87,1,61,94,61,19,13
20224,A,골목상권,3110064,효창공원앞역 2번,923,525,398,2,126,275,261,160,99,1,49,160,160,88,67,1,77,115,101,72,32
20224,A,골목상권,3110109,금호삼성래미안아파트,92,39,53,0,7,10,12,42,21,0,2,6,3,15,13,0,5,4,9,27,8
20224,A,골목상권,3110108,성동구립금호도서관,6,1,5,0,0,1,4,1,0,0,0,0,0,1,0,0,0,1,4,0,0
20224,A,골목상권,3110104,신금호역 4번,213,141,72,0,22,33,35,54,69,0,6,17,21,37,60,0,16,16,14,17,9
20224,A,골목상권,3110126,서울숲역 1번,27,18,9,0,0,7,2,12,6,0,0,6,0,7,5,0,0,1,2,5,1
20224,A,골목상권,3110135,성동세무서,401,208,193,0,41,84,107,78,91,0,7,43,49,38,71,0,34,41,58,40,20
20224,A,골목상권,3110115,상왕십리역 3번,945,362,583,10,392,218,156,113,56,0,76,84,93,75,34,10,316,134,63,38,22
20224,A,골목상권,3110133,서울교통공사,122,93,29,0,19,25,33,21,24,0,12,18,29,17,17,0,7,7,4,4,7
20224,R,전통시장,3130072,성동용답상가시장,132,71,61,0,21,19,35,39,18,0,9,9,16,26,11,0,12,10,19,13,7
20224,A,골목상권,3110130,답십리역 6번,105,89,16,0,20,24,38,15,8,0,17,20,35,10,7,0,3,4,3,5,1
20224,A,골목상권,3110170,동대부여고,223,128,95,1,37,51,67,45,22,0,17,21,42,32,16,1,20,30,25,13,6
20224,A,골목상권,3110172,광진초등학교,344,227,117,0,42,72,92,91,47,0,17,48,61,65,36,0,25,24,31,26,11
20224,A,골목상권,3110173,구남초등학교,195,106,89,0,34,50,46,44,21,0,16,28,21,25,16,0,18,22,25,19,5
20224,R,전통시장,3130081,자양골목전통시장(자양골목시장),54,36,18,0,7,17,14,9,7,0,5,12,9,6,4,0,2,5,5,3,3
20224,R,전통시장,3130080,자양종합시장(기능상실),14,10,4,0,0,1,6,6,1,0,0,1,4,4,1,0,0,0,2,2,0
20224,A,골목상권,3110143,뚝섬유원지역 1번,44,18,26,1,4,13,9,13,4,1,0,3,5,6,3,0,4,10,4,7,1
20224,D,발달상권,3120053,건대입구역(건대),892,505,387,5,148,146,178,204,211,2,41,65,97,137,163,3,107,81,81,67,48
20224,R,전통시장,3130075,노룬산시장(노룬산골목시장),17,12,5,0,4,5,6,0,2,0,3,3,5,0,1,0,1,2,1,0,1
20224,A,골목상권,3110165,국립정신건강센터,243,175,68,0,12,32,69,76,54,0,7,23,42,59,44,0,5,9,27,17,10
20224,R,전통시장,3130082,면곡골목시장,20,11,9,0,4,0,1,9,6,0,4,0,0,3,4,0,0,0,1,6,2
20224,R,전통시장,3130078,화양제일골목시장,52,17,35,0,6,15,19,9,3,0,1,5,8,2,1,0,5,10,11,7,2
20224,A,골목상권,3110185,용두초등학교,122,77,45,0,13,22,31,32,24,0,5,13,18,22,19,0,8,9,13,10,5
20224,D,발달상권,3120067,장안동사거리,2595,1173,1422,9,427,580,675,579,325,7,165,280,260,257,204,2,262,300,415,322,121
20224,R,전통시장,3130092,청량리농수산물시장,12,9,3,0,0,1,3,5,3,0,0,0,3,3,3,0,0,1,0,2,0
20224,A,골목상권,3110205,경희대삼거리,82,48,34,0,4,13,23,23,19,0,2,10,7,17,12,0,2,3,16,6,7
20224,A,골목상권,3110265,망우역 1번,198,91,107,1,23,43,54,57,20,0,7,18,21,32,13,1,16,25,33,25,7
20224,R,전통시장,3130110,면목골목시장(면목시장),107,64,43,0,1,9,35,38,24,0,1,6,22,19,16,0,0,3,13,19,8
20224,A,골목상권,3110263,면목역 1번,130,71,59,0,13,27,35,24,31,0,7,12,12,14,26,0,6,15,23,10,5
20224,A,골목상권,3110272,신내1동주민센터,477,319,158,0,45,69,93,152,118,0,15,35,60,103,106,0,30,34,33,49,12
20224,R,전통시장,3130113,신아타운,148,27,121,1,31,31,28,39,18,1,4,9,3,4,6,0,27,22,25,35,12
20224,A,골목상권,3110307,길음역 7번,119,62,57,0,17,25,41,19,17,0,7,17,18,10,10,0,10,8,23,9,7
20224,A,골목상권,3110310,길음역 10번,45,14,31,0,12,8,5,15,5,0,4,1,2,4,3,0,8,7,3,11,2
20224,A,골목상권,3110288,동구여중,216,139,77,1,19,49,52,55,40,0,9,22,35,40,33,1,10,27,17,15,7
20224,A,골목상권,3110313,안암역 3번,2069,1344,725,2,208,552,670,474,163,0,95,310,444,355,140,2,113,242,226,119,23
20224,A,골목상권,3110326,장위동성당,84,40,44,0,2,9,16,13,44,0,1,2,6,5,26,0,1,7,10,8,18
20224,R,전통시장,3130117,정릉시장,121,63,58,0,4,15,34,43,25,0,2,8,20,19,14,0,2,7,14,24,11
20224,A,골목상권,3110282,국민대학교앞,980,789,191,13,185,388,206,75,113,12,134,349,179,57,58,1,51,39,27,18,55
20224,R,전통시장,3130118,정릉골 골목형상점가,67,30,37,0,11,13,11,19,13,0,0,2,6,12,10,0,11,11,5,7,3
20224,R,전통시장,3130141,강북북부골목시장,36,19,17,0,12,4,11,6,3,0,3,2,6,6,2,0,9,2,5,0,1
20224,A,골목상권,3110380,강북문화정보도서관,48,15,33,0,12,10,12,10,4,0,0,3,5,4,3,0,12,7,7,6,1
20224,D,발달상권,3120078,미아사거리역,143,89,54,0,27,28,29,30,29,0,12,16,21,18,22,0,15,12,8,12,7
20224,A,골목상권,3110370,도봉세무서,367,255,112,0,17,61,76,105,108,0,11,31,42,80,91,0,6,30,34,25,17
20224,A,골목상권,3110358,인수동 우편취급국,549,295,254,0,18,34,67,210,220,0,2,18,23,91,161,0,16,16,44,119,59
20224,A,골목상권,3110359,수유시장옆,126,72,54,0,12,26,34,40,14,0,3,12,17,32,8,0,9,14,17,8,6
20224,A,골목상권,3110366,광산사거리,91,64,27,0,17,20,17,22,15,0,13,13,11,16,11,0,4,7,6,6,4
20224,A,골목상권,3110391,샘말어린이공원,219,118,101,0,22,44,64,45,44,0,12,26,37,23,20,0,10,18,27,22,24
20224,A,골목상권,3110386,연산군묘,124,114,10,0,4,3,10,44,63,0,1,3,7,40,63,0,3,0,3,4,0
20224,A,골목상권,3110385,효문고등학교,37,22,15,0,3,9,12,4,9,0,2,5,3,4,8,0,1,4,9,0,1
20224,R,전통시장,3130144,백운시장,21,14,7,0,0,1,7,8,5,0,0,0,5,4,5,0,0,1,2,4,0
20224,A,골목상권,3110396,쌍문역1번(쌍리단길),259,94,165,2,41,49,52,76,39,0,13,15,22,29,15,2,28,34,30,47,24
20224,A,골목상권,3110404,신창초등학교,515,298,217,1,42,93,163,136,80,0,11,56,109,76,46,1,31,37,54,60,34
20224,A,골목상권,3110429,공릉동 국수거리,2074,916,1158,3,224,284,511,689,363,1,91,167,248,234,175,2,133,117,263,455,188
20224,A,골목상권,3110438,경춘선숲길 우측,230,110,120,0,26,54,83,52,15,0,12,21,38,30,9,0,14,33,45,22,6
20224,D,발달상권,3120085,은행사거리,317,121,196,4,51,48,80,78,56,3,11,14,21,40,32,1,40,34,59,38,24
20224,A,골목상권,3110458,선일여고,385,200,185,0,32,79,94,119,61,0,19,46,47,52,36,0,13,33,47,67,25
20224,A,골목상권,3110460,구산역 4번,969,582,387,0,57,184,248,234,246,0,18,124,133,121,186,0,39,60,115,113,60
20224,R,전통시장,3130164,역촌중앙시장,9,3,6,0,0,1,2,2,4,0,0,0,1,1,1,0,0,1,1,1,3
20224,A,골목상권,3110450,시립서북병원,774,421,353,3,138,166,179,154,134,2,80,103,96,70,70,1,58,63,83,84,64
20224,A,골목상권,3110456,구산보건지소,967,544,423,3,284,226,177,147,130,1,123,112,94,97,117,2,161,114,83,50,13
20224,A,골목상권,3110486,은평구청,491,279,212,0,81,100,108,134,68,0,54,70,53,61,41,0,27,30,55,73,27
20224,A,골목상권,3110484,역촌역 3번,499,193,306,6,64,131,129,103,66,5,34,45,41,32,36,1,30,86,88,71,30
20224,D,발달상권,3120092,불광역,274,147,127,0,33,51,83,52,55,0,12,29,44,21,41,0,21,22,39,31,14
20224,A,골목상권,3110472,연신내역 4번,335,156,179,2,52,77,79,68,57,1,16,43,30,37,29,1,36,34,49,31,28
20224,R,전통시장,3130168,연서시장,234,155,79,0,19,50,51,64,50,0,5,23,33,49,45,0,14,27,18,15,5
20224,A,골목상권,3110445,덕산중학교,71,53,18,0,18,15,16,8,14,0,10,9,13,7,14,0,8,6,3,1,0
20224,A,골목상권,3110446,내를건너서숲으로도서관,163,124,39,0,6,14,51,45,47,0,5,9,33,35,42,0,1,5,18,10,5
20224,A,골목상권,3110461,새절역 2번,39,21,18,0,2,8,11,10,8,0,2,2,6,6,5,0,0,6,5,4,3
20224,A,골목상권,3110451,증산역 4번,1267,962,305,2,150,378,365,291,81,2,75,289,305,230,61,0,75,89,60,61,20
20224,A,골목상권,3110502,남가좌파출소,290,147,143,0,29,34,73,92,62,0,14,16,35,47,35,0,15,18,38,45,27
20224,A,골목상권,3110520,경의중앙 신촌역,105,57,48,0,31,22,32,12,8,0,10,15,16,10,6,0,21,7,16,2,2
20224,A,골목상권,3110526,봉원사,211,111,100,1,17,38,50,49,56,1,7,21,24,26,32,0,10,17,26,23,24
20224,A,골목상권,3110511,연희초등학교,3646,3286,360,2,420,731,640,1505,348,1,355,646,532,1425,327,1,65,85,108,80,21
20224,D,발달상권,3120093,연희동,661,351,310,2,60,125,170,195,109,0,27,62,91,103,68,2,33,63,79,92,41
20224,A,골목상권,3110504,명지전문대,170,46,124,1,21,19,35,41,53,0,5,4,10,13,14,1,16,15,25,28,39
20224,D,발달상권,3120095,홍제역,931,525,406,1,73,108,267,363,119,0,16,56,142,223,88,1,57,52,125,140,31
20224,A,골목상권,3110587,공덕동주민센터,264,135,129,1,43,53,75,55,37,1,16,31,47,23,17,0,27,22,28,32,20
20224,A,골목상권,3110578,대흥역 2번,2091,1413,678,2,213,337,391,638,510,1,80,225,309,452,346,1,133,112,82,186,164
20224,A,골목상권,3110574,서강대학교,173,123,50,0,35,41,49,38,10,0,17,30,41,30,5,0,18,11,8,8,5
20224,A,골목상권,3110582,이대역 5번,56,17,39,0,6,11,16,13,10,0,0,4,4,4,5,0,6,7,12,9,5
20224,D,발달상권,3120106,마포역,11485,7110,4375,12,1812,2735,2685,2311,1930,8,917,1662,1891,1437,1195,4,895,1073,794,874,735
20224,A,골목상권,3110544,망리단길,1203,718,485,1,179,248,331,253,191,1,107,153,171,147,139,0,72,95,160,106,52
20224,D,발달상권,3120103,홍대입구역(홍대),9580,5991,3589,87,2167,2434,2066,1613,1213,61,1145,1486,1404,988,907,26,1022,948,662,625,306
20224,A,골목상권,3110566,경의선책거리,1690,934,756,2,359,547,406,290,86,1,137,328,252,157,59,1,222,219,154,133,27
20224,R,전통시장,3130187,영진시장,29,14,15,0,4,5,11,7,2,0,2,2,6,2,2,0,2,3,5,5,0
20224,A,골목상권,3110557,홍대부속여중고앞,760,465,295,1,100,188,196,149,126,1,37,110,137,95,85,0,63,78,59,54,41
20224,A,골목상권,3110548,마포구청역 4번,795,475,320,5,130,185,210,136,129,3,57,95,122,89,109,2,73,90,88,47,20
20224,A,골목상권,3110543,중암중학교,38,25,13,0,6,8,14,7,3,0,3,5,8,6,3,0,3,3,6,1,0
20224,A,골목상권,3110585,마포경찰서,918,790,128,0,192,360,176,181,9,0,150,313,153,166,8,0,42,47,23,15,1
20224,D,발달상권,3120112,등촌역,1633,1138,495,10,223,388,373,358,281,6,100,270,265,265,232,4,123,118,108,93,49
20224,A,골목상권,3110618,강서고등학교,193,135,58,0,19,38,52,52,32,0,10,29,36,34,26,0,9,9,16,18,6
20224,A,골목상권,3110599,신월1파출소,378,268,110,3,50,89,94,93,49,2,34,68,63,65,36,1,16,21,31,28,13
20224,A,골목상권,3110596,서서울호수공원,417,272,145,2,48,90,107,113,57,0,28,56,74,71,43,2,20,34,33,42,14
20224,R,전통시장,3130200,"신월7동 골목시장(약수시장, 우성상가)",27,18,9,0,0,3,9,6,9,0,0,0,7,4,7,0,0,3,2,2,2
20224,A,골목상권,3110623,갈산공원,130,99,31,0,27,34,27,31,11,0,23,27,21,21,7,0,4,7,6,10,4
20224,R,전통시장,3130218,신월중앙시장,118,53,65,0,28,34,26,13,17,0,8,12,11,9,13,0,20,22,15,4,4
20224,A,골목상권,3110632,방화역 3번,1075,887,188,2,42,127,400,334,170,1,21,90,353,281,141,1,21,37,47,53,29
20224,A,골목상권,3110651,화원중학교,377,214,163,2,29,50,102,105,89,1,19,31,68,52,43,1,10,19,34,53,46
20224,A,골목상권,3110659,화곡역 4번,844,496,348,11,102,181,234,180,136,9,52,114,140,105,76,2,50,67,94,75,60
20224,A,골목상권,3110696,오류동역 1번,2424,1658,766,32,831,942,326,216,77,16,483,735,235,131,58,16,348,207,91,85,19
20224,A,골목상권,3110697,개봉3동주민센터,230,142,88,1,55,64,49,41,20,1,27,41,31,29,13,0,28,23,18,12,7
20224,A,골목상권,3110698,개웅초등학교(개웅중학교),276,176,100,3,50,50,53,63,57,3,25,32,31,39,46,0,25,18,22,24,11
20224,A,골목상권,3110722,G타워,837,574,263,4,152,296,249,99,37,4,95,205,191,55,24,0,57,91,58,44,13
20224,A,골목상권,3110682,온수역 8번,25,11,14,0,2,4,13,5,1,0,2,2,6,1,0,0,0,2,7,4,1
20224,A,골목상권,3110684,서울공연예술고등학교,251,136,115,2,50,78,61,36,24,0,19,54,34,19,10,2,31,24,27,17,14
20224,A,골목상권,3110688,오류지구대,169,59,110,1,18,18,40,59,33,0,7,10,15,19,8,1,11,8,25,40,25
20224,A,골목상권,3110730,서울축산농협 독산역지점(독산파출소),660,376,284,1,80,105,117,201,156,1,30,58,54,113,120,0,50,47,63,88,36
20224,A,골목상권,3110728,두산초등학교,4560,2778,1782,8,88,138,245,530,3551,8,64,86,123,279,2218,0,24,52,122,251,1333
20224,A,골목상권,3110752,한울중학교,269,117,152,2,25,46,81,79,36,2,13,16,34,33,19,0,12,30,47,46,17
20224,R,전통시장,3130234,푸른터시장(기능상실),7,3,4,0,1,1,0,3,2,0,0,1,0,1,1,0,1,0,0,2,1
20224,R,전통시장,3130235,대명여울빛거리시장(대명시장),298,80,218,0,39,52,77,82,48,0,11,14,25,19,11,0,28,38,52,63,37
20224,A,골목상권,3110743,시흥초등학교(시흥1동우체국),191,130,61,0,18,31,48,50,44,0,10,20,32,37,31,0,8,11,16,13,13
20224,A,골목상권,3110731,금천구청역 1번 출입구,1044,564,480,7,306,385,206,96,44,2,149,230,102,55,26,5,157,155,104,41,18
20224,A,골목상권,3110753,시흥동 은행나무사거리,617,387,230,0,69,100,149,166,133,0,28,68,90,96,105,0,41,32,59,70,28
20224,A,골목상권,3110764,문래역 3번,541,223,318,0,93,127,159,102,60,0,27,39,54,54,49,0,66,88,105,48,11
20224,A,골목상권,3110779,대림갑을명가아파트,33,24,9,0,2,5,13,7,6,0,1,4,10,4,5,0,1,1,3,3,1
20224,R,전통시장,3130242,대림중앙 골목형상점가,66,20,46,0,3,17,17,24,5,0,1,6,5,5,3,0,2,11,12,19,2
20224,A,골목상권,3110765,문래동사거리,889,619,270,2,80,133,209,175,290,1,38,78,140,126,236,1,42,55,69,49,54
20224,A,골목상권,3110810,영신초등학교,403,183,220,0,58,147,59,78,61,0,24,67,27,43,22,0,34,80,32,35,39
20224,A,골목상권,3110813,보라매역 6번,286,167,119,3,22,37,50,74,100,3,15,21,24,39,65,0,7,16,26,35,35
20224,D,발달상권,3120135,양평역,5072,3013,2059,32,1300,1280,1187,776,497,11,626,825,676,441,434,21,674,455,511,335,63
20224,D,발달상권,3120146,한강성심병원,5066,2882,2184,18,1252,1255,1097,821,623,8,405,669,729,584,487,10,847,586,368,237,136
20224,R,전통시장,3130253,영신상가(제일상가),9,7,2,0,2,3,0,2,2,0,2,3,0,1,1,0,0,0,0,1,1
20224,R,전통시장,3130249,동남상가,10,8,2,0,2,0,0,4,4,0,1,0,0,4,3,0,1,0,0,0,1
20224,A,골목상권,3110782,영등포시장역 4번,127,87,40,1,13,24,48,27,14,1,5,16,36,17,12,0,8,8,12,10,2
20224,A,골목상권,3110809,장훈고등학교,112,61,51,0,7,15,30,23,37,0,3,5,11,17,25,0,4,10,19,6,12
20224,A,골목상권,3110834,동작구자원봉사센터,41,25,16,0,3,5,8,11,14,0,2,2,8,6,7,0,1,3,0,5,7
20224,A,골목상권,3110828,노량진역 6번,3010,2066,944,9,471,1047,854,467,162,3,252,711,639,357,104,6,219,336,215,110,58
20224,A,골목상권,3110824,대방역 3번,296,102,194,1,48,91,92,42,22,0,11,26,29,23,13,1,37,65,63,19,9
20224,A,골목상권,3110852,이수역 9번,198,121,77,0,26,35,54,38,45,0,12,20,30,23,36,0,14,15,24,15,9
20224,A,골목상권,3110851,경문고등학교(동작동성당),493,236,257,0,79,137,141,105,31,0,32,53,66,67,18,0,47,84,75,38,13
20224,A,골목상권,3110831,상도4동주민센터,72,40,32,0,3,13,14,29,13,0,3,6,6,18,7,0,0,7,8,11,6
20224,A,골목상권,3110827,NH농협은행 상도동지점,262,93,169,0,39,51,73,65,34,0,11,18,20,28,16,0,28,33,53,37,18
20224,A,골목상권,3110841,중대부중,75,34,41,0,7,12,14,23,19,0,4,7,5,10,8,0,3,5,9,13,11
20224,A,골목상권,3110900,낙성대역 1번(관악구민 종합체육센터),444,246,198,1,94,123,115,88,23,1,48,64,62,53,18,0,46,59,53,35,5
20224,D,발달상권,3120159,서울대입구역,1430,763,667,12,289,320,321,238,250,6,116,164,174,133,170,6,173,156,147,105,80
20224,A,골목상권,3110866,난우중학교,184,101,83,0,23,36,41,65,19,0,14,20,19,32,16,0,9,16,22,33,3
20224,D,발달상권,3120158,녹두거리(대학동),695,550,145,2,31,73,200,279,110,0,7,41,163,241,98,2,24,32,37,38,12
20224,A,골목상권,3110857,미성동주민센터,431,229,202,9,60,64,70,108,120,9,34,48,41,46,51,0,26,16,29,62,69
20224,R,전통시장,3130278,미성동 도깨비시장 골목형상점가,75,16,59,0,0,16,28,24,7,0,0,7,5,2,2,0,0,9,23,22,5
20224,A,골목상권,3110875,보라매동주민센터(당곡고등학교),19,15,4,0,4,2,5,6,2,0,2,2,3,6,2,0,2,0,2,0,0
20224,A,골목상권,3110873,당곡중학교,348,167,181,0,70,79,87,76,36,0,29,39,39,37,23,0,41,40,48,39,13
20224,R,전통시장,3130285,서원동상점가,615,316,299,4,28,56,85,160,282,1,17,38,45,60,155,3,11,18,40,100,127
20224,A,골목상권,3110891,구암초등학교,47,22,25,0,5,1,22,16,3,0,1,0,11,8,2,0,4,1,11,8,1
20224,R,전통시장,3130280,신림종합시장,22,17,5,0,0,1,2,7,12,0,0,0,0,5,12,0,0,1,2,2,0
20224,R,전통시장,3130279,관악신사시장,2159,1727,432,0,365,671,738,355,30,0,172,530,669,333,23,0,193,141,69,22,7
20224,R,전통시장,3130295,인헌시장(원당종합시장),122,48,74,0,20,27,38,23,14,0,3,9,16,12,8,0,17,18,22,11,6
20224,A,골목상권,3110892,관악구 중앙길,709,341,368,0,69,110,159,221,150,0,25,55,76,105,80,0,44,55,83,116,70
20224,A,골목상권,3110899,낙성대역 5번(관악중학교),681,442,239,0,167,178,164,123,49,0,107,130,95,71,39,0,60,48,69,52,10
20224,A,골목상권,3110944,서울나래학교(염곡어린이공원),933,632,301,10,116,213,161,196,237,8,88,169,114,118,135,2,28,44,47,78,102
20224,A,골목상권,3110905,방배노인종합복지관(이수중학교),287,176,111,1,36,71,71,63,45,0,18,38,45,41,34,1,18,33,26,22,11
20224,A,골목상권,3110920,방배역 2번(백석예술대학교),359,205,154,0,23,53,125,118,40,0,5,29,65,75,31,0,18,24,60,43,9
20224,A,골목상권,3110910,내방역 5번,614,240,374,5,72,124,157,176,80,3,30,69,52,49,37,2,42,55,105,127,43
20224,A,골목상권,3110906,서문여고,683,362,321,2,217,106,119,106,133,0,59,58,72,62,111,2,158,48,47,44,22
20224,D,발달상권,3120161,방배동가구거리(사당동가구거리),2517,1833,684,3,187,342,315,347,1323,2,78,178,165,202,1208,1,109,164,150,145,115
20224,R,전통시장,3130296,남부종합시장,85,63,22,0,2,8,25,35,15,0,1,8,16,24,14,0,1,0,9,11,1
20224,D,발달상권,3120175,남부터미널역,8254,5320,2934,32,1703,2482,1996,1297,744,6,856,1692,1362,856,548,26,847,790,634,441,196
20224,A,골목상권,3110932,서울시인재개발원,532,384,148,2,128,170,127,64,41,2,76,116,100,54,36,0,52,54,27,10,5
20224,A,골목상권,3110930,서초동성당,2178,1774,404,8,284,588,694,433,171,2,190,448,591,393,150,6,94,140,103,40,21
20224,A,골목상권,3110931,삼성전자서울R&D(서울우면초등학교),94,47,47,0,36,30,16,6,6,0,11,15,10,6,5,0,25,15,6,0,1
20224,A,골목상권,3110938,바우뫼공원,1522,927,595,0,253,457,423,297,92,0,147,314,251,143,72,0,106,143,172,154,20
20224,A,골목상권,3110942,염곡동 구룡사(포이동성당),3242,1952,1290,7,578,932,791,613,321,3,328,587,461,351,222,4,250,345,330,262,99
20224,A,골목상권,3110943,법제교육센터(버들어린이공원),1122,578,544,1,67,165,357,323,209,1,36,99,151,140,151,0,31,66,206,183,58
20224,A,골목상권,3110994,개포고등학교,494,382,112,7,65,161,123,110,28,4,47,134,103,73,21,3,18,27,20,37,7
20224,R,전통시장,3130305,논현종합시장,85,43,42,0,21,14,14,19,17,0,7,7,6,14,9,0,14,7,8,5,8
20224,D,발달상권,3120193,도산공원교차로,6384,3798,2586,15,1278,1918,1493,983,697,6,466,1071,1021,696,538,9,812,847,472,287,159
20224,D,발달상권,3120220,대치역,5716,3394,2322,26,1854,2307,1022,333,174,2,774,1495,752,234,137,24,1080,812,270,99,37
20224,D,발달상권,3120210,선릉역,48780,26797,21983,117,11358,13636,11065,7952,4652,54,5356,8026,6479,4158,2724,63,6002,5610,4586,3794,1928
20224,D,발달상권,3120221,봉은사역,17557,12129,5428,22,3154,5248,3562,2734,2837,8,2167,4087,2812,1669,1386,14,987,1161,750,1065,1451
20224,A,골목상권,3110988,청담역 3번,1594,1016,578,1,243,425,364,346,215,1,82,247,247,262,177,0,161,178,117,84,38
20224,R,전통시장,3130304,신사상가,24,13,11,0,3,4,6,7,4,0,1,1,3,5,3,0,2,3,3,2,1
20224,D,발달상권,3120197,역삼역,58731,38593,20138,93,10093,18065,15897,10840,3743,43,5229,11924,11872,7083,2442,50,4864,6141,4025,3757,1301
20224,D,발달상권,3120237,경찰병원역,9922,5579,4343,59,1236,1684,1762,1665,3516,25,543,1068,1140,766,2037,34,693,616,622,899,1479
20224,A,골목상권,3111045,개미어린이공원,36,18,18,0,2,7,12,12,3,0,1,1,7,7,2,0,1,6,5,5,1
20224,A,골목상권,3111047,마천1치안센터,111,73,38,0,9,17,34,34,17,0,6,14,19,22,12,0,3,3,15,12,5
20224,A,골목상권,3111043,마천공원,32,13,19,0,1,3,7,12,9,0,0,0,1,6,6,0,1,3,6,6,3
20224,D,발달상권,3120238,방이역,430,260,170,5,53,101,116,79,76,4,25,48,61,57,65,1,28,53,55,22,11
20224,D,발달상권,3120226,석촌고분역,2344,1748,596,6,272,329,431,334,972,5,128,199,262,228,926,1,144,130,169,106,46
20224,A,골목상권,3111012,석촌역 6번,732,332,400,2,91,127,180,183,149,2,23,56,83,93,75,0,68,71,97,90,74
20224,D,발달상권,3120228,석촌역(석촌호수),4494,2725,1769,7,707,1306,1038,695,741,1,288,851,680,410,495,6,419,455,358,285,246
20224,A,골목상권,3111035,오금공원(오주중학교),531,398,133,0,41,90,148,148,104,0,32,66,121,102,77,0,9,24,27,46,27
20224,A,골목상권,3111028,문현중학교(장지역 1번),424,194,230,0,54,66,132,116,56,0,29,36,49,50,30,0,25,30,83,66,26
20224,A,골목상권,3111087,고덕중학교(고덕2동주민센터),197,89,108,0,26,46,62,36,27,0,5,21,26,17,20,0,21,25,36,19,7
20224,D,발달상권,3120246,길동역,3415,1545,1870,14,385,562,837,913,704,8,169,318,417,302,331,6,216,244,420,611,373
20224,A,골목상권,3111083,GS강동자이아파트,411,245,166,0,67,62,70,100,112,0,47,43,41,44,70,0,20,19,29,56,42
20224,R,전통시장,3130325,명일전통시장,89,30,59,0,8,10,13,28,30,0,3,6,5,8,8,0,5,4,8,20,22
20224,A,골목상권,3111074,명일역 1번,147,77,70,2,31,38,40,16,20,1,9,23,23,10,11,1,22,15,17,6,9
20224,A,골목상권,3111053,성내천어린이공원(하니사랑길),6288,4564,1724,6,799,940,1025,1564,1954,3,542,693,750,1053,1523,3,257,247,275,511,431
20224,A,골목상권,3111061,암사역 1번,831,551,280,0,149,186,182,170,144,0,82,128,126,125,90,0,67,58,56,45,54
20224,R,전통시장,3130318,로데오거리상점가,266,132,134,0,31,43,49,55,88,0,9,12,19,26,66,0,22,31,30,29,22
20224,A,골목상권,3111056,천호태영아파트,191,53,138,0,27,35,64,36,29,0,4,5,19,15,10,0,23,30,45,21,19
20224,A,골목상권,3110036,동묘앞역 3번,52,34,18,0,3,6,16,12,15,0,1,3,9,11,10,0,2,3,7,1,5
20224,A,골목상권,3110028,이화달팽이길,704,279,425,1,177,179,137,123,87,0,56,60,56,65,42,1,121,119,81,58,45
20224,D,발달상권,3120010,원남동사거리,4095,2287,1808,50,1544,1304,651,377,169,2,585,792,484,292,132,48,959,512,167,85,37
20224,R,전통시장,3130017,동대문상가C동,12,9,3,0,1,4,4,2,1,0,1,4,3,0,1,0,0,0,1,2,0
20224,D,발달상권,3120016,동대문역,182,115,67,1,10,24,42,40,65,0,6,12,20,28,49,1,4,12,22,12,16
20224,A,골목상권,3110034,창신1동주민센터,41,35,6,0,2,1,14,13,11,0,2,1,10,11,11,0,0,0,4,2,0
20224,A,골목상권,3110014,경복고등학교,194,82,112,0,28,54,40,44,28,0,4,14,21,24,19,0,24,40,19,20,9
20224,A,골목상권,3110001,이북5도청사,1048,625,423,4,130,286,237,257,134,0,48,170,160,167,80,4,82,116,77,90,54
20224,A,골목상권,3110286,한성대입구역 5번,986,472,514,17,187,285,318,122,57,8,70,127,144,83,40,9,117,158,174,39,17
20224,R,전통시장,3130036,중부시장(신중부시장),3089,921,2168,8,1868,593,250,198,172,3,316,189,171,120,122,5,1552,404,79,78,50
20224,D,발달상권,3120033,을지로4가역,867,437,430,7,127,212,194,201,126,1,44,107,99,89,97,6,83,105,95,112,29
20224,U,관광특구,3001492,명동 남대문 북창동 다동 무교동 관광특구,104830,53674,51156,423,27134,34007,23384,15726,4156,137,8860,16080,15133,10824,2640,286,18274,17927,8251,4902,1516
20224,D,발달상권,3120023,서울시청,10242,5534,4708,15,2234,3260,2778,1425,530,4,852,1657,1658,983,380,11,1382,1603,1120,442,150
20224,R,전통시장,3130031,청계천공구상가,921,698,223,2,101,281,234,159,144,1,64,230,181,104,118,1,37,51,53,55,26
20224,D,발달상권,3120021,시청역_8번,23737,14953,8784,73,4071,8120,7087,3484,902,13,1699,4433,5165,2993,650,60,2372,3687,1922,491,252
20224,A,골목상권,3110053,청구역 1번,281,166,115,0,52,69,69,54,37,0,23,45,43,27,28,0,29,24,26,27,9
20224,R,전통시장,3130049,신당 미래유산 먹거리 골목형상점가,42,19,23,0,3,5,9,13,12,0,1,3,0,7,8,0,2,2,9,6,4
20224,D,발달상권,3120043,서울역,22578,15322,7256,58,4087,7782,5513,3664,1474,27,2087,4897,4201,3033,1077,31,2000,2885,1312,631,397
20224,A,골목상권,3110040,중구회현체육센터(정화예술대남산캠퍼스),165,78,87,0,33,30,40,37,25,0,14,15,17,13,19,0,19,15,23,24,6
20224,D,발달상권,3120024,회현역,2167,1364,803,2,341,795,582,250,197,1,146,473,416,192,136,1,195,322,166,58,61
20224,A,골목상권,3110039,회현역 1번,49,26,23,0,2,8,12,14,13,0,0,4,9,8,5,0,2,4,3,6,8
20224,R,전통시장,3130024,남대문시장(자유상가),732,426,306,2,54,129,172,177,198,1,15,75,95,108,132,1,39,54,77,69,66
20224,R,전통시장,3130022,숭례문수입상가(남대문시장),1907,850,1057,0,330,855,598,113,11,0,55,378,338,70,9,0,275,477,260,43,2
20224,D,발달상권,3120045,남영동 먹자골목,4044,1580,2464,7,424,908,1421,1162,122,1,257,576,502,205,39,6,167,332,919,957,83
20224,R,전통시장,3130060,신흥시장,4,1,3,0,0,2,0,2,0,0,0,1,0,0,0,0,0,1,0,2,0
20224,A,골목상권,3110072,열정도,374,244,130,6,108,96,78,51,35,0,51,71,62,37,23,6,57,25,16,14,12
20224,A,골목상권,3110059,새남터성지,385,307,78,0,38,71,113,138,25,0,21,48,99,124,15,0,17,23,14,14,10
20204,U,관광특구,3001491,이태원 관광특구,5839,3064,2775,28,1377,2065,1290,768,311,18,514,986,777,541,228,10,863,1079,513,227,83
20224,A,골목상권,3110069,숙대입구,825,291,534,3,200,296,163,87,76,3,34,92,77,40,45,0,166,204,86,47,31
20224,A,골목상권,3110095,한강진역 3번,1186,801,385,16,160,326,321,298,65,8,61,235,227,226,44,8,99,91,94,72,21
20224,A,골목상권,3110097,한남초등학교,7,4,3,0,2,3,2,0,0,0,0,2,2,0,0,0,2,1,0,0,0
20224,A,골목상권,3110077,삼광초등학교,385,317,68,0,37,86,148,98,16,0,21,66,130,88,12,0,16,20,18,10,4
20224,A,골목상권,3110103,옥수터널,13,11,2,1,0,2,2,6,2,0,0,2,2,5,2,1,0,0,0,1,0
20224,R,전통시장,3130073,뚝도시장,45,17,28,1,3,10,9,11,11,0,0,2,4,5,6,1,3,8,5,6,5
20224,A,골목상권,3110137,성수초등학교,6605,4295,2310,31,1016,1740,1836,1344,638,22,557,1152,1250,828,486,9,459,588,586,516,152
20224,A,골목상권,3110138,송정체육공원,160,79,81,0,15,27,53,41,24,0,4,12,21,23,19,0,11,15,32,18,5
20224,D,발달상권,3120057,아차산역,2218,1220,998,52,412,432,503,468,351,19,236,257,289,206,213,33,176,175,214,262,138
20224,A,골목상권,3110177,동의초등학교,112,81,31,0,6,25,28,32,21,0,3,14,19,26,19,0,3,11,9,6,2
20224,A,골목상권,3110175,푸른동산공원,367,233,134,0,41,73,108,86,59,0,24,48,69,53,39,0,17,25,39,33,20
20224,A,골목상권,3110146,신자초등학교,742,537,205,0,50,81,212,276,123,0,25,45,160,209,98,0,25,36,52,67,25
20224,A,골목상권,3110150,중곡1동 마을마당,1179,698,481,1,197,352,252,217,160,1,83,194,161,132,127,0,114,158,91,85,33
20224,A,골목상권,3110195,동대문구청,221,115,106,0,41,58,47,40,35,0,12,28,23,27,25,0,29,30,24,13,10
20224,A,골목상권,3110189,제기동역 1번,1538,1086,452,1,233,490,342,167,305,0,98,349,286,136,217,1,135,141,56,31,88
20224,A,골목상권,3110214,경희대후문,86,42,44,0,18,17,24,17,10,0,6,6,13,10,7,0,12,11,11,7,3
20224,A,골목상권,3110224,외대앞역 2번,96,41,55,0,9,14,16,29,28,0,2,4,9,18,8,0,7,10,7,11,20
20224,A,골목상권,3110232,동대부고,579,413,166,0,41,71,119,175,173,0,14,38,80,134,147,0,27,33,39,41,26
20224,A,골목상권,3110201,전농119안전센터,27,11,16,0,2,1,9,10,5,0,1,0,3,4,3,0,1,1,6,6,2
20224,R,전통시장,3130099,전농로터리시장,7,3,4,0,1,0,2,3,1,0,0,0,1,1,1,0,1,0,1,2,0
20224,R,전통시장,3130090,청량리종합시장,19,13,6,0,1,4,3,5,6,0,1,2,3,3,4,0,0,2,0,2,2
20224,R,전통시장,3130093,동서시장,5,3,2,0,0,0,1,2,2,0,0,0,1,0,2,0,0,0,0,2,0
20224,A,골목상권,3110190,고대앞사거리,195,92,103,0,22,34,34,45,60,0,4,18,22,19,29,0,18,16,12,26,31
20224,A,골목상권,3110196,홍릉근린공원,23,12,11,0,1,6,8,5,3,0,1,4,3,2,2,0,0,2,5,3,1
20224,D,발달상권,3120065,회기역,323,205,118,3,48,55,87,76,54,1,27,39,48,49,41,2,21,16,39,27,13
20224,A,골목상권,3110215,회기역 1번,28,18,10,0,3,4,9,7,5,0,3,2,6,3,4,0,0,2,3,4,1
20224,A,골목상권,3110222,회기역 2번,20,17,3,0,0,3,2,6,9,0,0,2,2,4,9,0,0,1,0,2,0
20224,A,골목상권,3110273,장스여성병원,610,446,164,7,31,37,75,209,251,0,4,8,37,168,229,7,27,29,38,41,22
20224,A,골목상권,3110260,면목역 3번,126,74,52,0,24,21,24,29,28,0,14,8,12,20,20,0,10,13,12,9,8
20224,R,전통시장,3130105,장미제일시장(중화동제일시장),63,27,36,0,8,14,22,11,8,0,3,6,14,3,1,0,5,8,8,8,7
20224,A,골목상권,3110257,상봉역 7번,397,330,67,0,17,18,50,133,179,0,6,11,34,118,161,0,11,7,16,15,18
20224,A,골목상권,3110238,배꽃어린이공원,66,48,18,0,6,7,15,23,15,0,4,5,9,15,15,0,2,2,6,8,0
20224,A,골목상권,3110303,성신여대입구역 1번,139,98,41,1,7,35,44,27,25,0,2,22,28,25,21,1,5,13,16,2,4
20224,A,골목상권,3110305,보문역 5번,883,661,222,3,165,255,173,133,154,1,99,199,129,103,130,2,66,56,44,30,24
20224,D,발달상권,3120070,한성대입구역,466,180,286,2,83,69,78,113,121,2,21,31,37,38,51,0,62,38,41,75,70
20224,A,골목상권,3110331,돌곶이역 8번,441,297,144,3,54,146,113,78,47,0,17,105,83,55,37,3,37,41,30,23,10
20224,A,골목상권,3110334,석관중앙교회,170,105,65,0,21,43,31,41,34,0,8,19,19,29,30,0,13,24,12,12,4
20224,A,골목상권,3110293,삼선중학교,1730,860,870,4,248,467,527,319,165,3,116,277,268,111,85,1,132,190,259,208,80
20224,A,골목상권,3110283,성북초등학교앞,203,78,125,0,16,33,56,80,18,0,8,10,23,27,10,0,8,23,33,53,8
20224,A,골목상권,3110285,홍대부중,814,559,255,9,219,220,210,100,56,6,118,172,163,69,31,3,101,48,47,31,25
20224,A,골목상권,3110312,안암역 2번,150,81,69,0,13,19,47,46,25,0,7,14,24,22,14,0,6,5,23,24,11
20224,A,골목상권,3110316,숭곡초등학교,439,217,222,2,68,114,129,88,38,2,19,58,73,42,23,0,49,56,56,46,15
20224,A,골목상권,3110322,장위1동주민센터,319,224,95,1,33,37,59,95,94,0,25,31,44,66,58,1,8,6,15,29,36
20224,A,골목상권,3110294,서경대학교,391,262,129,0,35,30,93,120,113,0,18,14,46,87,97,0,17,16,47,33,16
20224,A,골목상권,3110319,종암동주민센터,454,111,343,1,46,51,89,146,121,0,8,19,24,32,28,1,38,32,65,114,93
20224,A,골목상권,3110364,미아역 8번,146,75,71,0,9,26,51,39,21,0,3,9,25,23,15,0,6,17,26,16,6
20224,A,골목상권,3110381,번동주공2단지,171,88,83,5,31,28,38,55,14,4,11,14,21,30,8,1,20,14,17,25,6
20224,R,전통시장,3130131,동북프라자,121,49,72,0,9,23,37,29,23,0,4,8,17,9,11,0,5,15,20,20,12
20224,A,골목상권,3110374,송중초등학교,491,272,219,5,33,60,145,140,108,5,9,29,73,70,86,0,24,31,72,70,22
20224,A,골목상권,3110371,삼양입구사거리,49,23,26,0,2,7,10,19,11,0,0,3,5,10,5,0,2,4,5,9,6
20224,A,골목상권,3110363,송천동주민센터,19,12,7,0,0,4,3,7,5,0,0,3,1,4,4,0,0,1,2,3,1
20224,A,골목상권,3110361,삼양사거리역 1번,101,29,72,0,9,12,19,28,33,0,2,4,3,7,13,0,7,8,16,21,20
20224,A,골목상권,3110360,수유초등학교,321,222,99,0,34,61,63,67,96,0,7,43,42,44,86,0,27,18,21,23,10
20224,A,골목상권,3110357,가오리역 1번,725,611,114,0,25,36,171,340,153,0,4,18,146,310,133,0,21,18,25,30,20
20224,A,골목상권,3110340,인수중학교,176,99,77,0,24,55,50,29,18,0,8,43,31,7,10,0,16,12,19,22,8
20224,A,골목상권,3110341,북한산우이역 2번,496,411,85,0,15,25,80,258,118,0,4,10,52,237,108,0,11,15,28,21,10
20224,A,골목상권,3110390,방학초등학교,231,110,121,0,18,63,68,58,24,0,7,36,28,27,12,0,11,27,40,31,12
20224,A,골목상권,3110408,가인초등학교,355,105,250,0,66,70,100,85,34,0,12,24,32,21,16,0,54,46,68,64,18
20224,A,골목상권,3110433,공릉역 2번,401,137,264,1,30,41,46,46,237,1,17,30,25,18,46,0,13,11,21,28,191
20224,R,전통시장,3130157,상계중앙시장,68,35,33,0,14,17,13,15,9,0,8,13,6,6,2,0,6,4,7,9,7
20224,A,골목상권,3110423,석계역 2번,280,104,176,0,27,29,65,73,86,0,9,15,31,29,20,0,18,14,34,44,66
20224,D,발달상권,3120090,연신내역,796,297,499,5,187,160,183,154,107,1,65,66,64,53,48,4,122,94,119,101,59
20224,A,골목상권,3110462,갈현건영아파트,335,216,119,1,40,61,100,72,61,1,23,36,61,48,47,0,17,25,39,24,14
20224,R,전통시장,3130170,제일시장,58,26,32,1,7,9,13,19,9,1,2,2,5,11,5,0,5,7,8,8,4
20224,A,골목상권,3110481,불광역 7번,199,89,110,0,13,44,41,60,41,0,2,23,11,25,28,0,11,21,30,35,13
20224,A,골목상권,3110443,수색역 1번,20,12,8,0,1,2,7,6,4,0,0,2,2,4,4,0,1,0,5,2,0
20224,A,골목상권,3110459,응암역 2번,547,198,349,1,50,105,159,154,78,0,9,38,77,41,33,1,41,67,82,113,45
20224,A,골목상권,3110468,응암역 3번,1202,526,676,2,142,266,324,272,196,0,45,119,142,116,104,2,97,147,182,156,92
20224,A,골목상권,3110478,응암1동주민센터,355,220,135,2,26,37,56,56,178,2,16,23,28,32,119,0,10,14,28,24,59
20224,A,골목상권,3110463,응암3동주민센터,123,54,69,0,7,23,36,26,31,0,3,6,14,11,20,0,4,17,22,15,11
20224,R,전통시장,3130161,증산종합시장,8,5,3,0,0,1,2,2,3,0,0,0,1,2,2,0,0,1,1,0,1
20224,A,골목상권,3110507,명지대학교,1537,1156,381,29,392,636,318,129,33,26,257,481,282,83,27,3,135,155,36,46,6
20224,A,골목상권,3110495,북가좌2동주민센터,501,372,129,0,28,67,125,185,96,0,11,45,88,152,76,0,17,22,37,33,20
20224,R,전통시장,3130179,"이화여대 3,5,7길 상점가",147,65,82,3,34,15,41,31,23,1,12,3,14,17,18,2,22,12,27,14,5
20224,A,골목상권,3110528,서울여자간호대학교,324,160,164,0,11,25,38,72,178,0,10,14,20,24,92,0,1,11,18,48,86
20224,A,골목상권,3110580,양원초등학교,78,20,58,0,3,6,16,25,28,0,0,1,3,11,5,0,3,5,13,14,23
20224,A,골목상권,3110568,광흥창역 1번,67,32,35,0,12,21,14,15,5,0,4,10,6,9,3,0,8,11,8,6,2
20224,A,골목상권,3110545,마포구청역 1번,789,460,329,1,64,151,210,235,128,1,24,92,106,146,91,0,40,59,104,89,37
20224,A,골목상권,3110584,아현역 4번,49,13,36,0,4,7,14,13,11,0,0,0,2,5,6,0,4,7,12,8,5
20224,A,골목상권,3110556,절두산순교성지,176,112,64,3,17,42,58,39,17,3,8,27,39,24,11,0,9,15,19,15,6
20224,A,골목상권,3110622,달마을공원,458,261,197,0,58,90,102,138,70,0,26,47,63,65,60,0,32,43,39,73,10
20224,A,골목상권,3110601,신월1동우편취급국,1200,814,386,3,116,180,274,437,190,1,61,115,183,309,145,2,55,65,91,128,45
20224,A,골목상권,3110598,신월문화체육센터,381,174,207,0,16,50,101,131,83,0,4,22,40,60,48,0,12,28,61,71,35
20224,D,발달상권,3120109,서울남부지방법원,608,342,266,2,56,104,110,170,166,1,18,40,50,104,129,1,38,64,60,66,37
20224,A,골목상권,3110609,신정네거리역 2번,1377,1358,19,0,14,15,52,171,1125,0,10,11,45,168,1124,0,4,4,7,3,1
20224,A,골목상권,3110652,양천향교역 2번,643,483,160,0,70,131,146,169,127,0,32,102,104,139,106,0,38,29,42,30,21
20224,A,골목상권,3110675,화곡4동주민센터,235,161,74,0,13,45,60,59,58,0,6,28,34,46,47,0,7,17,26,13,11
20224,A,골목상권,3110672,백석중학교,168,91,77,1,26,41,35,49,16,1,19,23,14,23,11,0,7,18,21,26,5
20224,A,골목상권,3110660,등촌3동주민센터,4614,2039,2575,10,469,707,766,1291,1371,5,197,427,424,447,539,5,272,280,342,844,832
20224,A,골목상권,3110645,우장산역 4번,782,381,401,0,63,120,238,219,142,0,32,60,86,88,115,0,31,60,152,131,27
20224,R,전통시장,3130213,방신전통시장,112,77,35,0,13,20,25,29,25,0,10,18,14,14,21,0,3,2,11,15,4
20224,A,골목상권,3110630,공항시장역 1번,1472,1008,464,0,157,294,298,328,395,0,67,180,202,240,319,0,90,114,96,88,76
20224,R,전통시장,3130212,공항시장,8,6,2,0,1,0,3,2,2,0,1,0,3,0,2,0,0,0,0,2,0
20224,A,골목상권,3110640,방화역 1번,1019,638,381,3,139,292,240,195,150,3,62,119,167,158,129,0,77,173,73,37,21
20224,A,골목상권,3110655,발산역 5번,589,356,233,0,97,156,148,113,75,0,29,94,98,77,58,0,68,62,50,36,17
20224,D,발달상권,3120126,디지털단지오거리,135,86,49,0,11,30,48,26,20,0,2,16,38,15,15,0,9,14,10,11,5
20224,A,골목상권,3110692,큰굴다리,233,148,85,0,12,52,54,66,49,0,7,19,35,49,38,0,5,33,19,17,11
20224,A,골목상권,3110695,개봉1동주민센터,537,312,225,1,56,150,140,121,69,1,31,97,72,64,47,0,25,53,68,57,22
20224,R,전통시장,3130226,고척프라자,2,2,0,0,1,1,0,0,0,0,1,1,0,0,0,0,0,0,0,0,0
20224,A,골목상권,3110714,구로4동주민센터,261,149,112,0,32,43,54,76,56,0,7,18,31,50,43,0,25,25,23,26,13
20224,A,골목상권,3110708,화원어린이공원,71,33,38,0,10,12,15,24,10,0,3,4,7,10,9,0,7,8,8,14,1
20224,A,골목상권,3110715,구로구민회관,84,59,25,0,12,13,29,23,7,0,5,10,19,19,6,0,7,3,10,4,1
20224,A,골목상권,3110713,구로보건소,2668,1817,851,5,474,650,706,533,300,3,323,472,514,332,173,2,151,178,192,201,127
20224,A,골목상권,3110718,한국SGI본부,1614,1061,553,3,308,462,397,336,108,3,167,313,292,220,66,0,141,149,105,116,42
20224,A,골목상권,3110707,구로창업지원센터,1045,760,285,4,141,266,246,253,135,3,78,195,185,186,113,1,63,71,61,67,22
20224,D,발달상권,3120123,오류동역,2120,1645,475,1,313,413,505,594,294,0,276,331,389,425,224,1,37,82,116,169,70
20224,A,골목상권,3110726,금천철쭉어린이공원(금하마을),222,172,50,0,19,25,41,62,75,0,17,16,22,45,72,0,2,9,19,17,3
20224,A,골목상권,3110727,독산역 1번 출입구,659,514,145,4,72,152,169,191,71,4,48,118,128,165,51,0,24,34,41,26,20
20224,A,골목상권,3110738,문성초등학교,249,125,124,0,17,27,65,90,50,0,12,14,34,40,25,0,5,13,31,50,25
20224,A,골목상권,3110744,독산동성당,486,292,194,0,31,86,125,152,92,0,22,53,69,89,59,0,9,33,56,63,33
20224,R,전통시장,3130232,독산동 맛나는거리상점가(독산동 맛나는거리),33,24,9,0,3,12,5,10,3,0,2,9,4,6,3,0,1,3,1,4,0
20224,D,발달상권,3120133,서울시흥동우체국(홈플러스시흥점),154,66,88,1,16,23,31,43,40,1,7,11,15,12,20,0,9,12,16,31,20
20224,A,골목상권,3110734,금천파출소,92,47,45,0,7,11,21,29,24,0,3,5,14,13,12,0,4,6,7,16,12
20224,R,전통시장,3130236,비단길현대시장(현대시장),139,42,97,0,13,23,49,40,14,0,4,3,12,17,6,0,9,20,37,23,8
20224,A,골목상권,3110747,석수역 1번 출입구,813,612,201,0,46,81,166,224,296,0,27,52,102,165,266,0,19,29,64,59,30
20224,A,골목상권,3110754,삼성산자연공원(서울금천초등학교),202,76,126,1,21,41,48,41,50,0,6,18,29,10,13,1,15,23,19,31,37
20224,D,발달상권,3120138,당산2동(영등포우체국),2754,1653,1101,23,745,579,479,488,440,15,395,347,312,309,275,8,350,232,167,179,165
20224,A,골목상권,3110781,대림한신아파트,182,112,70,0,23,29,51,38,41,0,8,16,34,23,31,0,15,13,17,15,10
20224,A,골목상권,3110776,도신초등학교,168,106,62,0,12,20,48,63,25,0,11,10,35,34,16,0,1,10,13,29,9
20224,A,골목상권,3110792,영등포역 2번,3343,1737,1606,28,554,856,830,851,224,11,223,385,459,526,133,17,331,471,371,325,91
20224,D,발달상권,3120137,문래역(문래로데오거리),50,21,29,2,11,8,13,12,4,0,4,1,7,7,2,2,7,7,6,5,2
20224,A,골목상권,3110812,신길6동주민센터,363,245,118,0,69,115,106,50,23,0,34,78,85,29,19,0,35,37,21,21,4
20224,A,골목상권,3110798,신풍역 2번,53,20,33,0,2,13,14,13,11,0,0,3,3,6,8,0,2,10,11,7,3
20224,A,골목상권,3110811,보라매역 4번,187,94,93,0,22,41,49,52,23,0,8,22,18,27,19,0,14,19,31,25,4
20224,A,골목상권,3110756,문래중학교,275,179,96,0,48,79,78,35,35,0,21,58,52,21,27,0,27,21,26,14,8
20224,R,전통시장,3130257,영등포시장기계공구상가,158,116,42,0,11,26,33,47,41,0,7,16,22,37,34,0,4,10,11,10,7
20224,A,골목상권,3110800,영등포동성당,227,153,74,0,26,34,61,66,40,0,13,22,37,46,35,0,13,12,24,20,5
20224,A,골목상권,3110806,서울시립영등포장애인복지관,76,42,34,0,18,30,13,13,2,0,5,16,9,11,1,0,13,14,4,2,1
20224,A,골목상권,3110820,성남고등학교,3101,2470,631,1,651,742,555,991,161,0,438,581,448,879,124,1,213,161,107,112,37
20224,D,발달상권,3120156,"총신대입구역(이수, 총신대)",3366,1461,1905,14,640,802,748,644,518,7,213,337,380,258,266,7,427,465,368,386,252
20224,A,골목상권,3110839,숭실대입구역 4번,187,67,120,0,10,51,57,46,23,0,2,14,22,11,18,0,8,37,35,35,5
20224,A,골목상권,3110833,상도역 2번,255,163,92,2,20,61,74,74,24,0,17,49,47,34,16,2,3,12,27,40,8
20224,A,골목상권,3110819,신대방역 4번,456,226,230,0,62,93,114,73,114,0,14,33,50,48,81,0,48,60,64,25,33
20224,A,골목상권,3110876,서원동주민센터(신관중학교),49,29,20,0,5,9,16,9,10,0,2,4,10,4,9,0,3,5,6,5,1
20224,R,전통시장,3130284,관악종합시장(신원시장),17,10,7,0,0,1,3,10,3,0,0,1,1,6,2,0,0,0,2,4,1
20224,A,골목상권,3110889,봉천역 6번,376,317,59,0,29,36,69,136,106,0,18,20,47,130,102,0,11,16,22,6,4
20224,A,골목상권,3110901,인헌고등학교(인헌중학교),245,143,102,3,39,58,73,51,21,3,21,35,38,30,16,0,18,23,35,21,5
20224,R,전통시장,3130275,강남골목시장,164,121,43,0,17,38,46,34,29,0,15,32,30,23,21,0,2,6,16,11,8
20224,D,발달상권,3120185,논현역,12723,7377,5346,29,2723,4108,3218,1875,770,10,1037,2421,2225,1194,490,19,1686,1687,993,681,280
20224,A,골목상권,3110908,구반포역,1517,376,1141,0,66,110,396,804,141,0,42,53,71,141,69,0,24,57,325,663,72
20224,A,골목상권,3110916,내방역 4번,1152,592,560,9,216,272,301,208,146,6,58,167,187,91,83,3,158,105,114,117,63
20224,A,골목상권,3110914,내방역 6번,146,116,30,0,26,31,37,26,26,0,17,26,26,24,23,0,9,5,11,2,3
20224,A,골목상권,3110919,내방역 8번,1289,936,353,3,122,279,365,332,188,1,51,165,297,279,143,2,71,114,68,53,45
20224,D,발달상권,3120179,양재역,20226,15999,4227,55,2836,6941,4949,3795,1650,32,1949,5811,4124,2895,1188,23,887,1130,825,900,462
20224,A,골목상권,3110981,국악고교사거리,361,216,145,2,57,77,110,81,34,0,27,36,72,56,25,2,30,41,38,25,9
20224,D,발달상권,3120191,학동역,13888,8123,5765,40,2898,3769,2969,1869,2343,17,1128,2152,2012,1134,1680,23,1770,1617,957,735,663
20224,A,골목상권,3110952,논현목련공원,117,65,52,0,21,23,27,22,24,0,9,13,13,14,16,0,12,10,14,8,8
20224,A,골목상권,3110953,학동근린공원,2487,1583,904,15,679,891,571,218,113,0,336,572,409,180,86,15,343,319,162,38,27
20224,A,골목상권,3110968,강남구청역 2번,1023,596,427,7,327,204,133,121,231,4,177,117,81,68,149,3,150,87,52,53,82
20224,D,발달상권,3120203,강남구청역,7726,4602,3124,27,1589,2070,1890,1381,769,8,650,1218,1293,882,551,19,939,852,597,499,218
20224,A,골목상권,3110966,논현2동주민센터,1634,1016,618,18,470,498,299,216,133,7,256,298,200,146,109,11,214,200,99,70,24
20224,A,골목상권,3110996,대치2동주민센터,1940,1218,722,2,81,274,345,337,901,0,47,206,276,245,444,2,34,68,69,92,457
20224,A,골목상권,3110982,강남구보훈회관,166,74,92,0,31,34,41,41,19,0,7,13,25,14,15,0,24,21,16,27,4
20224,A,골목상권,3111002,한국교통안전공단 강남자동차검사소,317,115,202,0,22,63,65,96,71,0,7,31,21,26,30,0,15,32,44,70,41
20224,A,골목상권,3110973,강남구청역 4번,1448,784,664,4,275,332,289,269,279,1,146,203,162,128,144,3,129,129,127,141,135
20224,A,골목상권,3110987,영동대교남단,410,201,209,1,80,64,74,101,90,1,40,36,31,40,53,0,40,28,43,61,37
20224,A,골목상권,3111022,석촌중학교(방이육교),686,344,342,1,59,145,176,222,83,0,37,95,98,70,44,1,22,50,78,152,39
20224,A,골목상권,3111041,거여역 8번,411,336,75,1,102,118,81,62,47,1,84,93,67,50,41,0,18,25,14,12,6
20224,D,발달상권,3120236,장지역(가든파이브),4622,3221,1401,15,678,1056,1076,989,808,10,373,711,778,710,639,5,305,345,298,279,169
20224,A,골목상권,3111014,송파나루역 2번,521,273,248,1,42,75,119,190,94,0,21,42,67,83,60,1,21,33,52,107,34
20224,A,골목상권,3111031,장지동주민센터(한림연예예술고교),3127,2317,810,8,263,415,651,857,933,2,170,330,497,648,670,6,93,85,154,209,263
20224,R,전통시장,3130314,풍납시장,203,100,103,1,24,42,50,61,25,1,15,27,22,19,16,0,9,15,28,42,9
20224,D,발달상권,3120242,강동구청역,4533,2940,1593,33,536,1064,1057,894,949,13,287,678,696,560,706,20,249,386,361,334,243
20224,A,골목상권,3111084,길동신동아아파트,169,104,65,2,27,32,37,58,13,2,21,23,24,25,9,0,6,9,13,33,4
20224,A,골목상권,3111073,둔촌동역 1번(한산중학교),973,578,395,1,134,224,250,206,158,1,58,122,160,124,113,0,76,102,90,82,45
20224,D,발달상권,3120248,명일역,859,331,528,4,114,141,223,203,174,2,41,59,84,68,77,2,73,82,139,135,97
20224,D,발달상권,3120249,고덕역,1359,916,443,3,172,305,337,317,225,1,75,198,249,221,172,2,97,107,88,96,53
20224,R,전통시장,3130319,성내전통시장,47,31,16,0,3,8,14,10,12,0,3,4,9,7,8,0,0,4,5,3,4
20224,A,골목상권,3111072,굽은다리역 1번(십자성마을),747,473,274,1,59,119,201,187,180,0,20,70,116,127,140,1,39,49,85,60,40
20224,R,전통시장,3130322,고분다리전통시장,7,4,3,0,0,0,2,4,1,0,0,0,1,2,1,0,0,0,1,2,0
20224,A,골목상권,3110017,정독도서관,650,322,328,0,133,273,152,58,34,0,26,130,93,43,30,0,107,143,59,15,4
20224,D,발달상권,3120001,서대문역,1510,1022,488,1,265,530,359,278,77,1,106,344,272,237,62,0,159,186,87,41,15
20224,A,골목상권,3110004,대신고등학교,32,14,18,0,3,4,8,14,3,0,1,0,3,8,2,0,2,4,5,6,1
20224,A,골목상권,3110002,독립문역 1번,475,121,354,1,146,140,118,44,26,1,25,25,41,14,15,0,121,115,77,30,11
20224,D,발달상권,3120062,신설동역,12648,5435,7213,13,1214,2604,3451,3483,1883,2,444,1433,1624,1125,807,11,770,1171,1827,2358,1076
20224,A,골목상권,3110025,충신시장옆,213,129,84,2,17,46,63,56,29,0,6,23,43,33,24,2,11,23,20,23,5
20224,D,발달상권,3120011,종로4가,2984,1666,1318,5,420,1022,880,515,142,0,165,497,518,378,108,5,255,525,362,137,34
20224,D,발달상권,3120008,인사동,22070,13019,9051,1263,7895,5069,3940,2756,1147,589,4005,3077,2666,2006,676,674,3890,1992,1274,750,471
20224,R,전통시장,3130012,"동대문종합시장(동대문종합시장 신관, 동대문종합시장D동상가)",1319,965,354,2,156,325,348,339,149,0,116,251,238,247,113,2,40,74,110,92,36
20224,A,골목상권,3110026,종로5가역 4번,190,120,70,0,22,41,73,27,27,0,9,28,47,14,22,0,13,13,26,13,5
20224,R,전통시장,3130014,동문시장,17,8,9,0,0,6,4,4,3,0,0,2,1,3,2,0,0,4,3,1,1
20224,R,전통시장,3130015,창신골목시장,22,12,10,0,0,2,8,9,3,0,0,2,6,2,2,0,0,0,2,7,1
20224,A,골목상권,3110031,창신역 1번,72,57,15,0,11,17,12,21,11,0,8,11,11,17,10,0,3,6,1,4,1
20224,A,골목상권,3110016,평창동동측,2303,1051,1252,9,318,614,663,433,266,4,126,304,354,163,100,5,192,310,309,270,166
20224,A,골목상권,3110020,서울국제고등학교,593,291,302,1,141,279,101,49,22,1,41,139,70,26,14,0,100,140,31,23,8
20224,A,골목상권,3110048,장충동주민센터,5315,2706,2609,21,867,1339,1513,1367,208,5,338,768,756,707,132,16,529,571,757,660,76
20224,A,골목상권,3110046,버티고개,104,74,30,0,6,23,40,28,7,0,3,17,28,20,6,0,3,6,12,8,1
20224,A,골목상권,3110047,다산성곽길,160,89,71,0,36,43,36,27,18,0,23,29,21,7,9,0,13,14,15,20,9
20224,R,전통시장,3130051,동화동 골목형상점가,391,156,235,1,82,94,98,66,50,1,18,25,43,36,33,0,64,69,55,30,17
20224,R,전통시장,3130053,백학시장,160,69,91,0,22,24,46,37,31,0,8,8,20,15,18,0,14,16,26,22,13
20224,A,골목상권,3110110,상왕십리역 6번,87,54,33,1,12,16,24,18,16,1,7,11,13,10,12,0,5,5,11,8,4
20224,R,전통시장,3130042,약수시장,158,67,91,2,36,30,40,21,29,2,9,9,19,8,20,0,27,21,21,13,9
20224,A,골목상권,3110591,충정로역 6번,87,48,39,0,15,19,21,28,4,0,9,9,11,16,3,0,6,10,10,12,1
20224,R,전통시장,3130062,보광시장,39,16,23,0,1,7,11,15,5,0,0,3,4,6,3,0,1,4,7,9,2
20224,A,골목상권,3110086,이태원역 북측,9244,3609,5635,12,3187,3891,1654,428,72,3,733,1558,905,355,55,9,2454,2333,749,73,17
20224,A,골목상권,3110085,경리단길남측,532,260,272,4,98,163,148,67,52,2,40,59,78,41,40,2,58,104,70,26,12
20224,A,골목상권,3110066,서울역 15번,748,467,281,6,152,227,156,125,82,3,81,151,104,66,62,3,71,76,52,59,20
20224,A,골목상권,3110105,금동어린이공원,38,17,21,0,1,7,11,10,9,0,0,2,3,6,6,0,1,5,8,4,3
20224,A,골목상권,3110116,청계천박물관,4825,3644,1181,29,323,769,1077,1762,865,26,206,565,875,1315,657,3,117,204,202,447,208
20224,A,골목상권,3110128,성원중학교,911,573,338,1,98,165,255,266,126,1,53,94,157,170,98,0,45,71,98,96,28
20224,A,골목상권,3110120,서울숲카페거리,79,49,30,0,8,12,35,18,6,0,3,8,23,10,5,0,5,4,12,8,1
20224,A,골목상권,3110124,뚝섬역교차로,1253,1006,247,7,170,155,222,312,387,6,94,111,169,268,358,1,76,44,53,44,29
20224,A,골목상권,3110129,성원어린이공원,640,405,235,1,65,118,131,180,145,0,35,70,86,107,107,1,30,48,45,73,38
20224,A,골목상권,3110132,성수2가3동주민센터,786,521,265,0,97,182,220,197,90,0,67,133,145,108,68,0,30,49,75,89,22
20224,A,골목상권,3110111,대현산장미원,51,40,11,0,6,7,6,17,15,0,6,4,4,13,13,0,0,3,2,4,2
20224,A,골목상권,3110166,구의1동주민센터,552,292,260,1,70,121,177,115,68,1,20,59,99,60,53,0,50,62,78,55,15
20224,A,골목상권,3110160,광진경찰서,819,680,139,0,149,322,180,157,11,0,110,261,150,149,10,0,39,61,30,8,1
20224,D,발달상권,3120054,어린이대공원역,1196,805,391,0,61,141,304,441,249,0,17,79,201,322,186,0,44,62,103,119,63
20224,D,발달상권,3120055,군자역,4255,2030,2225,33,1138,780,911,991,402,23,548,430,436,330,263,10,590,350,475,661,139
20224,A,골목상권,3110164,아차산역 5번,731,494,237,3,111,126,143,164,184,0,61,77,101,112,143,3,50,49,42,52,41
20224,R,전통시장,3130076,능동로골목시장,93,70,23,0,2,11,16,17,47,0,1,4,14,11,40,0,1,7,2,6,7
20224,A,골목상권,3110158,중곡3동주민센터,715,518,197,1,113,210,184,138,69,0,73,168,123,104,50,1,40,42,61,34,19
20224,R,전통시장,3130100,답십리시장,93,40,53,2,19,25,23,11,13,2,4,9,11,6,8,0,15,16,12,5,5
20224,A,골목상권,3110227,답십리공원,229,93,136,0,16,30,77,84,22,0,13,16,27,23,14,0,3,14,50,61,8
20224,A,골목상권,3110181,신설동역 9번,1864,1212,652,12,209,232,286,440,685,12,150,162,188,282,418,0,59,70,98,158,267
20224,A,골목상권,3110192,동의보감타워,70,45,25,0,7,10,25,16,12,0,2,6,17,10,10,0,5,4,8,6,2
20224,R,전통시장,3130085,용두시장,4,2,2,0,0,0,1,2,1,0,0,0,0,1,1,0,0,0,1,1,0
20224,A,골목상권,3110182,용두희망어린이공원,370,249,121,0,38,71,108,87,66,0,20,47,67,64,51,0,18,24,41,23,15
20224,A,골목상권,3110223,군자초등학교,94,56,38,0,13,17,26,24,14,0,4,10,17,15,10,0,9,7,9,9,4
20224,A,골목상권,3110191,고려대역 6번,48,41,7,0,1,12,14,9,12,0,1,10,11,8,11,0,0,2,3,1,1
20224,A,골목상권,3110193,고려대역 4번,48,37,11,0,5,11,11,10,11,0,3,5,10,10,9,0,2,6,1,0,2
20224,A,골목상권,3110208,시조사삼거리,75,56,19,0,2,14,7,17,35,0,1,7,2,11,35,0,1,7,5,6,0
20224,R,전통시장,3130103,이경시장,16,8,8,0,0,1,2,2,11,0,0,1,1,1,5,0,0,0,1,1,6
20224,A,골목상권,3110270,혜원여고,168,148,20,0,4,5,7,70,82,0,4,3,6,59,76,0,0,2,1,11,6
20224,A,골목상권,3110274,서일대학교,523,360,163,0,46,59,135,146,137,0,8,37,89,115,111,0,38,22,46,31,26
20224,A,골목상권,3110277,러스크서울병원,145,78,67,0,12,30,29,43,31,0,4,13,16,23,22,0,8,17,13,20,9
20224,D,발달상권,3120068,사가정역,145,45,100,3,38,31,25,22,26,0,1,5,12,12,15,3,37,26,13,10,11
20224,A,골목상권,3110253,중곡초등학교,181,106,75,0,31,31,44,49,26,0,10,17,23,35,21,0,21,14,21,14,5
20224,A,골목상권,3110249,중화역 1번,764,479,285,0,68,129,205,203,159,0,31,61,105,139,143,0,37,68,100,64,16
20224,A,골목상권,3110250,화랑대역 7번,111,69,42,0,7,20,32,34,18,0,5,12,15,23,14,0,2,8,17,11,4
20224,R,전통시장,3130116,동성타워프라자,31,22,9,0,2,9,7,8,5,0,2,4,4,7,5,0,0,5,3,1,0
20224,A,골목상권,3110235,세화어린이공원,17,12,5,0,6,3,1,5,2,0,5,1,1,3,2,0,1,2,0,2,0
20224,A,골목상권,3110306,미아초등학교,317,218,99,2,13,50,81,77,94,0,3,29,53,50,83,2,10,21,28,27,11
20224,A,골목상권,3110304,보문역 4번,248,146,102,0,40,77,61,48,22,0,10,46,35,37,18,0,30,31,26,11,4
20224,A,골목상권,3110291,한성대입구역 3번,342,172,170,2,27,49,94,91,79,0,14,24,49,51,34,2,13,25,45,40,45
20224,A,골목상권,3110336,석관고등학교,94,84,10,0,3,17,16,37,21,0,3,15,13,34,19,0,0,2,3,3,2
20224,A,골목상권,3110335,석계역 7번,249,172,77,1,19,32,66,64,67,0,13,18,34,45,62,1,6,14,32,19,5
20224,A,골목상권,3110327,상월곡역 2번,118,60,58,0,8,17,42,31,20,0,3,8,24,14,11,0,5,9,18,17,9
20224,A,골목상권,3110330,돌곶이역 1번,220,172,48,0,12,18,33,31,126,0,4,12,20,23,113,0,8,6,13,8,13
20224,A,골목상권,3110332,돌곶이역 3번,164,63,101,0,28,29,42,47,18,0,6,18,19,14,6,0,22,11,23,33,12
20224,A,골목상권,3110347,구세군강북종합사회복지관,38,17,21,0,10,7,5,9,7,0,1,5,1,5,5,0,9,2,4,4,2
20224,R,전통시장,3130137,"수유전통시장(수유시장, 수유골목시장)",86,29,57,0,5,10,18,25,28,0,0,3,8,7,11,0,5,7,10,18,17
20224,A,골목상권,3110344,화계중학교,12,10,2,0,7,1,1,2,1,0,5,1,1,2,1,0,2,0,0,0,0
20224,A,골목상권,3110353,수유동우체국,187,91,96,0,4,18,48,60,57,0,1,12,33,27,18,0,3,6,15,33,39
20224,A,골목상권,3110337,아카데미하우스,512,368,144,6,70,69,94,159,114,6,43,58,60,98,103,0,27,11,34,61,11
20224,A,골목상권,3110397,도봉산입구,469,257,212,0,31,56,101,131,150,0,6,34,39,73,105,0,25,22,62,58,45
20224,A,골목상권,3110406,도봉산역 1번,634,573,61,0,10,29,139,292,164,0,3,17,126,276,151,0,7,12,13,16,13
20224,A,골목상권,3110387,쌍문초등학교,307,169,138,0,37,47,91,75,57,0,13,24,49,39,44,0,24,23,42,36,13
20224,A,골목상권,3110389,한일병원,209,120,89,0,23,37,57,53,39,0,10,19,35,30,26,0,13,18,22,23,13
20224,D,발달상권,3120079,창동역,1326,796,530,0,151,232,320,304,319,0,54,108,172,195,267,0,97,124,148,109,52
20224,A,골목상권,3110435,서울과학기술대,73,40,33,0,5,12,18,25,13,0,3,4,8,14,11,0,2,8,10,11,2
20224,A,골목상권,3110415,수락산역 4번,635,386,249,5,82,110,155,174,109,5,46,71,85,110,69,0,36,39,70,64,40
20224,A,골목상권,3110436,상계제일중학교,93,60,33,0,15,21,33,20,4,0,5,13,23,15,4,0,10,8,10,5,0
20224,A,골목상권,3110432,대진고등학교,894,734,160,0,55,146,248,343,102,0,27,96,214,311,86,0,28,50,34,32,16
20224,A,골목상권,3110483,연천초등학교,119,74,45,0,11,16,34,17,41,0,3,9,26,10,26,0,8,7,8,7,15
20224,A,골목상권,3110491,불광중학교,43,14,29,0,3,5,13,9,13,0,1,1,5,3,4,0,2,4,8,6,9
20224,D,발달상권,3120087,응암역,425,258,167,0,45,82,110,105,83,0,17,49,75,59,58,0,28,33,35,46,25
20224,A,골목상권,3110452,새절역 3번,373,317,56,1,10,36,63,123,140,1,7,25,47,107,130,0,3,11,16,16,10
20224,A,골목상권,3110471,응암동우체국,263,117,146,0,34,61,73,70,25,0,11,21,28,35,22,0,23,40,45,35,3
20224,A,골목상권,3110469,응암정보도서관,344,188,156,1,38,58,104,104,39,0,11,29,61,57,30,1,27,29,43,47,9
20224,R,전통시장,3130172,모래내시장(서중시장),19,8,11,0,1,4,5,6,3,0,0,1,2,4,1,0,1,3,3,2,2
20224,A,골목상권,3110497,가좌역 3번,325,253,72,0,17,43,89,123,53,0,3,17,75,115,43,0,14,26,14,8,10
20224,A,골목상권,3110500,남가좌동현대아파트,74,54,20,0,12,13,23,22,4,0,8,9,17,17,3,0,4,4,6,5,1
20224,A,골목상권,3110494,증산3교남측,31,24,7,0,1,8,7,9,6,0,0,7,5,7,5,0,1,1,2,2,1
20224,A,골목상권,3110530,아현역 1번,36,20,16,0,5,5,7,15,4,0,2,5,4,6,3,0,3,0,3,9,1
20224,A,골목상권,3110509,연희대우아파트앞,391,210,181,0,39,105,101,88,58,0,13,52,51,53,41,0,26,53,50,35,17
20224,A,골목상권,3110524,연희세브란스병원,51,23,28,0,10,13,15,8,5,0,5,6,6,3,3,0,5,7,9,5,2
20224,A,골목상권,3110501,연희어린이공원,214,82,132,0,12,33,40,75,54,0,3,20,15,18,26,0,9,13,25,57,28
20224,R,전통시장,3130182,영천시장,78,35,43,0,13,8,24,22,11,0,3,4,10,12,6,0,10,4,14,10,5
20224,A,골목상권,3110539,미근동,2792,1821,971,13,225,688,889,822,155,9,167,550,547,424,124,4,58,138,342,398,31
20224,A,골목상권,3110519,서대문구보건소별관,341,156,185,0,42,73,79,94,53,0,14,33,44,37,28,0,28,40,35,57,25
20224,R,전통시장,3130197,마포시장,15,5,10,0,0,1,5,4,5,0,0,1,0,2,2,0,0,0,5,2,3
20224,A,골목상권,3110576,대흥역 3번,1605,1112,493,71,503,480,308,163,80,27,310,365,253,111,46,44,193,115,55,52,34
20224,A,골목상권,3110573,신촌역 6번,28,10,18,0,7,3,6,6,6,0,2,0,3,1,4,0,5,3,3,5,2
20224,A,골목상권,3110563,상수역 3번,309,246,63,11,75,122,61,17,23,9,60,95,50,13,19,2,15,27,11,4,4
20224,D,발달상권,3120105,상수역(홍대),524,273,251,4,126,153,122,71,48,2,51,74,70,42,34,2,75,79,52,29,14
20224,D,발달상권,3120101,합정역,1932,1048,884,2,302,520,515,399,194,2,89,236,312,266,143,0,213,284,203,133,51
20224,R,전통시장,3130189,서교시장,24,10,14,0,2,1,7,6,8,0,0,1,2,3,4,0,2,0,5,3,4
20224,D,발달상권,3120104,연남동(홍대),5955,3176,2779,20,1117,1491,1289,1103,935,12,428,824,772,620,520,8,689,667,517,483,415
20224,A,골목상권,3110564,홍대입구역 3번,471,211,260,0,54,125,161,78,53,0,19,47,103,22,20,0,35,78,58,56,33
20224,A,골목상권,3110621,목동역 5번,163,78,85,0,19,44,33,45,22,0,1,21,19,23,14,0,18,23,14,22,8
20224,R,전통시장,3130208,목동깨비시장(목3동시장),148,67,81,0,13,20,55,37,23,0,7,6,18,19,17,0,6,14,37,18,6
20224,R,전통시장,3130209,목사랑시장(목4동시장),113,62,51,0,7,15,23,43,25,0,2,13,10,20,17,0,5,2,13,23,8
20224,A,골목상권,3110592,서울금융고등학교,431,337,94,0,18,34,71,147,161,0,9,13,44,124,147,0,9,21,27,23,14
20224,A,골목상권,3110604,신월4동주민센터,635,526,109,0,13,50,120,232,220,0,6,29,87,191,213,0,7,21,33,41,7
20224,A,골목상권,3110595,메디힐병원,731,459,272,0,80,148,163,185,155,0,34,85,86,136,118,0,46,63,77,49,37
20224,A,골목상권,3110603,지향초등학교,187,104,83,0,12,54,55,38,28,0,5,28,33,19,19,0,7,26,22,19,9
20224,R,전통시장,3130207,신정1동 골목시장(신정제일시장),38,21,17,0,8,9,10,7,4,0,3,5,6,4,3,0,5,4,4,3,1
20224,A,골목상권,3110625,신정2동주민센터,726,454,272,2,98,196,215,155,60,0,51,124,146,94,39,2,47,72,69,61,21
20224,R,전통시장,3130211,신정2동 골목시장(오목교중앙시장),15,10,5,0,1,1,5,7,1,0,1,1,3,4,1,0,0,0,2,3,0
20224,A,골목상권,3110694,세곡초등학교,438,243,195,2,55,148,88,96,49,0,24,75,49,59,36,2,31,73,39,37,13
20224,A,골목상권,3110614,목동로데오거리,596,292,304,0,69,85,114,216,112,0,42,44,58,103,45,0,27,41,56,113,67
20224,D,발달상권,3120119,발산역(마곡),1427,686,741,2,184,339,416,350,136,1,54,148,211,174,98,1,130,191,205,176,38
20224,A,골목상권,3110643,강서구다솔마을,653,413,240,1,97,165,199,139,52,0,47,101,136,93,36,1,50,64,63,46,16
20224,A,골목상권,3110667,가양역 10번,177,126,51,0,33,32,56,36,20,0,21,20,38,29,18,0,12,12,18,7,2
20224,A,골목상권,3110639,신방화역 8번,534,376,158,1,76,67,89,155,146,1,18,26,52,140,139,0,58,41,37,15,7
20224,A,골목상권,3110641,공항고등학교,345,236,109,2,46,95,100,79,23,1,30,72,61,52,20,1,16,23,39,27,3
20224,A,골목상권,3110633,개화산역 1번,28,14,14,0,0,6,10,7,5,0,0,1,5,3,5,0,0,5,5,4,0
20224,A,골목상권,3110642,정곡초등학교,193,163,30,2,8,14,35,69,65,1,4,10,30,58,60,1,4,4,5,11,5
20224,A,골목상권,3110678,염창무학아파트,285,214,71,1,34,65,92,60,33,1,17,53,72,47,24,0,17,12,20,13,9
20224,A,골목상권,3110653,화곡역 2번,917,494,423,1,191,273,240,171,41,0,79,137,119,135,24,1,112,136,121,36,17
20224,R,전통시장,3130216,화곡중앙시장,75,32,43,0,4,11,21,22,17,0,2,2,9,8,11,0,2,9,12,14,6
20224,R,전통시장,3130215,대원종합시장,9,7,2,0,0,1,0,3,5,0,0,1,0,2,4,0,0,0,0,1,1
20224,A,골목상권,3110661,강서새말어린이공원,126,48,78,0,3,13,30,38,42,0,2,8,10,9,19,0,1,5,20,29,23
20224,A,골목상권,3110664,강서구청옆,111,48,63,0,14,10,31,43,13,0,11,7,10,9,11,0,3,3,21,34,2
20224,A,골목상권,3110663,우장산롯데캐슬아파트앞,279,217,62,0,6,19,48,106,100,0,3,13,26,82,93,0,3,6,22,24,7
20224,R,전통시장,3130219,까치산시장,114,35,79,0,16,17,35,29,17,0,4,6,8,9,8,0,12,11,27,20,9
20224,A,골목상권,3110710,남구로역 3번,606,370,236,3,83,96,105,121,198,3,46,63,63,68,127,0,37,33,42,53,71
20224,R,전통시장,3130223,고척근린시장,42,12,30,0,2,10,12,14,4,0,0,1,1,7,3,0,2,9,11,7,1
20224,R,전통시장,3130224,개봉프라자(고척근린시장),5,4,1,0,0,0,1,2,2,0,0,0,1,1,2,0,0,0,0,1,0
20224,D,발달상권,3120130,구로디지털단지역,1136,620,516,1,169,376,236,212,142,0,59,208,125,125,103,1,110,168,111,87,39
20224,A,골목상권,3110683,오류고등학교,75,46,29,0,12,15,23,18,7,0,9,8,14,8,7,0,3,7,9,10,0
20224,R,전통시장,3130222,오류시장,132,21,111,0,10,26,46,43,7,0,5,1,4,5,6,0,5,25,42,38,1
20224,A,골목상권,3110687,"천왕역 3번(오류2동주민센터, 서울오류남초등학교)",21,16,5,0,2,3,5,6,5,0,1,3,4,4,4,0,1,0,1,2,1
20224,D,발달상권,3120131,가산디지털단지,81127,53423,27704,289,16342,25688,20130,11589,7089,184,8639,17233,14526,7698,5143,105,7703,8455,5604,3891,1946
20224,A,골목상권,3110740,금천해태공원,646,280,366,1,135,134,136,170,70,1,47,54,56,71,51,0,88,80,80,99,19
20224,A,골목상권,3110733,금천어울림복지센터,374,293,81,3,34,89,74,90,84,3,22,67,59,66,76,0,12,22,15,24,8
20224,A,골목상권,3110739,시흥3동 우편취급국,99,77,22,0,4,22,30,27,16,0,1,16,26,21,13,0,3,6,4,6,3
20224,R,전통시장,3130246,영등포청과시장(조광시장),237,126,111,0,24,33,47,77,56,0,9,11,28,39,39,0,15,22,19,38,17
20224,D,발달상권,3120136,영등포구청역,6456,3190,3266,20,1167,1451,1361,1429,1028,12,562,814,730,580,492,8,605,637,631,849,536
20224,A,골목상권,3110794,영동초등학교,622,482,140,0,72,112,182,170,86,0,37,84,150,136,75,0,35,28,32,34,11
20224,A,골목상권,3110775,대동초등학교,59,28,31,0,4,13,20,14,8,0,1,6,6,9,6,0,3,7,14,5,2
20224,D,발달상권,3120140,문래동주민센터,6184,3312,2872,22,1447,1843,1639,925,308,11,558,994,994,525,230,11,889,849,645,400,78
20224,A,골목상권,3110814,서울지방병무청,673,364,309,1,51,117,155,236,113,1,23,79,97,104,60,0,28,38,58,132,53
20224,R,전통시장,3130259,대신시장,14,10,4,0,1,0,5,4,4,0,1,0,3,3,3,0,0,0,2,1,1
20224,A,골목상권,3110802,신길동홍어거리,336,159,177,1,59,113,86,61,16,0,18,45,44,40,12,1,41,68,42,21,4
20224,A,골목상권,3110791,신풍역 3번,25,17,8,0,1,5,9,9,1,0,0,2,6,8,1,0,1,3,3,1,0
20224,R,전통시장,3130241,선유도역 골목형상점가,500,253,247,0,95,93,123,136,53,0,39,49,66,67,32,0,56,44,57,69,21
20224,A,골목상권,3110773,당산역 13번,161,127,34,0,24,40,31,22,44,0,20,33,19,18,37,0,4,7,12,4,7
20224,D,발달상권,3120145,영등포역(영등포),3856,1817,2039,22,673,1021,921,702,517,0,202,441,486,388,300,22,471,580,435,314,217
20224,A,골목상권,3110796,한림대학교한강성심병원,87,52,35,1,7,19,26,19,15,0,4,11,17,9,11,1,3,8,9,10,4
20224,R,전통시장,3130267,본동인정시장(기능상실),59,41,18,0,6,10,12,15,16,0,4,7,9,8,13,0,2,3,3,7,3
20224,D,발달상권,3120153,노량진역(노량진),3600,1756,1844,10,508,1172,906,675,329,2,185,464,433,450,222,8,323,708,473,225,107
20224,D,발달상권,3120160,사당역(사당),9153,4750,4403,14,1560,2594,2716,1534,735,4,617,1307,1324,997,501,10,943,1287,1392,537,234
20224,R,전통시장,3130274,사당1동먹자골목상점가(사당1동먹자골목),389,218,171,4,91,100,81,63,50,3,45,64,37,35,34,1,46,36,44,28,16
20224,A,골목상권,3110849,이수역 10번,220,130,90,1,37,52,58,40,32,0,12,33,34,25,26,1,25,19,24,15,6
20224,A,골목상권,3110845,사당종합체육관,101,50,51,0,8,17,35,26,15,0,5,8,19,9,9,0,3,9,16,17,6
20224,A,골목상권,3110846,남성역 1번,535,290,245,1,66,120,146,135,67,0,25,59,78,74,54,1,41,61,68,61,13
20224,A,골목상권,3110838,상도1동주민센터앞,131,122,9,0,3,32,30,35,31,0,3,27,27,35,30,0,0,5,3,0,1
20224,A,골목상권,3110826,장승배기역 4번,366,149,217,2,20,37,57,103,147,1,8,22,28,38,52,1,12,15,29,65,95
20224,A,골목상권,3110842,흑리단길,53,22,31,0,10,9,10,16,8,0,4,3,5,5,5,0,6,6,5,11,3
20224,A,골목상권,3110895,샤로수길,1796,1222,574,3,307,721,360,233,172,2,170,534,234,152,130,1,137,187,126,81,42
20224,A,골목상권,3110862,난곡초등학교(난곡동벽화마을),84,41,43,0,4,13,14,34,19,0,2,6,11,15,7,0,2,7,3,19,12
20224,A,골목상권,3110881,구립대학경로당(관악산샘말공원),1580,1288,292,1,317,450,449,266,97,1,225,374,391,229,68,0,92,76,58,37,29
20224,A,골목상권,3110868,남부초등학교,232,126,106,0,20,29,45,49,89,0,11,23,22,28,42,0,9,6,23,21,47
20224,A,골목상권,3110884,봉천역 4번(봉천110안전센터),372,284,88,1,17,30,61,98,165,0,1,8,49,84,142,1,16,22,12,14,23
20224,R,전통시장,3130277,조원동 펭귄시장(신림중앙시장),98,56,42,1,15,26,31,19,6,1,8,18,16,9,4,0,7,8,15,10,2
20224,R,전통시장,3130293,봉천중앙시장,154,42,112,0,17,13,29,46,49,0,5,7,14,14,2,0,12,6,15,32,47
20224,R,전통시장,3130290,영림시장,417,183,234,0,74,101,107,92,43,0,14,49,43,44,33,0,60,52,64,48,10
20224,A,골목상권,3110945,본마을노인복지센터(서초구립내곡도서관),191,114,77,3,44,57,37,33,17,3,14,31,25,28,13,0,30,26,12,5,4
20224,D,발달상권,3120176,논현역 4번,893,566,327,1,130,216,195,168,183,1,67,126,129,106,137,0,63,90,66,62,46
20224,A,골목상권,3110904,이수역 5번,835,468,367,4,167,217,239,139,69,1,90,125,135,59,58,3,77,92,104,80,11
20224,A,골목상권,3110911,방배배수지체육공원,29,22,7,0,6,3,7,5,8,0,6,2,4,4,6,0,0,1,3,1,2
20224,A,골목상권,3110923,방배역 1번,210,153,57,0,34,56,55,41,24,0,21,38,42,34,18,0,13,18,13,7,6
20224,D,발달상권,3120173,교대역(법원.검찰청),18222,10456,7766,74,3270,5403,4730,3072,1673,29,1419,3004,2846,1897,1261,45,1851,2399,1884,1175,412
20224,D,발달상권,3120189,강남역,72613,38819,33794,234,17636,24305,18411,9151,2876,59,6629,13226,10962,5914,2029,175,11007,11079,7449,3237,847
20224,D,발달상권,3120171,서초3동사거리,11750,6206,5544,15,1990,3845,2551,1862,1487,6,827,1746,1496,1064,1067,9,1163,2099,1055,798,420
20224,A,골목상권,3110925,서초중학교,874,497,377,0,104,137,244,222,167,0,38,65,146,132,116,0,66,72,98,90,51
20224,D,발달상권,3120181,교육개발원입구사거리,7278,4440,2838,316,2978,1563,1247,730,444,145,1506,983,939,536,331,171,1472,580,308,194,113
20224,A,골목상권,3110939,양재역 8번(양재동우체국),5949,4099,1850,23,970,1420,1461,1174,901,15,499,989,1053,799,744,8,471,431,408,375,157
20224,D,발달상권,3120182,"양재시민의숲역(양재동꽃시장, aT센터)",6231,4311,1920,34,1059,1675,1508,1267,688,14,546,1157,1111,930,553,20,513,518,397,337,135
20224,R,전통시장,3130310,강남개포시장,298,173,125,0,29,56,71,82,60,0,8,23,42,56,44,0,21,33,29,26,16
20224,A,골목상권,3110957,언북중학교,1251,831,420,1,262,379,317,147,145,1,146,241,215,109,119,0,116,138,102,38,26
20224,D,발달상권,3120217,대치사거리,2779,1478,1301,11,552,771,700,452,293,10,220,379,381,264,224,1,332,392,319,188,69
20224,A,골목상권,3110989,대치동아우편취급국,444,270,174,9,90,148,75,68,54,0,43,102,43,44,38,9,47,46,32,24,16
20224,A,골목상권,3110965,언주역 6번,1139,788,351,1,174,379,378,142,65,1,104,276,284,74,49,0,70,103,94,68,16
20224,D,발달상권,3120206,개나리아파트,5243,3354,1889,87,1658,1413,1080,655,350,27,866,955,775,456,275,60,792,458,305,199,75
20224,A,골목상권,3110976,언북초등학교,578,332,246,1,111,188,126,86,66,0,41,115,83,49,44,1,70,73,43,37,22
20224,A,골목상권,3111036,투구봉어린이공원,209,119,90,1,22,40,55,62,29,1,7,20,26,39,26,0,15,20,29,23,3
20224,R,전통시장,3130315,문정동 로데오거리 상점가(문정동 로데오거리),1382,812,570,6,315,293,263,252,253,3,118,169,166,146,210,3,197,124,97,106,43
20224,D,발달상권,3120234,가락시장역,10280,6234,4046,11,1351,2492,2151,1680,2595,3,587,1469,1440,929,1806,8,764,1023,711,751,789
20224,R,전통시장,3130317,마천중앙시장,107,77,30,0,15,35,24,17,16,0,11,24,12,14,16,0,4,11,12,3,0
20224,R,전통시장,3130316,마천시장,18,9,9,0,3,3,2,10,0,0,2,2,2,3,0,0,1,1,0,7,0
20224,D,발달상권,3120229,방이동먹자골목,7319,4732,2587,12,1062,2182,1915,1302,846,5,588,1347,1338,913,541,7,474,835,577,389,305
20224,D,발달상권,3120233,몽촌토성역,10419,5740,4679,28,1795,2730,2265,2158,1443,22,1125,1855,1199,788,751,6,670,875,1066,1370,692
20224,A,골목상권,3111009,송파책박물관,130,94,36,1,13,38,28,24,26,0,11,32,18,15,18,1,2,6,10,9,8
20224,D,발달상권,3120230,송파사거리(송파역),876,470,406,4,96,176,202,193,205,1,38,99,115,92,125,3,58,77,87,101,80
20224,A,골목상권,3111013,송파나루역 1번(송리단길),2234,1456,778,8,320,568,650,435,253,3,160,384,445,290,174,5,160,184,205,145,79
20224,A,골목상권,3111039,벌말어린이공원,485,353,132,8,85,125,121,94,52,8,51,89,88,72,45,0,34,36,33,22,7
20224,D,발달상권,3120247,굽은다리역,572,312,260,4,91,119,146,104,108,1,37,77,74,56,67,3,54,42,72,48,41
20224,R,전통시장,3130321,장신구 특화거리 상점가,433,269,164,0,92,114,88,92,47,0,43,72,56,61,37,0,49,42,32,31,10
20224,A,골목상권,3111058,성내중학교,451,317,134,0,51,92,129,121,58,0,37,63,90,82,45,0,14,29,39,39,13
20224,A,골목상권,3111055,선사초등학교,673,29,644,0,14,28,137,373,121,0,4,7,8,6,4,0,10,21,129,367,117
20224,A,골목상권,3111075,굽은다리역 2번,193,114,79,0,14,42,54,52,31,0,14,28,24,31,17,0,0,14,30,21,14
20224,A,골목상권,3111063,강동구립 천호도서관,368,182,186,0,25,44,81,85,133,0,5,15,21,30,111,0,20,29,60,55,22
20224,A,골목상권,3110009,자하문터널,930,456,474,0,207,326,226,121,50,0,91,162,105,63,35,0,116,164,121,58,15
20224,D,발달상권,3120003,광화문역,43873,26821,17052,79,6380,12841,13071,8035,3467,12,2643,7543,8935,5616,2072,67,3737,5298,4136,2419,1395
20224,A,골목상권,3110033,창신역 4번,166,89,77,0,26,42,35,40,23,0,6,22,17,25,19,0,20,20,18,15,4
20224,R,전통시장,3130021,신설종합시장,50,37,13,1,1,10,12,13,13,0,0,9,10,10,8,1,1,1,2,3,5
20224,A,골목상권,3110023,서울대병원,92,33,59,0,9,24,23,20,16,0,3,7,10,5,8,0,6,17,13,15,8
20224,D,발달상권,3120012,대학로(혜화역),2004,901,1103,7,350,585,490,309,263,2,103,201,243,166,186,5,247,384,247,143,77
20224,D,발달상권,3120009,종로3가역,8495,4786,3709,19,1355,2296,2026,1582,1217,8,563,1230,1198,953,834,11,792,1066,828,629,383
20224,R,전통시장,3130009,마전교지하쇼핑센터(구 한일상가),24,16,8,0,0,2,3,7,12,0,0,2,2,4,8,0,0,0,1,3,4
20224,A,골목상권,3110022,경신고등학교,506,385,121,11,133,157,117,54,34,10,99,119,89,42,26,1,34,38,28,12,8
20224,D,발달상권,3120034,중구청(퇴계로4가),1545,1050,495,7,108,228,400,440,362,5,48,129,262,327,279,2,60,99,138,113,83
20224,D,발달상권,3120022,북창동(시청역_6번),5197,3160,2037,24,1010,1611,1149,767,636,2,391,936,852,543,436,22,619,675,297,224,200
20224,D,발달상권,3120019,경찰청앞교차로,5958,3146,2812,26,1051,2221,1625,793,242,8,274,1044,982,619,219,18,777,1177,643,174,23
20224,R,전통시장,3130050,청평화시장,233,96,137,2,54,70,50,40,17,1,22,32,12,21,8,1,32,38,38,19,9
20224,R,전통시장,3130327,"평화시장(남평화시장, 제일평화시장, 신평화패션타운)",169,107,62,1,8,31,43,42,44,1,1,19,30,27,29,0,7,12,13,15,15
20224,A,골목상권,3110044,관성묘,405,300,105,0,50,135,145,51,24,0,24,90,125,44,17,0,26,45,20,7,7
20224,A,골목상권,3110074,서울역 12번,8149,1751,6398,152,5985,1340,330,181,161,9,598,652,233,134,125,143,5387,688,97,47,36
20224,A,골목상권,3110081,해방촌 남동측,231,122,109,0,45,63,54,42,27,0,14,35,27,23,23,0,31,28,27,19,4
20224,A,골목상권,3110084,경리단길북측,315,168,147,0,47,85,84,57,42,0,23,36,39,36,34,0,24,49,45,21,8
20224,A,골목상권,3110071,한강미주맨션아파트,315,191,124,0,42,85,69,57,62,0,21,46,40,42,42,0,21,39,29,15,20
20224,R,전통시장,3130061,이태원시장,32,20,12,0,18,3,4,6,1,0,12,1,3,3,1,0,6,2,1,3,0
20224,A,골목상권,3110590,만리재,97,50,47,0,19,23,23,25,7,0,6,12,11,16,5,0,13,11,12,9,2
20224,R,전통시장,3130057,만리시장,12,9,3,0,0,2,1,4,5,0,0,1,1,3,4,0,0,1,0,1,1
20224,A,골목상권,3110070,용산세무서,184,130,54,0,21,54,55,24,30,0,8,37,41,18,26,0,13,17,14,6,4
20224,A,골목상권,3110062,한강로동땡땡거리(은행나무길),1506,884,622,9,319,423,319,208,228,6,142,225,216,138,157,3,177,198,103,70,71
20224,A,골목상권,3110079,후암동주민센터,1084,584,500,4,223,262,267,196,132,3,73,156,156,105,91,1,150,106,111,91,41
20224,R,전통시장,3130069,"한양대앞상점가(한양시장, 왕십리맛골목)",32,19,13,0,6,6,4,8,8,0,4,4,0,5,6,0,2,2,4,3,2
20224,A,골목상권,3110101,옥정중학교,218,121,97,0,55,51,65,31,16,0,24,34,43,13,7,0,31,17,22,18,9
20224,A,골목상권,3110102,옥수역 6번,175,116,59,0,22,39,48,41,25,0,11,21,31,31,22,0,11,18,17,10,3
20224,R,전통시장,3130065,무학봉상점가,181,71,110,0,29,39,47,42,24,0,4,11,15,23,18,0,25,28,32,19,6
20224,A,골목상권,3110179,광나루역 1번,911,620,291,0,142,209,188,233,139,0,82,160,157,154,67,0,60,49,31,79,72
20224,A,골목상권,3110180,광진정보도서관,5440,3602,1838,17,1593,2056,1086,499,189,5,872,1464,782,331,148,12,721,592,304,168,41
20224,D,발달상권,3120058,구의사거리,688,333,355,2,92,158,174,181,81,1,33,79,80,77,63,1,59,79,94,104,18
20224,D,발달상권,3120060,강변역(테크노마트),3189,2348,841,12,402,686,870,703,516,2,209,509,686,549,393,10,193,177,184,154,123
20224,A,골목상권,3110159,구의역 4번,663,391,272,1,125,115,158,132,132,1,58,62,85,87,98,0,67,53,73,45,34
20224,R,전통시장,3130074,영동교골목시장,21,15,6,0,6,9,2,3,1,0,3,9,0,2,1,0,3,0,2,1,0
20224,A,골목상권,3110153,중곡1동주민센터,241,83,158,1,42,57,67,57,17,0,14,22,22,17,8,1,28,35,45,40,9
20224,A,골목상권,3110142,화양사거리,215,108,107,1,37,47,45,53,32,1,20,25,24,17,21,0,17,22,21,36,11
20224,A,골목상권,3110148,어린이대공원역 3번,17,12,5,0,3,3,6,5,0,0,0,2,5,5,0,0,3,1,1,0,0
20224,R,전통시장,3130096,동부시장,14,9,5,0,0,0,1,1,12,0,0,0,0,0,9,0,0,0,1,1,3
20224,A,골목상권,3110183,한국의류시험연구원,839,447,392,3,238,307,149,75,67,1,88,162,81,58,57,2,150,145,68,17,10
20224,R,전통시장,3130089,청량리수산시장,42,33,9,0,4,7,16,6,9,0,3,7,12,4,7,0,1,0,4,2,2
20224,R,전통시장,3130098,회기시장,55,17,38,0,9,14,15,12,5,0,2,3,4,6,2,0,7,11,11,6,3
20224,A,골목상권,3110228,장안근린공원,1992,1184,808,40,1381,313,92,101,65,24,788,223,60,54,35,16,593,90,32,47,30
20224,R,전통시장,3130104,전곡시장,93,54,39,0,8,17,28,26,14,0,5,8,16,13,12,0,3,9,12,13,2
20224,D,발달상권,3120063,청량리역(청량리),1209,528,681,3,226,225,249,252,254,2,66,88,96,117,159,1,160,137,153,135,95
20224,A,골목상권,3110210,서울시립대,341,253,88,1,9,19,24,34,254,1,4,12,10,21,205,0,5,7,14,13,49
20224,A,골목상권,3110197,세종대왕기념관교차로,67,46,21,0,8,19,26,9,5,0,4,15,19,7,1,0,4,4,7,2,4
20224,D,발달상권,3120064,경희대학교(경희대),97,44,53,0,14,27,21,13,22,0,9,13,10,4,8,0,5,14,11,9,14
20224,A,골목상권,3110243,중랑노인종합복지관,298,114,184,1,30,49,74,104,40,0,5,21,37,31,20,1,25,28,37,73,20
20224,A,골목상권,3110259,사가정역 1번,543,425,118,2,48,108,172,159,54,2,29,73,131,140,50,0,19,35,41,19,4
20224,A,골목상권,3110269,용마문화복지센터,169,98,71,0,19,53,52,28,17,0,13,32,30,19,4,0,6,21,22,9,13
20224,A,골목상권,3110252,장안제일시장,712,505,207,1,64,101,159,195,192,1,42,73,87,131,171,0,22,28,72,64,21
20224,R,전통시장,3130111,"동원전통종합시장(동원시장, 동원전통시장 상점가)",224,109,115,0,24,37,49,82,32,0,11,17,21,38,22,0,13,20,28,44,10
20224,A,골목상권,3110247,먹골역 1번,381,176,205,0,54,79,123,81,44,0,21,30,55,39,31,0,33,49,68,42,13
20224,A,골목상권,3110255,상봉역 4번,327,208,119,0,39,52,78,92,66,0,20,24,46,62,56,0,19,28,32,30,10
20224,A,골목상권,3110262,상봉역 3번,1530,878,652,2,221,447,542,268,50,0,119,337,281,107,34,2,102,110,261,161,16
20224,A,골목상권,3110271,신내역 1번,97,74,23,0,8,17,25,29,18,0,5,14,18,23,14,0,3,3,7,6,4
20224,A,골목상권,3110251,장안중학교,147,104,43,0,8,34,46,39,20,0,3,23,34,27,17,0,5,11,12,12,3
20224,A,골목상권,3110244,중화역 4번,250,175,75,1,8,26,49,44,122,1,4,11,32,30,97,0,4,15,17,14,25
20224,A,골목상권,3110296,성신여대입구역 4번,77,39,38,1,7,12,30,11,16,1,3,7,15,8,5,0,4,5,15,3,11
20224,A,골목상권,3110297,경동고등학교,654,311,343,0,74,123,156,164,137,0,31,65,74,79,62,0,43,58,82,85,75
20224,D,발달상권,3120071,성북구청,255,127,128,0,36,55,64,62,38,0,14,22,38,31,22,0,22,33,26,31,16
20224,A,골목상권,3110280,북정마을,73,38,35,0,7,10,22,23,11,0,3,3,9,15,8,0,4,7,13,8,3
20224,R,전통시장,3130122,밤나무골시장,17,5,12,0,2,4,6,4,1,0,1,1,2,1,0,0,1,3,4,3,1
20224,D,발달상권,3120075,월곡역,369,213,156,1,40,86,97,67,78,0,17,48,54,44,50,1,23,38,43,23,28
20224,R,전통시장,3130123,꿈의숲 장곡 골목형상점가,6,5,1,0,1,0,1,4,0,0,1,0,1,3,0,0,0,0,0,1,0
20224,A,골목상권,3110287,정릉3동주민센터,70,50,20,0,9,12,18,19,12,0,5,8,15,12,10,0,4,4,3,7,2
20224,A,골목상권,3110317,종암중학교,411,206,205,0,33,120,153,85,20,0,14,47,78,58,9,0,19,73,75,27,11
20224,D,발달상권,3120076,수유역,1930,865,1065,7,241,303,422,465,492,4,62,102,176,240,281,3,179,201,246,225,211
20224,R,전통시장,3130142,강북북부시장,7,5,2,0,1,1,0,2,3,0,0,1,0,2,2,0,1,0,0,0,1
20224,A,골목상권,3110375,서울북부고용노동지청,110,55,55,1,12,20,31,32,14,0,8,15,16,11,5,1,4,5,15,21,9
20224,R,전통시장,3130134,"솔샘시장(미아6,7동골목시장)",73,30,43,1,7,19,25,18,3,0,3,4,12,8,3,1,4,15,13,10,0
20224,A,골목상권,3110354,삼각산119안전센터,22,5,17,0,2,3,10,5,2,0,0,0,2,1,2,0,2,3,8,4,0
20224,A,골목상권,3110378,송중동주민센터,23,13,10,0,1,4,6,9,3,0,1,2,2,6,2,0,0,2,4,3,1
20224,R,전통시장,3130138,수유프라자,142,24,118,1,31,24,16,42,28,0,1,4,5,4,10,1,30,20,11,38,18
20224,R,전통시장,3130136,수유재래시장,32,13,19,0,6,5,8,6,7,0,2,1,0,3,7,0,4,4,8,3,0
20224,R,전통시장,3130133,우이골목시장(우이시장),69,61,8,0,7,7,19,20,16,0,6,6,17,17,15,0,1,1,2,3,1
20224,A,골목상권,3110350,가오리역 2번,148,77,71,0,11,27,37,49,24,0,5,11,18,26,17,0,6,16,19,23,7
20224,A,골목상권,3110410,방학역 2번,957,833,124,3,75,187,185,224,283,2,61,162,154,194,260,1,14,25,31,30,23
20224,A,골목상권,3110411,도봉역 3번,421,379,42,0,13,31,61,141,175,0,11,20,48,133,167,0,2,11,13,8,8
20224,A,골목상권,3110400,도봉구보건소,191,111,80,0,20,35,53,51,32,0,9,22,32,26,22,0,11,13,21,25,10
20224,R,전통시장,3130146,쌍문시장(쌍문역골목시장),263,124,139,0,29,33,54,80,67,0,10,12,28,32,42,0,19,21,26,48,25
20224,R,전통시장,3130147,쌍문역동측상점가,69,32,37,0,7,17,18,9,18,0,2,6,10,5,9,0,5,11,8,4,9
20224,A,골목상권,3110399,창2동주민센터,849,516,333,8,110,207,262,192,70,8,69,157,137,97,48,0,41,50,125,95,22
20224,R,전통시장,3130153,창동역상점가,229,138,91,0,18,48,54,56,53,0,7,31,30,31,39,0,11,17,24,25,14
20224,A,골목상권,3110409,창동역 2번,396,202,194,0,33,43,83,109,128,0,12,29,59,45,57,0,21,14,24,64,71
20224,D,발달상권,3120086,태릉입구역,382,205,177,0,42,78,82,102,78,0,24,43,35,49,54,0,18,35,47,53,24
20224,A,골목상권,3110434,태릉입구역 4번,121,62,59,0,13,11,24,35,38,0,3,2,12,22,23,0,10,9,12,13,15
20224,D,발달상권,3120081,노원역,1552,508,1044,9,369,295,343,307,229,2,66,87,125,121,107,7,303,208,218,186,122
20224,A,골목상권,3110426,상계2동주민센터,337,169,168,0,32,57,83,96,69,0,15,30,39,45,40,0,17,27,44,51,29
20224,A,골목상권,3110414,장석교회,66,51,15,0,7,16,15,20,8,0,5,13,11,17,5,0,2,3,4,3,3
20224,A,골목상권,3110465,연신내역 7번,240,119,121,3,38,52,57,54,36,2,12,29,25,25,26,1,26,23,32,29,10
20224,A,골목상권,3110490,녹번동근린공원,311,170,141,0,30,65,86,76,54,0,11,31,48,45,35,0,19,34,38,31,19
20224,A,골목상권,3110489,불광역 3번,35,25,10,0,3,7,10,10,5,0,3,4,7,6,5,0,0,3,3,4,0
20224,A,골목상권,3110479,연신내역 2번,318,181,137,1,50,84,68,69,46,0,28,71,35,32,15,1,22,13,33,37,31
20224,R,전통시장,3130165,"대림골목시장(대림시장, 양지시장)",214,34,180,0,20,45,56,62,31,0,1,7,5,11,10,0,19,38,51,51,21
20224,A,골목상권,3110492,하나고등학교,238,38,200,1,5,13,11,95,113,0,0,7,7,8,16,1,5,6,4,87,97
20224,A,골목상권,3110493,북가좌초등학교,892,830,62,0,2,19,27,80,764,0,0,12,22,68,728,0,2,7,5,12,36
20224,A,골목상권,3110514,서대문우체국,86,19,67,0,26,26,17,9,8,0,0,4,7,4,4,0,26,22,10,5,4
20224,A,골목상권,3110508,서연중학교,947,425,522,9,139,241,158,245,155,3,62,148,74,76,62,6,77,93,84,169,93
20224,A,골목상권,3110513,연희파출소,457,241,216,0,51,87,110,130,79,0,17,46,58,69,51,0,34,41,52,61,28
20224,A,골목상권,3110518,서대문구청,129,72,57,0,22,38,30,23,16,0,6,19,22,15,10,0,16,19,8,8,6
20224,A,골목상권,3110535,영천시장입구,488,333,155,2,36,65,112,164,109,2,19,35,78,130,69,0,17,30,34,34,40
20224,A,골목상권,3110538,충정로역 3번,284,178,106,0,12,42,56,66,108,0,5,27,35,42,69,0,7,15,21,24,39
20224,A,골목상권,3110525,홍은종합사회복지관,61,17,44,0,10,12,15,10,14,0,1,3,0,4,9,0,9,9,15,6,5
20224,A,골목상권,3110515,홍은중학교,396,312,84,1,45,118,119,68,45,1,33,93,94,52,39,0,12,25,25,16,6
20224,A,골목상권,3110583,공덕래미안3차아파트,12,7,5,0,2,3,1,1,5,0,1,2,1,0,3,0,1,1,0,1,2
20224,A,골목상권,3110562,연트럴파크(연남동주민센터),426,237,189,1,73,118,96,94,44,1,29,76,55,44,32,0,44,42,41,50,12
20224,R,전통시장,3130192,동진시장,10,6,4,0,1,1,4,3,1,0,1,1,1,2,1,0,0,0,3,1,0
20224,R,전통시장,3130194,용강동 상점가,875,502,373,0,103,131,179,170,292,0,39,75,104,114,170,0,64,56,75,56,122
20224,A,골목상권,3110577,용강동주민센터,145,105,40,0,15,42,47,31,10,0,12,31,38,17,7,0,3,11,9,14,3
20224,A,골목상권,3110559,성산중학교,757,474,283,4,102,187,203,167,94,3,54,102,127,118,70,1,48,85,76,49,24
20224,R,전통시장,3130203,서서울 골목형상점가,34,7,27,0,2,7,10,12,3,0,0,0,2,4,1,0,2,7,8,8,2
20224,R,전통시장,3130204,경창시장,102,51,51,0,5,12,29,27,29,0,2,5,13,16,15,0,3,7,16,11,14
20224,A,골목상권,3110593,신월3동주민센터,304,157,147,0,38,65,76,87,38,0,12,32,45,44,24,0,26,33,31,43,14
20224,A,골목상권,3110605,목동센트럴아이파크앞,155,89,66,0,15,22,26,47,45,0,5,15,11,27,31,0,10,7,15,20,14
20224,A,골목상권,3110634,송정역 3번,664,434,230,0,64,143,178,145,134,0,33,90,116,101,94,0,31,53,62,44,40
20224,D,발달상권,3120116,송정역,117,64,53,0,17,27,28,20,25,0,9,11,15,10,19,0,8,16,13,10,6
20224,A,골목상권,3110637,송정역 2번,560,358,202,4,67,121,116,154,98,0,34,74,81,100,69,4,33,47,35,54,29
20224,A,골목상권,3110644,신광명마을,336,288,48,1,26,28,58,105,118,1,8,17,51,97,114,0,18,11,7,8,4
20224,A,골목상권,3110673,뜸부기어린이공원,253,143,110,0,37,52,62,64,38,0,21,29,31,34,28,0,16,23,31,30,10
20224,A,골목상권,3110717,남구로역 2번,570,271,299,0,108,155,142,104,61,0,49,84,75,34,29,0,59,71,67,70,32
20224,R,전통시장,3130225,개봉중앙시장,147,59,88,0,15,21,39,44,28,0,3,4,19,22,11,0,12,17,20,22,17
20224,A,골목상권,3110704,고척중학교,62,36,26,0,12,23,10,12,5,0,7,12,3,11,3,0,5,11,7,1,2
20224,A,골목상권,3110711,구로초등학교,815,329,486,4,62,122,165,287,175,2,26,70,81,74,76,2,36,52,84,213,99
20224,A,골목상권,3110719,영서중학교,19,15,4,0,0,4,2,3,10,0,0,2,2,3,8,0,0,2,0,0,2
20224,D,발달상권,3120127,구로구청,5871,3858,2013,6,600,1211,1435,1436,1183,5,362,967,1048,802,674,1,238,244,387,634,509
20224,A,골목상권,3110681,온수역 1번,94,70,24,0,6,30,30,17,11,0,5,22,21,12,10,0,1,8,9,5,1
20224,A,골목상권,3110686,수궁동주민센터,406,211,195,0,34,67,104,115,86,0,16,31,64,55,45,0,18,36,40,60,41
20224,A,골목상권,3110724,금천구립가산도서관,364,254,110,1,42,76,120,89,36,1,33,60,90,45,25,0,9,16,30,44,11
20224,A,골목상권,3110737,금천세무서,502,323,179,8,77,85,96,116,120,0,28,49,51,91,104,8,49,36,45,25,16
20224,A,골목상권,3110751,난곡중학교,733,399,334,2,48,217,242,177,47,2,21,117,128,91,40,0,27,100,114,86,7
20224,R,전통시장,3130238,은행나무시장,113,71,42,0,22,24,31,22,14,0,13,16,22,14,6,0,9,8,9,8,8
20224,A,골목상권,3110770,영등포구청역 6번,263,191,72,1,45,49,77,45,46,1,24,41,54,28,43,0,21,8,23,17,3
20224,A,골목상권,3110774,당산반도유보라팰리스아파트,472,355,117,0,59,119,131,96,67,0,34,81,109,80,51,0,25,38,22,16,16
20224,A,골목상권,3110784,신대림초등학교,76,42,34,0,3,11,18,36,8,0,0,7,12,18,5,0,3,4,6,18,3
20224,D,발달상권,3120142,대림역,1551,846,705,2,234,279,348,384,304,0,69,143,190,230,214,2,165,136,158,154,90
20224,A,골목상권,3110790,대림1동주민센터,741,337,404,1,74,163,282,161,60,1,46,71,89,77,53,0,28,92,193,84,7
20224,A,골목상권,3110767,도림동주민센터,11,0,11,0,4,3,3,1,0,0,0,0,0,0,0,0,4,3,3,1,0
20224,R,전통시장,3130243,도림시장,7,5,2,0,0,1,4,0,2,0,0,1,3,0,1,0,0,0,1,0,1
20224,A,골목상권,3110816,대방역 6번,517,401,116,1,72,136,153,67,88,1,49,108,114,49,80,0,23,28,39,18,8
20224,A,골목상권,3110795,도림초등학교,533,356,177,0,20,49,80,128,256,0,8,36,48,74,190,0,12,13,32,54,66
20224,A,골목상권,3110805,신길새마을금고신길4동지점,45,27,18,0,6,12,12,8,7,0,2,7,6,5,7,0,4,5,6,3,0
20224,A,골목상권,3110797,KT대방빌딩,47,8,39,1,6,8,12,10,10,0,0,0,1,2,5,1,6,8,11,8,5
20224,D,발달상권,3120147,보라매역,1947,1238,709,5,286,452,370,367,467,2,93,310,249,264,320,3,193,142,121,103,147
20224,A,골목상권,3110760,선유도역 6번,1792,1091,701,8,273,444,499,376,192,6,170,256,275,219,165,2,103,188,224,157,27
20224,D,발달상권,3120149,여의도역(여의도),69255,45888,23367,184,11383,22550,19240,12096,3802,34,5884,14085,14147,9350,2388,150,5499,8465,5093,2746,1414
20224,D,발달상권,3120148,국회의사당역(국회의사당),31135,19451,11684,82,6815,10231,7641,4493,1873,27,3082,6187,5424,3397,1334,55,3733,4044,2217,1096,539
20224,R,전통시장,3130248,영등포역지하도상점가,69,35,34,0,9,26,17,14,3,0,6,13,9,4,3,0,3,13,8,10,0
20224,A,골목상권,3110829,장승배기역 5번,534,416,118,0,195,137,78,52,72,0,177,106,49,39,45,0,18,31,29,13,27
20224,A,골목상권,3110848,양지어린이공원,486,307,179,0,36,68,152,132,98,0,6,39,85,93,84,0,30,29,67,39,14
20224,R,전통시장,3130271,남성역골목시장,467,268,199,1,36,33,39,47,311,1,12,20,22,16,197,0,24,13,17,31,114
20224,A,골목상권,3110837,숭실대입구역 1번,360,184,176,1,39,72,80,79,89,0,19,29,39,32,65,1,20,43,41,47,24
20224,R,전통시장,3130262,상도도깨비 골목형상점가,21,13,8,0,0,4,10,4,3,0,0,4,6,1,2,0,0,0,4,3,1
20224,A,골목상권,3110825,신대방삼거리역 1번,319,207,112,0,33,63,96,72,55,0,23,41,58,47,38,0,10,22,38,25,17
20224,R,전통시장,3130261,성대전통시장(성대시장),211,104,107,0,15,47,61,61,27,0,4,26,33,23,18,0,11,21,28,38,9
20224,R,전통시장,3130264,상도약수골목형상점가,65,35,30,1,14,8,15,20,7,0,4,3,9,12,7,1,10,5,6,8,0
20224,A,골목상권,3110823,신대방삼거리역 3번,472,242,230,0,30,45,83,121,193,0,17,26,40,42,117,0,13,19,43,79,76
20224,A,골목상권,3110844,흑석2치안센터,11,7,4,0,2,2,4,0,3,0,1,2,2,0,2,0,1,0,2,0,1
20224,R,전통시장,3130282,난곡 골목형상점가,20,8,12,0,4,2,10,4,0,0,2,1,4,1,0,0,2,1,6,3,0
20224,A,골목상권,3110865,남강고등학교(남강중학교),270,116,154,4,57,53,59,61,36,2,10,23,23,31,27,2,47,30,36,30,9
20224,A,골목상권,3110902,사당역 4번,1184,729,455,1,189,266,295,248,185,0,82,168,204,156,119,1,107,98,91,92,66
20224,A,골목상권,3110887,서울산업정보학교(서울삼성초등학교),12,5,7,0,1,3,4,4,0,0,0,0,1,4,0,0,1,3,3,0,0
20224,A,골목상권,3110860,호림박물관(성보고등학교),410,314,96,1,57,102,66,110,74,1,44,84,47,78,60,0,13,18,19,32,14
20224,A,골목상권,3110883,은천초등학교(은천교앞),208,124,84,2,21,43,70,48,24,1,12,25,42,28,16,1,9,18,28,20,8
20224,R,전통시장,3130288,신림현대종합상가,2,0,2,0,1,1,0,0,0,0,0,0,0,0,0,0,1,1,0,0,0
20224,A,골목상권,3110894,관악동부센트레빌아파트(은천로35라길),20,8,12,0,2,4,3,6,5,0,0,2,1,2,3,0,2,2,2,4,2
20224,A,골목상권,3110869,"신림역 5번(신림동주민센터, 신림동별빛거리)",1026,681,345,1,79,136,248,233,329,1,36,73,143,155,273,0,43,63,105,78,56
20224,A,골목상권,3110877,신림역 8번,319,154,165,2,23,63,86,80,65,0,10,30,36,39,39,2,13,33,50,41,26
20224,R,전통시장,3130289,봉일시장,36,20,16,1,1,2,5,14,13,0,0,1,5,3,11,1,1,1,0,11,2
20224,A,골목상권,3110853,KT구로지사,217,130,87,0,21,49,65,51,31,0,9,27,44,28,22,0,12,22,21,23,9
20224,A,골목상권,3110897,서울대입구역 8번,219,139,80,0,16,45,69,64,25,0,7,24,40,44,24,0,9,21,29,20,1
20224,D,발달상권,3120167,고속터미널(고속터미널역),6925,4543,2382,24,790,1577,1689,1525,1320,10,416,1110,1328,1046,633,14,374,467,361,479,687
20224,A,골목상권,3110924,반포4동주민센터(몽마르뜨공원),1071,732,339,5,171,236,323,252,84,1,78,150,243,200,60,4,93,86,80,52,24
20224,A,골목상권,3110922,내방역 1번,219,112,107,1,42,47,47,42,40,0,13,23,27,23,26,1,29,24,20,19,14
20224,A,골목상권,3110909,남태령역(서울전자고등학교),132,97,35,1,11,29,23,34,34,1,4,19,16,29,28,0,7,10,7,5,6
20224,D,발달상권,3120163,사당역 11번(사당역먹자골목),491,290,201,0,55,119,99,86,132,0,28,73,57,50,82,0,27,46,42,36,50
20224,A,골목상권,3110929,남부터미널역 1번,21130,10703,10427,21,4446,4558,3912,7143,1050,4,1209,1890,1718,5123,759,17,3237,2668,2194,2020,291
20224,D,발달상권,3120168,서울고교교차로,794,492,302,1,124,237,200,130,102,0,48,130,143,98,73,1,76,107,57,32,29
20224,R,전통시장,3130301,양재시장,89,47,42,0,24,20,24,9,12,0,7,13,15,4,8,0,17,7,9,5,4
20224,A,골목상권,3110946,청계산원터골,41,21,20,0,2,4,8,13,14,0,2,2,6,3,8,0,0,2,2,10,6
20224,A,골목상권,3110980,개포지구대옆,663,482,181,0,90,198,202,111,62,0,45,142,168,72,55,0,45,56,34,39,7
20224,D,발달상권,3120207,선정릉역,11920,7343,4577,32,2669,4154,2699,1509,857,16,1106,2428,1922,1135,736,16,1563,1726,777,374,121
20224,D,발달상권,3120218,코엑스,290,54,236,0,116,103,58,13,0,0,13,16,16,9,0,0,103,87,42,4,0
20224,D,발달상권,3120186,가로수길,6518,3580,2938,19,1316,2133,1570,895,585,5,447,1174,950,573,431,14,869,959,620,322,154
20224,A,골목상권,3110951,신사은행나무공원,267,70,197,0,35,83,95,47,7,0,6,24,26,12,2,0,29,59,69,35,5
20224,R,전통시장,3130306,강남언주로,235,151,84,2,48,48,63,45,29,2,27,34,47,23,18,0,21,14,16,22,11
20224,D,발달상권,3120208,청담사거리(청담동명품거리),11437,5280,6157,43,3488,4035,2275,1044,552,17,1116,1816,1308,628,395,26,2372,2219,967,416,157
20224,D,발달상권,3120214,영동대교남단교차로,3984,2897,1087,7,489,1172,1107,929,280,3,271,811,865,753,194,4,218,361,242,176,86
20224,A,골목상권,3111024,경찰병원역 4번(건너말공원),240,150,90,0,27,53,63,68,29,0,16,33,45,35,21,0,11,20,18,33,8
20224,A,골목상권,3111046,마천역(마천초등학교),708,400,308,1,76,146,171,195,119,0,46,85,84,95,90,1,30,61,87,100,29
20224,A,골목상권,3111044,남천초등학교,557,264,293,1,95,146,167,113,35,0,35,71,76,56,26,1,60,75,91,57,9
20224,A,골목상권,3111019,한성백제역 3번,1458,963,495,2,199,428,415,246,168,2,101,294,294,157,115,0,98,134,121,89,53
20224,A,골목상권,3111007,석촌고분역 4번,936,480,456,0,107,215,255,242,117,0,43,116,142,109,70,0,64,99,113,133,47
20224,A,골목상권,3111004,삼전역 1번,2036,1331,705,13,263,407,504,376,473,0,108,261,337,239,386,13,155,146,167,137,87
20224,A,골목상권,3111033,문정동성당,70,30,40,0,5,4,16,16,29,0,2,3,8,9,8,0,3,1,8,7,21
20224,A,골목상권,3111018,풍납초등학교(풍납백제문화공원),26,23,3,0,1,5,10,6,4,0,1,4,8,6,4,0,0,1,2,0,0
20224,A,골목상권,3111078,굽은다리역 4번,1753,1022,731,1,135,300,379,488,450,1,75,186,215,270,275,0,60,114,164,218,175
20224,A,골목상권,3111082,중앙보훈병원,64,44,20,0,3,9,11,23,18,0,1,3,5,18,17,0,2,6,6,5,1
20224,A,골목상권,3111086,한영중고,297,202,95,1,27,45,73,101,50,1,17,22,52,69,41,0,10,23,21,32,9
20224,A,골목상권,3111051,천호역 6번,394,242,152,2,65,77,85,88,77,1,44,54,54,47,42,1,21,23,31,41,35
20224,A,골목상권,3111064,둔촌동역 4번,157,98,59,0,13,34,47,40,23,0,3,21,30,28,16,0,10,13,17,12,7
20224,A,골목상권,3111070,천호초등학교,121,70,51,1,7,20,39,27,27,0,3,9,23,16,19,1,4,11,16,11,8
20224,A,골목상권,3111057,천호공원(해공체육문화센터),254,112,142,2,53,50,64,60,25,2,15,19,30,32,14,0,38,31,34,28,11
20232,D,발달상권,3120007,북촌(안국역),10443,8282,2161,8,1148,3636,3182,1964,505,5,644,2891,2647,1702,393,3,504,745,535,262,112
20232,A,골목상권,3110018,중앙고등학교,829,408,421,0,92,166,209,160,202,0,27,55,100,80,146,0,65,111,109,80,56
20232,A,골목상권,3110006,부암동주민센터,27,16,11,0,2,7,7,5,6,0,2,5,2,3,4,0,0,2,5,2,2
20232,A,골목상권,3110012,성곡미술관,1042,489,553,0,260,329,260,111,82,0,70,152,149,69,49,0,190,177,111,42,33
20232,D,발달상권,3120002,서촌(경복궁역),1989,1071,918,37,487,674,421,221,149,0,190,387,258,131,105,37,297,287,163,90,44
20232,D,발달상권,3120005,삼청동,3049,2795,254,1,399,709,898,817,225,0,340,633,848,776,198,1,59,76,50,41,27
20232,D,발달상권,3120013,이화사거리,7536,5468,2068,8,1300,2502,2063,1294,369,1,626,1730,1678,1171,262,7,674,772,385,123,107
20232,D,발달상권,3120006,종각역,33181,16028,17153,59,5900,11133,9928,5489,672,14,2254,4920,4677,3672,491,45,3646,6213,5251,1817,181
20232,A,골목상권,3110019,창덕궁,325,215,110,0,47,91,82,71,34,0,21,65,53,49,27,0,26,26,29,22,7
20232,R,전통시장,3130016,동대문상가B동,2,1,1,0,0,1,1,0,0,0,0,0,1,0,0,0,0,1,0,0,0
20232,R,전통시장,3130019,동대문상가D동,29,22,7,0,6,6,5,4,8,0,4,3,4,4,7,0,2,3,1,0,1
20232,R,전통시장,3130035,방산종합시장(방산시장),1190,736,454,1,96,200,284,312,297,0,56,117,154,191,218,1,40,83,130,121,79
20232,R,전통시장,3130001,통인시장,63,31,32,0,4,16,12,13,18,0,2,4,7,7,11,0,2,12,5,6,7
20232,D,발달상권,3120037,동대문역사문화공원역,35317,17057,18260,421,11234,9194,6979,5237,2252,180,5605,5543,3901,1328,500,241,5629,3651,3078,3909,1752
20232,A,골목상권,3110052,장충초등학교,484,281,203,0,43,100,132,130,79,0,16,63,75,82,45,0,27,37,57,48,34
20232,D,발달상권,3120026,을지로입구역,30610,18501,12109,14,4275,11589,8473,5661,598,4,1729,5846,5959,4562,401,10,2546,5743,2514,1099,197
20232,A,골목상권,3110038,경향신문사,1096,759,337,0,195,395,283,181,42,0,63,266,227,165,38,0,132,129,56,16,4
20232,R,전통시장,3130033,대림상가(청계상가),169,121,48,0,7,29,54,39,40,0,3,19,35,30,34,0,4,10,19,9,6
20232,R,전통시장,3130034,필동 골목형상점가,14,7,7,0,2,4,5,2,1,0,1,2,2,2,0,0,1,2,3,0,1
20232,D,발달상권,3120042,"숙대입구역(남영역, 남영동)",4057,2797,1260,20,750,1490,1024,558,215,8,370,894,831,510,184,12,380,596,193,48,31
20232,A,골목상권,3110092,NH농협은행 보광동지점,468,168,300,0,90,111,103,94,70,0,11,47,34,33,43,0,79,64,69,61,27
20232,A,골목상권,3110083,서빙고역 1번,149,109,40,0,26,53,42,14,14,0,13,42,29,12,13,0,13,11,13,2,1
20232,A,골목상권,3110060,효창공원앞역 6번,287,170,117,0,28,62,80,73,44,0,10,34,48,47,31,0,18,28,32,26,13
20232,A,골목상권,3110068,남영역 1번,1090,615,475,8,161,257,250,224,190,6,60,135,151,138,125,2,101,122,99,86,65
20232,R,전통시장,3130058,이촌종합시장,109,78,31,0,13,19,25,26,26,0,7,12,15,21,23,0,6,7,10,5,3
20232,A,골목상권,3110091,리움미술관,1106,810,296,0,216,345,343,155,47,0,117,236,293,128,36,0,99,109,50,27,11
20232,A,골목상권,3110061,효창동주민센터,478,306,172,1,61,91,154,113,58,1,38,53,100,67,47,0,23,38,54,46,11
20232,A,골목상권,3110122,마장역 2번,461,270,191,1,60,87,116,112,85,1,32,59,68,60,50,0,28,28,48,52,35
20232,R,전통시장,3130068,마장축산물시장,975,630,345,1,102,202,250,248,172,1,68,127,155,165,114,0,34,75,95,83,58
20232,A,골목상권,3110125,사근동살곶이상점가,135,83,52,2,25,39,35,21,13,2,13,21,24,13,10,0,12,18,11,8,3
20232,R,전통시장,3130070,뚝섬역상점가,1017,698,319,6,178,260,218,222,133,4,105,180,144,157,108,2,73,80,74,65,25
20232,R,전통시장,3130066,행당시장상점가,360,178,182,0,42,76,102,95,45,0,17,37,53,44,27,0,25,39,49,51,18
20232,A,골목상권,3110178,장로회신학대학교,165,108,57,0,21,38,33,47,26,0,13,31,16,34,14,0,8,7,17,13,12
20232,A,골목상권,3110147,능동우편취급국,815,464,351,4,120,172,160,137,222,2,56,88,104,77,137,2,64,84,56,60,85
20232,A,골목상권,3110154,광진정말공원,255,146,109,1,31,54,61,65,43,1,16,34,30,34,31,0,15,20,31,31,12
20232,A,골목상권,3110151,자양한강도서관,249,175,74,4,35,52,63,66,29,3,24,37,49,41,21,1,11,15,14,25,8
20232,R,전통시장,3130083,"중곡제일시장(중곡제일골목시장, 광성시장)",111,68,43,0,15,21,29,24,22,0,7,14,20,10,17,0,8,7,9,14,5
20232,A,골목상권,3110162,군자역 4번,618,370,248,0,127,163,133,111,84,0,98,119,77,43,33,0,29,44,56,68,51
20232,A,골목상권,3110171,중곡4동주민센터,59,36,23,0,4,8,7,22,18,0,1,2,3,15,15,0,3,6,4,7,3
20232,R,전통시장,3130079,한아름시장,40,29,11,0,5,6,6,10,13,0,4,4,5,6,10,0,1,2,1,4,3
20232,A,골목상권,3110217,자동차부품상가,506,391,115,1,34,105,144,124,98,1,25,88,116,84,77,0,9,17,28,40,21
20232,A,골목상권,3110225,촬영소사거리,330,204,126,0,22,36,68,83,121,0,9,25,42,55,73,0,13,11,26,28,48
20232,A,골목상권,3110218,답십리사거리,158,83,75,0,14,25,45,60,14,0,5,12,22,33,11,0,9,13,23,27,3
20232,A,골목상권,3110188,용두동신동아아파트,807,607,200,8,104,178,229,191,97,2,68,150,181,132,74,6,36,28,48,59,23
20232,A,골목상권,3110184,용두사거리,398,205,193,0,77,135,72,64,50,0,37,51,33,45,39,0,40,84,39,19,11
20232,A,골목상권,3110213,청량초등학교,124,81,43,0,19,57,17,15,16,0,7,41,13,7,13,0,12,16,4,8,3
20232,A,골목상권,3110220,외대앞역 1번,193,111,82,0,28,37,54,47,27,0,7,18,33,34,19,0,21,19,21,13,8
20232,A,골목상권,3110230,장안현대홈타운1차아파트,161,101,60,0,15,32,52,45,17,0,6,22,33,28,12,0,9,10,19,17,5
20232,A,골목상권,3110216,전농중학교,208,68,140,1,32,48,62,50,15,1,11,14,18,18,6,0,21,34,44,32,9
20232,R,전통시장,3130091,청량종합도매시장,36,27,9,0,1,3,11,14,7,0,0,3,8,10,6,0,1,0,3,4,1
20232,A,골목상권,3110275,하나은행 망우동지점,63,33,30,0,4,9,19,16,15,0,3,6,9,5,10,0,1,3,10,11,5
20232,R,전통시장,3130112,사가정시장,86,28,58,0,13,17,24,19,13,0,0,3,6,8,11,0,13,14,18,11,2
20232,R,전통시장,3130109,묵1동도깨비시장,47,33,14,0,2,9,16,9,11,0,1,5,13,5,9,0,1,4,3,4,2
20232,R,전통시장,3130107,중랑동부시장(중랑교종합상가),13,3,10,0,0,1,4,5,3,0,0,0,0,1,2,0,0,1,4,4,1
20232,A,골목상권,3110276,신내IC북측,29,18,11,0,1,4,8,9,7,0,0,3,5,6,4,0,1,1,3,3,3
20232,A,골목상권,3110240,태릉시장 특화거리,97,39,58,2,20,13,28,16,18,1,3,8,7,8,12,1,17,5,21,8,6
20232,A,골목상권,3110299,정릉역 1번,372,241,131,1,33,49,83,95,111,0,9,12,40,74,106,1,24,37,43,21,5
20232,A,골목상권,3110302,보문역 8번,3797,3177,620,1,364,1434,710,823,465,1,252,1274,656,702,292,0,112,160,54,121,173
20232,A,골목상권,3110333,돌곶이역 5번,988,746,242,0,15,23,38,74,838,0,2,13,20,42,669,0,13,10,18,32,169
20232,D,발달상권,3120074,안암역,59,28,31,1,12,16,12,8,10,0,5,9,7,2,5,1,7,7,5,6,5
20232,R,전통시장,3130125,장위전통시장,40,20,20,0,5,6,7,8,14,0,0,2,5,5,8,0,5,4,2,3,6
20232,A,골목상권,3110295,정릉우체국,679,248,431,0,166,178,163,119,53,0,36,67,49,52,44,0,130,111,114,67,9
20232,A,골목상권,3110290,북한산보국문역 1번,96,78,18,0,2,9,29,37,19,0,1,8,23,30,16,0,1,1,6,7,3
20232,A,골목상권,3110284,정릉북한산국립공원입구,562,506,56,0,5,59,181,229,88,0,4,49,161,211,81,0,1,10,20,18,7
20232,A,골목상권,3110315,종암아이파크2차,124,78,46,0,11,17,41,38,17,0,4,9,27,25,13,0,7,8,14,13,4
20232,A,골목상권,3110311,종암아이파크2차후문,18,9,9,0,0,2,8,3,5,0,0,1,3,1,4,0,0,1,5,2,1
20232,D,발달상권,3120077,미아역,218,97,121,0,32,37,52,64,33,0,11,8,18,38,22,0,21,29,34,26,11
20232,A,골목상권,3110355,삼양사거리역 2번,306,254,52,0,8,26,44,103,125,0,1,10,31,94,118,0,7,16,13,9,7
20232,R,전통시장,3130135,수유중앙골목시장(수유중앙시장),24,12,12,0,0,3,4,5,12,0,0,2,2,0,8,0,0,1,2,5,4
20232,A,골목상권,3110372,강북중학교,188,100,88,0,21,43,50,48,26,0,17,25,18,20,20,0,4,18,32,28,6
20232,R,전통시장,3130129,장미원골목시장,911,571,340,0,15,14,38,89,755,0,1,4,12,40,514,0,14,10,26,49,241
20232,R,전통시장,3130130,수유북부골목시장,20,14,6,0,1,1,7,5,6,0,0,0,6,3,5,0,1,1,1,2,1
20232,A,골목상권,3110405,방학역 1번,1123,365,758,3,130,176,308,427,79,3,67,109,82,70,34,0,63,67,226,357,45
20232,A,골목상권,3110407,도봉역 2번,560,337,223,1,32,75,115,203,134,1,8,40,57,126,105,0,24,35,58,77,29
20232,R,전통시장,3130152,오!도봉거리 상점가,42,17,25,0,4,14,15,6,3,0,0,5,7,4,1,0,4,9,8,2,2
20232,R,전통시장,3130148,방학동도깨비시장,39,16,23,0,2,6,12,12,7,0,0,1,5,8,2,0,2,5,7,4,5
20232,A,골목상권,3110394,방학중학교,214,133,81,0,19,35,50,54,56,0,12,20,26,35,40,0,7,15,24,19,16
20232,A,골목상권,3110384,문이교,261,139,122,0,38,20,56,85,62,0,12,8,21,51,47,0,26,12,35,34,15
20232,A,골목상권,3110388,도봉우체국,35,23,12,0,4,3,10,14,4,0,2,2,7,8,4,0,2,1,3,6,0
20232,A,골목상권,3110439,당고개역 5번,96,45,51,0,4,14,12,32,34,0,0,10,6,16,13,0,4,4,6,16,21
20232,A,골목상권,3110442,화랑대철도공원,76,20,56,0,1,4,14,49,8,0,0,2,4,10,4,0,1,2,10,39,4
20232,A,골목상권,3110424,상계초등학교,388,157,231,2,42,50,96,106,92,2,18,32,32,42,31,0,24,18,64,64,61
20232,A,골목상권,3110437,당고개역 2번,116,40,76,0,16,23,25,41,11,0,5,11,9,10,5,0,11,12,16,31,6
20232,A,골목상권,3110440,상계3동4동주민센터,49,16,33,0,8,6,15,10,10,0,1,1,4,2,8,0,7,5,11,8,2
20232,A,골목상권,3110420,광운대역 1번,796,472,324,7,233,310,184,40,22,0,114,234,89,21,14,7,119,76,95,19,8
20232,A,골목상권,3110431,상계역,124,72,52,1,16,24,28,37,18,0,2,13,17,27,13,1,14,11,11,10,5
20232,A,골목상권,3110467,은평요양병원,487,284,203,3,90,154,110,68,62,2,46,100,61,37,38,1,44,54,49,31,24
20232,A,골목상권,3110454,선정중학교,481,268,213,3,56,71,142,108,101,2,42,35,53,66,70,1,14,36,89,42,31
20232,A,골목상권,3110447,구산초등학교,48,43,5,0,5,15,10,5,13,0,4,15,8,5,11,0,1,0,2,0,2
20232,A,골목상권,3110453,신사1동주민센터,515,288,227,0,43,81,121,155,115,0,20,25,65,85,93,0,23,56,56,70,22
20232,A,골목상권,3110448,상신초등학교입구,120,76,44,1,20,27,26,26,20,1,17,17,12,14,15,0,3,10,14,12,5
20232,A,골목상권,3110466,구산역 2번,87,46,41,0,12,17,26,24,8,0,4,5,16,15,6,0,8,12,10,9,2
20232,R,전통시장,3130166,응암시장(신응암시장),17,10,7,0,0,3,2,5,7,0,0,0,1,3,6,0,0,3,1,2,1
20232,A,골목상권,3110498,증산역 1번,222,102,120,0,15,32,75,68,32,0,7,9,31,32,23,0,8,23,44,36,9
20232,A,골목상권,3110444,수색성당,157,57,100,0,17,39,47,45,9,0,6,14,14,16,7,0,11,25,33,29,2
20232,R,전통시장,3130162,증산골목시장,7,3,4,0,0,2,2,1,2,0,0,0,0,1,2,0,0,2,2,0,0
20232,A,골목상권,3110496,모래내우체국,611,333,278,2,88,190,160,89,82,2,20,100,117,42,52,0,68,90,43,47,30
20232,R,전통시장,3130181,아현가구거리상점가,59,30,29,0,8,11,13,10,17,0,0,7,9,4,10,0,8,4,4,6,7
20232,A,골목상권,3110506,연희임광아파트,110,66,44,0,5,12,39,29,25,0,1,8,20,19,18,0,4,4,19,10,7
20232,A,골목상권,3110505,홍남교남측,14,9,5,0,1,0,3,7,3,0,0,0,2,5,2,0,1,0,1,2,1
20232,A,골목상권,3110510,홍연시장,100,59,41,0,10,14,33,27,16,0,5,6,22,14,12,0,5,8,11,13,4
20232,R,전통시장,3130180,포방터시장,59,34,25,0,13,11,15,6,14,0,4,4,11,5,10,0,9,7,4,1,4
20232,A,골목상권,3110521,홍제역 4번,63,36,27,0,4,7,19,17,16,0,0,4,10,9,13,0,4,3,9,8,3
20213,A,골목상권,3110222,회기역 2번,20,17,3,0,0,3,2,6,9,0,0,2,2,4,9,0,0,1,0,2,0
20232,A,골목상권,3110529,홍제3동주민센터,125,58,67,0,13,20,27,25,40,0,2,5,8,14,29,0,11,15,19,11,11
20232,R,전통시장,3130177,인왕시장(홍제골목형상점가),44,7,37,0,1,1,8,7,27,0,0,0,1,3,3,0,1,1,7,4,24
20232,A,골목상권,3110589,애오개역 3번,46,13,33,0,3,3,15,11,14,0,0,1,4,6,2,0,3,2,11,5,12
20232,R,전통시장,3130195,도화동 상점가,1040,502,538,2,201,267,226,153,191,1,86,132,121,88,74,1,115,135,105,65,117
20232,R,전통시장,3130186,망원시장,143,53,90,0,9,23,40,41,30,0,6,11,14,10,12,0,3,12,26,31,18
20232,A,골목상권,3110542,마포구청역 7번,3997,2442,1555,16,527,714,775,1304,661,9,297,578,604,586,368,7,230,136,171,718,293
20232,D,발달상권,3120098,DMC(디지털미디어시티),8846,5391,3455,19,1691,3228,2856,875,177,11,813,1995,1821,616,135,8,878,1233,1035,259,42
20232,A,골목상권,3110561,상수역 4번,395,247,148,4,59,102,94,89,47,2,21,56,64,68,36,2,38,46,30,21,11
20232,R,전통시장,3130191,홍대 걷고싶은 거리,367,225,142,6,65,65,81,82,68,4,40,41,54,47,39,2,25,24,27,35,29
20232,A,골목상권,3110552,성미산체육관,637,465,172,1,110,159,145,158,64,0,72,120,98,128,47,1,38,39,47,30,17
20232,A,골목상권,3110553,가좌역 2번,281,167,114,0,26,51,79,81,44,0,16,28,44,43,36,0,10,23,35,38,8
20232,A,골목상권,3110570,KB국민은행 서강지점,61,39,22,0,4,22,18,12,5,0,4,13,10,7,5,0,0,9,8,5,0
20232,R,전통시장,3130193,신수시장,34,19,15,0,4,7,12,5,6,0,1,5,5,4,4,0,3,2,7,1,2
20232,A,골목상권,3110624,목동문화체육센터,379,232,147,0,93,117,75,63,31,0,40,79,46,48,19,0,53,38,29,15,12
20232,A,골목상권,3110626,양화초등학교,652,271,381,1,127,138,149,147,90,0,37,57,76,63,38,1,90,81,73,84,52
20232,D,발달상권,3120111,목동사거리,1828,710,1118,1,551,601,341,219,115,0,101,248,161,116,84,1,450,353,180,103,31
20232,R,전통시장,3130202,신영시장,40,13,27,0,3,4,13,16,4,0,2,0,3,6,2,0,1,4,10,10,2
20232,A,골목상권,3110606,신한은행 신월동지점,544,307,237,1,49,83,152,152,107,1,26,44,84,72,80,0,23,39,68,80,27
20232,A,골목상권,3110613,신정네거리역 4번,80,20,60,0,8,25,24,19,4,0,2,6,7,4,1,0,6,19,17,15,3
20232,A,골목상권,3110657,양천향교역 5번,3180,2118,1062,12,334,603,741,695,795,8,191,396,493,385,645,4,143,207,248,310,150
20232,A,골목상권,3110648,양천향교역 7번,13,5,8,0,1,7,1,3,1,0,0,3,1,1,0,0,1,4,0,2,1
20232,A,골목상권,3110671,등촌1동주민센터,4521,2889,1632,8,1208,1381,956,636,332,2,375,916,788,522,286,6,833,465,168,114,46
20232,R,전통시장,3130214,송화벽화시장(송화골목시장),119,44,75,2,23,18,25,33,18,0,6,7,9,13,9,2,17,11,16,20,9
20232,A,골목상권,3110668,화곡2동주민센터,471,278,193,0,55,70,139,127,80,0,22,33,81,77,65,0,33,37,58,50,15
20232,A,골목상권,3110646,푸른들청소년도서관,754,384,370,1,92,113,198,187,163,1,26,47,97,99,114,0,66,66,101,88,49
20232,R,전통시장,3130221,"남부골목시장(남부화곡시장, 남부시장)",188,69,119,0,22,32,50,57,27,0,5,5,15,22,22,0,17,27,35,35,5
20232,A,골목상권,3110658,화곡초등학교,253,153,100,0,21,55,62,69,46,0,10,35,36,44,28,0,11,20,26,25,18
20232,A,골목상권,3110721,가리봉파출소,215,104,111,1,6,36,42,42,88,0,2,19,17,22,44,1,4,17,25,20,44
20232,A,골목상권,3110703,개봉역,307,192,115,4,28,54,91,77,53,3,16,30,54,49,40,1,12,24,37,28,13
20232,A,골목상권,3110706,그라운드 고척,410,100,310,0,122,101,101,68,18,0,22,20,28,20,10,0,100,81,73,48,8
20232,A,골목상권,3110701,고척동성당,567,379,188,2,126,185,125,92,37,0,81,133,82,54,29,2,45,52,43,38,8
20232,A,골목상권,3110709,구로119안전센터,185,108,77,0,19,22,56,51,37,0,14,13,36,29,16,0,5,9,20,22,21
20232,A,골목상권,3110716,구로나눔길,666,398,268,1,132,256,164,77,36,0,39,154,115,60,30,1,93,102,49,17,6
20232,D,발달상권,3120125,구로역,9531,6476,3055,29,1115,2177,2439,2305,1466,14,646,1505,1615,1580,1116,15,469,672,824,725,350
20232,A,골목상권,3110693,오류동역 4번,17,9,8,0,1,3,5,4,4,0,1,3,2,2,1,0,0,0,3,2,3
20232,A,골목상권,3110741,독산2동주민센터,444,159,285,0,69,117,96,108,54,0,43,35,26,33,22,0,26,82,70,75,32
20232,A,골목상권,3110789,대림성모병원,491,182,309,0,104,137,115,93,42,0,16,44,49,43,30,0,88,93,66,50,12
20232,A,골목상권,3110769,대림차이나타운(대림역 12번),42,12,30,0,6,8,12,10,6,0,0,3,4,3,2,0,6,5,8,7,4
20232,R,전통시장,3130244,대림중앙시장,94,39,55,3,15,16,21,16,23,2,10,8,10,5,4,1,5,8,11,11,19
20232,A,골목상권,3110772,신우어린이공원,94,55,39,0,9,15,22,26,22,0,5,8,12,19,11,0,4,7,10,7,11
20232,A,골목상권,3110785,영등포푸르지오아파트,161,84,77,2,13,17,39,44,46,2,8,12,24,14,24,0,5,5,15,30,22
20232,A,골목상권,3110761,문래동남성맨션,180,106,74,0,13,43,45,41,38,0,8,17,26,25,30,0,5,26,19,16,8
20232,R,전통시장,3130245,영일시장,675,567,108,1,61,189,238,136,50,0,41,148,217,115,46,1,20,41,21,21,4
20232,A,골목상권,3110758,문래소공원,296,221,75,1,44,77,70,67,37,0,32,60,46,52,31,1,12,17,24,15,6
20232,A,골목상권,3110804,신풍역 1번,312,187,125,0,15,37,62,63,135,0,4,15,29,35,104,0,11,22,33,28,31
20232,A,골목상권,3110815,공군호텔,2250,791,1459,4,426,519,477,509,315,0,88,197,168,172,166,4,338,322,309,337,149
20232,A,골목상권,3110787,신길3동주민센터,171,122,49,0,19,35,47,42,28,0,8,25,36,31,22,0,11,10,11,11,6
20232,A,골목상권,3110780,신길대성유니드아파트,223,171,52,0,22,42,71,56,32,0,18,34,51,41,27,0,4,8,20,15,5
20232,D,발달상권,3120150,63빌딩,8614,5431,3183,45,1167,2157,2997,1883,365,18,610,1437,1563,1568,235,27,557,720,1434,315,130
20232,D,발달상권,3120144,영중로,2017,1073,944,1,254,395,508,598,261,1,142,276,289,230,135,0,112,119,219,368,126
20232,A,골목상권,3110808,신길역 1번,67,48,19,0,3,22,21,13,8,0,3,15,14,9,7,0,0,7,7,4,1
20232,A,골목상권,3110832,노량진초등학교,491,269,222,0,54,105,122,153,57,0,24,64,85,70,26,0,30,41,37,83,31
20232,R,전통시장,3130266,만양로상점가,2,1,1,0,0,0,2,0,0,0,0,0,1,0,0,0,0,0,1,0,0
20232,A,골목상권,3110822,신대방삼거리역 4번(대림초등학교),313,131,182,0,57,71,68,76,41,0,13,28,34,35,21,0,44,43,34,41,20
20232,A,골목상권,3110850,사당역 10번,969,487,482,4,217,207,185,162,194,1,54,88,92,95,157,3,163,119,93,67,37
20232,R,전통시장,3130273,남성사계시장(남성시장),141,63,78,0,21,36,45,22,17,0,3,19,20,8,13,0,18,17,25,14,4
20232,R,전통시장,3130281,우림시장,1,0,1,0,0,0,1,0,0,0,0,0,0,0,0,0,0,0,1,0,0
20232,A,골목상권,3110859,난향초등학교,182,113,69,0,11,32,42,52,45,0,0,21,27,30,35,0,11,11,15,22,10
20232,A,골목상권,3110886,관악해태어린이공원,184,103,81,1,38,50,41,34,20,1,18,28,21,23,12,0,20,22,20,11,8
20232,A,골목상권,3110880,신림역 1번,995,275,720,0,379,296,157,128,35,0,78,87,66,33,11,0,301,209,91,95,24
20232,A,골목상권,3110888,청룡동주민센터,94,53,41,0,5,9,11,22,47,0,3,2,4,6,38,0,2,7,7,16,9
20232,A,골목상권,3110896,관악우성아파트,202,49,153,0,41,37,44,47,33,0,5,7,11,13,13,0,36,30,33,34,20
20232,A,골목상권,3110948,헌인가구단지,57,27,30,0,5,24,14,11,3,0,4,12,6,2,3,0,1,12,8,9,0
20232,D,발달상권,3120165,서래마을카페거리(서래마을),3467,2266,1201,11,605,1119,949,516,267,3,277,716,707,369,194,8,328,403,242,147,73
20232,A,골목상권,3110921,서울프랑스학교,506,312,194,7,63,70,115,134,117,2,30,43,80,86,71,5,33,27,35,48,46
20232,A,골목상권,3110907,방배초등학교,775,476,299,8,119,165,211,143,129,5,54,100,118,95,104,3,65,65,93,48,25
20232,A,골목상권,3110912,방배동사이길,210,128,82,3,33,45,53,42,34,2,16,27,39,21,23,1,17,18,14,21,11
20232,A,골목상권,3110933,한국상담대학원대학교,679,60,619,0,344,156,86,63,30,0,10,15,15,5,15,0,334,141,71,58,15
20232,D,발달상권,3120172,교대입구교차로,10241,5712,4529,53,2062,2700,2445,1945,1036,33,854,1635,1489,1004,697,20,1208,1065,956,941,339
20232,A,골목상권,3110935,한전아트센터,379,264,115,2,53,108,105,72,39,2,33,82,75,46,26,0,20,26,30,26,13
20232,D,발달상권,3120192,뱅뱅사거리,27363,18865,8498,72,5748,8234,6678,4352,2279,37,3275,5587,5090,3174,1702,35,2473,2647,1588,1178,577
20232,D,발달상권,3120180,양재화물트럭터미널앞,2562,2146,416,13,637,812,554,409,137,10,466,711,481,363,115,3,171,101,73,46,22
20232,A,골목상권,3110984,포이초등학교(개포목련어린이공원),1556,1046,510,2,236,342,331,306,339,0,140,241,211,199,255,2,96,101,120,107,84
20232,D,발달상권,3120190,강남을지병원,11725,6199,5526,44,3417,3232,2506,1512,1014,14,1228,1650,1567,988,752,30,2189,1582,939,524,262
20232,D,발달상권,3120196,서울세관,9664,5880,3784,15,1699,2887,2578,1611,874,2,596,1519,1718,1320,725,13,1103,1368,860,291,149
20232,D,발달상권,3120200,학동사거리,9363,3808,5555,26,2868,3075,1848,1005,541,9,654,1122,937,687,399,17,2214,1953,911,318,142
20232,D,발달상권,3120223,휘문고교사거리,9166,5574,3592,20,1785,2926,2736,1401,298,4,1102,2061,1597,609,201,16,683,865,1139,792,97
20232,A,골목상권,3110975,매봉역 1번,10837,6932,3905,34,2175,2199,3202,3019,208,21,1010,1161,2184,2402,154,13,1165,1038,1018,617,54
20232,A,골목상권,3110978,도곡2동주민센터(대치중학교),331,186,145,0,46,70,72,114,29,0,20,41,47,62,16,0,26,29,25,52,13
20232,A,골목상권,3110974,언주중학교,278,168,110,3,58,66,85,43,23,3,25,39,59,27,15,0,33,27,26,16,8
20232,D,발달상권,3120188,압구정역,8579,3750,4829,134,2204,2146,1550,1314,1231,47,698,969,897,556,583,87,1506,1177,653,758,648
20232,D,발달상권,3120202,압구정로데오역(압구정로데오),11735,6075,5660,41,2963,4419,2469,1425,418,11,793,2184,1593,1195,299,30,2170,2235,876,230,119
20232,A,골목상권,3110971,선정릉역 4번,1542,900,642,11,278,455,380,254,164,6,140,270,245,120,119,5,138,185,135,134,45
20232,D,발달상권,3120239,오금역,4595,2925,1670,17,840,1205,1156,897,480,11,447,798,824,483,362,6,393,407,332,414,118
20232,D,발달상권,3120241,거여역,1197,650,547,5,110,221,296,277,288,2,80,152,161,83,172,3,30,69,135,194,116
20232,A,골목상권,3111026,문정역 2번,2257,1479,778,7,430,626,537,409,248,3,235,420,381,229,211,4,195,206,156,180,37
20232,A,골목상권,3111017,송파나루역 3번,272,183,89,0,40,62,62,63,45,0,14,42,42,45,40,0,26,20,20,18,5
20232,A,골목상권,3111010,석촌역 7번,1512,1031,481,3,181,309,376,339,304,1,98,190,261,234,247,2,83,119,115,105,57
20232,A,골목상권,3111040,거여초등학교,346,137,209,0,26,86,124,77,33,0,9,27,48,30,23,0,17,59,76,47,10
20232,A,골목상권,3111034,오동나무공원(송파레미니스1단지),1465,1038,427,3,253,373,355,322,159,3,163,257,267,226,122,0,90,116,88,96,37
20232,A,골목상권,3111030,방이역 2번,665,419,246,1,57,107,147,217,136,0,28,68,94,128,101,1,29,39,53,89,35
20232,D,발달상권,3120225,잠실새내역(신천),5597,3589,2008,25,909,1191,1223,1162,1087,3,464,712,794,811,805,22,445,479,429,351,282
20232,A,골목상권,3111085,묘곡초등학교(고덕아이파크아파트),800,452,348,0,68,111,152,196,273,0,35,72,80,84,181,0,33,39,72,112,92
20232,A,골목상권,3111077,길동주민센터(강동도서관),1272,737,535,4,121,258,294,321,274,1,49,138,167,188,194,3,72,120,127,133,80
20232,R,전통시장,3130324,길동복조리시장,154,85,69,3,27,32,47,40,5,2,13,18,31,19,2,1,14,14,16,21,3
20232,D,발달상권,3120245,둔촌역,1884,1135,749,7,312,460,446,371,288,6,169,309,271,195,185,1,143,151,175,176,103
20232,A,골목상권,3111076,둔촌2동주민센터,297,174,123,0,25,49,61,86,76,0,14,24,34,39,63,0,11,25,27,47,13
20232,A,골목상권,3111080,굽은다리역 3번,434,235,199,0,44,77,100,110,103,0,12,52,63,58,50,0,32,25,37,52,53
20232,R,전통시장,3130320,암사종합시장,173,97,76,1,16,29,50,31,46,1,5,12,31,19,29,0,11,17,19,12,17
20232,R,전통시장,3130002,세종마을음식문화거리(금천교시장),564,392,172,4,56,109,120,121,154,0,26,74,75,90,127,4,30,35,45,31,27
20232,A,골목상권,3110037,신설동역 12번,208,124,84,0,16,46,51,61,34,0,6,20,32,41,25,0,10,26,19,20,9
20232,D,발달상권,3120014,종로5가역,4887,2839,2048,375,1123,1351,1205,597,236,112,456,860,851,397,163,263,667,491,354,200,73
20232,A,골목상권,3110029,동대문역 1번,247,68,179,0,11,34,64,82,56,0,1,8,25,21,13,0,10,26,39,61,43
20232,A,골목상권,3110021,성균관대학교,395,301,94,2,16,44,110,145,78,2,7,29,89,124,50,0,9,15,21,21,28
20232,R,전통시장,3130032,인현시장,167,123,44,0,3,25,47,54,38,0,3,16,35,40,29,0,0,9,12,14,9
20232,A,골목상권,3110056,신당역 3번,514,293,221,0,62,129,118,115,90,0,31,63,69,72,58,0,31,66,49,43,32
20232,D,발달상권,3120027,명동역(명동재미로),18097,8477,9620,67,2695,5851,6070,3074,340,9,859,2588,2522,2321,178,58,1836,3263,3548,753,162
20232,R,전통시장,3130054,황학동주방가구거리상점가,374,266,108,0,25,80,116,106,47,0,18,60,77,74,37,0,7,20,39,32,10
20232,A,골목상권,3110050,약수역 7번,306,229,77,0,34,81,75,74,42,0,21,59,60,56,33,0,13,22,15,18,9
20232,A,골목상권,3110042,남산골공원옆,683,424,259,3,91,156,195,166,72,0,37,89,131,121,46,3,54,67,64,45,26
20232,D,발달상권,3120040,용산전자상가(용산역),8008,5959,2049,43,1387,2728,2220,1237,393,30,880,2009,1728,997,315,13,507,719,492,240,78
20232,A,골목상권,3110088,오산고등학교,101,51,50,0,22,20,19,15,25,0,9,9,8,8,17,0,13,11,11,7,8
20232,A,골목상권,3110090,한국폴리텍대학서울정수캠퍼스,3968,2447,1521,1,446,1358,1632,500,31,1,173,548,1231,467,27,0,273,810,401,33,4
20232,A,골목상권,3110063,효창공원앞역 5번,530,347,183,8,47,104,139,132,100,6,25,71,93,87,65,2,22,33,46,45,35
20232,A,골목상권,3110058,성심여자고등학교,1189,857,332,10,168,333,362,206,110,3,77,243,278,166,90,7,91,90,84,40,20
20232,A,골목상권,3110087,이태원엔틱가구거리,329,113,216,0,151,130,29,10,9,0,26,52,19,8,8,0,125,78,10,2,1
20232,A,골목상권,3110067,배문고등학교,1547,895,652,1,215,370,383,320,258,0,84,173,199,225,214,1,131,197,184,95,44
20232,D,발달상권,3120047,한남오거리,2290,1458,832,11,366,751,623,343,196,9,152,461,438,249,149,2,214,290,185,94,47
20232,A,골목상권,3110098,서울독일학교,242,91,151,0,57,85,68,23,9,0,15,22,34,15,5,0,42,63,34,8,4
20232,A,골목상권,3110096,한남힐사이드아파트,502,337,165,3,155,183,85,47,29,3,89,132,63,26,24,0,66,51,22,21,5
20232,D,발달상권,3120048,금호역,76,28,48,0,16,10,18,21,11,0,2,2,6,11,7,0,14,8,12,10,4
20232,R,전통시장,3130063,신금호역 골목형상점가,30,21,9,0,2,4,5,9,10,0,1,3,4,7,6,0,1,1,1,2,4
20232,A,골목상권,3110119,마장지하차도,127,89,38,0,17,26,32,26,26,0,12,22,19,18,18,0,5,4,13,8,8
20232,A,골목상권,3110131,성수동카페거리,4798,3110,1688,15,902,1536,1123,699,523,9,460,993,777,497,374,6,442,543,346,202,149
20232,A,골목상권,3110134,성수119안전센터,771,587,184,4,65,108,185,252,157,4,38,78,143,200,124,0,27,30,42,52,33
20232,A,골목상권,3110136,경수초등학교,4745,2743,2002,43,1169,1097,978,875,583,32,439,633,615,593,431,11,730,464,363,282,152
20232,A,골목상권,3110100,옥수동우편취급국,37,26,11,0,5,17,8,5,2,0,0,14,6,4,2,0,5,3,2,1,0
20232,A,골목상권,3110118,왕십리역 9번,697,487,210,1,90,182,204,129,91,0,62,110,144,93,78,1,28,72,60,36,13
20232,D,발달상권,3120061,올림픽대교북단,1094,864,230,1,228,403,324,95,43,0,165,326,290,55,28,1,63,77,34,40,15
20232,D,발달상권,3120056,구의역,1879,884,995,6,322,352,510,413,276,6,105,129,223,246,175,0,217,223,287,167,101
20232,D,발달상권,3120059,구삼강변맛길,3277,1779,1498,6,431,676,553,747,864,4,244,472,365,322,372,2,187,204,188,425,492
20232,A,골목상권,3110149,세종대학교,122,72,50,0,15,21,31,23,32,0,8,13,19,7,25,0,7,8,12,16,7
20232,A,골목상권,3110155,광진구청,8356,7701,655,0,240,853,2408,4046,809,0,172,765,2256,3748,760,0,68,88,152,298,49
20232,A,골목상권,3110139,자양4동주민센터,204,116,88,0,13,28,53,51,59,0,3,14,32,25,42,0,10,14,21,26,17
20232,R,전통시장,3130077,조양시장,31,19,12,0,11,7,8,5,0,0,6,5,4,4,0,0,5,2,4,1,0
20232,A,골목상권,3110167,용마초등학교,380,223,157,2,22,56,99,112,89,0,9,20,52,64,78,2,13,36,47,48,11
20232,A,골목상권,3110176,해오름공원,791,439,352,1,84,212,229,173,92,1,32,119,126,91,70,0,52,93,103,82,22
20232,A,골목상권,3110204,간데메공원,411,268,143,3,83,97,82,89,57,3,57,64,46,58,40,0,26,33,36,31,17
20232,A,골목상권,3110226,장안1동주민센터,1882,1005,877,2,147,247,333,512,641,2,87,148,213,253,302,0,60,99,120,259,339
20232,A,골목상권,3110211,전곡마을마당공원,626,445,181,1,66,101,170,194,94,0,45,73,129,143,55,1,21,28,41,51,39
20232,A,골목상권,3110207,시립대앞사거리,33,21,12,0,4,10,6,5,8,0,2,8,3,3,5,0,2,2,3,2,3
20232,R,전통시장,3130086,서울약령시장,1184,651,533,4,113,208,305,341,213,0,56,128,165,181,121,4,57,80,140,160,92
20232,R,전통시장,3130087,경동광성상가(경동시장),28,20,8,0,5,3,8,7,5,0,3,2,6,5,4,0,2,1,2,2,1
20232,A,골목상권,3110198,동대문중앙새마을금고본점,67,26,41,0,1,0,18,37,11,0,0,0,8,10,8,0,1,0,10,27,3
20232,A,골목상권,3110200,동대문경찰서,74,50,24,0,1,6,21,13,33,0,0,1,11,6,32,0,1,5,10,7,1
20232,R,전통시장,3130115,우림골목시장,307,106,201,2,80,61,68,64,32,0,29,11,30,20,16,2,51,50,38,44,16
20232,A,골목상권,3110256,면목2동체육관,477,321,156,2,56,66,82,140,131,1,21,35,45,109,110,1,35,31,37,31,21
20232,A,골목상권,3110266,면목동우체국,225,182,43,0,10,31,38,79,67,0,1,19,30,69,63,0,9,12,8,10,4
20232,A,골목상권,3110236,신묵초등학교,1015,836,179,0,185,302,228,255,45,0,135,246,194,228,33,0,50,56,34,27,12
20232,A,골목상권,3110267,망우역 2번,139,49,90,1,15,28,50,28,17,1,2,10,19,13,4,0,13,18,31,15,13
20232,A,골목상권,3110234,중랑역 4번,96,41,55,0,15,16,23,25,17,0,2,5,10,14,10,0,13,11,13,11,7
20232,R,전통시장,3130121,길음시장,88,19,69,0,36,24,10,8,10,0,2,5,3,2,7,0,34,19,7,6,3
20232,A,골목상권,3110321,동덕여대,58,14,44,0,0,4,13,18,23,0,0,4,4,4,2,0,0,0,9,14,21
20232,A,골목상권,3110324,월곡역 4번,99,55,44,0,31,21,19,18,10,0,9,10,13,14,9,0,22,11,6,4,1
20232,A,골목상권,3110298,솔숲어린이공원,77,28,49,0,18,11,24,12,12,0,3,5,7,5,8,0,15,6,17,7,4
20232,A,골목상권,3110314,종암경찰서,949,699,250,1,127,271,223,286,41,0,72,206,162,231,28,1,55,65,61,55,13
20232,A,골목상권,3110365,미아역 5번,341,83,258,0,17,21,44,63,196,0,5,12,15,17,34,0,12,9,29,46,162
20232,A,골목상권,3110368,송천초등학교,199,178,21,0,9,16,39,71,64,0,5,11,34,66,62,0,4,5,5,5,2
20232,A,골목상권,3110352,수유1동주민센터,275,112,163,0,23,49,101,79,23,0,11,22,37,29,13,0,12,27,64,50,10
20232,A,골목상권,3110349,화계역 2번,83,67,16,0,6,4,21,33,19,0,5,3,12,28,19,0,1,1,9,5,0
20232,A,골목상권,3110367,강북구청,1943,976,967,5,195,512,483,522,226,4,64,205,237,340,126,1,131,307,246,182,100
20232,A,골목상권,3110339,국립4.19민주묘지,11,6,5,0,2,2,5,0,2,0,0,2,3,0,1,0,2,0,2,0,1
20232,A,골목상권,3110346,4.19민주묘지역 2번,96,48,48,0,12,13,19,19,33,0,3,7,8,7,23,0,9,6,11,12,10
20232,A,골목상권,3110395,신한은행 방학동지점,163,42,121,0,17,20,44,42,40,0,0,2,11,9,20,0,17,18,33,33,20
20232,A,골목상권,3110403,방학1동주민센터,316,167,149,1,44,56,63,78,74,1,30,37,36,36,27,0,14,19,27,42,47
20232,A,골목상권,3110393,국민은행방학지점,49,13,36,0,2,10,17,15,5,0,0,0,4,6,3,0,2,10,13,9,2
20232,A,골목상권,3110398,쌍문2동우체국,474,326,148,0,30,65,96,153,130,0,11,27,50,124,114,0,19,38,46,29,16
20232,R,전통시장,3130150,창동골목시장,84,47,37,0,19,30,14,8,13,0,7,20,9,5,6,0,12,10,5,3,7
20232,A,골목상권,3110401,도봉구민회관,243,65,178,0,29,32,38,87,57,0,4,14,14,22,11,0,25,18,24,65,46
20232,D,발달상권,3120084,공릉역,712,546,166,3,33,59,110,240,267,1,11,22,63,205,244,2,22,37,47,35,23
20232,A,골목상권,3110419,수락산디자인거리,695,462,233,5,94,131,159,180,126,5,49,76,108,130,94,0,45,55,51,50,32
20232,A,골목상권,3110425,계상초등학교,136,59,77,2,18,12,36,40,28,2,5,7,19,15,11,0,13,5,17,25,17
20232,A,골목상권,3110421,석계역 1번,249,109,140,0,22,37,78,65,47,0,8,16,31,26,28,0,14,21,47,39,19
20232,R,전통시장,3130167,연신내상점가(연빛거리),632,234,398,1,143,140,156,118,74,1,30,48,57,51,47,0,113,92,99,67,27
20232,D,발달상권,3120088,구산역,799,279,520,2,86,117,175,272,147,2,30,65,68,59,55,0,56,52,107,213,92
20232,A,골목상권,3110473,구산역 1번,436,241,195,0,34,59,113,107,123,0,24,27,53,49,88,0,10,32,60,58,35
20232,A,골목상권,3110487,불광역 8번,63,35,28,0,11,22,15,8,7,0,6,11,7,8,3,0,5,11,8,0,4
20232,A,골목상권,3110480,연신내역 3번,161,51,110,0,16,35,52,35,23,0,3,9,17,12,10,0,13,26,35,23,13
20232,A,골목상권,3110474,세명컴퓨터고등학교,119,55,64,0,7,33,28,23,28,0,2,14,11,8,20,0,5,19,17,15,8
20232,A,골목상권,3110475,백련산해모로아파트,245,127,118,1,23,44,76,70,31,1,10,24,44,29,19,0,13,20,32,41,12
20232,A,골목상권,3110482,연신초등학교,11,7,4,0,0,0,4,6,1,0,0,0,3,3,1,0,0,0,1,3,0
20232,A,골목상권,3110455,역촌노인복지관,690,369,321,2,73,120,187,203,105,0,37,64,89,109,70,2,36,56,98,94,35
20232,A,골목상권,3110470,신진과학기술고등학교,93,65,28,0,7,17,34,25,10,0,5,10,26,19,5,0,2,7,8,6,5
20232,D,발달상권,3120089,구파발역,5,1,4,0,0,0,1,2,2,0,0,0,0,1,0,0,0,0,1,1,2
20232,R,전통시장,3130173,백련시장,5,3,2,0,0,1,0,2,2,0,0,1,0,0,2,0,0,0,0,2,0
20232,D,발달상권,3120096,"이화여대(이대역, 이대)",493,210,283,1,81,137,130,86,58,0,27,52,48,43,40,1,54,85,82,43,18
20232,A,골목상권,3110532,아현역 2번,328,204,124,0,52,33,46,78,119,0,17,13,22,57,95,0,35,20,24,21,24
20232,R,전통시장,3130178,이대 앞 스타트업 상점가,30,6,24,0,5,5,8,6,6,0,1,0,3,0,2,0,4,5,5,6,4
20232,A,골목상권,3110517,서대문소방서,884,634,250,8,197,216,203,177,83,5,99,170,163,146,51,3,98,46,40,31,32
20232,A,골목상권,3110512,연희지하차도,335,165,170,0,40,62,102,99,32,0,14,38,44,49,20,0,26,24,58,50,12
20232,A,골목상권,3110536,돈의문센트레빌아파트입구,141,105,36,0,12,23,61,32,13,0,7,17,50,21,10,0,5,6,11,11,3
20232,A,골목상권,3110534,경기대학교,157,88,69,0,10,29,28,42,48,0,7,20,14,19,28,0,3,9,14,23,20
20232,A,골목상권,3110516,정원여중,227,101,126,0,35,40,62,65,25,0,17,18,27,23,16,0,18,22,35,42,9
20232,A,골목상권,3110527,홍제역 2번,185,89,96,1,36,40,36,40,32,1,11,26,15,21,15,0,25,14,21,19,17
20232,A,골목상권,3110572,서강대역 1번,470,254,216,1,63,130,117,116,43,1,32,67,58,66,30,0,31,63,59,50,13
20232,A,골목상권,3110575,대흥동주민센터,208,157,51,2,25,48,36,49,48,2,11,35,25,41,43,0,14,13,11,8,5
20232,D,발달상권,3120100,망원역,846,397,449,4,199,227,191,137,88,2,52,99,101,94,49,2,147,128,90,43,39
20232,R,전통시장,3130185,망원월드컵시장,190,123,67,1,26,69,53,25,16,1,14,43,35,16,14,0,12,26,18,9,2
20232,A,골목상권,3110547,KB국민은행 망원동지점,284,168,116,0,13,47,93,76,55,0,4,25,55,45,39,0,9,22,38,31,16
20232,R,전통시장,3130183,상암동상점가,816,607,209,1,89,204,283,187,52,0,49,150,227,143,38,1,40,54,56,44,14
20232,A,골목상권,3110569,홍대땡땡거리,358,153,205,2,62,108,97,53,36,1,18,48,46,19,21,1,44,60,51,34,15
20232,A,골목상권,3110554,망원역 1번,1579,777,802,2,213,371,508,350,135,2,105,188,241,156,85,0,108,183,267,194,50
20232,A,골목상권,3110551,성서초등학교,803,387,416,1,110,164,235,172,121,1,42,90,114,81,59,0,68,74,121,91,62
20232,R,전통시장,3130198,아현시장,203,45,158,1,51,84,52,10,5,0,8,5,26,4,2,1,43,79,26,6,3
20232,A,골목상권,3110550,합정역 8번,1578,740,838,1,240,411,414,333,179,0,84,165,221,171,99,1,156,246,193,162,80
20232,A,골목상권,3110546,양화대교북단,732,436,296,3,189,254,157,76,53,3,81,126,120,62,44,0,108,128,37,14,9
20232,D,발달상권,3120114,목동신시가지,13498,9371,4127,46,2070,3798,3444,2895,1245,29,1126,2619,2554,2204,839,17,944,1179,890,691,406
20232,A,골목상권,3110619,목4동주민센터,311,203,108,1,51,87,89,64,19,1,16,52,58,57,19,0,35,35,31,7,0
20232,A,골목상권,3110607,금빛새마을금고본점,47,29,18,0,1,10,11,14,11,0,1,4,5,10,9,0,0,6,6,4,2
20232,A,골목상권,3110608,신월2동주민센터,875,454,421,1,51,116,229,273,205,1,23,69,117,127,117,0,28,47,112,146,88
20232,A,골목상권,3110647,화곡역 5번,899,461,438,2,117,230,224,230,96,1,44,138,111,116,51,1,73,92,113,114,45
20232,A,골목상권,3110594,신월중학교,357,182,175,0,35,116,89,85,32,0,10,41,50,52,29,0,25,75,39,33,3
20232,R,전통시장,3130205,신곡종합시장(신월6동 골목시장),141,103,38,1,17,36,39,32,16,0,10,27,33,18,15,1,7,9,6,14,1
20232,A,골목상권,3110602,신월시영아파트중문,674,584,90,1,8,23,81,250,311,0,4,14,55,218,293,1,4,9,26,32,18
20232,A,골목상권,3110600,신월7동주민센터,350,263,87,0,32,30,66,101,121,0,17,14,38,79,115,0,15,16,28,22,6
20232,A,골목상권,3110610,계남근린공원,126,85,41,0,5,11,41,44,25,0,3,6,28,35,13,0,2,5,13,9,12
20232,A,골목상권,3110616,양목초등학교,161,103,58,0,3,23,19,40,76,0,2,18,14,32,37,0,1,5,5,8,39
20232,A,골목상권,3110611,신정역 1번,289,192,97,2,34,57,88,74,34,2,20,42,52,46,30,0,14,15,36,28,4
20232,A,골목상권,3110635,공항시장역 3번,1451,391,1060,4,64,82,162,479,660,1,43,58,63,33,193,3,21,24,99,446,467
20232,D,발달상권,3120122,강서구청,2179,1231,948,4,314,461,494,447,459,2,103,228,271,262,365,2,211,233,223,185,94
20232,A,골목상권,3110638,신방화역 2번,372,202,170,3,53,75,88,87,66,3,22,40,44,43,50,0,31,35,44,44,16
20232,A,골목상권,3110650,우장산힐스테이트,143,116,27,0,23,30,51,20,19,0,15,25,42,17,17,0,8,5,9,3,2
20232,A,골목상권,3110702,개봉초등학교,131,93,38,1,15,18,33,34,30,1,10,13,23,24,22,0,5,5,10,10,8
20232,R,전통시장,3130227,고척골목시장상점가(그라운드 고척),33,14,19,0,4,6,10,8,5,0,0,1,5,5,3,0,4,5,5,3,2
20232,A,골목상권,3110699,덕의초등학교,136,79,57,0,14,22,29,43,28,0,7,14,13,24,21,0,7,8,16,19,7
20232,D,발달상권,3120129,구로디지털단지,48873,32033,16840,196,10422,16630,12386,5777,3462,127,5285,11083,8771,3995,2772,69,5137,5547,3615,1782,690
20232,A,골목상권,3110712,남구로역 5번,233,108,125,1,32,36,66,64,34,0,10,17,24,32,25,1,22,19,42,32,9
20232,A,골목상권,3110720,대림역 2번,228,87,141,0,27,50,65,49,37,0,11,14,18,17,27,0,16,36,47,32,10
20232,R,전통시장,3130231,독산동 우시장,611,476,135,2,31,74,126,196,182,0,16,55,97,145,163,2,15,19,29,51,19
20232,D,발달상권,3120134,구로전화국,2014,1668,346,0,107,157,172,223,1355,0,44,75,96,153,1300,0,63,82,76,70,55
20232,A,골목상권,3110755,동일여자고등학교,193,51,142,0,10,24,45,70,44,0,3,8,17,11,12,0,7,16,28,59,32
20232,D,발달상권,3120143,당산역,2671,1987,684,9,326,516,558,517,745,2,194,394,403,386,608,7,132,122,155,131,137
20232,A,골목상권,3110778,구로디지털단지역 4번,1596,862,734,0,248,459,484,224,181,0,122,281,192,136,131,0,126,178,292,88,50
20232,A,골목상권,3110771,대림역 11번,955,604,351,0,22,38,128,210,557,0,21,30,73,131,349,0,1,8,55,79,208
20232,D,발달상권,3120139,대림3동사거리,3619,2404,1215,14,423,867,992,727,596,5,220,632,783,462,302,9,203,235,209,265,294
20232,A,골목상권,3110768,도림2동유수지내체육시설,294,155,139,0,20,43,63,73,95,0,7,22,32,41,53,0,13,21,31,32,42
20232,A,골목상권,3110759,문래예술촌(문래창작촌),4221,2168,2053,9,521,838,1001,1281,571,5,266,553,595,462,287,4,255,285,406,819,284
20232,D,발달상권,3120152,신대방삼거리역,578,278,300,1,66,127,150,148,86,1,22,63,80,70,42,0,44,64,70,78,44
20232,A,골목상권,3110818,신대방역 3번,20,9,11,0,1,3,7,7,2,0,1,3,2,1,2,0,0,0,5,6,0
20232,A,골목상권,3110856,미성초등학교,538,295,243,3,58,85,170,150,72,1,28,44,99,71,52,2,30,41,71,79,20
20232,A,골목상권,3110874,원신초등학교(구세군관악영문교회),46,15,31,1,4,19,7,12,3,1,1,3,3,6,1,0,3,16,4,6,2
20232,A,골목상권,3110879,신림현대아파트,17,7,10,0,2,3,5,5,2,0,1,2,2,2,0,0,1,1,3,3,2
20232,A,골목상권,3110885,영락고등학교,339,213,126,0,37,58,94,88,62,0,18,33,61,56,45,0,19,25,33,32,17
20232,D,발달상권,3120157,신림역(신림),637,257,380,1,96,116,146,139,139,0,19,40,82,49,67,1,77,76,64,90,72
20232,A,골목상권,3110858,신대방역 1번,66,33,33,0,5,9,17,7,28,0,0,1,6,2,24,0,5,8,11,5,4
20232,A,골목상권,3110872,신림초등학교,279,196,83,3,54,68,69,54,31,3,36,54,54,42,7,0,18,14,15,12,24
20232,A,골목상권,3110855,신대방역 2번,429,275,154,2,53,111,126,90,47,0,22,81,83,55,34,2,31,30,43,35,13
20232,R,전통시장,3130276,신림중앙시장(조원동 펭귄시장),39,27,12,0,1,2,13,11,12,0,0,2,7,9,9,0,1,0,6,2,3
20232,A,골목상권,3110947,청계산입구역 2번(내곡동주민센터),112,45,67,0,18,17,27,18,32,0,8,9,14,7,7,0,10,8,13,11,25
20232,D,발달상권,3120177,신논현역 1번,694,436,258,1,84,187,202,143,77,0,34,111,130,106,55,1,50,76,72,37,22
20232,D,발달상권,3120187,신논현역,13076,7778,5298,64,3624,3962,2984,1673,769,27,1516,2302,2121,1247,565,37,2108,1660,863,426,204
20232,A,골목상권,3110913,방현초등학교(방배119안전센터),3293,2109,1184,7,571,1263,876,376,200,4,272,822,625,237,149,3,299,441,251,139,51
20232,A,골목상권,3110934,우면주공아파트,994,674,320,6,197,291,253,161,86,5,83,217,195,110,64,1,114,74,58,51,22
20232,A,골목상권,3110937,방아다리근린공원(횃불트리니티신학대학원대학교),2465,1270,1195,7,634,861,542,318,103,6,246,507,335,113,63,1,388,354,207,205,40
20232,D,발달상권,3120183,양재천카페거리,3558,2626,932,12,586,972,848,551,589,10,364,717,638,413,484,2,222,255,210,138,105
20232,D,발달상권,3120205,매봉역,13950,9370,4580,95,2838,4203,3126,1781,1907,44,1450,2959,2521,1302,1094,51,1388,1244,605,479,813
20232,D,발달상권,3120194,언주역(차병원),12628,8724,3904,37,2790,4202,2802,1923,874,14,1366,2863,2239,1588,654,23,1424,1339,563,335,220
20232,A,골목상권,3110955,논현초등학교,3430,2238,1192,19,719,823,793,625,451,13,417,568,554,389,297,6,302,255,239,236,154
20232,R,전통시장,3130303,영동전통시장,242,95,147,0,21,60,67,58,36,0,7,19,22,24,23,0,14,41,45,34,13
20232,D,발달상권,3120215,포스코사거리,61667,40706,20961,170,9756,22506,18178,8408,2649,29,4305,14324,13853,6409,1786,141,5451,8182,4325,1999,863
20232,A,골목상권,3110992,도곡초등학교,2179,1144,1035,3,269,440,484,524,459,1,108,253,258,260,264,2,161,187,226,264,195
20232,A,골목상권,3110991,삼성중앙역 5번,1246,794,452,1,111,415,339,275,105,1,28,243,229,216,77,0,83,172,110,59,28
20232,A,골목상권,3111000,대왕초등학교(세곡동사거리서남측),39,20,19,0,7,10,12,8,2,0,0,4,10,4,2,0,7,6,2,4,0
20232,A,골목상권,3110999,윗방죽마을공원,268,130,138,2,19,43,44,83,77,1,12,27,27,39,24,1,7,16,17,44,53
20232,R,전통시장,3130302,강남시장(강남구 강남시장),58,33,25,0,13,15,14,8,8,0,7,10,9,2,5,0,6,5,5,6,3
20232,A,골목상권,3110963,역삼월드메르디앙아파트,779,545,234,1,126,183,226,154,89,0,79,144,171,97,54,1,47,39,55,57,35
20232,A,골목상권,3110967,역삼역 8번,377,228,149,0,63,92,89,92,41,0,31,51,60,56,30,0,32,41,29,36,11
20232,A,골목상권,3110972,강남세브란스병원미래의학연구센터,2628,1440,1188,17,539,669,692,581,130,4,240,428,438,258,72,13,299,241,254,323,58
20232,A,골목상권,3110969,베르사이유1아파트,1546,1230,316,4,231,442,483,285,101,2,165,345,402,239,77,2,66,97,81,46,24
20232,R,전통시장,3130307,도곡시장,17,9,8,0,0,3,4,7,3,0,0,2,1,4,2,0,0,1,3,3,1
20232,A,골목상권,3110990,청담역 12번,262,109,153,2,61,92,56,36,15,0,12,32,29,23,13,2,49,60,27,13,2
20232,A,골목상권,3110985,청담근린공원,1338,948,390,0,193,447,374,226,98,0,98,346,275,157,72,0,95,101,99,69,26
20232,R,전통시장,3130308,청담삼익시장,48,30,18,0,5,11,13,7,12,0,3,6,8,4,9,0,2,5,5,3,3
20232,D,발달상권,3120231,가락시장,5698,4083,1615,0,368,1051,1564,1654,1061,0,264,836,1185,1098,700,0,104,215,379,556,361
20232,D,발달상권,3120240,개롱역,1609,1102,507,7,212,314,404,431,241,5,125,230,269,295,178,2,87,84,135,136,63
20232,A,골목상권,3111021,방이역 4번,7683,5874,1809,22,793,1329,1979,2137,1423,15,391,912,1552,1769,1235,7,402,417,427,368,188
20232,A,골목상권,3111008,석촌고분역 3번,1551,1177,374,1,182,286,280,382,420,1,148,237,208,248,335,0,34,49,72,134,85
20232,A,골목상권,3111015,석촌역 3번,1352,778,574,1,151,315,350,351,184,1,72,199,216,181,109,0,79,116,134,170,75
20232,A,골목상권,3111016,송파역 2번,3803,1601,2202,15,1126,1104,801,601,156,8,407,533,427,165,61,7,719,571,374,436,95
20232,A,골목상권,3111038,보인중학교,416,270,146,0,26,66,113,123,88,0,11,38,85,88,48,0,15,28,28,35,40
20232,A,골목상권,3111011,잠실나루역,9608,7747,1861,42,1275,3018,2795,2046,432,18,924,2492,2309,1674,330,24,351,526,486,372,102
20232,A,골목상권,3111003,삼전역 4번,1996,1337,659,6,249,412,549,437,343,1,160,278,332,308,258,5,89,134,217,129,85
20232,R,전통시장,3130311,새마을시장,377,246,131,1,60,78,104,75,59,0,28,48,80,55,35,1,32,30,24,20,24
20232,R,전통시장,3130326,고덕 골목형상점가,935,850,85,0,8,37,165,395,330,0,4,31,147,360,308,0,4,6,18,35,22
20232,A,골목상권,3111088,고덕동성당,123,54,69,0,15,32,32,31,13,0,4,15,10,15,10,0,11,17,22,16,3
20232,A,골목상권,3111071,천동초등학교,76,52,24,0,4,15,21,25,11,0,4,6,18,16,8,0,0,9,3,9,3
20232,A,골목상권,3111079,둔촌고등학교(둔촌중학교),377,197,180,1,43,58,60,76,139,1,28,34,33,28,73,0,15,24,27,48,66
20232,A,골목상권,3111050,강동구청(강동구청역 2번),131,96,35,0,21,14,21,32,43,0,12,5,12,27,40,0,9,9,9,5,3
20232,D,발달상권,3120243,천호역,1395,637,758,6,189,265,331,296,308,2,64,109,143,126,193,4,125,156,188,170,115
20232,A,골목상권,3111062,둔촌동역 3번(성내3동주민센터),751,501,250,5,134,198,194,144,76,5,81,139,126,91,59,0,53,59,68,53,17
20232,A,골목상권,3111066,암사동성당(효정하나플러스아파트),417,255,162,3,46,103,101,113,51,0,14,53,66,91,31,3,32,50,35,22,20
20232,A,골목상권,3111052,암사역 3번(천호동자전거거리),357,228,129,1,26,71,117,94,48,1,11,47,76,58,35,0,15,24,41,36,13
20232,A,골목상권,3111069,천호1동주민센터,79,54,25,0,8,17,17,26,11,0,4,12,14,14,10,0,4,5,3,12,1
20232,A,골목상권,3111048,천호역 1번(천호문구완구거리),183,101,82,3,18,52,44,42,24,2,10,24,26,23,16,1,8,28,18,19,8
20232,A,골목상권,3110003,세검정초등학교,607,337,270,7,78,120,167,167,68,6,35,45,103,96,52,1,43,75,64,71,16
20232,R,전통시장,3130020,동묘시장(동묘벼룩시장),407,177,230,5,154,93,73,58,24,5,43,31,45,32,21,0,111,62,28,26,3
20232,R,전통시장,3130005,세운상가가동,133,93,40,0,7,34,35,21,36,0,5,23,28,8,29,0,2,11,7,13,7
20232,D,발달상권,3120004,종로구청,12937,7078,5859,9,1442,4392,4485,2080,529,4,432,2050,2756,1493,343,5,1010,2342,1729,587,186
20232,R,전통시장,3130004,낙원시장(낙원지하시장(대일상가)),364,258,106,0,29,70,99,78,88,0,14,51,68,57,68,0,15,19,31,21,20
20232,R,전통시장,3130010,종로신진시장,200,113,87,0,20,29,55,48,48,0,14,17,24,26,32,0,6,12,31,22,16
20232,A,골목상권,3110032,수족관거리,30,15,15,0,3,5,4,13,5,0,2,1,2,7,3,0,1,4,2,6,2
20232,U,관광특구,3001493,동대문패션타운 관광특구,5916,2900,3016,36,1415,1672,1133,1020,640,13,536,733,643,584,391,23,879,939,490,436,249
20232,A,골목상권,3110049,장충단 고개,2303,1240,1063,4,566,582,448,431,272,2,174,314,281,257,212,2,392,268,167,174,60
20232,D,발달상권,3120039,신당역,2348,1249,1099,31,795,488,410,342,282,11,348,245,228,226,191,20,447,243,182,116,91
20232,A,골목상권,3110041,남산케이블카,967,435,532,2,118,152,175,254,266,2,51,69,83,87,143,0,67,83,92,167,123
20232,R,전통시장,3130052,서울중앙시장(신중앙시장),479,342,137,0,106,156,101,61,55,0,80,110,57,45,50,0,26,46,44,16,5
20232,D,발달상권,3120036,장충동족발거리(남소영길),2289,1090,1199,14,616,783,556,223,97,0,122,393,365,155,55,14,494,390,191,68,42
20214,A,골목상권,3110103,옥수터널,13,11,2,1,0,2,2,6,2,0,0,2,2,5,2,1,0,0,0,1,0
20232,A,골목상권,3110054,청구역 3번,1542,854,688,3,259,378,315,340,247,1,90,204,220,215,124,2,169,174,95,125,123
20232,R,전통시장,3130056,용산용문시장,65,34,31,0,7,15,18,10,15,0,4,6,7,6,11,0,3,9,11,4,4
20232,A,골목상권,3110080,해방촌예술마을,311,168,143,0,53,71,88,58,41,0,18,40,52,31,27,0,35,31,36,27,14
20232,A,골목상권,3110065,남정초등학교,137,92,45,0,17,45,48,17,10,0,9,37,31,10,5,0,8,8,17,7,5
20232,A,골목상권,3110579,마포역 4번,750,563,187,2,54,162,247,219,66,1,37,124,188,165,48,1,17,38,59,54,18
20232,D,발달상권,3120046,이태원(이태원역),2285,1299,986,24,818,684,339,224,196,15,389,422,205,137,131,9,429,262,134,87,65
20232,D,발달상권,3120044,삼각지역,1905,1415,490,5,357,534,461,374,174,5,220,403,384,278,125,0,137,131,77,96,49
20232,A,골목상권,3110123,마장역 3번,511,382,129,0,42,56,91,185,137,0,21,36,63,141,121,0,21,20,28,44,16
20232,A,골목상권,3110121,한양대역 4번,45,30,15,0,3,10,8,11,13,0,2,5,5,7,11,0,1,5,3,4,2
20232,A,골목상권,3110127,성수1가1동주민센터,290,157,133,0,31,55,56,100,48,0,11,40,31,47,28,0,20,15,25,53,20
20232,D,발달상권,3120051,뚝섬역,3944,2582,1362,20,703,946,867,651,757,15,446,646,549,445,481,5,257,300,318,206,276
20232,R,전통시장,3130071,성수역 골목형상점가,335,180,155,1,61,89,70,43,71,0,27,43,43,29,38,1,34,46,27,14,33
20232,A,골목상권,3110114,왕십리파출소,33,19,14,0,3,2,8,14,6,0,1,1,4,8,5,0,2,1,4,6,1
20232,A,골목상권,3110174,아차산역 1번,432,305,127,1,49,80,115,104,83,1,25,57,76,69,77,0,24,23,39,35,6
20232,A,골목상권,3110140,건대입구역 6번,429,268,161,6,37,67,113,120,86,5,17,34,65,83,64,1,20,33,48,37,22
20232,A,골목상권,3110152,중곡어린이공원,340,300,40,0,17,29,64,121,109,0,10,21,55,109,105,0,7,8,9,12,4
20232,A,골목상권,3110161,중곡역 3번,236,135,101,3,11,33,58,65,66,0,2,16,37,40,40,3,9,17,21,25,26
20232,R,전통시장,3130084,신성시장(신성골목시장),21,6,15,0,3,5,8,4,1,0,0,1,2,2,1,0,3,4,6,2,0
20232,A,골목상권,3110141,건대입구역 1번,213,138,75,1,23,49,67,48,25,1,11,27,51,32,16,0,12,22,16,16,9
20232,A,골목상권,3110144,어린이대공원역 4번,104,49,55,0,35,17,21,19,12,0,9,10,11,10,9,0,26,7,10,9,3
20232,R,전통시장,3130097,답십리 건축자재시장,291,188,103,1,16,42,42,36,154,0,7,34,23,19,105,1,9,8,19,17,49
20232,A,골목상권,3110209,답십리 장령당공원,83,52,31,0,3,11,28,19,22,0,1,5,16,15,15,0,2,6,12,4,7
20232,R,전통시장,3130101,답십리현대시장,8,5,3,0,0,1,3,2,2,0,0,1,1,2,1,0,0,0,2,0,1
20232,A,골목상권,3110186,종암초등학교,114,86,28,0,9,21,16,34,34,0,3,18,10,26,29,0,6,3,6,8,5
20232,A,골목상권,3110221,의릉,95,69,26,0,10,12,36,29,8,0,6,10,24,22,7,0,4,2,12,7,1
20232,A,골목상권,3110202,전농1동주민센터(전농시장),111,68,43,0,14,35,31,20,11,0,9,19,21,14,5,0,5,16,10,6,6
20232,A,골목상권,3110206,텃골근린공원,92,37,55,0,8,14,25,24,21,0,4,7,8,8,10,0,4,7,17,16,11
20232,R,전통시장,3130094,청량리청과물시장,54,24,30,0,7,13,17,7,10,0,0,4,10,2,8,0,7,9,7,5,2
20232,R,전통시장,3130095,청량리전통시장,95,38,57,0,6,16,18,33,22,0,4,6,9,10,9,0,2,10,9,23,13
20232,A,골목상권,3110199,홍릉시장,65,41,24,0,11,15,18,14,7,0,8,8,10,9,6,0,3,7,8,5,1
20232,A,골목상권,3110219,삼육보건대학교,251,146,105,0,18,42,70,81,40,0,11,20,32,52,31,0,7,22,38,29,9
20232,A,골목상권,3110268,망우3동주민센터,60,30,30,0,10,13,10,18,9,0,1,5,7,10,7,0,9,8,3,8,2
20232,R,전통시장,3130114,유영시장,31,20,11,0,9,5,3,8,6,0,7,2,2,5,4,0,2,3,1,3,2
20232,A,골목상권,3110237,메가박스 상봉,274,152,122,0,30,67,97,54,26,0,13,37,48,36,18,0,17,30,49,18,8
20232,A,골목상권,3110258,면동초등학교,260,99,161,0,32,49,79,66,34,0,1,20,28,34,16,0,31,29,51,32,18
20232,A,골목상권,3110254,오거리공원,259,90,169,1,19,75,79,53,32,0,6,15,35,22,12,1,13,60,44,31,20
20232,A,골목상권,3110264,면목역 2번,358,170,188,1,52,75,93,80,57,0,21,40,40,37,32,1,31,35,53,43,25
20232,A,골목상권,3110248,먹골파출소,85,47,38,1,19,23,20,12,10,0,7,14,12,4,10,1,12,9,8,8,0
20232,A,골목상권,3110279,신내역 2번,9,8,1,0,0,1,4,4,0,0,0,1,3,4,0,0,0,0,1,0,0
20232,A,골목상권,3110245,KB국민은행 중화동지점,156,81,75,0,8,36,52,40,20,0,5,16,26,19,15,0,3,20,26,21,5
20232,R,전통시장,3130108,태능엔터피아(태릉시장),3,1,2,0,0,0,1,2,0,0,0,0,0,1,0,0,0,0,1,1,0
20232,A,골목상권,3110308,길음역 8번,174,85,89,0,17,36,56,41,24,0,8,17,26,20,14,0,9,19,30,21,10
20232,D,발달상권,3120073,미아사거리,353,135,218,3,40,67,95,95,53,2,16,29,45,23,20,1,24,38,50,72,33
20232,A,골목상권,3110300,삼선동주민센터,2735,1587,1148,3,248,710,769,844,161,2,97,300,444,629,115,1,151,410,325,215,46
20232,D,발달상권,3120072,성신여대,1048,537,511,18,137,211,213,271,198,11,46,86,103,152,139,7,91,125,110,119,59
20232,A,골목상권,3110301,성신여대입구역 7번,484,209,275,1,73,84,96,134,96,0,31,37,39,62,40,1,42,47,57,72,56
20232,R,전통시장,3130120,돈암시장(돈암제일시장),99,23,76,1,20,20,25,18,15,0,0,2,7,8,6,1,20,18,18,10,9
20232,A,골목상권,3110328,상월곡역 3번,235,157,78,1,38,75,62,37,22,1,26,58,33,24,15,0,12,17,29,13,7
20232,R,전통시장,3130126,새석관시장,13,8,5,0,1,4,2,5,1,0,0,3,1,3,1,0,1,1,1,2,0
20232,R,전통시장,3130128,돌곶이시장(석관황금시장),191,157,34,0,30,36,41,72,12,0,28,26,29,62,12,0,2,10,12,10,0
20232,A,골목상권,3110323,상월곡역 1번,109,30,79,2,25,24,28,18,12,0,4,5,11,5,5,2,21,19,17,13,7
20232,A,골목상권,3110325,장곡초등학교,57,18,39,0,0,14,20,17,6,0,0,3,7,4,4,0,0,11,13,13,2
20232,A,골목상권,3110329,우리은행체육관,34,27,7,1,1,5,6,14,7,1,0,5,5,10,6,0,1,0,1,4,1
20232,A,골목상권,3110418,광운대학교 남단,100,45,55,0,11,17,23,26,23,0,5,5,13,16,6,0,6,12,10,10,17
20232,A,골목상권,3110292,정릉역 2번,33,14,19,0,1,5,16,6,5,0,1,3,5,3,2,0,0,2,11,3,3
20232,A,골목상권,3110289,북한산보국문역 2번,144,105,39,0,9,28,49,32,26,0,6,23,30,24,22,0,3,5,19,8,4
20232,A,골목상권,3110320,KB국민은행 종암동지점,79,51,28,0,2,11,27,24,15,0,1,5,15,17,13,0,1,6,12,7,2
20232,A,골목상권,3110369,성신여대운정그린캠퍼스,518,214,304,1,49,46,131,131,160,1,10,16,44,53,90,0,39,30,87,78,70
20232,A,골목상권,3110376,수송초등학교,224,142,82,0,26,47,62,60,29,0,12,29,38,41,22,0,14,18,24,19,7
20232,R,전통시장,3130143,방천골목시장,65,36,29,0,11,7,19,24,4,0,6,5,9,13,3,0,5,2,10,11,1
20232,R,전통시장,3130140,숭인시장,62,27,35,0,9,13,10,15,15,0,0,4,1,9,13,0,9,9,9,6,2
20232,A,골목상권,3110362,우이천 계성교,205,110,95,1,24,34,61,63,22,0,11,19,28,35,17,1,13,15,33,28,5
20232,A,골목상권,3110356,덕수교,228,114,114,0,13,34,55,60,66,0,4,17,22,30,41,0,9,17,33,30,25
20232,R,전통시장,3130139,강북종합전통시장(강북종합골목시장),166,114,52,0,16,45,61,28,16,0,11,33,42,19,9,0,5,12,19,9,7
20232,A,골목상권,3110343,무너미어린이공원,100,74,26,0,7,21,28,32,12,0,4,14,22,25,9,0,3,7,6,7,3
20232,A,골목상권,3110351,수유북부시장옆,214,93,121,0,27,45,51,59,32,0,9,17,20,25,22,0,18,28,31,34,10
20232,A,골목상권,3110413,누원고등학교,54,33,21,0,8,11,12,11,12,0,5,8,5,5,10,0,3,3,7,6,2
20232,A,골목상권,3110382,솔밭공원역 1번,32,25,7,0,1,9,8,7,7,0,0,5,6,7,7,0,1,4,2,0,0
20232,R,전통시장,3130149,창동신창시장,116,51,65,0,5,24,35,31,21,0,2,10,17,10,12,0,3,14,18,21,9
20232,R,전통시장,3130159,공릉동 도깨비시장,101,47,54,0,12,22,24,26,17,0,4,8,9,15,11,0,8,14,15,11,6
20232,A,골목상권,3110422,노원역 9번,277,221,56,0,27,70,94,54,32,0,24,59,79,37,22,0,3,11,15,17,10
20232,D,발달상권,3120082,상계백병원,389,127,262,0,81,95,109,69,35,0,19,18,34,38,18,0,62,77,75,31,17
20232,A,골목상권,3110417,월계역 3번,19,10,9,0,10,6,0,3,0,0,3,5,0,2,0,0,7,1,0,1,0
20232,D,발달상권,3120083,등나무근린공원,1184,787,397,0,166,325,271,283,139,0,114,228,171,179,95,0,52,97,100,104,44
20232,R,전통시장,3130155,시영B상가(중계 그린아파트 B 상가),3,2,1,0,0,1,0,2,0,0,0,1,0,1,0,0,0,0,0,1,0
20232,A,골목상권,3110430,중계초등학교,275,100,175,0,18,28,58,96,75,0,8,7,19,25,41,0,10,21,39,71,34
20232,A,골목상권,3110441,영신여고,138,72,66,0,12,28,33,41,24,0,7,20,15,21,9,0,5,8,18,20,15
20232,R,전통시장,3130169,대조시장,67,31,36,0,5,11,21,23,7,0,1,3,11,11,5,0,4,8,10,12,2
20232,A,골목상권,3110427,노원 을지대학교병원,363,281,82,0,27,27,62,126,121,0,12,14,31,109,115,0,15,13,31,17,6
20232,A,골목상권,3110477,은평세무서,434,205,229,0,43,62,106,141,82,0,15,23,49,71,47,0,28,39,57,70,35
20232,A,골목상권,3110476,역촌역 2번,56,26,30,0,2,8,22,17,7,0,1,3,9,7,6,0,1,5,13,10,1
20232,R,전통시장,3130171,불광먹자골목 골목형상점가,155,54,101,0,18,31,24,37,45,0,4,9,11,16,14,0,14,22,13,21,31
20232,R,전통시장,3130160,수일시장,7,2,5,0,0,2,1,2,2,0,0,0,0,1,1,0,0,2,1,1,1
20232,A,골목상권,3110499,연가초등학교,263,119,144,0,42,42,74,65,40,0,8,20,31,35,25,0,34,22,43,30,15
20232,A,골목상권,3110503,명지대학교교회,230,123,107,0,27,52,59,64,28,0,9,30,26,36,22,0,18,22,33,28,6
20232,A,골목상권,3110533,충정로역 7번,22,11,11,0,5,5,3,5,4,0,0,2,2,4,3,0,5,3,1,1,1
20232,A,골목상권,3110537,충정로현대아파트,1514,848,666,1,362,525,328,177,121,0,150,263,215,134,86,1,212,262,113,43,35
20232,A,골목상권,3110522,홍제역 3번,46,12,34,0,14,7,12,6,7,0,2,2,2,2,4,0,12,5,10,4,3
20232,R,전통시장,3130196,공덕시장,3948,2001,1947,52,1323,1296,891,287,99,28,467,646,599,181,80,24,856,650,292,106,19
20232,A,골목상권,3110541,동교초등학교,377,221,156,0,43,59,101,96,78,0,23,37,63,50,48,0,20,22,38,46,30
20232,R,전통시장,3130190,홍대소상공인상점가,150,77,73,1,55,35,30,18,11,0,18,22,18,10,9,1,37,13,12,8,2
20232,D,발달상권,3120102,서교동(홍대),7276,3402,3874,18,1521,2551,1814,899,473,11,496,1065,913,566,351,7,1025,1486,901,333,122
20232,A,골목상권,3110555,홍익지구대,284,147,137,1,49,53,55,37,89,0,14,28,31,16,58,1,35,25,24,21,31
20232,A,골목상권,3110558,경성고등학교,2362,1593,769,11,308,568,571,513,391,10,153,351,408,384,287,1,155,217,163,129,104
20232,R,전통시장,3130184,마포농수산물시장,77,40,37,0,2,12,24,26,13,0,1,8,12,14,5,0,1,4,12,12,8
20232,A,골목상권,3110571,신수동주민센터,635,358,277,5,109,159,187,126,49,5,57,88,98,74,36,0,52,71,89,52,13
20232,R,전통시장,3130210,목2동시장,432,251,181,1,66,124,122,71,48,1,40,69,70,39,32,0,26,55,52,32,16
20232,D,발달상권,3120108,신정네거리역,992,580,412,2,93,215,220,242,220,1,28,110,112,160,169,1,65,105,108,82,51
20232,A,골목상권,3110627,신정롯데캐슬아파트,548,318,230,24,129,136,102,93,64,13,69,81,62,49,44,11,60,55,40,44,20
20232,R,전통시장,3130206,신정3동 골목시장,20,6,14,0,0,5,11,2,2,0,0,0,3,1,2,0,0,5,8,1,0
20232,A,골목상권,3110612,신정역 5번,644,303,341,1,85,88,143,197,130,0,44,62,74,70,53,1,41,26,69,127,77
20232,A,골목상권,3110629,송정역 4번,190,107,83,0,26,52,54,35,23,0,9,34,28,24,12,0,17,18,26,11,11
20232,R,전통시장,3130220,등마루시장,491,167,324,5,44,61,71,166,144,3,16,29,38,34,47,2,28,32,33,132,97
20232,D,발달상권,3120115,김포공항역(김포공항),23,12,11,0,6,9,4,4,0,0,2,4,3,3,0,0,4,5,1,1,0
20232,A,골목상권,3110679,염창역 2번,574,404,170,3,89,206,152,80,44,2,49,148,111,58,36,1,40,58,41,22,8
20232,A,골목상권,3110649,우장산역 1번,358,191,167,0,41,91,82,93,51,0,12,49,38,59,33,0,29,42,44,34,18
20232,A,골목상권,3110670,신곡초등학교,489,320,169,6,79,118,121,90,75,3,45,77,71,59,65,3,34,41,50,31,10
20232,A,골목상권,3110666,KC대학교,176,60,116,0,19,35,52,57,13,0,10,10,20,13,7,0,9,25,32,44,6
20232,A,골목상권,3110669,화곡보람2차아파트,13,3,10,0,0,2,4,2,5,0,0,1,2,0,0,0,0,1,2,2,5
20232,A,골목상권,3110700,고척초등학교,3249,2648,601,3,209,680,974,1176,207,2,119,533,803,1021,170,1,90,147,171,155,37
20232,D,발달상권,3120124,개봉동 현대아파트,461,205,256,0,63,89,119,82,108,0,18,26,49,43,69,0,45,63,70,39,39
20232,D,발달상권,3120128,신도림역,1253,656,597,7,191,318,382,243,112,1,75,153,191,149,87,6,116,165,191,94,25
20232,A,골목상권,3110689,오류동역 3번,287,200,87,3,44,47,56,75,62,3,25,32,41,52,47,0,19,15,15,23,15
20232,A,골목상권,3110690,오류2동버들시장,577,275,302,1,101,192,133,94,56,0,39,104,64,36,32,1,62,88,69,58,24
20232,A,골목상권,3110725,가산동주민센터,85,59,26,0,6,20,22,20,17,0,3,15,16,12,13,0,3,5,6,8,4
20232,A,골목상권,3110735,말미고개,520,330,190,0,64,115,140,140,61,0,31,79,94,79,47,0,33,36,46,61,14
20232,R,전통시장,3130233,남문시장,76,47,29,0,5,8,18,22,23,0,2,3,9,12,21,0,3,5,9,10,2
20232,A,골목상권,3110736,독산119안전센터,461,199,262,0,46,55,76,118,166,0,21,32,35,42,69,0,25,23,41,76,97
20232,A,골목상권,3110746,금천금빛공원(은행나무사거리서측),76,53,23,0,5,11,23,22,15,0,3,9,13,16,12,0,2,2,10,6,3
20232,R,전통시장,3130237,박미시장(기능상실),39,26,13,0,1,6,11,9,12,0,0,2,7,8,9,0,1,4,4,1,3
20232,A,골목상권,3110766,대림역 5번,360,205,155,0,30,82,85,99,64,0,15,54,42,56,38,0,15,28,43,43,26
20232,A,골목상권,3110777,구로세무서,282,210,72,0,36,41,47,83,75,0,13,30,32,66,69,0,23,11,15,17,6
20232,R,전통시장,3130255,영등포전통시장,45,29,16,0,1,7,5,10,22,0,1,5,3,4,16,0,0,2,2,6,6
20232,A,골목상권,3110788,영등포시장역 3번,28,22,6,0,4,5,7,9,3,0,3,5,6,6,2,0,1,0,1,3,1
20232,A,골목상권,3110783,영등포시장역 1번,292,154,138,1,26,37,35,67,126,1,19,27,16,33,58,0,7,10,19,34,68
20232,A,골목상권,3110799,영등포본동주민센터,119,86,33,5,21,16,11,22,44,3,12,10,6,15,40,2,9,6,5,7,4
20232,R,전통시장,3130265,노량진중앙시장,115,82,33,0,17,48,34,8,8,0,12,42,23,3,2,0,5,6,11,5,6
20232,R,전통시장,3130263,신노량진시장(기능상실),13,4,9,0,0,3,4,6,0,0,0,0,1,3,0,0,0,3,3,3,0
20232,A,골목상권,3110821,보라매역 2번,599,356,243,0,73,109,142,137,138,0,34,65,80,89,88,0,39,44,62,48,50
20232,D,발달상권,3120155,총신대학교,107,54,53,0,13,27,24,25,18,0,7,8,13,14,12,0,6,19,11,11,6
20232,R,전통시장,3130268,상도전통시장,239,104,135,0,33,60,53,58,35,0,12,23,23,24,22,0,21,37,30,34,13
20232,A,골목상권,3110836,상도역 5번,3057,1846,1211,9,550,798,701,647,352,2,238,486,453,447,220,7,312,312,248,200,132
20232,A,골목상권,3110840,중앙대학교,175,99,76,0,24,25,57,45,24,0,12,13,37,22,15,0,12,12,20,23,9
20232,A,골목상권,3110878,미림여고,368,218,150,3,43,114,101,78,29,0,19,63,68,43,25,3,24,51,33,35,4
20232,A,골목상권,3110861,관악구신사동주민센터,1168,598,570,1,215,376,261,204,111,1,71,194,161,101,70,0,144,182,100,103,41
20232,A,골목상권,3110893,관악소방서(문영여고),353,303,50,0,39,110,66,113,25,0,29,96,57,99,22,0,10,14,9,14,3
20232,A,골목상권,3110890,봉천역 1번(관악초등학교),249,148,101,1,17,43,92,67,29,0,4,22,58,43,21,1,13,21,34,24,8
20232,R,전통시장,3130294,관악중부시장,102,40,62,1,5,10,22,39,25,0,2,3,7,16,12,1,3,7,15,23,13
20232,D,발달상권,3120166,방배역,5465,3280,2185,90,1234,1594,1033,699,815,26,523,920,713,451,647,64,711,674,320,248,168
20232,D,발달상권,3120164,내방역,8579,5975,2604,56,1923,2822,1862,1129,787,48,1160,1998,1383,799,587,8,763,824,479,330,200
20232,D,발달상권,3120162,방배동카페골목,1253,717,536,61,207,200,219,215,351,57,126,142,110,93,189,4,81,58,109,122,162
20232,D,발달상권,3120169,서초역,15771,7185,8586,70,3824,4195,3945,2657,1080,30,1313,1990,1801,1235,816,40,2511,2205,2144,1422,264
20232,A,골목상권,3110936,더케이호텔(양재리본타워2단지아파트),832,552,280,3,109,260,215,175,70,0,53,154,159,131,55,3,56,106,56,44,15
20232,A,골목상권,3110940,양재근린공원(양재2동주민센터),956,699,257,8,168,323,238,137,82,8,109,243,178,97,64,0,59,80,60,40,18
20232,D,발달상권,3120199,경복아파트교차로,3427,2023,1404,9,720,1059,682,508,449,3,273,627,441,345,334,6,447,432,241,163,115
20232,D,발달상권,3120178,신사역,11093,6014,5079,34,2556,2878,2400,1866,1359,13,875,1596,1501,1005,1024,21,1681,1282,899,861,335
20232,A,골목상권,3110993,개포지하차도 북측,70,53,17,0,3,9,19,23,16,0,2,7,16,18,10,0,1,2,3,5,6
20232,A,골목상권,3110983,국립국악고등학교,783,534,249,6,126,212,125,145,169,2,44,137,94,111,146,4,82,75,31,34,23
20232,A,골목상권,3110950,논현역 7번,2981,1929,1052,1,829,1305,518,230,98,0,418,886,383,173,69,1,411,419,135,57,29
20232,D,발달상권,3120212,한티역,753,394,359,1,118,182,201,143,108,1,37,87,119,80,70,0,81,95,82,63,38
20232,D,발달상권,3120211,도성초등학교,984,516,468,7,180,282,189,161,165,3,68,120,112,117,96,4,112,162,77,44,69
20232,A,골목상권,3110960,은광여고,1601,749,852,5,219,282,389,522,184,4,60,131,203,227,124,1,159,151,186,295,60
20232,A,골목상권,3110964,싸리고개근린공원,217,124,93,0,29,60,59,34,35,0,8,32,36,23,25,0,21,28,23,11,10
20232,U,관광특구,3001496,강남 마이스 관광특구,15904,8904,7000,59,3513,6185,4248,1596,303,25,1160,3361,2887,1246,225,34,2353,2824,1361,350,78
20232,A,골목상권,3110995,봉은사역 4번,5085,3711,1374,9,978,2002,1271,637,188,2,575,1477,990,523,144,7,403,525,281,114,44
20232,A,골목상권,3110998,은곡마을(은곡마을공원),17,11,6,0,2,6,4,3,2,0,0,4,3,3,1,0,2,2,1,0,1
20232,A,골목상권,3111001,아래방죽마을공원(율현초등학교),58,43,15,0,2,9,14,18,15,0,1,7,12,13,10,0,1,2,2,5,5
20232,A,골목상권,3110949,한남IC,1683,1193,490,5,288,565,435,305,85,2,112,398,347,261,73,3,176,167,88,44,12
20232,A,골목상권,3110959,신구중학교,271,140,131,0,14,66,82,79,30,0,7,36,49,29,19,0,7,30,33,50,11
20232,A,골목상권,3110962,도산공원북측,53,27,26,0,20,11,10,8,4,0,11,7,6,3,0,0,9,4,4,5,4
20232,A,골목상권,3110954,국기원,636,445,191,0,89,142,187,94,124,0,35,97,161,74,78,0,54,45,26,20,46
20232,D,발달상권,3120204,르네상스호텔사거리,41471,20644,20827,102,8167,11056,10671,10081,1394,54,5016,7567,4988,2062,957,48,3151,3489,5683,8019,437
20232,A,골목상권,3110997,대청초등학교,1724,959,765,4,230,291,391,383,425,2,111,162,200,210,274,2,119,129,191,173,151
20232,A,골목상권,3110979,청담초등학교,3004,1918,1086,4,525,926,768,568,213,4,230,632,535,343,174,0,295,294,233,225,39
20232,A,골목상권,3111027,문정초등학교,1393,771,622,3,146,285,323,246,390,1,67,159,209,125,210,2,79,126,114,121,180
20232,A,골목상권,3111020,방이동고분군(방산고등학교),304,225,79,1,20,103,84,54,42,0,7,73,64,48,33,1,13,30,20,6,9
20232,R,전통시장,3130313,방이시장,3889,1825,2064,10,726,635,634,1135,749,8,362,409,357,377,312,2,364,226,277,758,437
20232,A,골목상권,3111005,삼전역 3번,1865,1358,507,0,320,617,459,302,167,0,215,449,339,222,133,0,105,168,120,80,34
20232,A,골목상권,3111037,Sh수협은행 오금동금융센터(아랫말어린이공원),373,243,130,0,37,103,90,93,50,0,25,84,60,43,31,0,12,19,30,50,19
20232,A,골목상권,3111032,방이역 1번,3878,2552,1326,4,235,340,599,718,1982,3,139,237,411,469,1293,1,96,103,188,249,689
20232,A,골목상권,3111081,둔촌푸르지오아파트,78,50,28,0,8,17,18,18,17,0,4,12,13,6,15,0,4,5,5,12,2
20232,A,골목상권,3111089,상일여고(상일초등학교),750,505,245,0,50,131,180,233,156,0,31,81,127,154,112,0,19,50,53,79,44
20232,A,골목상권,3111059,강동역 4번(강풀만화거리),774,420,354,3,87,144,177,164,199,1,47,73,92,91,116,2,40,71,85,73,83
20232,A,골목상권,3111067,강동구립성내도서관,746,414,332,2,73,149,192,177,153,1,36,98,107,84,88,1,37,51,85,93,65
20232,A,골목상권,3110005,세검정,1057,542,515,6,132,305,306,202,106,2,40,143,167,124,66,4,92,162,139,78,40
20232,A,골목상권,3110008,배화여자대학교(박노수미술관),507,350,157,1,50,79,121,161,95,0,15,45,93,121,76,1,35,34,28,40,19
20232,A,골목상권,3110035,동묘앞역 2번,276,161,115,2,18,43,75,88,50,0,5,18,42,65,31,2,13,25,33,23,19
20232,A,골목상권,3110027,혜화역 1번,598,358,240,1,67,108,127,97,198,0,25,70,64,54,145,1,42,38,63,43,53
20232,D,발달상권,3120015,종로6가,302,153,149,0,49,64,69,65,55,0,17,23,27,42,44,0,32,41,42,23,11
20232,A,골목상권,3110011,청운초등학교,263,188,75,0,21,105,79,43,15,0,21,95,44,16,12,0,0,10,35,27,3
20232,A,골목상권,3110024,혜회동주민센터,928,263,665,0,135,264,294,184,51,0,17,64,90,55,37,0,118,200,204,129,14
20232,D,발달상권,3120032,충무로역,10818,5021,5797,35,1541,2434,3139,2621,1048,15,532,1200,1480,1142,652,20,1009,1234,1659,1479,396
20232,A,골목상권,3110045,동대문역사문화공원역 5번,234,174,60,0,24,54,64,55,37,0,11,38,46,47,32,0,13,16,18,8,5
20232,D,발달상권,3120031,을지로3가역,6147,3450,2697,9,699,1541,1643,1286,969,0,223,730,924,892,681,9,476,811,719,394,288
20232,R,전통시장,3130038,"평화시장(통일상가, 동화상가)",1000,670,330,3,116,301,291,198,91,0,63,167,223,150,67,3,53,134,68,48,24
20232,D,발달상권,3120020,시청역_1번,6561,4672,1889,29,1436,1964,1905,1013,214,17,728,1351,1643,776,157,12,708,613,262,237,57
20232,A,골목상권,3110043,충무초등학교,1202,670,532,12,212,307,331,223,117,7,97,155,169,152,90,5,115,152,162,71,27
20232,D,발달상권,3120018,중림동,2190,1368,822,2,393,736,598,295,166,2,207,425,357,238,139,0,186,311,241,57,27
20232,A,골목상권,3110057,황학코아루아파트,64,44,20,0,8,13,20,10,13,0,4,6,17,8,9,0,4,7,3,2,4
20232,A,골목상권,3110055,황학동벼룩시장,29,19,10,0,1,4,6,11,7,0,1,3,5,6,4,0,0,1,1,5,3
20232,A,골목상권,3110078,이촌동점보아파트,69,29,40,0,12,15,17,13,12,0,3,8,7,5,6,0,9,7,10,8,6
20232,A,골목상권,3110082,용산구청,1618,809,809,5,175,461,427,442,108,4,53,155,206,304,87,1,122,306,221,138,21
20232,D,발달상권,3120041,신용산역(용산역),20372,8281,12091,72,4418,6743,5760,2509,870,25,1460,2533,2359,1337,567,47,2958,4210,3401,1172,303
20232,A,골목상권,3110073,삼각지역 3번,7975,2387,5588,56,2508,2886,1913,505,107,25,861,919,424,119,39,31,1647,1967,1489,386,68
20232,A,골목상권,3110076,삼각지역 14번,537,175,362,0,46,143,158,153,37,0,11,49,61,45,9,0,35,94,97,108,28
20232,A,골목상권,3110099,유엔빌리지길,12646,10311,2335,33,1746,2596,3298,4558,415,25,904,1899,2859,4264,360,8,842,697,439,294,55
20232,A,골목상권,3110588,한겨레신문사,169,92,77,0,34,44,41,33,17,0,14,22,20,21,15,0,20,22,21,12,2
20232,R,전통시장,3130059,후암시장,64,40,24,0,6,12,16,11,19,0,4,5,10,7,14,0,2,7,6,4,5
20232,R,전통시장,3130064,금남시장,36,13,23,0,6,7,8,4,11,0,1,0,5,2,5,0,5,7,3,2,6
20232,A,골목상권,3110107,금호사거리,37,30,7,0,4,8,4,11,10,0,3,5,4,9,9,0,1,3,0,2,1
20232,A,골목상권,3110117,성동구보건소,103,73,30,1,14,27,19,33,9,1,10,20,11,25,6,0,4,7,8,8,3
20232,D,발달상권,3120050,서울숲역,212,159,53,0,33,40,60,52,27,0,19,30,47,41,22,0,14,10,13,11,5
20232,D,발달상권,3120052,성수역,11387,7284,4103,23,2113,2900,2661,2238,1452,12,1170,1971,1783,1298,1050,11,943,929,878,940,402
20232,R,전통시장,3130067,왕십리도선동상점가,1670,335,1335,3,166,202,291,591,417,1,78,98,69,49,40,2,88,104,222,542,377
20232,D,발달상권,3120066,장한평역(장한평),7424,4770,2654,43,1531,1839,1491,1235,1285,10,739,1202,991,818,1010,33,792,637,500,417,275
20232,A,골목상권,3110113,응봉산,77,43,34,0,14,15,14,16,18,0,4,11,7,6,15,0,10,4,7,10,3
20232,A,골목상권,3110112,행당역 2번,207,101,106,0,37,37,38,53,42,0,14,19,16,26,26,0,23,18,22,27,16
20232,A,골목상권,3110169,성동초등학교,253,139,114,1,28,41,73,68,42,0,15,21,36,39,28,1,13,20,37,29,14
20232,A,골목상권,3110156,군자역 5번,621,363,258,0,96,181,173,112,59,0,41,114,101,67,40,0,55,67,72,45,19
20232,A,골목상권,3110157,자양동우체국,1097,891,206,10,352,279,244,141,71,7,300,237,180,106,61,3,52,42,64,35,10
20232,A,골목상권,3110163,성자초등학교,284,143,141,0,39,46,67,77,55,0,14,27,32,31,39,0,25,19,35,46,16
20232,A,골목상권,3110168,대원고등학교,524,374,150,0,64,95,121,160,84,0,36,69,87,110,72,0,28,26,34,50,12
20232,A,골목상권,3110212,답십리초등학교,204,144,60,0,26,37,42,67,32,0,18,26,27,50,23,0,8,11,15,17,9
20232,A,골목상권,3110187,제기동역 6번,3124,2222,902,15,559,867,746,552,385,7,387,605,531,394,298,8,172,262,215,158,87
20232,A,골목상권,3110229,장평중학교,1332,862,470,0,145,164,190,318,515,0,81,103,125,211,342,0,64,61,65,107,173
20232,A,골목상권,3110231,장안교,11,8,3,0,0,1,4,5,1,0,0,1,3,4,0,0,0,0,1,1,1
20232,R,전통시장,3130088,경동시장,126,57,69,0,18,32,24,17,35,0,3,11,11,10,22,0,15,21,13,7,13
20232,A,골목상권,3110194,홍파초등학교,112,85,27,0,6,32,24,36,14,0,4,20,20,31,10,0,2,12,4,5,4
20232,A,골목상권,3110203,떡전교사거리,99,63,36,1,9,15,32,29,13,1,0,7,26,20,9,0,9,8,6,9,4
20232,A,골목상권,3110278,망우본동주민센터,276,166,110,1,32,46,77,81,39,0,10,25,43,56,32,1,22,21,34,25,7
20232,R,전통시장,3130106,중랑동부시장,166,56,110,1,20,40,34,39,32,0,1,8,7,21,19,1,19,32,27,18,13
20232,A,골목상권,3110246,월드순복음교회,431,312,119,0,27,97,158,95,54,0,12,69,122,65,44,0,15,28,36,30,10
20232,A,골목상권,3110261,사가정역 4번,167,90,77,1,16,29,49,50,22,1,8,15,25,26,15,0,8,14,24,24,7
20232,A,골목상권,3110242,면목5동주민센터,164,112,52,0,21,28,56,30,29,0,12,23,31,22,24,0,9,5,25,8,5
20232,A,골목상권,3110241,먹골역 5번,415,213,202,0,61,87,97,117,53,0,17,49,46,63,38,0,44,38,51,54,15
20232,D,발달상권,3120069,상봉역,1012,728,284,3,69,146,222,270,302,1,40,71,131,216,269,2,29,75,91,54,33
20232,A,골목상권,3110233,중랑역 1번,142,46,96,1,23,27,50,35,6,1,6,7,16,11,5,0,17,20,34,24,1
20232,A,골목상권,3110281,길상사,13818,12089,1729,12,1418,3093,4061,4964,270,1,960,2426,3678,4823,201,11,458,667,383,141,69
20232,A,골목상권,3110309,대광초등학교,376,266,110,0,38,63,108,103,64,0,19,44,71,78,54,0,19,19,37,25,10
20232,A,골목상권,3110318,KT월곡지사,148,78,70,0,21,29,45,36,17,0,10,19,22,14,13,0,11,10,23,22,4
20232,A,골목상권,3110379,KT&G 북부지사,12,3,9,1,1,1,3,3,3,0,0,0,1,1,1,1,1,1,2,2,2
20232,A,골목상권,3110373,수유역 2번,891,705,186,0,129,255,172,236,99,0,90,208,134,205,68,0,39,47,38,31,31
20232,R,전통시장,3130132,삼양골목시장(삼양시장),61,19,42,0,10,14,13,15,9,0,0,4,5,5,5,0,10,10,8,10,4
20232,A,골목상권,3110377,미아사거리역 3번,21,14,7,0,2,2,2,9,6,0,2,2,1,4,5,0,0,0,1,5,1
20232,A,골목상권,3110345,솔밭공원역 2번,114,47,67,1,14,18,26,37,18,0,3,6,8,17,13,1,11,12,18,20,5
20232,A,골목상권,3110342,국립재활원,60,45,15,0,5,11,20,15,9,0,3,8,14,13,7,0,2,3,6,2,2
20232,A,골목상권,3110348,강북문화예술회관,343,174,169,0,27,59,108,96,53,0,4,31,63,43,33,0,23,28,45,53,20
20232,A,골목상권,3110338,인수초등학교,263,192,71,0,34,67,61,63,38,0,18,49,44,48,33,0,16,18,17,15,5
20232,A,골목상권,3110402,도봉구 정병원,471,221,250,1,85,98,98,106,83,0,24,38,54,59,46,1,61,60,44,47,37
20232,A,골목상권,3110383,덕성여대시반거리,33,21,12,0,0,3,13,10,7,0,0,2,9,5,5,0,0,1,4,5,2
20232,R,전통시장,3130145,쌍문역둘리상점가,244,202,42,0,39,44,77,62,22,0,28,35,65,56,18,0,11,9,12,6,4
20232,A,골목상권,3110392,발바닥공원,43,17,26,0,2,8,7,10,16,0,0,0,3,3,11,0,2,8,4,7,5
20232,A,골목상권,3110416,노원초등학교,468,244,224,4,61,110,118,126,49,2,24,73,58,58,29,2,37,37,60,68,20
20232,A,골목상권,3110428,상계5동주민센터,491,217,274,1,43,52,106,158,131,0,14,25,45,70,63,1,29,27,61,88,68
20232,D,발달상권,3120080,마들역,180,46,134,0,30,45,46,36,23,0,2,7,9,13,15,0,28,38,37,23,8
20232,A,골목상권,3110464,연신내역 5번,301,170,131,4,32,53,93,85,34,4,18,28,44,49,27,0,14,25,49,36,7
20232,A,골목상권,3110457,예일여고,482,283,199,1,60,88,88,132,113,0,27,46,47,71,92,1,33,42,41,61,21
20232,D,발달상권,3120091,본서부병원,516,192,324,1,51,69,119,165,111,0,20,28,51,55,38,1,31,41,68,110,73
20232,A,골목상권,3110485,연신내우체국,1259,678,581,0,7,24,35,160,1033,0,4,5,15,70,584,0,3,19,20,90,449
20232,A,골목상권,3110488,우리은행응암동지점,174,104,70,1,14,24,41,38,56,0,8,16,19,15,46,1,6,8,22,23,10
20232,R,전통시장,3130163,응암오거리상점가,182,49,133,0,24,28,44,50,36,0,4,8,11,12,14,0,20,20,33,38,22
20232,A,골목상권,3110449,증산역 3번,709,410,299,0,104,160,182,147,116,0,47,98,96,84,85,0,57,62,86,63,31
20232,D,발달상권,3120094,"신촌역(신촌역, 신촌로터리)",5328,2411,2917,67,2381,1182,676,592,430,23,994,579,296,278,241,44,1387,603,380,314,189
20232,R,전통시장,3130175,신촌 상인회(신촌상점가),13,5,8,0,1,3,5,4,0,0,1,0,1,3,0,0,0,3,4,1,0
20232,D,발달상권,3120097,충정로역,2246,1354,892,0,321,658,631,407,229,0,172,390,397,254,141,0,149,268,234,153,88
20232,R,전통시장,3130176,유진상가,38,23,15,0,20,16,1,1,0,0,9,13,1,0,0,0,11,3,0,1,0
20232,A,골목상권,3110523,홍제성원아파트,21,9,12,0,0,4,5,7,5,0,0,0,2,5,2,0,0,4,3,2,3
20232,D,발달상권,3120107,공덕역(공덕오거리),13077,7619,5458,43,2471,3470,3552,3026,515,9,1021,2002,2300,1900,387,34,1450,1468,1252,1126,128
20232,A,골목상권,3110586,서울서부지방법원,1855,953,902,2,423,499,464,293,174,1,233,283,196,130,110,1,190,216,268,163,64
20232,A,골목상권,3110540,망원나들목체육관,238,107,131,0,39,63,70,47,19,0,19,28,26,23,11,0,20,35,44,24,8
20232,A,골목상권,3110567,광흥창역 6번,91,61,30,0,16,26,27,12,10,0,8,20,13,11,9,0,8,6,14,1,1
20232,A,골목상권,3110565,홍익대,110,66,44,0,16,34,34,19,7,0,8,16,23,13,6,0,8,18,11,6,1
20232,A,골목상권,3110560,마포FM,292,140,152,0,26,64,87,77,38,0,10,26,40,36,28,0,16,38,47,41,10
20232,A,골목상권,3110549,새터산,357,165,192,1,57,79,100,64,56,1,24,39,47,22,32,0,33,40,53,42,24
20232,D,발달상권,3120099,월드컵경기장역(월드컵경기장),84,57,27,0,11,20,26,14,13,0,6,16,21,7,7,0,5,4,5,7,6
20232,A,골목상권,3110581,염리초등학교,16,11,5,0,0,0,2,6,8,0,0,0,2,3,6,0,0,0,0,3,2
20232,D,발달상권,3120113,오목교역,641,380,261,2,98,147,163,141,90,1,45,81,95,95,63,1,53,66,68,46,27
20232,D,발달상권,3120110,목동역 8번출구,1858,1400,458,2,142,216,286,247,965,1,42,102,166,181,908,1,100,114,120,66,57
20232,A,골목상권,3110617,등촌역 4번,262,188,74,0,47,75,73,48,19,0,37,55,50,31,15,0,10,20,23,17,4
20232,A,골목상권,3110597,신월1동주민센터,517,302,215,0,30,68,111,150,158,0,14,36,54,84,114,0,16,32,57,66,44
20232,R,전통시장,3130199,신월3동 골목시장,18,8,10,0,1,4,4,9,0,0,0,1,3,4,0,0,1,3,1,5,0
20232,A,골목상권,3110615,신서초등학교,87,63,24,0,20,21,27,13,6,0,14,18,18,8,5,0,6,3,9,5,1
20232,A,골목상권,3110674,강서구청가양동별관,260,189,71,0,21,55,61,47,76,0,14,46,35,29,65,0,7,9,26,18,11
20232,A,골목상권,3110677,등촌역 1번,410,321,89,1,50,80,83,91,105,1,24,51,70,76,99,0,26,29,13,15,6
20232,A,골목상권,3110676,등촌역 7번,228,138,90,0,31,34,61,56,46,0,13,20,36,37,32,0,18,14,25,19,14
20232,D,발달상권,3120117,강서농산물도매시장,451,280,171,0,12,62,127,153,97,0,9,48,78,89,56,0,3,14,49,64,41
20232,A,골목상권,3110636,방화역 2번,152,76,76,1,25,49,41,21,15,0,9,26,27,4,10,1,16,23,14,17,5
20232,A,골목상권,3110631,방화초등학교,335,161,174,2,32,63,68,100,70,2,19,34,37,37,32,0,13,29,31,63,38
20232,A,골목상권,3110654,까치산역 4번,1027,687,340,2,68,149,252,380,176,1,38,81,139,281,147,1,30,68,113,99,29
20232,D,발달상권,3120120,화곡역,927,405,522,1,177,218,193,196,142,0,46,109,84,81,85,1,131,109,109,115,57
20232,A,골목상권,3110656,까치산역 3번,829,493,336,13,89,206,249,190,82,12,52,128,151,91,59,1,37,78,98,99,23
20232,D,발달상권,3120121,까치산역,365,145,220,2,51,46,72,106,88,2,12,18,29,43,41,0,39,28,43,63,47
20232,A,골목상권,3110665,곰달래도서관,469,285,184,0,36,92,123,138,80,0,25,60,79,74,47,0,11,32,44,64,33
20232,A,골목상권,3110662,까치산역 1번,1480,885,595,4,245,501,396,234,100,4,129,301,207,171,73,0,116,200,189,63,27
20232,R,전통시장,3130217,화곡본동시장,36,16,20,0,3,5,10,13,5,0,1,3,5,6,1,0,2,2,5,7,4
20232,A,골목상권,3110691,개봉중학교,395,205,190,0,37,65,119,115,59,0,20,38,49,52,46,0,17,27,70,63,13
20232,A,골목상권,3110705,고산초등학교,33,19,14,0,3,2,8,7,13,0,3,1,8,2,5,0,0,1,0,5,8
20232,R,전통시장,3130229,남구로시장,249,139,110,1,16,53,61,62,56,0,7,30,31,32,39,1,9,23,30,30,17
20232,A,골목상권,3110680,온수역 5번(온수산업단지),901,770,131,15,129,129,157,274,197,15,105,106,127,234,183,0,24,23,30,40,14
20232,A,골목상권,3110685,금강수목원아파트,56,39,17,0,10,12,12,11,11,0,7,10,5,7,10,0,3,2,7,4,1
20232,D,발달상권,3120132,독산동,4203,2884,1319,13,512,908,1016,1074,680,12,350,650,695,701,476,1,162,258,321,373,204
20232,A,골목상권,3110732,가산초등학교(세일중학교),362,258,104,1,42,68,107,79,65,0,23,39,78,64,54,1,19,29,29,15,11
20232,A,골목상권,3110729,가산동우체국,151,112,39,0,19,30,40,39,23,0,14,19,30,30,19,0,5,11,10,9,4
20232,A,골목상권,3110723,가산디지털단지역 1번 출입구,286,247,39,0,6,10,37,130,103,0,6,5,26,113,97,0,0,5,11,17,6
20232,A,골목상권,3110742,KT금천빌딩(금천구시설관리공단),426,237,189,0,42,83,106,125,70,0,21,57,71,54,34,0,21,26,35,71,36
20232,A,골목상권,3110748,백산초등학교,102,64,38,0,6,19,21,26,30,0,2,9,11,22,20,0,4,10,10,4,10
20232,A,골목상권,3110749,금산초등학교(금천고등학교),418,255,163,0,51,99,100,118,50,0,26,61,51,81,36,0,25,38,49,37,14
20232,A,골목상권,3110750,시흥4동주민센터(서울신흥초등학교),397,221,176,4,78,83,80,104,48,4,47,62,43,33,32,0,31,21,37,71,16
20232,D,발달상권,3120141,영등포청과시장교차로,601,418,183,2,71,137,188,115,88,1,36,85,133,86,77,1,35,52,55,29,11
20232,R,전통시장,3130240,영등포유통상가,1400,893,507,0,128,296,347,287,342,0,68,168,226,194,237,0,60,128,121,93,105
20232,A,골목상권,3110763,영등포구청역 2번,480,353,127,2,84,147,107,84,56,0,53,100,79,72,49,2,31,47,28,12,7
20232,A,골목상권,3110786,당산역 8번,271,179,92,2,20,41,60,51,97,2,8,21,42,38,68,0,12,20,18,13,29
20232,R,전통시장,3130247,우리시장,19,15,4,0,3,4,4,3,5,0,1,3,4,3,4,0,2,1,0,0,1
20232,A,골목상권,3110817,대방역 4번,26,19,7,0,2,6,6,6,6,0,0,4,4,6,5,0,2,2,2,0,1
20232,R,전통시장,3130256,신동시장,2,2,0,0,0,0,0,1,1,0,0,0,0,1,1,0,0,0,0,0,0
20232,A,골목상권,3110757,양평역 2번,1501,1114,387,1,111,230,356,424,379,0,51,176,286,314,287,1,60,54,70,110,92
20232,A,골목상권,3110762,선유도역 1번,3139,2286,853,6,392,669,739,809,524,4,217,459,529,629,448,2,175,210,210,180,76
20232,A,골목상권,3110807,신길역 3번,102,70,32,0,6,16,23,27,30,0,4,8,18,19,21,0,2,8,5,8,9
20232,R,전통시장,3130250,삼구시장(로타리상가),1,0,1,0,0,0,0,1,0,0,0,0,0,0,0,0,0,0,0,1,0
20232,A,골목상권,3110803,신길2동우편취급국,312,224,88,0,17,27,58,67,143,0,6,14,33,43,128,0,11,13,25,24,15
20232,A,골목상권,3110847,예술인마을,443,216,227,3,52,135,137,77,39,3,13,60,74,37,29,0,39,75,63,40,10
20232,R,전통시장,3130272,사당시장,45,20,25,0,4,6,10,11,14,0,0,1,4,6,9,0,4,5,6,5,5
20232,A,골목상권,3110843,사당5동주민센터,181,135,46,1,22,25,55,52,26,0,16,17,34,44,24,1,6,8,21,8,2
20232,A,골목상권,3110835,상도역 1번,296,170,126,0,81,95,59,38,23,0,32,61,37,19,21,0,49,34,22,19,2
20232,A,골목상권,3110830,상도초등학교,281,152,129,0,22,61,73,85,40,0,7,29,36,54,26,0,15,32,37,31,14
20232,D,발달상권,3120154,장승배기역,497,214,283,1,64,124,128,111,69,0,19,58,68,39,30,1,45,66,60,72,39
20232,D,발달상권,3120151,보라매공원,2417,1455,962,6,401,736,707,383,184,4,194,433,450,237,137,2,207,303,257,146,47
20232,A,골목상권,3110863,난우초등학교,319,179,140,6,40,61,63,79,70,5,23,30,38,36,47,1,17,31,25,43,23
20232,A,골목상권,3110867,국제신학대학원대학교(남서울중학교),202,117,85,0,8,34,39,53,68,0,2,15,21,32,47,0,6,19,18,21,21
20232,A,골목상권,3110882,신성초등학교,733,444,289,1,95,131,215,168,123,0,52,67,122,109,94,1,43,64,93,59,29
20232,A,골목상권,3110864,신림우방아파트,236,161,75,0,31,48,53,60,44,0,21,31,37,43,29,0,10,17,16,17,15
20232,A,골목상권,3110871,신원동주민센터,64,32,32,1,6,13,19,12,13,0,4,6,8,7,7,1,2,7,11,5,6
20232,R,전통시장,3130283,신원시장,25,11,14,0,3,3,10,5,4,0,1,1,3,3,3,0,2,2,7,2,1
20232,A,골목상권,3110854,조원동주민센터,55,39,16,0,4,5,17,21,8,0,3,5,9,15,7,0,1,0,8,6,1
20232,A,골목상권,3110898,청림동주민센터(상도중학교),66,27,39,0,16,14,14,16,6,0,5,3,8,7,4,0,11,11,6,9,2
20232,D,발달상권,3120170,삼호가든사거리,2026,1161,865,8,279,587,623,346,183,7,113,333,412,168,128,1,166,254,211,178,55
20232,A,골목상권,3110917,서초소방서,1505,939,566,6,157,432,402,355,153,2,72,281,295,181,108,4,85,151,107,174,45
20232,A,골목상권,3110918,방배역 3번,682,438,244,3,98,127,164,142,148,2,59,85,108,86,98,1,39,42,56,56,50
20232,A,골목상권,3110903,방배아이파크아파트,7222,2653,4569,7,1242,1778,2487,1322,386,1,333,597,951,599,172,6,909,1181,1536,723,214
20232,A,골목상권,3110915,서래초등학교,3011,2335,676,14,441,940,1066,421,129,11,286,683,868,373,114,3,155,257,198,48,15
20232,A,골목상권,3110926,신중초등학교,1610,1175,435,6,193,359,463,382,207,3,114,263,355,292,148,3,79,96,108,90,59
20232,A,골목상권,3110928,서초우방유쉘아파트,596,491,105,1,57,109,125,205,99,1,29,76,109,190,86,0,28,33,16,15,13
20232,D,발달상권,3120184,포이사거리(삼호물산),10139,7003,3136,20,1553,3044,2666,1705,1151,10,846,2068,2010,1212,857,10,707,976,656,493,294
20232,A,골목상권,3110941,언남고등학교,261,158,103,0,33,46,89,58,35,0,14,26,51,40,27,0,19,20,38,18,8
20232,D,발달상권,3120174,논현역 5번,680,379,301,6,108,196,155,93,122,4,39,108,90,58,80,2,69,88,65,35,42
20232,A,골목상권,3110927,잠원역,745,553,192,2,93,342,198,98,12,2,82,218,159,81,11,0,11,124,39,17,1
20232,A,골목상권,3110977,논현로18길,148,102,46,0,22,32,45,29,20,0,14,20,33,20,15,0,8,12,12,9,5
20232,A,골목상권,3110961,언주역 3번,962,673,289,5,172,286,248,140,111,3,97,184,187,112,90,2,75,102,61,28,21
20232,A,골목상권,3110970,학동초등학교,378,236,142,1,66,98,102,65,46,0,27,49,66,57,37,1,39,49,36,8,9
20232,D,발달상권,3120219,은마아파트,17175,5797,11378,202,3397,3819,3179,4061,2517,83,1254,1872,1374,818,396,119,2143,1947,1805,3243,2121
20232,D,발달상권,3120222,삼성역,43324,24141,19183,244,8091,13641,10294,6385,4669,119,3186,7703,6883,3711,2539,125,4905,5938,3411,2674,2130
20232,D,발달상권,3120201,도곡1동,11549,6381,5168,116,3564,3468,2477,1299,625,31,1365,2018,1727,754,486,85,2199,1450,750,545,139
20232,D,발달상권,3120213,삼성중앙역,8521,5150,3371,50,1869,2485,1911,1070,1136,12,830,1515,1305,716,772,38,1039,970,606,354,364
20232,D,발달상권,3120209,"강남구청(청담역_8번, 강남세무서)",8987,2610,6377,34,2050,2684,2467,1172,580,9,538,752,537,395,379,25,1512,1932,1930,777,201
20232,D,발달상권,3120216,경기고교사거리(경기고교앞사거리),4934,3621,1313,8,712,1628,1666,772,148,5,291,1070,1431,703,121,3,421,558,235,69,27
20232,A,골목상권,3110986,삼성중앙역 7번,90,59,31,0,9,18,36,19,8,0,3,6,29,15,6,0,6,12,7,4,2
20232,D,발달상권,3120224,수서역,12418,6339,6079,23,1900,3177,3167,2346,1805,12,860,1669,1497,1232,1069,11,1040,1508,1670,1114,736
20232,D,발달상권,3120195,성수대교남단,5611,2685,2926,39,1393,2394,1102,426,257,15,487,1194,634,208,147,24,906,1200,468,218,110
20232,D,발달상권,3120198,구역삼세무서,11531,7246,4285,23,2691,3529,2889,1562,837,12,1141,2216,2115,1139,623,11,1550,1313,774,423,214
20232,A,골목상권,3110958,역삼역 4번,997,760,237,1,96,197,300,298,105,1,46,133,254,241,85,0,50,64,46,57,20
20232,A,골목상권,3110956,언주역 8번,1199,758,441,4,361,471,199,87,77,2,158,307,163,70,58,2,203,164,36,17,19
20232,A,골목상권,3111025,경찰병원역 3번,686,412,274,1,84,164,149,157,131,0,45,102,103,88,74,1,39,62,46,69,57
20232,A,골목상권,3111029,오금역 4번,427,314,113,3,71,108,91,79,75,1,51,81,67,55,59,2,20,27,24,24,16
20232,A,골목상권,3111042,거여역 1번(거여공원),872,597,275,3,147,186,251,200,85,3,121,134,159,130,50,0,26,52,92,70,35
20232,D,발달상권,3120235,문정역,954,648,306,1,117,204,211,255,166,0,70,158,152,154,114,1,47,46,59,101,52
20232,A,골목상권,3111023,문정역 1번,939,576,363,2,133,202,263,204,135,0,86,139,184,100,67,2,47,63,79,104,68
20232,D,발달상권,3120232,송파나루역,1056,714,342,0,185,302,235,171,163,0,80,192,163,131,148,0,105,110,72,40,15
20232,U,관광특구,3001495,잠실 관광특구,25240,14855,10385,124,4880,6877,5824,4628,2907,55,2599,4419,3662,2383,1737,69,2281,2458,2162,2245,1170
20232,A,골목상권,3111006,석촌고분역 1번,1112,721,391,0,127,292,337,203,153,0,56,169,242,135,119,0,71,123,95,68,34
20232,R,전통시장,3130312,석촌시장,619,270,349,1,20,40,81,170,307,1,9,23,43,41,153,0,11,17,38,129,154
20232,D,발달상권,3120227,잠실역,45462,24220,21242,163,8142,11830,12761,11282,1284,51,3785,7436,7437,4549,962,112,4357,4394,5324,6733,322
20232,A,골목상권,3111090,강일동주민센터,91,35,56,0,15,30,23,17,6,0,1,10,10,10,4,0,14,20,13,7,2
20232,A,골목상권,3111068,강동성심병원,1570,605,965,0,532,392,271,203,172,0,126,134,114,101,130,0,406,258,157,102,42
20232,R,전통시장,3130323,둔촌역전통시장,171,86,85,0,3,14,23,36,95,0,2,6,8,14,56,0,1,8,15,22,39
20232,D,발달상권,3120244,암사역,916,401,515,0,70,85,103,111,547,0,14,44,49,42,252,0,56,41,54,69,295
20232,A,골목상권,3111054,암사역 4번(삼성광나루아파트),104,42,62,0,14,18,19,12,41,0,4,12,7,5,14,0,10,6,12,7,27
20232,A,골목상권,3111065,천일초등학교,79,38,41,2,6,21,18,23,9,2,5,11,7,6,7,0,1,10,11,17,2
20232,A,골목상권,3111049,천호지구대(천호동자전거거리),507,277,230,2,75,90,96,118,126,0,36,50,40,68,83,2,39,40,56,50,43
20232,A,골목상권,3111060,암사역 2번(서울강동초등학교),872,458,414,1,101,211,241,202,116,1,41,97,131,107,81,0,60,114,110,95,35
20232,A,골목상권,3110007,사직공원(한국사회과학도서관),283,185,98,2,58,88,63,41,31,2,30,62,44,27,20,0,28,26,19,14,11
20232,A,골목상권,3110531,홍지문,141,61,80,0,16,26,24,56,19,0,13,19,13,9,7,0,3,7,11,47,12
20232,A,골목상권,3110013,체부동홍종문가옥,125,71,54,0,8,28,31,26,32,0,2,11,18,14,26,0,6,17,13,12,6
20232,D,발달상권,3120017,동묘앞역(동묘),724,205,519,0,78,151,278,136,81,0,13,47,55,37,53,0,65,104,223,99,28
20232,U,관광특구,3001494,종로·청계 관광특구,32892,17118,15774,68,5350,9954,9473,6395,1652,15,2280,4904,4583,4154,1182,53,3070,5050,4890,2241,470
20232,R,전통시장,3130007,광장시장(광장전통시장),466,310,156,0,39,77,97,129,124,0,22,41,73,77,97,0,17,36,24,52,27
20232,R,전통시장,3130018,동대문문구완구거리(동대문문구완구시장),120,70,50,0,11,18,23,38,30,0,6,10,13,22,19,0,5,8,10,16,11
20232,A,골목상권,3110010,평창동서측,5240,2651,2589,1,324,1250,2239,1231,195,0,76,342,1157,943,133,1,248,908,1082,288,62
20232,D,발달상권,3120035,퇴계로5가,2257,1368,889,7,650,570,525,321,184,3,282,379,388,200,116,4,368,191,137,121,68
20232,D,발달상권,3120038,약수역,2299,1362,937,7,436,740,580,324,212,1,189,452,383,196,141,6,247,288,197,128,71
20232,D,발달상권,3120028,명동(명동거리),12590,7582,5008,41,2103,3542,3628,2206,1070,16,1009,1955,2310,1615,677,25,1094,1587,1318,591,393
20232,D,발달상권,3120030,중부경찰서(영화인의거리),11882,6796,5086,53,2154,3638,3422,1957,658,16,721,2139,2091,1366,463,37,1433,1499,1331,591,195
20232,D,발달상권,3120029,을지로2가,7461,4461,3000,27,1938,2808,1698,798,192,7,787,1650,1165,693,159,20,1151,1158,533,105,33
20232,D,발달상권,3120025,롯데백화점(시청광장 지하쇼핑센터),22643,6274,16369,229,12750,7002,1624,945,93,71,3075,2028,780,249,71,158,9675,4974,844,696,22
20232,A,골목상권,3110051,한양공고앞 교차로,111,82,29,0,17,23,33,26,12,0,12,16,24,20,10,0,5,7,9,6,2
20232,R,전통시장,3130046,team204(팀204),20,13,7,0,1,3,4,2,10,0,0,2,3,1,7,0,1,1,1,1,3
20232,R,전통시장,3130047,테크노상가(엘리시움),158,110,48,0,10,26,33,60,29,0,5,20,20,41,24,0,5,6,13,19,5
20232,R,전통시장,3130048,동평화시장,20,11,9,0,7,8,1,4,0,0,3,4,1,3,0,0,4,4,0,1,0
20232,R,전통시장,3130055,"황학시장(서울중앙시장, 신중앙시장)",203,117,86,0,24,49,47,52,31,0,12,25,24,32,24,0,12,24,23,20,7
20232,R,전통시장,3130025,삼익패션타운(남대문시장),5494,2675,2819,69,1760,1561,1124,794,186,31,674,837,763,292,78,38,1086,724,361,502,108
20232,A,골목상권,3110075,숙대입구역 1번,1630,736,894,9,270,506,417,289,139,5,69,188,182,181,111,4,201,318,235,108,28
20232,A,골목상권,3110094,오산중학교,26,12,14,0,0,1,4,13,8,0,0,0,2,6,4,0,0,1,2,7,4
20232,A,골목상권,3110093,우사단길,2647,1632,1015,2,331,1035,757,359,163,1,106,546,562,321,96,1,225,489,195,38,67
20232,A,골목상권,3110089,서빙고동주민센터,752,503,249,1,94,230,220,107,100,0,33,136,159,88,87,1,61,94,61,19,13
20232,A,골목상권,3110064,효창공원앞역 2번,923,525,398,2,126,275,261,160,99,1,49,160,160,88,67,1,77,115,101,72,32
20232,A,골목상권,3110109,금호삼성래미안아파트,92,39,53,0,7,10,12,42,21,0,2,6,3,15,13,0,5,4,9,27,8
20232,A,골목상권,3110108,성동구립금호도서관,6,1,5,0,0,1,4,1,0,0,0,0,0,1,0,0,0,1,4,0,0
20232,A,골목상권,3110104,신금호역 4번,213,141,72,0,22,33,35,54,69,0,6,17,21,37,60,0,16,16,14,17,9
20232,A,골목상권,3110126,서울숲역 1번,27,18,9,0,0,7,2,12,6,0,0,6,0,7,5,0,0,1,2,5,1
20232,A,골목상권,3110135,성동세무서,401,208,193,0,41,84,107,78,91,0,7,43,49,38,71,0,34,41,58,40,20
20232,A,골목상권,3110115,상왕십리역 3번,945,362,583,10,392,218,156,113,56,0,76,84,93,75,34,10,316,134,63,38,22
20232,A,골목상권,3110133,서울교통공사,122,93,29,0,19,25,33,21,24,0,12,18,29,17,17,0,7,7,4,4,7
20232,R,전통시장,3130072,성동용답상가시장,132,71,61,0,21,19,35,39,18,0,9,9,16,26,11,0,12,10,19,13,7
20232,A,골목상권,3110130,답십리역 6번,105,89,16,0,20,24,38,15,8,0,17,20,35,10,7,0,3,4,3,5,1
20232,A,골목상권,3110170,동대부여고,223,128,95,1,37,51,67,45,22,0,17,21,42,32,16,1,20,30,25,13,6
20232,A,골목상권,3110172,광진초등학교,344,227,117,0,42,72,92,91,47,0,17,48,61,65,36,0,25,24,31,26,11
20232,A,골목상권,3110173,구남초등학교,195,106,89,0,34,50,46,44,21,0,16,28,21,25,16,0,18,22,25,19,5
20232,R,전통시장,3130081,자양골목전통시장(자양골목시장),54,36,18,0,7,17,14,9,7,0,5,12,9,6,4,0,2,5,5,3,3
20232,R,전통시장,3130080,자양종합시장(기능상실),14,10,4,0,0,1,6,6,1,0,0,1,4,4,1,0,0,0,2,2,0
20232,A,골목상권,3110143,뚝섬유원지역 1번,44,18,26,1,4,13,9,13,4,1,0,3,5,6,3,0,4,10,4,7,1
20232,D,발달상권,3120053,건대입구역(건대),892,505,387,5,148,146,178,204,211,2,41,65,97,137,163,3,107,81,81,67,48
20232,R,전통시장,3130075,노룬산시장(노룬산골목시장),17,12,5,0,4,5,6,0,2,0,3,3,5,0,1,0,1,2,1,0,1
20232,A,골목상권,3110165,국립정신건강센터,243,175,68,0,12,32,69,76,54,0,7,23,42,59,44,0,5,9,27,17,10
20232,R,전통시장,3130082,면곡골목시장,20,11,9,0,4,0,1,9,6,0,4,0,0,3,4,0,0,0,1,6,2
20232,R,전통시장,3130078,화양제일골목시장,52,17,35,0,6,15,19,9,3,0,1,5,8,2,1,0,5,10,11,7,2
20232,A,골목상권,3110205,경희대삼거리,82,48,34,0,4,13,23,23,19,0,2,10,7,17,12,0,2,3,16,6,7
20232,A,골목상권,3110185,용두초등학교,122,77,45,0,13,22,31,32,24,0,5,13,18,22,19,0,8,9,13,10,5
20232,D,발달상권,3120067,장안동사거리,2595,1173,1422,9,427,580,675,579,325,7,165,280,260,257,204,2,262,300,415,322,121
20232,R,전통시장,3130092,청량리농수산물시장,12,9,3,0,0,1,3,5,3,0,0,0,3,3,3,0,0,1,0,2,0
20232,A,골목상권,3110265,망우역 1번,198,91,107,1,23,43,54,57,20,0,7,18,21,32,13,1,16,25,33,25,7
20232,R,전통시장,3130110,면목골목시장(면목시장),107,64,43,0,1,9,35,38,24,0,1,6,22,19,16,0,0,3,13,19,8
20232,A,골목상권,3110263,면목역 1번,130,71,59,0,13,27,35,24,31,0,7,12,12,14,26,0,6,15,23,10,5
20232,A,골목상권,3110272,신내1동주민센터,477,319,158,0,45,69,93,152,118,0,15,35,60,103,106,0,30,34,33,49,12
20232,R,전통시장,3130113,신아타운,148,27,121,1,31,31,28,39,18,1,4,9,3,4,6,0,27,22,25,35,12
20232,A,골목상권,3110307,길음역 7번,119,62,57,0,17,25,41,19,17,0,7,17,18,10,10,0,10,8,23,9,7
20232,A,골목상권,3110310,길음역 10번,45,14,31,0,12,8,5,15,5,0,4,1,2,4,3,0,8,7,3,11,2
20232,A,골목상권,3110288,동구여중,216,139,77,1,19,49,52,55,40,0,9,22,35,40,33,1,10,27,17,15,7
20232,A,골목상권,3110313,안암역 3번,2069,1344,725,2,208,552,670,474,163,0,95,310,444,355,140,2,113,242,226,119,23
20232,A,골목상권,3110326,장위동성당,84,40,44,0,2,9,16,13,44,0,1,2,6,5,26,0,1,7,10,8,18
20232,R,전통시장,3130117,정릉시장,121,63,58,0,4,15,34,43,25,0,2,8,20,19,14,0,2,7,14,24,11
20232,A,골목상권,3110282,국민대학교앞,980,789,191,13,185,388,206,75,113,12,134,349,179,57,58,1,51,39,27,18,55
20232,R,전통시장,3130118,정릉골 골목형상점가,67,30,37,0,11,13,11,19,13,0,0,2,6,12,10,0,11,11,5,7,3
20232,R,전통시장,3130141,강북북부골목시장,36,19,17,0,12,4,11,6,3,0,3,2,6,6,2,0,9,2,5,0,1
20232,A,골목상권,3110380,강북문화정보도서관,48,15,33,0,12,10,12,10,4,0,0,3,5,4,3,0,12,7,7,6,1
20232,D,발달상권,3120078,미아사거리역,143,89,54,0,27,28,29,30,29,0,12,16,21,18,22,0,15,12,8,12,7
20232,A,골목상권,3110370,도봉세무서,367,255,112,0,17,61,76,105,108,0,11,31,42,80,91,0,6,30,34,25,17
20232,A,골목상권,3110358,인수동 우편취급국,549,295,254,0,18,34,67,210,220,0,2,18,23,91,161,0,16,16,44,119,59
20232,A,골목상권,3110359,수유시장옆,126,72,54,0,12,26,34,40,14,0,3,12,17,32,8,0,9,14,17,8,6
20232,A,골목상권,3110366,광산사거리,91,64,27,0,17,20,17,22,15,0,13,13,11,16,11,0,4,7,6,6,4
20232,A,골목상권,3110391,샘말어린이공원,219,118,101,0,22,44,64,45,44,0,12,26,37,23,20,0,10,18,27,22,24
20232,A,골목상권,3110386,연산군묘,124,114,10,0,4,3,10,44,63,0,1,3,7,40,63,0,3,0,3,4,0
20232,A,골목상권,3110385,효문고등학교,37,22,15,0,3,9,12,4,9,0,2,5,3,4,8,0,1,4,9,0,1
20232,R,전통시장,3130144,백운시장,21,14,7,0,0,1,7,8,5,0,0,0,5,4,5,0,0,1,2,4,0
20232,A,골목상권,3110396,쌍문역1번(쌍리단길),259,94,165,2,41,49,52,76,39,0,13,15,22,29,15,2,28,34,30,47,24
20232,A,골목상권,3110404,신창초등학교,515,298,217,1,42,93,163,136,80,0,11,56,109,76,46,1,31,37,54,60,34
20232,A,골목상권,3110429,공릉동 국수거리,2074,916,1158,3,224,284,511,689,363,1,91,167,248,234,175,2,133,117,263,455,188
20232,A,골목상권,3110438,경춘선숲길 우측,230,110,120,0,26,54,83,52,15,0,12,21,38,30,9,0,14,33,45,22,6
20232,D,발달상권,3120085,은행사거리,317,121,196,4,51,48,80,78,56,3,11,14,21,40,32,1,40,34,59,38,24
20232,A,골목상권,3110458,선일여고,385,200,185,0,32,79,94,119,61,0,19,46,47,52,36,0,13,33,47,67,25
20232,A,골목상권,3110460,구산역 4번,969,582,387,0,57,184,248,234,246,0,18,124,133,121,186,0,39,60,115,113,60
20232,R,전통시장,3130164,역촌중앙시장,9,3,6,0,0,1,2,2,4,0,0,0,1,1,1,0,0,1,1,1,3
20232,A,골목상권,3110450,시립서북병원,774,421,353,3,138,166,179,154,134,2,80,103,96,70,70,1,58,63,83,84,64
20232,A,골목상권,3110456,구산보건지소,967,544,423,3,284,226,177,147,130,1,123,112,94,97,117,2,161,114,83,50,13
20232,A,골목상권,3110486,은평구청,491,279,212,0,81,100,108,134,68,0,54,70,53,61,41,0,27,30,55,73,27
20232,A,골목상권,3110484,역촌역 3번,499,193,306,6,64,131,129,103,66,5,34,45,41,32,36,1,30,86,88,71,30
20232,D,발달상권,3120092,불광역,274,147,127,0,33,51,83,52,55,0,12,29,44,21,41,0,21,22,39,31,14
20232,A,골목상권,3110472,연신내역 4번,335,156,179,2,52,77,79,68,57,1,16,43,30,37,29,1,36,34,49,31,28
20232,R,전통시장,3130168,연서시장,234,155,79,0,19,50,51,64,50,0,5,23,33,49,45,0,14,27,18,15,5
20232,A,골목상권,3110445,덕산중학교,71,53,18,0,18,15,16,8,14,0,10,9,13,7,14,0,8,6,3,1,0
20232,A,골목상권,3110446,내를건너서숲으로도서관,163,124,39,0,6,14,51,45,47,0,5,9,33,35,42,0,1,5,18,10,5
20232,A,골목상권,3110461,새절역 2번,39,21,18,0,2,8,11,10,8,0,2,2,6,6,5,0,0,6,5,4,3
20232,A,골목상권,3110451,증산역 4번,1267,962,305,2,150,378,365,291,81,2,75,289,305,230,61,0,75,89,60,61,20
20232,A,골목상권,3110502,남가좌파출소,290,147,143,0,29,34,73,92,62,0,14,16,35,47,35,0,15,18,38,45,27
20232,A,골목상권,3110520,경의중앙 신촌역,105,57,48,0,31,22,32,12,8,0,10,15,16,10,6,0,21,7,16,2,2
20232,A,골목상권,3110526,봉원사,211,111,100,1,17,38,50,49,56,1,7,21,24,26,32,0,10,17,26,23,24
20232,A,골목상권,3110511,연희초등학교,3646,3286,360,2,420,731,640,1505,348,1,355,646,532,1425,327,1,65,85,108,80,21
20232,D,발달상권,3120093,연희동,661,351,310,2,60,125,170,195,109,0,27,62,91,103,68,2,33,63,79,92,41
20232,A,골목상권,3110504,명지전문대,170,46,124,1,21,19,35,41,53,0,5,4,10,13,14,1,16,15,25,28,39
20232,D,발달상권,3120095,홍제역,931,525,406,1,73,108,267,363,119,0,16,56,142,223,88,1,57,52,125,140,31
20232,A,골목상권,3110587,공덕동주민센터,264,135,129,1,43,53,75,55,37,1,16,31,47,23,17,0,27,22,28,32,20
20232,A,골목상권,3110578,대흥역 2번,2091,1413,678,2,213,337,391,638,510,1,80,225,309,452,346,1,133,112,82,186,164
20232,A,골목상권,3110574,서강대학교,173,123,50,0,35,41,49,38,10,0,17,30,41,30,5,0,18,11,8,8,5
20232,A,골목상권,3110582,이대역 5번,56,17,39,0,6,11,16,13,10,0,0,4,4,4,5,0,6,7,12,9,5
20232,D,발달상권,3120106,마포역,11485,7110,4375,12,1812,2735,2685,2311,1930,8,917,1662,1891,1437,1195,4,895,1073,794,874,735
20232,A,골목상권,3110544,망리단길,1203,718,485,1,179,248,331,253,191,1,107,153,171,147,139,0,72,95,160,106,52
20232,D,발달상권,3120103,홍대입구역(홍대),9580,5991,3589,87,2167,2434,2066,1613,1213,61,1145,1486,1404,988,907,26,1022,948,662,625,306
20232,A,골목상권,3110566,경의선책거리,1690,934,756,2,359,547,406,290,86,1,137,328,252,157,59,1,222,219,154,133,27
20232,R,전통시장,3130187,영진시장,29,14,15,0,4,5,11,7,2,0,2,2,6,2,2,0,2,3,5,5,0
20232,A,골목상권,3110557,홍대부속여중고앞,760,465,295,1,100,188,196,149,126,1,37,110,137,95,85,0,63,78,59,54,41
20232,A,골목상권,3110548,마포구청역 4번,795,475,320,5,130,185,210,136,129,3,57,95,122,89,109,2,73,90,88,47,20
20232,A,골목상권,3110543,중암중학교,38,25,13,0,6,8,14,7,3,0,3,5,8,6,3,0,3,3,6,1,0
20232,A,골목상권,3110585,마포경찰서,918,790,128,0,192,360,176,181,9,0,150,313,153,166,8,0,42,47,23,15,1
20232,D,발달상권,3120112,등촌역,1633,1138,495,10,223,388,373,358,281,6,100,270,265,265,232,4,123,118,108,93,49
20232,A,골목상권,3110618,강서고등학교,193,135,58,0,19,38,52,52,32,0,10,29,36,34,26,0,9,9,16,18,6
20232,A,골목상권,3110599,신월1파출소,378,268,110,3,50,89,94,93,49,2,34,68,63,65,36,1,16,21,31,28,13
20232,A,골목상권,3110596,서서울호수공원,417,272,145,2,48,90,107,113,57,0,28,56,74,71,43,2,20,34,33,42,14
20232,R,전통시장,3130200,"신월7동 골목시장(약수시장, 우성상가)",27,18,9,0,0,3,9,6,9,0,0,0,7,4,7,0,0,3,2,2,2
20232,A,골목상권,3110623,갈산공원,130,99,31,0,27,34,27,31,11,0,23,27,21,21,7,0,4,7,6,10,4
20232,R,전통시장,3130218,신월중앙시장,118,53,65,0,28,34,26,13,17,0,8,12,11,9,13,0,20,22,15,4,4
20232,A,골목상권,3110632,방화역 3번,1075,887,188,2,42,127,400,334,170,1,21,90,353,281,141,1,21,37,47,53,29
20232,A,골목상권,3110651,화원중학교,377,214,163,2,29,50,102,105,89,1,19,31,68,52,43,1,10,19,34,53,46
20232,A,골목상권,3110659,화곡역 4번,844,496,348,11,102,181,234,180,136,9,52,114,140,105,76,2,50,67,94,75,60
20232,A,골목상권,3110696,오류동역 1번,2424,1658,766,32,831,942,326,216,77,16,483,735,235,131,58,16,348,207,91,85,19
20232,A,골목상권,3110697,개봉3동주민센터,230,142,88,1,55,64,49,41,20,1,27,41,31,29,13,0,28,23,18,12,7
20232,A,골목상권,3110698,개웅초등학교(개웅중학교),276,176,100,3,50,50,53,63,57,3,25,32,31,39,46,0,25,18,22,24,11
20232,A,골목상권,3110722,G타워,837,574,263,4,152,296,249,99,37,4,95,205,191,55,24,0,57,91,58,44,13
20232,A,골목상권,3110682,온수역 8번,25,11,14,0,2,4,13,5,1,0,2,2,6,1,0,0,0,2,7,4,1
20232,A,골목상권,3110684,서울공연예술고등학교,251,136,115,2,50,78,61,36,24,0,19,54,34,19,10,2,31,24,27,17,14
20232,A,골목상권,3110688,오류지구대,169,59,110,1,18,18,40,59,33,0,7,10,15,19,8,1,11,8,25,40,25
20232,A,골목상권,3110730,서울축산농협 독산역지점(독산파출소),660,376,284,1,80,105,117,201,156,1,30,58,54,113,120,0,50,47,63,88,36
20232,A,골목상권,3110728,두산초등학교,4560,2778,1782,8,88,138,245,530,3551,8,64,86,123,279,2218,0,24,52,122,251,1333
20232,A,골목상권,3110752,한울중학교,269,117,152,2,25,46,81,79,36,2,13,16,34,33,19,0,12,30,47,46,17
20232,R,전통시장,3130234,푸른터시장(기능상실),7,3,4,0,1,1,0,3,2,0,0,1,0,1,1,0,1,0,0,2,1
20232,R,전통시장,3130235,대명여울빛거리시장(대명시장),298,80,218,0,39,52,77,82,48,0,11,14,25,19,11,0,28,38,52,63,37
20232,A,골목상권,3110743,시흥초등학교(시흥1동우체국),191,130,61,0,18,31,48,50,44,0,10,20,32,37,31,0,8,11,16,13,13
20232,A,골목상권,3110731,금천구청역 1번 출입구,1044,564,480,7,306,385,206,96,44,2,149,230,102,55,26,5,157,155,104,41,18
20232,A,골목상권,3110753,시흥동 은행나무사거리,617,387,230,0,69,100,149,166,133,0,28,68,90,96,105,0,41,32,59,70,28
20232,A,골목상권,3110764,문래역 3번,541,223,318,0,93,127,159,102,60,0,27,39,54,54,49,0,66,88,105,48,11
20232,A,골목상권,3110779,대림갑을명가아파트,33,24,9,0,2,5,13,7,6,0,1,4,10,4,5,0,1,1,3,3,1
20232,R,전통시장,3130242,대림중앙 골목형상점가,66,20,46,0,3,17,17,24,5,0,1,6,5,5,3,0,2,11,12,19,2
20232,A,골목상권,3110765,문래동사거리,889,619,270,2,80,133,209,175,290,1,38,78,140,126,236,1,42,55,69,49,54
20232,A,골목상권,3110810,영신초등학교,403,183,220,0,58,147,59,78,61,0,24,67,27,43,22,0,34,80,32,35,39
20232,A,골목상권,3110813,보라매역 6번,286,167,119,3,22,37,50,74,100,3,15,21,24,39,65,0,7,16,26,35,35
20232,D,발달상권,3120135,양평역,5072,3013,2059,32,1300,1280,1187,776,497,11,626,825,676,441,434,21,674,455,511,335,63
20232,D,발달상권,3120146,한강성심병원,5066,2882,2184,18,1252,1255,1097,821,623,8,405,669,729,584,487,10,847,586,368,237,136
20232,R,전통시장,3130253,영신상가(제일상가),9,7,2,0,2,3,0,2,2,0,2,3,0,1,1,0,0,0,0,1,1
20232,R,전통시장,3130249,동남상가,10,8,2,0,2,0,0,4,4,0,1,0,0,4,3,0,1,0,0,0,1
20232,A,골목상권,3110782,영등포시장역 4번,127,87,40,1,13,24,48,27,14,1,5,16,36,17,12,0,8,8,12,10,2
20232,A,골목상권,3110809,장훈고등학교,112,61,51,0,7,15,30,23,37,0,3,5,11,17,25,0,4,10,19,6,12
20232,A,골목상권,3110834,동작구자원봉사센터,41,25,16,0,3,5,8,11,14,0,2,2,8,6,7,0,1,3,0,5,7
20232,A,골목상권,3110828,노량진역 6번,3010,2066,944,9,471,1047,854,467,162,3,252,711,639,357,104,6,219,336,215,110,58
20232,A,골목상권,3110824,대방역 3번,296,102,194,1,48,91,92,42,22,0,11,26,29,23,13,1,37,65,63,19,9
20232,A,골목상권,3110852,이수역 9번,198,121,77,0,26,35,54,38,45,0,12,20,30,23,36,0,14,15,24,15,9
20232,A,골목상권,3110851,경문고등학교(동작동성당),493,236,257,0,79,137,141,105,31,0,32,53,66,67,18,0,47,84,75,38,13
20232,A,골목상권,3110831,상도4동주민센터,72,40,32,0,3,13,14,29,13,0,3,6,6,18,7,0,0,7,8,11,6
20232,A,골목상권,3110827,NH농협은행 상도동지점,262,93,169,0,39,51,73,65,34,0,11,18,20,28,16,0,28,33,53,37,18
20232,A,골목상권,3110841,중대부중,75,34,41,0,7,12,14,23,19,0,4,7,5,10,8,0,3,5,9,13,11
20232,A,골목상권,3110900,낙성대역 1번(관악구민 종합체육센터),444,246,198,1,94,123,115,88,23,1,48,64,62,53,18,0,46,59,53,35,5
20232,D,발달상권,3120159,서울대입구역,1430,763,667,12,289,320,321,238,250,6,116,164,174,133,170,6,173,156,147,105,80
20232,A,골목상권,3110866,난우중학교,184,101,83,0,23,36,41,65,19,0,14,20,19,32,16,0,9,16,22,33,3
20232,D,발달상권,3120158,녹두거리(대학동),695,550,145,2,31,73,200,279,110,0,7,41,163,241,98,2,24,32,37,38,12
20232,A,골목상권,3110857,미성동주민센터,431,229,202,9,60,64,70,108,120,9,34,48,41,46,51,0,26,16,29,62,69
20232,R,전통시장,3130278,미성동 도깨비시장 골목형상점가,75,16,59,0,0,16,28,24,7,0,0,7,5,2,2,0,0,9,23,22,5
20232,A,골목상권,3110875,보라매동주민센터(당곡고등학교),19,15,4,0,4,2,5,6,2,0,2,2,3,6,2,0,2,0,2,0,0
20232,A,골목상권,3110873,당곡중학교,348,167,181,0,70,79,87,76,36,0,29,39,39,37,23,0,41,40,48,39,13
20232,R,전통시장,3130285,서원동상점가,615,316,299,4,28,56,85,160,282,1,17,38,45,60,155,3,11,18,40,100,127
20232,A,골목상권,3110891,구암초등학교,47,22,25,0,5,1,22,16,3,0,1,0,11,8,2,0,4,1,11,8,1
20232,R,전통시장,3130280,신림종합시장,22,17,5,0,0,1,2,7,12,0,0,0,0,5,12,0,0,1,2,2,0
20232,R,전통시장,3130279,관악신사시장,2159,1727,432,0,365,671,738,355,30,0,172,530,669,333,23,0,193,141,69,22,7
20232,R,전통시장,3130295,인헌시장(원당종합시장),122,48,74,0,20,27,38,23,14,0,3,9,16,12,8,0,17,18,22,11,6
20232,A,골목상권,3110892,관악구 중앙길,709,341,368,0,69,110,159,221,150,0,25,55,76,105,80,0,44,55,83,116,70
20232,A,골목상권,3110899,낙성대역 5번(관악중학교),681,442,239,0,167,178,164,123,49,0,107,130,95,71,39,0,60,48,69,52,10
20232,A,골목상권,3110944,서울나래학교(염곡어린이공원),933,632,301,10,116,213,161,196,237,8,88,169,114,118,135,2,28,44,47,78,102
20232,A,골목상권,3110905,방배노인종합복지관(이수중학교),287,176,111,1,36,71,71,63,45,0,18,38,45,41,34,1,18,33,26,22,11
20232,A,골목상권,3110920,방배역 2번(백석예술대학교),359,205,154,0,23,53,125,118,40,0,5,29,65,75,31,0,18,24,60,43,9
20232,A,골목상권,3110910,내방역 5번,614,240,374,5,72,124,157,176,80,3,30,69,52,49,37,2,42,55,105,127,43
20232,A,골목상권,3110906,서문여고,683,362,321,2,217,106,119,106,133,0,59,58,72,62,111,2,158,48,47,44,22
20232,D,발달상권,3120161,방배동가구거리(사당동가구거리),2517,1833,684,3,187,342,315,347,1323,2,78,178,165,202,1208,1,109,164,150,145,115
20232,R,전통시장,3130296,남부종합시장,85,63,22,0,2,8,25,35,15,0,1,8,16,24,14,0,1,0,9,11,1
20232,D,발달상권,3120175,남부터미널역,8254,5320,2934,32,1703,2482,1996,1297,744,6,856,1692,1362,856,548,26,847,790,634,441,196
20232,A,골목상권,3110932,서울시인재개발원,532,384,148,2,128,170,127,64,41,2,76,116,100,54,36,0,52,54,27,10,5
20232,A,골목상권,3110930,서초동성당,2178,1774,404,8,284,588,694,433,171,2,190,448,591,393,150,6,94,140,103,40,21
20232,A,골목상권,3110931,삼성전자서울R&D(서울우면초등학교),94,47,47,0,36,30,16,6,6,0,11,15,10,6,5,0,25,15,6,0,1
20232,A,골목상권,3110938,바우뫼공원,1522,927,595,0,253,457,423,297,92,0,147,314,251,143,72,0,106,143,172,154,20
20232,D,발달상권,3120193,도산공원교차로,6384,3798,2586,15,1278,1918,1493,983,697,6,466,1071,1021,696,538,9,812,847,472,287,159
20232,A,골목상권,3110942,염곡동 구룡사(포이동성당),3242,1952,1290,7,578,932,791,613,321,3,328,587,461,351,222,4,250,345,330,262,99
20232,A,골목상권,3110943,법제교육센터(버들어린이공원),1122,578,544,1,67,165,357,323,209,1,36,99,151,140,151,0,31,66,206,183,58
20232,A,골목상권,3110994,개포고등학교,494,382,112,7,65,161,123,110,28,4,47,134,103,73,21,3,18,27,20,37,7
20232,R,전통시장,3130305,논현종합시장,85,43,42,0,21,14,14,19,17,0,7,7,6,14,9,0,14,7,8,5,8
20232,D,발달상권,3120220,대치역,5716,3394,2322,26,1854,2307,1022,333,174,2,774,1495,752,234,137,24,1080,812,270,99,37
20232,D,발달상권,3120210,선릉역,48780,26797,21983,117,11358,13636,11065,7952,4652,54,5356,8026,6479,4158,2724,63,6002,5610,4586,3794,1928
20232,D,발달상권,3120221,봉은사역,17557,12129,5428,22,3154,5248,3562,2734,2837,8,2167,4087,2812,1669,1386,14,987,1161,750,1065,1451
20232,A,골목상권,3110988,청담역 3번,1594,1016,578,1,243,425,364,346,215,1,82,247,247,262,177,0,161,178,117,84,38
20232,R,전통시장,3130304,신사상가,24,13,11,0,3,4,6,7,4,0,1,1,3,5,3,0,2,3,3,2,1
20232,D,발달상권,3120197,역삼역,58731,38593,20138,93,10093,18065,15897,10840,3743,43,5229,11924,11872,7083,2442,50,4864,6141,4025,3757,1301
20232,D,발달상권,3120237,경찰병원역,9922,5579,4343,59,1236,1684,1762,1665,3516,25,543,1068,1140,766,2037,34,693,616,622,899,1479
20232,A,골목상권,3111045,개미어린이공원,36,18,18,0,2,7,12,12,3,0,1,1,7,7,2,0,1,6,5,5,1
20232,A,골목상권,3111047,마천1치안센터,111,73,38,0,9,17,34,34,17,0,6,14,19,22,12,0,3,3,15,12,5
20232,A,골목상권,3111043,마천공원,32,13,19,0,1,3,7,12,9,0,0,0,1,6,6,0,1,3,6,6,3
20232,D,발달상권,3120238,방이역,430,260,170,5,53,101,116,79,76,4,25,48,61,57,65,1,28,53,55,22,11
20232,D,발달상권,3120226,석촌고분역,2344,1748,596,6,272,329,431,334,972,5,128,199,262,228,926,1,144,130,169,106,46
20232,A,골목상권,3111012,석촌역 6번,732,332,400,2,91,127,180,183,149,2,23,56,83,93,75,0,68,71,97,90,74
20232,D,발달상권,3120228,석촌역(석촌호수),4494,2725,1769,7,707,1306,1038,695,741,1,288,851,680,410,495,6,419,455,358,285,246
20231,A,골목상권,3110658,화곡초등학교,253,153,100,0,21,55,62,69,46,0,10,35,36,44,28,0,11,20,26,25,18
20214,A,골목상권,3110145,장안초등학교,7,4,3,0,0,1,2,3,1,0,0,0,1,3,0,0,0,1,1,0,1
20232,A,골목상권,3111035,오금공원(오주중학교),531,398,133,0,41,90,148,148,104,0,32,66,121,102,77,0,9,24,27,46,27
20232,D,발달상권,3120246,길동역,3415,1545,1870,14,385,562,837,913,704,8,169,318,417,302,331,6,216,244,420,611,373
20232,A,골목상권,3111083,GS강동자이아파트,411,245,166,0,67,62,70,100,112,0,47,43,41,44,70,0,20,19,29,56,42
20232,R,전통시장,3130325,명일전통시장,89,30,59,0,8,10,13,28,30,0,3,6,5,8,8,0,5,4,8,20,22
20232,A,골목상권,3111074,명일역 1번,147,77,70,2,31,38,40,16,20,1,9,23,23,10,11,1,22,15,17,6,9
20232,A,골목상권,3111053,성내천어린이공원(하니사랑길),6288,4564,1724,6,799,940,1025,1564,1954,3,542,693,750,1053,1523,3,257,247,275,511,431
20232,A,골목상권,3111061,암사역 1번,831,551,280,0,149,186,182,170,144,0,82,128,126,125,90,0,67,58,56,45,54
20232,R,전통시장,3130318,로데오거리상점가,266,132,134,0,31,43,49,55,88,0,9,12,19,26,66,0,22,31,30,29,22
20232,A,골목상권,3111056,천호태영아파트,191,53,138,0,27,35,64,36,29,0,4,5,19,15,10,0,23,30,45,21,19
20232,A,골목상권,3110036,동묘앞역 3번,52,34,18,0,3,6,16,12,15,0,1,3,9,11,10,0,2,3,7,1,5
20232,A,골목상권,3110028,이화달팽이길,704,279,425,1,177,179,137,123,87,0,56,60,56,65,42,1,121,119,81,58,45
20232,D,발달상권,3120010,원남동사거리,4095,2287,1808,50,1544,1304,651,377,169,2,585,792,484,292,132,48,959,512,167,85,37
20232,R,전통시장,3130017,동대문상가C동,12,9,3,0,1,4,4,2,1,0,1,4,3,0,1,0,0,0,1,2,0
20232,D,발달상권,3120016,동대문역,182,115,67,1,10,24,42,40,65,0,6,12,20,28,49,1,4,12,22,12,16
20232,A,골목상권,3110034,창신1동주민센터,41,35,6,0,2,1,14,13,11,0,2,1,10,11,11,0,0,0,4,2,0
20232,A,골목상권,3110014,경복고등학교,194,82,112,0,28,54,40,44,28,0,4,14,21,24,19,0,24,40,19,20,9
20232,A,골목상권,3110001,이북5도청사,1048,625,423,4,130,286,237,257,134,0,48,170,160,167,80,4,82,116,77,90,54
20232,A,골목상권,3110286,한성대입구역 5번,986,472,514,17,187,285,318,122,57,8,70,127,144,83,40,9,117,158,174,39,17
20232,R,전통시장,3130036,중부시장(신중부시장),3089,921,2168,8,1868,593,250,198,172,3,316,189,171,120,122,5,1552,404,79,78,50
20232,D,발달상권,3120033,을지로4가역,867,437,430,7,127,212,194,201,126,1,44,107,99,89,97,6,83,105,95,112,29
20232,U,관광특구,3001492,명동 남대문 북창동 다동 무교동 관광특구,104830,53674,51156,423,27134,34007,23384,15726,4156,137,8860,16080,15133,10824,2640,286,18274,17927,8251,4902,1516
20232,D,발달상권,3120023,서울시청,10242,5534,4708,15,2234,3260,2778,1425,530,4,852,1657,1658,983,380,11,1382,1603,1120,442,150
20232,R,전통시장,3130031,청계천공구상가,921,698,223,2,101,281,234,159,144,1,64,230,181,104,118,1,37,51,53,55,26
20232,D,발달상권,3120021,시청역_8번,23737,14953,8784,73,4071,8120,7087,3484,902,13,1699,4433,5165,2993,650,60,2372,3687,1922,491,252
20232,A,골목상권,3110053,청구역 1번,281,166,115,0,52,69,69,54,37,0,23,45,43,27,28,0,29,24,26,27,9
20232,R,전통시장,3130049,신당 미래유산 먹거리 골목형상점가,42,19,23,0,3,5,9,13,12,0,1,3,0,7,8,0,2,2,9,6,4
20232,D,발달상권,3120043,서울역,22578,15322,7256,58,4087,7782,5513,3664,1474,27,2087,4897,4201,3033,1077,31,2000,2885,1312,631,397
20232,A,골목상권,3110040,중구회현체육센터(정화예술대남산캠퍼스),165,78,87,0,33,30,40,37,25,0,14,15,17,13,19,0,19,15,23,24,6
20232,D,발달상권,3120024,회현역,2167,1364,803,2,341,795,582,250,197,1,146,473,416,192,136,1,195,322,166,58,61
20232,A,골목상권,3110039,회현역 1번,49,26,23,0,2,8,12,14,13,0,0,4,9,8,5,0,2,4,3,6,8
20232,R,전통시장,3130024,남대문시장(자유상가),732,426,306,2,54,129,172,177,198,1,15,75,95,108,132,1,39,54,77,69,66
20232,R,전통시장,3130022,숭례문수입상가(남대문시장),1907,850,1057,0,330,855,598,113,11,0,55,378,338,70,9,0,275,477,260,43,2
20232,D,발달상권,3120045,남영동 먹자골목,4044,1580,2464,7,424,908,1421,1162,122,1,257,576,502,205,39,6,167,332,919,957,83
20232,R,전통시장,3130060,신흥시장,4,1,3,0,0,2,0,2,0,0,0,1,0,0,0,0,0,1,0,2,0
20232,A,골목상권,3110072,열정도,374,244,130,6,108,96,78,51,35,0,51,71,62,37,23,6,57,25,16,14,12
20232,A,골목상권,3110059,새남터성지,385,307,78,0,38,71,113,138,25,0,21,48,99,124,15,0,17,23,14,14,10
20211,U,관광특구,3001491,이태원 관광특구,5839,3064,2775,28,1377,2065,1290,768,311,18,514,986,777,541,228,10,863,1079,513,227,83
20232,A,골목상권,3110069,숙대입구,825,291,534,3,200,296,163,87,76,3,34,92,77,40,45,0,166,204,86,47,31
20232,A,골목상권,3110095,한강진역 3번,1186,801,385,16,160,326,321,298,65,8,61,235,227,226,44,8,99,91,94,72,21
20232,A,골목상권,3110097,한남초등학교,7,4,3,0,2,3,2,0,0,0,0,2,2,0,0,0,2,1,0,0,0
20232,A,골목상권,3110077,삼광초등학교,385,317,68,0,37,86,148,98,16,0,21,66,130,88,12,0,16,20,18,10,4
20232,A,골목상권,3110103,옥수터널,13,11,2,1,0,2,2,6,2,0,0,2,2,5,2,1,0,0,0,1,0
20232,R,전통시장,3130073,뚝도시장,45,17,28,1,3,10,9,11,11,0,0,2,4,5,6,1,3,8,5,6,5
20232,A,골목상권,3110137,성수초등학교,6605,4295,2310,31,1016,1740,1836,1344,638,22,557,1152,1250,828,486,9,459,588,586,516,152
20232,A,골목상권,3110138,송정체육공원,160,79,81,0,15,27,53,41,24,0,4,12,21,23,19,0,11,15,32,18,5
20232,D,발달상권,3120057,아차산역,2218,1220,998,52,412,432,503,468,351,19,236,257,289,206,213,33,176,175,214,262,138
20232,A,골목상권,3110150,중곡1동 마을마당,1179,698,481,1,197,352,252,217,160,1,83,194,161,132,127,0,114,158,91,85,33
20232,A,골목상권,3110177,동의초등학교,112,81,31,0,6,25,28,32,21,0,3,14,19,26,19,0,3,11,9,6,2
20232,A,골목상권,3110175,푸른동산공원,367,233,134,0,41,73,108,86,59,0,24,48,69,53,39,0,17,25,39,33,20
20232,A,골목상권,3110146,신자초등학교,742,537,205,0,50,81,212,276,123,0,25,45,160,209,98,0,25,36,52,67,25
20232,A,골목상권,3110195,동대문구청,221,115,106,0,41,58,47,40,35,0,12,28,23,27,25,0,29,30,24,13,10
20232,A,골목상권,3110189,제기동역 1번,1538,1086,452,1,233,490,342,167,305,0,98,349,286,136,217,1,135,141,56,31,88
20232,A,골목상권,3110214,경희대후문,86,42,44,0,18,17,24,17,10,0,6,6,13,10,7,0,12,11,11,7,3
20232,A,골목상권,3110224,외대앞역 2번,96,41,55,0,9,14,16,29,28,0,2,4,9,18,8,0,7,10,7,11,20
20232,A,골목상권,3110232,동대부고,579,413,166,0,41,71,119,175,173,0,14,38,80,134,147,0,27,33,39,41,26
20232,A,골목상권,3110201,전농119안전센터,27,11,16,0,2,1,9,10,5,0,1,0,3,4,3,0,1,1,6,6,2
20232,R,전통시장,3130099,전농로터리시장,7,3,4,0,1,0,2,3,1,0,0,0,1,1,1,0,1,0,1,2,0
20232,R,전통시장,3130090,청량리종합시장,19,13,6,0,1,4,3,5,6,0,1,2,3,3,4,0,0,2,0,2,2
20232,A,골목상권,3110190,고대앞사거리,195,92,103,0,22,34,34,45,60,0,4,18,22,19,29,0,18,16,12,26,31
20232,A,골목상권,3110196,홍릉근린공원,23,12,11,0,1,6,8,5,3,0,1,4,3,2,2,0,0,2,5,3,1
20232,D,발달상권,3120065,회기역,323,205,118,3,48,55,87,76,54,1,27,39,48,49,41,2,21,16,39,27,13
20232,A,골목상권,3110215,회기역 1번,28,18,10,0,3,4,9,7,5,0,3,2,6,3,4,0,0,2,3,4,1
20232,A,골목상권,3110222,회기역 2번,20,17,3,0,0,3,2,6,9,0,0,2,2,4,9,0,0,1,0,2,0
20232,A,골목상권,3110273,장스여성병원,610,446,164,7,31,37,75,209,251,0,4,8,37,168,229,7,27,29,38,41,22
20232,A,골목상권,3110260,면목역 3번,126,74,52,0,24,21,24,29,28,0,14,8,12,20,20,0,10,13,12,9,8
20232,R,전통시장,3130105,장미제일시장(중화동제일시장),63,27,36,0,8,14,22,11,8,0,3,6,14,3,1,0,5,8,8,8,7
20232,A,골목상권,3110257,상봉역 7번,397,330,67,0,17,18,50,133,179,0,6,11,34,118,161,0,11,7,16,15,18
20232,A,골목상권,3110238,배꽃어린이공원,66,48,18,0,6,7,15,23,15,0,4,5,9,15,15,0,2,2,6,8,0
20232,A,골목상권,3110303,성신여대입구역 1번,139,98,41,1,7,35,44,27,25,0,2,22,28,25,21,1,5,13,16,2,4
20232,A,골목상권,3110305,보문역 5번,883,661,222,3,165,255,173,133,154,1,99,199,129,103,130,2,66,56,44,30,24
20232,D,발달상권,3120070,한성대입구역,466,180,286,2,83,69,78,113,121,2,21,31,37,38,51,0,62,38,41,75,70
20232,A,골목상권,3110331,돌곶이역 8번,441,297,144,3,54,146,113,78,47,0,17,105,83,55,37,3,37,41,30,23,10
20232,A,골목상권,3110334,석관중앙교회,170,105,65,0,21,43,31,41,34,0,8,19,19,29,30,0,13,24,12,12,4
20232,A,골목상권,3110293,삼선중학교,1730,860,870,4,248,467,527,319,165,3,116,277,268,111,85,1,132,190,259,208,80
20232,A,골목상권,3110283,성북초등학교앞,203,78,125,0,16,33,56,80,18,0,8,10,23,27,10,0,8,23,33,53,8
20232,A,골목상권,3110285,홍대부중,814,559,255,9,219,220,210,100,56,6,118,172,163,69,31,3,101,48,47,31,25
20232,A,골목상권,3110312,안암역 2번,150,81,69,0,13,19,47,46,25,0,7,14,24,22,14,0,6,5,23,24,11
20232,A,골목상권,3110316,숭곡초등학교,439,217,222,2,68,114,129,88,38,2,19,58,73,42,23,0,49,56,56,46,15
20232,A,골목상권,3110322,장위1동주민센터,319,224,95,1,33,37,59,95,94,0,25,31,44,66,58,1,8,6,15,29,36
20232,A,골목상권,3110294,서경대학교,391,262,129,0,35,30,93,120,113,0,18,14,46,87,97,0,17,16,47,33,16
20232,A,골목상권,3110319,종암동주민센터,454,111,343,1,46,51,89,146,121,0,8,19,24,32,28,1,38,32,65,114,93
20232,A,골목상권,3110364,미아역 8번,146,75,71,0,9,26,51,39,21,0,3,9,25,23,15,0,6,17,26,16,6
20232,A,골목상권,3110381,번동주공2단지,171,88,83,5,31,28,38,55,14,4,11,14,21,30,8,1,20,14,17,25,6
20232,R,전통시장,3130131,동북프라자,121,49,72,0,9,23,37,29,23,0,4,8,17,9,11,0,5,15,20,20,12
20232,A,골목상권,3110371,삼양입구사거리,49,23,26,0,2,7,10,19,11,0,0,3,5,10,5,0,2,4,5,9,6
20232,A,골목상권,3110363,송천동주민센터,19,12,7,0,0,4,3,7,5,0,0,3,1,4,4,0,0,1,2,3,1
20232,A,골목상권,3110361,삼양사거리역 1번,101,29,72,0,9,12,19,28,33,0,2,4,3,7,13,0,7,8,16,21,20
20232,A,골목상권,3110360,수유초등학교,321,222,99,0,34,61,63,67,96,0,7,43,42,44,86,0,27,18,21,23,10
20232,A,골목상권,3110357,가오리역 1번,725,611,114,0,25,36,171,340,153,0,4,18,146,310,133,0,21,18,25,30,20
20232,A,골목상권,3110340,인수중학교,176,99,77,0,24,55,50,29,18,0,8,43,31,7,10,0,16,12,19,22,8
20232,A,골목상권,3110341,북한산우이역 2번,496,411,85,0,15,25,80,258,118,0,4,10,52,237,108,0,11,15,28,21,10
20232,A,골목상권,3110390,방학초등학교,231,110,121,0,18,63,68,58,24,0,7,36,28,27,12,0,11,27,40,31,12
20232,A,골목상권,3110408,가인초등학교,355,105,250,0,66,70,100,85,34,0,12,24,32,21,16,0,54,46,68,64,18
20232,A,골목상권,3110433,공릉역 2번,401,137,264,1,30,41,46,46,237,1,17,30,25,18,46,0,13,11,21,28,191
20232,R,전통시장,3130157,상계중앙시장,68,35,33,0,14,17,13,15,9,0,8,13,6,6,2,0,6,4,7,9,7
20232,A,골목상권,3110423,석계역 2번,280,104,176,0,27,29,65,73,86,0,9,15,31,29,20,0,18,14,34,44,66
20232,D,발달상권,3120090,연신내역,796,297,499,5,187,160,183,154,107,1,65,66,64,53,48,4,122,94,119,101,59
20232,A,골목상권,3110462,갈현건영아파트,335,216,119,1,40,61,100,72,61,1,23,36,61,48,47,0,17,25,39,24,14
20232,R,전통시장,3130170,제일시장,58,26,32,1,7,9,13,19,9,1,2,2,5,11,5,0,5,7,8,8,4
20232,A,골목상권,3110481,불광역 7번,199,89,110,0,13,44,41,60,41,0,2,23,11,25,28,0,11,21,30,35,13
20232,A,골목상권,3110443,수색역 1번,20,12,8,0,1,2,7,6,4,0,0,2,2,4,4,0,1,0,5,2,0
20232,A,골목상권,3110459,응암역 2번,547,198,349,1,50,105,159,154,78,0,9,38,77,41,33,1,41,67,82,113,45
20232,A,골목상권,3110468,응암역 3번,1202,526,676,2,142,266,324,272,196,0,45,119,142,116,104,2,97,147,182,156,92
20232,A,골목상권,3110478,응암1동주민센터,355,220,135,2,26,37,56,56,178,2,16,23,28,32,119,0,10,14,28,24,59
20232,A,골목상권,3110463,응암3동주민센터,123,54,69,0,7,23,36,26,31,0,3,6,14,11,20,0,4,17,22,15,11
20232,R,전통시장,3130161,증산종합시장,8,5,3,0,0,1,2,2,3,0,0,0,1,2,2,0,0,1,1,0,1
20232,A,골목상권,3110507,명지대학교,1537,1156,381,29,392,636,318,129,33,26,257,481,282,83,27,3,135,155,36,46,6
20232,A,골목상권,3110495,북가좌2동주민센터,501,372,129,0,28,67,125,185,96,0,11,45,88,152,76,0,17,22,37,33,20
20232,R,전통시장,3130179,"이화여대 3,5,7길 상점가",147,65,82,3,34,15,41,31,23,1,12,3,14,17,18,2,22,12,27,14,5
20232,A,골목상권,3110528,서울여자간호대학교,324,160,164,0,11,25,38,72,178,0,10,14,20,24,92,0,1,11,18,48,86
20232,A,골목상권,3110580,양원초등학교,78,20,58,0,3,6,16,25,28,0,0,1,3,11,5,0,3,5,13,14,23
20232,A,골목상권,3110568,광흥창역 1번,67,32,35,0,12,21,14,15,5,0,4,10,6,9,3,0,8,11,8,6,2
20232,A,골목상권,3110545,마포구청역 1번,789,460,329,1,64,151,210,235,128,1,24,92,106,146,91,0,40,59,104,89,37
20232,A,골목상권,3110584,아현역 4번,49,13,36,0,4,7,14,13,11,0,0,0,2,5,6,0,4,7,12,8,5
20232,A,골목상권,3110556,절두산순교성지,176,112,64,3,17,42,58,39,17,3,8,27,39,24,11,0,9,15,19,15,6
20232,D,발달상권,3120109,서울남부지방법원,608,342,266,2,56,104,110,170,166,1,18,40,50,104,129,1,38,64,60,66,37
20232,A,골목상권,3110622,달마을공원,458,261,197,0,58,90,102,138,70,0,26,47,63,65,60,0,32,43,39,73,10
20232,A,골목상권,3110601,신월1동우편취급국,1200,814,386,3,116,180,274,437,190,1,61,115,183,309,145,2,55,65,91,128,45
20232,A,골목상권,3110598,신월문화체육센터,381,174,207,0,16,50,101,131,83,0,4,22,40,60,48,0,12,28,61,71,35
20232,A,골목상권,3110609,신정네거리역 2번,1377,1358,19,0,14,15,52,171,1125,0,10,11,45,168,1124,0,4,4,7,3,1
20232,A,골목상권,3110652,양천향교역 2번,643,483,160,0,70,131,146,169,127,0,32,102,104,139,106,0,38,29,42,30,21
20232,A,골목상권,3110675,화곡4동주민센터,235,161,74,0,13,45,60,59,58,0,6,28,34,46,47,0,7,17,26,13,11
20232,A,골목상권,3110672,백석중학교,168,91,77,1,26,41,35,49,16,1,19,23,14,23,11,0,7,18,21,26,5
20232,A,골목상권,3110660,등촌3동주민센터,4614,2039,2575,10,469,707,766,1291,1371,5,197,427,424,447,539,5,272,280,342,844,832
20232,A,골목상권,3110645,우장산역 4번,782,381,401,0,63,120,238,219,142,0,32,60,86,88,115,0,31,60,152,131,27
20232,R,전통시장,3130213,방신전통시장,112,77,35,0,13,20,25,29,25,0,10,18,14,14,21,0,3,2,11,15,4
20232,A,골목상권,3110630,공항시장역 1번,1472,1008,464,0,157,294,298,328,395,0,67,180,202,240,319,0,90,114,96,88,76
20232,R,전통시장,3130212,공항시장,8,6,2,0,1,0,3,2,2,0,1,0,3,0,2,0,0,0,0,2,0
20232,A,골목상권,3110640,방화역 1번,1019,638,381,3,139,292,240,195,150,3,62,119,167,158,129,0,77,173,73,37,21
20232,A,골목상권,3110655,발산역 5번,589,356,233,0,97,156,148,113,75,0,29,94,98,77,58,0,68,62,50,36,17
20232,D,발달상권,3120126,디지털단지오거리,135,86,49,0,11,30,48,26,20,0,2,16,38,15,15,0,9,14,10,11,5
20232,A,골목상권,3110692,큰굴다리,233,148,85,0,12,52,54,66,49,0,7,19,35,49,38,0,5,33,19,17,11
20232,A,골목상권,3110695,개봉1동주민센터,537,312,225,1,56,150,140,121,69,1,31,97,72,64,47,0,25,53,68,57,22
20232,R,전통시장,3130226,고척프라자,2,2,0,0,1,1,0,0,0,0,1,1,0,0,0,0,0,0,0,0,0
20232,A,골목상권,3110714,구로4동주민센터,261,149,112,0,32,43,54,76,56,0,7,18,31,50,43,0,25,25,23,26,13
20232,A,골목상권,3110708,화원어린이공원,71,33,38,0,10,12,15,24,10,0,3,4,7,10,9,0,7,8,8,14,1
20232,A,골목상권,3110715,구로구민회관,84,59,25,0,12,13,29,23,7,0,5,10,19,19,6,0,7,3,10,4,1
20232,A,골목상권,3110713,구로보건소,2668,1817,851,5,474,650,706,533,300,3,323,472,514,332,173,2,151,178,192,201,127
20232,A,골목상권,3110718,한국SGI본부,1614,1061,553,3,308,462,397,336,108,3,167,313,292,220,66,0,141,149,105,116,42
20232,A,골목상권,3110707,구로창업지원센터,1045,760,285,4,141,266,246,253,135,3,78,195,185,186,113,1,63,71,61,67,22
20232,D,발달상권,3120123,오류동역,2120,1645,475,1,313,413,505,594,294,0,276,331,389,425,224,1,37,82,116,169,70
20232,A,골목상권,3110726,금천철쭉어린이공원(금하마을),222,172,50,0,19,25,41,62,75,0,17,16,22,45,72,0,2,9,19,17,3
20232,A,골목상권,3110727,독산역 1번 출입구,659,514,145,4,72,152,169,191,71,4,48,118,128,165,51,0,24,34,41,26,20
20232,A,골목상권,3110738,문성초등학교,249,125,124,0,17,27,65,90,50,0,12,14,34,40,25,0,5,13,31,50,25
20232,A,골목상권,3110744,독산동성당,486,292,194,0,31,86,125,152,92,0,22,53,69,89,59,0,9,33,56,63,33
20232,R,전통시장,3130232,독산동 맛나는거리상점가(독산동 맛나는거리),33,24,9,0,3,12,5,10,3,0,2,9,4,6,3,0,1,3,1,4,0
20232,D,발달상권,3120133,서울시흥동우체국(홈플러스시흥점),154,66,88,1,16,23,31,43,40,1,7,11,15,12,20,0,9,12,16,31,20
20232,A,골목상권,3110734,금천파출소,92,47,45,0,7,11,21,29,24,0,3,5,14,13,12,0,4,6,7,16,12
20232,R,전통시장,3130236,비단길현대시장(현대시장),139,42,97,0,13,23,49,40,14,0,4,3,12,17,6,0,9,20,37,23,8
20232,A,골목상권,3110747,석수역 1번 출입구,813,612,201,0,46,81,166,224,296,0,27,52,102,165,266,0,19,29,64,59,30
20232,A,골목상권,3110754,삼성산자연공원(서울금천초등학교),202,76,126,1,21,41,48,41,50,0,6,18,29,10,13,1,15,23,19,31,37
20232,D,발달상권,3120138,당산2동(영등포우체국),2754,1653,1101,23,745,579,479,488,440,15,395,347,312,309,275,8,350,232,167,179,165
20232,A,골목상권,3110781,대림한신아파트,182,112,70,0,23,29,51,38,41,0,8,16,34,23,31,0,15,13,17,15,10
20232,A,골목상권,3110776,도신초등학교,168,106,62,0,12,20,48,63,25,0,11,10,35,34,16,0,1,10,13,29,9
20232,A,골목상권,3110792,영등포역 2번,3343,1737,1606,28,554,856,830,851,224,11,223,385,459,526,133,17,331,471,371,325,91
20232,D,발달상권,3120137,문래역(문래로데오거리),50,21,29,2,11,8,13,12,4,0,4,1,7,7,2,2,7,7,6,5,2
20232,A,골목상권,3110812,신길6동주민센터,363,245,118,0,69,115,106,50,23,0,34,78,85,29,19,0,35,37,21,21,4
20232,A,골목상권,3110798,신풍역 2번,53,20,33,0,2,13,14,13,11,0,0,3,3,6,8,0,2,10,11,7,3
20232,A,골목상권,3110811,보라매역 4번,187,94,93,0,22,41,49,52,23,0,8,22,18,27,19,0,14,19,31,25,4
20232,A,골목상권,3110756,문래중학교,275,179,96,0,48,79,78,35,35,0,21,58,52,21,27,0,27,21,26,14,8
20232,R,전통시장,3130257,영등포시장기계공구상가,158,116,42,0,11,26,33,47,41,0,7,16,22,37,34,0,4,10,11,10,7
20232,A,골목상권,3110800,영등포동성당,227,153,74,0,26,34,61,66,40,0,13,22,37,46,35,0,13,12,24,20,5
20232,A,골목상권,3110806,서울시립영등포장애인복지관,76,42,34,0,18,30,13,13,2,0,5,16,9,11,1,0,13,14,4,2,1
20232,A,골목상권,3110820,성남고등학교,3101,2470,631,1,651,742,555,991,161,0,438,581,448,879,124,1,213,161,107,112,37
20232,D,발달상권,3120156,"총신대입구역(이수, 총신대)",3366,1461,1905,14,640,802,748,644,518,7,213,337,380,258,266,7,427,465,368,386,252
20232,A,골목상권,3110839,숭실대입구역 4번,187,67,120,0,10,51,57,46,23,0,2,14,22,11,18,0,8,37,35,35,5
20232,A,골목상권,3110833,상도역 2번,255,163,92,2,20,61,74,74,24,0,17,49,47,34,16,2,3,12,27,40,8
20232,A,골목상권,3110819,신대방역 4번,456,226,230,0,62,93,114,73,114,0,14,33,50,48,81,0,48,60,64,25,33
20232,A,골목상권,3110876,서원동주민센터(신관중학교),49,29,20,0,5,9,16,9,10,0,2,4,10,4,9,0,3,5,6,5,1
20232,R,전통시장,3130284,관악종합시장(신원시장),17,10,7,0,0,1,3,10,3,0,0,1,1,6,2,0,0,0,2,4,1
20232,A,골목상권,3110901,인헌고등학교(인헌중학교),245,143,102,3,39,58,73,51,21,3,21,35,38,30,16,0,18,23,35,21,5
20232,R,전통시장,3130275,강남골목시장,164,121,43,0,17,38,46,34,29,0,15,32,30,23,21,0,2,6,16,11,8
20232,D,발달상권,3120185,논현역,12723,7377,5346,29,2723,4108,3218,1875,770,10,1037,2421,2225,1194,490,19,1686,1687,993,681,280
20232,A,골목상권,3110908,구반포역,1517,376,1141,0,66,110,396,804,141,0,42,53,71,141,69,0,24,57,325,663,72
20232,A,골목상권,3110916,내방역 4번,1152,592,560,9,216,272,301,208,146,6,58,167,187,91,83,3,158,105,114,117,63
20232,A,골목상권,3110914,내방역 6번,146,116,30,0,26,31,37,26,26,0,17,26,26,24,23,0,9,5,11,2,3
20232,A,골목상권,3110919,내방역 8번,1289,936,353,3,122,279,365,332,188,1,51,165,297,279,143,2,71,114,68,53,45
20232,D,발달상권,3120179,양재역,20226,15999,4227,55,2836,6941,4949,3795,1650,32,1949,5811,4124,2895,1188,23,887,1130,825,900,462
20232,A,골목상권,3110981,국악고교사거리,361,216,145,2,57,77,110,81,34,0,27,36,72,56,25,2,30,41,38,25,9
20232,D,발달상권,3120191,학동역,13888,8123,5765,40,2898,3769,2969,1869,2343,17,1128,2152,2012,1134,1680,23,1770,1617,957,735,663
20232,A,골목상권,3110952,논현목련공원,117,65,52,0,21,23,27,22,24,0,9,13,13,14,16,0,12,10,14,8,8
20232,A,골목상권,3110953,학동근린공원,2487,1583,904,15,679,891,571,218,113,0,336,572,409,180,86,15,343,319,162,38,27
20232,A,골목상권,3110968,강남구청역 2번,1023,596,427,7,327,204,133,121,231,4,177,117,81,68,149,3,150,87,52,53,82
20232,D,발달상권,3120203,강남구청역,7726,4602,3124,27,1589,2070,1890,1381,769,8,650,1218,1293,882,551,19,939,852,597,499,218
20232,A,골목상권,3110966,논현2동주민센터,1634,1016,618,18,470,498,299,216,133,7,256,298,200,146,109,11,214,200,99,70,24
20232,A,골목상권,3110996,대치2동주민센터,1940,1218,722,2,81,274,345,337,901,0,47,206,276,245,444,2,34,68,69,92,457
20232,A,골목상권,3110982,강남구보훈회관,166,74,92,0,31,34,41,41,19,0,7,13,25,14,15,0,24,21,16,27,4
20232,A,골목상권,3111002,한국교통안전공단 강남자동차검사소,317,115,202,0,22,63,65,96,71,0,7,31,21,26,30,0,15,32,44,70,41
20232,A,골목상권,3110973,강남구청역 4번,1448,784,664,4,275,332,289,269,279,1,146,203,162,128,144,3,129,129,127,141,135
20232,A,골목상권,3110987,영동대교남단,410,201,209,1,80,64,74,101,90,1,40,36,31,40,53,0,40,28,43,61,37
20232,A,골목상권,3111022,석촌중학교(방이육교),686,344,342,1,59,145,176,222,83,0,37,95,98,70,44,1,22,50,78,152,39
20232,A,골목상권,3111041,거여역 8번,411,336,75,1,102,118,81,62,47,1,84,93,67,50,41,0,18,25,14,12,6
20232,D,발달상권,3120236,장지역(가든파이브),4622,3221,1401,15,678,1056,1076,989,808,10,373,711,778,710,639,5,305,345,298,279,169
20232,A,골목상권,3111014,송파나루역 2번,521,273,248,1,42,75,119,190,94,0,21,42,67,83,60,1,21,33,52,107,34
20232,A,골목상권,3111031,장지동주민센터(한림연예예술고교),3127,2317,810,8,263,415,651,857,933,2,170,330,497,648,670,6,93,85,154,209,263
20232,R,전통시장,3130314,풍납시장,203,100,103,1,24,42,50,61,25,1,15,27,22,19,16,0,9,15,28,42,9
20232,D,발달상권,3120242,강동구청역,4533,2940,1593,33,536,1064,1057,894,949,13,287,678,696,560,706,20,249,386,361,334,243
20232,A,골목상권,3111084,길동신동아아파트,169,104,65,2,27,32,37,58,13,2,21,23,24,25,9,0,6,9,13,33,4
20232,A,골목상권,3111073,둔촌동역 1번(한산중학교),973,578,395,1,134,224,250,206,158,1,58,122,160,124,113,0,76,102,90,82,45
20232,D,발달상권,3120248,명일역,859,331,528,4,114,141,223,203,174,2,41,59,84,68,77,2,73,82,139,135,97
20232,D,발달상권,3120249,고덕역,1359,916,443,3,172,305,337,317,225,1,75,198,249,221,172,2,97,107,88,96,53
20232,R,전통시장,3130319,성내전통시장,47,31,16,0,3,8,14,10,12,0,3,4,9,7,8,0,0,4,5,3,4
20232,A,골목상권,3111072,굽은다리역 1번(십자성마을),747,473,274,1,59,119,201,187,180,0,20,70,116,127,140,1,39,49,85,60,40
20232,R,전통시장,3130322,고분다리전통시장,7,4,3,0,0,0,2,4,1,0,0,0,1,2,1,0,0,0,1,2,0
20232,D,발달상권,3120001,서대문역,1510,1022,488,1,265,530,359,278,77,1,106,344,272,237,62,0,159,186,87,41,15
20232,A,골목상권,3110004,대신고등학교,32,14,18,0,3,4,8,14,3,0,1,0,3,8,2,0,2,4,5,6,1
20232,A,골목상권,3110002,독립문역 1번,475,121,354,1,146,140,118,44,26,1,25,25,41,14,15,0,121,115,77,30,11
20232,D,발달상권,3120062,신설동역,12648,5435,7213,13,1214,2604,3451,3483,1883,2,444,1433,1624,1125,807,11,770,1171,1827,2358,1076
20232,A,골목상권,3110025,충신시장옆,213,129,84,2,17,46,63,56,29,0,6,23,43,33,24,2,11,23,20,23,5
20232,D,발달상권,3120011,종로4가,2984,1666,1318,5,420,1022,880,515,142,0,165,497,518,378,108,5,255,525,362,137,34
20232,D,발달상권,3120008,인사동,22070,13019,9051,1263,7895,5069,3940,2756,1147,589,4005,3077,2666,2006,676,674,3890,1992,1274,750,471
20232,R,전통시장,3130012,"동대문종합시장(동대문종합시장 신관, 동대문종합시장D동상가)",1319,965,354,2,156,325,348,339,149,0,116,251,238,247,113,2,40,74,110,92,36
20232,R,전통시장,3130014,동문시장,17,8,9,0,0,6,4,4,3,0,0,2,1,3,2,0,0,4,3,1,1
20232,R,전통시장,3130015,창신골목시장,22,12,10,0,0,2,8,9,3,0,0,2,6,2,2,0,0,0,2,7,1
20232,A,골목상권,3110031,창신역 1번,72,57,15,0,11,17,12,21,11,0,8,11,11,17,10,0,3,6,1,4,1
20232,A,골목상권,3110016,평창동동측,2303,1051,1252,9,318,614,663,433,266,4,126,304,354,163,100,5,192,310,309,270,166
20232,A,골목상권,3110020,서울국제고등학교,593,291,302,1,141,279,101,49,22,1,41,139,70,26,14,0,100,140,31,23,8
20232,A,골목상권,3110048,장충동주민센터,5315,2706,2609,21,867,1339,1513,1367,208,5,338,768,756,707,132,16,529,571,757,660,76
20232,A,골목상권,3110046,버티고개,104,74,30,0,6,23,40,28,7,0,3,17,28,20,6,0,3,6,12,8,1
20232,A,골목상권,3110047,다산성곽길,160,89,71,0,36,43,36,27,18,0,23,29,21,7,9,0,13,14,15,20,9
20232,R,전통시장,3130051,동화동 골목형상점가,391,156,235,1,82,94,98,66,50,1,18,25,43,36,33,0,64,69,55,30,17
20232,R,전통시장,3130053,백학시장,160,69,91,0,22,24,46,37,31,0,8,8,20,15,18,0,14,16,26,22,13
20232,A,골목상권,3110110,상왕십리역 6번,87,54,33,1,12,16,24,18,16,1,7,11,13,10,12,0,5,5,11,8,4
20232,R,전통시장,3130042,약수시장,158,67,91,2,36,30,40,21,29,2,9,9,19,8,20,0,27,21,21,13,9
20232,A,골목상권,3110591,충정로역 6번,87,48,39,0,15,19,21,28,4,0,9,9,11,16,3,0,6,10,10,12,1
20232,R,전통시장,3130062,보광시장,39,16,23,0,1,7,11,15,5,0,0,3,4,6,3,0,1,4,7,9,2
20232,A,골목상권,3110086,이태원역 북측,9244,3609,5635,12,3187,3891,1654,428,72,3,733,1558,905,355,55,9,2454,2333,749,73,17
20232,A,골목상권,3110085,경리단길남측,532,260,272,4,98,163,148,67,52,2,40,59,78,41,40,2,58,104,70,26,12
20232,A,골목상권,3110066,서울역 15번,748,467,281,6,152,227,156,125,82,3,81,151,104,66,62,3,71,76,52,59,20
20232,A,골목상권,3110105,금동어린이공원,38,17,21,0,1,7,11,10,9,0,0,2,3,6,6,0,1,5,8,4,3
20232,A,골목상권,3110116,청계천박물관,4825,3644,1181,29,323,769,1077,1762,865,26,206,565,875,1315,657,3,117,204,202,447,208
20232,A,골목상권,3110128,성원중학교,911,573,338,1,98,165,255,266,126,1,53,94,157,170,98,0,45,71,98,96,28
20232,A,골목상권,3110120,서울숲카페거리,79,49,30,0,8,12,35,18,6,0,3,8,23,10,5,0,5,4,12,8,1
20232,A,골목상권,3110124,뚝섬역교차로,1253,1006,247,7,170,155,222,312,387,6,94,111,169,268,358,1,76,44,53,44,29
20232,A,골목상권,3110129,성원어린이공원,640,405,235,1,65,118,131,180,145,0,35,70,86,107,107,1,30,48,45,73,38
20232,A,골목상권,3110132,성수2가3동주민센터,786,521,265,0,97,182,220,197,90,0,67,133,145,108,68,0,30,49,75,89,22
20232,A,골목상권,3110111,대현산장미원,51,40,11,0,6,7,6,17,15,0,6,4,4,13,13,0,0,3,2,4,2
20232,A,골목상권,3110166,구의1동주민센터,552,292,260,1,70,121,177,115,68,1,20,59,99,60,53,0,50,62,78,55,15
20232,A,골목상권,3110160,광진경찰서,819,680,139,0,149,322,180,157,11,0,110,261,150,149,10,0,39,61,30,8,1
20232,D,발달상권,3120054,어린이대공원역,1196,805,391,0,61,141,304,441,249,0,17,79,201,322,186,0,44,62,103,119,63
20232,A,골목상권,3110145,장안초등학교,7,4,3,0,0,1,2,3,1,0,0,0,1,3,0,0,0,1,1,0,1
20232,D,발달상권,3120055,군자역,4255,2030,2225,33,1138,780,911,991,402,23,548,430,436,330,263,10,590,350,475,661,139
20232,A,골목상권,3110164,아차산역 5번,731,494,237,3,111,126,143,164,184,0,61,77,101,112,143,3,50,49,42,52,41
20232,R,전통시장,3130076,능동로골목시장,93,70,23,0,2,11,16,17,47,0,1,4,14,11,40,0,1,7,2,6,7
20232,A,골목상권,3110158,중곡3동주민센터,715,518,197,1,113,210,184,138,69,0,73,168,123,104,50,1,40,42,61,34,19
20232,R,전통시장,3130100,답십리시장,93,40,53,2,19,25,23,11,13,2,4,9,11,6,8,0,15,16,12,5,5
20232,A,골목상권,3110227,답십리공원,229,93,136,0,16,30,77,84,22,0,13,16,27,23,14,0,3,14,50,61,8
20232,A,골목상권,3110181,신설동역 9번,1864,1212,652,12,209,232,286,440,685,12,150,162,188,282,418,0,59,70,98,158,267
20232,A,골목상권,3110192,동의보감타워,70,45,25,0,7,10,25,16,12,0,2,6,17,10,10,0,5,4,8,6,2
20232,A,골목상권,3110191,고려대역 6번,48,41,7,0,1,12,14,9,12,0,1,10,11,8,11,0,0,2,3,1,1
20232,R,전통시장,3130085,용두시장,4,2,2,0,0,0,1,2,1,0,0,0,0,1,1,0,0,0,1,1,0
20232,A,골목상권,3110182,용두희망어린이공원,370,249,121,0,38,71,108,87,66,0,20,47,67,64,51,0,18,24,41,23,15
20232,A,골목상권,3110223,군자초등학교,94,56,38,0,13,17,26,24,14,0,4,10,17,15,10,0,9,7,9,9,4
20232,A,골목상권,3110193,고려대역 4번,48,37,11,0,5,11,11,10,11,0,3,5,10,10,9,0,2,6,1,0,2
20232,A,골목상권,3110208,시조사삼거리,75,56,19,0,2,14,7,17,35,0,1,7,2,11,35,0,1,7,5,6,0
20232,R,전통시장,3130103,이경시장,16,8,8,0,0,1,2,2,11,0,0,1,1,1,5,0,0,0,1,1,6
20232,A,골목상권,3110270,혜원여고,168,148,20,0,4,5,7,70,82,0,4,3,6,59,76,0,0,2,1,11,6
20232,A,골목상권,3110274,서일대학교,523,360,163,0,46,59,135,146,137,0,8,37,89,115,111,0,38,22,46,31,26
20232,A,골목상권,3110277,러스크서울병원,145,78,67,0,12,30,29,43,31,0,4,13,16,23,22,0,8,17,13,20,9
20232,D,발달상권,3120068,사가정역,145,45,100,3,38,31,25,22,26,0,1,5,12,12,15,3,37,26,13,10,11
20232,A,골목상권,3110253,중곡초등학교,181,106,75,0,31,31,44,49,26,0,10,17,23,35,21,0,21,14,21,14,5
20232,A,골목상권,3110249,중화역 1번,764,479,285,0,68,129,205,203,159,0,31,61,105,139,143,0,37,68,100,64,16
20232,A,골목상권,3110250,화랑대역 7번,111,69,42,0,7,20,32,34,18,0,5,12,15,23,14,0,2,8,17,11,4
20232,R,전통시장,3130116,동성타워프라자,31,22,9,0,2,9,7,8,5,0,2,4,4,7,5,0,0,5,3,1,0
20232,A,골목상권,3110235,세화어린이공원,17,12,5,0,6,3,1,5,2,0,5,1,1,3,2,0,1,2,0,2,0
20232,A,골목상권,3110306,미아초등학교,317,218,99,2,13,50,81,77,94,0,3,29,53,50,83,2,10,21,28,27,11
20232,A,골목상권,3110304,보문역 4번,248,146,102,0,40,77,61,48,22,0,10,46,35,37,18,0,30,31,26,11,4
20232,A,골목상권,3110291,한성대입구역 3번,342,172,170,2,27,49,94,91,79,0,14,24,49,51,34,2,13,25,45,40,45
20232,A,골목상권,3110336,석관고등학교,94,84,10,0,3,17,16,37,21,0,3,15,13,34,19,0,0,2,3,3,2
20232,A,골목상권,3110335,석계역 7번,249,172,77,1,19,32,66,64,67,0,13,18,34,45,62,1,6,14,32,19,5
20232,A,골목상권,3110327,상월곡역 2번,118,60,58,0,8,17,42,31,20,0,3,8,24,14,11,0,5,9,18,17,9
20232,A,골목상권,3110330,돌곶이역 1번,220,172,48,0,12,18,33,31,126,0,4,12,20,23,113,0,8,6,13,8,13
20232,A,골목상권,3110332,돌곶이역 3번,164,63,101,0,28,29,42,47,18,0,6,18,19,14,6,0,22,11,23,33,12
20232,A,골목상권,3110347,구세군강북종합사회복지관,38,17,21,0,10,7,5,9,7,0,1,5,1,5,5,0,9,2,4,4,2
20232,R,전통시장,3130137,"수유전통시장(수유시장, 수유골목시장)",86,29,57,0,5,10,18,25,28,0,0,3,8,7,11,0,5,7,10,18,17
20232,A,골목상권,3110344,화계중학교,12,10,2,0,7,1,1,2,1,0,5,1,1,2,1,0,2,0,0,0,0
20232,A,골목상권,3110353,수유동우체국,187,91,96,0,4,18,48,60,57,0,1,12,33,27,18,0,3,6,15,33,39
20232,A,골목상권,3110337,아카데미하우스,512,368,144,6,70,69,94,159,114,6,43,58,60,98,103,0,27,11,34,61,11
20232,A,골목상권,3110397,도봉산입구,469,257,212,0,31,56,101,131,150,0,6,34,39,73,105,0,25,22,62,58,45
20232,A,골목상권,3110406,도봉산역 1번,634,573,61,0,10,29,139,292,164,0,3,17,126,276,151,0,7,12,13,16,13
20232,A,골목상권,3110387,쌍문초등학교,307,169,138,0,37,47,91,75,57,0,13,24,49,39,44,0,24,23,42,36,13
20232,A,골목상권,3110389,한일병원,209,120,89,0,23,37,57,53,39,0,10,19,35,30,26,0,13,18,22,23,13
20232,D,발달상권,3120079,창동역,1326,796,530,0,151,232,320,304,319,0,54,108,172,195,267,0,97,124,148,109,52
20232,A,골목상권,3110435,서울과학기술대,73,40,33,0,5,12,18,25,13,0,3,4,8,14,11,0,2,8,10,11,2
20232,A,골목상권,3110415,수락산역 4번,635,386,249,5,82,110,155,174,109,5,46,71,85,110,69,0,36,39,70,64,40
20232,A,골목상권,3110436,상계제일중학교,93,60,33,0,15,21,33,20,4,0,5,13,23,15,4,0,10,8,10,5,0
20232,A,골목상권,3110432,대진고등학교,894,734,160,0,55,146,248,343,102,0,27,96,214,311,86,0,28,50,34,32,16
20232,A,골목상권,3110483,연천초등학교,119,74,45,0,11,16,34,17,41,0,3,9,26,10,26,0,8,7,8,7,15
20232,A,골목상권,3110491,불광중학교,43,14,29,0,3,5,13,9,13,0,1,1,5,3,4,0,2,4,8,6,9
20232,D,발달상권,3120087,응암역,425,258,167,0,45,82,110,105,83,0,17,49,75,59,58,0,28,33,35,46,25
20232,A,골목상권,3110452,새절역 3번,373,317,56,1,10,36,63,123,140,1,7,25,47,107,130,0,3,11,16,16,10
20232,A,골목상권,3110471,응암동우체국,263,117,146,0,34,61,73,70,25,0,11,21,28,35,22,0,23,40,45,35,3
20232,A,골목상권,3110469,응암정보도서관,344,188,156,1,38,58,104,104,39,0,11,29,61,57,30,1,27,29,43,47,9
20232,R,전통시장,3130172,모래내시장(서중시장),19,8,11,0,1,4,5,6,3,0,0,1,2,4,1,0,1,3,3,2,2
20232,A,골목상권,3110497,가좌역 3번,325,253,72,0,17,43,89,123,53,0,3,17,75,115,43,0,14,26,14,8,10
20232,A,골목상권,3110500,남가좌동현대아파트,74,54,20,0,12,13,23,22,4,0,8,9,17,17,3,0,4,4,6,5,1
20232,A,골목상권,3110494,증산3교남측,31,24,7,0,1,8,7,9,6,0,0,7,5,7,5,0,1,1,2,2,1
20232,A,골목상권,3110530,아현역 1번,36,20,16,0,5,5,7,15,4,0,2,5,4,6,3,0,3,0,3,9,1
20232,A,골목상권,3110509,연희대우아파트앞,391,210,181,0,39,105,101,88,58,0,13,52,51,53,41,0,26,53,50,35,17
20232,A,골목상권,3110524,연희세브란스병원,51,23,28,0,10,13,15,8,5,0,5,6,6,3,3,0,5,7,9,5,2
20232,A,골목상권,3110501,연희어린이공원,214,82,132,0,12,33,40,75,54,0,3,20,15,18,26,0,9,13,25,57,28
20232,R,전통시장,3130182,영천시장,78,35,43,0,13,8,24,22,11,0,3,4,10,12,6,0,10,4,14,10,5
20232,A,골목상권,3110539,미근동,2792,1821,971,13,225,688,889,822,155,9,167,550,547,424,124,4,58,138,342,398,31
20232,A,골목상권,3110519,서대문구보건소별관,341,156,185,0,42,73,79,94,53,0,14,33,44,37,28,0,28,40,35,57,25
20232,R,전통시장,3130197,마포시장,15,5,10,0,0,1,5,4,5,0,0,1,0,2,2,0,0,0,5,2,3
20232,A,골목상권,3110576,대흥역 3번,1605,1112,493,71,503,480,308,163,80,27,310,365,253,111,46,44,193,115,55,52,34
20232,A,골목상권,3110573,신촌역 6번,28,10,18,0,7,3,6,6,6,0,2,0,3,1,4,0,5,3,3,5,2
20232,A,골목상권,3110563,상수역 3번,309,246,63,11,75,122,61,17,23,9,60,95,50,13,19,2,15,27,11,4,4
20232,D,발달상권,3120105,상수역(홍대),524,273,251,4,126,153,122,71,48,2,51,74,70,42,34,2,75,79,52,29,14
20232,D,발달상권,3120101,합정역,1932,1048,884,2,302,520,515,399,194,2,89,236,312,266,143,0,213,284,203,133,51
20232,R,전통시장,3130189,서교시장,24,10,14,0,2,1,7,6,8,0,0,1,2,3,4,0,2,0,5,3,4
20232,D,발달상권,3120104,연남동(홍대),5955,3176,2779,20,1117,1491,1289,1103,935,12,428,824,772,620,520,8,689,667,517,483,415
20232,A,골목상권,3110564,홍대입구역 3번,471,211,260,0,54,125,161,78,53,0,19,47,103,22,20,0,35,78,58,56,33
20232,A,골목상권,3110621,목동역 5번,163,78,85,0,19,44,33,45,22,0,1,21,19,23,14,0,18,23,14,22,8
20232,R,전통시장,3130208,목동깨비시장(목3동시장),148,67,81,0,13,20,55,37,23,0,7,6,18,19,17,0,6,14,37,18,6
20232,R,전통시장,3130209,목사랑시장(목4동시장),113,62,51,0,7,15,23,43,25,0,2,13,10,20,17,0,5,2,13,23,8
20232,A,골목상권,3110592,서울금융고등학교,431,337,94,0,18,34,71,147,161,0,9,13,44,124,147,0,9,21,27,23,14
20232,A,골목상권,3110604,신월4동주민센터,635,526,109,0,13,50,120,232,220,0,6,29,87,191,213,0,7,21,33,41,7
20232,A,골목상권,3110595,메디힐병원,731,459,272,0,80,148,163,185,155,0,34,85,86,136,118,0,46,63,77,49,37
20232,A,골목상권,3110603,지향초등학교,187,104,83,0,12,54,55,38,28,0,5,28,33,19,19,0,7,26,22,19,9
20232,A,골목상권,3110694,세곡초등학교,438,243,195,2,55,148,88,96,49,0,24,75,49,59,36,2,31,73,39,37,13
20232,R,전통시장,3130207,신정1동 골목시장(신정제일시장),38,21,17,0,8,9,10,7,4,0,3,5,6,4,3,0,5,4,4,3,1
20232,A,골목상권,3110625,신정2동주민센터,726,454,272,2,98,196,215,155,60,0,51,124,146,94,39,2,47,72,69,61,21
20232,R,전통시장,3130211,신정2동 골목시장(오목교중앙시장),15,10,5,0,1,1,5,7,1,0,1,1,3,4,1,0,0,0,2,3,0
20232,A,골목상권,3110614,목동로데오거리,596,292,304,0,69,85,114,216,112,0,42,44,58,103,45,0,27,41,56,113,67
20232,D,발달상권,3120119,발산역(마곡),1427,686,741,2,184,339,416,350,136,1,54,148,211,174,98,1,130,191,205,176,38
20232,A,골목상권,3110643,강서구다솔마을,653,413,240,1,97,165,199,139,52,0,47,101,136,93,36,1,50,64,63,46,16
20232,A,골목상권,3110667,가양역 10번,177,126,51,0,33,32,56,36,20,0,21,20,38,29,18,0,12,12,18,7,2
20232,A,골목상권,3110639,신방화역 8번,534,376,158,1,76,67,89,155,146,1,18,26,52,140,139,0,58,41,37,15,7
20232,A,골목상권,3110641,공항고등학교,345,236,109,2,46,95,100,79,23,1,30,72,61,52,20,1,16,23,39,27,3
20232,A,골목상권,3110633,개화산역 1번,28,14,14,0,0,6,10,7,5,0,0,1,5,3,5,0,0,5,5,4,0
20232,A,골목상권,3110642,정곡초등학교,193,163,30,2,8,14,35,69,65,1,4,10,30,58,60,1,4,4,5,11,5
20232,A,골목상권,3110678,염창무학아파트,285,214,71,1,34,65,92,60,33,1,17,53,72,47,24,0,17,12,20,13,9
20232,A,골목상권,3110653,화곡역 2번,917,494,423,1,191,273,240,171,41,0,79,137,119,135,24,1,112,136,121,36,17
20232,R,전통시장,3130216,화곡중앙시장,75,32,43,0,4,11,21,22,17,0,2,2,9,8,11,0,2,9,12,14,6
20232,R,전통시장,3130215,대원종합시장,9,7,2,0,0,1,0,3,5,0,0,1,0,2,4,0,0,0,0,1,1
20232,A,골목상권,3110661,강서새말어린이공원,126,48,78,0,3,13,30,38,42,0,2,8,10,9,19,0,1,5,20,29,23
20232,A,골목상권,3110664,강서구청옆,111,48,63,0,14,10,31,43,13,0,11,7,10,9,11,0,3,3,21,34,2
20232,A,골목상권,3110663,우장산롯데캐슬아파트앞,279,217,62,0,6,19,48,106,100,0,3,13,26,82,93,0,3,6,22,24,7
20232,R,전통시장,3130219,까치산시장,114,35,79,0,16,17,35,29,17,0,4,6,8,9,8,0,12,11,27,20,9
20232,A,골목상권,3110710,남구로역 3번,606,370,236,3,83,96,105,121,198,3,46,63,63,68,127,0,37,33,42,53,71
20232,R,전통시장,3130223,고척근린시장,42,12,30,0,2,10,12,14,4,0,0,1,1,7,3,0,2,9,11,7,1
20232,R,전통시장,3130224,개봉프라자(고척근린시장),5,4,1,0,0,0,1,2,2,0,0,0,1,1,2,0,0,0,0,1,0
20232,A,골목상권,3110683,오류고등학교,75,46,29,0,12,15,23,18,7,0,9,8,14,8,7,0,3,7,9,10,0
20232,R,전통시장,3130222,오류시장,132,21,111,0,10,26,46,43,7,0,5,1,4,5,6,0,5,25,42,38,1
20232,A,골목상권,3110687,"천왕역 3번(오류2동주민센터, 서울오류남초등학교)",21,16,5,0,2,3,5,6,5,0,1,3,4,4,4,0,1,0,1,2,1
20232,D,발달상권,3120131,가산디지털단지,81127,53423,27704,289,16342,25688,20130,11589,7089,184,8639,17233,14526,7698,5143,105,7703,8455,5604,3891,1946
20232,A,골목상권,3110740,금천해태공원,646,280,366,1,135,134,136,170,70,1,47,54,56,71,51,0,88,80,80,99,19
20232,A,골목상권,3110733,금천어울림복지센터,374,293,81,3,34,89,74,90,84,3,22,67,59,66,76,0,12,22,15,24,8
20232,A,골목상권,3110739,시흥3동 우편취급국,99,77,22,0,4,22,30,27,16,0,1,16,26,21,13,0,3,6,4,6,3
20232,R,전통시장,3130246,영등포청과시장(조광시장),237,126,111,0,24,33,47,77,56,0,9,11,28,39,39,0,15,22,19,38,17
20232,D,발달상권,3120136,영등포구청역,6456,3190,3266,20,1167,1451,1361,1429,1028,12,562,814,730,580,492,8,605,637,631,849,536
20232,A,골목상권,3110794,영동초등학교,622,482,140,0,72,112,182,170,86,0,37,84,150,136,75,0,35,28,32,34,11
20232,A,골목상권,3110775,대동초등학교,59,28,31,0,4,13,20,14,8,0,1,6,6,9,6,0,3,7,14,5,2
20232,D,발달상권,3120140,문래동주민센터,6184,3312,2872,22,1447,1843,1639,925,308,11,558,994,994,525,230,11,889,849,645,400,78
20232,A,골목상권,3110814,서울지방병무청,673,364,309,1,51,117,155,236,113,1,23,79,97,104,60,0,28,38,58,132,53
20232,R,전통시장,3130259,대신시장,14,10,4,0,1,0,5,4,4,0,1,0,3,3,3,0,0,0,2,1,1
20232,A,골목상권,3110802,신길동홍어거리,336,159,177,1,59,113,86,61,16,0,18,45,44,40,12,1,41,68,42,21,4
20232,A,골목상권,3110791,신풍역 3번,25,17,8,0,1,5,9,9,1,0,0,2,6,8,1,0,1,3,3,1,0
20232,R,전통시장,3130241,선유도역 골목형상점가,500,253,247,0,95,93,123,136,53,0,39,49,66,67,32,0,56,44,57,69,21
20232,A,골목상권,3110773,당산역 13번,161,127,34,0,24,40,31,22,44,0,20,33,19,18,37,0,4,7,12,4,7
20232,D,발달상권,3120145,영등포역(영등포),3856,1817,2039,22,673,1021,921,702,517,0,202,441,486,388,300,22,471,580,435,314,217
20232,A,골목상권,3110796,한림대학교한강성심병원,87,52,35,1,7,19,26,19,15,0,4,11,17,9,11,1,3,8,9,10,4
20232,R,전통시장,3130267,본동인정시장(기능상실),59,41,18,0,6,10,12,15,16,0,4,7,9,8,13,0,2,3,3,7,3
20232,D,발달상권,3120153,노량진역(노량진),3600,1756,1844,10,508,1172,906,675,329,2,185,464,433,450,222,8,323,708,473,225,107
20232,D,발달상권,3120160,사당역(사당),9153,4750,4403,14,1560,2594,2716,1534,735,4,617,1307,1324,997,501,10,943,1287,1392,537,234
20232,R,전통시장,3130274,사당1동먹자골목상점가(사당1동먹자골목),389,218,171,4,91,100,81,63,50,3,45,64,37,35,34,1,46,36,44,28,16
20232,A,골목상권,3110849,이수역 10번,220,130,90,1,37,52,58,40,32,0,12,33,34,25,26,1,25,19,24,15,6
20232,A,골목상권,3110845,사당종합체육관,101,50,51,0,8,17,35,26,15,0,5,8,19,9,9,0,3,9,16,17,6
20232,A,골목상권,3110846,남성역 1번,535,290,245,1,66,120,146,135,67,0,25,59,78,74,54,1,41,61,68,61,13
20232,A,골목상권,3110838,상도1동주민센터앞,131,122,9,0,3,32,30,35,31,0,3,27,27,35,30,0,0,5,3,0,1
20232,A,골목상권,3110826,장승배기역 4번,366,149,217,2,20,37,57,103,147,1,8,22,28,38,52,1,12,15,29,65,95
20232,A,골목상권,3110842,흑리단길,53,22,31,0,10,9,10,16,8,0,4,3,5,5,5,0,6,6,5,11,3
20232,A,골목상권,3110895,샤로수길,1796,1222,574,3,307,721,360,233,172,2,170,534,234,152,130,1,137,187,126,81,42
20232,A,골목상권,3110862,난곡초등학교(난곡동벽화마을),84,41,43,0,4,13,14,34,19,0,2,6,11,15,7,0,2,7,3,19,12
20232,A,골목상권,3110881,구립대학경로당(관악산샘말공원),1580,1288,292,1,317,450,449,266,97,1,225,374,391,229,68,0,92,76,58,37,29
20232,A,골목상권,3110868,남부초등학교,232,126,106,0,20,29,45,49,89,0,11,23,22,28,42,0,9,6,23,21,47
20232,A,골목상권,3110884,봉천역 4번(봉천110안전센터),372,284,88,1,17,30,61,98,165,0,1,8,49,84,142,1,16,22,12,14,23
20232,R,전통시장,3130277,조원동 펭귄시장(신림중앙시장),98,56,42,1,15,26,31,19,6,1,8,18,16,9,4,0,7,8,15,10,2
20232,R,전통시장,3130293,봉천중앙시장,154,42,112,0,17,13,29,46,49,0,5,7,14,14,2,0,12,6,15,32,47
20232,R,전통시장,3130290,영림시장,417,183,234,0,74,101,107,92,43,0,14,49,43,44,33,0,60,52,64,48,10
20232,A,골목상권,3110945,본마을노인복지센터(서초구립내곡도서관),191,114,77,3,44,57,37,33,17,3,14,31,25,28,13,0,30,26,12,5,4
20232,D,발달상권,3120176,논현역 4번,893,566,327,1,130,216,195,168,183,1,67,126,129,106,137,0,63,90,66,62,46
20232,A,골목상권,3110904,이수역 5번,835,468,367,4,167,217,239,139,69,1,90,125,135,59,58,3,77,92,104,80,11
20232,A,골목상권,3110911,방배배수지체육공원,29,22,7,0,6,3,7,5,8,0,6,2,4,4,6,0,0,1,3,1,2
20232,A,골목상권,3110923,방배역 1번,210,153,57,0,34,56,55,41,24,0,21,38,42,34,18,0,13,18,13,7,6
20232,D,발달상권,3120173,교대역(법원.검찰청),18222,10456,7766,74,3270,5403,4730,3072,1673,29,1419,3004,2846,1897,1261,45,1851,2399,1884,1175,412
20232,D,발달상권,3120189,강남역,72613,38819,33794,234,17636,24305,18411,9151,2876,59,6629,13226,10962,5914,2029,175,11007,11079,7449,3237,847
20232,D,발달상권,3120171,서초3동사거리,11750,6206,5544,15,1990,3845,2551,1862,1487,6,827,1746,1496,1064,1067,9,1163,2099,1055,798,420
20232,A,골목상권,3110925,서초중학교,874,497,377,0,104,137,244,222,167,0,38,65,146,132,116,0,66,72,98,90,51
20232,D,발달상권,3120181,교육개발원입구사거리,7278,4440,2838,316,2978,1563,1247,730,444,145,1506,983,939,536,331,171,1472,580,308,194,113
20232,A,골목상권,3110939,양재역 8번(양재동우체국),5949,4099,1850,23,970,1420,1461,1174,901,15,499,989,1053,799,744,8,471,431,408,375,157
20232,D,발달상권,3120182,"양재시민의숲역(양재동꽃시장, aT센터)",6231,4311,1920,34,1059,1675,1508,1267,688,14,546,1157,1111,930,553,20,513,518,397,337,135
20232,R,전통시장,3130310,강남개포시장,298,173,125,0,29,56,71,82,60,0,8,23,42,56,44,0,21,33,29,26,16
20232,A,골목상권,3110957,언북중학교,1251,831,420,1,262,379,317,147,145,1,146,241,215,109,119,0,116,138,102,38,26
20232,D,발달상권,3120217,대치사거리,2779,1478,1301,11,552,771,700,452,293,10,220,379,381,264,224,1,332,392,319,188,69
20232,A,골목상권,3110989,대치동아우편취급국,444,270,174,9,90,148,75,68,54,0,43,102,43,44,38,9,47,46,32,24,16
20232,A,골목상권,3110965,언주역 6번,1139,788,351,1,174,379,378,142,65,1,104,276,284,74,49,0,70,103,94,68,16
20232,D,발달상권,3120206,개나리아파트,5243,3354,1889,87,1658,1413,1080,655,350,27,866,955,775,456,275,60,792,458,305,199,75
20232,A,골목상권,3110976,언북초등학교,578,332,246,1,111,188,126,86,66,0,41,115,83,49,44,1,70,73,43,37,22
20232,A,골목상권,3111036,투구봉어린이공원,209,119,90,1,22,40,55,62,29,1,7,20,26,39,26,0,15,20,29,23,3
20232,R,전통시장,3130315,문정동 로데오거리 상점가(문정동 로데오거리),1382,812,570,6,315,293,263,252,253,3,118,169,166,146,210,3,197,124,97,106,43
20232,D,발달상권,3120234,가락시장역,10280,6234,4046,11,1351,2492,2151,1680,2595,3,587,1469,1440,929,1806,8,764,1023,711,751,789
20232,R,전통시장,3130317,마천중앙시장,107,77,30,0,15,35,24,17,16,0,11,24,12,14,16,0,4,11,12,3,0
20232,D,발달상권,3120229,방이동먹자골목,7319,4732,2587,12,1062,2182,1915,1302,846,5,588,1347,1338,913,541,7,474,835,577,389,305
20232,D,발달상권,3120233,몽촌토성역,10419,5740,4679,28,1795,2730,2265,2158,1443,22,1125,1855,1199,788,751,6,670,875,1066,1370,692
20232,A,골목상권,3111009,송파책박물관,130,94,36,1,13,38,28,24,26,0,11,32,18,15,18,1,2,6,10,9,8
20232,D,발달상권,3120230,송파사거리(송파역),876,470,406,4,96,176,202,193,205,1,38,99,115,92,125,3,58,77,87,101,80
20232,A,골목상권,3111013,송파나루역 1번(송리단길),2234,1456,778,8,320,568,650,435,253,3,160,384,445,290,174,5,160,184,205,145,79
20232,A,골목상권,3111039,벌말어린이공원,485,353,132,8,85,125,121,94,52,8,51,89,88,72,45,0,34,36,33,22,7
20232,D,발달상권,3120247,굽은다리역,572,312,260,4,91,119,146,104,108,1,37,77,74,56,67,3,54,42,72,48,41
20232,R,전통시장,3130321,장신구 특화거리 상점가,433,269,164,0,92,114,88,92,47,0,43,72,56,61,37,0,49,42,32,31,10
20232,A,골목상권,3111058,성내중학교,451,317,134,0,51,92,129,121,58,0,37,63,90,82,45,0,14,29,39,39,13
20232,A,골목상권,3111055,선사초등학교,673,29,644,0,14,28,137,373,121,0,4,7,8,6,4,0,10,21,129,367,117
20232,A,골목상권,3111075,굽은다리역 2번,193,114,79,0,14,42,54,52,31,0,14,28,24,31,17,0,0,14,30,21,14
20232,A,골목상권,3111063,강동구립 천호도서관,368,182,186,0,25,44,81,85,133,0,5,15,21,30,111,0,20,29,60,55,22
20232,A,골목상권,3110009,자하문터널,930,456,474,0,207,326,226,121,50,0,91,162,105,63,35,0,116,164,121,58,15
20232,D,발달상권,3120003,광화문역,43873,26821,17052,79,6380,12841,13071,8035,3467,12,2643,7543,8935,5616,2072,67,3737,5298,4136,2419,1395
20232,A,골목상권,3110033,창신역 4번,166,89,77,0,26,42,35,40,23,0,6,22,17,25,19,0,20,20,18,15,4
20232,R,전통시장,3130021,신설종합시장,50,37,13,1,1,10,12,13,13,0,0,9,10,10,8,1,1,1,2,3,5
20232,A,골목상권,3110023,서울대병원,92,33,59,0,9,24,23,20,16,0,3,7,10,5,8,0,6,17,13,15,8
20232,D,발달상권,3120012,대학로(혜화역),2004,901,1103,7,350,585,490,309,263,2,103,201,243,166,186,5,247,384,247,143,77
20232,D,발달상권,3120009,종로3가역,8495,4786,3709,19,1355,2296,2026,1582,1217,8,563,1230,1198,953,834,11,792,1066,828,629,383
20232,R,전통시장,3130009,마전교지하쇼핑센터(구 한일상가),24,16,8,0,0,2,3,7,12,0,0,2,2,4,8,0,0,0,1,3,4
20232,A,골목상권,3110022,경신고등학교,506,385,121,11,133,157,117,54,34,10,99,119,89,42,26,1,34,38,28,12,8
20232,D,발달상권,3120034,중구청(퇴계로4가),1545,1050,495,7,108,228,400,440,362,5,48,129,262,327,279,2,60,99,138,113,83
20232,D,발달상권,3120022,북창동(시청역_6번),5197,3160,2037,24,1010,1611,1149,767,636,2,391,936,852,543,436,22,619,675,297,224,200
20232,D,발달상권,3120019,경찰청앞교차로,5958,3146,2812,26,1051,2221,1625,793,242,8,274,1044,982,619,219,18,777,1177,643,174,23
20232,R,전통시장,3130050,청평화시장,233,96,137,2,54,70,50,40,17,1,22,32,12,21,8,1,32,38,38,19,9
20232,R,전통시장,3130327,"평화시장(남평화시장, 제일평화시장, 신평화패션타운)",169,107,62,1,8,31,43,42,44,1,1,19,30,27,29,0,7,12,13,15,15
20232,A,골목상권,3110044,관성묘,405,300,105,0,50,135,145,51,24,0,24,90,125,44,17,0,26,45,20,7,7
20232,A,골목상권,3110074,서울역 12번,8149,1751,6398,152,5985,1340,330,181,161,9,598,652,233,134,125,143,5387,688,97,47,36
20232,A,골목상권,3110081,해방촌 남동측,231,122,109,0,45,63,54,42,27,0,14,35,27,23,23,0,31,28,27,19,4
20232,A,골목상권,3110084,경리단길북측,315,168,147,0,47,85,84,57,42,0,23,36,39,36,34,0,24,49,45,21,8
20232,A,골목상권,3110071,한강미주맨션아파트,315,191,124,0,42,85,69,57,62,0,21,46,40,42,42,0,21,39,29,15,20
20232,R,전통시장,3130061,이태원시장,32,20,12,0,18,3,4,6,1,0,12,1,3,3,1,0,6,2,1,3,0
20232,A,골목상권,3110590,만리재,97,50,47,0,19,23,23,25,7,0,6,12,11,16,5,0,13,11,12,9,2
20232,R,전통시장,3130057,만리시장,12,9,3,0,0,2,1,4,5,0,0,1,1,3,4,0,0,1,0,1,1
20232,A,골목상권,3110070,용산세무서,184,130,54,0,21,54,55,24,30,0,8,37,41,18,26,0,13,17,14,6,4
20232,A,골목상권,3110062,한강로동땡땡거리(은행나무길),1506,884,622,9,319,423,319,208,228,6,142,225,216,138,157,3,177,198,103,70,71
20232,A,골목상권,3110079,후암동주민센터,1084,584,500,4,223,262,267,196,132,3,73,156,156,105,91,1,150,106,111,91,41
20232,R,전통시장,3130069,"한양대앞상점가(한양시장, 왕십리맛골목)",32,19,13,0,6,6,4,8,8,0,4,4,0,5,6,0,2,2,4,3,2
20232,A,골목상권,3110101,옥정중학교,218,121,97,0,55,51,65,31,16,0,24,34,43,13,7,0,31,17,22,18,9
20232,A,골목상권,3110102,옥수역 6번,175,116,59,0,22,39,48,41,25,0,11,21,31,31,22,0,11,18,17,10,3
20232,R,전통시장,3130065,무학봉상점가,181,71,110,0,29,39,47,42,24,0,4,11,15,23,18,0,25,28,32,19,6
20232,A,골목상권,3110179,광나루역 1번,911,620,291,0,142,209,188,233,139,0,82,160,157,154,67,0,60,49,31,79,72
20232,A,골목상권,3110180,광진정보도서관,5440,3602,1838,17,1593,2056,1086,499,189,5,872,1464,782,331,148,12,721,592,304,168,41
20232,D,발달상권,3120058,구의사거리,688,333,355,2,92,158,174,181,81,1,33,79,80,77,63,1,59,79,94,104,18
20232,D,발달상권,3120060,강변역(테크노마트),3189,2348,841,12,402,686,870,703,516,2,209,509,686,549,393,10,193,177,184,154,123
20232,A,골목상권,3110159,구의역 4번,663,391,272,1,125,115,158,132,132,1,58,62,85,87,98,0,67,53,73,45,34
20232,R,전통시장,3130074,영동교골목시장,21,15,6,0,6,9,2,3,1,0,3,9,0,2,1,0,3,0,2,1,0
20232,A,골목상권,3110153,중곡1동주민센터,241,83,158,1,42,57,67,57,17,0,14,22,22,17,8,1,28,35,45,40,9
20232,A,골목상권,3110142,화양사거리,215,108,107,1,37,47,45,53,32,1,20,25,24,17,21,0,17,22,21,36,11
20232,A,골목상권,3110148,어린이대공원역 3번,17,12,5,0,3,3,6,5,0,0,0,2,5,5,0,0,3,1,1,0,0
20232,A,골목상권,3110228,장안근린공원,1992,1184,808,40,1381,313,92,101,65,24,788,223,60,54,35,16,593,90,32,47,30
20232,A,골목상권,3110183,한국의류시험연구원,839,447,392,3,238,307,149,75,67,1,88,162,81,58,57,2,150,145,68,17,10
20232,R,전통시장,3130089,청량리수산시장,42,33,9,0,4,7,16,6,9,0,3,7,12,4,7,0,1,0,4,2,2
20232,R,전통시장,3130098,회기시장,55,17,38,0,9,14,15,12,5,0,2,3,4,6,2,0,7,11,11,6,3
20232,R,전통시장,3130104,전곡시장,93,54,39,0,8,17,28,26,14,0,5,8,16,13,12,0,3,9,12,13,2
20232,D,발달상권,3120063,청량리역(청량리),1209,528,681,3,226,225,249,252,254,2,66,88,96,117,159,1,160,137,153,135,95
20232,A,골목상권,3110210,서울시립대,341,253,88,1,9,19,24,34,254,1,4,12,10,21,205,0,5,7,14,13,49
20232,A,골목상권,3110197,세종대왕기념관교차로,67,46,21,0,8,19,26,9,5,0,4,15,19,7,1,0,4,4,7,2,4
20232,D,발달상권,3120064,경희대학교(경희대),97,44,53,0,14,27,21,13,22,0,9,13,10,4,8,0,5,14,11,9,14
20232,A,골목상권,3110243,중랑노인종합복지관,298,114,184,1,30,49,74,104,40,0,5,21,37,31,20,1,25,28,37,73,20
20232,A,골목상권,3110259,사가정역 1번,543,425,118,2,48,108,172,159,54,2,29,73,131,140,50,0,19,35,41,19,4
20232,A,골목상권,3110269,용마문화복지센터,169,98,71,0,19,53,52,28,17,0,13,32,30,19,4,0,6,21,22,9,13
20232,A,골목상권,3110252,장안제일시장,712,505,207,1,64,101,159,195,192,1,42,73,87,131,171,0,22,28,72,64,21
20232,R,전통시장,3130111,"동원전통종합시장(동원시장, 동원전통시장 상점가)",224,109,115,0,24,37,49,82,32,0,11,17,21,38,22,0,13,20,28,44,10
20232,A,골목상권,3110247,먹골역 1번,381,176,205,0,54,79,123,81,44,0,21,30,55,39,31,0,33,49,68,42,13
20232,A,골목상권,3110255,상봉역 4번,327,208,119,0,39,52,78,92,66,0,20,24,46,62,56,0,19,28,32,30,10
20232,A,골목상권,3110271,신내역 1번,97,74,23,0,8,17,25,29,18,0,5,14,18,23,14,0,3,3,7,6,4
20232,A,골목상권,3110251,장안중학교,147,104,43,0,8,34,46,39,20,0,3,23,34,27,17,0,5,11,12,12,3
20232,A,골목상권,3110244,중화역 4번,250,175,75,1,8,26,49,44,122,1,4,11,32,30,97,0,4,15,17,14,25
20232,A,골목상권,3110296,성신여대입구역 4번,77,39,38,1,7,12,30,11,16,1,3,7,15,8,5,0,4,5,15,3,11
20232,A,골목상권,3110297,경동고등학교,654,311,343,0,74,123,156,164,137,0,31,65,74,79,62,0,43,58,82,85,75
20232,D,발달상권,3120071,성북구청,255,127,128,0,36,55,64,62,38,0,14,22,38,31,22,0,22,33,26,31,16
20232,A,골목상권,3110280,북정마을,73,38,35,0,7,10,22,23,11,0,3,3,9,15,8,0,4,7,13,8,3
20232,R,전통시장,3130122,밤나무골시장,17,5,12,0,2,4,6,4,1,0,1,1,2,1,0,0,1,3,4,3,1
20232,D,발달상권,3120075,월곡역,369,213,156,1,40,86,97,67,78,0,17,48,54,44,50,1,23,38,43,23,28
20232,R,전통시장,3130123,꿈의숲 장곡 골목형상점가,6,5,1,0,1,0,1,4,0,0,1,0,1,3,0,0,0,0,0,1,0
20232,A,골목상권,3110287,정릉3동주민센터,70,50,20,0,9,12,18,19,12,0,5,8,15,12,10,0,4,4,3,7,2
20232,A,골목상권,3110317,종암중학교,411,206,205,0,33,120,153,85,20,0,14,47,78,58,9,0,19,73,75,27,11
20194,R,전통시장,3130259,대신시장,14,10,4,0,1,0,5,4,4,0,1,0,3,3,3,0,0,0,2,1,1
20232,D,발달상권,3120076,수유역,1930,865,1065,7,241,303,422,465,492,4,62,102,176,240,281,3,179,201,246,225,211
20232,R,전통시장,3130142,강북북부시장,7,5,2,0,1,1,0,2,3,0,0,1,0,2,2,0,1,0,0,0,1
20232,A,골목상권,3110375,서울북부고용노동지청,110,55,55,1,12,20,31,32,14,0,8,15,16,11,5,1,4,5,15,21,9
20232,R,전통시장,3130134,"솔샘시장(미아6,7동골목시장)",73,30,43,1,7,19,25,18,3,0,3,4,12,8,3,1,4,15,13,10,0
20232,A,골목상권,3110354,삼각산119안전센터,22,5,17,0,2,3,10,5,2,0,0,0,2,1,2,0,2,3,8,4,0
20232,A,골목상권,3110378,송중동주민센터,23,13,10,0,1,4,6,9,3,0,1,2,2,6,2,0,0,2,4,3,1
20232,R,전통시장,3130138,수유프라자,142,24,118,1,31,24,16,42,28,0,1,4,5,4,10,1,30,20,11,38,18
20232,R,전통시장,3130136,수유재래시장,32,13,19,0,6,5,8,6,7,0,2,1,0,3,7,0,4,4,8,3,0
20232,R,전통시장,3130133,우이골목시장(우이시장),69,61,8,0,7,7,19,20,16,0,6,6,17,17,15,0,1,1,2,3,1
20232,A,골목상권,3110350,가오리역 2번,148,77,71,0,11,27,37,49,24,0,5,11,18,26,17,0,6,16,19,23,7
20232,A,골목상권,3110410,방학역 2번,957,833,124,3,75,187,185,224,283,2,61,162,154,194,260,1,14,25,31,30,23
20232,A,골목상권,3110411,도봉역 3번,421,379,42,0,13,31,61,141,175,0,11,20,48,133,167,0,2,11,13,8,8
20232,A,골목상권,3110400,도봉구보건소,191,111,80,0,20,35,53,51,32,0,9,22,32,26,22,0,11,13,21,25,10
20232,R,전통시장,3130146,쌍문시장(쌍문역골목시장),263,124,139,0,29,33,54,80,67,0,10,12,28,32,42,0,19,21,26,48,25
20232,R,전통시장,3130147,쌍문역동측상점가,69,32,37,0,7,17,18,9,18,0,2,6,10,5,9,0,5,11,8,4,9
20232,A,골목상권,3110399,창2동주민센터,849,516,333,8,110,207,262,192,70,8,69,157,137,97,48,0,41,50,125,95,22
20232,R,전통시장,3130153,창동역상점가,229,138,91,0,18,48,54,56,53,0,7,31,30,31,39,0,11,17,24,25,14
20232,A,골목상권,3110409,창동역 2번,396,202,194,0,33,43,83,109,128,0,12,29,59,45,57,0,21,14,24,64,71
20232,D,발달상권,3120086,태릉입구역,382,205,177,0,42,78,82,102,78,0,24,43,35,49,54,0,18,35,47,53,24
20232,A,골목상권,3110434,태릉입구역 4번,121,62,59,0,13,11,24,35,38,0,3,2,12,22,23,0,10,9,12,13,15
20232,D,발달상권,3120081,노원역,1552,508,1044,9,369,295,343,307,229,2,66,87,125,121,107,7,303,208,218,186,122
20232,A,골목상권,3110426,상계2동주민센터,337,169,168,0,32,57,83,96,69,0,15,30,39,45,40,0,17,27,44,51,29
20232,A,골목상권,3110414,장석교회,66,51,15,0,7,16,15,20,8,0,5,13,11,17,5,0,2,3,4,3,3
20232,A,골목상권,3110465,연신내역 7번,240,119,121,3,38,52,57,54,36,2,12,29,25,25,26,1,26,23,32,29,10
20232,A,골목상권,3110490,녹번동근린공원,311,170,141,0,30,65,86,76,54,0,11,31,48,45,35,0,19,34,38,31,19
20232,A,골목상권,3110489,불광역 3번,35,25,10,0,3,7,10,10,5,0,3,4,7,6,5,0,0,3,3,4,0
20232,A,골목상권,3110479,연신내역 2번,318,181,137,1,50,84,68,69,46,0,28,71,35,32,15,1,22,13,33,37,31
20232,R,전통시장,3130165,"대림골목시장(대림시장, 양지시장)",214,34,180,0,20,45,56,62,31,0,1,7,5,11,10,0,19,38,51,51,21
20232,A,골목상권,3110492,하나고등학교,238,38,200,1,5,13,11,95,113,0,0,7,7,8,16,1,5,6,4,87,97
20232,A,골목상권,3110493,북가좌초등학교,892,830,62,0,2,19,27,80,764,0,0,12,22,68,728,0,2,7,5,12,36
20232,A,골목상권,3110514,서대문우체국,86,19,67,0,26,26,17,9,8,0,0,4,7,4,4,0,26,22,10,5,4
20232,A,골목상권,3110508,서연중학교,947,425,522,9,139,241,158,245,155,3,62,148,74,76,62,6,77,93,84,169,93
20232,A,골목상권,3110513,연희파출소,457,241,216,0,51,87,110,130,79,0,17,46,58,69,51,0,34,41,52,61,28
20232,A,골목상권,3110518,서대문구청,129,72,57,0,22,38,30,23,16,0,6,19,22,15,10,0,16,19,8,8,6
20232,A,골목상권,3110535,영천시장입구,488,333,155,2,36,65,112,164,109,2,19,35,78,130,69,0,17,30,34,34,40
20232,A,골목상권,3110538,충정로역 3번,284,178,106,0,12,42,56,66,108,0,5,27,35,42,69,0,7,15,21,24,39
20232,A,골목상권,3110525,홍은종합사회복지관,61,17,44,0,10,12,15,10,14,0,1,3,0,4,9,0,9,9,15,6,5
20232,A,골목상권,3110515,홍은중학교,396,312,84,1,45,118,119,68,45,1,33,93,94,52,39,0,12,25,25,16,6
20232,A,골목상권,3110583,공덕래미안3차아파트,12,7,5,0,2,3,1,1,5,0,1,2,1,0,3,0,1,1,0,1,2
20232,A,골목상권,3110562,연트럴파크(연남동주민센터),426,237,189,1,73,118,96,94,44,1,29,76,55,44,32,0,44,42,41,50,12
20232,R,전통시장,3130192,동진시장,10,6,4,0,1,1,4,3,1,0,1,1,1,2,1,0,0,0,3,1,0
20232,R,전통시장,3130203,서서울 골목형상점가,34,7,27,0,2,7,10,12,3,0,0,0,2,4,1,0,2,7,8,8,2
20232,R,전통시장,3130194,용강동 상점가,875,502,373,0,103,131,179,170,292,0,39,75,104,114,170,0,64,56,75,56,122
20232,A,골목상권,3110577,용강동주민센터,145,105,40,0,15,42,47,31,10,0,12,31,38,17,7,0,3,11,9,14,3
20232,A,골목상권,3110559,성산중학교,757,474,283,4,102,187,203,167,94,3,54,102,127,118,70,1,48,85,76,49,24
20232,R,전통시장,3130204,경창시장,102,51,51,0,5,12,29,27,29,0,2,5,13,16,15,0,3,7,16,11,14
20232,A,골목상권,3110593,신월3동주민센터,304,157,147,0,38,65,76,87,38,0,12,32,45,44,24,0,26,33,31,43,14
20232,A,골목상권,3110605,목동센트럴아이파크앞,155,89,66,0,15,22,26,47,45,0,5,15,11,27,31,0,10,7,15,20,14
20232,A,골목상권,3110634,송정역 3번,664,434,230,0,64,143,178,145,134,0,33,90,116,101,94,0,31,53,62,44,40
20232,D,발달상권,3120116,송정역,117,64,53,0,17,27,28,20,25,0,9,11,15,10,19,0,8,16,13,10,6
20232,A,골목상권,3110637,송정역 2번,560,358,202,4,67,121,116,154,98,0,34,74,81,100,69,4,33,47,35,54,29
20232,A,골목상권,3110644,신광명마을,336,288,48,1,26,28,58,105,118,1,8,17,51,97,114,0,18,11,7,8,4
20232,A,골목상권,3110673,뜸부기어린이공원,253,143,110,0,37,52,62,64,38,0,21,29,31,34,28,0,16,23,31,30,10
20232,A,골목상권,3110717,남구로역 2번,570,271,299,0,108,155,142,104,61,0,49,84,75,34,29,0,59,71,67,70,32
20232,R,전통시장,3130225,개봉중앙시장,147,59,88,0,15,21,39,44,28,0,3,4,19,22,11,0,12,17,20,22,17
20232,A,골목상권,3110704,고척중학교,62,36,26,0,12,23,10,12,5,0,7,12,3,11,3,0,5,11,7,1,2
20232,A,골목상권,3110711,구로초등학교,815,329,486,4,62,122,165,287,175,2,26,70,81,74,76,2,36,52,84,213,99
20232,A,골목상권,3110719,영서중학교,19,15,4,0,0,4,2,3,10,0,0,2,2,3,8,0,0,2,0,0,2
20232,D,발달상권,3120127,구로구청,5871,3858,2013,6,600,1211,1435,1436,1183,5,362,967,1048,802,674,1,238,244,387,634,509
20232,A,골목상권,3110681,온수역 1번,94,70,24,0,6,30,30,17,11,0,5,22,21,12,10,0,1,8,9,5,1
20232,A,골목상권,3110686,수궁동주민센터,406,211,195,0,34,67,104,115,86,0,16,31,64,55,45,0,18,36,40,60,41
20232,A,골목상권,3110724,금천구립가산도서관,364,254,110,1,42,76,120,89,36,1,33,60,90,45,25,0,9,16,30,44,11
20232,A,골목상권,3110737,금천세무서,502,323,179,8,77,85,96,116,120,0,28,49,51,91,104,8,49,36,45,25,16
20232,A,골목상권,3110751,난곡중학교,733,399,334,2,48,217,242,177,47,2,21,117,128,91,40,0,27,100,114,86,7
20232,R,전통시장,3130238,은행나무시장,113,71,42,0,22,24,31,22,14,0,13,16,22,14,6,0,9,8,9,8,8
20232,A,골목상권,3110770,영등포구청역 6번,263,191,72,1,45,49,77,45,46,1,24,41,54,28,43,0,21,8,23,17,3
20232,A,골목상권,3110774,당산반도유보라팰리스아파트,472,355,117,0,59,119,131,96,67,0,34,81,109,80,51,0,25,38,22,16,16
20232,A,골목상권,3110784,신대림초등학교,76,42,34,0,3,11,18,36,8,0,0,7,12,18,5,0,3,4,6,18,3
20232,D,발달상권,3120142,대림역,1551,846,705,2,234,279,348,384,304,0,69,143,190,230,214,2,165,136,158,154,90
20232,A,골목상권,3110790,대림1동주민센터,741,337,404,1,74,163,282,161,60,1,46,71,89,77,53,0,28,92,193,84,7
20232,A,골목상권,3110767,도림동주민센터,11,0,11,0,4,3,3,1,0,0,0,0,0,0,0,0,4,3,3,1,0
20232,R,전통시장,3130243,도림시장,7,5,2,0,0,1,4,0,2,0,0,1,3,0,1,0,0,0,1,0,1
20232,A,골목상권,3110816,대방역 6번,517,401,116,1,72,136,153,67,88,1,49,108,114,49,80,0,23,28,39,18,8
20232,A,골목상권,3110795,도림초등학교,533,356,177,0,20,49,80,128,256,0,8,36,48,74,190,0,12,13,32,54,66
20232,A,골목상권,3110805,신길새마을금고신길4동지점,45,27,18,0,6,12,12,8,7,0,2,7,6,5,7,0,4,5,6,3,0
20232,A,골목상권,3110797,KT대방빌딩,47,8,39,1,6,8,12,10,10,0,0,0,1,2,5,1,6,8,11,8,5
20232,D,발달상권,3120147,보라매역,1947,1238,709,5,286,452,370,367,467,2,93,310,249,264,320,3,193,142,121,103,147
20232,A,골목상권,3110760,선유도역 6번,1792,1091,701,8,273,444,499,376,192,6,170,256,275,219,165,2,103,188,224,157,27
20232,D,발달상권,3120149,여의도역(여의도),69255,45888,23367,184,11383,22550,19240,12096,3802,34,5884,14085,14147,9350,2388,150,5499,8465,5093,2746,1414
20232,D,발달상권,3120148,국회의사당역(국회의사당),31135,19451,11684,82,6815,10231,7641,4493,1873,27,3082,6187,5424,3397,1334,55,3733,4044,2217,1096,539
20232,R,전통시장,3130248,영등포역지하도상점가,69,35,34,0,9,26,17,14,3,0,6,13,9,4,3,0,3,13,8,10,0
20232,A,골목상권,3110829,장승배기역 5번,534,416,118,0,195,137,78,52,72,0,177,106,49,39,45,0,18,31,29,13,27
20232,A,골목상권,3110848,양지어린이공원,486,307,179,0,36,68,152,132,98,0,6,39,85,93,84,0,30,29,67,39,14
20232,R,전통시장,3130271,남성역골목시장,467,268,199,1,36,33,39,47,311,1,12,20,22,16,197,0,24,13,17,31,114
20232,A,골목상권,3110837,숭실대입구역 1번,360,184,176,1,39,72,80,79,89,0,19,29,39,32,65,1,20,43,41,47,24
20232,R,전통시장,3130262,상도도깨비 골목형상점가,21,13,8,0,0,4,10,4,3,0,0,4,6,1,2,0,0,0,4,3,1
20232,A,골목상권,3110825,신대방삼거리역 1번,319,207,112,0,33,63,96,72,55,0,23,41,58,47,38,0,10,22,38,25,17
20232,R,전통시장,3130261,성대전통시장(성대시장),211,104,107,0,15,47,61,61,27,0,4,26,33,23,18,0,11,21,28,38,9
20232,R,전통시장,3130264,상도약수골목형상점가,65,35,30,1,14,8,15,20,7,0,4,3,9,12,7,1,10,5,6,8,0
20232,A,골목상권,3110823,신대방삼거리역 3번,472,242,230,0,30,45,83,121,193,0,17,26,40,42,117,0,13,19,43,79,76
20232,A,골목상권,3110844,흑석2치안센터,11,7,4,0,2,2,4,0,3,0,1,2,2,0,2,0,1,0,2,0,1
20232,R,전통시장,3130282,난곡 골목형상점가,20,8,12,0,4,2,10,4,0,0,2,1,4,1,0,0,2,1,6,3,0
20232,A,골목상권,3110865,남강고등학교(남강중학교),270,116,154,4,57,53,59,61,36,2,10,23,23,31,27,2,47,30,36,30,9
20232,A,골목상권,3110902,사당역 4번,1184,729,455,1,189,266,295,248,185,0,82,168,204,156,119,1,107,98,91,92,66
20232,A,골목상권,3110887,서울산업정보학교(서울삼성초등학교),12,5,7,0,1,3,4,4,0,0,0,0,1,4,0,0,1,3,3,0,0
20232,A,골목상권,3110860,호림박물관(성보고등학교),410,314,96,1,57,102,66,110,74,1,44,84,47,78,60,0,13,18,19,32,14
20232,A,골목상권,3110883,은천초등학교(은천교앞),208,124,84,2,21,43,70,48,24,1,12,25,42,28,16,1,9,18,28,20,8
20232,R,전통시장,3130288,신림현대종합상가,2,0,2,0,1,1,0,0,0,0,0,0,0,0,0,0,1,1,0,0,0
20232,A,골목상권,3110897,서울대입구역 8번,219,139,80,0,16,45,69,64,25,0,7,24,40,44,24,0,9,21,29,20,1
20232,D,발달상권,3120167,고속터미널(고속터미널역),6925,4543,2382,24,790,1577,1689,1525,1320,10,416,1110,1328,1046,633,14,374,467,361,479,687
20232,A,골목상권,3110924,반포4동주민센터(몽마르뜨공원),1071,732,339,5,171,236,323,252,84,1,78,150,243,200,60,4,93,86,80,52,24
20232,A,골목상권,3110922,내방역 1번,219,112,107,1,42,47,47,42,40,0,13,23,27,23,26,1,29,24,20,19,14
20232,A,골목상권,3110909,남태령역(서울전자고등학교),132,97,35,1,11,29,23,34,34,1,4,19,16,29,28,0,7,10,7,5,6
20232,D,발달상권,3120163,사당역 11번(사당역먹자골목),491,290,201,0,55,119,99,86,132,0,28,73,57,50,82,0,27,46,42,36,50
20232,A,골목상권,3110929,남부터미널역 1번,21130,10703,10427,21,4446,4558,3912,7143,1050,4,1209,1890,1718,5123,759,17,3237,2668,2194,2020,291
20232,D,발달상권,3120168,서울고교교차로,794,492,302,1,124,237,200,130,102,0,48,130,143,98,73,1,76,107,57,32,29
20232,R,전통시장,3130301,양재시장,89,47,42,0,24,20,24,9,12,0,7,13,15,4,8,0,17,7,9,5,4
20232,A,골목상권,3110946,청계산원터골,41,21,20,0,2,4,8,13,14,0,2,2,6,3,8,0,0,2,2,10,6
20232,A,골목상권,3110980,개포지구대옆,663,482,181,0,90,198,202,111,62,0,45,142,168,72,55,0,45,56,34,39,7
20232,D,발달상권,3120207,선정릉역,11920,7343,4577,32,2669,4154,2699,1509,857,16,1106,2428,1922,1135,736,16,1563,1726,777,374,121
20232,D,발달상권,3120218,코엑스,290,54,236,0,116,103,58,13,0,0,13,16,16,9,0,0,103,87,42,4,0
20232,D,발달상권,3120186,가로수길,6518,3580,2938,19,1316,2133,1570,895,585,5,447,1174,950,573,431,14,869,959,620,322,154
20232,A,골목상권,3110951,신사은행나무공원,267,70,197,0,35,83,95,47,7,0,6,24,26,12,2,0,29,59,69,35,5
20232,R,전통시장,3130306,강남언주로,235,151,84,2,48,48,63,45,29,2,27,34,47,23,18,0,21,14,16,22,11
20232,D,발달상권,3120208,청담사거리(청담동명품거리),11437,5280,6157,43,3488,4035,2275,1044,552,17,1116,1816,1308,628,395,26,2372,2219,967,416,157
20232,D,발달상권,3120214,영동대교남단교차로,3984,2897,1087,7,489,1172,1107,929,280,3,271,811,865,753,194,4,218,361,242,176,86
20231,A,골목상권,3110510,홍연시장,100,59,41,0,10,14,33,27,16,0,5,6,22,14,12,0,5,8,11,13,4
20231,R,전통시장,3130180,포방터시장,59,34,25,0,13,11,15,6,14,0,4,4,11,5,10,0,9,7,4,1,4
20231,A,골목상권,3110521,홍제역 4번,63,36,27,0,4,7,19,17,16,0,0,4,10,9,13,0,4,3,9,8,3
20231,R,전통시장,3130201,월정로시장,27,17,10,0,2,8,10,7,0,0,0,7,6,4,0,0,2,1,4,3,0
20231,R,전통시장,3130221,"남부골목시장(남부화곡시장, 남부시장)",188,69,119,0,22,32,50,57,27,0,5,5,15,22,22,0,17,27,35,35,5
20231,A,골목상권,3110721,가리봉파출소,215,104,111,1,6,36,42,42,88,0,2,19,17,22,44,1,4,17,25,20,44
20231,A,골목상권,3110716,구로나눔길,666,398,268,1,132,256,164,77,36,0,39,154,115,60,30,1,93,102,49,17,6
20231,D,발달상권,3120125,구로역,9531,6476,3055,29,1115,2177,2439,2305,1466,14,646,1505,1615,1580,1116,15,469,672,824,725,350
20231,A,골목상권,3110693,오류동역 4번,17,9,8,0,1,3,5,4,4,0,1,3,2,2,1,0,0,0,3,2,3
20231,A,골목상권,3110741,독산2동주민센터,444,159,285,0,69,117,96,108,54,0,43,35,26,33,22,0,26,82,70,75,32
20231,A,골목상권,3110789,대림성모병원,491,182,309,0,104,137,115,93,42,0,16,44,49,43,30,0,88,93,66,50,12
20231,A,골목상권,3110769,대림차이나타운(대림역 12번),42,12,30,0,6,8,12,10,6,0,0,3,4,3,2,0,6,5,8,7,4
20231,R,전통시장,3130244,대림중앙시장,94,39,55,3,15,16,21,16,23,2,10,8,10,5,4,1,5,8,11,11,19
20231,A,골목상권,3110772,신우어린이공원,94,55,39,0,9,15,22,26,22,0,5,8,12,19,11,0,4,7,10,7,11
20231,A,골목상권,3110785,영등포푸르지오아파트,161,84,77,2,13,17,39,44,46,2,8,12,24,14,24,0,5,5,15,30,22
20231,A,골목상권,3110761,문래동남성맨션,180,106,74,0,13,43,45,41,38,0,8,17,26,25,30,0,5,26,19,16,8
20231,R,전통시장,3130245,영일시장,675,567,108,1,61,189,238,136,50,0,41,148,217,115,46,1,20,41,21,21,4
20231,A,골목상권,3110758,문래소공원,296,221,75,1,44,77,70,67,37,0,32,60,46,52,31,1,12,17,24,15,6
20231,A,골목상권,3110815,공군호텔,2250,791,1459,4,426,519,477,509,315,0,88,197,168,172,166,4,338,322,309,337,149
20231,A,골목상권,3110787,신길3동주민센터,171,122,49,0,19,35,47,42,28,0,8,25,36,31,22,0,11,10,11,11,6
20231,A,골목상권,3110780,신길대성유니드아파트,223,171,52,0,22,42,71,56,32,0,18,34,51,41,27,0,4,8,20,15,5
20231,A,골목상권,3110804,신풍역 1번,312,187,125,0,15,37,62,63,135,0,4,15,29,35,104,0,11,22,33,28,31
20231,D,발달상권,3120150,63빌딩,8614,5431,3183,45,1167,2157,2997,1883,365,18,610,1437,1563,1568,235,27,557,720,1434,315,130
20231,D,발달상권,3120144,영중로,2017,1073,944,1,254,395,508,598,261,1,142,276,289,230,135,0,112,119,219,368,126
20231,A,골목상권,3110808,신길역 1번,67,48,19,0,3,22,21,13,8,0,3,15,14,9,7,0,0,7,7,4,1
20231,A,골목상권,3110832,노량진초등학교,491,269,222,0,54,105,122,153,57,0,24,64,85,70,26,0,30,41,37,83,31
20231,R,전통시장,3130266,만양로상점가,2,1,1,0,0,0,2,0,0,0,0,0,1,0,0,0,0,0,1,0,0
20231,A,골목상권,3110822,신대방삼거리역 4번(대림초등학교),313,131,182,0,57,71,68,76,41,0,13,28,34,35,21,0,44,43,34,41,20
20231,A,골목상권,3110850,사당역 10번,969,487,482,4,217,207,185,162,194,1,54,88,92,95,157,3,163,119,93,67,37
20231,R,전통시장,3130273,남성사계시장(남성시장),141,63,78,0,21,36,45,22,17,0,3,19,20,8,13,0,18,17,25,14,4
20231,R,전통시장,3130260,신대방1동골목상권,70,31,39,0,8,22,15,15,10,0,0,7,7,10,7,0,8,15,8,5,3
20231,R,전통시장,3130281,우림시장,1,0,1,0,0,0,1,0,0,0,0,0,0,0,0,0,0,0,1,0,0
20231,A,골목상권,3110859,난향초등학교,182,113,69,0,11,32,42,52,45,0,0,21,27,30,35,0,11,11,15,22,10
20231,A,골목상권,3110886,관악해태어린이공원,184,103,81,1,38,50,41,34,20,1,18,28,21,23,12,0,20,22,20,11,8
20231,A,골목상권,3110880,신림역 1번,995,275,720,0,379,296,157,128,35,0,78,87,66,33,11,0,301,209,91,95,24
20231,A,골목상권,3110888,청룡동주민센터,94,53,41,0,5,9,11,22,47,0,3,2,4,6,38,0,2,7,7,16,9
20231,A,골목상권,3110896,관악우성아파트,202,49,153,0,41,37,44,47,33,0,5,7,11,13,13,0,36,30,33,34,20
20231,A,골목상권,3110948,헌인가구단지,57,27,30,0,5,24,14,11,3,0,4,12,6,2,3,0,1,12,8,9,0
20231,D,발달상권,3120165,서래마을카페거리(서래마을),3467,2266,1201,11,605,1119,949,516,267,3,277,716,707,369,194,8,328,403,242,147,73
20231,D,발달상권,3120172,교대입구교차로,10241,5712,4529,53,2062,2700,2445,1945,1036,33,854,1635,1489,1004,697,20,1208,1065,956,941,339
20231,A,골목상권,3110921,서울프랑스학교,506,312,194,7,63,70,115,134,117,2,30,43,80,86,71,5,33,27,35,48,46
20231,A,골목상권,3110907,방배초등학교,775,476,299,8,119,165,211,143,129,5,54,100,118,95,104,3,65,65,93,48,25
20231,A,골목상권,3110912,방배동사이길,210,128,82,3,33,45,53,42,34,2,16,27,39,21,23,1,17,18,14,21,11
20231,A,골목상권,3110933,한국상담대학원대학교,679,60,619,0,344,156,86,63,30,0,10,15,15,5,15,0,334,141,71,58,15
20231,A,골목상권,3110935,한전아트센터,379,264,115,2,53,108,105,72,39,2,33,82,75,46,26,0,20,26,30,26,13
20231,D,발달상권,3120192,뱅뱅사거리,27363,18865,8498,72,5748,8234,6678,4352,2279,37,3275,5587,5090,3174,1702,35,2473,2647,1588,1178,577
20231,A,골목상권,3110984,포이초등학교(개포목련어린이공원),1556,1046,510,2,236,342,331,306,339,0,140,241,211,199,255,2,96,101,120,107,84
20231,D,발달상권,3120190,강남을지병원,11725,6199,5526,44,3417,3232,2506,1512,1014,14,1228,1650,1567,988,752,30,2189,1582,939,524,262
20231,D,발달상권,3120196,서울세관,9664,5880,3784,15,1699,2887,2578,1611,874,2,596,1519,1718,1320,725,13,1103,1368,860,291,149
20231,D,발달상권,3120200,학동사거리,9363,3808,5555,26,2868,3075,1848,1005,541,9,654,1122,937,687,399,17,2214,1953,911,318,142
20231,D,발달상권,3120223,휘문고교사거리,9166,5574,3592,20,1785,2926,2736,1401,298,4,1102,2061,1597,609,201,16,683,865,1139,792,97
20231,A,골목상권,3110975,매봉역 1번,10837,6932,3905,34,2175,2199,3202,3019,208,21,1010,1161,2184,2402,154,13,1165,1038,1018,617,54
20231,A,골목상권,3110978,도곡2동주민센터(대치중학교),331,186,145,0,46,70,72,114,29,0,20,41,47,62,16,0,26,29,25,52,13
20231,A,골목상권,3110974,언주중학교,278,168,110,3,58,66,85,43,23,3,25,39,59,27,15,0,33,27,26,16,8
20231,D,발달상권,3120188,압구정역,8579,3750,4829,134,2204,2146,1550,1314,1231,47,698,969,897,556,583,87,1506,1177,653,758,648
20231,D,발달상권,3120202,압구정로데오역(압구정로데오),11735,6075,5660,41,2963,4419,2469,1425,418,11,793,2184,1593,1195,299,30,2170,2235,876,230,119
20231,A,골목상권,3110971,선정릉역 4번,1542,900,642,11,278,455,380,254,164,6,140,270,245,120,119,5,138,185,135,134,45
20231,D,발달상권,3120239,오금역,4595,2925,1670,17,840,1205,1156,897,480,11,447,798,824,483,362,6,393,407,332,414,118
20231,D,발달상권,3120241,거여역,1197,650,547,5,110,221,296,277,288,2,80,152,161,83,172,3,30,69,135,194,116
20231,A,골목상권,3111026,문정역 2번,2257,1479,778,7,430,626,537,409,248,3,235,420,381,229,211,4,195,206,156,180,37
20231,A,골목상권,3111017,송파나루역 3번,272,183,89,0,40,62,62,63,45,0,14,42,42,45,40,0,26,20,20,18,5
20231,A,골목상권,3111010,석촌역 7번,1512,1031,481,3,181,309,376,339,304,1,98,190,261,234,247,2,83,119,115,105,57
20231,A,골목상권,3111040,거여초등학교,346,137,209,0,26,86,124,77,33,0,9,27,48,30,23,0,17,59,76,47,10
20231,A,골목상권,3111034,오동나무공원(송파레미니스1단지),1465,1038,427,3,253,373,355,322,159,3,163,257,267,226,122,0,90,116,88,96,37
20231,A,골목상권,3111030,방이역 2번,665,419,246,1,57,107,147,217,136,0,28,68,94,128,101,1,29,39,53,89,35
20231,D,발달상권,3120225,잠실새내역(신천),5597,3589,2008,25,909,1191,1223,1162,1087,3,464,712,794,811,805,22,445,479,429,351,282
20231,A,골목상권,3111085,묘곡초등학교(고덕아이파크아파트),800,452,348,0,68,111,152,196,273,0,35,72,80,84,181,0,33,39,72,112,92
20231,A,골목상권,3111077,길동주민센터(강동도서관),1272,737,535,4,121,258,294,321,274,1,49,138,167,188,194,3,72,120,127,133,80
20231,R,전통시장,3130324,길동복조리시장,154,85,69,3,27,32,47,40,5,2,13,18,31,19,2,1,14,14,16,21,3
20231,D,발달상권,3120245,둔촌역,1884,1135,749,7,312,460,446,371,288,6,169,309,271,195,185,1,143,151,175,176,103
20231,A,골목상권,3111076,둔촌2동주민센터,297,174,123,0,25,49,61,86,76,0,14,24,34,39,63,0,11,25,27,47,13
20231,A,골목상권,3111080,굽은다리역 3번,434,235,199,0,44,77,100,110,103,0,12,52,63,58,50,0,32,25,37,52,53
20231,R,전통시장,3130320,암사종합시장,173,97,76,1,16,29,50,31,46,1,5,12,31,19,29,0,11,17,19,12,17
20231,R,전통시장,3130002,세종마을음식문화거리(금천교시장),564,392,172,4,56,109,120,121,154,0,26,74,75,90,127,4,30,35,45,31,27
20231,A,골목상권,3110037,신설동역 12번,208,124,84,0,16,46,51,61,34,0,6,20,32,41,25,0,10,26,19,20,9
20231,D,발달상권,3120014,종로5가역,4887,2839,2048,375,1123,1351,1205,597,236,112,456,860,851,397,163,263,667,491,354,200,73
20231,A,골목상권,3110029,동대문역 1번,247,68,179,0,11,34,64,82,56,0,1,8,25,21,13,0,10,26,39,61,43
20231,A,골목상권,3110021,성균관대학교,395,301,94,2,16,44,110,145,78,2,7,29,89,124,50,0,9,15,21,21,28
20231,R,전통시장,3130032,인현시장,167,123,44,0,3,25,47,54,38,0,3,16,35,40,29,0,0,9,12,14,9
20231,A,골목상권,3110056,신당역 3번,514,293,221,0,62,129,118,115,90,0,31,63,69,72,58,0,31,66,49,43,32
20231,D,발달상권,3120027,명동역(명동재미로),18097,8477,9620,67,2695,5851,6070,3074,340,9,859,2588,2522,2321,178,58,1836,3263,3548,753,162
20231,R,전통시장,3130054,황학동주방가구거리상점가,374,266,108,0,25,80,116,106,47,0,18,60,77,74,37,0,7,20,39,32,10
20231,A,골목상권,3110050,약수역 7번,306,229,77,0,34,81,75,74,42,0,21,59,60,56,33,0,13,22,15,18,9
20231,A,골목상권,3110042,남산골공원옆,683,424,259,3,91,156,195,166,72,0,37,89,131,121,46,3,54,67,64,45,26
20231,A,골목상권,3110088,오산고등학교,101,51,50,0,22,20,19,15,25,0,9,9,8,8,17,0,13,11,11,7,8
20231,A,골목상권,3110090,한국폴리텍대학서울정수캠퍼스,3968,2447,1521,1,446,1358,1632,500,31,1,173,548,1231,467,27,0,273,810,401,33,4
20231,A,골목상권,3110063,효창공원앞역 5번,530,347,183,8,47,104,139,132,100,6,25,71,93,87,65,2,22,33,46,45,35
20231,D,발달상권,3120040,용산전자상가(용산역),8008,5959,2049,43,1387,2728,2220,1237,393,30,880,2009,1728,997,315,13,507,719,492,240,78
20231,A,골목상권,3110058,성심여자고등학교,1189,857,332,10,168,333,362,206,110,3,77,243,278,166,90,7,91,90,84,40,20
20231,A,골목상권,3110087,이태원엔틱가구거리,329,113,216,0,151,130,29,10,9,0,26,52,19,8,8,0,125,78,10,2,1
20231,A,골목상권,3110067,배문고등학교,1547,895,652,1,215,370,383,320,258,0,84,173,199,225,214,1,131,197,184,95,44
20231,D,발달상권,3120047,한남오거리,2290,1458,832,11,366,751,623,343,196,9,152,461,438,249,149,2,214,290,185,94,47
20231,A,골목상권,3110098,서울독일학교,242,91,151,0,57,85,68,23,9,0,15,22,34,15,5,0,42,63,34,8,4
20231,A,골목상권,3110096,한남힐사이드아파트,502,337,165,3,155,183,85,47,29,3,89,132,63,26,24,0,66,51,22,21,5
20231,D,발달상권,3120048,금호역,76,28,48,0,16,10,18,21,11,0,2,2,6,11,7,0,14,8,12,10,4
20231,R,전통시장,3130063,신금호역 골목형상점가,30,21,9,0,2,4,5,9,10,0,1,3,4,7,6,0,1,1,1,2,4
20231,A,골목상권,3110119,마장지하차도,127,89,38,0,17,26,32,26,26,0,12,22,19,18,18,0,5,4,13,8,8
20231,A,골목상권,3110131,성수동카페거리,4798,3110,1688,15,902,1536,1123,699,523,9,460,993,777,497,374,6,442,543,346,202,149
20231,A,골목상권,3110134,성수119안전센터,771,587,184,4,65,108,185,252,157,4,38,78,143,200,124,0,27,30,42,52,33
20231,A,골목상권,3110136,경수초등학교,4745,2743,2002,43,1169,1097,978,875,583,32,439,633,615,593,431,11,730,464,363,282,152
20231,A,골목상권,3110100,옥수동우편취급국,37,26,11,0,5,17,8,5,2,0,0,14,6,4,2,0,5,3,2,1,0
20231,A,골목상권,3110118,왕십리역 9번,697,487,210,1,90,182,204,129,91,0,62,110,144,93,78,1,28,72,60,36,13
20231,D,발달상권,3120061,올림픽대교북단,1094,864,230,1,228,403,324,95,43,0,165,326,290,55,28,1,63,77,34,40,15
20231,D,발달상권,3120056,구의역,1879,884,995,6,322,352,510,413,276,6,105,129,223,246,175,0,217,223,287,167,101
20201,R,전통시장,3130085,용두시장,4,2,2,0,0,0,1,2,1,0,0,0,0,1,1,0,0,0,1,1,0
20231,A,골목상권,3110139,자양4동주민센터,204,116,88,0,13,28,53,51,59,0,3,14,32,25,42,0,10,14,21,26,17
20231,D,발달상권,3120059,구삼강변맛길,3277,1779,1498,6,431,676,553,747,864,4,244,472,365,322,372,2,187,204,188,425,492
20231,A,골목상권,3110149,세종대학교,122,72,50,0,15,21,31,23,32,0,8,13,19,7,25,0,7,8,12,16,7
20231,A,골목상권,3110155,광진구청,8356,7701,655,0,240,853,2408,4046,809,0,172,765,2256,3748,760,0,68,88,152,298,49
20231,R,전통시장,3130077,조양시장,31,19,12,0,11,7,8,5,0,0,6,5,4,4,0,0,5,2,4,1,0
20231,A,골목상권,3110167,용마초등학교,380,223,157,2,22,56,99,112,89,0,9,20,52,64,78,2,13,36,47,48,11
20231,A,골목상권,3110176,해오름공원,791,439,352,1,84,212,229,173,92,1,32,119,126,91,70,0,52,93,103,82,22
20231,A,골목상권,3110204,간데메공원,411,268,143,3,83,97,82,89,57,3,57,64,46,58,40,0,26,33,36,31,17
20231,A,골목상권,3110226,장안1동주민센터,1882,1005,877,2,147,247,333,512,641,2,87,148,213,253,302,0,60,99,120,259,339
20231,A,골목상권,3110211,전곡마을마당공원,626,445,181,1,66,101,170,194,94,0,45,73,129,143,55,1,21,28,41,51,39
20231,A,골목상권,3110207,시립대앞사거리,33,21,12,0,4,10,6,5,8,0,2,8,3,3,5,0,2,2,3,2,3
20231,R,전통시장,3130086,서울약령시장,1184,651,533,4,113,208,305,341,213,0,56,128,165,181,121,4,57,80,140,160,92
20231,R,전통시장,3130087,경동광성상가(경동시장),28,20,8,0,5,3,8,7,5,0,3,2,6,5,4,0,2,1,2,2,1
20231,A,골목상권,3110198,동대문중앙새마을금고본점,67,26,41,0,1,0,18,37,11,0,0,0,8,10,8,0,1,0,10,27,3
20231,A,골목상권,3110200,동대문경찰서,74,50,24,0,1,6,21,13,33,0,0,1,11,6,32,0,1,5,10,7,1
20231,R,전통시장,3130115,우림골목시장,307,106,201,2,80,61,68,64,32,0,29,11,30,20,16,2,51,50,38,44,16
20231,A,골목상권,3110256,면목2동체육관,477,321,156,2,56,66,82,140,131,1,21,35,45,109,110,1,35,31,37,31,21
20231,A,골목상권,3110266,면목동우체국,225,182,43,0,10,31,38,79,67,0,1,19,30,69,63,0,9,12,8,10,4
20231,A,골목상권,3110236,신묵초등학교,1015,836,179,0,185,302,228,255,45,0,135,246,194,228,33,0,50,56,34,27,12
20231,A,골목상권,3110267,망우역 2번,139,49,90,1,15,28,50,28,17,1,2,10,19,13,4,0,13,18,31,15,13
20231,A,골목상권,3110234,중랑역 4번,96,41,55,0,15,16,23,25,17,0,2,5,10,14,10,0,13,11,13,11,7
20231,R,전통시장,3130121,길음시장,88,19,69,0,36,24,10,8,10,0,2,5,3,2,7,0,34,19,7,6,3
20231,A,골목상권,3110321,동덕여대,58,14,44,0,0,4,13,18,23,0,0,4,4,4,2,0,0,0,9,14,21
20231,A,골목상권,3110324,월곡역 4번,99,55,44,0,31,21,19,18,10,0,9,10,13,14,9,0,22,11,6,4,1
20231,A,골목상권,3110298,솔숲어린이공원,77,28,49,0,18,11,24,12,12,0,3,5,7,5,8,0,15,6,17,7,4
20231,A,골목상권,3110314,종암경찰서,949,699,250,1,127,271,223,286,41,0,72,206,162,231,28,1,55,65,61,55,13
20231,A,골목상권,3110365,미아역 5번,341,83,258,0,17,21,44,63,196,0,5,12,15,17,34,0,12,9,29,46,162
20231,A,골목상권,3110368,송천초등학교,199,178,21,0,9,16,39,71,64,0,5,11,34,66,62,0,4,5,5,5,2
20231,A,골목상권,3110352,수유1동주민센터,275,112,163,0,23,49,101,79,23,0,11,22,37,29,13,0,12,27,64,50,10
20231,A,골목상권,3110349,화계역 2번,83,67,16,0,6,4,21,33,19,0,5,3,12,28,19,0,1,1,9,5,0
20231,A,골목상권,3110367,강북구청,1943,976,967,5,195,512,483,522,226,4,64,205,237,340,126,1,131,307,246,182,100
20231,A,골목상권,3110339,국립4.19민주묘지,11,6,5,0,2,2,5,0,2,0,0,2,3,0,1,0,2,0,2,0,1
20231,A,골목상권,3110346,4.19민주묘지역 2번,96,48,48,0,12,13,19,19,33,0,3,7,8,7,23,0,9,6,11,12,10
20231,A,골목상권,3110395,신한은행 방학동지점,163,42,121,0,17,20,44,42,40,0,0,2,11,9,20,0,17,18,33,33,20
20231,A,골목상권,3110403,방학1동주민센터,316,167,149,1,44,56,63,78,74,1,30,37,36,36,27,0,14,19,27,42,47
20231,A,골목상권,3110393,국민은행방학지점,49,13,36,0,2,10,17,15,5,0,0,0,4,6,3,0,2,10,13,9,2
20231,A,골목상권,3110398,쌍문2동우체국,474,326,148,0,30,65,96,153,130,0,11,27,50,124,114,0,19,38,46,29,16
20231,R,전통시장,3130150,창동골목시장,84,47,37,0,19,30,14,8,13,0,7,20,9,5,6,0,12,10,5,3,7
20231,A,골목상권,3110401,도봉구민회관,243,65,178,0,29,32,38,87,57,0,4,14,14,22,11,0,25,18,24,65,46
20231,D,발달상권,3120084,공릉역,712,546,166,3,33,59,110,240,267,1,11,22,63,205,244,2,22,37,47,35,23
20231,A,골목상권,3110419,수락산디자인거리,695,462,233,5,94,131,159,180,126,5,49,76,108,130,94,0,45,55,51,50,32
20231,A,골목상권,3110425,계상초등학교,136,59,77,2,18,12,36,40,28,2,5,7,19,15,11,0,13,5,17,25,17
20231,A,골목상권,3110421,석계역 1번,249,109,140,0,22,37,78,65,47,0,8,16,31,26,28,0,14,21,47,39,19
20231,R,전통시장,3130167,연신내상점가(연빛거리),632,234,398,1,143,140,156,118,74,1,30,48,57,51,47,0,113,92,99,67,27
20231,D,발달상권,3120088,구산역,799,279,520,2,86,117,175,272,147,2,30,65,68,59,55,0,56,52,107,213,92
20231,A,골목상권,3110473,구산역 1번,436,241,195,0,34,59,113,107,123,0,24,27,53,49,88,0,10,32,60,58,35
20231,A,골목상권,3110487,불광역 8번,63,35,28,0,11,22,15,8,7,0,6,11,7,8,3,0,5,11,8,0,4
20231,A,골목상권,3110480,연신내역 3번,161,51,110,0,16,35,52,35,23,0,3,9,17,12,10,0,13,26,35,23,13
20231,A,골목상권,3110474,세명컴퓨터고등학교,119,55,64,0,7,33,28,23,28,0,2,14,11,8,20,0,5,19,17,15,8
20231,A,골목상권,3110482,연신초등학교,11,7,4,0,0,0,4,6,1,0,0,0,3,3,1,0,0,0,1,3,0
20231,A,골목상권,3110455,역촌노인복지관,690,369,321,2,73,120,187,203,105,0,37,64,89,109,70,2,36,56,98,94,35
20231,A,골목상권,3110470,신진과학기술고등학교,93,65,28,0,7,17,34,25,10,0,5,10,26,19,5,0,2,7,8,6,5
20231,A,골목상권,3110475,백련산해모로아파트,245,127,118,1,23,44,76,70,31,1,10,24,44,29,19,0,13,20,32,41,12
20231,D,발달상권,3120089,구파발역,5,1,4,0,0,0,1,2,2,0,0,0,0,1,0,0,0,0,1,1,2
20231,R,전통시장,3130173,백련시장,5,3,2,0,0,1,0,2,2,0,0,1,0,0,2,0,0,0,0,2,0
20231,D,발달상권,3120096,"이화여대(이대역, 이대)",493,210,283,1,81,137,130,86,58,0,27,52,48,43,40,1,54,85,82,43,18
20231,A,골목상권,3110532,아현역 2번,328,204,124,0,52,33,46,78,119,0,17,13,22,57,95,0,35,20,24,21,24
20231,R,전통시장,3130178,이대 앞 스타트업 상점가,30,6,24,0,5,5,8,6,6,0,1,0,3,0,2,0,4,5,5,6,4
20231,A,골목상권,3110517,서대문소방서,884,634,250,8,197,216,203,177,83,5,99,170,163,146,51,3,98,46,40,31,32
20231,A,골목상권,3110512,연희지하차도,335,165,170,0,40,62,102,99,32,0,14,38,44,49,20,0,26,24,58,50,12
20231,A,골목상권,3110536,돈의문센트레빌아파트입구,141,105,36,0,12,23,61,32,13,0,7,17,50,21,10,0,5,6,11,11,3
20231,A,골목상권,3110534,경기대학교,157,88,69,0,10,29,28,42,48,0,7,20,14,19,28,0,3,9,14,23,20
20231,A,골목상권,3110516,정원여중,227,101,126,0,35,40,62,65,25,0,17,18,27,23,16,0,18,22,35,42,9
20231,A,골목상권,3110527,홍제역 2번,185,89,96,1,36,40,36,40,32,1,11,26,15,21,15,0,25,14,21,19,17
20231,A,골목상권,3110572,서강대역 1번,470,254,216,1,63,130,117,116,43,1,32,67,58,66,30,0,31,63,59,50,13
20231,A,골목상권,3110575,대흥동주민센터,208,157,51,2,25,48,36,49,48,2,11,35,25,41,43,0,14,13,11,8,5
20231,D,발달상권,3120100,망원역,846,397,449,4,199,227,191,137,88,2,52,99,101,94,49,2,147,128,90,43,39
20231,R,전통시장,3130185,망원월드컵시장,190,123,67,1,26,69,53,25,16,1,14,43,35,16,14,0,12,26,18,9,2
20231,A,골목상권,3110547,KB국민은행 망원동지점,284,168,116,0,13,47,93,76,55,0,4,25,55,45,39,0,9,22,38,31,16
20231,R,전통시장,3130183,상암동상점가,816,607,209,1,89,204,283,187,52,0,49,150,227,143,38,1,40,54,56,44,14
20231,A,골목상권,3110569,홍대땡땡거리,358,153,205,2,62,108,97,53,36,1,18,48,46,19,21,1,44,60,51,34,15
20231,A,골목상권,3110554,망원역 1번,1579,777,802,2,213,371,508,350,135,2,105,188,241,156,85,0,108,183,267,194,50
20231,A,골목상권,3110551,성서초등학교,803,387,416,1,110,164,235,172,121,1,42,90,114,81,59,0,68,74,121,91,62
20231,R,전통시장,3130198,아현시장,203,45,158,1,51,84,52,10,5,0,8,5,26,4,2,1,43,79,26,6,3
20231,A,골목상권,3110550,합정역 8번,1578,740,838,1,240,411,414,333,179,0,84,165,221,171,99,1,156,246,193,162,80
20231,A,골목상권,3110546,양화대교북단,732,436,296,3,189,254,157,76,53,3,81,126,120,62,44,0,108,128,37,14,9
20231,D,발달상권,3120114,목동신시가지,13498,9371,4127,46,2070,3798,3444,2895,1245,29,1126,2619,2554,2204,839,17,944,1179,890,691,406
20231,A,골목상권,3110619,목4동주민센터,311,203,108,1,51,87,89,64,19,1,16,52,58,57,19,0,35,35,31,7,0
20231,A,골목상권,3110607,금빛새마을금고본점,47,29,18,0,1,10,11,14,11,0,1,4,5,10,9,0,0,6,6,4,2
20231,A,골목상권,3110608,신월2동주민센터,875,454,421,1,51,116,229,273,205,1,23,69,117,127,117,0,28,47,112,146,88
20231,A,골목상권,3110647,화곡역 5번,899,461,438,2,117,230,224,230,96,1,44,138,111,116,51,1,73,92,113,114,45
20231,A,골목상권,3110594,신월중학교,357,182,175,0,35,116,89,85,32,0,10,41,50,52,29,0,25,75,39,33,3
20231,R,전통시장,3130205,신곡종합시장(신월6동 골목시장),141,103,38,1,17,36,39,32,16,0,10,27,33,18,15,1,7,9,6,14,1
20231,A,골목상권,3110602,신월시영아파트중문,674,584,90,1,8,23,81,250,311,0,4,14,55,218,293,1,4,9,26,32,18
20231,A,골목상권,3110610,계남근린공원,126,85,41,0,5,11,41,44,25,0,3,6,28,35,13,0,2,5,13,9,12
20231,A,골목상권,3110616,양목초등학교,161,103,58,0,3,23,19,40,76,0,2,18,14,32,37,0,1,5,5,8,39
20231,A,골목상권,3110611,신정역 1번,289,192,97,2,34,57,88,74,34,2,20,42,52,46,30,0,14,15,36,28,4
20231,A,골목상권,3110635,공항시장역 3번,1451,391,1060,4,64,82,162,479,660,1,43,58,63,33,193,3,21,24,99,446,467
20231,D,발달상권,3120122,강서구청,2179,1231,948,4,314,461,494,447,459,2,103,228,271,262,365,2,211,233,223,185,94
20231,A,골목상권,3110638,신방화역 2번,372,202,170,3,53,75,88,87,66,3,22,40,44,43,50,0,31,35,44,44,16
20231,A,골목상권,3110650,우장산힐스테이트,143,116,27,0,23,30,51,20,19,0,15,25,42,17,17,0,8,5,9,3,2
20231,A,골목상권,3110702,개봉초등학교,131,93,38,1,15,18,33,34,30,1,10,13,23,24,22,0,5,5,10,10,8
20231,R,전통시장,3130227,고척골목시장상점가(그라운드 고척),33,14,19,0,4,6,10,8,5,0,0,1,5,5,3,0,4,5,5,3,2
20231,A,골목상권,3110699,덕의초등학교,136,79,57,0,14,22,29,43,28,0,7,14,13,24,21,0,7,8,16,19,7
20231,D,발달상권,3120129,구로디지털단지,48873,32033,16840,196,10422,16630,12386,5777,3462,127,5285,11083,8771,3995,2772,69,5137,5547,3615,1782,690
20231,A,골목상권,3110712,남구로역 5번,233,108,125,1,32,36,66,64,34,0,10,17,24,32,25,1,22,19,42,32,9
20231,A,골목상권,3110720,대림역 2번,228,87,141,0,27,50,65,49,37,0,11,14,18,17,27,0,16,36,47,32,10
20231,R,전통시장,3130231,독산동 우시장,611,476,135,2,31,74,126,196,182,0,16,55,97,145,163,2,15,19,29,51,19
20231,A,골목상권,3110745,독산동정훈단지,251,191,60,0,11,20,33,86,101,0,3,12,22,64,90,0,8,8,11,22,11
20231,D,발달상권,3120134,구로전화국,2014,1668,346,0,107,157,172,223,1355,0,44,75,96,153,1300,0,63,82,76,70,55
20231,A,골목상권,3110755,동일여자고등학교,193,51,142,0,10,24,45,70,44,0,3,8,17,11,12,0,7,16,28,59,32
20231,D,발달상권,3120143,당산역,2671,1987,684,9,326,516,558,517,745,2,194,394,403,386,608,7,132,122,155,131,137
20231,A,골목상권,3110778,구로디지털단지역 4번,1596,862,734,0,248,459,484,224,181,0,122,281,192,136,131,0,126,178,292,88,50
20231,A,골목상권,3110771,대림역 11번,955,604,351,0,22,38,128,210,557,0,21,30,73,131,349,0,1,8,55,79,208
20231,D,발달상권,3120139,대림3동사거리,3619,2404,1215,14,423,867,992,727,596,5,220,632,783,462,302,9,203,235,209,265,294
20231,A,골목상권,3110768,도림2동유수지내체육시설,294,155,139,0,20,43,63,73,95,0,7,22,32,41,53,0,13,21,31,32,42
20231,A,골목상권,3110759,문래예술촌(문래창작촌),4221,2168,2053,9,521,838,1001,1281,571,5,266,553,595,462,287,4,255,285,406,819,284
20231,D,발달상권,3120152,신대방삼거리역,578,278,300,1,66,127,150,148,86,1,22,63,80,70,42,0,44,64,70,78,44
20231,A,골목상권,3110818,신대방역 3번,20,9,11,0,1,3,7,7,2,0,1,3,2,1,2,0,0,0,5,6,0
20231,A,골목상권,3110856,미성초등학교,538,295,243,3,58,85,170,150,72,1,28,44,99,71,52,2,30,41,71,79,20
20231,A,골목상권,3110874,원신초등학교(구세군관악영문교회),46,15,31,1,4,19,7,12,3,1,1,3,3,6,1,0,3,16,4,6,2
20231,A,골목상권,3110879,신림현대아파트,17,7,10,0,2,3,5,5,2,0,1,2,2,2,0,0,1,1,3,3,2
20231,A,골목상권,3110885,영락고등학교,339,213,126,0,37,58,94,88,62,0,18,33,61,56,45,0,19,25,33,32,17
20231,D,발달상권,3120157,신림역(신림),637,257,380,1,96,116,146,139,139,0,19,40,82,49,67,1,77,76,64,90,72
20231,A,골목상권,3110858,신대방역 1번,66,33,33,0,5,9,17,7,28,0,0,1,6,2,24,0,5,8,11,5,4
20231,A,골목상권,3110872,신림초등학교,279,196,83,3,54,68,69,54,31,3,36,54,54,42,7,0,18,14,15,12,24
20231,A,골목상권,3110855,신대방역 2번,429,275,154,2,53,111,126,90,47,0,22,81,83,55,34,2,31,30,43,35,13
20231,R,전통시장,3130276,신림중앙시장(조원동 펭귄시장),39,27,12,0,1,2,13,11,12,0,0,2,7,9,9,0,1,0,6,2,3
20231,A,골목상권,3110947,청계산입구역 2번(내곡동주민센터),112,45,67,0,18,17,27,18,32,0,8,9,14,7,7,0,10,8,13,11,25
20231,D,발달상권,3120177,신논현역 1번,694,436,258,1,84,187,202,143,77,0,34,111,130,106,55,1,50,76,72,37,22
20231,D,발달상권,3120187,신논현역,13076,7778,5298,64,3624,3962,2984,1673,769,27,1516,2302,2121,1247,565,37,2108,1660,863,426,204
20231,A,골목상권,3110913,방현초등학교(방배119안전센터),3293,2109,1184,7,571,1263,876,376,200,4,272,822,625,237,149,3,299,441,251,139,51
20231,A,골목상권,3110934,우면주공아파트,994,674,320,6,197,291,253,161,86,5,83,217,195,110,64,1,114,74,58,51,22
20231,A,골목상권,3110937,방아다리근린공원(횃불트리니티신학대학원대학교),2465,1270,1195,7,634,861,542,318,103,6,246,507,335,113,63,1,388,354,207,205,40
20231,D,발달상권,3120183,양재천카페거리,3558,2626,932,12,586,972,848,551,589,10,364,717,638,413,484,2,222,255,210,138,105
20231,D,발달상권,3120205,매봉역,13950,9370,4580,95,2838,4203,3126,1781,1907,44,1450,2959,2521,1302,1094,51,1388,1244,605,479,813
20231,D,발달상권,3120194,언주역(차병원),12628,8724,3904,37,2790,4202,2802,1923,874,14,1366,2863,2239,1588,654,23,1424,1339,563,335,220
20231,A,골목상권,3110955,논현초등학교,3430,2238,1192,19,719,823,793,625,451,13,417,568,554,389,297,6,302,255,239,236,154
20231,R,전통시장,3130303,영동전통시장,242,95,147,0,21,60,67,58,36,0,7,19,22,24,23,0,14,41,45,34,13
20231,D,발달상권,3120215,포스코사거리,61667,40706,20961,170,9756,22506,18178,8408,2649,29,4305,14324,13853,6409,1786,141,5451,8182,4325,1999,863
20231,A,골목상권,3110992,도곡초등학교,2179,1144,1035,3,269,440,484,524,459,1,108,253,258,260,264,2,161,187,226,264,195
20231,A,골목상권,3110991,삼성중앙역 5번,1246,794,452,1,111,415,339,275,105,1,28,243,229,216,77,0,83,172,110,59,28
20231,A,골목상권,3111000,대왕초등학교(세곡동사거리서남측),39,20,19,0,7,10,12,8,2,0,0,4,10,4,2,0,7,6,2,4,0
20231,A,골목상권,3110999,윗방죽마을공원,268,130,138,2,19,43,44,83,77,1,12,27,27,39,24,1,7,16,17,44,53
20231,R,전통시장,3130302,강남시장(강남구 강남시장),58,33,25,0,13,15,14,8,8,0,7,10,9,2,5,0,6,5,5,6,3
20231,A,골목상권,3110963,역삼월드메르디앙아파트,779,545,234,1,126,183,226,154,89,0,79,144,171,97,54,1,47,39,55,57,35
20231,A,골목상권,3110967,역삼역 8번,377,228,149,0,63,92,89,92,41,0,31,51,60,56,30,0,32,41,29,36,11
20231,A,골목상권,3110985,청담근린공원,1338,948,390,0,193,447,374,226,98,0,98,346,275,157,72,0,95,101,99,69,26
20231,A,골목상권,3110972,강남세브란스병원미래의학연구센터,2628,1440,1188,17,539,669,692,581,130,4,240,428,438,258,72,13,299,241,254,323,58
20231,A,골목상권,3110969,베르사이유1아파트,1546,1230,316,4,231,442,483,285,101,2,165,345,402,239,77,2,66,97,81,46,24
20231,R,전통시장,3130307,도곡시장,17,9,8,0,0,3,4,7,3,0,0,2,1,4,2,0,0,1,3,3,1
20231,A,골목상권,3110990,청담역 12번,262,109,153,2,61,92,56,36,15,0,12,32,29,23,13,2,49,60,27,13,2
20231,R,전통시장,3130308,청담삼익시장,48,30,18,0,5,11,13,7,12,0,3,6,8,4,9,0,2,5,5,3,3
20231,D,발달상권,3120231,가락시장,5698,4083,1615,0,368,1051,1564,1654,1061,0,264,836,1185,1098,700,0,104,215,379,556,361
20231,D,발달상권,3120240,개롱역,1609,1102,507,7,212,314,404,431,241,5,125,230,269,295,178,2,87,84,135,136,63
20231,A,골목상권,3111021,방이역 4번,7683,5874,1809,22,793,1329,1979,2137,1423,15,391,912,1552,1769,1235,7,402,417,427,368,188
20231,A,골목상권,3111008,석촌고분역 3번,1551,1177,374,1,182,286,280,382,420,1,148,237,208,248,335,0,34,49,72,134,85
20231,A,골목상권,3111015,석촌역 3번,1352,778,574,1,151,315,350,351,184,1,72,199,216,181,109,0,79,116,134,170,75
20231,A,골목상권,3111016,송파역 2번,3803,1601,2202,15,1126,1104,801,601,156,8,407,533,427,165,61,7,719,571,374,436,95
20231,A,골목상권,3111038,보인중학교,416,270,146,0,26,66,113,123,88,0,11,38,85,88,48,0,15,28,28,35,40
20231,A,골목상권,3111011,잠실나루역,9608,7747,1861,42,1275,3018,2795,2046,432,18,924,2492,2309,1674,330,24,351,526,486,372,102
20231,A,골목상권,3111003,삼전역 4번,1996,1337,659,6,249,412,549,437,343,1,160,278,332,308,258,5,89,134,217,129,85
20231,R,전통시장,3130311,새마을시장,377,246,131,1,60,78,104,75,59,0,28,48,80,55,35,1,32,30,24,20,24
20231,R,전통시장,3130326,고덕 골목형상점가,935,850,85,0,8,37,165,395,330,0,4,31,147,360,308,0,4,6,18,35,22
20231,A,골목상권,3111088,고덕동성당,123,54,69,0,15,32,32,31,13,0,4,15,10,15,10,0,11,17,22,16,3
20231,A,골목상권,3111071,천동초등학교,76,52,24,0,4,15,21,25,11,0,4,6,18,16,8,0,0,9,3,9,3
20231,A,골목상권,3111079,둔촌고등학교(둔촌중학교),377,197,180,1,43,58,60,76,139,1,28,34,33,28,73,0,15,24,27,48,66
20231,A,골목상권,3111050,강동구청(강동구청역 2번),131,96,35,0,21,14,21,32,43,0,12,5,12,27,40,0,9,9,9,5,3
20231,D,발달상권,3120243,천호역,1395,637,758,6,189,265,331,296,308,2,64,109,143,126,193,4,125,156,188,170,115
20231,A,골목상권,3111062,둔촌동역 3번(성내3동주민센터),751,501,250,5,134,198,194,144,76,5,81,139,126,91,59,0,53,59,68,53,17
20231,A,골목상권,3111066,암사동성당(효정하나플러스아파트),417,255,162,3,46,103,101,113,51,0,14,53,66,91,31,3,32,50,35,22,20
20231,A,골목상권,3111052,암사역 3번(천호동자전거거리),357,228,129,1,26,71,117,94,48,1,11,47,76,58,35,0,15,24,41,36,13
20231,A,골목상권,3111069,천호1동주민센터,79,54,25,0,8,17,17,26,11,0,4,12,14,14,10,0,4,5,3,12,1
20231,A,골목상권,3111048,천호역 1번(천호문구완구거리),183,101,82,3,18,52,44,42,24,2,10,24,26,23,16,1,8,28,18,19,8
20231,A,골목상권,3110003,세검정초등학교,607,337,270,7,78,120,167,167,68,6,35,45,103,96,52,1,43,75,64,71,16
20231,R,전통시장,3130020,동묘시장(동묘벼룩시장),407,177,230,5,154,93,73,58,24,5,43,31,45,32,21,0,111,62,28,26,3
20231,R,전통시장,3130005,세운상가가동,133,93,40,0,7,34,35,21,36,0,5,23,28,8,29,0,2,11,7,13,7
20231,D,발달상권,3120004,종로구청,12937,7078,5859,9,1442,4392,4485,2080,529,4,432,2050,2756,1493,343,5,1010,2342,1729,587,186
20231,R,전통시장,3130004,낙원시장(낙원지하시장(대일상가)),364,258,106,0,29,70,99,78,88,0,14,51,68,57,68,0,15,19,31,21,20
20231,R,전통시장,3130010,종로신진시장,200,113,87,0,20,29,55,48,48,0,14,17,24,26,32,0,6,12,31,22,16
20231,A,골목상권,3110032,수족관거리,30,15,15,0,3,5,4,13,5,0,2,1,2,7,3,0,1,4,2,6,2
20231,U,관광특구,3001493,동대문패션타운 관광특구,5916,2900,3016,36,1415,1672,1133,1020,640,13,536,733,643,584,391,23,879,939,490,436,249
20231,A,골목상권,3110049,장충단 고개,2303,1240,1063,4,566,582,448,431,272,2,174,314,281,257,212,2,392,268,167,174,60
20231,D,발달상권,3120039,신당역,2348,1249,1099,31,795,488,410,342,282,11,348,245,228,226,191,20,447,243,182,116,91
20231,A,골목상권,3110041,남산케이블카,967,435,532,2,118,152,175,254,266,2,51,69,83,87,143,0,67,83,92,167,123
20231,R,전통시장,3130052,서울중앙시장(신중앙시장),479,342,137,0,106,156,101,61,55,0,80,110,57,45,50,0,26,46,44,16,5
20231,D,발달상권,3120036,장충동족발거리(남소영길),2289,1090,1199,14,616,783,556,223,97,0,122,393,365,155,55,14,494,390,191,68,42
20231,A,골목상권,3110054,청구역 3번,1542,854,688,3,259,378,315,340,247,1,90,204,220,215,124,2,169,174,95,125,123
20231,R,전통시장,3130056,용산용문시장,65,34,31,0,7,15,18,10,15,0,4,6,7,6,11,0,3,9,11,4,4
20231,A,골목상권,3110080,해방촌예술마을,311,168,143,0,53,71,88,58,41,0,18,40,52,31,27,0,35,31,36,27,14
20231,A,골목상권,3110065,남정초등학교,137,92,45,0,17,45,48,17,10,0,9,37,31,10,5,0,8,8,17,7,5
20231,A,골목상권,3110579,마포역 4번,750,563,187,2,54,162,247,219,66,1,37,124,188,165,48,1,17,38,59,54,18
20231,D,발달상권,3120046,이태원(이태원역),2285,1299,986,24,818,684,339,224,196,15,389,422,205,137,131,9,429,262,134,87,65
20231,D,발달상권,3120044,삼각지역,1905,1415,490,5,357,534,461,374,174,5,220,403,384,278,125,0,137,131,77,96,49
20231,A,골목상권,3110123,마장역 3번,511,382,129,0,42,56,91,185,137,0,21,36,63,141,121,0,21,20,28,44,16
20231,A,골목상권,3110121,한양대역 4번,45,30,15,0,3,10,8,11,13,0,2,5,5,7,11,0,1,5,3,4,2
20231,D,발달상권,3120049,왕십리역(왕십리),1459,1004,455,1,183,301,377,468,129,1,92,187,272,371,81,0,91,114,105,97,48
20231,A,골목상권,3110127,성수1가1동주민센터,290,157,133,0,31,55,56,100,48,0,11,40,31,47,28,0,20,15,25,53,20
20231,D,발달상권,3120051,뚝섬역,3944,2582,1362,20,703,946,867,651,757,15,446,646,549,445,481,5,257,300,318,206,276
20231,R,전통시장,3130071,성수역 골목형상점가,335,180,155,1,61,89,70,43,71,0,27,43,43,29,38,1,34,46,27,14,33
20231,A,골목상권,3110114,왕십리파출소,33,19,14,0,3,2,8,14,6,0,1,1,4,8,5,0,2,1,4,6,1
20231,A,골목상권,3110174,아차산역 1번,432,305,127,1,49,80,115,104,83,1,25,57,76,69,77,0,24,23,39,35,6
20231,A,골목상권,3110140,건대입구역 6번,429,268,161,6,37,67,113,120,86,5,17,34,65,83,64,1,20,33,48,37,22
20231,A,골목상권,3110152,중곡어린이공원,340,300,40,0,17,29,64,121,109,0,10,21,55,109,105,0,7,8,9,12,4
20231,A,골목상권,3110161,중곡역 3번,236,135,101,3,11,33,58,65,66,0,2,16,37,40,40,3,9,17,21,25,26
20231,R,전통시장,3130084,신성시장(신성골목시장),21,6,15,0,3,5,8,4,1,0,0,1,2,2,1,0,3,4,6,2,0
20231,A,골목상권,3110141,건대입구역 1번,213,138,75,1,23,49,67,48,25,1,11,27,51,32,16,0,12,22,16,16,9
20231,A,골목상권,3110144,어린이대공원역 4번,104,49,55,0,35,17,21,19,12,0,9,10,11,10,9,0,26,7,10,9,3
20231,R,전통시장,3130097,답십리 건축자재시장,291,188,103,1,16,42,42,36,154,0,7,34,23,19,105,1,9,8,19,17,49
20231,A,골목상권,3110209,답십리 장령당공원,83,52,31,0,3,11,28,19,22,0,1,5,16,15,15,0,2,6,12,4,7
20231,R,전통시장,3130101,답십리현대시장,8,5,3,0,0,1,3,2,2,0,0,1,1,2,1,0,0,0,2,0,1
20231,A,골목상권,3110186,종암초등학교,114,86,28,0,9,21,16,34,34,0,3,18,10,26,29,0,6,3,6,8,5
20231,A,골목상권,3110221,의릉,95,69,26,0,10,12,36,29,8,0,6,10,24,22,7,0,4,2,12,7,1
20231,A,골목상권,3110202,전농1동주민센터(전농시장),111,68,43,0,14,35,31,20,11,0,9,19,21,14,5,0,5,16,10,6,6
20231,A,골목상권,3110206,텃골근린공원,92,37,55,0,8,14,25,24,21,0,4,7,8,8,10,0,4,7,17,16,11
20231,A,골목상권,3110219,삼육보건대학교,251,146,105,0,18,42,70,81,40,0,11,20,32,52,31,0,7,22,38,29,9
20231,R,전통시장,3130094,청량리청과물시장,54,24,30,0,7,13,17,7,10,0,0,4,10,2,8,0,7,9,7,5,2
20231,R,전통시장,3130095,청량리전통시장,95,38,57,0,6,16,18,33,22,0,4,6,9,10,9,0,2,10,9,23,13
20231,A,골목상권,3110199,홍릉시장,65,41,24,0,11,15,18,14,7,0,8,8,10,9,6,0,3,7,8,5,1
20231,A,골목상권,3110268,망우3동주민센터,60,30,30,0,10,13,10,18,9,0,1,5,7,10,7,0,9,8,3,8,2
20231,R,전통시장,3130114,유영시장,31,20,11,0,9,5,3,8,6,0,7,2,2,5,4,0,2,3,1,3,2
20231,A,골목상권,3110237,메가박스 상봉,274,152,122,0,30,67,97,54,26,0,13,37,48,36,18,0,17,30,49,18,8
20231,A,골목상권,3110258,면동초등학교,260,99,161,0,32,49,79,66,34,0,1,20,28,34,16,0,31,29,51,32,18
20231,A,골목상권,3110254,오거리공원,259,90,169,1,19,75,79,53,32,0,6,15,35,22,12,1,13,60,44,31,20
20231,A,골목상권,3110264,면목역 2번,358,170,188,1,52,75,93,80,57,0,21,40,40,37,32,1,31,35,53,43,25
20231,A,골목상권,3110248,먹골파출소,85,47,38,1,19,23,20,12,10,0,7,14,12,4,10,1,12,9,8,8,0
20231,A,골목상권,3110279,신내역 2번,9,8,1,0,0,1,4,4,0,0,0,1,3,4,0,0,0,0,1,0,0
20231,A,골목상권,3110245,KB국민은행 중화동지점,156,81,75,0,8,36,52,40,20,0,5,16,26,19,15,0,3,20,26,21,5
20231,R,전통시장,3130108,태능엔터피아(태릉시장),3,1,2,0,0,0,1,2,0,0,0,0,0,1,0,0,0,0,1,1,0
20231,A,골목상권,3110308,길음역 8번,174,85,89,0,17,36,56,41,24,0,8,17,26,20,14,0,9,19,30,21,10
20231,D,발달상권,3120073,미아사거리,353,135,218,3,40,67,95,95,53,2,16,29,45,23,20,1,24,38,50,72,33
20231,A,골목상권,3110529,홍제3동주민센터,125,58,67,0,13,20,27,25,40,0,2,5,8,14,29,0,11,15,19,11,11
20231,A,골목상권,3110300,삼선동주민센터,2735,1587,1148,3,248,710,769,844,161,2,97,300,444,629,115,1,151,410,325,215,46
20231,D,발달상권,3120072,성신여대,1048,537,511,18,137,211,213,271,198,11,46,86,103,152,139,7,91,125,110,119,59
20231,A,골목상권,3110301,성신여대입구역 7번,484,209,275,1,73,84,96,134,96,0,31,37,39,62,40,1,42,47,57,72,56
20231,R,전통시장,3130120,돈암시장(돈암제일시장),99,23,76,1,20,20,25,18,15,0,0,2,7,8,6,1,20,18,18,10,9
20231,A,골목상권,3110328,상월곡역 3번,235,157,78,1,38,75,62,37,22,1,26,58,33,24,15,0,12,17,29,13,7
20231,R,전통시장,3130126,새석관시장,13,8,5,0,1,4,2,5,1,0,0,3,1,3,1,0,1,1,1,2,0
20231,R,전통시장,3130128,돌곶이시장(석관황금시장),191,157,34,0,30,36,41,72,12,0,28,26,29,62,12,0,2,10,12,10,0
20231,A,골목상권,3110323,상월곡역 1번,109,30,79,2,25,24,28,18,12,0,4,5,11,5,5,2,21,19,17,13,7
20231,A,골목상권,3110325,장곡초등학교,57,18,39,0,0,14,20,17,6,0,0,3,7,4,4,0,0,11,13,13,2
20231,A,골목상권,3110329,우리은행체육관,34,27,7,1,1,5,6,14,7,1,0,5,5,10,6,0,1,0,1,4,1
20231,A,골목상권,3110418,광운대학교 남단,100,45,55,0,11,17,23,26,23,0,5,5,13,16,6,0,6,12,10,10,17
20231,A,골목상권,3110292,정릉역 2번,33,14,19,0,1,5,16,6,5,0,1,3,5,3,2,0,0,2,11,3,3
20231,A,골목상권,3110289,북한산보국문역 2번,144,105,39,0,9,28,49,32,26,0,6,23,30,24,22,0,3,5,19,8,4
20231,A,골목상권,3110320,KB국민은행 종암동지점,79,51,28,0,2,11,27,24,15,0,1,5,15,17,13,0,1,6,12,7,2
20231,A,골목상권,3110369,성신여대운정그린캠퍼스,518,214,304,1,49,46,131,131,160,1,10,16,44,53,90,0,39,30,87,78,70
20231,A,골목상권,3110376,수송초등학교,224,142,82,0,26,47,62,60,29,0,12,29,38,41,22,0,14,18,24,19,7
20231,R,전통시장,3130143,방천골목시장,65,36,29,0,11,7,19,24,4,0,6,5,9,13,3,0,5,2,10,11,1
20231,R,전통시장,3130140,숭인시장,62,27,35,0,9,13,10,15,15,0,0,4,1,9,13,0,9,9,9,6,2
20231,A,골목상권,3110362,우이천 계성교,205,110,95,1,24,34,61,63,22,0,11,19,28,35,17,1,13,15,33,28,5
20231,A,골목상권,3110356,덕수교,228,114,114,0,13,34,55,60,66,0,4,17,22,30,41,0,9,17,33,30,25
20231,R,전통시장,3130139,강북종합전통시장(강북종합골목시장),166,114,52,0,16,45,61,28,16,0,11,33,42,19,9,0,5,12,19,9,7
20231,A,골목상권,3110343,무너미어린이공원,100,74,26,0,7,21,28,32,12,0,4,14,22,25,9,0,3,7,6,7,3
20231,A,골목상권,3110351,수유북부시장옆,214,93,121,0,27,45,51,59,32,0,9,17,20,25,22,0,18,28,31,34,10
20231,A,골목상권,3110413,누원고등학교,54,33,21,0,8,11,12,11,12,0,5,8,5,5,10,0,3,3,7,6,2
20231,A,골목상권,3110382,솔밭공원역 1번,32,25,7,0,1,9,8,7,7,0,0,5,6,7,7,0,1,4,2,0,0
20231,R,전통시장,3130149,창동신창시장,116,51,65,0,5,24,35,31,21,0,2,10,17,10,12,0,3,14,18,21,9
20231,R,전통시장,3130159,공릉동 도깨비시장,101,47,54,0,12,22,24,26,17,0,4,8,9,15,11,0,8,14,15,11,6
20231,A,골목상권,3110422,노원역 9번,277,221,56,0,27,70,94,54,32,0,24,59,79,37,22,0,3,11,15,17,10
20231,D,발달상권,3120082,상계백병원,389,127,262,0,81,95,109,69,35,0,19,18,34,38,18,0,62,77,75,31,17
20231,A,골목상권,3110417,월계역 3번,19,10,9,0,10,6,0,3,0,0,3,5,0,2,0,0,7,1,0,1,0
20231,D,발달상권,3120083,등나무근린공원,1184,787,397,0,166,325,271,283,139,0,114,228,171,179,95,0,52,97,100,104,44
20231,R,전통시장,3130155,시영B상가(중계 그린아파트 B 상가),3,2,1,0,0,1,0,2,0,0,0,1,0,1,0,0,0,0,0,1,0
20231,A,골목상권,3110430,중계초등학교,275,100,175,0,18,28,58,96,75,0,8,7,19,25,41,0,10,21,39,71,34
20231,A,골목상권,3110441,영신여고,138,72,66,0,12,28,33,41,24,0,7,20,15,21,9,0,5,8,18,20,15
20231,A,골목상권,3110427,노원 을지대학교병원,363,281,82,0,27,27,62,126,121,0,12,14,31,109,115,0,15,13,31,17,6
20231,A,골목상권,3110477,은평세무서,434,205,229,0,43,62,106,141,82,0,15,23,49,71,47,0,28,39,57,70,35
20231,A,골목상권,3110476,역촌역 2번,56,26,30,0,2,8,22,17,7,0,1,3,9,7,6,0,1,5,13,10,1
20231,R,전통시장,3130171,불광먹자골목 골목형상점가,155,54,101,0,18,31,24,37,45,0,4,9,11,16,14,0,14,22,13,21,31
20231,R,전통시장,3130160,수일시장,7,2,5,0,0,2,1,2,2,0,0,0,0,1,1,0,0,2,1,1,1
20231,A,골목상권,3110499,연가초등학교,263,119,144,0,42,42,74,65,40,0,8,20,31,35,25,0,34,22,43,30,15
20231,A,골목상권,3110503,명지대학교교회,230,123,107,0,27,52,59,64,28,0,9,30,26,36,22,0,18,22,33,28,6
20231,A,골목상권,3110533,충정로역 7번,22,11,11,0,5,5,3,5,4,0,0,2,2,4,3,0,5,3,1,1,1
20231,A,골목상권,3110537,충정로현대아파트,1514,848,666,1,362,525,328,177,121,0,150,263,215,134,86,1,212,262,113,43,35
20231,A,골목상권,3110522,홍제역 3번,46,12,34,0,14,7,12,6,7,0,2,2,2,2,4,0,12,5,10,4,3
20231,R,전통시장,3130196,공덕시장,3948,2001,1947,52,1323,1296,891,287,99,28,467,646,599,181,80,24,856,650,292,106,19
20231,A,골목상권,3110541,동교초등학교,377,221,156,0,43,59,101,96,78,0,23,37,63,50,48,0,20,22,38,46,30
20231,R,전통시장,3130190,홍대소상공인상점가,150,77,73,1,55,35,30,18,11,0,18,22,18,10,9,1,37,13,12,8,2
20231,D,발달상권,3120102,서교동(홍대),7276,3402,3874,18,1521,2551,1814,899,473,11,496,1065,913,566,351,7,1025,1486,901,333,122
20231,A,골목상권,3110555,홍익지구대,284,147,137,1,49,53,55,37,89,0,14,28,31,16,58,1,35,25,24,21,31
20231,A,골목상권,3110558,경성고등학교,2362,1593,769,11,308,568,571,513,391,10,153,351,408,384,287,1,155,217,163,129,104
20231,R,전통시장,3130184,마포농수산물시장,77,40,37,0,2,12,24,26,13,0,1,8,12,14,5,0,1,4,12,12,8
20231,A,골목상권,3110571,신수동주민센터,635,358,277,5,109,159,187,126,49,5,57,88,98,74,36,0,52,71,89,52,13
20231,A,골목상권,3110628,신목동역,469,307,162,0,52,85,114,113,105,0,28,56,79,85,59,0,24,29,35,28,46
20231,R,전통시장,3130210,목2동시장,432,251,181,1,66,124,122,71,48,1,40,69,70,39,32,0,26,55,52,32,16
20231,D,발달상권,3120108,신정네거리역,992,580,412,2,93,215,220,242,220,1,28,110,112,160,169,1,65,105,108,82,51
20231,A,골목상권,3110629,송정역 4번,190,107,83,0,26,52,54,35,23,0,9,34,28,24,12,0,17,18,26,11,11
20231,A,골목상권,3110627,신정롯데캐슬아파트,548,318,230,24,129,136,102,93,64,13,69,81,62,49,44,11,60,55,40,44,20
20231,R,전통시장,3130206,신정3동 골목시장,20,6,14,0,0,5,11,2,2,0,0,0,3,1,2,0,0,5,8,1,0
20231,A,골목상권,3110612,신정역 5번,644,303,341,1,85,88,143,197,130,0,44,62,74,70,53,1,41,26,69,127,77
20231,R,전통시장,3130220,등마루시장,491,167,324,5,44,61,71,166,144,3,16,29,38,34,47,2,28,32,33,132,97
20231,D,발달상권,3120115,김포공항역(김포공항),23,12,11,0,6,9,4,4,0,0,2,4,3,3,0,0,4,5,1,1,0
20231,A,골목상권,3110679,염창역 2번,574,404,170,3,89,206,152,80,44,2,49,148,111,58,36,1,40,58,41,22,8
20231,A,골목상권,3110649,우장산역 1번,358,191,167,0,41,91,82,93,51,0,12,49,38,59,33,0,29,42,44,34,18
20231,A,골목상권,3110670,신곡초등학교,489,320,169,6,79,118,121,90,75,3,45,77,71,59,65,3,34,41,50,31,10
20231,A,골목상권,3110666,KC대학교,176,60,116,0,19,35,52,57,13,0,10,10,20,13,7,0,9,25,32,44,6
20231,A,골목상권,3110669,화곡보람2차아파트,13,3,10,0,0,2,4,2,5,0,0,1,2,0,0,0,0,1,2,2,5
20231,A,골목상권,3110700,고척초등학교,3249,2648,601,3,209,680,974,1176,207,2,119,533,803,1021,170,1,90,147,171,155,37
20231,D,발달상권,3120124,개봉동 현대아파트,461,205,256,0,63,89,119,82,108,0,18,26,49,43,69,0,45,63,70,39,39
20231,R,전통시장,3130228,구로시장,10,5,5,0,0,4,6,0,0,0,0,1,4,0,0,0,0,3,2,0,0
20231,D,발달상권,3120128,신도림역,1253,656,597,7,191,318,382,243,112,1,75,153,191,149,87,6,116,165,191,94,25
20231,A,골목상권,3110689,오류동역 3번,287,200,87,3,44,47,56,75,62,3,25,32,41,52,47,0,19,15,15,23,15
20231,A,골목상권,3110690,오류2동버들시장,577,275,302,1,101,192,133,94,56,0,39,104,64,36,32,1,62,88,69,58,24
20231,A,골목상권,3110725,가산동주민센터,85,59,26,0,6,20,22,20,17,0,3,15,16,12,13,0,3,5,6,8,4
20231,A,골목상권,3110735,말미고개,520,330,190,0,64,115,140,140,61,0,31,79,94,79,47,0,33,36,46,61,14
20231,R,전통시장,3130233,남문시장,76,47,29,0,5,8,18,22,23,0,2,3,9,12,21,0,3,5,9,10,2
20231,A,골목상권,3110736,독산119안전센터,461,199,262,0,46,55,76,118,166,0,21,32,35,42,69,0,25,23,41,76,97
20231,A,골목상권,3110746,금천금빛공원(은행나무사거리서측),76,53,23,0,5,11,23,22,15,0,3,9,13,16,12,0,2,2,10,6,3
20231,R,전통시장,3130237,박미시장(기능상실),39,26,13,0,1,6,11,9,12,0,0,2,7,8,9,0,1,4,4,1,3
20231,A,골목상권,3110766,대림역 5번,360,205,155,0,30,82,85,99,64,0,15,54,42,56,38,0,15,28,43,43,26
20231,A,골목상권,3110777,구로세무서,282,210,72,0,36,41,47,83,75,0,13,30,32,66,69,0,23,11,15,17,6
20231,R,전통시장,3130255,영등포전통시장,45,29,16,0,1,7,5,10,22,0,1,5,3,4,16,0,0,2,2,6,6
20231,A,골목상권,3110788,영등포시장역 3번,28,22,6,0,4,5,7,9,3,0,3,5,6,6,2,0,1,0,1,3,1
20231,A,골목상권,3110783,영등포시장역 1번,292,154,138,1,26,37,35,67,126,1,19,27,16,33,58,0,7,10,19,34,68
20231,A,골목상권,3110799,영등포본동주민센터,119,86,33,5,21,16,11,22,44,3,12,10,6,15,40,2,9,6,5,7,4
20231,R,전통시장,3130265,노량진중앙시장,115,82,33,0,17,48,34,8,8,0,12,42,23,3,2,0,5,6,11,5,6
20231,R,전통시장,3130263,신노량진시장(기능상실),13,4,9,0,0,3,4,6,0,0,0,0,1,3,0,0,0,3,3,3,0
20231,A,골목상권,3110821,보라매역 2번,599,356,243,0,73,109,142,137,138,0,34,65,80,89,88,0,39,44,62,48,50
20231,D,발달상권,3120155,총신대학교,107,54,53,0,13,27,24,25,18,0,7,8,13,14,12,0,6,19,11,11,6
20231,R,전통시장,3130268,상도전통시장,239,104,135,0,33,60,53,58,35,0,12,23,23,24,22,0,21,37,30,34,13
20231,A,골목상권,3110836,상도역 5번,3057,1846,1211,9,550,798,701,647,352,2,238,486,453,447,220,7,312,312,248,200,132
20231,A,골목상권,3110840,중앙대학교,175,99,76,0,24,25,57,45,24,0,12,13,37,22,15,0,12,12,20,23,9
20231,A,골목상권,3110878,미림여고,368,218,150,3,43,114,101,78,29,0,19,63,68,43,25,3,24,51,33,35,4
20231,A,골목상권,3110861,관악구신사동주민센터,1168,598,570,1,215,376,261,204,111,1,71,194,161,101,70,0,144,182,100,103,41
20231,A,골목상권,3110893,관악소방서(문영여고),353,303,50,0,39,110,66,113,25,0,29,96,57,99,22,0,10,14,9,14,3
20231,A,골목상권,3110890,봉천역 1번(관악초등학교),249,148,101,1,17,43,92,67,29,0,4,22,58,43,21,1,13,21,34,24,8
20231,R,전통시장,3130294,관악중부시장,102,40,62,1,5,10,22,39,25,0,2,3,7,16,12,1,3,7,15,23,13
20231,D,발달상권,3120166,방배역,5465,3280,2185,90,1234,1594,1033,699,815,26,523,920,713,451,647,64,711,674,320,248,168
20231,D,발달상권,3120164,내방역,8579,5975,2604,56,1923,2822,1862,1129,787,48,1160,1998,1383,799,587,8,763,824,479,330,200
20231,D,발달상권,3120162,방배동카페골목,1253,717,536,61,207,200,219,215,351,57,126,142,110,93,189,4,81,58,109,122,162
20231,D,발달상권,3120169,서초역,15771,7185,8586,70,3824,4195,3945,2657,1080,30,1313,1990,1801,1235,816,40,2511,2205,2144,1422,264
20231,A,골목상권,3110936,더케이호텔(양재리본타워2단지아파트),832,552,280,3,109,260,215,175,70,0,53,154,159,131,55,3,56,106,56,44,15
20231,A,골목상권,3110940,양재근린공원(양재2동주민센터),956,699,257,8,168,323,238,137,82,8,109,243,178,97,64,0,59,80,60,40,18
20231,D,발달상권,3120178,신사역,11093,6014,5079,34,2556,2878,2400,1866,1359,13,875,1596,1501,1005,1024,21,1681,1282,899,861,335
20231,A,골목상권,3110993,개포지하차도 북측,70,53,17,0,3,9,19,23,16,0,2,7,16,18,10,0,1,2,3,5,6
20231,A,골목상권,3110983,국립국악고등학교,783,534,249,6,126,212,125,145,169,2,44,137,94,111,146,4,82,75,31,34,23
20231,A,골목상권,3110950,논현역 7번,2981,1929,1052,1,829,1305,518,230,98,0,418,886,383,173,69,1,411,419,135,57,29
20231,D,발달상권,3120199,경복아파트교차로,3427,2023,1404,9,720,1059,682,508,449,3,273,627,441,345,334,6,447,432,241,163,115
20231,D,발달상권,3120212,한티역,753,394,359,1,118,182,201,143,108,1,37,87,119,80,70,0,81,95,82,63,38
20231,D,발달상권,3120211,도성초등학교,984,516,468,7,180,282,189,161,165,3,68,120,112,117,96,4,112,162,77,44,69
20231,A,골목상권,3110960,은광여고,1601,749,852,5,219,282,389,522,184,4,60,131,203,227,124,1,159,151,186,295,60
20231,A,골목상권,3110964,싸리고개근린공원,217,124,93,0,29,60,59,34,35,0,8,32,36,23,25,0,21,28,23,11,10
20231,U,관광특구,3001496,강남 마이스 관광특구,15904,8904,7000,59,3513,6185,4248,1596,303,25,1160,3361,2887,1246,225,34,2353,2824,1361,350,78
20231,A,골목상권,3110995,봉은사역 4번,5085,3711,1374,9,978,2002,1271,637,188,2,575,1477,990,523,144,7,403,525,281,114,44
20231,A,골목상권,3110998,은곡마을(은곡마을공원),17,11,6,0,2,6,4,3,2,0,0,4,3,3,1,0,2,2,1,0,1
20231,A,골목상권,3111001,아래방죽마을공원(율현초등학교),58,43,15,0,2,9,14,18,15,0,1,7,12,13,10,0,1,2,2,5,5
20231,A,골목상권,3110949,한남IC,1683,1193,490,5,288,565,435,305,85,2,112,398,347,261,73,3,176,167,88,44,12
20231,A,골목상권,3110959,신구중학교,271,140,131,0,14,66,82,79,30,0,7,36,49,29,19,0,7,30,33,50,11
20231,A,골목상권,3110962,도산공원북측,53,27,26,0,20,11,10,8,4,0,11,7,6,3,0,0,9,4,4,5,4
20231,A,골목상권,3110954,국기원,636,445,191,0,89,142,187,94,124,0,35,97,161,74,78,0,54,45,26,20,46
20231,D,발달상권,3120204,르네상스호텔사거리,41471,20644,20827,102,8167,11056,10671,10081,1394,54,5016,7567,4988,2062,957,48,3151,3489,5683,8019,437
20231,A,골목상권,3110997,대청초등학교,1724,959,765,4,230,291,391,383,425,2,111,162,200,210,274,2,119,129,191,173,151
20231,A,골목상권,3110979,청담초등학교,3004,1918,1086,4,525,926,768,568,213,4,230,632,535,343,174,0,295,294,233,225,39
20231,A,골목상권,3111027,문정초등학교,1393,771,622,3,146,285,323,246,390,1,67,159,209,125,210,2,79,126,114,121,180
20231,A,골목상권,3111037,Sh수협은행 오금동금융센터(아랫말어린이공원),373,243,130,0,37,103,90,93,50,0,25,84,60,43,31,0,12,19,30,50,19
20231,A,골목상권,3111020,방이동고분군(방산고등학교),304,225,79,1,20,103,84,54,42,0,7,73,64,48,33,1,13,30,20,6,9
20231,R,전통시장,3130313,방이시장,3889,1825,2064,10,726,635,634,1135,749,8,362,409,357,377,312,2,364,226,277,758,437
20231,A,골목상권,3111005,삼전역 3번,1865,1358,507,0,320,617,459,302,167,0,215,449,339,222,133,0,105,168,120,80,34
20231,A,골목상권,3111032,방이역 1번,3878,2552,1326,4,235,340,599,718,1982,3,139,237,411,469,1293,1,96,103,188,249,689
20231,A,골목상권,3111081,둔촌푸르지오아파트,78,50,28,0,8,17,18,18,17,0,4,12,13,6,15,0,4,5,5,12,2
20231,A,골목상권,3111089,상일여고(상일초등학교),750,505,245,0,50,131,180,233,156,0,31,81,127,154,112,0,19,50,53,79,44
20231,A,골목상권,3111059,강동역 4번(강풀만화거리),774,420,354,3,87,144,177,164,199,1,47,73,92,91,116,2,40,71,85,73,83
20231,A,골목상권,3111067,강동구립성내도서관,746,414,332,2,73,149,192,177,153,1,36,98,107,84,88,1,37,51,85,93,65
20231,A,골목상권,3110005,세검정,1057,542,515,6,132,305,306,202,106,2,40,143,167,124,66,4,92,162,139,78,40
20231,A,골목상권,3110008,배화여자대학교(박노수미술관),507,350,157,1,50,79,121,161,95,0,15,45,93,121,76,1,35,34,28,40,19
20231,A,골목상권,3110035,동묘앞역 2번,276,161,115,2,18,43,75,88,50,0,5,18,42,65,31,2,13,25,33,23,19
20231,A,골목상권,3110027,혜화역 1번,598,358,240,1,67,108,127,97,198,0,25,70,64,54,145,1,42,38,63,43,53
20231,D,발달상권,3120015,종로6가,302,153,149,0,49,64,69,65,55,0,17,23,27,42,44,0,32,41,42,23,11
20231,R,전통시장,3130011,충신시장,88,44,44,0,19,19,20,17,13,0,7,11,8,8,10,0,12,8,12,9,3
20231,A,골목상권,3110030,동대문역 3번,7,3,4,0,2,2,2,1,0,0,0,2,1,0,0,0,2,0,1,1,0
20231,A,골목상권,3110015,청와대사랑채,578,345,233,0,64,147,166,126,75,0,16,63,110,91,65,0,48,84,56,35,10
20231,A,골목상권,3110011,청운초등학교,263,188,75,0,21,105,79,43,15,0,21,95,44,16,12,0,0,10,35,27,3
20231,A,골목상권,3110024,혜회동주민센터,928,263,665,0,135,264,294,184,51,0,17,64,90,55,37,0,118,200,204,129,14
20231,D,발달상권,3120032,충무로역,10818,5021,5797,35,1541,2434,3139,2621,1048,15,532,1200,1480,1142,652,20,1009,1234,1659,1479,396
20231,A,골목상권,3110045,동대문역사문화공원역 5번,234,174,60,0,24,54,64,55,37,0,11,38,46,47,32,0,13,16,18,8,5
20231,D,발달상권,3120031,을지로3가역,6147,3450,2697,9,699,1541,1643,1286,969,0,223,730,924,892,681,9,476,811,719,394,288
20231,R,전통시장,3130038,"평화시장(통일상가, 동화상가)",1000,670,330,3,116,301,291,198,91,0,63,167,223,150,67,3,53,134,68,48,24
20231,D,발달상권,3120020,시청역_1번,6561,4672,1889,29,1436,1964,1905,1013,214,17,728,1351,1643,776,157,12,708,613,262,237,57
20231,A,골목상권,3110043,충무초등학교,1202,670,532,12,212,307,331,223,117,7,97,155,169,152,90,5,115,152,162,71,27
20231,D,발달상권,3120018,중림동,2190,1368,822,2,393,736,598,295,166,2,207,425,357,238,139,0,186,311,241,57,27
20231,A,골목상권,3110057,황학코아루아파트,64,44,20,0,8,13,20,10,13,0,4,6,17,8,9,0,4,7,3,2,4
20231,A,골목상권,3110055,황학동벼룩시장,29,19,10,0,1,4,6,11,7,0,1,3,5,6,4,0,0,1,1,5,3
20231,A,골목상권,3110078,이촌동점보아파트,69,29,40,0,12,15,17,13,12,0,3,8,7,5,6,0,9,7,10,8,6
20231,A,골목상권,3110082,용산구청,1618,809,809,5,175,461,427,442,108,4,53,155,206,304,87,1,122,306,221,138,21
20231,D,발달상권,3120041,신용산역(용산역),20372,8281,12091,72,4418,6743,5760,2509,870,25,1460,2533,2359,1337,567,47,2958,4210,3401,1172,303
20231,A,골목상권,3110073,삼각지역 3번,7975,2387,5588,56,2508,2886,1913,505,107,25,861,919,424,119,39,31,1647,1967,1489,386,68
20231,A,골목상권,3110076,삼각지역 14번,537,175,362,0,46,143,158,153,37,0,11,49,61,45,9,0,35,94,97,108,28
20231,A,골목상권,3110099,유엔빌리지길,12646,10311,2335,33,1746,2596,3298,4558,415,25,904,1899,2859,4264,360,8,842,697,439,294,55
20231,A,골목상권,3110588,한겨레신문사,169,92,77,0,34,44,41,33,17,0,14,22,20,21,15,0,20,22,21,12,2
20231,R,전통시장,3130059,후암시장,64,40,24,0,6,12,16,11,19,0,4,5,10,7,14,0,2,7,6,4,5
20231,R,전통시장,3130064,금남시장,36,13,23,0,6,7,8,4,11,0,1,0,5,2,5,0,5,7,3,2,6
20231,A,골목상권,3110107,금호사거리,37,30,7,0,4,8,4,11,10,0,3,5,4,9,9,0,1,3,0,2,1
20231,A,골목상권,3110117,성동구보건소,103,73,30,1,14,27,19,33,9,1,10,20,11,25,6,0,4,7,8,8,3
20231,D,발달상권,3120050,서울숲역,212,159,53,0,33,40,60,52,27,0,19,30,47,41,22,0,14,10,13,11,5
20231,D,발달상권,3120052,성수역,11387,7284,4103,23,2113,2900,2661,2238,1452,12,1170,1971,1783,1298,1050,11,943,929,878,940,402
20231,R,전통시장,3130067,왕십리도선동상점가,1670,335,1335,3,166,202,291,591,417,1,78,98,69,49,40,2,88,104,222,542,377
20231,D,발달상권,3120066,장한평역(장한평),7424,4770,2654,43,1531,1839,1491,1235,1285,10,739,1202,991,818,1010,33,792,637,500,417,275
20231,A,골목상권,3110113,응봉산,77,43,34,0,14,15,14,16,18,0,4,11,7,6,15,0,10,4,7,10,3
20231,A,골목상권,3110112,행당역 2번,207,101,106,0,37,37,38,53,42,0,14,19,16,26,26,0,23,18,22,27,16
20231,A,골목상권,3110169,성동초등학교,253,139,114,1,28,41,73,68,42,0,15,21,36,39,28,1,13,20,37,29,14
20231,A,골목상권,3110156,군자역 5번,621,363,258,0,96,181,173,112,59,0,41,114,101,67,40,0,55,67,72,45,19
20231,A,골목상권,3110157,자양동우체국,1097,891,206,10,352,279,244,141,71,7,300,237,180,106,61,3,52,42,64,35,10
20231,A,골목상권,3110163,성자초등학교,284,143,141,0,39,46,67,77,55,0,14,27,32,31,39,0,25,19,35,46,16
20231,A,골목상권,3110212,답십리초등학교,204,144,60,0,26,37,42,67,32,0,18,26,27,50,23,0,8,11,15,17,9
20231,A,골목상권,3110187,제기동역 6번,3124,2222,902,15,559,867,746,552,385,7,387,605,531,394,298,8,172,262,215,158,87
20231,A,골목상권,3110229,장평중학교,1332,862,470,0,145,164,190,318,515,0,81,103,125,211,342,0,64,61,65,107,173
20231,A,골목상권,3110231,장안교,11,8,3,0,0,1,4,5,1,0,0,1,3,4,0,0,0,0,1,1,1
20232,R,전통시장,3130228,구로시장,10,5,5,0,0,4,6,0,0,0,0,1,4,0,0,0,0,3,2,0,0
20231,R,전통시장,3130088,경동시장,126,57,69,0,18,32,24,17,35,0,3,11,11,10,22,0,15,21,13,7,13
20231,A,골목상권,3110194,홍파초등학교,112,85,27,0,6,32,24,36,14,0,4,20,20,31,10,0,2,12,4,5,4
20231,A,골목상권,3110203,떡전교사거리,99,63,36,1,9,15,32,29,13,1,0,7,26,20,9,0,9,8,6,9,4
20231,A,골목상권,3110278,망우본동주민센터,276,166,110,1,32,46,77,81,39,0,10,25,43,56,32,1,22,21,34,25,7
20231,R,전통시장,3130106,중랑동부시장,166,56,110,1,20,40,34,39,32,0,1,8,7,21,19,1,19,32,27,18,13
20231,A,골목상권,3110246,월드순복음교회,431,312,119,0,27,97,158,95,54,0,12,69,122,65,44,0,15,28,36,30,10
20231,A,골목상권,3110261,사가정역 4번,167,90,77,1,16,29,49,50,22,1,8,15,25,26,15,0,8,14,24,24,7
20231,A,골목상권,3110242,면목5동주민센터,164,112,52,0,21,28,56,30,29,0,12,23,31,22,24,0,9,5,25,8,5
20231,A,골목상권,3110241,먹골역 5번,415,213,202,0,61,87,97,117,53,0,17,49,46,63,38,0,44,38,51,54,15
20231,D,발달상권,3120069,상봉역,1012,728,284,3,69,146,222,270,302,1,40,71,131,216,269,2,29,75,91,54,33
20231,A,골목상권,3110233,중랑역 1번,142,46,96,1,23,27,50,35,6,1,6,7,16,11,5,0,17,20,34,24,1
20231,A,골목상권,3110281,길상사,13818,12089,1729,12,1418,3093,4061,4964,270,1,960,2426,3678,4823,201,11,458,667,383,141,69
20231,A,골목상권,3110309,대광초등학교,376,266,110,0,38,63,108,103,64,0,19,44,71,78,54,0,19,19,37,25,10
20231,A,골목상권,3110318,KT월곡지사,148,78,70,0,21,29,45,36,17,0,10,19,22,14,13,0,11,10,23,22,4
20231,A,골목상권,3110379,KT&G 북부지사,12,3,9,1,1,1,3,3,3,0,0,0,1,1,1,1,1,1,2,2,2
20231,A,골목상권,3110373,수유역 2번,891,705,186,0,129,255,172,236,99,0,90,208,134,205,68,0,39,47,38,31,31
20231,R,전통시장,3130132,삼양골목시장(삼양시장),61,19,42,0,10,14,13,15,9,0,0,4,5,5,5,0,10,10,8,10,4
20231,A,골목상권,3110377,미아사거리역 3번,21,14,7,0,2,2,2,9,6,0,2,2,1,4,5,0,0,0,1,5,1
20231,A,골목상권,3110345,솔밭공원역 2번,114,47,67,1,14,18,26,37,18,0,3,6,8,17,13,1,11,12,18,20,5
20231,A,골목상권,3110342,국립재활원,60,45,15,0,5,11,20,15,9,0,3,8,14,13,7,0,2,3,6,2,2
20231,A,골목상권,3110348,강북문화예술회관,343,174,169,0,27,59,108,96,53,0,4,31,63,43,33,0,23,28,45,53,20
20231,A,골목상권,3110338,인수초등학교,263,192,71,0,34,67,61,63,38,0,18,49,44,48,33,0,16,18,17,15,5
20231,A,골목상권,3110402,도봉구 정병원,471,221,250,1,85,98,98,106,83,0,24,38,54,59,46,1,61,60,44,47,37
20231,A,골목상권,3110383,덕성여대시반거리,33,21,12,0,0,3,13,10,7,0,0,2,9,5,5,0,0,1,4,5,2
20231,R,전통시장,3130145,쌍문역둘리상점가,244,202,42,0,39,44,77,62,22,0,28,35,65,56,18,0,11,9,12,6,4
20231,A,골목상권,3110392,발바닥공원,43,17,26,0,2,8,7,10,16,0,0,0,3,3,11,0,2,8,4,7,5
20231,A,골목상권,3110416,노원초등학교,468,244,224,4,61,110,118,126,49,2,24,73,58,58,29,2,37,37,60,68,20
20231,A,골목상권,3110428,상계5동주민센터,491,217,274,1,43,52,106,158,131,0,14,25,45,70,63,1,29,27,61,88,68
20231,D,발달상권,3120080,마들역,180,46,134,0,30,45,46,36,23,0,2,7,9,13,15,0,28,38,37,23,8
20231,A,골목상권,3110464,연신내역 5번,301,170,131,4,32,53,93,85,34,4,18,28,44,49,27,0,14,25,49,36,7
20231,A,골목상권,3110457,예일여고,482,283,199,1,60,88,88,132,113,0,27,46,47,71,92,1,33,42,41,61,21
20231,D,발달상권,3120091,본서부병원,516,192,324,1,51,69,119,165,111,0,20,28,51,55,38,1,31,41,68,110,73
20231,A,골목상권,3110485,연신내우체국,1259,678,581,0,7,24,35,160,1033,0,4,5,15,70,584,0,3,19,20,90,449
20231,A,골목상권,3110488,우리은행응암동지점,174,104,70,1,14,24,41,38,56,0,8,16,19,15,46,1,6,8,22,23,10
20231,R,전통시장,3130163,응암오거리상점가,182,49,133,0,24,28,44,50,36,0,4,8,11,12,14,0,20,20,33,38,22
20231,A,골목상권,3110449,증산역 3번,709,410,299,0,104,160,182,147,116,0,47,98,96,84,85,0,57,62,86,63,31
20231,D,발달상권,3120094,"신촌역(신촌역, 신촌로터리)",5328,2411,2917,67,2381,1182,676,592,430,23,994,579,296,278,241,44,1387,603,380,314,189
20231,R,전통시장,3130175,신촌 상인회(신촌상점가),13,5,8,0,1,3,5,4,0,0,1,0,1,3,0,0,0,3,4,1,0
20231,D,발달상권,3120097,충정로역,2246,1354,892,0,321,658,631,407,229,0,172,390,397,254,141,0,149,268,234,153,88
20231,R,전통시장,3130176,유진상가,38,23,15,0,20,16,1,1,0,0,9,13,1,0,0,0,11,3,0,1,0
20231,A,골목상권,3110523,홍제성원아파트,21,9,12,0,0,4,5,7,5,0,0,0,2,5,2,0,0,4,3,2,3
20231,D,발달상권,3120107,공덕역(공덕오거리),13077,7619,5458,43,2471,3470,3552,3026,515,9,1021,2002,2300,1900,387,34,1450,1468,1252,1126,128
20231,A,골목상권,3110586,서울서부지방법원,1855,953,902,2,423,499,464,293,174,1,233,283,196,130,110,1,190,216,268,163,64
20232,A,골목상권,3110030,동대문역 3번,7,3,4,0,2,2,2,1,0,0,0,2,1,0,0,0,2,0,1,1,0
20231,R,전통시장,3130177,인왕시장(홍제골목형상점가),44,7,37,0,1,1,8,7,27,0,0,0,1,3,3,0,1,1,7,4,24
20231,A,골목상권,3110540,망원나들목체육관,238,107,131,0,39,63,70,47,19,0,19,28,26,23,11,0,20,35,44,24,8
20231,A,골목상권,3110567,광흥창역 6번,91,61,30,0,16,26,27,12,10,0,8,20,13,11,9,0,8,6,14,1,1
20231,A,골목상권,3110565,홍익대,110,66,44,0,16,34,34,19,7,0,8,16,23,13,6,0,8,18,11,6,1
20231,A,골목상권,3110560,마포FM,292,140,152,0,26,64,87,77,38,0,10,26,40,36,28,0,16,38,47,41,10
20231,A,골목상권,3110549,새터산,357,165,192,1,57,79,100,64,56,1,24,39,47,22,32,0,33,40,53,42,24
20231,D,발달상권,3120099,월드컵경기장역(월드컵경기장),84,57,27,0,11,20,26,14,13,0,6,16,21,7,7,0,5,4,5,7,6
20231,A,골목상권,3110581,염리초등학교,16,11,5,0,0,0,2,6,8,0,0,0,2,3,6,0,0,0,0,3,2
20231,D,발달상권,3120113,오목교역,641,380,261,2,98,147,163,141,90,1,45,81,95,95,63,1,53,66,68,46,27
20231,D,발달상권,3120110,목동역 8번출구,1858,1400,458,2,142,216,286,247,965,1,42,102,166,181,908,1,100,114,120,66,57
20231,A,골목상권,3110617,등촌역 4번,262,188,74,0,47,75,73,48,19,0,37,55,50,31,15,0,10,20,23,17,4
20231,A,골목상권,3110597,신월1동주민센터,517,302,215,0,30,68,111,150,158,0,14,36,54,84,114,0,16,32,57,66,44
20231,R,전통시장,3130199,신월3동 골목시장,18,8,10,0,1,4,4,9,0,0,0,1,3,4,0,0,1,3,1,5,0
20231,A,골목상권,3110615,신서초등학교,87,63,24,0,20,21,27,13,6,0,14,18,18,8,5,0,6,3,9,5,1
20231,A,골목상권,3110674,강서구청가양동별관,260,189,71,0,21,55,61,47,76,0,14,46,35,29,65,0,7,9,26,18,11
20231,A,골목상권,3110677,등촌역 1번,410,321,89,1,50,80,83,91,105,1,24,51,70,76,99,0,26,29,13,15,6
20231,A,골목상권,3110676,등촌역 7번,228,138,90,0,31,34,61,56,46,0,13,20,36,37,32,0,18,14,25,19,14
20231,D,발달상권,3120117,강서농산물도매시장,451,280,171,0,12,62,127,153,97,0,9,48,78,89,56,0,3,14,49,64,41
20231,A,골목상권,3110636,방화역 2번,152,76,76,1,25,49,41,21,15,0,9,26,27,4,10,1,16,23,14,17,5
20231,A,골목상권,3110631,방화초등학교,335,161,174,2,32,63,68,100,70,2,19,34,37,37,32,0,13,29,31,63,38
20231,D,발달상권,3120120,화곡역,927,405,522,1,177,218,193,196,142,0,46,109,84,81,85,1,131,109,109,115,57
20231,A,골목상권,3110656,까치산역 3번,829,493,336,13,89,206,249,190,82,12,52,128,151,91,59,1,37,78,98,99,23
20231,D,발달상권,3120121,까치산역,365,145,220,2,51,46,72,106,88,2,12,18,29,43,41,0,39,28,43,63,47
20231,A,골목상권,3110654,까치산역 4번,1027,687,340,2,68,149,252,380,176,1,38,81,139,281,147,1,30,68,113,99,29
20231,A,골목상권,3110665,곰달래도서관,469,285,184,0,36,92,123,138,80,0,25,60,79,74,47,0,11,32,44,64,33
20231,A,골목상권,3110662,까치산역 1번,1480,885,595,4,245,501,396,234,100,4,129,301,207,171,73,0,116,200,189,63,27
20231,R,전통시장,3130217,화곡본동시장,36,16,20,0,3,5,10,13,5,0,1,3,5,6,1,0,2,2,5,7,4
20231,A,골목상권,3110691,개봉중학교,395,205,190,0,37,65,119,115,59,0,20,38,49,52,46,0,17,27,70,63,13
20231,A,골목상권,3110705,고산초등학교,33,19,14,0,3,2,8,7,13,0,3,1,8,2,5,0,0,1,0,5,8
20231,R,전통시장,3130229,남구로시장,249,139,110,1,16,53,61,62,56,0,7,30,31,32,39,1,9,23,30,30,17
20231,A,골목상권,3110680,온수역 5번(온수산업단지),901,770,131,15,129,129,157,274,197,15,105,106,127,234,183,0,24,23,30,40,14
20231,A,골목상권,3110685,금강수목원아파트,56,39,17,0,10,12,12,11,11,0,7,10,5,7,10,0,3,2,7,4,1
20231,D,발달상권,3120132,독산동,4203,2884,1319,13,512,908,1016,1074,680,12,350,650,695,701,476,1,162,258,321,373,204
20231,A,골목상권,3110732,가산초등학교(세일중학교),362,258,104,1,42,68,107,79,65,0,23,39,78,64,54,1,19,29,29,15,11
20231,A,골목상권,3110729,가산동우체국,151,112,39,0,19,30,40,39,23,0,14,19,30,30,19,0,5,11,10,9,4
20231,A,골목상권,3110723,가산디지털단지역 1번 출입구,286,247,39,0,6,10,37,130,103,0,6,5,26,113,97,0,0,5,11,17,6
20231,A,골목상권,3110742,KT금천빌딩(금천구시설관리공단),426,237,189,0,42,83,106,125,70,0,21,57,71,54,34,0,21,26,35,71,36
20231,A,골목상권,3110748,백산초등학교,102,64,38,0,6,19,21,26,30,0,2,9,11,22,20,0,4,10,10,4,10
20231,A,골목상권,3110749,금산초등학교(금천고등학교),418,255,163,0,51,99,100,118,50,0,26,61,51,81,36,0,25,38,49,37,14
20231,A,골목상권,3110750,시흥4동주민센터(서울신흥초등학교),397,221,176,4,78,83,80,104,48,4,47,62,43,33,32,0,31,21,37,71,16
20231,D,발달상권,3120141,영등포청과시장교차로,601,418,183,2,71,137,188,115,88,1,36,85,133,86,77,1,35,52,55,29,11
20231,R,전통시장,3130240,영등포유통상가,1400,893,507,0,128,296,347,287,342,0,68,168,226,194,237,0,60,128,121,93,105
20231,A,골목상권,3110763,영등포구청역 2번,480,353,127,2,84,147,107,84,56,0,53,100,79,72,49,2,31,47,28,12,7
20231,A,골목상권,3110786,당산역 8번,271,179,92,2,20,41,60,51,97,2,8,21,42,38,68,0,12,20,18,13,29
20231,R,전통시장,3130247,우리시장,19,15,4,0,3,4,4,3,5,0,1,3,4,3,4,0,2,1,0,0,1
20231,A,골목상권,3110817,대방역 4번,26,19,7,0,2,6,6,6,6,0,0,4,4,6,5,0,2,2,2,0,1
20231,R,전통시장,3130256,신동시장,2,2,0,0,0,0,0,1,1,0,0,0,0,1,1,0,0,0,0,0,0
20231,A,골목상권,3110757,양평역 2번,1501,1114,387,1,111,230,356,424,379,0,51,176,286,314,287,1,60,54,70,110,92
20231,A,골목상권,3110762,선유도역 1번,3139,2286,853,6,392,669,739,809,524,4,217,459,529,629,448,2,175,210,210,180,76
20231,A,골목상권,3110807,신길역 3번,102,70,32,0,6,16,23,27,30,0,4,8,18,19,21,0,2,8,5,8,9
20231,R,전통시장,3130250,삼구시장(로타리상가),1,0,1,0,0,0,0,1,0,0,0,0,0,0,0,0,0,0,0,1,0
20231,A,골목상권,3110803,신길2동우편취급국,312,224,88,0,17,27,58,67,143,0,6,14,33,43,128,0,11,13,25,24,15
20231,A,골목상권,3110847,예술인마을,443,216,227,3,52,135,137,77,39,3,13,60,74,37,29,0,39,75,63,40,10
20231,R,전통시장,3130272,사당시장,45,20,25,0,4,6,10,11,14,0,0,1,4,6,9,0,4,5,6,5,5
20231,A,골목상권,3110843,사당5동주민센터,181,135,46,1,22,25,55,52,26,0,16,17,34,44,24,1,6,8,21,8,2
20231,A,골목상권,3110835,상도역 1번,296,170,126,0,81,95,59,38,23,0,32,61,37,19,21,0,49,34,22,19,2
20231,A,골목상권,3110830,상도초등학교,281,152,129,0,22,61,73,85,40,0,7,29,36,54,26,0,15,32,37,31,14
20231,D,발달상권,3120154,장승배기역,497,214,283,1,64,124,128,111,69,0,19,58,68,39,30,1,45,66,60,72,39
20231,D,발달상권,3120151,보라매공원,2417,1455,962,6,401,736,707,383,184,4,194,433,450,237,137,2,207,303,257,146,47
20231,A,골목상권,3110863,난우초등학교,319,179,140,6,40,61,63,79,70,5,23,30,38,36,47,1,17,31,25,43,23
20231,A,골목상권,3110867,국제신학대학원대학교(남서울중학교),202,117,85,0,8,34,39,53,68,0,2,15,21,32,47,0,6,19,18,21,21
20231,A,골목상권,3110882,신성초등학교,733,444,289,1,95,131,215,168,123,0,52,67,122,109,94,1,43,64,93,59,29
20231,A,골목상권,3110864,신림우방아파트,236,161,75,0,31,48,53,60,44,0,21,31,37,43,29,0,10,17,16,17,15
20231,A,골목상권,3110871,신원동주민센터,64,32,32,1,6,13,19,12,13,0,4,6,8,7,7,1,2,7,11,5,6
20231,R,전통시장,3130283,신원시장,25,11,14,0,3,3,10,5,4,0,1,1,3,3,3,0,2,2,7,2,1
20231,A,골목상권,3110854,조원동주민센터,55,39,16,0,4,5,17,21,8,0,3,5,9,15,7,0,1,0,8,6,1
20231,A,골목상권,3110898,청림동주민센터(상도중학교),66,27,39,0,16,14,14,16,6,0,5,3,8,7,4,0,11,11,6,9,2
20231,D,발달상권,3120170,삼호가든사거리,2026,1161,865,8,279,587,623,346,183,7,113,333,412,168,128,1,166,254,211,178,55
20231,A,골목상권,3110917,서초소방서,1505,939,566,6,157,432,402,355,153,2,72,281,295,181,108,4,85,151,107,174,45
20231,A,골목상권,3110918,방배역 3번,682,438,244,3,98,127,164,142,148,2,59,85,108,86,98,1,39,42,56,56,50
20231,A,골목상권,3110903,방배아이파크아파트,7222,2653,4569,7,1242,1778,2487,1322,386,1,333,597,951,599,172,6,909,1181,1536,723,214
20231,A,골목상권,3110915,서래초등학교,3011,2335,676,14,441,940,1066,421,129,11,286,683,868,373,114,3,155,257,198,48,15
20231,A,골목상권,3110926,신중초등학교,1610,1175,435,6,193,359,463,382,207,3,114,263,355,292,148,3,79,96,108,90,59
20231,A,골목상권,3110928,서초우방유쉘아파트,596,491,105,1,57,109,125,205,99,1,29,76,109,190,86,0,28,33,16,15,13
20231,D,발달상권,3120184,포이사거리(삼호물산),10139,7003,3136,20,1553,3044,2666,1705,1151,10,846,2068,2010,1212,857,10,707,976,656,493,294
20231,A,골목상권,3110941,언남고등학교,261,158,103,0,33,46,89,58,35,0,14,26,51,40,27,0,19,20,38,18,8
20231,D,발달상권,3120174,논현역 5번,680,379,301,6,108,196,155,93,122,4,39,108,90,58,80,2,69,88,65,35,42
20231,A,골목상권,3110927,잠원역,745,553,192,2,93,342,198,98,12,2,82,218,159,81,11,0,11,124,39,17,1
20231,A,골목상권,3110977,논현로18길,148,102,46,0,22,32,45,29,20,0,14,20,33,20,15,0,8,12,12,9,5
20231,A,골목상권,3110961,언주역 3번,962,673,289,5,172,286,248,140,111,3,97,184,187,112,90,2,75,102,61,28,21
20231,A,골목상권,3110970,학동초등학교,378,236,142,1,66,98,102,65,46,0,27,49,66,57,37,1,39,49,36,8,9
20231,D,발달상권,3120219,은마아파트,17175,5797,11378,202,3397,3819,3179,4061,2517,83,1254,1872,1374,818,396,119,2143,1947,1805,3243,2121
20231,D,발달상권,3120222,삼성역,43324,24141,19183,244,8091,13641,10294,6385,4669,119,3186,7703,6883,3711,2539,125,4905,5938,3411,2674,2130
20231,D,발달상권,3120201,도곡1동,11549,6381,5168,116,3564,3468,2477,1299,625,31,1365,2018,1727,754,486,85,2199,1450,750,545,139
20231,D,발달상권,3120213,삼성중앙역,8521,5150,3371,50,1869,2485,1911,1070,1136,12,830,1515,1305,716,772,38,1039,970,606,354,364
20231,D,발달상권,3120209,"강남구청(청담역_8번, 강남세무서)",8987,2610,6377,34,2050,2684,2467,1172,580,9,538,752,537,395,379,25,1512,1932,1930,777,201
20231,D,발달상권,3120216,경기고교사거리(경기고교앞사거리),4934,3621,1313,8,712,1628,1666,772,148,5,291,1070,1431,703,121,3,421,558,235,69,27
20231,A,골목상권,3110986,삼성중앙역 7번,90,59,31,0,9,18,36,19,8,0,3,6,29,15,6,0,6,12,7,4,2
20231,D,발달상권,3120224,수서역,12418,6339,6079,23,1900,3177,3167,2346,1805,12,860,1669,1497,1232,1069,11,1040,1508,1670,1114,736
20231,D,발달상권,3120195,성수대교남단,5611,2685,2926,39,1393,2394,1102,426,257,15,487,1194,634,208,147,24,906,1200,468,218,110
20231,D,발달상권,3120198,구역삼세무서,11531,7246,4285,23,2691,3529,2889,1562,837,12,1141,2216,2115,1139,623,11,1550,1313,774,423,214
20231,A,골목상권,3110958,역삼역 4번,997,760,237,1,96,197,300,298,105,1,46,133,254,241,85,0,50,64,46,57,20
20231,A,골목상권,3110956,언주역 8번,1199,758,441,4,361,471,199,87,77,2,158,307,163,70,58,2,203,164,36,17,19
20231,A,골목상권,3111025,경찰병원역 3번,686,412,274,1,84,164,149,157,131,0,45,102,103,88,74,1,39,62,46,69,57
20231,A,골목상권,3111029,오금역 4번,427,314,113,3,71,108,91,79,75,1,51,81,67,55,59,2,20,27,24,24,16
20231,A,골목상권,3111042,거여역 1번(거여공원),872,597,275,3,147,186,251,200,85,3,121,134,159,130,50,0,26,52,92,70,35
20231,D,발달상권,3120235,문정역,954,648,306,1,117,204,211,255,166,0,70,158,152,154,114,1,47,46,59,101,52
20231,A,골목상권,3111023,문정역 1번,939,576,363,2,133,202,263,204,135,0,86,139,184,100,67,2,47,63,79,104,68
20231,D,발달상권,3120232,송파나루역,1056,714,342,0,185,302,235,171,163,0,80,192,163,131,148,0,105,110,72,40,15
20231,U,관광특구,3001495,잠실 관광특구,25240,14855,10385,124,4880,6877,5824,4628,2907,55,2599,4419,3662,2383,1737,69,2281,2458,2162,2245,1170
20231,A,골목상권,3111006,석촌고분역 1번,1112,721,391,0,127,292,337,203,153,0,56,169,242,135,119,0,71,123,95,68,34
20231,R,전통시장,3130312,석촌시장,619,270,349,1,20,40,81,170,307,1,9,23,43,41,153,0,11,17,38,129,154
20231,D,발달상권,3120227,잠실역,45462,24220,21242,163,8142,11830,12761,11282,1284,51,3785,7436,7437,4549,962,112,4357,4394,5324,6733,322
20231,A,골목상권,3111090,강일동주민센터,91,35,56,0,15,30,23,17,6,0,1,10,10,10,4,0,14,20,13,7,2
20231,A,골목상권,3111068,강동성심병원,1570,605,965,0,532,392,271,203,172,0,126,134,114,101,130,0,406,258,157,102,42
20231,R,전통시장,3130323,둔촌역전통시장,171,86,85,0,3,14,23,36,95,0,2,6,8,14,56,0,1,8,15,22,39
20231,D,발달상권,3120244,암사역,916,401,515,0,70,85,103,111,547,0,14,44,49,42,252,0,56,41,54,69,295
20231,A,골목상권,3111054,암사역 4번(삼성광나루아파트),104,42,62,0,14,18,19,12,41,0,4,12,7,5,14,0,10,6,12,7,27
20231,A,골목상권,3111065,천일초등학교,79,38,41,2,6,21,18,23,9,2,5,11,7,6,7,0,1,10,11,17,2
20231,A,골목상권,3111049,천호지구대(천호동자전거거리),507,277,230,2,75,90,96,118,126,0,36,50,40,68,83,2,39,40,56,50,43
20231,A,골목상권,3111060,암사역 2번(서울강동초등학교),872,458,414,1,101,211,241,202,116,1,41,97,131,107,81,0,60,114,110,95,35
20231,A,골목상권,3110007,사직공원(한국사회과학도서관),283,185,98,2,58,88,63,41,31,2,30,62,44,27,20,0,28,26,19,14,11
20231,A,골목상권,3110531,홍지문,141,61,80,0,16,26,24,56,19,0,13,19,13,9,7,0,3,7,11,47,12
20231,A,골목상권,3110013,체부동홍종문가옥,125,71,54,0,8,28,31,26,32,0,2,11,18,14,26,0,6,17,13,12,6
20231,D,발달상권,3120017,동묘앞역(동묘),724,205,519,0,78,151,278,136,81,0,13,47,55,37,53,0,65,104,223,99,28
20231,U,관광특구,3001494,종로·청계 관광특구,32892,17118,15774,68,5350,9954,9473,6395,1652,15,2280,4904,4583,4154,1182,53,3070,5050,4890,2241,470
20231,R,전통시장,3130007,광장시장(광장전통시장),466,310,156,0,39,77,97,129,124,0,22,41,73,77,97,0,17,36,24,52,27
20231,R,전통시장,3130018,동대문문구완구거리(동대문문구완구시장),120,70,50,0,11,18,23,38,30,0,6,10,13,22,19,0,5,8,10,16,11
20231,A,골목상권,3110010,평창동서측,5240,2651,2589,1,324,1250,2239,1231,195,0,76,342,1157,943,133,1,248,908,1082,288,62
20231,D,발달상권,3120035,퇴계로5가,2257,1368,889,7,650,570,525,321,184,3,282,379,388,200,116,4,368,191,137,121,68
20231,D,발달상권,3120038,약수역,2299,1362,937,7,436,740,580,324,212,1,189,452,383,196,141,6,247,288,197,128,71
20231,D,발달상권,3120028,명동(명동거리),12590,7582,5008,41,2103,3542,3628,2206,1070,16,1009,1955,2310,1615,677,25,1094,1587,1318,591,393
20231,D,발달상권,3120030,중부경찰서(영화인의거리),11882,6796,5086,53,2154,3638,3422,1957,658,16,721,2139,2091,1366,463,37,1433,1499,1331,591,195
20231,D,발달상권,3120029,을지로2가,7461,4461,3000,27,1938,2808,1698,798,192,7,787,1650,1165,693,159,20,1151,1158,533,105,33
20231,D,발달상권,3120025,롯데백화점(시청광장 지하쇼핑센터),22643,6274,16369,229,12750,7002,1624,945,93,71,3075,2028,780,249,71,158,9675,4974,844,696,22
20231,A,골목상권,3110051,한양공고앞 교차로,111,82,29,0,17,23,33,26,12,0,12,16,24,20,10,0,5,7,9,6,2
20231,R,전통시장,3130046,team204(팀204),20,13,7,0,1,3,4,2,10,0,0,2,3,1,7,0,1,1,1,1,3
20231,R,전통시장,3130047,테크노상가(엘리시움),158,110,48,0,10,26,33,60,29,0,5,20,20,41,24,0,5,6,13,19,5
20231,R,전통시장,3130048,동평화시장,20,11,9,0,7,8,1,4,0,0,3,4,1,3,0,0,4,4,0,1,0
20231,R,전통시장,3130055,"황학시장(서울중앙시장, 신중앙시장)",203,117,86,0,24,49,47,52,31,0,12,25,24,32,24,0,12,24,23,20,7
20231,R,전통시장,3130025,삼익패션타운(남대문시장),5494,2675,2819,69,1760,1561,1124,794,186,31,674,837,763,292,78,38,1086,724,361,502,108
20231,A,골목상권,3110075,숙대입구역 1번,1630,736,894,9,270,506,417,289,139,5,69,188,182,181,111,4,201,318,235,108,28
20231,A,골목상권,3110093,우사단길,2647,1632,1015,2,331,1035,757,359,163,1,106,546,562,321,96,1,225,489,195,38,67
20231,A,골목상권,3110089,서빙고동주민센터,752,503,249,1,94,230,220,107,100,0,33,136,159,88,87,1,61,94,61,19,13
20231,A,골목상권,3110064,효창공원앞역 2번,923,525,398,2,126,275,261,160,99,1,49,160,160,88,67,1,77,115,101,72,32
20231,A,골목상권,3110109,금호삼성래미안아파트,92,39,53,0,7,10,12,42,21,0,2,6,3,15,13,0,5,4,9,27,8
20231,A,골목상권,3110108,성동구립금호도서관,6,1,5,0,0,1,4,1,0,0,0,0,0,1,0,0,0,1,4,0,0
20231,A,골목상권,3110104,신금호역 4번,213,141,72,0,22,33,35,54,69,0,6,17,21,37,60,0,16,16,14,17,9
20231,A,골목상권,3110126,서울숲역 1번,27,18,9,0,0,7,2,12,6,0,0,6,0,7,5,0,0,1,2,5,1
20231,A,골목상권,3110135,성동세무서,401,208,193,0,41,84,107,78,91,0,7,43,49,38,71,0,34,41,58,40,20
20231,A,골목상권,3110115,상왕십리역 3번,945,362,583,10,392,218,156,113,56,0,76,84,93,75,34,10,316,134,63,38,22
20231,A,골목상권,3110133,서울교통공사,122,93,29,0,19,25,33,21,24,0,12,18,29,17,17,0,7,7,4,4,7
20231,R,전통시장,3130072,성동용답상가시장,132,71,61,0,21,19,35,39,18,0,9,9,16,26,11,0,12,10,19,13,7
20231,A,골목상권,3110130,답십리역 6번,105,89,16,0,20,24,38,15,8,0,17,20,35,10,7,0,3,4,3,5,1
20231,A,골목상권,3110170,동대부여고,223,128,95,1,37,51,67,45,22,0,17,21,42,32,16,1,20,30,25,13,6
20231,A,골목상권,3110172,광진초등학교,344,227,117,0,42,72,92,91,47,0,17,48,61,65,36,0,25,24,31,26,11
20231,A,골목상권,3110173,구남초등학교,195,106,89,0,34,50,46,44,21,0,16,28,21,25,16,0,18,22,25,19,5
20231,R,전통시장,3130081,자양골목전통시장(자양골목시장),54,36,18,0,7,17,14,9,7,0,5,12,9,6,4,0,2,5,5,3,3
20231,R,전통시장,3130080,자양종합시장(기능상실),14,10,4,0,0,1,6,6,1,0,0,1,4,4,1,0,0,0,2,2,0
20231,A,골목상권,3110143,뚝섬유원지역 1번,44,18,26,1,4,13,9,13,4,1,0,3,5,6,3,0,4,10,4,7,1
20231,D,발달상권,3120053,건대입구역(건대),892,505,387,5,148,146,178,204,211,2,41,65,97,137,163,3,107,81,81,67,48
20231,R,전통시장,3130075,노룬산시장(노룬산골목시장),17,12,5,0,4,5,6,0,2,0,3,3,5,0,1,0,1,2,1,0,1
20231,A,골목상권,3110165,국립정신건강센터,243,175,68,0,12,32,69,76,54,0,7,23,42,59,44,0,5,9,27,17,10
20231,R,전통시장,3130082,면곡골목시장,20,11,9,0,4,0,1,9,6,0,4,0,0,3,4,0,0,0,1,6,2
20231,R,전통시장,3130078,화양제일골목시장,52,17,35,0,6,15,19,9,3,0,1,5,8,2,1,0,5,10,11,7,2
20231,A,골목상권,3110185,용두초등학교,122,77,45,0,13,22,31,32,24,0,5,13,18,22,19,0,8,9,13,10,5
20231,D,발달상권,3120067,장안동사거리,2595,1173,1422,9,427,580,675,579,325,7,165,280,260,257,204,2,262,300,415,322,121
20231,R,전통시장,3130092,청량리농수산물시장,12,9,3,0,0,1,3,5,3,0,0,0,3,3,3,0,0,1,0,2,0
20231,A,골목상권,3110205,경희대삼거리,82,48,34,0,4,13,23,23,19,0,2,10,7,17,12,0,2,3,16,6,7
20231,A,골목상권,3110265,망우역 1번,198,91,107,1,23,43,54,57,20,0,7,18,21,32,13,1,16,25,33,25,7
20231,R,전통시장,3130110,면목골목시장(면목시장),107,64,43,0,1,9,35,38,24,0,1,6,22,19,16,0,0,3,13,19,8
20231,A,골목상권,3110263,면목역 1번,130,71,59,0,13,27,35,24,31,0,7,12,12,14,26,0,6,15,23,10,5
20231,A,골목상권,3110272,신내1동주민센터,477,319,158,0,45,69,93,152,118,0,15,35,60,103,106,0,30,34,33,49,12
20231,R,전통시장,3130113,신아타운,148,27,121,1,31,31,28,39,18,1,4,9,3,4,6,0,27,22,25,35,12
20231,A,골목상권,3110307,길음역 7번,119,62,57,0,17,25,41,19,17,0,7,17,18,10,10,0,10,8,23,9,7
20231,A,골목상권,3110310,길음역 10번,45,14,31,0,12,8,5,15,5,0,4,1,2,4,3,0,8,7,3,11,2
20231,A,골목상권,3110288,동구여중,216,139,77,1,19,49,52,55,40,0,9,22,35,40,33,1,10,27,17,15,7
20231,A,골목상권,3110313,안암역 3번,2069,1344,725,2,208,552,670,474,163,0,95,310,444,355,140,2,113,242,226,119,23
20231,A,골목상권,3110326,장위동성당,84,40,44,0,2,9,16,13,44,0,1,2,6,5,26,0,1,7,10,8,18
20231,R,전통시장,3130117,정릉시장,121,63,58,0,4,15,34,43,25,0,2,8,20,19,14,0,2,7,14,24,11
20231,A,골목상권,3110282,국민대학교앞,980,789,191,13,185,388,206,75,113,12,134,349,179,57,58,1,51,39,27,18,55
20231,R,전통시장,3130118,정릉골 골목형상점가,67,30,37,0,11,13,11,19,13,0,0,2,6,12,10,0,11,11,5,7,3
20231,A,골목상권,3110589,애오개역 3번,46,13,33,0,3,3,15,11,14,0,0,1,4,6,2,0,3,2,11,5,12
20231,A,골목상권,3110703,개봉역,307,192,115,4,28,54,91,77,53,3,16,30,54,49,40,1,12,24,37,28,13
20231,R,전통시장,3130141,강북북부골목시장,36,19,17,0,12,4,11,6,3,0,3,2,6,6,2,0,9,2,5,0,1
20231,A,골목상권,3110380,강북문화정보도서관,48,15,33,0,12,10,12,10,4,0,0,3,5,4,3,0,12,7,7,6,1
20231,D,발달상권,3120078,미아사거리역,143,89,54,0,27,28,29,30,29,0,12,16,21,18,22,0,15,12,8,12,7
20231,A,골목상권,3110370,도봉세무서,367,255,112,0,17,61,76,105,108,0,11,31,42,80,91,0,6,30,34,25,17
20231,A,골목상권,3110358,인수동 우편취급국,549,295,254,0,18,34,67,210,220,0,2,18,23,91,161,0,16,16,44,119,59
20231,A,골목상권,3110359,수유시장옆,126,72,54,0,12,26,34,40,14,0,3,12,17,32,8,0,9,14,17,8,6
20231,R,전통시장,3130144,백운시장,21,14,7,0,0,1,7,8,5,0,0,0,5,4,5,0,0,1,2,4,0
20231,A,골목상권,3110366,광산사거리,91,64,27,0,17,20,17,22,15,0,13,13,11,16,11,0,4,7,6,6,4
20231,A,골목상권,3110391,샘말어린이공원,219,118,101,0,22,44,64,45,44,0,12,26,37,23,20,0,10,18,27,22,24
20231,A,골목상권,3110386,연산군묘,124,114,10,0,4,3,10,44,63,0,1,3,7,40,63,0,3,0,3,4,0
20231,A,골목상권,3110385,효문고등학교,37,22,15,0,3,9,12,4,9,0,2,5,3,4,8,0,1,4,9,0,1
20231,A,골목상권,3110396,쌍문역1번(쌍리단길),259,94,165,2,41,49,52,76,39,0,13,15,22,29,15,2,28,34,30,47,24
20231,A,골목상권,3110404,신창초등학교,515,298,217,1,42,93,163,136,80,0,11,56,109,76,46,1,31,37,54,60,34
20231,A,골목상권,3110429,공릉동 국수거리,2074,916,1158,3,224,284,511,689,363,1,91,167,248,234,175,2,133,117,263,455,188
20231,A,골목상권,3110438,경춘선숲길 우측,230,110,120,0,26,54,83,52,15,0,12,21,38,30,9,0,14,33,45,22,6
20231,D,발달상권,3120085,은행사거리,317,121,196,4,51,48,80,78,56,3,11,14,21,40,32,1,40,34,59,38,24
20231,A,골목상권,3110458,선일여고,385,200,185,0,32,79,94,119,61,0,19,46,47,52,36,0,13,33,47,67,25
20231,A,골목상권,3110460,구산역 4번,969,582,387,0,57,184,248,234,246,0,18,124,133,121,186,0,39,60,115,113,60
20231,R,전통시장,3130164,역촌중앙시장,9,3,6,0,0,1,2,2,4,0,0,0,1,1,1,0,0,1,1,1,3
20231,A,골목상권,3110450,시립서북병원,774,421,353,3,138,166,179,154,134,2,80,103,96,70,70,1,58,63,83,84,64
20231,A,골목상권,3110456,구산보건지소,967,544,423,3,284,226,177,147,130,1,123,112,94,97,117,2,161,114,83,50,13
20231,A,골목상권,3110486,은평구청,491,279,212,0,81,100,108,134,68,0,54,70,53,61,41,0,27,30,55,73,27
20231,A,골목상권,3110484,역촌역 3번,499,193,306,6,64,131,129,103,66,5,34,45,41,32,36,1,30,86,88,71,30
20231,D,발달상권,3120092,불광역,274,147,127,0,33,51,83,52,55,0,12,29,44,21,41,0,21,22,39,31,14
20231,A,골목상권,3110472,연신내역 4번,335,156,179,2,52,77,79,68,57,1,16,43,30,37,29,1,36,34,49,31,28
20231,R,전통시장,3130168,연서시장,234,155,79,0,19,50,51,64,50,0,5,23,33,49,45,0,14,27,18,15,5
20231,A,골목상권,3110445,덕산중학교,71,53,18,0,18,15,16,8,14,0,10,9,13,7,14,0,8,6,3,1,0
20231,A,골목상권,3110446,내를건너서숲으로도서관,163,124,39,0,6,14,51,45,47,0,5,9,33,35,42,0,1,5,18,10,5
20231,A,골목상권,3110461,새절역 2번,39,21,18,0,2,8,11,10,8,0,2,2,6,6,5,0,0,6,5,4,3
20231,A,골목상권,3110451,증산역 4번,1267,962,305,2,150,378,365,291,81,2,75,289,305,230,61,0,75,89,60,61,20
20231,A,골목상권,3110502,남가좌파출소,290,147,143,0,29,34,73,92,62,0,14,16,35,47,35,0,15,18,38,45,27
20231,A,골목상권,3110520,경의중앙 신촌역,105,57,48,0,31,22,32,12,8,0,10,15,16,10,6,0,21,7,16,2,2
20231,A,골목상권,3110526,봉원사,211,111,100,1,17,38,50,49,56,1,7,21,24,26,32,0,10,17,26,23,24
20231,A,골목상권,3110511,연희초등학교,3646,3286,360,2,420,731,640,1505,348,1,355,646,532,1425,327,1,65,85,108,80,21
20231,D,발달상권,3120093,연희동,661,351,310,2,60,125,170,195,109,0,27,62,91,103,68,2,33,63,79,92,41
20231,A,골목상권,3110504,명지전문대,170,46,124,1,21,19,35,41,53,0,5,4,10,13,14,1,16,15,25,28,39
20231,D,발달상권,3120095,홍제역,931,525,406,1,73,108,267,363,119,0,16,56,142,223,88,1,57,52,125,140,31
20231,A,골목상권,3110587,공덕동주민센터,264,135,129,1,43,53,75,55,37,1,16,31,47,23,17,0,27,22,28,32,20
20231,A,골목상권,3110578,대흥역 2번,2091,1413,678,2,213,337,391,638,510,1,80,225,309,452,346,1,133,112,82,186,164
20231,A,골목상권,3110574,서강대학교,173,123,50,0,35,41,49,38,10,0,17,30,41,30,5,0,18,11,8,8,5
20231,A,골목상권,3110582,이대역 5번,56,17,39,0,6,11,16,13,10,0,0,4,4,4,5,0,6,7,12,9,5
20231,D,발달상권,3120106,마포역,11485,7110,4375,12,1812,2735,2685,2311,1930,8,917,1662,1891,1437,1195,4,895,1073,794,874,735
20231,A,골목상권,3110544,망리단길,1203,718,485,1,179,248,331,253,191,1,107,153,171,147,139,0,72,95,160,106,52
20231,D,발달상권,3120103,홍대입구역(홍대),9580,5991,3589,87,2167,2434,2066,1613,1213,61,1145,1486,1404,988,907,26,1022,948,662,625,306
20231,A,골목상권,3110566,경의선책거리,1690,934,756,2,359,547,406,290,86,1,137,328,252,157,59,1,222,219,154,133,27
20231,R,전통시장,3130187,영진시장,29,14,15,0,4,5,11,7,2,0,2,2,6,2,2,0,2,3,5,5,0
20231,A,골목상권,3110557,홍대부속여중고앞,760,465,295,1,100,188,196,149,126,1,37,110,137,95,85,0,63,78,59,54,41
20231,A,골목상권,3110548,마포구청역 4번,795,475,320,5,130,185,210,136,129,3,57,95,122,89,109,2,73,90,88,47,20
20231,A,골목상권,3110543,중암중학교,38,25,13,0,6,8,14,7,3,0,3,5,8,6,3,0,3,3,6,1,0
20231,A,골목상권,3110585,마포경찰서,918,790,128,0,192,360,176,181,9,0,150,313,153,166,8,0,42,47,23,15,1
20231,D,발달상권,3120112,등촌역,1633,1138,495,10,223,388,373,358,281,6,100,270,265,265,232,4,123,118,108,93,49
20231,A,골목상권,3110618,강서고등학교,193,135,58,0,19,38,52,52,32,0,10,29,36,34,26,0,9,9,16,18,6
20231,A,골목상권,3110599,신월1파출소,378,268,110,3,50,89,94,93,49,2,34,68,63,65,36,1,16,21,31,28,13
20231,A,골목상권,3110596,서서울호수공원,417,272,145,2,48,90,107,113,57,0,28,56,74,71,43,2,20,34,33,42,14
20231,R,전통시장,3130200,"신월7동 골목시장(약수시장, 우성상가)",27,18,9,0,0,3,9,6,9,0,0,0,7,4,7,0,0,3,2,2,2
20231,A,골목상권,3110623,갈산공원,130,99,31,0,27,34,27,31,11,0,23,27,21,21,7,0,4,7,6,10,4
20231,R,전통시장,3130218,신월중앙시장,118,53,65,0,28,34,26,13,17,0,8,12,11,9,13,0,20,22,15,4,4
20231,A,골목상권,3110632,방화역 3번,1075,887,188,2,42,127,400,334,170,1,21,90,353,281,141,1,21,37,47,53,29
20231,A,골목상권,3110651,화원중학교,377,214,163,2,29,50,102,105,89,1,19,31,68,52,43,1,10,19,34,53,46
20231,A,골목상권,3110659,화곡역 4번,844,496,348,11,102,181,234,180,136,9,52,114,140,105,76,2,50,67,94,75,60
20231,A,골목상권,3110696,오류동역 1번,2424,1658,766,32,831,942,326,216,77,16,483,735,235,131,58,16,348,207,91,85,19
20231,A,골목상권,3110697,개봉3동주민센터,230,142,88,1,55,64,49,41,20,1,27,41,31,29,13,0,28,23,18,12,7
20231,A,골목상권,3110698,개웅초등학교(개웅중학교),276,176,100,3,50,50,53,63,57,3,25,32,31,39,46,0,25,18,22,24,11
20231,A,골목상권,3110722,G타워,837,574,263,4,152,296,249,99,37,4,95,205,191,55,24,0,57,91,58,44,13
20231,A,골목상권,3110682,온수역 8번,25,11,14,0,2,4,13,5,1,0,2,2,6,1,0,0,0,2,7,4,1
20231,A,골목상권,3110684,서울공연예술고등학교,251,136,115,2,50,78,61,36,24,0,19,54,34,19,10,2,31,24,27,17,14
20231,A,골목상권,3110688,오류지구대,169,59,110,1,18,18,40,59,33,0,7,10,15,19,8,1,11,8,25,40,25
20231,A,골목상권,3110730,서울축산농협 독산역지점(독산파출소),660,376,284,1,80,105,117,201,156,1,30,58,54,113,120,0,50,47,63,88,36
20231,A,골목상권,3110728,두산초등학교,4560,2778,1782,8,88,138,245,530,3551,8,64,86,123,279,2218,0,24,52,122,251,1333
20231,A,골목상권,3110752,한울중학교,269,117,152,2,25,46,81,79,36,2,13,16,34,33,19,0,12,30,47,46,17
20231,R,전통시장,3130234,푸른터시장(기능상실),7,3,4,0,1,1,0,3,2,0,0,1,0,1,1,0,1,0,0,2,1
20231,R,전통시장,3130235,대명여울빛거리시장(대명시장),298,80,218,0,39,52,77,82,48,0,11,14,25,19,11,0,28,38,52,63,37
20231,A,골목상권,3110743,시흥초등학교(시흥1동우체국),191,130,61,0,18,31,48,50,44,0,10,20,32,37,31,0,8,11,16,13,13
20231,A,골목상권,3110731,금천구청역 1번 출입구,1044,564,480,7,306,385,206,96,44,2,149,230,102,55,26,5,157,155,104,41,18
20231,A,골목상권,3110753,시흥동 은행나무사거리,617,387,230,0,69,100,149,166,133,0,28,68,90,96,105,0,41,32,59,70,28
20231,A,골목상권,3110764,문래역 3번,541,223,318,0,93,127,159,102,60,0,27,39,54,54,49,0,66,88,105,48,11
20231,A,골목상권,3110779,대림갑을명가아파트,33,24,9,0,2,5,13,7,6,0,1,4,10,4,5,0,1,1,3,3,1
20231,R,전통시장,3130242,대림중앙 골목형상점가,66,20,46,0,3,17,17,24,5,0,1,6,5,5,3,0,2,11,12,19,2
20231,A,골목상권,3110765,문래동사거리,889,619,270,2,80,133,209,175,290,1,38,78,140,126,236,1,42,55,69,49,54
20231,A,골목상권,3110810,영신초등학교,403,183,220,0,58,147,59,78,61,0,24,67,27,43,22,0,34,80,32,35,39
20231,A,골목상권,3110813,보라매역 6번,286,167,119,3,22,37,50,74,100,3,15,21,24,39,65,0,7,16,26,35,35
20231,D,발달상권,3120135,양평역,5072,3013,2059,32,1300,1280,1187,776,497,11,626,825,676,441,434,21,674,455,511,335,63
20231,D,발달상권,3120146,한강성심병원,5066,2882,2184,18,1252,1255,1097,821,623,8,405,669,729,584,487,10,847,586,368,237,136
20231,R,전통시장,3130253,영신상가(제일상가),9,7,2,0,2,3,0,2,2,0,2,3,0,1,1,0,0,0,0,1,1
20231,R,전통시장,3130249,동남상가,10,8,2,0,2,0,0,4,4,0,1,0,0,4,3,0,1,0,0,0,1
20231,A,골목상권,3110782,영등포시장역 4번,127,87,40,1,13,24,48,27,14,1,5,16,36,17,12,0,8,8,12,10,2
20231,A,골목상권,3110809,장훈고등학교,112,61,51,0,7,15,30,23,37,0,3,5,11,17,25,0,4,10,19,6,12
20231,A,골목상권,3110834,동작구자원봉사센터,41,25,16,0,3,5,8,11,14,0,2,2,8,6,7,0,1,3,0,5,7
20231,A,골목상권,3110828,노량진역 6번,3010,2066,944,9,471,1047,854,467,162,3,252,711,639,357,104,6,219,336,215,110,58
20231,A,골목상권,3110824,대방역 3번,296,102,194,1,48,91,92,42,22,0,11,26,29,23,13,1,37,65,63,19,9
20231,A,골목상권,3110852,이수역 9번,198,121,77,0,26,35,54,38,45,0,12,20,30,23,36,0,14,15,24,15,9
20231,A,골목상권,3110851,경문고등학교(동작동성당),493,236,257,0,79,137,141,105,31,0,32,53,66,67,18,0,47,84,75,38,13
20231,A,골목상권,3110831,상도4동주민센터,72,40,32,0,3,13,14,29,13,0,3,6,6,18,7,0,0,7,8,11,6
20231,A,골목상권,3110827,NH농협은행 상도동지점,262,93,169,0,39,51,73,65,34,0,11,18,20,28,16,0,28,33,53,37,18
20231,A,골목상권,3110841,중대부중,75,34,41,0,7,12,14,23,19,0,4,7,5,10,8,0,3,5,9,13,11
20231,A,골목상권,3110900,낙성대역 1번(관악구민 종합체육센터),444,246,198,1,94,123,115,88,23,1,48,64,62,53,18,0,46,59,53,35,5
20231,D,발달상권,3120159,서울대입구역,1430,763,667,12,289,320,321,238,250,6,116,164,174,133,170,6,173,156,147,105,80
20231,A,골목상권,3110866,난우중학교,184,101,83,0,23,36,41,65,19,0,14,20,19,32,16,0,9,16,22,33,3
20231,D,발달상권,3120158,녹두거리(대학동),695,550,145,2,31,73,200,279,110,0,7,41,163,241,98,2,24,32,37,38,12
20231,A,골목상권,3110857,미성동주민센터,431,229,202,9,60,64,70,108,120,9,34,48,41,46,51,0,26,16,29,62,69
20231,R,전통시장,3130278,미성동 도깨비시장 골목형상점가,75,16,59,0,0,16,28,24,7,0,0,7,5,2,2,0,0,9,23,22,5
20231,A,골목상권,3110875,보라매동주민센터(당곡고등학교),19,15,4,0,4,2,5,6,2,0,2,2,3,6,2,0,2,0,2,0,0
20231,A,골목상권,3110873,당곡중학교,348,167,181,0,70,79,87,76,36,0,29,39,39,37,23,0,41,40,48,39,13
20231,R,전통시장,3130285,서원동상점가,615,316,299,4,28,56,85,160,282,1,17,38,45,60,155,3,11,18,40,100,127
20231,A,골목상권,3110891,구암초등학교,47,22,25,0,5,1,22,16,3,0,1,0,11,8,2,0,4,1,11,8,1
20231,R,전통시장,3130280,신림종합시장,22,17,5,0,0,1,2,7,12,0,0,0,0,5,12,0,0,1,2,2,0
20231,R,전통시장,3130279,관악신사시장,2159,1727,432,0,365,671,738,355,30,0,172,530,669,333,23,0,193,141,69,22,7
20231,R,전통시장,3130295,인헌시장(원당종합시장),122,48,74,0,20,27,38,23,14,0,3,9,16,12,8,0,17,18,22,11,6
20231,A,골목상권,3110892,관악구 중앙길,709,341,368,0,69,110,159,221,150,0,25,55,76,105,80,0,44,55,83,116,70
20231,A,골목상권,3110899,낙성대역 5번(관악중학교),681,442,239,0,167,178,164,123,49,0,107,130,95,71,39,0,60,48,69,52,10
20231,A,골목상권,3110944,서울나래학교(염곡어린이공원),933,632,301,10,116,213,161,196,237,8,88,169,114,118,135,2,28,44,47,78,102
20231,A,골목상권,3110905,방배노인종합복지관(이수중학교),287,176,111,1,36,71,71,63,45,0,18,38,45,41,34,1,18,33,26,22,11
20231,A,골목상권,3110920,방배역 2번(백석예술대학교),359,205,154,0,23,53,125,118,40,0,5,29,65,75,31,0,18,24,60,43,9
20231,A,골목상권,3110910,내방역 5번,614,240,374,5,72,124,157,176,80,3,30,69,52,49,37,2,42,55,105,127,43
20231,A,골목상권,3110906,서문여고,683,362,321,2,217,106,119,106,133,0,59,58,72,62,111,2,158,48,47,44,22
20231,D,발달상권,3120161,방배동가구거리(사당동가구거리),2517,1833,684,3,187,342,315,347,1323,2,78,178,165,202,1208,1,109,164,150,145,115
20231,R,전통시장,3130296,남부종합시장,85,63,22,0,2,8,25,35,15,0,1,8,16,24,14,0,1,0,9,11,1
20231,D,발달상권,3120175,남부터미널역,8254,5320,2934,32,1703,2482,1996,1297,744,6,856,1692,1362,856,548,26,847,790,634,441,196
20231,A,골목상권,3110932,서울시인재개발원,532,384,148,2,128,170,127,64,41,2,76,116,100,54,36,0,52,54,27,10,5
20231,A,골목상권,3110930,서초동성당,2178,1774,404,8,284,588,694,433,171,2,190,448,591,393,150,6,94,140,103,40,21
20231,A,골목상권,3110931,삼성전자서울R&D(서울우면초등학교),94,47,47,0,36,30,16,6,6,0,11,15,10,6,5,0,25,15,6,0,1
20231,A,골목상권,3110938,바우뫼공원,1522,927,595,0,253,457,423,297,92,0,147,314,251,143,72,0,106,143,172,154,20
20231,A,골목상권,3110942,염곡동 구룡사(포이동성당),3242,1952,1290,7,578,932,791,613,321,3,328,587,461,351,222,4,250,345,330,262,99
20231,A,골목상권,3110943,법제교육센터(버들어린이공원),1122,578,544,1,67,165,357,323,209,1,36,99,151,140,151,0,31,66,206,183,58
20231,A,골목상권,3110994,개포고등학교,494,382,112,7,65,161,123,110,28,4,47,134,103,73,21,3,18,27,20,37,7
20231,R,전통시장,3130305,논현종합시장,85,43,42,0,21,14,14,19,17,0,7,7,6,14,9,0,14,7,8,5,8
20231,D,발달상권,3120193,도산공원교차로,6384,3798,2586,15,1278,1918,1493,983,697,6,466,1071,1021,696,538,9,812,847,472,287,159
20231,D,발달상권,3120220,대치역,5716,3394,2322,26,1854,2307,1022,333,174,2,774,1495,752,234,137,24,1080,812,270,99,37
20231,D,발달상권,3120210,선릉역,48780,26797,21983,117,11358,13636,11065,7952,4652,54,5356,8026,6479,4158,2724,63,6002,5610,4586,3794,1928
20231,D,발달상권,3120221,봉은사역,17557,12129,5428,22,3154,5248,3562,2734,2837,8,2167,4087,2812,1669,1386,14,987,1161,750,1065,1451
20231,A,골목상권,3110988,청담역 3번,1594,1016,578,1,243,425,364,346,215,1,82,247,247,262,177,0,161,178,117,84,38
20231,R,전통시장,3130304,신사상가,24,13,11,0,3,4,6,7,4,0,1,1,3,5,3,0,2,3,3,2,1
20231,D,발달상권,3120197,역삼역,58731,38593,20138,93,10093,18065,15897,10840,3743,43,5229,11924,11872,7083,2442,50,4864,6141,4025,3757,1301
20231,D,발달상권,3120237,경찰병원역,9922,5579,4343,59,1236,1684,1762,1665,3516,25,543,1068,1140,766,2037,34,693,616,622,899,1479
20231,A,골목상권,3111045,개미어린이공원,36,18,18,0,2,7,12,12,3,0,1,1,7,7,2,0,1,6,5,5,1
20231,A,골목상권,3111047,마천1치안센터,111,73,38,0,9,17,34,34,17,0,6,14,19,22,12,0,3,3,15,12,5
20231,A,골목상권,3111043,마천공원,32,13,19,0,1,3,7,12,9,0,0,0,1,6,6,0,1,3,6,6,3
20231,D,발달상권,3120238,방이역,430,260,170,5,53,101,116,79,76,4,25,48,61,57,65,1,28,53,55,22,11
20231,D,발달상권,3120226,석촌고분역,2344,1748,596,6,272,329,431,334,972,5,128,199,262,228,926,1,144,130,169,106,46
20231,A,골목상권,3111012,석촌역 6번,732,332,400,2,91,127,180,183,149,2,23,56,83,93,75,0,68,71,97,90,74
20231,D,발달상권,3120228,석촌역(석촌호수),4494,2725,1769,7,707,1306,1038,695,741,1,288,851,680,410,495,6,419,455,358,285,246
20231,A,골목상권,3111035,오금공원(오주중학교),531,398,133,0,41,90,148,148,104,0,32,66,121,102,77,0,9,24,27,46,27
20231,A,골목상권,3111028,문현중학교(장지역 1번),424,194,230,0,54,66,132,116,56,0,29,36,49,50,30,0,25,30,83,66,26
20231,R,전통시장,3130325,명일전통시장,89,30,59,0,8,10,13,28,30,0,3,6,5,8,8,0,5,4,8,20,22
20231,A,골목상권,3111087,고덕중학교(고덕2동주민센터),197,89,108,0,26,46,62,36,27,0,5,21,26,17,20,0,21,25,36,19,7
20231,D,발달상권,3120246,길동역,3415,1545,1870,14,385,562,837,913,704,8,169,318,417,302,331,6,216,244,420,611,373
20231,A,골목상권,3111083,GS강동자이아파트,411,245,166,0,67,62,70,100,112,0,47,43,41,44,70,0,20,19,29,56,42
20231,A,골목상권,3111074,명일역 1번,147,77,70,2,31,38,40,16,20,1,9,23,23,10,11,1,22,15,17,6,9
20231,A,골목상권,3111053,성내천어린이공원(하니사랑길),6288,4564,1724,6,799,940,1025,1564,1954,3,542,693,750,1053,1523,3,257,247,275,511,431
20231,A,골목상권,3111061,암사역 1번,831,551,280,0,149,186,182,170,144,0,82,128,126,125,90,0,67,58,56,45,54
20231,R,전통시장,3130318,로데오거리상점가,266,132,134,0,31,43,49,55,88,0,9,12,19,26,66,0,22,31,30,29,22
20231,A,골목상권,3111056,천호태영아파트,191,53,138,0,27,35,64,36,29,0,4,5,19,15,10,0,23,30,45,21,19
20231,A,골목상권,3110036,동묘앞역 3번,52,34,18,0,3,6,16,12,15,0,1,3,9,11,10,0,2,3,7,1,5
20231,A,골목상권,3110028,이화달팽이길,704,279,425,1,177,179,137,123,87,0,56,60,56,65,42,1,121,119,81,58,45
20231,D,발달상권,3120010,원남동사거리,4095,2287,1808,50,1544,1304,651,377,169,2,585,792,484,292,132,48,959,512,167,85,37
20231,R,전통시장,3130017,동대문상가C동,12,9,3,0,1,4,4,2,1,0,1,4,3,0,1,0,0,0,1,2,0
20231,D,발달상권,3120016,동대문역,182,115,67,1,10,24,42,40,65,0,6,12,20,28,49,1,4,12,22,12,16
20231,A,골목상권,3110034,창신1동주민센터,41,35,6,0,2,1,14,13,11,0,2,1,10,11,11,0,0,0,4,2,0
20231,A,골목상권,3110014,경복고등학교,194,82,112,0,28,54,40,44,28,0,4,14,21,24,19,0,24,40,19,20,9
20231,A,골목상권,3110001,이북5도청사,1048,625,423,4,130,286,237,257,134,0,48,170,160,167,80,4,82,116,77,90,54
20231,A,골목상권,3110286,한성대입구역 5번,986,472,514,17,187,285,318,122,57,8,70,127,144,83,40,9,117,158,174,39,17
20231,R,전통시장,3130036,중부시장(신중부시장),3089,921,2168,8,1868,593,250,198,172,3,316,189,171,120,122,5,1552,404,79,78,50
20231,D,발달상권,3120033,을지로4가역,867,437,430,7,127,212,194,201,126,1,44,107,99,89,97,6,83,105,95,112,29
20231,U,관광특구,3001492,명동 남대문 북창동 다동 무교동 관광특구,104830,53674,51156,423,27134,34007,23384,15726,4156,137,8860,16080,15133,10824,2640,286,18274,17927,8251,4902,1516
20231,D,발달상권,3120023,서울시청,10242,5534,4708,15,2234,3260,2778,1425,530,4,852,1657,1658,983,380,11,1382,1603,1120,442,150
20231,R,전통시장,3130031,청계천공구상가,921,698,223,2,101,281,234,159,144,1,64,230,181,104,118,1,37,51,53,55,26
20231,D,발달상권,3120021,시청역_8번,23737,14953,8784,73,4071,8120,7087,3484,902,13,1699,4433,5165,2993,650,60,2372,3687,1922,491,252
20231,A,골목상권,3110053,청구역 1번,281,166,115,0,52,69,69,54,37,0,23,45,43,27,28,0,29,24,26,27,9
20231,R,전통시장,3130049,신당 미래유산 먹거리 골목형상점가,42,19,23,0,3,5,9,13,12,0,1,3,0,7,8,0,2,2,9,6,4
20231,D,발달상권,3120043,서울역,22578,15322,7256,58,4087,7782,5513,3664,1474,27,2087,4897,4201,3033,1077,31,2000,2885,1312,631,397
20231,A,골목상권,3110040,중구회현체육센터(정화예술대남산캠퍼스),165,78,87,0,33,30,40,37,25,0,14,15,17,13,19,0,19,15,23,24,6
20231,D,발달상권,3120024,회현역,2167,1364,803,2,341,795,582,250,197,1,146,473,416,192,136,1,195,322,166,58,61
20231,A,골목상권,3110039,회현역 1번,49,26,23,0,2,8,12,14,13,0,0,4,9,8,5,0,2,4,3,6,8
20231,R,전통시장,3130024,남대문시장(자유상가),732,426,306,2,54,129,172,177,198,1,15,75,95,108,132,1,39,54,77,69,66
20231,R,전통시장,3130022,숭례문수입상가(남대문시장),1907,850,1057,0,330,855,598,113,11,0,55,378,338,70,9,0,275,477,260,43,2
20231,D,발달상권,3120045,남영동 먹자골목,4044,1580,2464,7,424,908,1421,1162,122,1,257,576,502,205,39,6,167,332,919,957,83
20231,R,전통시장,3130060,신흥시장,4,1,3,0,0,2,0,2,0,0,0,1,0,0,0,0,0,1,0,2,0
20231,A,골목상권,3110072,열정도,374,244,130,6,108,96,78,51,35,0,51,71,62,37,23,6,57,25,16,14,12
20231,A,골목상권,3110059,새남터성지,385,307,78,0,38,71,113,138,25,0,21,48,99,124,15,0,17,23,14,14,10
20212,U,관광특구,3001491,이태원 관광특구,5839,3064,2775,28,1377,2065,1290,768,311,18,514,986,777,541,228,10,863,1079,513,227,83
20231,A,골목상권,3110069,숙대입구,825,291,534,3,200,296,163,87,76,3,34,92,77,40,45,0,166,204,86,47,31
20231,A,골목상권,3110095,한강진역 3번,1186,801,385,16,160,326,321,298,65,8,61,235,227,226,44,8,99,91,94,72,21
20231,A,골목상권,3110077,삼광초등학교,385,317,68,0,37,86,148,98,16,0,21,66,130,88,12,0,16,20,18,10,4
20231,A,골목상권,3110103,옥수터널,13,11,2,1,0,2,2,6,2,0,0,2,2,5,2,1,0,0,0,1,0
20231,R,전통시장,3130073,뚝도시장,45,17,28,1,3,10,9,11,11,0,0,2,4,5,6,1,3,8,5,6,5
20231,A,골목상권,3110137,성수초등학교,6605,4295,2310,31,1016,1740,1836,1344,638,22,557,1152,1250,828,486,9,459,588,586,516,152
20231,A,골목상권,3110138,송정체육공원,160,79,81,0,15,27,53,41,24,0,4,12,21,23,19,0,11,15,32,18,5
20231,D,발달상권,3120057,아차산역,2218,1220,998,52,412,432,503,468,351,19,236,257,289,206,213,33,176,175,214,262,138
20231,A,골목상권,3110177,동의초등학교,112,81,31,0,6,25,28,32,21,0,3,14,19,26,19,0,3,11,9,6,2
20231,A,골목상권,3110175,푸른동산공원,367,233,134,0,41,73,108,86,59,0,24,48,69,53,39,0,17,25,39,33,20
20231,A,골목상권,3110146,신자초등학교,742,537,205,0,50,81,212,276,123,0,25,45,160,209,98,0,25,36,52,67,25
20231,A,골목상권,3110150,중곡1동 마을마당,1179,698,481,1,197,352,252,217,160,1,83,194,161,132,127,0,114,158,91,85,33
20231,A,골목상권,3110195,동대문구청,221,115,106,0,41,58,47,40,35,0,12,28,23,27,25,0,29,30,24,13,10
20231,A,골목상권,3110189,제기동역 1번,1538,1086,452,1,233,490,342,167,305,0,98,349,286,136,217,1,135,141,56,31,88
20231,A,골목상권,3110214,경희대후문,86,42,44,0,18,17,24,17,10,0,6,6,13,10,7,0,12,11,11,7,3
20231,A,골목상권,3110224,외대앞역 2번,96,41,55,0,9,14,16,29,28,0,2,4,9,18,8,0,7,10,7,11,20
20231,A,골목상권,3110232,동대부고,579,413,166,0,41,71,119,175,173,0,14,38,80,134,147,0,27,33,39,41,26
20231,A,골목상권,3110201,전농119안전센터,27,11,16,0,2,1,9,10,5,0,1,0,3,4,3,0,1,1,6,6,2
20231,R,전통시장,3130099,전농로터리시장,7,3,4,0,1,0,2,3,1,0,0,0,1,1,1,0,1,0,1,2,0
20231,R,전통시장,3130090,청량리종합시장,19,13,6,0,1,4,3,5,6,0,1,2,3,3,4,0,0,2,0,2,2
20231,R,전통시장,3130093,동서시장,5,3,2,0,0,0,1,2,2,0,0,0,1,0,2,0,0,0,0,2,0
20231,A,골목상권,3110190,고대앞사거리,195,92,103,0,22,34,34,45,60,0,4,18,22,19,29,0,18,16,12,26,31
20231,A,골목상권,3110196,홍릉근린공원,23,12,11,0,1,6,8,5,3,0,1,4,3,2,2,0,0,2,5,3,1
20231,D,발달상권,3120065,회기역,323,205,118,3,48,55,87,76,54,1,27,39,48,49,41,2,21,16,39,27,13
20231,A,골목상권,3110215,회기역 1번,28,18,10,0,3,4,9,7,5,0,3,2,6,3,4,0,0,2,3,4,1
20231,A,골목상권,3110222,회기역 2번,20,17,3,0,0,3,2,6,9,0,0,2,2,4,9,0,0,1,0,2,0
20231,A,골목상권,3110273,장스여성병원,610,446,164,7,31,37,75,209,251,0,4,8,37,168,229,7,27,29,38,41,22
20231,A,골목상권,3110260,면목역 3번,126,74,52,0,24,21,24,29,28,0,14,8,12,20,20,0,10,13,12,9,8
20231,R,전통시장,3130105,장미제일시장(중화동제일시장),63,27,36,0,8,14,22,11,8,0,3,6,14,3,1,0,5,8,8,8,7
20231,A,골목상권,3110257,상봉역 7번,397,330,67,0,17,18,50,133,179,0,6,11,34,118,161,0,11,7,16,15,18
20231,A,골목상권,3110238,배꽃어린이공원,66,48,18,0,6,7,15,23,15,0,4,5,9,15,15,0,2,2,6,8,0
20231,A,골목상권,3110303,성신여대입구역 1번,139,98,41,1,7,35,44,27,25,0,2,22,28,25,21,1,5,13,16,2,4
20231,A,골목상권,3110305,보문역 5번,883,661,222,3,165,255,173,133,154,1,99,199,129,103,130,2,66,56,44,30,24
20231,D,발달상권,3120070,한성대입구역,466,180,286,2,83,69,78,113,121,2,21,31,37,38,51,0,62,38,41,75,70
20231,A,골목상권,3110331,돌곶이역 8번,441,297,144,3,54,146,113,78,47,0,17,105,83,55,37,3,37,41,30,23,10
20231,A,골목상권,3110334,석관중앙교회,170,105,65,0,21,43,31,41,34,0,8,19,19,29,30,0,13,24,12,12,4
20231,A,골목상권,3110293,삼선중학교,1730,860,870,4,248,467,527,319,165,3,116,277,268,111,85,1,132,190,259,208,80
20231,A,골목상권,3110283,성북초등학교앞,203,78,125,0,16,33,56,80,18,0,8,10,23,27,10,0,8,23,33,53,8
20231,A,골목상권,3110285,홍대부중,814,559,255,9,219,220,210,100,56,6,118,172,163,69,31,3,101,48,47,31,25
20231,A,골목상권,3110312,안암역 2번,150,81,69,0,13,19,47,46,25,0,7,14,24,22,14,0,6,5,23,24,11
20231,A,골목상권,3110316,숭곡초등학교,439,217,222,2,68,114,129,88,38,2,19,58,73,42,23,0,49,56,56,46,15
20231,A,골목상권,3110322,장위1동주민센터,319,224,95,1,33,37,59,95,94,0,25,31,44,66,58,1,8,6,15,29,36
20231,A,골목상권,3110294,서경대학교,391,262,129,0,35,30,93,120,113,0,18,14,46,87,97,0,17,16,47,33,16
20231,A,골목상권,3110364,미아역 8번,146,75,71,0,9,26,51,39,21,0,3,9,25,23,15,0,6,17,26,16,6
20231,A,골목상권,3110381,번동주공2단지,171,88,83,5,31,28,38,55,14,4,11,14,21,30,8,1,20,14,17,25,6
20231,R,전통시장,3130131,동북프라자,121,49,72,0,9,23,37,29,23,0,4,8,17,9,11,0,5,15,20,20,12
20231,A,골목상권,3110374,송중초등학교,491,272,219,5,33,60,145,140,108,5,9,29,73,70,86,0,24,31,72,70,22
20231,A,골목상권,3110371,삼양입구사거리,49,23,26,0,2,7,10,19,11,0,0,3,5,10,5,0,2,4,5,9,6
20231,A,골목상권,3110363,송천동주민센터,19,12,7,0,0,4,3,7,5,0,0,3,1,4,4,0,0,1,2,3,1
20231,A,골목상권,3110361,삼양사거리역 1번,101,29,72,0,9,12,19,28,33,0,2,4,3,7,13,0,7,8,16,21,20
20231,A,골목상권,3110360,수유초등학교,321,222,99,0,34,61,63,67,96,0,7,43,42,44,86,0,27,18,21,23,10
20231,A,골목상권,3110357,가오리역 1번,725,611,114,0,25,36,171,340,153,0,4,18,146,310,133,0,21,18,25,30,20
20231,A,골목상권,3110340,인수중학교,176,99,77,0,24,55,50,29,18,0,8,43,31,7,10,0,16,12,19,22,8
20231,A,골목상권,3110341,북한산우이역 2번,496,411,85,0,15,25,80,258,118,0,4,10,52,237,108,0,11,15,28,21,10
20231,A,골목상권,3110390,방학초등학교,231,110,121,0,18,63,68,58,24,0,7,36,28,27,12,0,11,27,40,31,12
20231,A,골목상권,3110408,가인초등학교,355,105,250,0,66,70,100,85,34,0,12,24,32,21,16,0,54,46,68,64,18
20231,A,골목상권,3110433,공릉역 2번,401,137,264,1,30,41,46,46,237,1,17,30,25,18,46,0,13,11,21,28,191
20231,R,전통시장,3130157,상계중앙시장,68,35,33,0,14,17,13,15,9,0,8,13,6,6,2,0,6,4,7,9,7
20231,A,골목상권,3110423,석계역 2번,280,104,176,0,27,29,65,73,86,0,9,15,31,29,20,0,18,14,34,44,66
20231,D,발달상권,3120090,연신내역,796,297,499,5,187,160,183,154,107,1,65,66,64,53,48,4,122,94,119,101,59
20231,A,골목상권,3110462,갈현건영아파트,335,216,119,1,40,61,100,72,61,1,23,36,61,48,47,0,17,25,39,24,14
20231,R,전통시장,3130170,제일시장,58,26,32,1,7,9,13,19,9,1,2,2,5,11,5,0,5,7,8,8,4
20231,A,골목상권,3110481,불광역 7번,199,89,110,0,13,44,41,60,41,0,2,23,11,25,28,0,11,21,30,35,13
20231,A,골목상권,3110443,수색역 1번,20,12,8,0,1,2,7,6,4,0,0,2,2,4,4,0,1,0,5,2,0
20231,A,골목상권,3110459,응암역 2번,547,198,349,1,50,105,159,154,78,0,9,38,77,41,33,1,41,67,82,113,45
20231,A,골목상권,3110468,응암역 3번,1202,526,676,2,142,266,324,272,196,0,45,119,142,116,104,2,97,147,182,156,92
20231,A,골목상권,3110478,응암1동주민센터,355,220,135,2,26,37,56,56,178,2,16,23,28,32,119,0,10,14,28,24,59
20231,A,골목상권,3110463,응암3동주민센터,123,54,69,0,7,23,36,26,31,0,3,6,14,11,20,0,4,17,22,15,11
20231,R,전통시장,3130161,증산종합시장,8,5,3,0,0,1,2,2,3,0,0,0,1,2,2,0,0,1,1,0,1
20231,A,골목상권,3110507,명지대학교,1537,1156,381,29,392,636,318,129,33,26,257,481,282,83,27,3,135,155,36,46,6
20231,A,골목상권,3110495,북가좌2동주민센터,501,372,129,0,28,67,125,185,96,0,11,45,88,152,76,0,17,22,37,33,20
20231,R,전통시장,3130179,"이화여대 3,5,7길 상점가",147,65,82,3,34,15,41,31,23,1,12,3,14,17,18,2,22,12,27,14,5
20231,A,골목상권,3110528,서울여자간호대학교,324,160,164,0,11,25,38,72,178,0,10,14,20,24,92,0,1,11,18,48,86
20231,A,골목상권,3110580,양원초등학교,78,20,58,0,3,6,16,25,28,0,0,1,3,11,5,0,3,5,13,14,23
20231,A,골목상권,3110568,광흥창역 1번,67,32,35,0,12,21,14,15,5,0,4,10,6,9,3,0,8,11,8,6,2
20231,A,골목상권,3110545,마포구청역 1번,789,460,329,1,64,151,210,235,128,1,24,92,106,146,91,0,40,59,104,89,37
20231,A,골목상권,3110584,아현역 4번,49,13,36,0,4,7,14,13,11,0,0,0,2,5,6,0,4,7,12,8,5
20231,A,골목상권,3110556,절두산순교성지,176,112,64,3,17,42,58,39,17,3,8,27,39,24,11,0,9,15,19,15,6
20231,A,골목상권,3110622,달마을공원,458,261,197,0,58,90,102,138,70,0,26,47,63,65,60,0,32,43,39,73,10
20231,A,골목상권,3110601,신월1동우편취급국,1200,814,386,3,116,180,274,437,190,1,61,115,183,309,145,2,55,65,91,128,45
20231,A,골목상권,3110598,신월문화체육센터,381,174,207,0,16,50,101,131,83,0,4,22,40,60,48,0,12,28,61,71,35
20231,D,발달상권,3120109,서울남부지방법원,608,342,266,2,56,104,110,170,166,1,18,40,50,104,129,1,38,64,60,66,37
20231,R,전통시장,3130195,도화동 상점가,1040,502,538,2,201,267,226,153,191,1,86,132,121,88,74,1,115,135,105,65,117
20231,A,골목상권,3110609,신정네거리역 2번,1377,1358,19,0,14,15,52,171,1125,0,10,11,45,168,1124,0,4,4,7,3,1
20231,A,골목상권,3110652,양천향교역 2번,643,483,160,0,70,131,146,169,127,0,32,102,104,139,106,0,38,29,42,30,21
20231,A,골목상권,3110675,화곡4동주민센터,235,161,74,0,13,45,60,59,58,0,6,28,34,46,47,0,7,17,26,13,11
20231,A,골목상권,3110672,백석중학교,168,91,77,1,26,41,35,49,16,1,19,23,14,23,11,0,7,18,21,26,5
20231,A,골목상권,3110660,등촌3동주민센터,4614,2039,2575,10,469,707,766,1291,1371,5,197,427,424,447,539,5,272,280,342,844,832
20231,A,골목상권,3110645,우장산역 4번,782,381,401,0,63,120,238,219,142,0,32,60,86,88,115,0,31,60,152,131,27
20231,R,전통시장,3130213,방신전통시장,112,77,35,0,13,20,25,29,25,0,10,18,14,14,21,0,3,2,11,15,4
20231,A,골목상권,3110630,공항시장역 1번,1472,1008,464,0,157,294,298,328,395,0,67,180,202,240,319,0,90,114,96,88,76
20231,R,전통시장,3130212,공항시장,8,6,2,0,1,0,3,2,2,0,1,0,3,0,2,0,0,0,0,2,0
20231,A,골목상권,3110640,방화역 1번,1019,638,381,3,139,292,240,195,150,3,62,119,167,158,129,0,77,173,73,37,21
20231,A,골목상권,3110655,발산역 5번,589,356,233,0,97,156,148,113,75,0,29,94,98,77,58,0,68,62,50,36,17
20231,D,발달상권,3120126,디지털단지오거리,135,86,49,0,11,30,48,26,20,0,2,16,38,15,15,0,9,14,10,11,5
20231,A,골목상권,3110692,큰굴다리,233,148,85,0,12,52,54,66,49,0,7,19,35,49,38,0,5,33,19,17,11
20231,A,골목상권,3110695,개봉1동주민센터,537,312,225,1,56,150,140,121,69,1,31,97,72,64,47,0,25,53,68,57,22
20231,R,전통시장,3130226,고척프라자,2,2,0,0,1,1,0,0,0,0,1,1,0,0,0,0,0,0,0,0,0
20231,A,골목상권,3110714,구로4동주민센터,261,149,112,0,32,43,54,76,56,0,7,18,31,50,43,0,25,25,23,26,13
20231,A,골목상권,3110708,화원어린이공원,71,33,38,0,10,12,15,24,10,0,3,4,7,10,9,0,7,8,8,14,1
20231,A,골목상권,3110715,구로구민회관,84,59,25,0,12,13,29,23,7,0,5,10,19,19,6,0,7,3,10,4,1
20231,A,골목상권,3110713,구로보건소,2668,1817,851,5,474,650,706,533,300,3,323,472,514,332,173,2,151,178,192,201,127
20231,A,골목상권,3110718,한국SGI본부,1614,1061,553,3,308,462,397,336,108,3,167,313,292,220,66,0,141,149,105,116,42
20231,A,골목상권,3110707,구로창업지원센터,1045,760,285,4,141,266,246,253,135,3,78,195,185,186,113,1,63,71,61,67,22
20231,D,발달상권,3120123,오류동역,2120,1645,475,1,313,413,505,594,294,0,276,331,389,425,224,1,37,82,116,169,70
20231,A,골목상권,3110726,금천철쭉어린이공원(금하마을),222,172,50,0,19,25,41,62,75,0,17,16,22,45,72,0,2,9,19,17,3
20231,A,골목상권,3110727,독산역 1번 출입구,659,514,145,4,72,152,169,191,71,4,48,118,128,165,51,0,24,34,41,26,20
20231,A,골목상권,3110738,문성초등학교,249,125,124,0,17,27,65,90,50,0,12,14,34,40,25,0,5,13,31,50,25
20231,A,골목상권,3110744,독산동성당,486,292,194,0,31,86,125,152,92,0,22,53,69,89,59,0,9,33,56,63,33
20231,R,전통시장,3130232,독산동 맛나는거리상점가(독산동 맛나는거리),33,24,9,0,3,12,5,10,3,0,2,9,4,6,3,0,1,3,1,4,0
20231,D,발달상권,3120133,서울시흥동우체국(홈플러스시흥점),154,66,88,1,16,23,31,43,40,1,7,11,15,12,20,0,9,12,16,31,20
20231,A,골목상권,3110734,금천파출소,92,47,45,0,7,11,21,29,24,0,3,5,14,13,12,0,4,6,7,16,12
20231,R,전통시장,3130236,비단길현대시장(현대시장),139,42,97,0,13,23,49,40,14,0,4,3,12,17,6,0,9,20,37,23,8
20231,A,골목상권,3110747,석수역 1번 출입구,813,612,201,0,46,81,166,224,296,0,27,52,102,165,266,0,19,29,64,59,30
20231,A,골목상권,3110754,삼성산자연공원(서울금천초등학교),202,76,126,1,21,41,48,41,50,0,6,18,29,10,13,1,15,23,19,31,37
20231,D,발달상권,3120138,당산2동(영등포우체국),2754,1653,1101,23,745,579,479,488,440,15,395,347,312,309,275,8,350,232,167,179,165
20231,A,골목상권,3110781,대림한신아파트,182,112,70,0,23,29,51,38,41,0,8,16,34,23,31,0,15,13,17,15,10
20231,A,골목상권,3110776,도신초등학교,168,106,62,0,12,20,48,63,25,0,11,10,35,34,16,0,1,10,13,29,9
20231,A,골목상권,3110792,영등포역 2번,3343,1737,1606,28,554,856,830,851,224,11,223,385,459,526,133,17,331,471,371,325,91
20231,D,발달상권,3120137,문래역(문래로데오거리),50,21,29,2,11,8,13,12,4,0,4,1,7,7,2,2,7,7,6,5,2
20231,A,골목상권,3110812,신길6동주민센터,363,245,118,0,69,115,106,50,23,0,34,78,85,29,19,0,35,37,21,21,4
20231,A,골목상권,3110798,신풍역 2번,53,20,33,0,2,13,14,13,11,0,0,3,3,6,8,0,2,10,11,7,3
20231,A,골목상권,3110811,보라매역 4번,187,94,93,0,22,41,49,52,23,0,8,22,18,27,19,0,14,19,31,25,4
20231,A,골목상권,3110756,문래중학교,275,179,96,0,48,79,78,35,35,0,21,58,52,21,27,0,27,21,26,14,8
20231,R,전통시장,3130257,영등포시장기계공구상가,158,116,42,0,11,26,33,47,41,0,7,16,22,37,34,0,4,10,11,10,7
20231,A,골목상권,3110800,영등포동성당,227,153,74,0,26,34,61,66,40,0,13,22,37,46,35,0,13,12,24,20,5
20231,A,골목상권,3110806,서울시립영등포장애인복지관,76,42,34,0,18,30,13,13,2,0,5,16,9,11,1,0,13,14,4,2,1
20231,A,골목상권,3110820,성남고등학교,3101,2470,631,1,651,742,555,991,161,0,438,581,448,879,124,1,213,161,107,112,37
20231,D,발달상권,3120156,"총신대입구역(이수, 총신대)",3366,1461,1905,14,640,802,748,644,518,7,213,337,380,258,266,7,427,465,368,386,252
20231,A,골목상권,3110839,숭실대입구역 4번,187,67,120,0,10,51,57,46,23,0,2,14,22,11,18,0,8,37,35,35,5
20231,A,골목상권,3110833,상도역 2번,255,163,92,2,20,61,74,74,24,0,17,49,47,34,16,2,3,12,27,40,8
20231,A,골목상권,3110876,서원동주민센터(신관중학교),49,29,20,0,5,9,16,9,10,0,2,4,10,4,9,0,3,5,6,5,1
20231,R,전통시장,3130284,관악종합시장(신원시장),17,10,7,0,0,1,3,10,3,0,0,1,1,6,2,0,0,0,2,4,1
20231,A,골목상권,3110889,봉천역 6번,376,317,59,0,29,36,69,136,106,0,18,20,47,130,102,0,11,16,22,6,4
20231,A,골목상권,3110901,인헌고등학교(인헌중학교),245,143,102,3,39,58,73,51,21,3,21,35,38,30,16,0,18,23,35,21,5
20231,R,전통시장,3130275,강남골목시장,164,121,43,0,17,38,46,34,29,0,15,32,30,23,21,0,2,6,16,11,8
20231,D,발달상권,3120185,논현역,12723,7377,5346,29,2723,4108,3218,1875,770,10,1037,2421,2225,1194,490,19,1686,1687,993,681,280
20231,A,골목상권,3110908,구반포역,1517,376,1141,0,66,110,396,804,141,0,42,53,71,141,69,0,24,57,325,663,72
20231,A,골목상권,3110953,학동근린공원,2487,1583,904,15,679,891,571,218,113,0,336,572,409,180,86,15,343,319,162,38,27
20231,A,골목상권,3110968,강남구청역 2번,1023,596,427,7,327,204,133,121,231,4,177,117,81,68,149,3,150,87,52,53,82
20231,D,발달상권,3120203,강남구청역,7726,4602,3124,27,1589,2070,1890,1381,769,8,650,1218,1293,882,551,19,939,852,597,499,218
20231,A,골목상권,3110966,논현2동주민센터,1634,1016,618,18,470,498,299,216,133,7,256,298,200,146,109,11,214,200,99,70,24
20231,A,골목상권,3110996,대치2동주민센터,1940,1218,722,2,81,274,345,337,901,0,47,206,276,245,444,2,34,68,69,92,457
20231,A,골목상권,3110982,강남구보훈회관,166,74,92,0,31,34,41,41,19,0,7,13,25,14,15,0,24,21,16,27,4
20231,A,골목상권,3111002,한국교통안전공단 강남자동차검사소,317,115,202,0,22,63,65,96,71,0,7,31,21,26,30,0,15,32,44,70,41
20231,A,골목상권,3110973,강남구청역 4번,1448,784,664,4,275,332,289,269,279,1,146,203,162,128,144,3,129,129,127,141,135
20231,A,골목상권,3110987,영동대교남단,410,201,209,1,80,64,74,101,90,1,40,36,31,40,53,0,40,28,43,61,37
20231,A,골목상권,3111022,석촌중학교(방이육교),686,344,342,1,59,145,176,222,83,0,37,95,98,70,44,1,22,50,78,152,39
20231,A,골목상권,3111041,거여역 8번,411,336,75,1,102,118,81,62,47,1,84,93,67,50,41,0,18,25,14,12,6
20231,D,발달상권,3120236,장지역(가든파이브),4622,3221,1401,15,678,1056,1076,989,808,10,373,711,778,710,639,5,305,345,298,279,169
20231,A,골목상권,3111014,송파나루역 2번,521,273,248,1,42,75,119,190,94,0,21,42,67,83,60,1,21,33,52,107,34
20231,A,골목상권,3111031,장지동주민센터(한림연예예술고교),3127,2317,810,8,263,415,651,857,933,2,170,330,497,648,670,6,93,85,154,209,263
20231,R,전통시장,3130314,풍납시장,203,100,103,1,24,42,50,61,25,1,15,27,22,19,16,0,9,15,28,42,9
20231,D,발달상권,3120242,강동구청역,4533,2940,1593,33,536,1064,1057,894,949,13,287,678,696,560,706,20,249,386,361,334,243
20231,A,골목상권,3111084,길동신동아아파트,169,104,65,2,27,32,37,58,13,2,21,23,24,25,9,0,6,9,13,33,4
20231,A,골목상권,3111073,둔촌동역 1번(한산중학교),973,578,395,1,134,224,250,206,158,1,58,122,160,124,113,0,76,102,90,82,45
20231,D,발달상권,3120248,명일역,859,331,528,4,114,141,223,203,174,2,41,59,84,68,77,2,73,82,139,135,97
20231,D,발달상권,3120249,고덕역,1359,916,443,3,172,305,337,317,225,1,75,198,249,221,172,2,97,107,88,96,53
20231,R,전통시장,3130319,성내전통시장,47,31,16,0,3,8,14,10,12,0,3,4,9,7,8,0,0,4,5,3,4
20231,A,골목상권,3111072,굽은다리역 1번(십자성마을),747,473,274,1,59,119,201,187,180,0,20,70,116,127,140,1,39,49,85,60,40
20231,R,전통시장,3130322,고분다리전통시장,7,4,3,0,0,0,2,4,1,0,0,0,1,2,1,0,0,0,1,2,0
20231,A,골목상권,3110017,정독도서관,650,322,328,0,133,273,152,58,34,0,26,130,93,43,30,0,107,143,59,15,4
20231,D,발달상권,3120001,서대문역,1510,1022,488,1,265,530,359,278,77,1,106,344,272,237,62,0,159,186,87,41,15
20231,A,골목상권,3110004,대신고등학교,32,14,18,0,3,4,8,14,3,0,1,0,3,8,2,0,2,4,5,6,1
20231,A,골목상권,3110002,독립문역 1번,475,121,354,1,146,140,118,44,26,1,25,25,41,14,15,0,121,115,77,30,11
20231,D,발달상권,3120062,신설동역,12648,5435,7213,13,1214,2604,3451,3483,1883,2,444,1433,1624,1125,807,11,770,1171,1827,2358,1076
20231,A,골목상권,3110025,충신시장옆,213,129,84,2,17,46,63,56,29,0,6,23,43,33,24,2,11,23,20,23,5
20231,D,발달상권,3120011,종로4가,2984,1666,1318,5,420,1022,880,515,142,0,165,497,518,378,108,5,255,525,362,137,34
20231,R,전통시장,3130051,동화동 골목형상점가,391,156,235,1,82,94,98,66,50,1,18,25,43,36,33,0,64,69,55,30,17
20231,R,전통시장,3130186,망원시장,143,53,90,0,9,23,40,41,30,0,6,11,14,10,12,0,3,12,26,31,18
20231,R,전통시장,3130053,백학시장,160,69,91,0,22,24,46,37,31,0,8,8,20,15,18,0,14,16,26,22,13
20231,A,골목상권,3110110,상왕십리역 6번,87,54,33,1,12,16,24,18,16,1,7,11,13,10,12,0,5,5,11,8,4
20231,R,전통시장,3130042,약수시장,158,67,91,2,36,30,40,21,29,2,9,9,19,8,20,0,27,21,21,13,9
20231,A,골목상권,3110591,충정로역 6번,87,48,39,0,15,19,21,28,4,0,9,9,11,16,3,0,6,10,10,12,1
20231,R,전통시장,3130062,보광시장,39,16,23,0,1,7,11,15,5,0,0,3,4,6,3,0,1,4,7,9,2
20231,A,골목상권,3110086,이태원역 북측,9244,3609,5635,12,3187,3891,1654,428,72,3,733,1558,905,355,55,9,2454,2333,749,73,17
20231,A,골목상권,3110085,경리단길남측,532,260,272,4,98,163,148,67,52,2,40,59,78,41,40,2,58,104,70,26,12
20231,A,골목상권,3110066,서울역 15번,748,467,281,6,152,227,156,125,82,3,81,151,104,66,62,3,71,76,52,59,20
20231,A,골목상권,3110105,금동어린이공원,38,17,21,0,1,7,11,10,9,0,0,2,3,6,6,0,1,5,8,4,3
20231,A,골목상권,3110116,청계천박물관,4825,3644,1181,29,323,769,1077,1762,865,26,206,565,875,1315,657,3,117,204,202,447,208
20231,A,골목상권,3110128,성원중학교,911,573,338,1,98,165,255,266,126,1,53,94,157,170,98,0,45,71,98,96,28
20231,A,골목상권,3110120,서울숲카페거리,79,49,30,0,8,12,35,18,6,0,3,8,23,10,5,0,5,4,12,8,1
20231,A,골목상권,3110124,뚝섬역교차로,1253,1006,247,7,170,155,222,312,387,6,94,111,169,268,358,1,76,44,53,44,29
20231,A,골목상권,3110129,성원어린이공원,640,405,235,1,65,118,131,180,145,0,35,70,86,107,107,1,30,48,45,73,38
20231,A,골목상권,3110132,성수2가3동주민센터,786,521,265,0,97,182,220,197,90,0,67,133,145,108,68,0,30,49,75,89,22
20231,A,골목상권,3110111,대현산장미원,51,40,11,0,6,7,6,17,15,0,6,4,4,13,13,0,0,3,2,4,2
20231,A,골목상권,3110166,구의1동주민센터,552,292,260,1,70,121,177,115,68,1,20,59,99,60,53,0,50,62,78,55,15
20231,A,골목상권,3110160,광진경찰서,819,680,139,0,149,322,180,157,11,0,110,261,150,149,10,0,39,61,30,8,1
20231,D,발달상권,3120054,어린이대공원역,1196,805,391,0,61,141,304,441,249,0,17,79,201,322,186,0,44,62,103,119,63
20231,A,골목상권,3110145,장안초등학교,7,4,3,0,0,1,2,3,1,0,0,0,1,3,0,0,0,1,1,0,1
20231,D,발달상권,3120055,군자역,4255,2030,2225,33,1138,780,911,991,402,23,548,430,436,330,263,10,590,350,475,661,139
20231,A,골목상권,3110164,아차산역 5번,731,494,237,3,111,126,143,164,184,0,61,77,101,112,143,3,50,49,42,52,41
20231,R,전통시장,3130076,능동로골목시장,93,70,23,0,2,11,16,17,47,0,1,4,14,11,40,0,1,7,2,6,7
20231,A,골목상권,3110158,중곡3동주민센터,715,518,197,1,113,210,184,138,69,0,73,168,123,104,50,1,40,42,61,34,19
20231,R,전통시장,3130100,답십리시장,93,40,53,2,19,25,23,11,13,2,4,9,11,6,8,0,15,16,12,5,5
20231,A,골목상권,3110227,답십리공원,229,93,136,0,16,30,77,84,22,0,13,16,27,23,14,0,3,14,50,61,8
20231,A,골목상권,3110181,신설동역 9번,1864,1212,652,12,209,232,286,440,685,12,150,162,188,282,418,0,59,70,98,158,267
20231,A,골목상권,3110192,동의보감타워,70,45,25,0,7,10,25,16,12,0,2,6,17,10,10,0,5,4,8,6,2
20231,R,전통시장,3130085,용두시장,4,2,2,0,0,0,1,2,1,0,0,0,0,1,1,0,0,0,1,1,0
20231,A,골목상권,3110182,용두희망어린이공원,370,249,121,0,38,71,108,87,66,0,20,47,67,64,51,0,18,24,41,23,15
20231,A,골목상권,3110223,군자초등학교,94,56,38,0,13,17,26,24,14,0,4,10,17,15,10,0,9,7,9,9,4
20231,A,골목상권,3110191,고려대역 6번,48,41,7,0,1,12,14,9,12,0,1,10,11,8,11,0,0,2,3,1,1
20231,A,골목상권,3110193,고려대역 4번,48,37,11,0,5,11,11,10,11,0,3,5,10,10,9,0,2,6,1,0,2
20231,A,골목상권,3110208,시조사삼거리,75,56,19,0,2,14,7,17,35,0,1,7,2,11,35,0,1,7,5,6,0
20231,R,전통시장,3130103,이경시장,16,8,8,0,0,1,2,2,11,0,0,1,1,1,5,0,0,0,1,1,6
20231,A,골목상권,3110270,혜원여고,168,148,20,0,4,5,7,70,82,0,4,3,6,59,76,0,0,2,1,11,6
20231,A,골목상권,3110274,서일대학교,523,360,163,0,46,59,135,146,137,0,8,37,89,115,111,0,38,22,46,31,26
20231,A,골목상권,3110277,러스크서울병원,145,78,67,0,12,30,29,43,31,0,4,13,16,23,22,0,8,17,13,20,9
20231,D,발달상권,3120068,사가정역,145,45,100,3,38,31,25,22,26,0,1,5,12,12,15,3,37,26,13,10,11
20231,A,골목상권,3110253,중곡초등학교,181,106,75,0,31,31,44,49,26,0,10,17,23,35,21,0,21,14,21,14,5
20231,A,골목상권,3110249,중화역 1번,764,479,285,0,68,129,205,203,159,0,31,61,105,139,143,0,37,68,100,64,16
20231,A,골목상권,3110250,화랑대역 7번,111,69,42,0,7,20,32,34,18,0,5,12,15,23,14,0,2,8,17,11,4
20231,R,전통시장,3130116,동성타워프라자,31,22,9,0,2,9,7,8,5,0,2,4,4,7,5,0,0,5,3,1,0
20231,A,골목상권,3110235,세화어린이공원,17,12,5,0,6,3,1,5,2,0,5,1,1,3,2,0,1,2,0,2,0
20231,A,골목상권,3110306,미아초등학교,317,218,99,2,13,50,81,77,94,0,3,29,53,50,83,2,10,21,28,27,11
20231,A,골목상권,3110304,보문역 4번,248,146,102,0,40,77,61,48,22,0,10,46,35,37,18,0,30,31,26,11,4
20231,A,골목상권,3110291,한성대입구역 3번,342,172,170,2,27,49,94,91,79,0,14,24,49,51,34,2,13,25,45,40,45
20231,A,골목상권,3110336,석관고등학교,94,84,10,0,3,17,16,37,21,0,3,15,13,34,19,0,0,2,3,3,2
20231,A,골목상권,3110335,석계역 7번,249,172,77,1,19,32,66,64,67,0,13,18,34,45,62,1,6,14,32,19,5
20231,A,골목상권,3110327,상월곡역 2번,118,60,58,0,8,17,42,31,20,0,3,8,24,14,11,0,5,9,18,17,9
20231,A,골목상권,3110330,돌곶이역 1번,220,172,48,0,12,18,33,31,126,0,4,12,20,23,113,0,8,6,13,8,13
20231,A,골목상권,3110344,화계중학교,12,10,2,0,7,1,1,2,1,0,5,1,1,2,1,0,2,0,0,0,0
20231,A,골목상권,3110332,돌곶이역 3번,164,63,101,0,28,29,42,47,18,0,6,18,19,14,6,0,22,11,23,33,12
20231,A,골목상권,3110347,구세군강북종합사회복지관,38,17,21,0,10,7,5,9,7,0,1,5,1,5,5,0,9,2,4,4,2
20231,R,전통시장,3130137,"수유전통시장(수유시장, 수유골목시장)",86,29,57,0,5,10,18,25,28,0,0,3,8,7,11,0,5,7,10,18,17
20231,A,골목상권,3110353,수유동우체국,187,91,96,0,4,18,48,60,57,0,1,12,33,27,18,0,3,6,15,33,39
20231,A,골목상권,3110337,아카데미하우스,512,368,144,6,70,69,94,159,114,6,43,58,60,98,103,0,27,11,34,61,11
20231,A,골목상권,3110397,도봉산입구,469,257,212,0,31,56,101,131,150,0,6,34,39,73,105,0,25,22,62,58,45
20231,A,골목상권,3110406,도봉산역 1번,634,573,61,0,10,29,139,292,164,0,3,17,126,276,151,0,7,12,13,16,13
20231,A,골목상권,3110387,쌍문초등학교,307,169,138,0,37,47,91,75,57,0,13,24,49,39,44,0,24,23,42,36,13
20231,A,골목상권,3110389,한일병원,209,120,89,0,23,37,57,53,39,0,10,19,35,30,26,0,13,18,22,23,13
20231,D,발달상권,3120079,창동역,1326,796,530,0,151,232,320,304,319,0,54,108,172,195,267,0,97,124,148,109,52
20231,A,골목상권,3110435,서울과학기술대,73,40,33,0,5,12,18,25,13,0,3,4,8,14,11,0,2,8,10,11,2
20231,A,골목상권,3110415,수락산역 4번,635,386,249,5,82,110,155,174,109,5,46,71,85,110,69,0,36,39,70,64,40
20231,A,골목상권,3110436,상계제일중학교,93,60,33,0,15,21,33,20,4,0,5,13,23,15,4,0,10,8,10,5,0
20231,A,골목상권,3110432,대진고등학교,894,734,160,0,55,146,248,343,102,0,27,96,214,311,86,0,28,50,34,32,16
20231,A,골목상권,3110483,연천초등학교,119,74,45,0,11,16,34,17,41,0,3,9,26,10,26,0,8,7,8,7,15
20231,A,골목상권,3110491,불광중학교,43,14,29,0,3,5,13,9,13,0,1,1,5,3,4,0,2,4,8,6,9
20231,D,발달상권,3120087,응암역,425,258,167,0,45,82,110,105,83,0,17,49,75,59,58,0,28,33,35,46,25
20231,A,골목상권,3110452,새절역 3번,373,317,56,1,10,36,63,123,140,1,7,25,47,107,130,0,3,11,16,16,10
20231,A,골목상권,3110471,응암동우체국,263,117,146,0,34,61,73,70,25,0,11,21,28,35,22,0,23,40,45,35,3
20231,A,골목상권,3110469,응암정보도서관,344,188,156,1,38,58,104,104,39,0,11,29,61,57,30,1,27,29,43,47,9
20231,R,전통시장,3130172,모래내시장(서중시장),19,8,11,0,1,4,5,6,3,0,0,1,2,4,1,0,1,3,3,2,2
20231,A,골목상권,3110497,가좌역 3번,325,253,72,0,17,43,89,123,53,0,3,17,75,115,43,0,14,26,14,8,10
20231,A,골목상권,3110500,남가좌동현대아파트,74,54,20,0,12,13,23,22,4,0,8,9,17,17,3,0,4,4,6,5,1
20231,A,골목상권,3110494,증산3교남측,31,24,7,0,1,8,7,9,6,0,0,7,5,7,5,0,1,1,2,2,1
20231,A,골목상권,3110530,아현역 1번,36,20,16,0,5,5,7,15,4,0,2,5,4,6,3,0,3,0,3,9,1
20231,A,골목상권,3110509,연희대우아파트앞,391,210,181,0,39,105,101,88,58,0,13,52,51,53,41,0,26,53,50,35,17
20231,A,골목상권,3110524,연희세브란스병원,51,23,28,0,10,13,15,8,5,0,5,6,6,3,3,0,5,7,9,5,2
20231,A,골목상권,3110501,연희어린이공원,214,82,132,0,12,33,40,75,54,0,3,20,15,18,26,0,9,13,25,57,28
20231,R,전통시장,3130182,영천시장,78,35,43,0,13,8,24,22,11,0,3,4,10,12,6,0,10,4,14,10,5
20231,A,골목상권,3110539,미근동,2792,1821,971,13,225,688,889,822,155,9,167,550,547,424,124,4,58,138,342,398,31
20231,A,골목상권,3110519,서대문구보건소별관,341,156,185,0,42,73,79,94,53,0,14,33,44,37,28,0,28,40,35,57,25
20231,R,전통시장,3130197,마포시장,15,5,10,0,0,1,5,4,5,0,0,1,0,2,2,0,0,0,5,2,3
20231,A,골목상권,3110576,대흥역 3번,1605,1112,493,71,503,480,308,163,80,27,310,365,253,111,46,44,193,115,55,52,34
20231,A,골목상권,3110573,신촌역 6번,28,10,18,0,7,3,6,6,6,0,2,0,3,1,4,0,5,3,3,5,2
20231,A,골목상권,3110563,상수역 3번,309,246,63,11,75,122,61,17,23,9,60,95,50,13,19,2,15,27,11,4,4
20231,D,발달상권,3120105,상수역(홍대),524,273,251,4,126,153,122,71,48,2,51,74,70,42,34,2,75,79,52,29,14
20231,D,발달상권,3120101,합정역,1932,1048,884,2,302,520,515,399,194,2,89,236,312,266,143,0,213,284,203,133,51
20231,R,전통시장,3130189,서교시장,24,10,14,0,2,1,7,6,8,0,0,1,2,3,4,0,2,0,5,3,4
20231,D,발달상권,3120104,연남동(홍대),5955,3176,2779,20,1117,1491,1289,1103,935,12,428,824,772,620,520,8,689,667,517,483,415
20231,A,골목상권,3110564,홍대입구역 3번,471,211,260,0,54,125,161,78,53,0,19,47,103,22,20,0,35,78,58,56,33
20231,A,골목상권,3110621,목동역 5번,163,78,85,0,19,44,33,45,22,0,1,21,19,23,14,0,18,23,14,22,8
20231,R,전통시장,3130208,목동깨비시장(목3동시장),148,67,81,0,13,20,55,37,23,0,7,6,18,19,17,0,6,14,37,18,6
20231,A,골목상권,3110592,서울금융고등학교,431,337,94,0,18,34,71,147,161,0,9,13,44,124,147,0,9,21,27,23,14
20231,A,골목상권,3110604,신월4동주민센터,635,526,109,0,13,50,120,232,220,0,6,29,87,191,213,0,7,21,33,41,7
20231,A,골목상권,3110595,메디힐병원,731,459,272,0,80,148,163,185,155,0,34,85,86,136,118,0,46,63,77,49,37
20231,A,골목상권,3110603,지향초등학교,187,104,83,0,12,54,55,38,28,0,5,28,33,19,19,0,7,26,22,19,9
20231,R,전통시장,3130207,신정1동 골목시장(신정제일시장),38,21,17,0,8,9,10,7,4,0,3,5,6,4,3,0,5,4,4,3,1
20231,A,골목상권,3110625,신정2동주민센터,726,454,272,2,98,196,215,155,60,0,51,124,146,94,39,2,47,72,69,61,21
20231,R,전통시장,3130211,신정2동 골목시장(오목교중앙시장),15,10,5,0,1,1,5,7,1,0,1,1,3,4,1,0,0,0,2,3,0
20231,A,골목상권,3110694,세곡초등학교,438,243,195,2,55,148,88,96,49,0,24,75,49,59,36,2,31,73,39,37,13
20231,A,골목상권,3110614,목동로데오거리,596,292,304,0,69,85,114,216,112,0,42,44,58,103,45,0,27,41,56,113,67
20231,D,발달상권,3120119,발산역(마곡),1427,686,741,2,184,339,416,350,136,1,54,148,211,174,98,1,130,191,205,176,38
20231,A,골목상권,3110643,강서구다솔마을,653,413,240,1,97,165,199,139,52,0,47,101,136,93,36,1,50,64,63,46,16
20231,A,골목상권,3110667,가양역 10번,177,126,51,0,33,32,56,36,20,0,21,20,38,29,18,0,12,12,18,7,2
20231,A,골목상권,3110639,신방화역 8번,534,376,158,1,76,67,89,155,146,1,18,26,52,140,139,0,58,41,37,15,7
20231,A,골목상권,3110641,공항고등학교,345,236,109,2,46,95,100,79,23,1,30,72,61,52,20,1,16,23,39,27,3
20231,A,골목상권,3110633,개화산역 1번,28,14,14,0,0,6,10,7,5,0,0,1,5,3,5,0,0,5,5,4,0
20231,A,골목상권,3110642,정곡초등학교,193,163,30,2,8,14,35,69,65,1,4,10,30,58,60,1,4,4,5,11,5
20231,A,골목상권,3110678,염창무학아파트,285,214,71,1,34,65,92,60,33,1,17,53,72,47,24,0,17,12,20,13,9
20231,A,골목상권,3110653,화곡역 2번,917,494,423,1,191,273,240,171,41,0,79,137,119,135,24,1,112,136,121,36,17
20231,R,전통시장,3130216,화곡중앙시장,75,32,43,0,4,11,21,22,17,0,2,2,9,8,11,0,2,9,12,14,6
20231,R,전통시장,3130215,대원종합시장,9,7,2,0,0,1,0,3,5,0,0,1,0,2,4,0,0,0,0,1,1
20231,A,골목상권,3110661,강서새말어린이공원,126,48,78,0,3,13,30,38,42,0,2,8,10,9,19,0,1,5,20,29,23
20231,A,골목상권,3110664,강서구청옆,111,48,63,0,14,10,31,43,13,0,11,7,10,9,11,0,3,3,21,34,2
20231,A,골목상권,3110663,우장산롯데캐슬아파트앞,279,217,62,0,6,19,48,106,100,0,3,13,26,82,93,0,3,6,22,24,7
20231,R,전통시장,3130219,까치산시장,114,35,79,0,16,17,35,29,17,0,4,6,8,9,8,0,12,11,27,20,9
20231,A,골목상권,3110710,남구로역 3번,606,370,236,3,83,96,105,121,198,3,46,63,63,68,127,0,37,33,42,53,71
20231,R,전통시장,3130223,고척근린시장,42,12,30,0,2,10,12,14,4,0,0,1,1,7,3,0,2,9,11,7,1
20231,R,전통시장,3130224,개봉프라자(고척근린시장),5,4,1,0,0,0,1,2,2,0,0,0,1,1,2,0,0,0,0,1,0
20231,D,발달상권,3120130,구로디지털단지역,1136,620,516,1,169,376,236,212,142,0,59,208,125,125,103,1,110,168,111,87,39
20231,A,골목상권,3110683,오류고등학교,75,46,29,0,12,15,23,18,7,0,9,8,14,8,7,0,3,7,9,10,0
20231,R,전통시장,3130222,오류시장,132,21,111,0,10,26,46,43,7,0,5,1,4,5,6,0,5,25,42,38,1
20231,A,골목상권,3110687,"천왕역 3번(오류2동주민센터, 서울오류남초등학교)",21,16,5,0,2,3,5,6,5,0,1,3,4,4,4,0,1,0,1,2,1
20231,D,발달상권,3120131,가산디지털단지,81127,53423,27704,289,16342,25688,20130,11589,7089,184,8639,17233,14526,7698,5143,105,7703,8455,5604,3891,1946
20231,A,골목상권,3110740,금천해태공원,646,280,366,1,135,134,136,170,70,1,47,54,56,71,51,0,88,80,80,99,19
20231,A,골목상권,3110733,금천어울림복지센터,374,293,81,3,34,89,74,90,84,3,22,67,59,66,76,0,12,22,15,24,8
20231,A,골목상권,3110739,시흥3동 우편취급국,99,77,22,0,4,22,30,27,16,0,1,16,26,21,13,0,3,6,4,6,3
20231,R,전통시장,3130246,영등포청과시장(조광시장),237,126,111,0,24,33,47,77,56,0,9,11,28,39,39,0,15,22,19,38,17
20231,D,발달상권,3120136,영등포구청역,6456,3190,3266,20,1167,1451,1361,1429,1028,12,562,814,730,580,492,8,605,637,631,849,536
20231,A,골목상권,3110794,영동초등학교,622,482,140,0,72,112,182,170,86,0,37,84,150,136,75,0,35,28,32,34,11
20231,A,골목상권,3110706,그라운드 고척,410,100,310,0,122,101,101,68,18,0,22,20,28,20,10,0,100,81,73,48,8
20231,A,골목상권,3110775,대동초등학교,59,28,31,0,4,13,20,14,8,0,1,6,6,9,6,0,3,7,14,5,2
20231,D,발달상권,3120140,문래동주민센터,6184,3312,2872,22,1447,1843,1639,925,308,11,558,994,994,525,230,11,889,849,645,400,78
20231,A,골목상권,3110814,서울지방병무청,673,364,309,1,51,117,155,236,113,1,23,79,97,104,60,0,28,38,58,132,53
20231,R,전통시장,3130259,대신시장,14,10,4,0,1,0,5,4,4,0,1,0,3,3,3,0,0,0,2,1,1
20231,A,골목상권,3110802,신길동홍어거리,336,159,177,1,59,113,86,61,16,0,18,45,44,40,12,1,41,68,42,21,4
20231,A,골목상권,3110791,신풍역 3번,25,17,8,0,1,5,9,9,1,0,0,2,6,8,1,0,1,3,3,1,0
20231,R,전통시장,3130241,선유도역 골목형상점가,500,253,247,0,95,93,123,136,53,0,39,49,66,67,32,0,56,44,57,69,21
20231,A,골목상권,3110773,당산역 13번,161,127,34,0,24,40,31,22,44,0,20,33,19,18,37,0,4,7,12,4,7
20231,D,발달상권,3120145,영등포역(영등포),3856,1817,2039,22,673,1021,921,702,517,0,202,441,486,388,300,22,471,580,435,314,217
20231,A,골목상권,3110796,한림대학교한강성심병원,87,52,35,1,7,19,26,19,15,0,4,11,17,9,11,1,3,8,9,10,4
20231,R,전통시장,3130267,본동인정시장(기능상실),59,41,18,0,6,10,12,15,16,0,4,7,9,8,13,0,2,3,3,7,3
20231,D,발달상권,3120153,노량진역(노량진),3600,1756,1844,10,508,1172,906,675,329,2,185,464,433,450,222,8,323,708,473,225,107
20231,D,발달상권,3120160,사당역(사당),9153,4750,4403,14,1560,2594,2716,1534,735,4,617,1307,1324,997,501,10,943,1287,1392,537,234
20231,R,전통시장,3130274,사당1동먹자골목상점가(사당1동먹자골목),389,218,171,4,91,100,81,63,50,3,45,64,37,35,34,1,46,36,44,28,16
20231,A,골목상권,3110849,이수역 10번,220,130,90,1,37,52,58,40,32,0,12,33,34,25,26,1,25,19,24,15,6
20231,A,골목상권,3110845,사당종합체육관,101,50,51,0,8,17,35,26,15,0,5,8,19,9,9,0,3,9,16,17,6
20231,A,골목상권,3110846,남성역 1번,535,290,245,1,66,120,146,135,67,0,25,59,78,74,54,1,41,61,68,61,13
20231,A,골목상권,3110838,상도1동주민센터앞,131,122,9,0,3,32,30,35,31,0,3,27,27,35,30,0,0,5,3,0,1
20231,A,골목상권,3110826,장승배기역 4번,366,149,217,2,20,37,57,103,147,1,8,22,28,38,52,1,12,15,29,65,95
20231,A,골목상권,3110842,흑리단길,53,22,31,0,10,9,10,16,8,0,4,3,5,5,5,0,6,6,5,11,3
20231,A,골목상권,3110895,샤로수길,1796,1222,574,3,307,721,360,233,172,2,170,534,234,152,130,1,137,187,126,81,42
20231,A,골목상권,3110862,난곡초등학교(난곡동벽화마을),84,41,43,0,4,13,14,34,19,0,2,6,11,15,7,0,2,7,3,19,12
20231,A,골목상권,3110881,구립대학경로당(관악산샘말공원),1580,1288,292,1,317,450,449,266,97,1,225,374,391,229,68,0,92,76,58,37,29
20231,A,골목상권,3110868,남부초등학교,232,126,106,0,20,29,45,49,89,0,11,23,22,28,42,0,9,6,23,21,47
20231,A,골목상권,3110884,봉천역 4번(봉천110안전센터),372,284,88,1,17,30,61,98,165,0,1,8,49,84,142,1,16,22,12,14,23
20231,R,전통시장,3130277,조원동 펭귄시장(신림중앙시장),98,56,42,1,15,26,31,19,6,1,8,18,16,9,4,0,7,8,15,10,2
20231,R,전통시장,3130293,봉천중앙시장,154,42,112,0,17,13,29,46,49,0,5,7,14,14,2,0,12,6,15,32,47
20231,R,전통시장,3130290,영림시장,417,183,234,0,74,101,107,92,43,0,14,49,43,44,33,0,60,52,64,48,10
20231,A,골목상권,3110945,본마을노인복지센터(서초구립내곡도서관),191,114,77,3,44,57,37,33,17,3,14,31,25,28,13,0,30,26,12,5,4
20231,D,발달상권,3120176,논현역 4번,893,566,327,1,130,216,195,168,183,1,67,126,129,106,137,0,63,90,66,62,46
20231,A,골목상권,3110904,이수역 5번,835,468,367,4,167,217,239,139,69,1,90,125,135,59,58,3,77,92,104,80,11
20231,A,골목상권,3110911,방배배수지체육공원,29,22,7,0,6,3,7,5,8,0,6,2,4,4,6,0,0,1,3,1,2
20231,A,골목상권,3110923,방배역 1번,210,153,57,0,34,56,55,41,24,0,21,38,42,34,18,0,13,18,13,7,6
20231,D,발달상권,3120173,교대역(법원.검찰청),18222,10456,7766,74,3270,5403,4730,3072,1673,29,1419,3004,2846,1897,1261,45,1851,2399,1884,1175,412
20231,D,발달상권,3120189,강남역,72613,38819,33794,234,17636,24305,18411,9151,2876,59,6629,13226,10962,5914,2029,175,11007,11079,7449,3237,847
20231,D,발달상권,3120171,서초3동사거리,11750,6206,5544,15,1990,3845,2551,1862,1487,6,827,1746,1496,1064,1067,9,1163,2099,1055,798,420
20231,A,골목상권,3110925,서초중학교,874,497,377,0,104,137,244,222,167,0,38,65,146,132,116,0,66,72,98,90,51
20231,D,발달상권,3120181,교육개발원입구사거리,7278,4440,2838,316,2978,1563,1247,730,444,145,1506,983,939,536,331,171,1472,580,308,194,113
20231,A,골목상권,3110939,양재역 8번(양재동우체국),5949,4099,1850,23,970,1420,1461,1174,901,15,499,989,1053,799,744,8,471,431,408,375,157
20231,D,발달상권,3120182,"양재시민의숲역(양재동꽃시장, aT센터)",6231,4311,1920,34,1059,1675,1508,1267,688,14,546,1157,1111,930,553,20,513,518,397,337,135
20231,R,전통시장,3130310,강남개포시장,298,173,125,0,29,56,71,82,60,0,8,23,42,56,44,0,21,33,29,26,16
20231,A,골목상권,3110957,언북중학교,1251,831,420,1,262,379,317,147,145,1,146,241,215,109,119,0,116,138,102,38,26
20231,D,발달상권,3120217,대치사거리,2779,1478,1301,11,552,771,700,452,293,10,220,379,381,264,224,1,332,392,319,188,69
20231,A,골목상권,3110989,대치동아우편취급국,444,270,174,9,90,148,75,68,54,0,43,102,43,44,38,9,47,46,32,24,16
20231,A,골목상권,3110965,언주역 6번,1139,788,351,1,174,379,378,142,65,1,104,276,284,74,49,0,70,103,94,68,16
20231,D,발달상권,3120206,개나리아파트,5243,3354,1889,87,1658,1413,1080,655,350,27,866,955,775,456,275,60,792,458,305,199,75
20231,A,골목상권,3110976,언북초등학교,578,332,246,1,111,188,126,86,66,0,41,115,83,49,44,1,70,73,43,37,22
20231,A,골목상권,3111036,투구봉어린이공원,209,119,90,1,22,40,55,62,29,1,7,20,26,39,26,0,15,20,29,23,3
20231,R,전통시장,3130315,문정동 로데오거리 상점가(문정동 로데오거리),1382,812,570,6,315,293,263,252,253,3,118,169,166,146,210,3,197,124,97,106,43
20231,D,발달상권,3120234,가락시장역,10280,6234,4046,11,1351,2492,2151,1680,2595,3,587,1469,1440,929,1806,8,764,1023,711,751,789
20231,R,전통시장,3130317,마천중앙시장,107,77,30,0,15,35,24,17,16,0,11,24,12,14,16,0,4,11,12,3,0
20231,R,전통시장,3130316,마천시장,18,9,9,0,3,3,2,10,0,0,2,2,2,3,0,0,1,1,0,7,0
20231,D,발달상권,3120229,방이동먹자골목,7319,4732,2587,12,1062,2182,1915,1302,846,5,588,1347,1338,913,541,7,474,835,577,389,305
20231,D,발달상권,3120233,몽촌토성역,10419,5740,4679,28,1795,2730,2265,2158,1443,22,1125,1855,1199,788,751,6,670,875,1066,1370,692
20231,A,골목상권,3111009,송파책박물관,130,94,36,1,13,38,28,24,26,0,11,32,18,15,18,1,2,6,10,9,8
20231,D,발달상권,3120230,송파사거리(송파역),876,470,406,4,96,176,202,193,205,1,38,99,115,92,125,3,58,77,87,101,80
20231,R,전통시장,3130321,장신구 특화거리 상점가,433,269,164,0,92,114,88,92,47,0,43,72,56,61,37,0,49,42,32,31,10
20231,A,골목상권,3111013,송파나루역 1번(송리단길),2234,1456,778,8,320,568,650,435,253,3,160,384,445,290,174,5,160,184,205,145,79
20231,A,골목상권,3111039,벌말어린이공원,485,353,132,8,85,125,121,94,52,8,51,89,88,72,45,0,34,36,33,22,7
20231,D,발달상권,3120247,굽은다리역,572,312,260,4,91,119,146,104,108,1,37,77,74,56,67,3,54,42,72,48,41
20231,A,골목상권,3111058,성내중학교,451,317,134,0,51,92,129,121,58,0,37,63,90,82,45,0,14,29,39,39,13
20231,A,골목상권,3111055,선사초등학교,673,29,644,0,14,28,137,373,121,0,4,7,8,6,4,0,10,21,129,367,117
20231,A,골목상권,3111075,굽은다리역 2번,193,114,79,0,14,42,54,52,31,0,14,28,24,31,17,0,0,14,30,21,14
20231,A,골목상권,3111063,강동구립 천호도서관,368,182,186,0,25,44,81,85,133,0,5,15,21,30,111,0,20,29,60,55,22
20231,A,골목상권,3110009,자하문터널,930,456,474,0,207,326,226,121,50,0,91,162,105,63,35,0,116,164,121,58,15
20231,D,발달상권,3120003,광화문역,43873,26821,17052,79,6380,12841,13071,8035,3467,12,2643,7543,8935,5616,2072,67,3737,5298,4136,2419,1395
20231,A,골목상권,3110033,창신역 4번,166,89,77,0,26,42,35,40,23,0,6,22,17,25,19,0,20,20,18,15,4
20231,R,전통시장,3130021,신설종합시장,50,37,13,1,1,10,12,13,13,0,0,9,10,10,8,1,1,1,2,3,5
20231,A,골목상권,3110023,서울대병원,92,33,59,0,9,24,23,20,16,0,3,7,10,5,8,0,6,17,13,15,8
20231,D,발달상권,3120012,대학로(혜화역),2004,901,1103,7,350,585,490,309,263,2,103,201,243,166,186,5,247,384,247,143,77
20231,D,발달상권,3120009,종로3가역,8495,4786,3709,19,1355,2296,2026,1582,1217,8,563,1230,1198,953,834,11,792,1066,828,629,383
20231,R,전통시장,3130009,마전교지하쇼핑센터(구 한일상가),24,16,8,0,0,2,3,7,12,0,0,2,2,4,8,0,0,0,1,3,4
20231,A,골목상권,3110022,경신고등학교,506,385,121,11,133,157,117,54,34,10,99,119,89,42,26,1,34,38,28,12,8
20231,D,발달상권,3120034,중구청(퇴계로4가),1545,1050,495,7,108,228,400,440,362,5,48,129,262,327,279,2,60,99,138,113,83
20231,D,발달상권,3120022,북창동(시청역_6번),5197,3160,2037,24,1010,1611,1149,767,636,2,391,936,852,543,436,22,619,675,297,224,200
20231,D,발달상권,3120019,경찰청앞교차로,5958,3146,2812,26,1051,2221,1625,793,242,8,274,1044,982,619,219,18,777,1177,643,174,23
20231,R,전통시장,3130050,청평화시장,233,96,137,2,54,70,50,40,17,1,22,32,12,21,8,1,32,38,38,19,9
20231,R,전통시장,3130327,"평화시장(남평화시장, 제일평화시장, 신평화패션타운)",169,107,62,1,8,31,43,42,44,1,1,19,30,27,29,0,7,12,13,15,15
20231,A,골목상권,3110044,관성묘,405,300,105,0,50,135,145,51,24,0,24,90,125,44,17,0,26,45,20,7,7
20231,A,골목상권,3110074,서울역 12번,8149,1751,6398,152,5985,1340,330,181,161,9,598,652,233,134,125,143,5387,688,97,47,36
20231,A,골목상권,3110081,해방촌 남동측,231,122,109,0,45,63,54,42,27,0,14,35,27,23,23,0,31,28,27,19,4
20231,A,골목상권,3110084,경리단길북측,315,168,147,0,47,85,84,57,42,0,23,36,39,36,34,0,24,49,45,21,8
20231,A,골목상권,3110071,한강미주맨션아파트,315,191,124,0,42,85,69,57,62,0,21,46,40,42,42,0,21,39,29,15,20
20231,R,전통시장,3130061,이태원시장,32,20,12,0,18,3,4,6,1,0,12,1,3,3,1,0,6,2,1,3,0
20231,A,골목상권,3110590,만리재,97,50,47,0,19,23,23,25,7,0,6,12,11,16,5,0,13,11,12,9,2
20231,R,전통시장,3130057,만리시장,12,9,3,0,0,2,1,4,5,0,0,1,1,3,4,0,0,1,0,1,1
20231,A,골목상권,3110070,용산세무서,184,130,54,0,21,54,55,24,30,0,8,37,41,18,26,0,13,17,14,6,4
20231,A,골목상권,3110062,한강로동땡땡거리(은행나무길),1506,884,622,9,319,423,319,208,228,6,142,225,216,138,157,3,177,198,103,70,71
20231,A,골목상권,3110079,후암동주민센터,1084,584,500,4,223,262,267,196,132,3,73,156,156,105,91,1,150,106,111,91,41
20231,R,전통시장,3130069,"한양대앞상점가(한양시장, 왕십리맛골목)",32,19,13,0,6,6,4,8,8,0,4,4,0,5,6,0,2,2,4,3,2
20231,A,골목상권,3110101,옥정중학교,218,121,97,0,55,51,65,31,16,0,24,34,43,13,7,0,31,17,22,18,9
20231,R,전통시장,3130065,무학봉상점가,181,71,110,0,29,39,47,42,24,0,4,11,15,23,18,0,25,28,32,19,6
20231,A,골목상권,3110179,광나루역 1번,911,620,291,0,142,209,188,233,139,0,82,160,157,154,67,0,60,49,31,79,72
20231,A,골목상권,3110180,광진정보도서관,5440,3602,1838,17,1593,2056,1086,499,189,5,872,1464,782,331,148,12,721,592,304,168,41
20231,D,발달상권,3120058,구의사거리,688,333,355,2,92,158,174,181,81,1,33,79,80,77,63,1,59,79,94,104,18
20231,D,발달상권,3120060,강변역(테크노마트),3189,2348,841,12,402,686,870,703,516,2,209,509,686,549,393,10,193,177,184,154,123
20231,A,골목상권,3110159,구의역 4번,663,391,272,1,125,115,158,132,132,1,58,62,85,87,98,0,67,53,73,45,34
20231,R,전통시장,3130074,영동교골목시장,21,15,6,0,6,9,2,3,1,0,3,9,0,2,1,0,3,0,2,1,0
20231,A,골목상권,3110153,중곡1동주민센터,241,83,158,1,42,57,67,57,17,0,14,22,22,17,8,1,28,35,45,40,9
20231,A,골목상권,3110142,화양사거리,215,108,107,1,37,47,45,53,32,1,20,25,24,17,21,0,17,22,21,36,11
20231,A,골목상권,3110148,어린이대공원역 3번,17,12,5,0,3,3,6,5,0,0,0,2,5,5,0,0,3,1,1,0,0
20231,A,골목상권,3110183,한국의류시험연구원,839,447,392,3,238,307,149,75,67,1,88,162,81,58,57,2,150,145,68,17,10
20231,R,전통시장,3130089,청량리수산시장,42,33,9,0,4,7,16,6,9,0,3,7,12,4,7,0,1,0,4,2,2
20231,R,전통시장,3130098,회기시장,55,17,38,0,9,14,15,12,5,0,2,3,4,6,2,0,7,11,11,6,3
20231,A,골목상권,3110228,장안근린공원,1992,1184,808,40,1381,313,92,101,65,24,788,223,60,54,35,16,593,90,32,47,30
20231,R,전통시장,3130104,전곡시장,93,54,39,0,8,17,28,26,14,0,5,8,16,13,12,0,3,9,12,13,2
20231,D,발달상권,3120063,청량리역(청량리),1209,528,681,3,226,225,249,252,254,2,66,88,96,117,159,1,160,137,153,135,95
20231,A,골목상권,3110210,서울시립대,341,253,88,1,9,19,24,34,254,1,4,12,10,21,205,0,5,7,14,13,49
20231,A,골목상권,3110197,세종대왕기념관교차로,67,46,21,0,8,19,26,9,5,0,4,15,19,7,1,0,4,4,7,2,4
20231,D,발달상권,3120064,경희대학교(경희대),97,44,53,0,14,27,21,13,22,0,9,13,10,4,8,0,5,14,11,9,14
20231,A,골목상권,3110243,중랑노인종합복지관,298,114,184,1,30,49,74,104,40,0,5,21,37,31,20,1,25,28,37,73,20
20231,A,골목상권,3110259,사가정역 1번,543,425,118,2,48,108,172,159,54,2,29,73,131,140,50,0,19,35,41,19,4
20231,A,골목상권,3110269,용마문화복지센터,169,98,71,0,19,53,52,28,17,0,13,32,30,19,4,0,6,21,22,9,13
20231,A,골목상권,3110252,장안제일시장,712,505,207,1,64,101,159,195,192,1,42,73,87,131,171,0,22,28,72,64,21
20231,R,전통시장,3130111,"동원전통종합시장(동원시장, 동원전통시장 상점가)",224,109,115,0,24,37,49,82,32,0,11,17,21,38,22,0,13,20,28,44,10
20231,A,골목상권,3110247,먹골역 1번,381,176,205,0,54,79,123,81,44,0,21,30,55,39,31,0,33,49,68,42,13
20231,A,골목상권,3110255,상봉역 4번,327,208,119,0,39,52,78,92,66,0,20,24,46,62,56,0,19,28,32,30,10
20231,A,골목상권,3110262,상봉역 3번,1530,878,652,2,221,447,542,268,50,0,119,337,281,107,34,2,102,110,261,161,16
20231,A,골목상권,3110271,신내역 1번,97,74,23,0,8,17,25,29,18,0,5,14,18,23,14,0,3,3,7,6,4
20231,A,골목상권,3110251,장안중학교,147,104,43,0,8,34,46,39,20,0,3,23,34,27,17,0,5,11,12,12,3
20231,A,골목상권,3110244,중화역 4번,250,175,75,1,8,26,49,44,122,1,4,11,32,30,97,0,4,15,17,14,25
20231,A,골목상권,3110296,성신여대입구역 4번,77,39,38,1,7,12,30,11,16,1,3,7,15,8,5,0,4,5,15,3,11
20231,A,골목상권,3110297,경동고등학교,654,311,343,0,74,123,156,164,137,0,31,65,74,79,62,0,43,58,82,85,75
20231,D,발달상권,3120071,성북구청,255,127,128,0,36,55,64,62,38,0,14,22,38,31,22,0,22,33,26,31,16
20231,A,골목상권,3110280,북정마을,73,38,35,0,7,10,22,23,11,0,3,3,9,15,8,0,4,7,13,8,3
20231,R,전통시장,3130122,밤나무골시장,17,5,12,0,2,4,6,4,1,0,1,1,2,1,0,0,1,3,4,3,1
20231,D,발달상권,3120075,월곡역,369,213,156,1,40,86,97,67,78,0,17,48,54,44,50,1,23,38,43,23,28
20231,R,전통시장,3130123,꿈의숲 장곡 골목형상점가,6,5,1,0,1,0,1,4,0,0,1,0,1,3,0,0,0,0,0,1,0
20231,A,골목상권,3110287,정릉3동주민센터,70,50,20,0,9,12,18,19,12,0,5,8,15,12,10,0,4,4,3,7,2
20231,A,골목상권,3110701,고척동성당,567,379,188,2,126,185,125,92,37,0,81,133,82,54,29,2,45,52,43,38,8
20231,A,골목상권,3110317,종암중학교,411,206,205,0,33,120,153,85,20,0,14,47,78,58,9,0,19,73,75,27,11
20231,D,발달상권,3120076,수유역,1930,865,1065,7,241,303,422,465,492,4,62,102,176,240,281,3,179,201,246,225,211
20231,R,전통시장,3130142,강북북부시장,7,5,2,0,1,1,0,2,3,0,0,1,0,2,2,0,1,0,0,0,1
20231,A,골목상권,3110375,서울북부고용노동지청,110,55,55,1,12,20,31,32,14,0,8,15,16,11,5,1,4,5,15,21,9
20231,R,전통시장,3130134,"솔샘시장(미아6,7동골목시장)",73,30,43,1,7,19,25,18,3,0,3,4,12,8,3,1,4,15,13,10,0
20231,A,골목상권,3110354,삼각산119안전센터,22,5,17,0,2,3,10,5,2,0,0,0,2,1,2,0,2,3,8,4,0
20231,A,골목상권,3110378,송중동주민센터,23,13,10,0,1,4,6,9,3,0,1,2,2,6,2,0,0,2,4,3,1
20231,R,전통시장,3130138,수유프라자,142,24,118,1,31,24,16,42,28,0,1,4,5,4,10,1,30,20,11,38,18
20231,R,전통시장,3130136,수유재래시장,32,13,19,0,6,5,8,6,7,0,2,1,0,3,7,0,4,4,8,3,0
20231,R,전통시장,3130133,우이골목시장(우이시장),69,61,8,0,7,7,19,20,16,0,6,6,17,17,15,0,1,1,2,3,1
20231,A,골목상권,3110350,가오리역 2번,148,77,71,0,11,27,37,49,24,0,5,11,18,26,17,0,6,16,19,23,7
20231,A,골목상권,3110410,방학역 2번,957,833,124,3,75,187,185,224,283,2,61,162,154,194,260,1,14,25,31,30,23
20231,A,골목상권,3110411,도봉역 3번,421,379,42,0,13,31,61,141,175,0,11,20,48,133,167,0,2,11,13,8,8
20231,A,골목상권,3110400,도봉구보건소,191,111,80,0,20,35,53,51,32,0,9,22,32,26,22,0,11,13,21,25,10
20231,R,전통시장,3130146,쌍문시장(쌍문역골목시장),263,124,139,0,29,33,54,80,67,0,10,12,28,32,42,0,19,21,26,48,25
20231,R,전통시장,3130147,쌍문역동측상점가,69,32,37,0,7,17,18,9,18,0,2,6,10,5,9,0,5,11,8,4,9
20231,A,골목상권,3110399,창2동주민센터,849,516,333,8,110,207,262,192,70,8,69,157,137,97,48,0,41,50,125,95,22
20231,R,전통시장,3130153,창동역상점가,229,138,91,0,18,48,54,56,53,0,7,31,30,31,39,0,11,17,24,25,14
20231,A,골목상권,3110409,창동역 2번,396,202,194,0,33,43,83,109,128,0,12,29,59,45,57,0,21,14,24,64,71
20231,D,발달상권,3120086,태릉입구역,382,205,177,0,42,78,82,102,78,0,24,43,35,49,54,0,18,35,47,53,24
20231,A,골목상권,3110434,태릉입구역 4번,121,62,59,0,13,11,24,35,38,0,3,2,12,22,23,0,10,9,12,13,15
20231,D,발달상권,3120081,노원역,1552,508,1044,9,369,295,343,307,229,2,66,87,125,121,107,7,303,208,218,186,122
20231,A,골목상권,3110426,상계2동주민센터,337,169,168,0,32,57,83,96,69,0,15,30,39,45,40,0,17,27,44,51,29
20231,A,골목상권,3110414,장석교회,66,51,15,0,7,16,15,20,8,0,5,13,11,17,5,0,2,3,4,3,3
20231,A,골목상권,3110465,연신내역 7번,240,119,121,3,38,52,57,54,36,2,12,29,25,25,26,1,26,23,32,29,10
20231,A,골목상권,3110490,녹번동근린공원,311,170,141,0,30,65,86,76,54,0,11,31,48,45,35,0,19,34,38,31,19
20231,A,골목상권,3110489,불광역 3번,35,25,10,0,3,7,10,10,5,0,3,4,7,6,5,0,0,3,3,4,0
20231,A,골목상권,3110479,연신내역 2번,318,181,137,1,50,84,68,69,46,0,28,71,35,32,15,1,22,13,33,37,31
20231,R,전통시장,3130165,"대림골목시장(대림시장, 양지시장)",214,34,180,0,20,45,56,62,31,0,1,7,5,11,10,0,19,38,51,51,21
20231,A,골목상권,3110492,하나고등학교,238,38,200,1,5,13,11,95,113,0,0,7,7,8,16,1,5,6,4,87,97
20231,A,골목상권,3110493,북가좌초등학교,892,830,62,0,2,19,27,80,764,0,0,12,22,68,728,0,2,7,5,12,36
20231,A,골목상권,3110514,서대문우체국,86,19,67,0,26,26,17,9,8,0,0,4,7,4,4,0,26,22,10,5,4
20231,A,골목상권,3110508,서연중학교,947,425,522,9,139,241,158,245,155,3,62,148,74,76,62,6,77,93,84,169,93
20231,A,골목상권,3110513,연희파출소,457,241,216,0,51,87,110,130,79,0,17,46,58,69,51,0,34,41,52,61,28
20231,A,골목상권,3110518,서대문구청,129,72,57,0,22,38,30,23,16,0,6,19,22,15,10,0,16,19,8,8,6
20231,A,골목상권,3110535,영천시장입구,488,333,155,2,36,65,112,164,109,2,19,35,78,130,69,0,17,30,34,34,40
20231,A,골목상권,3110538,충정로역 3번,284,178,106,0,12,42,56,66,108,0,5,27,35,42,69,0,7,15,21,24,39
20231,A,골목상권,3110525,홍은종합사회복지관,61,17,44,0,10,12,15,10,14,0,1,3,0,4,9,0,9,9,15,6,5
20231,A,골목상권,3110515,홍은중학교,396,312,84,1,45,118,119,68,45,1,33,93,94,52,39,0,12,25,25,16,6
20231,A,골목상권,3110583,공덕래미안3차아파트,12,7,5,0,2,3,1,1,5,0,1,2,1,0,3,0,1,1,0,1,2
20231,A,골목상권,3110562,연트럴파크(연남동주민센터),426,237,189,1,73,118,96,94,44,1,29,76,55,44,32,0,44,42,41,50,12
20231,R,전통시장,3130192,동진시장,10,6,4,0,1,1,4,3,1,0,1,1,1,2,1,0,0,0,3,1,0
20231,R,전통시장,3130194,용강동 상점가,875,502,373,0,103,131,179,170,292,0,39,75,104,114,170,0,64,56,75,56,122
20241,D,발달상권,3120007,북촌(안국역),10443,8282,2161,8,1148,3636,3182,1964,505,5,644,2891,2647,1702,393,3,504,745,535,262,112
20231,A,골목상권,3110577,용강동주민센터,145,105,40,0,15,42,47,31,10,0,12,31,38,17,7,0,3,11,9,14,3
20231,A,골목상권,3110559,성산중학교,757,474,283,4,102,187,203,167,94,3,54,102,127,118,70,1,48,85,76,49,24
20231,R,전통시장,3130203,서서울 골목형상점가,34,7,27,0,2,7,10,12,3,0,0,0,2,4,1,0,2,7,8,8,2
20231,A,골목상권,3110593,신월3동주민센터,304,157,147,0,38,65,76,87,38,0,12,32,45,44,24,0,26,33,31,43,14
20231,A,골목상권,3110605,목동센트럴아이파크앞,155,89,66,0,15,22,26,47,45,0,5,15,11,27,31,0,10,7,15,20,14
20231,A,골목상권,3110634,송정역 3번,664,434,230,0,64,143,178,145,134,0,33,90,116,101,94,0,31,53,62,44,40
20231,D,발달상권,3120116,송정역,117,64,53,0,17,27,28,20,25,0,9,11,15,10,19,0,8,16,13,10,6
20231,A,골목상권,3110637,송정역 2번,560,358,202,4,67,121,116,154,98,0,34,74,81,100,69,4,33,47,35,54,29
20231,A,골목상권,3110644,신광명마을,336,288,48,1,26,28,58,105,118,1,8,17,51,97,114,0,18,11,7,8,4
20231,A,골목상권,3110673,뜸부기어린이공원,253,143,110,0,37,52,62,64,38,0,21,29,31,34,28,0,16,23,31,30,10
20231,A,골목상권,3110717,남구로역 2번,570,271,299,0,108,155,142,104,61,0,49,84,75,34,29,0,59,71,67,70,32
20231,R,전통시장,3130225,개봉중앙시장,147,59,88,0,15,21,39,44,28,0,3,4,19,22,11,0,12,17,20,22,17
20231,A,골목상권,3110704,고척중학교,62,36,26,0,12,23,10,12,5,0,7,12,3,11,3,0,5,11,7,1,2
20231,A,골목상권,3110711,구로초등학교,815,329,486,4,62,122,165,287,175,2,26,70,81,74,76,2,36,52,84,213,99
20231,A,골목상권,3110719,영서중학교,19,15,4,0,0,4,2,3,10,0,0,2,2,3,8,0,0,2,0,0,2
20231,D,발달상권,3120127,구로구청,5871,3858,2013,6,600,1211,1435,1436,1183,5,362,967,1048,802,674,1,238,244,387,634,509
20231,A,골목상권,3110681,온수역 1번,94,70,24,0,6,30,30,17,11,0,5,22,21,12,10,0,1,8,9,5,1
20231,A,골목상권,3110686,수궁동주민센터,406,211,195,0,34,67,104,115,86,0,16,31,64,55,45,0,18,36,40,60,41
20231,A,골목상권,3110724,금천구립가산도서관,364,254,110,1,42,76,120,89,36,1,33,60,90,45,25,0,9,16,30,44,11
20231,A,골목상권,3110737,금천세무서,502,323,179,8,77,85,96,116,120,0,28,49,51,91,104,8,49,36,45,25,16
20231,A,골목상권,3110751,난곡중학교,733,399,334,2,48,217,242,177,47,2,21,117,128,91,40,0,27,100,114,86,7
20231,R,전통시장,3130238,은행나무시장,113,71,42,0,22,24,31,22,14,0,13,16,22,14,6,0,9,8,9,8,8
20231,A,골목상권,3110770,영등포구청역 6번,263,191,72,1,45,49,77,45,46,1,24,41,54,28,43,0,21,8,23,17,3
20231,A,골목상권,3110774,당산반도유보라팰리스아파트,472,355,117,0,59,119,131,96,67,0,34,81,109,80,51,0,25,38,22,16,16
20231,A,골목상권,3110784,신대림초등학교,76,42,34,0,3,11,18,36,8,0,0,7,12,18,5,0,3,4,6,18,3
20231,D,발달상권,3120142,대림역,1551,846,705,2,234,279,348,384,304,0,69,143,190,230,214,2,165,136,158,154,90
20231,A,골목상권,3110790,대림1동주민센터,741,337,404,1,74,163,282,161,60,1,46,71,89,77,53,0,28,92,193,84,7
20231,A,골목상권,3110767,도림동주민센터,11,0,11,0,4,3,3,1,0,0,0,0,0,0,0,0,4,3,3,1,0
20231,R,전통시장,3130243,도림시장,7,5,2,0,0,1,4,0,2,0,0,1,3,0,1,0,0,0,1,0,1
20231,A,골목상권,3110816,대방역 6번,517,401,116,1,72,136,153,67,88,1,49,108,114,49,80,0,23,28,39,18,8
20231,A,골목상권,3110795,도림초등학교,533,356,177,0,20,49,80,128,256,0,8,36,48,74,190,0,12,13,32,54,66
20231,A,골목상권,3110805,신길새마을금고신길4동지점,45,27,18,0,6,12,12,8,7,0,2,7,6,5,7,0,4,5,6,3,0
20231,A,골목상권,3110797,KT대방빌딩,47,8,39,1,6,8,12,10,10,0,0,0,1,2,5,1,6,8,11,8,5
20231,D,발달상권,3120147,보라매역,1947,1238,709,5,286,452,370,367,467,2,93,310,249,264,320,3,193,142,121,103,147
20231,A,골목상권,3110760,선유도역 6번,1792,1091,701,8,273,444,499,376,192,6,170,256,275,219,165,2,103,188,224,157,27
20231,D,발달상권,3120149,여의도역(여의도),69255,45888,23367,184,11383,22550,19240,12096,3802,34,5884,14085,14147,9350,2388,150,5499,8465,5093,2746,1414
20231,D,발달상권,3120148,국회의사당역(국회의사당),31135,19451,11684,82,6815,10231,7641,4493,1873,27,3082,6187,5424,3397,1334,55,3733,4044,2217,1096,539
20231,R,전통시장,3130248,영등포역지하도상점가,69,35,34,0,9,26,17,14,3,0,6,13,9,4,3,0,3,13,8,10,0
20231,A,골목상권,3110829,장승배기역 5번,534,416,118,0,195,137,78,52,72,0,177,106,49,39,45,0,18,31,29,13,27
20231,A,골목상권,3110848,양지어린이공원,486,307,179,0,36,68,152,132,98,0,6,39,85,93,84,0,30,29,67,39,14
20231,R,전통시장,3130271,남성역골목시장,467,268,199,1,36,33,39,47,311,1,12,20,22,16,197,0,24,13,17,31,114
20231,A,골목상권,3110837,숭실대입구역 1번,360,184,176,1,39,72,80,79,89,0,19,29,39,32,65,1,20,43,41,47,24
20231,R,전통시장,3130262,상도도깨비 골목형상점가,21,13,8,0,0,4,10,4,3,0,0,4,6,1,2,0,0,0,4,3,1
20231,A,골목상권,3110825,신대방삼거리역 1번,319,207,112,0,33,63,96,72,55,0,23,41,58,47,38,0,10,22,38,25,17
20232,R,전통시장,3130096,동부시장,14,9,5,0,0,0,1,1,12,0,0,0,0,0,9,0,0,0,1,1,3
20231,R,전통시장,3130261,성대전통시장(성대시장),211,104,107,0,15,47,61,61,27,0,4,26,33,23,18,0,11,21,28,38,9
20231,R,전통시장,3130264,상도약수골목형상점가,65,35,30,1,14,8,15,20,7,0,4,3,9,12,7,1,10,5,6,8,0
20231,A,골목상권,3110823,신대방삼거리역 3번,472,242,230,0,30,45,83,121,193,0,17,26,40,42,117,0,13,19,43,79,76
20231,A,골목상권,3110844,흑석2치안센터,11,7,4,0,2,2,4,0,3,0,1,2,2,0,2,0,1,0,2,0,1
20231,R,전통시장,3130282,난곡 골목형상점가,20,8,12,0,4,2,10,4,0,0,2,1,4,1,0,0,2,1,6,3,0
20231,A,골목상권,3110865,남강고등학교(남강중학교),270,116,154,4,57,53,59,61,36,2,10,23,23,31,27,2,47,30,36,30,9
20231,A,골목상권,3110902,사당역 4번,1184,729,455,1,189,266,295,248,185,0,82,168,204,156,119,1,107,98,91,92,66
20231,A,골목상권,3110860,호림박물관(성보고등학교),410,314,96,1,57,102,66,110,74,1,44,84,47,78,60,0,13,18,19,32,14
20231,A,골목상권,3110883,은천초등학교(은천교앞),208,124,84,2,21,43,70,48,24,1,12,25,42,28,16,1,9,18,28,20,8
20231,R,전통시장,3130288,신림현대종합상가,2,0,2,0,1,1,0,0,0,0,0,0,0,0,0,0,1,1,0,0,0
20231,A,골목상권,3110894,관악동부센트레빌아파트(은천로35라길),20,8,12,0,2,4,3,6,5,0,0,2,1,2,3,0,2,2,2,4,2
20231,A,골목상권,3110869,"신림역 5번(신림동주민센터, 신림동별빛거리)",1026,681,345,1,79,136,248,233,329,1,36,73,143,155,273,0,43,63,105,78,56
20231,A,골목상권,3110877,신림역 8번,319,154,165,2,23,63,86,80,65,0,10,30,36,39,39,2,13,33,50,41,26
20231,R,전통시장,3130289,봉일시장,36,20,16,1,1,2,5,14,13,0,0,1,5,3,11,1,1,1,0,11,2
20231,A,골목상권,3110853,KT구로지사,217,130,87,0,21,49,65,51,31,0,9,27,44,28,22,0,12,22,21,23,9
20231,A,골목상권,3110897,서울대입구역 8번,219,139,80,0,16,45,69,64,25,0,7,24,40,44,24,0,9,21,29,20,1
20231,D,발달상권,3120167,고속터미널(고속터미널역),6925,4543,2382,24,790,1577,1689,1525,1320,10,416,1110,1328,1046,633,14,374,467,361,479,687
20231,A,골목상권,3110924,반포4동주민센터(몽마르뜨공원),1071,732,339,5,171,236,323,252,84,1,78,150,243,200,60,4,93,86,80,52,24
20231,A,골목상권,3110922,내방역 1번,219,112,107,1,42,47,47,42,40,0,13,23,27,23,26,1,29,24,20,19,14
20231,A,골목상권,3110909,남태령역(서울전자고등학교),132,97,35,1,11,29,23,34,34,1,4,19,16,29,28,0,7,10,7,5,6
20231,D,발달상권,3120163,사당역 11번(사당역먹자골목),491,290,201,0,55,119,99,86,132,0,28,73,57,50,82,0,27,46,42,36,50
20231,A,골목상권,3110929,남부터미널역 1번,21130,10703,10427,21,4446,4558,3912,7143,1050,4,1209,1890,1718,5123,759,17,3237,2668,2194,2020,291
20231,D,발달상권,3120168,서울고교교차로,794,492,302,1,124,237,200,130,102,0,48,130,143,98,73,1,76,107,57,32,29
20231,R,전통시장,3130301,양재시장,89,47,42,0,24,20,24,9,12,0,7,13,15,4,8,0,17,7,9,5,4
20231,A,골목상권,3110946,청계산원터골,41,21,20,0,2,4,8,13,14,0,2,2,6,3,8,0,0,2,2,10,6
20231,A,골목상권,3110980,개포지구대옆,663,482,181,0,90,198,202,111,62,0,45,142,168,72,55,0,45,56,34,39,7
20231,D,발달상권,3120207,선정릉역,11920,7343,4577,32,2669,4154,2699,1509,857,16,1106,2428,1922,1135,736,16,1563,1726,777,374,121
20231,D,발달상권,3120218,코엑스,290,54,236,0,116,103,58,13,0,0,13,16,16,9,0,0,103,87,42,4,0
20231,D,발달상권,3120186,가로수길,6518,3580,2938,19,1316,2133,1570,895,585,5,447,1174,950,573,431,14,869,959,620,322,154
20231,A,골목상권,3110951,신사은행나무공원,267,70,197,0,35,83,95,47,7,0,6,24,26,12,2,0,29,59,69,35,5
20231,R,전통시장,3130306,강남언주로,235,151,84,2,48,48,63,45,29,2,27,34,47,23,18,0,21,14,16,22,11
20231,D,발달상권,3120208,청담사거리(청담동명품거리),11437,5280,6157,43,3488,4035,2275,1044,552,17,1116,1816,1308,628,395,26,2372,2219,967,416,157
20231,D,발달상권,3120214,영동대교남단교차로,3984,2897,1087,7,489,1172,1107,929,280,3,271,811,865,753,194,4,218,361,242,176,86
20231,A,골목상권,3111024,경찰병원역 4번(건너말공원),240,150,90,0,27,53,63,68,29,0,16,33,45,35,21,0,11,20,18,33,8
20231,A,골목상권,3111046,마천역(마천초등학교),708,400,308,1,76,146,171,195,119,0,46,85,84,95,90,1,30,61,87,100,29
20231,A,골목상권,3111044,남천초등학교,557,264,293,1,95,146,167,113,35,0,35,71,76,56,26,1,60,75,91,57,9
20231,A,골목상권,3111019,한성백제역 3번,1458,963,495,2,199,428,415,246,168,2,101,294,294,157,115,0,98,134,121,89,53
20231,A,골목상권,3111007,석촌고분역 4번,936,480,456,0,107,215,255,242,117,0,43,116,142,109,70,0,64,99,113,133,47
20231,A,골목상권,3111004,삼전역 1번,2036,1331,705,13,263,407,504,376,473,0,108,261,337,239,386,13,155,146,167,137,87
20231,A,골목상권,3111033,문정동성당,70,30,40,0,5,4,16,16,29,0,2,3,8,9,8,0,3,1,8,7,21
20231,A,골목상권,3111018,풍납초등학교(풍납백제문화공원),26,23,3,0,1,5,10,6,4,0,1,4,8,6,4,0,0,1,2,0,0
20231,A,골목상권,3110542,마포구청역 7번,3997,2442,1555,16,527,714,775,1304,661,9,297,578,604,586,368,7,230,136,171,718,293
20231,A,골목상권,3111078,굽은다리역 4번,1753,1022,731,1,135,300,379,488,450,1,75,186,215,270,275,0,60,114,164,218,175
20231,A,골목상권,3111082,중앙보훈병원,64,44,20,0,3,9,11,23,18,0,1,3,5,18,17,0,2,6,6,5,1
20231,A,골목상권,3111086,한영중고,297,202,95,1,27,45,73,101,50,1,17,22,52,69,41,0,10,23,21,32,9
20231,A,골목상권,3111051,천호역 6번,394,242,152,2,65,77,85,88,77,1,44,54,54,47,42,1,21,23,31,41,35
20231,A,골목상권,3111064,둔촌동역 4번,157,98,59,0,13,34,47,40,23,0,3,21,30,28,16,0,10,13,17,12,7
20231,A,골목상권,3111070,천호초등학교,121,70,51,1,7,20,39,27,27,0,3,9,23,16,19,1,4,11,16,11,8
20231,A,골목상권,3111057,천호공원(해공체육문화센터),254,112,142,2,53,50,64,60,25,2,15,19,30,32,14,0,38,31,34,28,11
20231,D,발달상권,3120007,북촌(안국역),10443,8282,2161,8,1148,3636,3182,1964,505,5,644,2891,2647,1702,393,3,504,745,535,262,112
20231,A,골목상권,3110018,중앙고등학교,829,408,421,0,92,166,209,160,202,0,27,55,100,80,146,0,65,111,109,80,56
20231,A,골목상권,3110006,부암동주민센터,27,16,11,0,2,7,7,5,6,0,2,5,2,3,4,0,0,2,5,2,2
20231,A,골목상권,3110012,성곡미술관,1042,489,553,0,260,329,260,111,82,0,70,152,149,69,49,0,190,177,111,42,33
20231,D,발달상권,3120002,서촌(경복궁역),1989,1071,918,37,487,674,421,221,149,0,190,387,258,131,105,37,297,287,163,90,44
20231,D,발달상권,3120005,삼청동,3049,2795,254,1,399,709,898,817,225,0,340,633,848,776,198,1,59,76,50,41,27
20231,D,발달상권,3120013,이화사거리,7536,5468,2068,8,1300,2502,2063,1294,369,1,626,1730,1678,1171,262,7,674,772,385,123,107
20231,D,발달상권,3120006,종각역,33181,16028,17153,59,5900,11133,9928,5489,672,14,2254,4920,4677,3672,491,45,3646,6213,5251,1817,181
20231,A,골목상권,3110019,창덕궁,325,215,110,0,47,91,82,71,34,0,21,65,53,49,27,0,26,26,29,22,7
20231,R,전통시장,3130016,동대문상가B동,2,1,1,0,0,1,1,0,0,0,0,0,1,0,0,0,0,1,0,0,0
20231,R,전통시장,3130019,동대문상가D동,29,22,7,0,6,6,5,4,8,0,4,3,4,4,7,0,2,3,1,0,1
20231,R,전통시장,3130001,통인시장,63,31,32,0,4,16,12,13,18,0,2,4,7,7,11,0,2,12,5,6,7
20231,D,발달상권,3120037,동대문역사문화공원역,35317,17057,18260,421,11234,9194,6979,5237,2252,180,5605,5543,3901,1328,500,241,5629,3651,3078,3909,1752
20231,A,골목상권,3110052,장충초등학교,484,281,203,0,43,100,132,130,79,0,16,63,75,82,45,0,27,37,57,48,34
20231,D,발달상권,3120026,을지로입구역,30610,18501,12109,14,4275,11589,8473,5661,598,4,1729,5846,5959,4562,401,10,2546,5743,2514,1099,197
20231,A,골목상권,3110038,경향신문사,1096,759,337,0,195,395,283,181,42,0,63,266,227,165,38,0,132,129,56,16,4
20231,R,전통시장,3130035,방산종합시장(방산시장),1190,736,454,1,96,200,284,312,297,0,56,117,154,191,218,1,40,83,130,121,79
20231,R,전통시장,3130033,대림상가(청계상가),169,121,48,0,7,29,54,39,40,0,3,19,35,30,34,0,4,10,19,9,6
20231,R,전통시장,3130034,필동 골목형상점가,14,7,7,0,2,4,5,2,1,0,1,2,2,2,0,0,1,2,3,0,1
20231,D,발달상권,3120042,"숙대입구역(남영역, 남영동)",4057,2797,1260,20,750,1490,1024,558,215,8,370,894,831,510,184,12,380,596,193,48,31
20231,A,골목상권,3110092,NH농협은행 보광동지점,468,168,300,0,90,111,103,94,70,0,11,47,34,33,43,0,79,64,69,61,27
20231,A,골목상권,3110083,서빙고역 1번,149,109,40,0,26,53,42,14,14,0,13,42,29,12,13,0,13,11,13,2,1
20231,A,골목상권,3110060,효창공원앞역 6번,287,170,117,0,28,62,80,73,44,0,10,34,48,47,31,0,18,28,32,26,13
20231,A,골목상권,3110068,남영역 1번,1090,615,475,8,161,257,250,224,190,6,60,135,151,138,125,2,101,122,99,86,65
20231,R,전통시장,3130058,이촌종합시장,109,78,31,0,13,19,25,26,26,0,7,12,15,21,23,0,6,7,10,5,3
20231,A,골목상권,3110091,리움미술관,1106,810,296,0,216,345,343,155,47,0,117,236,293,128,36,0,99,109,50,27,11
20231,A,골목상권,3110061,효창동주민센터,478,306,172,1,61,91,154,113,58,1,38,53,100,67,47,0,23,38,54,46,11
20231,A,골목상권,3110122,마장역 2번,461,270,191,1,60,87,116,112,85,1,32,59,68,60,50,0,28,28,48,52,35
20231,R,전통시장,3130068,마장축산물시장,975,630,345,1,102,202,250,248,172,1,68,127,155,165,114,0,34,75,95,83,58
20231,A,골목상권,3110125,사근동살곶이상점가,135,83,52,2,25,39,35,21,13,2,13,21,24,13,10,0,12,18,11,8,3
20231,A,골목상권,3110147,능동우편취급국,815,464,351,4,120,172,160,137,222,2,56,88,104,77,137,2,64,84,56,60,85
20231,R,전통시장,3130070,뚝섬역상점가,1017,698,319,6,178,260,218,222,133,4,105,180,144,157,108,2,73,80,74,65,25
20231,R,전통시장,3130066,행당시장상점가,360,178,182,0,42,76,102,95,45,0,17,37,53,44,27,0,25,39,49,51,18
20231,A,골목상권,3110178,장로회신학대학교,165,108,57,0,21,38,33,47,26,0,13,31,16,34,14,0,8,7,17,13,12
20231,A,골목상권,3110154,광진정말공원,255,146,109,1,31,54,61,65,43,1,16,34,30,34,31,0,15,20,31,31,12
20231,A,골목상권,3110151,자양한강도서관,249,175,74,4,35,52,63,66,29,3,24,37,49,41,21,1,11,15,14,25,8
20231,R,전통시장,3130083,"중곡제일시장(중곡제일골목시장, 광성시장)",111,68,43,0,15,21,29,24,22,0,7,14,20,10,17,0,8,7,9,14,5
20231,A,골목상권,3110162,군자역 4번,618,370,248,0,127,163,133,111,84,0,98,119,77,43,33,0,29,44,56,68,51
20231,A,골목상권,3110171,중곡4동주민센터,59,36,23,0,4,8,7,22,18,0,1,2,3,15,15,0,3,6,4,7,3
20231,R,전통시장,3130079,한아름시장,40,29,11,0,5,6,6,10,13,0,4,4,5,6,10,0,1,2,1,4,3
20231,A,골목상권,3110217,자동차부품상가,506,391,115,1,34,105,144,124,98,1,25,88,116,84,77,0,9,17,28,40,21
20231,A,골목상권,3110225,촬영소사거리,330,204,126,0,22,36,68,83,121,0,9,25,42,55,73,0,13,11,26,28,48
20231,A,골목상권,3110218,답십리사거리,158,83,75,0,14,25,45,60,14,0,5,12,22,33,11,0,9,13,23,27,3
20231,A,골목상권,3110188,용두동신동아아파트,807,607,200,8,104,178,229,191,97,2,68,150,181,132,74,6,36,28,48,59,23
20231,A,골목상권,3110184,용두사거리,398,205,193,0,77,135,72,64,50,0,37,51,33,45,39,0,40,84,39,19,11
20231,A,골목상권,3110213,청량초등학교,124,81,43,0,19,57,17,15,16,0,7,41,13,7,13,0,12,16,4,8,3
20231,A,골목상권,3110220,외대앞역 1번,193,111,82,0,28,37,54,47,27,0,7,18,33,34,19,0,21,19,21,13,8
20231,A,골목상권,3110230,장안현대홈타운1차아파트,161,101,60,0,15,32,52,45,17,0,6,22,33,28,12,0,9,10,19,17,5
20231,A,골목상권,3110216,전농중학교,208,68,140,1,32,48,62,50,15,1,11,14,18,18,6,0,21,34,44,32,9
20231,R,전통시장,3130091,청량종합도매시장,36,27,9,0,1,3,11,14,7,0,0,3,8,10,6,0,1,0,3,4,1
20231,A,골목상권,3110275,하나은행 망우동지점,63,33,30,0,4,9,19,16,15,0,3,6,9,5,10,0,1,3,10,11,5
20231,R,전통시장,3130112,사가정시장,86,28,58,0,13,17,24,19,13,0,0,3,6,8,11,0,13,14,18,11,2
20231,R,전통시장,3130109,묵1동도깨비시장,47,33,14,0,2,9,16,9,11,0,1,5,13,5,9,0,1,4,3,4,2
20231,R,전통시장,3130107,중랑동부시장(중랑교종합상가),13,3,10,0,0,1,4,5,3,0,0,0,0,1,2,0,0,1,4,4,1
20231,A,골목상권,3110276,신내IC북측,29,18,11,0,1,4,8,9,7,0,0,3,5,6,4,0,1,1,3,3,3
20231,A,골목상권,3110240,태릉시장 특화거리,97,39,58,2,20,13,28,16,18,1,3,8,7,8,12,1,17,5,21,8,6
20231,A,골목상권,3110299,정릉역 1번,372,241,131,1,33,49,83,95,111,0,9,12,40,74,106,1,24,37,43,21,5
20231,A,골목상권,3110302,보문역 8번,3797,3177,620,1,364,1434,710,823,465,1,252,1274,656,702,292,0,112,160,54,121,173
20231,A,골목상권,3110333,돌곶이역 5번,988,746,242,0,15,23,38,74,838,0,2,13,20,42,669,0,13,10,18,32,169
20231,D,발달상권,3120074,안암역,59,28,31,1,12,16,12,8,10,0,5,9,7,2,5,1,7,7,5,6,5
20231,R,전통시장,3130125,장위전통시장,40,20,20,0,5,6,7,8,14,0,0,2,5,5,8,0,5,4,2,3,6
20231,A,골목상권,3110295,정릉우체국,679,248,431,0,166,178,163,119,53,0,36,67,49,52,44,0,130,111,114,67,9
20231,A,골목상권,3110290,북한산보국문역 1번,96,78,18,0,2,9,29,37,19,0,1,8,23,30,16,0,1,1,6,7,3
20231,A,골목상권,3110284,정릉북한산국립공원입구,562,506,56,0,5,59,181,229,88,0,4,49,161,211,81,0,1,10,20,18,7
20231,A,골목상권,3110315,종암아이파크2차,124,78,46,0,11,17,41,38,17,0,4,9,27,25,13,0,7,8,14,13,4
20231,A,골목상권,3110311,종암아이파크2차후문,18,9,9,0,0,2,8,3,5,0,0,1,3,1,4,0,0,1,5,2,1
20231,D,발달상권,3120077,미아역,218,97,121,0,32,37,52,64,33,0,11,8,18,38,22,0,21,29,34,26,11
20231,A,골목상권,3110355,삼양사거리역 2번,306,254,52,0,8,26,44,103,125,0,1,10,31,94,118,0,7,16,13,9,7
20231,R,전통시장,3130135,수유중앙골목시장(수유중앙시장),24,12,12,0,0,3,4,5,12,0,0,2,2,0,8,0,0,1,2,5,4
20231,A,골목상권,3110372,강북중학교,188,100,88,0,21,43,50,48,26,0,17,25,18,20,20,0,4,18,32,28,6
20231,R,전통시장,3130129,장미원골목시장,911,571,340,0,15,14,38,89,755,0,1,4,12,40,514,0,14,10,26,49,241
20231,R,전통시장,3130130,수유북부골목시장,20,14,6,0,1,1,7,5,6,0,0,0,6,3,5,0,1,1,1,2,1
20231,A,골목상권,3110405,방학역 1번,1123,365,758,3,130,176,308,427,79,3,67,109,82,70,34,0,63,67,226,357,45
20231,R,전통시장,3130151,신도봉시장,5,5,0,0,1,0,2,2,0,0,1,0,2,2,0,0,0,0,0,0,0
20231,A,골목상권,3110407,도봉역 2번,560,337,223,1,32,75,115,203,134,1,8,40,57,126,105,0,24,35,58,77,29
20231,R,전통시장,3130152,오!도봉거리 상점가,42,17,25,0,4,14,15,6,3,0,0,5,7,4,1,0,4,9,8,2,2
20231,A,골목상권,3110412,창동중학교,25,23,2,0,4,7,3,4,7,0,3,7,3,3,7,0,1,0,0,1,0
20231,R,전통시장,3130148,방학동도깨비시장,39,16,23,0,2,6,12,12,7,0,0,1,5,8,2,0,2,5,7,4,5
20231,A,골목상권,3110394,방학중학교,214,133,81,0,19,35,50,54,56,0,12,20,26,35,40,0,7,15,24,19,16
20231,A,골목상권,3110384,문이교,261,139,122,0,38,20,56,85,62,0,12,8,21,51,47,0,26,12,35,34,15
20231,A,골목상권,3110709,구로119안전센터,185,108,77,0,19,22,56,51,37,0,14,13,36,29,16,0,5,9,20,22,21
20231,A,골목상권,3110388,도봉우체국,35,23,12,0,4,3,10,14,4,0,2,2,7,8,4,0,2,1,3,6,0
20231,A,골목상권,3110442,화랑대철도공원,76,20,56,0,1,4,14,49,8,0,0,2,4,10,4,0,1,2,10,39,4
20231,A,골목상권,3110424,상계초등학교,388,157,231,2,42,50,96,106,92,2,18,32,32,42,31,0,24,18,64,64,61
20231,A,골목상권,3110437,당고개역 2번,116,40,76,0,16,23,25,41,11,0,5,11,9,10,5,0,11,12,16,31,6
20231,A,골목상권,3110439,당고개역 5번,96,45,51,0,4,14,12,32,34,0,0,10,6,16,13,0,4,4,6,16,21
20231,A,골목상권,3110440,상계3동4동주민센터,49,16,33,0,8,6,15,10,10,0,1,1,4,2,8,0,7,5,11,8,2
20231,A,골목상권,3110420,광운대역 1번,796,472,324,7,233,310,184,40,22,0,114,234,89,21,14,7,119,76,95,19,8
20231,A,골목상권,3110431,상계역,124,72,52,1,16,24,28,37,18,0,2,13,17,27,13,1,14,11,11,10,5
20231,A,골목상권,3110467,은평요양병원,487,284,203,3,90,154,110,68,62,2,46,100,61,37,38,1,44,54,49,31,24
20231,A,골목상권,3110454,선정중학교,481,268,213,3,56,71,142,108,101,2,42,35,53,66,70,1,14,36,89,42,31
20231,A,골목상권,3110447,구산초등학교,48,43,5,0,5,15,10,5,13,0,4,15,8,5,11,0,1,0,2,0,2
20231,A,골목상권,3110453,신사1동주민센터,515,288,227,0,43,81,121,155,115,0,20,25,65,85,93,0,23,56,56,70,22
20231,A,골목상권,3110448,상신초등학교입구,120,76,44,1,20,27,26,26,20,1,17,17,12,14,15,0,3,10,14,12,5
20231,A,골목상권,3110466,구산역 2번,87,46,41,0,12,17,26,24,8,0,4,5,16,15,6,0,8,12,10,9,2
20231,R,전통시장,3130166,응암시장(신응암시장),17,10,7,0,0,3,2,5,7,0,0,0,1,3,6,0,0,3,1,2,1
20231,A,골목상권,3110498,증산역 1번,222,102,120,0,15,32,75,68,32,0,7,9,31,32,23,0,8,23,44,36,9
20231,A,골목상권,3110444,수색성당,157,57,100,0,17,39,47,45,9,0,6,14,14,16,7,0,11,25,33,29,2
20231,R,전통시장,3130162,증산골목시장,7,3,4,0,0,2,2,1,2,0,0,0,0,1,2,0,0,2,2,0,0
20231,A,골목상권,3110496,모래내우체국,611,333,278,2,88,190,160,89,82,2,20,100,117,42,52,0,68,90,43,47,30
20231,R,전통시장,3130181,아현가구거리상점가,59,30,29,0,8,11,13,10,17,0,0,7,9,4,10,0,8,4,4,6,7
20231,A,골목상권,3110506,연희임광아파트,110,66,44,0,5,12,39,29,25,0,1,8,20,19,18,0,4,4,19,10,7
20231,A,골목상권,3110505,홍남교남측,14,9,5,0,1,0,3,7,3,0,0,0,2,5,2,0,1,0,1,2,1
20233,A,골목상권,3110974,언주중학교,278,168,110,3,58,66,85,43,23,3,25,39,59,27,15,0,33,27,26,16,8
20233,D,발달상권,3120223,휘문고교사거리,9166,5574,3592,20,1785,2926,2736,1401,298,4,1102,2061,1597,609,201,16,683,865,1139,792,97
20233,A,골목상권,3110975,매봉역 1번,10837,6932,3905,34,2175,2199,3202,3019,208,21,1010,1161,2184,2402,154,13,1165,1038,1018,617,54
20233,A,골목상권,3110978,도곡2동주민센터(대치중학교),331,186,145,0,46,70,72,114,29,0,20,41,47,62,16,0,26,29,25,52,13
20233,D,발달상권,3120188,압구정역,8579,3750,4829,134,2204,2146,1550,1314,1231,47,698,969,897,556,583,87,1506,1177,653,758,648
20233,D,발달상권,3120202,압구정로데오역(압구정로데오),11735,6075,5660,41,2963,4419,2469,1425,418,11,793,2184,1593,1195,299,30,2170,2235,876,230,119
20233,A,골목상권,3110971,선정릉역 4번,1542,900,642,11,278,455,380,254,164,6,140,270,245,120,119,5,138,185,135,134,45
20233,D,발달상권,3120239,오금역,4595,2925,1670,17,840,1205,1156,897,480,11,447,798,824,483,362,6,393,407,332,414,118
20233,D,발달상권,3120241,거여역,1197,650,547,5,110,221,296,277,288,2,80,152,161,83,172,3,30,69,135,194,116
20233,A,골목상권,3111026,문정역 2번,2257,1479,778,7,430,626,537,409,248,3,235,420,381,229,211,4,195,206,156,180,37
20233,A,골목상권,3111017,송파나루역 3번,272,183,89,0,40,62,62,63,45,0,14,42,42,45,40,0,26,20,20,18,5
20233,A,골목상권,3111010,석촌역 7번,1512,1031,481,3,181,309,376,339,304,1,98,190,261,234,247,2,83,119,115,105,57
20233,A,골목상권,3111040,거여초등학교,346,137,209,0,26,86,124,77,33,0,9,27,48,30,23,0,17,59,76,47,10
20233,A,골목상권,3111034,오동나무공원(송파레미니스1단지),1465,1038,427,3,253,373,355,322,159,3,163,257,267,226,122,0,90,116,88,96,37
20233,A,골목상권,3111030,방이역 2번,665,419,246,1,57,107,147,217,136,0,28,68,94,128,101,1,29,39,53,89,35
20233,D,발달상권,3120225,잠실새내역(신천),5597,3589,2008,25,909,1191,1223,1162,1087,3,464,712,794,811,805,22,445,479,429,351,282
20233,A,골목상권,3111085,묘곡초등학교(고덕아이파크아파트),800,452,348,0,68,111,152,196,273,0,35,72,80,84,181,0,33,39,72,112,92
20233,A,골목상권,3111077,길동주민센터(강동도서관),1272,737,535,4,121,258,294,321,274,1,49,138,167,188,194,3,72,120,127,133,80
20233,R,전통시장,3130324,길동복조리시장,154,85,69,3,27,32,47,40,5,2,13,18,31,19,2,1,14,14,16,21,3
20233,D,발달상권,3120245,둔촌역,1884,1135,749,7,312,460,446,371,288,6,169,309,271,195,185,1,143,151,175,176,103
20231,D,발달상권,3120098,DMC(디지털미디어시티),8846,5391,3455,19,1691,3228,2856,875,177,11,813,1995,1821,616,135,8,878,1233,1035,259,42
20231,A,골목상권,3110561,상수역 4번,395,247,148,4,59,102,94,89,47,2,21,56,64,68,36,2,38,46,30,21,11
20231,R,전통시장,3130191,홍대 걷고싶은 거리,367,225,142,6,65,65,81,82,68,4,40,41,54,47,39,2,25,24,27,35,29
20231,A,골목상권,3110552,성미산체육관,637,465,172,1,110,159,145,158,64,0,72,120,98,128,47,1,38,39,47,30,17
20231,A,골목상권,3110553,가좌역 2번,281,167,114,0,26,51,79,81,44,0,16,28,44,43,36,0,10,23,35,38,8
20231,A,골목상권,3110570,KB국민은행 서강지점,61,39,22,0,4,22,18,12,5,0,4,13,10,7,5,0,0,9,8,5,0
20231,R,전통시장,3130193,신수시장,34,19,15,0,4,7,12,5,6,0,1,5,5,4,4,0,3,2,7,1,2
20231,A,골목상권,3110624,목동문화체육센터,379,232,147,0,93,117,75,63,31,0,40,79,46,48,19,0,53,38,29,15,12
20231,A,골목상권,3110626,양화초등학교,652,271,381,1,127,138,149,147,90,0,37,57,76,63,38,1,90,81,73,84,52
20231,A,골목상권,3110620,목동보건지소,458,241,217,4,51,85,105,125,88,4,20,48,50,65,54,0,31,37,55,60,34
20231,D,발달상권,3120111,목동사거리,1828,710,1118,1,551,601,341,219,115,0,101,248,161,116,84,1,450,353,180,103,31
20231,R,전통시장,3130202,신영시장,40,13,27,0,3,4,13,16,4,0,2,0,3,6,2,0,1,4,10,10,2
20231,A,골목상권,3110606,신한은행 신월동지점,544,307,237,1,49,83,152,152,107,1,26,44,84,72,80,0,23,39,68,80,27
20231,A,골목상권,3110613,신정네거리역 4번,80,20,60,0,8,25,24,19,4,0,2,6,7,4,1,0,6,19,17,15,3
20231,A,골목상권,3110657,양천향교역 5번,3180,2118,1062,12,334,603,741,695,795,8,191,396,493,385,645,4,143,207,248,310,150
20231,A,골목상권,3110648,양천향교역 7번,13,5,8,0,1,7,1,3,1,0,0,3,1,1,0,0,1,4,0,2,1
20231,A,골목상권,3110671,등촌1동주민센터,4521,2889,1632,8,1208,1381,956,636,332,2,375,916,788,522,286,6,833,465,168,114,46
20231,R,전통시장,3130214,송화벽화시장(송화골목시장),119,44,75,2,23,18,25,33,18,0,6,7,9,13,9,2,17,11,16,20,9
20231,A,골목상권,3110668,화곡2동주민센터,471,278,193,0,55,70,139,127,80,0,22,33,81,77,65,0,33,37,58,50,15
20214,D,발달상권,3120007,북촌(안국역),10443,8282,2161,8,1148,3636,3182,1964,505,5,644,2891,2647,1702,393,3,504,745,535,262,112
20214,A,골목상권,3110018,중앙고등학교,829,408,421,0,92,166,209,160,202,0,27,55,100,80,146,0,65,111,109,80,56
20231,A,골목상권,3110646,푸른들청소년도서관,754,384,370,1,92,113,198,187,163,1,26,47,97,99,114,0,66,66,101,88,49
20214,A,골목상권,3110006,부암동주민센터,27,16,11,0,2,7,7,5,6,0,2,5,2,3,4,0,0,2,5,2,2
20214,A,골목상권,3110012,성곡미술관,1042,489,553,0,260,329,260,111,82,0,70,152,149,69,49,0,190,177,111,42,33
20214,D,발달상권,3120002,서촌(경복궁역),1989,1071,918,37,487,674,421,221,149,0,190,387,258,131,105,37,297,287,163,90,44
20214,D,발달상권,3120005,삼청동,3049,2795,254,1,399,709,898,817,225,0,340,633,848,776,198,1,59,76,50,41,27
20214,D,발달상권,3120013,이화사거리,7536,5468,2068,8,1300,2502,2063,1294,369,1,626,1730,1678,1171,262,7,674,772,385,123,107
20214,D,발달상권,3120006,종각역,33181,16028,17153,59,5900,11133,9928,5489,672,14,2254,4920,4677,3672,491,45,3646,6213,5251,1817,181
20214,A,골목상권,3110019,창덕궁,325,215,110,0,47,91,82,71,34,0,21,65,53,49,27,0,26,26,29,22,7
20214,R,전통시장,3130016,동대문상가B동,2,1,1,0,0,1,1,0,0,0,0,0,1,0,0,0,0,1,0,0,0
20214,R,전통시장,3130019,동대문상가D동,29,22,7,0,6,6,5,4,8,0,4,3,4,4,7,0,2,3,1,0,1
20214,R,전통시장,3130001,통인시장,63,31,32,0,4,16,12,13,18,0,2,4,7,7,11,0,2,12,5,6,7
20214,D,발달상권,3120037,동대문역사문화공원역,35317,17057,18260,421,11234,9194,6979,5237,2252,180,5605,5543,3901,1328,500,241,5629,3651,3078,3909,1752
20214,A,골목상권,3110052,장충초등학교,484,281,203,0,43,100,132,130,79,0,16,63,75,82,45,0,27,37,57,48,34
20214,D,발달상권,3120026,을지로입구역,30610,18501,12109,14,4275,11589,8473,5661,598,4,1729,5846,5959,4562,401,10,2546,5743,2514,1099,197
20214,A,골목상권,3110038,경향신문사,1096,759,337,0,195,395,283,181,42,0,63,266,227,165,38,0,132,129,56,16,4
20214,R,전통시장,3130035,방산종합시장(방산시장),1190,736,454,1,96,200,284,312,297,0,56,117,154,191,218,1,40,83,130,121,79
20214,R,전통시장,3130033,대림상가(청계상가),169,121,48,0,7,29,54,39,40,0,3,19,35,30,34,0,4,10,19,9,6
20214,R,전통시장,3130034,필동 골목형상점가,14,7,7,0,2,4,5,2,1,0,1,2,2,2,0,0,1,2,3,0,1
20214,D,발달상권,3120042,"숙대입구역(남영역, 남영동)",4057,2797,1260,20,750,1490,1024,558,215,8,370,894,831,510,184,12,380,596,193,48,31
20214,A,골목상권,3110092,NH농협은행 보광동지점,468,168,300,0,90,111,103,94,70,0,11,47,34,33,43,0,79,64,69,61,27
20214,A,골목상권,3110083,서빙고역 1번,149,109,40,0,26,53,42,14,14,0,13,42,29,12,13,0,13,11,13,2,1
20214,A,골목상권,3110060,효창공원앞역 6번,287,170,117,0,28,62,80,73,44,0,10,34,48,47,31,0,18,28,32,26,13
20214,A,골목상권,3110068,남영역 1번,1090,615,475,8,161,257,250,224,190,6,60,135,151,138,125,2,101,122,99,86,65
20214,R,전통시장,3130058,이촌종합시장,109,78,31,0,13,19,25,26,26,0,7,12,15,21,23,0,6,7,10,5,3
20214,A,골목상권,3110091,리움미술관,1106,810,296,0,216,345,343,155,47,0,117,236,293,128,36,0,99,109,50,27,11
20214,A,골목상권,3110061,효창동주민센터,478,306,172,1,61,91,154,113,58,1,38,53,100,67,47,0,23,38,54,46,11
20214,A,골목상권,3110122,마장역 2번,461,270,191,1,60,87,116,112,85,1,32,59,68,60,50,0,28,28,48,52,35
20214,R,전통시장,3130068,마장축산물시장,975,630,345,1,102,202,250,248,172,1,68,127,155,165,114,0,34,75,95,83,58
20214,A,골목상권,3110125,사근동살곶이상점가,135,83,52,2,25,39,35,21,13,2,13,21,24,13,10,0,12,18,11,8,3
20214,R,전통시장,3130070,뚝섬역상점가,1017,698,319,6,178,260,218,222,133,4,105,180,144,157,108,2,73,80,74,65,25
20214,R,전통시장,3130066,행당시장상점가,360,178,182,0,42,76,102,95,45,0,17,37,53,44,27,0,25,39,49,51,18
20214,A,골목상권,3110178,장로회신학대학교,165,108,57,0,21,38,33,47,26,0,13,31,16,34,14,0,8,7,17,13,12
20214,A,골목상권,3110147,능동우편취급국,815,464,351,4,120,172,160,137,222,2,56,88,104,77,137,2,64,84,56,60,85
20214,A,골목상권,3110154,광진정말공원,255,146,109,1,31,54,61,65,43,1,16,34,30,34,31,0,15,20,31,31,12
20214,A,골목상권,3110151,자양한강도서관,249,175,74,4,35,52,63,66,29,3,24,37,49,41,21,1,11,15,14,25,8
20214,R,전통시장,3130083,"중곡제일시장(중곡제일골목시장, 광성시장)",111,68,43,0,15,21,29,24,22,0,7,14,20,10,17,0,8,7,9,14,5
20214,A,골목상권,3110162,군자역 4번,618,370,248,0,127,163,133,111,84,0,98,119,77,43,33,0,29,44,56,68,51
20214,A,골목상권,3110171,중곡4동주민센터,59,36,23,0,4,8,7,22,18,0,1,2,3,15,15,0,3,6,4,7,3
20214,R,전통시장,3130079,한아름시장,40,29,11,0,5,6,6,10,13,0,4,4,5,6,10,0,1,2,1,4,3
20214,A,골목상권,3110217,자동차부품상가,506,391,115,1,34,105,144,124,98,1,25,88,116,84,77,0,9,17,28,40,21
20214,A,골목상권,3110225,촬영소사거리,330,204,126,0,22,36,68,83,121,0,9,25,42,55,73,0,13,11,26,28,48
20214,A,골목상권,3110218,답십리사거리,158,83,75,0,14,25,45,60,14,0,5,12,22,33,11,0,9,13,23,27,3
20214,A,골목상권,3110188,용두동신동아아파트,807,607,200,8,104,178,229,191,97,2,68,150,181,132,74,6,36,28,48,59,23
20214,A,골목상권,3110184,용두사거리,398,205,193,0,77,135,72,64,50,0,37,51,33,45,39,0,40,84,39,19,11
20214,A,골목상권,3110213,청량초등학교,124,81,43,0,19,57,17,15,16,0,7,41,13,7,13,0,12,16,4,8,3
20214,A,골목상권,3110220,외대앞역 1번,193,111,82,0,28,37,54,47,27,0,7,18,33,34,19,0,21,19,21,13,8
20214,A,골목상권,3110230,장안현대홈타운1차아파트,161,101,60,0,15,32,52,45,17,0,6,22,33,28,12,0,9,10,19,17,5
20214,A,골목상권,3110216,전농중학교,208,68,140,1,32,48,62,50,15,1,11,14,18,18,6,0,21,34,44,32,9
20214,R,전통시장,3130091,청량종합도매시장,36,27,9,0,1,3,11,14,7,0,0,3,8,10,6,0,1,0,3,4,1
20214,A,골목상권,3110275,하나은행 망우동지점,63,33,30,0,4,9,19,16,15,0,3,6,9,5,10,0,1,3,10,11,5
20214,R,전통시장,3130112,사가정시장,86,28,58,0,13,17,24,19,13,0,0,3,6,8,11,0,13,14,18,11,2
20214,R,전통시장,3130109,묵1동도깨비시장,47,33,14,0,2,9,16,9,11,0,1,5,13,5,9,0,1,4,3,4,2
20214,R,전통시장,3130107,중랑동부시장(중랑교종합상가),13,3,10,0,0,1,4,5,3,0,0,0,0,1,2,0,0,1,4,4,1
20214,A,골목상권,3110276,신내IC북측,29,18,11,0,1,4,8,9,7,0,0,3,5,6,4,0,1,1,3,3,3
20214,A,골목상권,3110240,태릉시장 특화거리,97,39,58,2,20,13,28,16,18,1,3,8,7,8,12,1,17,5,21,8,6
20214,A,골목상권,3110299,정릉역 1번,372,241,131,1,33,49,83,95,111,0,9,12,40,74,106,1,24,37,43,21,5
20214,A,골목상권,3110302,보문역 8번,3797,3177,620,1,364,1434,710,823,465,1,252,1274,656,702,292,0,112,160,54,121,173
20214,A,골목상권,3110333,돌곶이역 5번,988,746,242,0,15,23,38,74,838,0,2,13,20,42,669,0,13,10,18,32,169
20214,D,발달상권,3120074,안암역,59,28,31,1,12,16,12,8,10,0,5,9,7,2,5,1,7,7,5,6,5
20214,R,전통시장,3130125,장위전통시장,40,20,20,0,5,6,7,8,14,0,0,2,5,5,8,0,5,4,2,3,6
20214,A,골목상권,3110295,정릉우체국,679,248,431,0,166,178,163,119,53,0,36,67,49,52,44,0,130,111,114,67,9
20214,A,골목상권,3110290,북한산보국문역 1번,96,78,18,0,2,9,29,37,19,0,1,8,23,30,16,0,1,1,6,7,3
20214,A,골목상권,3110284,정릉북한산국립공원입구,562,506,56,0,5,59,181,229,88,0,4,49,161,211,81,0,1,10,20,18,7
20214,A,골목상권,3110315,종암아이파크2차,124,78,46,0,11,17,41,38,17,0,4,9,27,25,13,0,7,8,14,13,4
20214,A,골목상권,3110311,종암아이파크2차후문,18,9,9,0,0,2,8,3,5,0,0,1,3,1,4,0,0,1,5,2,1
20214,D,발달상권,3120077,미아역,218,97,121,0,32,37,52,64,33,0,11,8,18,38,22,0,21,29,34,26,11
20214,A,골목상권,3110355,삼양사거리역 2번,306,254,52,0,8,26,44,103,125,0,1,10,31,94,118,0,7,16,13,9,7
20214,R,전통시장,3130135,수유중앙골목시장(수유중앙시장),24,12,12,0,0,3,4,5,12,0,0,2,2,0,8,0,0,1,2,5,4
20214,A,골목상권,3110372,강북중학교,188,100,88,0,21,43,50,48,26,0,17,25,18,20,20,0,4,18,32,28,6
20214,R,전통시장,3130129,장미원골목시장,911,571,340,0,15,14,38,89,755,0,1,4,12,40,514,0,14,10,26,49,241
20214,R,전통시장,3130130,수유북부골목시장,20,14,6,0,1,1,7,5,6,0,0,0,6,3,5,0,1,1,1,2,1
20214,A,골목상권,3110405,방학역 1번,1123,365,758,3,130,176,308,427,79,3,67,109,82,70,34,0,63,67,226,357,45
20214,R,전통시장,3130151,신도봉시장,5,5,0,0,1,0,2,2,0,0,1,0,2,2,0,0,0,0,0,0,0
20214,A,골목상권,3110407,도봉역 2번,560,337,223,1,32,75,115,203,134,1,8,40,57,126,105,0,24,35,58,77,29
20214,R,전통시장,3130152,오!도봉거리 상점가,42,17,25,0,4,14,15,6,3,0,0,5,7,4,1,0,4,9,8,2,2
20214,A,골목상권,3110412,창동중학교,25,23,2,0,4,7,3,4,7,0,3,7,3,3,7,0,1,0,0,1,0
20214,R,전통시장,3130148,방학동도깨비시장,39,16,23,0,2,6,12,12,7,0,0,1,5,8,2,0,2,5,7,4,5
20214,A,골목상권,3110394,방학중학교,214,133,81,0,19,35,50,54,56,0,12,20,26,35,40,0,7,15,24,19,16
20214,A,골목상권,3110384,문이교,261,139,122,0,38,20,56,85,62,0,12,8,21,51,47,0,26,12,35,34,15
20214,A,골목상권,3110388,도봉우체국,35,23,12,0,4,3,10,14,4,0,2,2,7,8,4,0,2,1,3,6,0
20214,A,골목상권,3110442,화랑대철도공원,76,20,56,0,1,4,14,49,8,0,0,2,4,10,4,0,1,2,10,39,4
20214,A,골목상권,3110424,상계초등학교,388,157,231,2,42,50,96,106,92,2,18,32,32,42,31,0,24,18,64,64,61
20214,A,골목상권,3110437,당고개역 2번,116,40,76,0,16,23,25,41,11,0,5,11,9,10,5,0,11,12,16,31,6
20214,A,골목상권,3110439,당고개역 5번,96,45,51,0,4,14,12,32,34,0,0,10,6,16,13,0,4,4,6,16,21
20214,A,골목상권,3110440,상계3동4동주민센터,49,16,33,0,8,6,15,10,10,0,1,1,4,2,8,0,7,5,11,8,2
20214,A,골목상권,3110420,광운대역 1번,796,472,324,7,233,310,184,40,22,0,114,234,89,21,14,7,119,76,95,19,8
20214,A,골목상권,3110431,상계역,124,72,52,1,16,24,28,37,18,0,2,13,17,27,13,1,14,11,11,10,5
20214,A,골목상권,3110467,은평요양병원,487,284,203,3,90,154,110,68,62,2,46,100,61,37,38,1,44,54,49,31,24
20214,A,골목상권,3110454,선정중학교,481,268,213,3,56,71,142,108,101,2,42,35,53,66,70,1,14,36,89,42,31
20214,A,골목상권,3110447,구산초등학교,48,43,5,0,5,15,10,5,13,0,4,15,8,5,11,0,1,0,2,0,2
20214,A,골목상권,3110453,신사1동주민센터,515,288,227,0,43,81,121,155,115,0,20,25,65,85,93,0,23,56,56,70,22
20214,A,골목상권,3110448,상신초등학교입구,120,76,44,1,20,27,26,26,20,1,17,17,12,14,15,0,3,10,14,12,5
20214,A,골목상권,3110466,구산역 2번,87,46,41,0,12,17,26,24,8,0,4,5,16,15,6,0,8,12,10,9,2
20214,R,전통시장,3130166,응암시장(신응암시장),17,10,7,0,0,3,2,5,7,0,0,0,1,3,6,0,0,3,1,2,1
20214,A,골목상권,3110498,증산역 1번,222,102,120,0,15,32,75,68,32,0,7,9,31,32,23,0,8,23,44,36,9
20214,A,골목상권,3110444,수색성당,157,57,100,0,17,39,47,45,9,0,6,14,14,16,7,0,11,25,33,29,2
20214,R,전통시장,3130162,증산골목시장,7,3,4,0,0,2,2,1,2,0,0,0,0,1,2,0,0,2,2,0,0
20214,A,골목상권,3110496,모래내우체국,611,333,278,2,88,190,160,89,82,2,20,100,117,42,52,0,68,90,43,47,30
20214,R,전통시장,3130181,아현가구거리상점가,59,30,29,0,8,11,13,10,17,0,0,7,9,4,10,0,8,4,4,6,7
20214,A,골목상권,3110506,연희임광아파트,110,66,44,0,5,12,39,29,25,0,1,8,20,19,18,0,4,4,19,10,7
20214,A,골목상권,3110505,홍남교남측,14,9,5,0,1,0,3,7,3,0,0,0,2,5,2,0,1,0,1,2,1
20214,A,골목상권,3110510,홍연시장,100,59,41,0,10,14,33,27,16,0,5,6,22,14,12,0,5,8,11,13,4
20214,R,전통시장,3130180,포방터시장,59,34,25,0,13,11,15,6,14,0,4,4,11,5,10,0,9,7,4,1,4
20214,A,골목상권,3110521,홍제역 4번,63,36,27,0,4,7,19,17,16,0,0,4,10,9,13,0,4,3,9,8,3
20214,A,골목상권,3110529,홍제3동주민센터,125,58,67,0,13,20,27,25,40,0,2,5,8,14,29,0,11,15,19,11,11
20214,R,전통시장,3130177,인왕시장(홍제골목형상점가),44,7,37,0,1,1,8,7,27,0,0,0,1,3,3,0,1,1,7,4,24
20214,A,골목상권,3110589,애오개역 3번,46,13,33,0,3,3,15,11,14,0,0,1,4,6,2,0,3,2,11,5,12
20214,R,전통시장,3130195,도화동 상점가,1040,502,538,2,201,267,226,153,191,1,86,132,121,88,74,1,115,135,105,65,117
20214,R,전통시장,3130186,망원시장,143,53,90,0,9,23,40,41,30,0,6,11,14,10,12,0,3,12,26,31,18
20214,A,골목상권,3110542,마포구청역 7번,3997,2442,1555,16,527,714,775,1304,661,9,297,578,604,586,368,7,230,136,171,718,293
20214,D,발달상권,3120098,DMC(디지털미디어시티),8846,5391,3455,19,1691,3228,2856,875,177,11,813,1995,1821,616,135,8,878,1233,1035,259,42
20214,A,골목상권,3110561,상수역 4번,395,247,148,4,59,102,94,89,47,2,21,56,64,68,36,2,38,46,30,21,11
20214,R,전통시장,3130191,홍대 걷고싶은 거리,367,225,142,6,65,65,81,82,68,4,40,41,54,47,39,2,25,24,27,35,29
20214,A,골목상권,3110552,성미산체육관,637,465,172,1,110,159,145,158,64,0,72,120,98,128,47,1,38,39,47,30,17
20214,A,골목상권,3110553,가좌역 2번,281,167,114,0,26,51,79,81,44,0,16,28,44,43,36,0,10,23,35,38,8
20214,A,골목상권,3110570,KB국민은행 서강지점,61,39,22,0,4,22,18,12,5,0,4,13,10,7,5,0,0,9,8,5,0
20214,R,전통시장,3130193,신수시장,34,19,15,0,4,7,12,5,6,0,1,5,5,4,4,0,3,2,7,1,2
20214,A,골목상권,3110624,목동문화체육센터,379,232,147,0,93,117,75,63,31,0,40,79,46,48,19,0,53,38,29,15,12
20214,A,골목상권,3110626,양화초등학교,652,271,381,1,127,138,149,147,90,0,37,57,76,63,38,1,90,81,73,84,52
20214,A,골목상권,3110620,목동보건지소,458,241,217,4,51,85,105,125,88,4,20,48,50,65,54,0,31,37,55,60,34
20214,D,발달상권,3120111,목동사거리,1828,710,1118,1,551,601,341,219,115,0,101,248,161,116,84,1,450,353,180,103,31
20214,R,전통시장,3130202,신영시장,40,13,27,0,3,4,13,16,4,0,2,0,3,6,2,0,1,4,10,10,2
20214,R,전통시장,3130201,월정로시장,27,17,10,0,2,8,10,7,0,0,0,7,6,4,0,0,2,1,4,3,0
20214,A,골목상권,3110606,신한은행 신월동지점,544,307,237,1,49,83,152,152,107,1,26,44,84,72,80,0,23,39,68,80,27
20214,A,골목상권,3110613,신정네거리역 4번,80,20,60,0,8,25,24,19,4,0,2,6,7,4,1,0,6,19,17,15,3
20214,A,골목상권,3110657,양천향교역 5번,3180,2118,1062,12,334,603,741,695,795,8,191,396,493,385,645,4,143,207,248,310,150
20214,A,골목상권,3110648,양천향교역 7번,13,5,8,0,1,7,1,3,1,0,0,3,1,1,0,0,1,4,0,2,1
20214,A,골목상권,3110671,등촌1동주민센터,4521,2889,1632,8,1208,1381,956,636,332,2,375,916,788,522,286,6,833,465,168,114,46
20214,R,전통시장,3130214,송화벽화시장(송화골목시장),119,44,75,2,23,18,25,33,18,0,6,7,9,13,9,2,17,11,16,20,9
20214,A,골목상권,3110668,화곡2동주민센터,471,278,193,0,55,70,139,127,80,0,22,33,81,77,65,0,33,37,58,50,15
20214,A,골목상권,3110646,푸른들청소년도서관,754,384,370,1,92,113,198,187,163,1,26,47,97,99,114,0,66,66,101,88,49
20214,R,전통시장,3130221,"남부골목시장(남부화곡시장, 남부시장)",188,69,119,0,22,32,50,57,27,0,5,5,15,22,22,0,17,27,35,35,5
20214,A,골목상권,3110658,화곡초등학교,253,153,100,0,21,55,62,69,46,0,10,35,36,44,28,0,11,20,26,25,18
20214,A,골목상권,3110721,가리봉파출소,215,104,111,1,6,36,42,42,88,0,2,19,17,22,44,1,4,17,25,20,44
20214,A,골목상권,3110703,개봉역,307,192,115,4,28,54,91,77,53,3,16,30,54,49,40,1,12,24,37,28,13
20214,A,골목상권,3110706,그라운드 고척,410,100,310,0,122,101,101,68,18,0,22,20,28,20,10,0,100,81,73,48,8
20214,A,골목상권,3110701,고척동성당,567,379,188,2,126,185,125,92,37,0,81,133,82,54,29,2,45,52,43,38,8
20214,A,골목상권,3110709,구로119안전센터,185,108,77,0,19,22,56,51,37,0,14,13,36,29,16,0,5,9,20,22,21
20214,A,골목상권,3110716,구로나눔길,666,398,268,1,132,256,164,77,36,0,39,154,115,60,30,1,93,102,49,17,6
20214,D,발달상권,3120125,구로역,9531,6476,3055,29,1115,2177,2439,2305,1466,14,646,1505,1615,1580,1116,15,469,672,824,725,350
20214,A,골목상권,3110693,오류동역 4번,17,9,8,0,1,3,5,4,4,0,1,3,2,2,1,0,0,0,3,2,3
20214,A,골목상권,3110741,독산2동주민센터,444,159,285,0,69,117,96,108,54,0,43,35,26,33,22,0,26,82,70,75,32
20214,A,골목상권,3110789,대림성모병원,491,182,309,0,104,137,115,93,42,0,16,44,49,43,30,0,88,93,66,50,12
20214,A,골목상권,3110769,대림차이나타운(대림역 12번),42,12,30,0,6,8,12,10,6,0,0,3,4,3,2,0,6,5,8,7,4
20214,R,전통시장,3130244,대림중앙시장,94,39,55,3,15,16,21,16,23,2,10,8,10,5,4,1,5,8,11,11,19
20214,A,골목상권,3110772,신우어린이공원,94,55,39,0,9,15,22,26,22,0,5,8,12,19,11,0,4,7,10,7,11
20214,A,골목상권,3110785,영등포푸르지오아파트,161,84,77,2,13,17,39,44,46,2,8,12,24,14,24,0,5,5,15,30,22
20214,A,골목상권,3110761,문래동남성맨션,180,106,74,0,13,43,45,41,38,0,8,17,26,25,30,0,5,26,19,16,8
20214,R,전통시장,3130245,영일시장,675,567,108,1,61,189,238,136,50,0,41,148,217,115,46,1,20,41,21,21,4
20214,A,골목상권,3110758,문래소공원,296,221,75,1,44,77,70,67,37,0,32,60,46,52,31,1,12,17,24,15,6
20214,A,골목상권,3110815,공군호텔,2250,791,1459,4,426,519,477,509,315,0,88,197,168,172,166,4,338,322,309,337,149
20214,A,골목상권,3110787,신길3동주민센터,171,122,49,0,19,35,47,42,28,0,8,25,36,31,22,0,11,10,11,11,6
20214,A,골목상권,3110780,신길대성유니드아파트,223,171,52,0,22,42,71,56,32,0,18,34,51,41,27,0,4,8,20,15,5
20214,A,골목상권,3110804,신풍역 1번,312,187,125,0,15,37,62,63,135,0,4,15,29,35,104,0,11,22,33,28,31
20214,D,발달상권,3120150,63빌딩,8614,5431,3183,45,1167,2157,2997,1883,365,18,610,1437,1563,1568,235,27,557,720,1434,315,130
20214,D,발달상권,3120144,영중로,2017,1073,944,1,254,395,508,598,261,1,142,276,289,230,135,0,112,119,219,368,126
20214,A,골목상권,3110808,신길역 1번,67,48,19,0,3,22,21,13,8,0,3,15,14,9,7,0,0,7,7,4,1
20214,A,골목상권,3110832,노량진초등학교,491,269,222,0,54,105,122,153,57,0,24,64,85,70,26,0,30,41,37,83,31
20214,R,전통시장,3130266,만양로상점가,2,1,1,0,0,0,2,0,0,0,0,0,1,0,0,0,0,0,1,0,0
20214,A,골목상권,3110822,신대방삼거리역 4번(대림초등학교),313,131,182,0,57,71,68,76,41,0,13,28,34,35,21,0,44,43,34,41,20
20214,A,골목상권,3110850,사당역 10번,969,487,482,4,217,207,185,162,194,1,54,88,92,95,157,3,163,119,93,67,37
20214,R,전통시장,3130273,남성사계시장(남성시장),141,63,78,0,21,36,45,22,17,0,3,19,20,8,13,0,18,17,25,14,4
20214,R,전통시장,3130260,신대방1동골목상권,70,31,39,0,8,22,15,15,10,0,0,7,7,10,7,0,8,15,8,5,3
20214,R,전통시장,3130281,우림시장,1,0,1,0,0,0,1,0,0,0,0,0,0,0,0,0,0,0,1,0,0
20214,A,골목상권,3110859,난향초등학교,182,113,69,0,11,32,42,52,45,0,0,21,27,30,35,0,11,11,15,22,10
20214,A,골목상권,3110886,관악해태어린이공원,184,103,81,1,38,50,41,34,20,1,18,28,21,23,12,0,20,22,20,11,8
20214,A,골목상권,3110880,신림역 1번,995,275,720,0,379,296,157,128,35,0,78,87,66,33,11,0,301,209,91,95,24
20214,A,골목상권,3110888,청룡동주민센터,94,53,41,0,5,9,11,22,47,0,3,2,4,6,38,0,2,7,7,16,9
20214,A,골목상권,3110896,관악우성아파트,202,49,153,0,41,37,44,47,33,0,5,7,11,13,13,0,36,30,33,34,20
20214,A,골목상권,3110948,헌인가구단지,57,27,30,0,5,24,14,11,3,0,4,12,6,2,3,0,1,12,8,9,0
20214,D,발달상권,3120165,서래마을카페거리(서래마을),3467,2266,1201,11,605,1119,949,516,267,3,277,716,707,369,194,8,328,403,242,147,73
20214,A,골목상권,3110921,서울프랑스학교,506,312,194,7,63,70,115,134,117,2,30,43,80,86,71,5,33,27,35,48,46
20214,A,골목상권,3110907,방배초등학교,775,476,299,8,119,165,211,143,129,5,54,100,118,95,104,3,65,65,93,48,25
20214,A,골목상권,3110912,방배동사이길,210,128,82,3,33,45,53,42,34,2,16,27,39,21,23,1,17,18,14,21,11
20214,A,골목상권,3110933,한국상담대학원대학교,679,60,619,0,344,156,86,63,30,0,10,15,15,5,15,0,334,141,71,58,15
20214,D,발달상권,3120172,교대입구교차로,10241,5712,4529,53,2062,2700,2445,1945,1036,33,854,1635,1489,1004,697,20,1208,1065,956,941,339
20214,A,골목상권,3110935,한전아트센터,379,264,115,2,53,108,105,72,39,2,33,82,75,46,26,0,20,26,30,26,13
20214,D,발달상권,3120192,뱅뱅사거리,27363,18865,8498,72,5748,8234,6678,4352,2279,37,3275,5587,5090,3174,1702,35,2473,2647,1588,1178,577
20214,D,발달상권,3120180,양재화물트럭터미널앞,2562,2146,416,13,637,812,554,409,137,10,466,711,481,363,115,3,171,101,73,46,22
20214,A,골목상권,3110984,포이초등학교(개포목련어린이공원),1556,1046,510,2,236,342,331,306,339,0,140,241,211,199,255,2,96,101,120,107,84
20214,D,발달상권,3120190,강남을지병원,11725,6199,5526,44,3417,3232,2506,1512,1014,14,1228,1650,1567,988,752,30,2189,1582,939,524,262
20214,D,발달상권,3120196,서울세관,9664,5880,3784,15,1699,2887,2578,1611,874,2,596,1519,1718,1320,725,13,1103,1368,860,291,149
20214,D,발달상권,3120200,학동사거리,9363,3808,5555,26,2868,3075,1848,1005,541,9,654,1122,937,687,399,17,2214,1953,911,318,142
20214,D,발달상권,3120223,휘문고교사거리,9166,5574,3592,20,1785,2926,2736,1401,298,4,1102,2061,1597,609,201,16,683,865,1139,792,97
20214,A,골목상권,3110975,매봉역 1번,10837,6932,3905,34,2175,2199,3202,3019,208,21,1010,1161,2184,2402,154,13,1165,1038,1018,617,54
20214,A,골목상권,3110978,도곡2동주민센터(대치중학교),331,186,145,0,46,70,72,114,29,0,20,41,47,62,16,0,26,29,25,52,13
20214,A,골목상권,3110974,언주중학교,278,168,110,3,58,66,85,43,23,3,25,39,59,27,15,0,33,27,26,16,8
20214,D,발달상권,3120188,압구정역,8579,3750,4829,134,2204,2146,1550,1314,1231,47,698,969,897,556,583,87,1506,1177,653,758,648
20214,D,발달상권,3120202,압구정로데오역(압구정로데오),11735,6075,5660,41,2963,4419,2469,1425,418,11,793,2184,1593,1195,299,30,2170,2235,876,230,119
20214,A,골목상권,3110971,선정릉역 4번,1542,900,642,11,278,455,380,254,164,6,140,270,245,120,119,5,138,185,135,134,45
20214,D,발달상권,3120239,오금역,4595,2925,1670,17,840,1205,1156,897,480,11,447,798,824,483,362,6,393,407,332,414,118
20214,D,발달상권,3120241,거여역,1197,650,547,5,110,221,296,277,288,2,80,152,161,83,172,3,30,69,135,194,116
20214,A,골목상권,3111026,문정역 2번,2257,1479,778,7,430,626,537,409,248,3,235,420,381,229,211,4,195,206,156,180,37
20214,A,골목상권,3111017,송파나루역 3번,272,183,89,0,40,62,62,63,45,0,14,42,42,45,40,0,26,20,20,18,5
20214,A,골목상권,3111010,석촌역 7번,1512,1031,481,3,181,309,376,339,304,1,98,190,261,234,247,2,83,119,115,105,57
20214,A,골목상권,3111040,거여초등학교,346,137,209,0,26,86,124,77,33,0,9,27,48,30,23,0,17,59,76,47,10
20214,A,골목상권,3111034,오동나무공원(송파레미니스1단지),1465,1038,427,3,253,373,355,322,159,3,163,257,267,226,122,0,90,116,88,96,37
20214,A,골목상권,3111030,방이역 2번,665,419,246,1,57,107,147,217,136,0,28,68,94,128,101,1,29,39,53,89,35
20214,D,발달상권,3120225,잠실새내역(신천),5597,3589,2008,25,909,1191,1223,1162,1087,3,464,712,794,811,805,22,445,479,429,351,282
20214,A,골목상권,3111085,묘곡초등학교(고덕아이파크아파트),800,452,348,0,68,111,152,196,273,0,35,72,80,84,181,0,33,39,72,112,92
20214,A,골목상권,3111077,길동주민센터(강동도서관),1272,737,535,4,121,258,294,321,274,1,49,138,167,188,194,3,72,120,127,133,80
20214,R,전통시장,3130324,길동복조리시장,154,85,69,3,27,32,47,40,5,2,13,18,31,19,2,1,14,14,16,21,3
20214,D,발달상권,3120245,둔촌역,1884,1135,749,7,312,460,446,371,288,6,169,309,271,195,185,1,143,151,175,176,103
20214,A,골목상권,3111076,둔촌2동주민센터,297,174,123,0,25,49,61,86,76,0,14,24,34,39,63,0,11,25,27,47,13
20214,A,골목상권,3111080,굽은다리역 3번,434,235,199,0,44,77,100,110,103,0,12,52,63,58,50,0,32,25,37,52,53
20214,R,전통시장,3130320,암사종합시장,173,97,76,1,16,29,50,31,46,1,5,12,31,19,29,0,11,17,19,12,17
20214,R,전통시장,3130002,세종마을음식문화거리(금천교시장),564,392,172,4,56,109,120,121,154,0,26,74,75,90,127,4,30,35,45,31,27
20214,A,골목상권,3110037,신설동역 12번,208,124,84,0,16,46,51,61,34,0,6,20,32,41,25,0,10,26,19,20,9
20214,D,발달상권,3120014,종로5가역,4887,2839,2048,375,1123,1351,1205,597,236,112,456,860,851,397,163,263,667,491,354,200,73
20214,A,골목상권,3110029,동대문역 1번,247,68,179,0,11,34,64,82,56,0,1,8,25,21,13,0,10,26,39,61,43
20214,A,골목상권,3110021,성균관대학교,395,301,94,2,16,44,110,145,78,2,7,29,89,124,50,0,9,15,21,21,28
20214,R,전통시장,3130032,인현시장,167,123,44,0,3,25,47,54,38,0,3,16,35,40,29,0,0,9,12,14,9
20214,A,골목상권,3110056,신당역 3번,514,293,221,0,62,129,118,115,90,0,31,63,69,72,58,0,31,66,49,43,32
20214,D,발달상권,3120027,명동역(명동재미로),18097,8477,9620,67,2695,5851,6070,3074,340,9,859,2588,2522,2321,178,58,1836,3263,3548,753,162
20214,R,전통시장,3130054,황학동주방가구거리상점가,374,266,108,0,25,80,116,106,47,0,18,60,77,74,37,0,7,20,39,32,10
20214,A,골목상권,3110050,약수역 7번,306,229,77,0,34,81,75,74,42,0,21,59,60,56,33,0,13,22,15,18,9
20214,A,골목상권,3110042,남산골공원옆,683,424,259,3,91,156,195,166,72,0,37,89,131,121,46,3,54,67,64,45,26
20214,A,골목상권,3110088,오산고등학교,101,51,50,0,22,20,19,15,25,0,9,9,8,8,17,0,13,11,11,7,8
20214,A,골목상권,3110090,한국폴리텍대학서울정수캠퍼스,3968,2447,1521,1,446,1358,1632,500,31,1,173,548,1231,467,27,0,273,810,401,33,4
20214,A,골목상권,3110063,효창공원앞역 5번,530,347,183,8,47,104,139,132,100,6,25,71,93,87,65,2,22,33,46,45,35
20214,D,발달상권,3120040,용산전자상가(용산역),8008,5959,2049,43,1387,2728,2220,1237,393,30,880,2009,1728,997,315,13,507,719,492,240,78
20214,A,골목상권,3110058,성심여자고등학교,1189,857,332,10,168,333,362,206,110,3,77,243,278,166,90,7,91,90,84,40,20
20214,A,골목상권,3110087,이태원엔틱가구거리,329,113,216,0,151,130,29,10,9,0,26,52,19,8,8,0,125,78,10,2,1
20214,A,골목상권,3110067,배문고등학교,1547,895,652,1,215,370,383,320,258,0,84,173,199,225,214,1,131,197,184,95,44
20214,D,발달상권,3120047,한남오거리,2290,1458,832,11,366,751,623,343,196,9,152,461,438,249,149,2,214,290,185,94,47
20214,A,골목상권,3110098,서울독일학교,242,91,151,0,57,85,68,23,9,0,15,22,34,15,5,0,42,63,34,8,4
20194,A,골목상권,3110620,목동보건지소,458,241,217,4,51,85,105,125,88,4,20,48,50,65,54,0,31,37,55,60,34
20194,D,발달상권,3120111,목동사거리,1828,710,1118,1,551,601,341,219,115,0,101,248,161,116,84,1,450,353,180,103,31
20194,R,전통시장,3130202,신영시장,40,13,27,0,3,4,13,16,4,0,2,0,3,6,2,0,1,4,10,10,2
20194,R,전통시장,3130201,월정로시장,27,17,10,0,2,8,10,7,0,0,0,7,6,4,0,0,2,1,4,3,0
20194,A,골목상권,3110606,신한은행 신월동지점,544,307,237,1,49,83,152,152,107,1,26,44,84,72,80,0,23,39,68,80,27
20194,A,골목상권,3110613,신정네거리역 4번,80,20,60,0,8,25,24,19,4,0,2,6,7,4,1,0,6,19,17,15,3
20194,A,골목상권,3110657,양천향교역 5번,3180,2118,1062,12,334,603,741,695,795,8,191,396,493,385,645,4,143,207,248,310,150
20194,A,골목상권,3110648,양천향교역 7번,13,5,8,0,1,7,1,3,1,0,0,3,1,1,0,0,1,4,0,2,1
20194,A,골목상권,3110671,등촌1동주민센터,4521,2889,1632,8,1208,1381,956,636,332,2,375,916,788,522,286,6,833,465,168,114,46
20194,R,전통시장,3130214,송화벽화시장(송화골목시장),119,44,75,2,23,18,25,33,18,0,6,7,9,13,9,2,17,11,16,20,9
20194,A,골목상권,3110668,화곡2동주민센터,471,278,193,0,55,70,139,127,80,0,22,33,81,77,65,0,33,37,58,50,15
20194,A,골목상권,3110646,푸른들청소년도서관,754,384,370,1,92,113,198,187,163,1,26,47,97,99,114,0,66,66,101,88,49
20194,R,전통시장,3130221,"남부골목시장(남부화곡시장, 남부시장)",188,69,119,0,22,32,50,57,27,0,5,5,15,22,22,0,17,27,35,35,5
20194,A,골목상권,3110658,화곡초등학교,253,153,100,0,21,55,62,69,46,0,10,35,36,44,28,0,11,20,26,25,18
20194,A,골목상권,3110721,가리봉파출소,215,104,111,1,6,36,42,42,88,0,2,19,17,22,44,1,4,17,25,20,44
20194,A,골목상권,3110703,개봉역,307,192,115,4,28,54,91,77,53,3,16,30,54,49,40,1,12,24,37,28,13
20194,A,골목상권,3110706,그라운드 고척,410,100,310,0,122,101,101,68,18,0,22,20,28,20,10,0,100,81,73,48,8
20194,A,골목상권,3110701,고척동성당,567,379,188,2,126,185,125,92,37,0,81,133,82,54,29,2,45,52,43,38,8
20194,A,골목상권,3110709,구로119안전센터,185,108,77,0,19,22,56,51,37,0,14,13,36,29,16,0,5,9,20,22,21
20194,A,골목상권,3110716,구로나눔길,666,398,268,1,132,256,164,77,36,0,39,154,115,60,30,1,93,102,49,17,6
20194,D,발달상권,3120125,구로역,9531,6476,3055,29,1115,2177,2439,2305,1466,14,646,1505,1615,1580,1116,15,469,672,824,725,350
20194,A,골목상권,3110693,오류동역 4번,17,9,8,0,1,3,5,4,4,0,1,3,2,2,1,0,0,0,3,2,3
20194,A,골목상권,3110741,독산2동주민센터,444,159,285,0,69,117,96,108,54,0,43,35,26,33,22,0,26,82,70,75,32
20194,A,골목상권,3110789,대림성모병원,491,182,309,0,104,137,115,93,42,0,16,44,49,43,30,0,88,93,66,50,12
20194,A,골목상권,3110769,대림차이나타운(대림역 12번),42,12,30,0,6,8,12,10,6,0,0,3,4,3,2,0,6,5,8,7,4
20194,R,전통시장,3130244,대림중앙시장,94,39,55,3,15,16,21,16,23,2,10,8,10,5,4,1,5,8,11,11,19
20194,A,골목상권,3110772,신우어린이공원,94,55,39,0,9,15,22,26,22,0,5,8,12,19,11,0,4,7,10,7,11
20194,A,골목상권,3110785,영등포푸르지오아파트,161,84,77,2,13,17,39,44,46,2,8,12,24,14,24,0,5,5,15,30,22
20194,A,골목상권,3110761,문래동남성맨션,180,106,74,0,13,43,45,41,38,0,8,17,26,25,30,0,5,26,19,16,8
20194,R,전통시장,3130245,영일시장,675,567,108,1,61,189,238,136,50,0,41,148,217,115,46,1,20,41,21,21,4
20194,A,골목상권,3110758,문래소공원,296,221,75,1,44,77,70,67,37,0,32,60,46,52,31,1,12,17,24,15,6
20194,A,골목상권,3110815,공군호텔,2250,791,1459,4,426,519,477,509,315,0,88,197,168,172,166,4,338,322,309,337,149
20194,A,골목상권,3110787,신길3동주민센터,171,122,49,0,19,35,47,42,28,0,8,25,36,31,22,0,11,10,11,11,6
20194,A,골목상권,3110780,신길대성유니드아파트,223,171,52,0,22,42,71,56,32,0,18,34,51,41,27,0,4,8,20,15,5
20194,A,골목상권,3110804,신풍역 1번,312,187,125,0,15,37,62,63,135,0,4,15,29,35,104,0,11,22,33,28,31
20194,D,발달상권,3120150,63빌딩,8614,5431,3183,45,1167,2157,2997,1883,365,18,610,1437,1563,1568,235,27,557,720,1434,315,130
20194,D,발달상권,3120144,영중로,2017,1073,944,1,254,395,508,598,261,1,142,276,289,230,135,0,112,119,219,368,126
20194,A,골목상권,3110808,신길역 1번,67,48,19,0,3,22,21,13,8,0,3,15,14,9,7,0,0,7,7,4,1
20194,A,골목상권,3110832,노량진초등학교,491,269,222,0,54,105,122,153,57,0,24,64,85,70,26,0,30,41,37,83,31
20194,R,전통시장,3130266,만양로상점가,2,1,1,0,0,0,2,0,0,0,0,0,1,0,0,0,0,0,1,0,0
20194,A,골목상권,3110822,신대방삼거리역 4번(대림초등학교),313,131,182,0,57,71,68,76,41,0,13,28,34,35,21,0,44,43,34,41,20
20194,A,골목상권,3110850,사당역 10번,969,487,482,4,217,207,185,162,194,1,54,88,92,95,157,3,163,119,93,67,37
20194,R,전통시장,3130273,남성사계시장(남성시장),141,63,78,0,21,36,45,22,17,0,3,19,20,8,13,0,18,17,25,14,4
20194,R,전통시장,3130260,신대방1동골목상권,70,31,39,0,8,22,15,15,10,0,0,7,7,10,7,0,8,15,8,5,3
20194,R,전통시장,3130281,우림시장,1,0,1,0,0,0,1,0,0,0,0,0,0,0,0,0,0,0,1,0,0
20194,A,골목상권,3110859,난향초등학교,182,113,69,0,11,32,42,52,45,0,0,21,27,30,35,0,11,11,15,22,10
20194,A,골목상권,3110886,관악해태어린이공원,184,103,81,1,38,50,41,34,20,1,18,28,21,23,12,0,20,22,20,11,8
20194,A,골목상권,3110880,신림역 1번,995,275,720,0,379,296,157,128,35,0,78,87,66,33,11,0,301,209,91,95,24
20194,A,골목상권,3110888,청룡동주민센터,94,53,41,0,5,9,11,22,47,0,3,2,4,6,38,0,2,7,7,16,9
20194,A,골목상권,3110896,관악우성아파트,202,49,153,0,41,37,44,47,33,0,5,7,11,13,13,0,36,30,33,34,20
20194,A,골목상권,3110948,헌인가구단지,57,27,30,0,5,24,14,11,3,0,4,12,6,2,3,0,1,12,8,9,0
20194,D,발달상권,3120165,서래마을카페거리(서래마을),3467,2266,1201,11,605,1119,949,516,267,3,277,716,707,369,194,8,328,403,242,147,73
20194,A,골목상권,3110921,서울프랑스학교,506,312,194,7,63,70,115,134,117,2,30,43,80,86,71,5,33,27,35,48,46
20194,A,골목상권,3110907,방배초등학교,775,476,299,8,119,165,211,143,129,5,54,100,118,95,104,3,65,65,93,48,25
20194,A,골목상권,3110912,방배동사이길,210,128,82,3,33,45,53,42,34,2,16,27,39,21,23,1,17,18,14,21,11
20194,A,골목상권,3110933,한국상담대학원대학교,679,60,619,0,344,156,86,63,30,0,10,15,15,5,15,0,334,141,71,58,15
20194,D,발달상권,3120172,교대입구교차로,10241,5712,4529,53,2062,2700,2445,1945,1036,33,854,1635,1489,1004,697,20,1208,1065,956,941,339
20194,A,골목상권,3110935,한전아트센터,379,264,115,2,53,108,105,72,39,2,33,82,75,46,26,0,20,26,30,26,13
20194,D,발달상권,3120192,뱅뱅사거리,27363,18865,8498,72,5748,8234,6678,4352,2279,37,3275,5587,5090,3174,1702,35,2473,2647,1588,1178,577
20194,D,발달상권,3120180,양재화물트럭터미널앞,2562,2146,416,13,637,812,554,409,137,10,466,711,481,363,115,3,171,101,73,46,22
20194,A,골목상권,3110984,포이초등학교(개포목련어린이공원),1556,1046,510,2,236,342,331,306,339,0,140,241,211,199,255,2,96,101,120,107,84
20194,D,발달상권,3120190,강남을지병원,11725,6199,5526,44,3417,3232,2506,1512,1014,14,1228,1650,1567,988,752,30,2189,1582,939,524,262
20194,D,발달상권,3120196,서울세관,9664,5880,3784,15,1699,2887,2578,1611,874,2,596,1519,1718,1320,725,13,1103,1368,860,291,149
20194,D,발달상권,3120200,학동사거리,9363,3808,5555,26,2868,3075,1848,1005,541,9,654,1122,937,687,399,17,2214,1953,911,318,142
20194,D,발달상권,3120223,휘문고교사거리,9166,5574,3592,20,1785,2926,2736,1401,298,4,1102,2061,1597,609,201,16,683,865,1139,792,97
20194,A,골목상권,3110975,매봉역 1번,10837,6932,3905,34,2175,2199,3202,3019,208,21,1010,1161,2184,2402,154,13,1165,1038,1018,617,54
20194,A,골목상권,3110978,도곡2동주민센터(대치중학교),331,186,145,0,46,70,72,114,29,0,20,41,47,62,16,0,26,29,25,52,13
20194,A,골목상권,3110974,언주중학교,278,168,110,3,58,66,85,43,23,3,25,39,59,27,15,0,33,27,26,16,8
20194,D,발달상권,3120188,압구정역,8579,3750,4829,134,2204,2146,1550,1314,1231,47,698,969,897,556,583,87,1506,1177,653,758,648
20194,D,발달상권,3120202,압구정로데오역(압구정로데오),11735,6075,5660,41,2963,4419,2469,1425,418,11,793,2184,1593,1195,299,30,2170,2235,876,230,119
20194,A,골목상권,3110971,선정릉역 4번,1542,900,642,11,278,455,380,254,164,6,140,270,245,120,119,5,138,185,135,134,45
20194,D,발달상권,3120239,오금역,4595,2925,1670,17,840,1205,1156,897,480,11,447,798,824,483,362,6,393,407,332,414,118
20194,D,발달상권,3120241,거여역,1197,650,547,5,110,221,296,277,288,2,80,152,161,83,172,3,30,69,135,194,116
20194,A,골목상권,3111026,문정역 2번,2257,1479,778,7,430,626,537,409,248,3,235,420,381,229,211,4,195,206,156,180,37
20194,A,골목상권,3111017,송파나루역 3번,272,183,89,0,40,62,62,63,45,0,14,42,42,45,40,0,26,20,20,18,5
20194,A,골목상권,3111010,석촌역 7번,1512,1031,481,3,181,309,376,339,304,1,98,190,261,234,247,2,83,119,115,105,57
20194,A,골목상권,3111040,거여초등학교,346,137,209,0,26,86,124,77,33,0,9,27,48,30,23,0,17,59,76,47,10
20194,A,골목상권,3111034,오동나무공원(송파레미니스1단지),1465,1038,427,3,253,373,355,322,159,3,163,257,267,226,122,0,90,116,88,96,37
20194,A,골목상권,3111030,방이역 2번,665,419,246,1,57,107,147,217,136,0,28,68,94,128,101,1,29,39,53,89,35
20194,D,발달상권,3120225,잠실새내역(신천),5597,3589,2008,25,909,1191,1223,1162,1087,3,464,712,794,811,805,22,445,479,429,351,282
20194,A,골목상권,3111085,묘곡초등학교(고덕아이파크아파트),800,452,348,0,68,111,152,196,273,0,35,72,80,84,181,0,33,39,72,112,92
20194,A,골목상권,3111077,길동주민센터(강동도서관),1272,737,535,4,121,258,294,321,274,1,49,138,167,188,194,3,72,120,127,133,80
20194,R,전통시장,3130324,길동복조리시장,154,85,69,3,27,32,47,40,5,2,13,18,31,19,2,1,14,14,16,21,3
20194,D,발달상권,3120245,둔촌역,1884,1135,749,7,312,460,446,371,288,6,169,309,271,195,185,1,143,151,175,176,103
20194,A,골목상권,3111076,둔촌2동주민센터,297,174,123,0,25,49,61,86,76,0,14,24,34,39,63,0,11,25,27,47,13
20194,A,골목상권,3111080,굽은다리역 3번,434,235,199,0,44,77,100,110,103,0,12,52,63,58,50,0,32,25,37,52,53
20194,R,전통시장,3130320,암사종합시장,173,97,76,1,16,29,50,31,46,1,5,12,31,19,29,0,11,17,19,12,17
20194,R,전통시장,3130002,세종마을음식문화거리(금천교시장),564,392,172,4,56,109,120,121,154,0,26,74,75,90,127,4,30,35,45,31,27
20194,A,골목상권,3110037,신설동역 12번,208,124,84,0,16,46,51,61,34,0,6,20,32,41,25,0,10,26,19,20,9
20194,D,발달상권,3120014,종로5가역,4887,2839,2048,375,1123,1351,1205,597,236,112,456,860,851,397,163,263,667,491,354,200,73
20194,A,골목상권,3110029,동대문역 1번,247,68,179,0,11,34,64,82,56,0,1,8,25,21,13,0,10,26,39,61,43
20194,A,골목상권,3110021,성균관대학교,395,301,94,2,16,44,110,145,78,2,7,29,89,124,50,0,9,15,21,21,28
20194,R,전통시장,3130032,인현시장,167,123,44,0,3,25,47,54,38,0,3,16,35,40,29,0,0,9,12,14,9
20194,A,골목상권,3110056,신당역 3번,514,293,221,0,62,129,118,115,90,0,31,63,69,72,58,0,31,66,49,43,32
20194,D,발달상권,3120027,명동역(명동재미로),18097,8477,9620,67,2695,5851,6070,3074,340,9,859,2588,2522,2321,178,58,1836,3263,3548,753,162
20194,R,전통시장,3130054,황학동주방가구거리상점가,374,266,108,0,25,80,116,106,47,0,18,60,77,74,37,0,7,20,39,32,10
20194,A,골목상권,3110050,약수역 7번,306,229,77,0,34,81,75,74,42,0,21,59,60,56,33,0,13,22,15,18,9
20194,A,골목상권,3110042,남산골공원옆,683,424,259,3,91,156,195,166,72,0,37,89,131,121,46,3,54,67,64,45,26
20194,A,골목상권,3110088,오산고등학교,101,51,50,0,22,20,19,15,25,0,9,9,8,8,17,0,13,11,11,7,8
20194,A,골목상권,3110090,한국폴리텍대학서울정수캠퍼스,3968,2447,1521,1,446,1358,1632,500,31,1,173,548,1231,467,27,0,273,810,401,33,4
20194,A,골목상권,3110063,효창공원앞역 5번,530,347,183,8,47,104,139,132,100,6,25,71,93,87,65,2,22,33,46,45,35
20194,D,발달상권,3120040,용산전자상가(용산역),8008,5959,2049,43,1387,2728,2220,1237,393,30,880,2009,1728,997,315,13,507,719,492,240,78
20194,A,골목상권,3110058,성심여자고등학교,1189,857,332,10,168,333,362,206,110,3,77,243,278,166,90,7,91,90,84,40,20
20194,A,골목상권,3110087,이태원엔틱가구거리,329,113,216,0,151,130,29,10,9,0,26,52,19,8,8,0,125,78,10,2,1
20194,A,골목상권,3110067,배문고등학교,1547,895,652,1,215,370,383,320,258,0,84,173,199,225,214,1,131,197,184,95,44
20194,D,발달상권,3120047,한남오거리,2290,1458,832,11,366,751,623,343,196,9,152,461,438,249,149,2,214,290,185,94,47
20194,A,골목상권,3110098,서울독일학교,242,91,151,0,57,85,68,23,9,0,15,22,34,15,5,0,42,63,34,8,4
20194,A,골목상권,3110096,한남힐사이드아파트,502,337,165,3,155,183,85,47,29,3,89,132,63,26,24,0,66,51,22,21,5
20194,D,발달상권,3120048,금호역,76,28,48,0,16,10,18,21,11,0,2,2,6,11,7,0,14,8,12,10,4
20194,R,전통시장,3130063,신금호역 골목형상점가,30,21,9,0,2,4,5,9,10,0,1,3,4,7,6,0,1,1,1,2,4
20194,A,골목상권,3110119,마장지하차도,127,89,38,0,17,26,32,26,26,0,12,22,19,18,18,0,5,4,13,8,8
20194,A,골목상권,3110131,성수동카페거리,4798,3110,1688,15,902,1536,1123,699,523,9,460,993,777,497,374,6,442,543,346,202,149
20194,A,골목상권,3110134,성수119안전센터,771,587,184,4,65,108,185,252,157,4,38,78,143,200,124,0,27,30,42,52,33
20194,A,골목상권,3110136,경수초등학교,4745,2743,2002,43,1169,1097,978,875,583,32,439,633,615,593,431,11,730,464,363,282,152
20194,A,골목상권,3110100,옥수동우편취급국,37,26,11,0,5,17,8,5,2,0,0,14,6,4,2,0,5,3,2,1,0
20194,A,골목상권,3110118,왕십리역 9번,697,487,210,1,90,182,204,129,91,0,62,110,144,93,78,1,28,72,60,36,13
20194,D,발달상권,3120061,올림픽대교북단,1094,864,230,1,228,403,324,95,43,0,165,326,290,55,28,1,63,77,34,40,15
20194,D,발달상권,3120056,구의역,1879,884,995,6,322,352,510,413,276,6,105,129,223,246,175,0,217,223,287,167,101
20194,D,발달상권,3120059,구삼강변맛길,3277,1779,1498,6,431,676,553,747,864,4,244,472,365,322,372,2,187,204,188,425,492
20194,A,골목상권,3110149,세종대학교,122,72,50,0,15,21,31,23,32,0,8,13,19,7,25,0,7,8,12,16,7
20194,A,골목상권,3110155,광진구청,8356,7701,655,0,240,853,2408,4046,809,0,172,765,2256,3748,760,0,68,88,152,298,49
20194,A,골목상권,3110139,자양4동주민센터,204,116,88,0,13,28,53,51,59,0,3,14,32,25,42,0,10,14,21,26,17
20194,R,전통시장,3130077,조양시장,31,19,12,0,11,7,8,5,0,0,6,5,4,4,0,0,5,2,4,1,0
20194,A,골목상권,3110167,용마초등학교,380,223,157,2,22,56,99,112,89,0,9,20,52,64,78,2,13,36,47,48,11
20194,A,골목상권,3110176,해오름공원,791,439,352,1,84,212,229,173,92,1,32,119,126,91,70,0,52,93,103,82,22
20194,A,골목상권,3110204,간데메공원,411,268,143,3,83,97,82,89,57,3,57,64,46,58,40,0,26,33,36,31,17
20194,A,골목상권,3110226,장안1동주민센터,1882,1005,877,2,147,247,333,512,641,2,87,148,213,253,302,0,60,99,120,259,339
20194,A,골목상권,3110211,전곡마을마당공원,626,445,181,1,66,101,170,194,94,0,45,73,129,143,55,1,21,28,41,51,39
20194,A,골목상권,3110207,시립대앞사거리,33,21,12,0,4,10,6,5,8,0,2,8,3,3,5,0,2,2,3,2,3
20194,R,전통시장,3130086,서울약령시장,1184,651,533,4,113,208,305,341,213,0,56,128,165,181,121,4,57,80,140,160,92
20194,R,전통시장,3130087,경동광성상가(경동시장),28,20,8,0,5,3,8,7,5,0,3,2,6,5,4,0,2,1,2,2,1
20194,A,골목상권,3110198,동대문중앙새마을금고본점,67,26,41,0,1,0,18,37,11,0,0,0,8,10,8,0,1,0,10,27,3
20194,A,골목상권,3110200,동대문경찰서,74,50,24,0,1,6,21,13,33,0,0,1,11,6,32,0,1,5,10,7,1
20194,R,전통시장,3130115,우림골목시장,307,106,201,2,80,61,68,64,32,0,29,11,30,20,16,2,51,50,38,44,16
20194,A,골목상권,3110256,면목2동체육관,477,321,156,2,56,66,82,140,131,1,21,35,45,109,110,1,35,31,37,31,21
20194,A,골목상권,3110266,면목동우체국,225,182,43,0,10,31,38,79,67,0,1,19,30,69,63,0,9,12,8,10,4
20194,A,골목상권,3110236,신묵초등학교,1015,836,179,0,185,302,228,255,45,0,135,246,194,228,33,0,50,56,34,27,12
20194,A,골목상권,3110267,망우역 2번,139,49,90,1,15,28,50,28,17,1,2,10,19,13,4,0,13,18,31,15,13
20194,A,골목상권,3110234,중랑역 4번,96,41,55,0,15,16,23,25,17,0,2,5,10,14,10,0,13,11,13,11,7
20194,R,전통시장,3130121,길음시장,88,19,69,0,36,24,10,8,10,0,2,5,3,2,7,0,34,19,7,6,3
20194,A,골목상권,3110321,동덕여대,58,14,44,0,0,4,13,18,23,0,0,4,4,4,2,0,0,0,9,14,21
20194,A,골목상권,3110324,월곡역 4번,99,55,44,0,31,21,19,18,10,0,9,10,13,14,9,0,22,11,6,4,1
20194,A,골목상권,3110298,솔숲어린이공원,77,28,49,0,18,11,24,12,12,0,3,5,7,5,8,0,15,6,17,7,4
20194,A,골목상권,3110314,종암경찰서,949,699,250,1,127,271,223,286,41,0,72,206,162,231,28,1,55,65,61,55,13
20194,A,골목상권,3110365,미아역 5번,341,83,258,0,17,21,44,63,196,0,5,12,15,17,34,0,12,9,29,46,162
20194,A,골목상권,3110368,송천초등학교,199,178,21,0,9,16,39,71,64,0,5,11,34,66,62,0,4,5,5,5,2
20194,A,골목상권,3110352,수유1동주민센터,275,112,163,0,23,49,101,79,23,0,11,22,37,29,13,0,12,27,64,50,10
20194,A,골목상권,3110349,화계역 2번,83,67,16,0,6,4,21,33,19,0,5,3,12,28,19,0,1,1,9,5,0
20194,A,골목상권,3110367,강북구청,1943,976,967,5,195,512,483,522,226,4,64,205,237,340,126,1,131,307,246,182,100
20194,A,골목상권,3110339,국립4.19민주묘지,11,6,5,0,2,2,5,0,2,0,0,2,3,0,1,0,2,0,2,0,1
20194,A,골목상권,3110346,4.19민주묘지역 2번,96,48,48,0,12,13,19,19,33,0,3,7,8,7,23,0,9,6,11,12,10
20194,A,골목상권,3110395,신한은행 방학동지점,163,42,121,0,17,20,44,42,40,0,0,2,11,9,20,0,17,18,33,33,20
20194,A,골목상권,3110403,방학1동주민센터,316,167,149,1,44,56,63,78,74,1,30,37,36,36,27,0,14,19,27,42,47
20194,A,골목상권,3110393,국민은행방학지점,49,13,36,0,2,10,17,15,5,0,0,0,4,6,3,0,2,10,13,9,2
20194,A,골목상권,3110398,쌍문2동우체국,474,326,148,0,30,65,96,153,130,0,11,27,50,124,114,0,19,38,46,29,16
20194,R,전통시장,3130150,창동골목시장,84,47,37,0,19,30,14,8,13,0,7,20,9,5,6,0,12,10,5,3,7
20194,A,골목상권,3110401,도봉구민회관,243,65,178,0,29,32,38,87,57,0,4,14,14,22,11,0,25,18,24,65,46
20194,D,발달상권,3120084,공릉역,712,546,166,3,33,59,110,240,267,1,11,22,63,205,244,2,22,37,47,35,23
20194,A,골목상권,3110419,수락산디자인거리,695,462,233,5,94,131,159,180,126,5,49,76,108,130,94,0,45,55,51,50,32
20194,A,골목상권,3110425,계상초등학교,136,59,77,2,18,12,36,40,28,2,5,7,19,15,11,0,13,5,17,25,17
20194,A,골목상권,3110421,석계역 1번,249,109,140,0,22,37,78,65,47,0,8,16,31,26,28,0,14,21,47,39,19
20194,R,전통시장,3130167,연신내상점가(연빛거리),632,234,398,1,143,140,156,118,74,1,30,48,57,51,47,0,113,92,99,67,27
20194,D,발달상권,3120088,구산역,799,279,520,2,86,117,175,272,147,2,30,65,68,59,55,0,56,52,107,213,92
20194,A,골목상권,3110473,구산역 1번,436,241,195,0,34,59,113,107,123,0,24,27,53,49,88,0,10,32,60,58,35
20194,A,골목상권,3110487,불광역 8번,63,35,28,0,11,22,15,8,7,0,6,11,7,8,3,0,5,11,8,0,4
20194,A,골목상권,3110480,연신내역 3번,161,51,110,0,16,35,52,35,23,0,3,9,17,12,10,0,13,26,35,23,13
20194,A,골목상권,3110474,세명컴퓨터고등학교,119,55,64,0,7,33,28,23,28,0,2,14,11,8,20,0,5,19,17,15,8
20194,A,골목상권,3110482,연신초등학교,11,7,4,0,0,0,4,6,1,0,0,0,3,3,1,0,0,0,1,3,0
20194,A,골목상권,3110455,역촌노인복지관,690,369,321,2,73,120,187,203,105,0,37,64,89,109,70,2,36,56,98,94,35
20194,A,골목상권,3110470,신진과학기술고등학교,93,65,28,0,7,17,34,25,10,0,5,10,26,19,5,0,2,7,8,6,5
20194,A,골목상권,3110475,백련산해모로아파트,245,127,118,1,23,44,76,70,31,1,10,24,44,29,19,0,13,20,32,41,12
20194,D,발달상권,3120089,구파발역,5,1,4,0,0,0,1,2,2,0,0,0,0,1,0,0,0,0,1,1,2
20194,R,전통시장,3130173,백련시장,5,3,2,0,0,1,0,2,2,0,0,1,0,0,2,0,0,0,0,2,0
20194,D,발달상권,3120096,"이화여대(이대역, 이대)",493,210,283,1,81,137,130,86,58,0,27,52,48,43,40,1,54,85,82,43,18
20194,A,골목상권,3110532,아현역 2번,328,204,124,0,52,33,46,78,119,0,17,13,22,57,95,0,35,20,24,21,24
20194,R,전통시장,3130178,이대 앞 스타트업 상점가,30,6,24,0,5,5,8,6,6,0,1,0,3,0,2,0,4,5,5,6,4
20194,A,골목상권,3110517,서대문소방서,884,634,250,8,197,216,203,177,83,5,99,170,163,146,51,3,98,46,40,31,32
20194,A,골목상권,3110512,연희지하차도,335,165,170,0,40,62,102,99,32,0,14,38,44,49,20,0,26,24,58,50,12
20194,A,골목상권,3110536,돈의문센트레빌아파트입구,141,105,36,0,12,23,61,32,13,0,7,17,50,21,10,0,5,6,11,11,3
20194,A,골목상권,3110534,경기대학교,157,88,69,0,10,29,28,42,48,0,7,20,14,19,28,0,3,9,14,23,20
20194,A,골목상권,3110516,정원여중,227,101,126,0,35,40,62,65,25,0,17,18,27,23,16,0,18,22,35,42,9
20194,A,골목상권,3110527,홍제역 2번,185,89,96,1,36,40,36,40,32,1,11,26,15,21,15,0,25,14,21,19,17
20194,A,골목상권,3110572,서강대역 1번,470,254,216,1,63,130,117,116,43,1,32,67,58,66,30,0,31,63,59,50,13
20194,A,골목상권,3110575,대흥동주민센터,208,157,51,2,25,48,36,49,48,2,11,35,25,41,43,0,14,13,11,8,5
20194,D,발달상권,3120100,망원역,846,397,449,4,199,227,191,137,88,2,52,99,101,94,49,2,147,128,90,43,39
20194,R,전통시장,3130185,망원월드컵시장,190,123,67,1,26,69,53,25,16,1,14,43,35,16,14,0,12,26,18,9,2
20194,A,골목상권,3110547,KB국민은행 망원동지점,284,168,116,0,13,47,93,76,55,0,4,25,55,45,39,0,9,22,38,31,16
20194,R,전통시장,3130183,상암동상점가,816,607,209,1,89,204,283,187,52,0,49,150,227,143,38,1,40,54,56,44,14
20194,A,골목상권,3110569,홍대땡땡거리,358,153,205,2,62,108,97,53,36,1,18,48,46,19,21,1,44,60,51,34,15
20194,A,골목상권,3110554,망원역 1번,1579,777,802,2,213,371,508,350,135,2,105,188,241,156,85,0,108,183,267,194,50
20194,A,골목상권,3110551,성서초등학교,803,387,416,1,110,164,235,172,121,1,42,90,114,81,59,0,68,74,121,91,62
20194,R,전통시장,3130198,아현시장,203,45,158,1,51,84,52,10,5,0,8,5,26,4,2,1,43,79,26,6,3
20194,A,골목상권,3110550,합정역 8번,1578,740,838,1,240,411,414,333,179,0,84,165,221,171,99,1,156,246,193,162,80
20194,A,골목상권,3110546,양화대교북단,732,436,296,3,189,254,157,76,53,3,81,126,120,62,44,0,108,128,37,14,9
20194,D,발달상권,3120114,목동신시가지,13498,9371,4127,46,2070,3798,3444,2895,1245,29,1126,2619,2554,2204,839,17,944,1179,890,691,406
20194,A,골목상권,3110619,목4동주민센터,311,203,108,1,51,87,89,64,19,1,16,52,58,57,19,0,35,35,31,7,0
20194,A,골목상권,3110607,금빛새마을금고본점,47,29,18,0,1,10,11,14,11,0,1,4,5,10,9,0,0,6,6,4,2
20194,A,골목상권,3110608,신월2동주민센터,875,454,421,1,51,116,229,273,205,1,23,69,117,127,117,0,28,47,112,146,88
20194,A,골목상권,3110647,화곡역 5번,899,461,438,2,117,230,224,230,96,1,44,138,111,116,51,1,73,92,113,114,45
20194,A,골목상권,3110594,신월중학교,357,182,175,0,35,116,89,85,32,0,10,41,50,52,29,0,25,75,39,33,3
20194,R,전통시장,3130205,신곡종합시장(신월6동 골목시장),141,103,38,1,17,36,39,32,16,0,10,27,33,18,15,1,7,9,6,14,1
20194,A,골목상권,3110602,신월시영아파트중문,674,584,90,1,8,23,81,250,311,0,4,14,55,218,293,1,4,9,26,32,18
20194,A,골목상권,3110600,신월7동주민센터,350,263,87,0,32,30,66,101,121,0,17,14,38,79,115,0,15,16,28,22,6
20194,A,골목상권,3110610,계남근린공원,126,85,41,0,5,11,41,44,25,0,3,6,28,35,13,0,2,5,13,9,12
20194,A,골목상권,3110616,양목초등학교,161,103,58,0,3,23,19,40,76,0,2,18,14,32,37,0,1,5,5,8,39
20194,A,골목상권,3110611,신정역 1번,289,192,97,2,34,57,88,74,34,2,20,42,52,46,30,0,14,15,36,28,4
20194,A,골목상권,3110635,공항시장역 3번,1451,391,1060,4,64,82,162,479,660,1,43,58,63,33,193,3,21,24,99,446,467
20194,D,발달상권,3120122,강서구청,2179,1231,948,4,314,461,494,447,459,2,103,228,271,262,365,2,211,233,223,185,94
20194,A,골목상권,3110638,신방화역 2번,372,202,170,3,53,75,88,87,66,3,22,40,44,43,50,0,31,35,44,44,16
20194,A,골목상권,3110650,우장산힐스테이트,143,116,27,0,23,30,51,20,19,0,15,25,42,17,17,0,8,5,9,3,2
20194,A,골목상권,3110702,개봉초등학교,131,93,38,1,15,18,33,34,30,1,10,13,23,24,22,0,5,5,10,10,8
20194,R,전통시장,3130227,고척골목시장상점가(그라운드 고척),33,14,19,0,4,6,10,8,5,0,0,1,5,5,3,0,4,5,5,3,2
20194,A,골목상권,3110699,덕의초등학교,136,79,57,0,14,22,29,43,28,0,7,14,13,24,21,0,7,8,16,19,7
20194,D,발달상권,3120129,구로디지털단지,48873,32033,16840,196,10422,16630,12386,5777,3462,127,5285,11083,8771,3995,2772,69,5137,5547,3615,1782,690
20194,A,골목상권,3110712,남구로역 5번,233,108,125,1,32,36,66,64,34,0,10,17,24,32,25,1,22,19,42,32,9
20194,A,골목상권,3110720,대림역 2번,228,87,141,0,27,50,65,49,37,0,11,14,18,17,27,0,16,36,47,32,10
20194,R,전통시장,3130231,독산동 우시장,611,476,135,2,31,74,126,196,182,0,16,55,97,145,163,2,15,19,29,51,19
20194,A,골목상권,3110745,독산동정훈단지,251,191,60,0,11,20,33,86,101,0,3,12,22,64,90,0,8,8,11,22,11
20194,D,발달상권,3120134,구로전화국,2014,1668,346,0,107,157,172,223,1355,0,44,75,96,153,1300,0,63,82,76,70,55
20194,A,골목상권,3110755,동일여자고등학교,193,51,142,0,10,24,45,70,44,0,3,8,17,11,12,0,7,16,28,59,32
20194,D,발달상권,3120143,당산역,2671,1987,684,9,326,516,558,517,745,2,194,394,403,386,608,7,132,122,155,131,137
20194,A,골목상권,3110778,구로디지털단지역 4번,1596,862,734,0,248,459,484,224,181,0,122,281,192,136,131,0,126,178,292,88,50
20194,A,골목상권,3110771,대림역 11번,955,604,351,0,22,38,128,210,557,0,21,30,73,131,349,0,1,8,55,79,208
20194,D,발달상권,3120139,대림3동사거리,3619,2404,1215,14,423,867,992,727,596,5,220,632,783,462,302,9,203,235,209,265,294
20194,A,골목상권,3110768,도림2동유수지내체육시설,294,155,139,0,20,43,63,73,95,0,7,22,32,41,53,0,13,21,31,32,42
20194,A,골목상권,3110759,문래예술촌(문래창작촌),4221,2168,2053,9,521,838,1001,1281,571,5,266,553,595,462,287,4,255,285,406,819,284
20194,D,발달상권,3120152,신대방삼거리역,578,278,300,1,66,127,150,148,86,1,22,63,80,70,42,0,44,64,70,78,44
20201,D,발달상권,3120007,북촌(안국역),10443,8282,2161,8,1148,3636,3182,1964,505,5,644,2891,2647,1702,393,3,504,745,535,262,112
20201,A,골목상권,3110018,중앙고등학교,829,408,421,0,92,166,209,160,202,0,27,55,100,80,146,0,65,111,109,80,56
20201,A,골목상권,3110006,부암동주민센터,27,16,11,0,2,7,7,5,6,0,2,5,2,3,4,0,0,2,5,2,2
20201,A,골목상권,3110012,성곡미술관,1042,489,553,0,260,329,260,111,82,0,70,152,149,69,49,0,190,177,111,42,33
20201,D,발달상권,3120002,서촌(경복궁역),1989,1071,918,37,487,674,421,221,149,0,190,387,258,131,105,37,297,287,163,90,44
20201,D,발달상권,3120005,삼청동,3049,2795,254,1,399,709,898,817,225,0,340,633,848,776,198,1,59,76,50,41,27
20201,D,발달상권,3120013,이화사거리,7536,5468,2068,8,1300,2502,2063,1294,369,1,626,1730,1678,1171,262,7,674,772,385,123,107
20201,D,발달상권,3120006,종각역,33181,16028,17153,59,5900,11133,9928,5489,672,14,2254,4920,4677,3672,491,45,3646,6213,5251,1817,181
20201,A,골목상권,3110019,창덕궁,325,215,110,0,47,91,82,71,34,0,21,65,53,49,27,0,26,26,29,22,7
20201,R,전통시장,3130016,동대문상가B동,2,1,1,0,0,1,1,0,0,0,0,0,1,0,0,0,0,1,0,0,0
20201,R,전통시장,3130019,동대문상가D동,29,22,7,0,6,6,5,4,8,0,4,3,4,4,7,0,2,3,1,0,1
20201,R,전통시장,3130001,통인시장,63,31,32,0,4,16,12,13,18,0,2,4,7,7,11,0,2,12,5,6,7
20201,D,발달상권,3120037,동대문역사문화공원역,35317,17057,18260,421,11234,9194,6979,5237,2252,180,5605,5543,3901,1328,500,241,5629,3651,3078,3909,1752
20201,A,골목상권,3110052,장충초등학교,484,281,203,0,43,100,132,130,79,0,16,63,75,82,45,0,27,37,57,48,34
20201,D,발달상권,3120026,을지로입구역,30610,18501,12109,14,4275,11589,8473,5661,598,4,1729,5846,5959,4562,401,10,2546,5743,2514,1099,197
20201,A,골목상권,3110038,경향신문사,1096,759,337,0,195,395,283,181,42,0,63,266,227,165,38,0,132,129,56,16,4
20201,R,전통시장,3130035,방산종합시장(방산시장),1190,736,454,1,96,200,284,312,297,0,56,117,154,191,218,1,40,83,130,121,79
20201,R,전통시장,3130033,대림상가(청계상가),169,121,48,0,7,29,54,39,40,0,3,19,35,30,34,0,4,10,19,9,6
20201,R,전통시장,3130034,필동 골목형상점가,14,7,7,0,2,4,5,2,1,0,1,2,2,2,0,0,1,2,3,0,1
20201,D,발달상권,3120042,"숙대입구역(남영역, 남영동)",4057,2797,1260,20,750,1490,1024,558,215,8,370,894,831,510,184,12,380,596,193,48,31
20201,A,골목상권,3110092,NH농협은행 보광동지점,468,168,300,0,90,111,103,94,70,0,11,47,34,33,43,0,79,64,69,61,27
20201,A,골목상권,3110083,서빙고역 1번,149,109,40,0,26,53,42,14,14,0,13,42,29,12,13,0,13,11,13,2,1
20201,A,골목상권,3110060,효창공원앞역 6번,287,170,117,0,28,62,80,73,44,0,10,34,48,47,31,0,18,28,32,26,13
20201,A,골목상권,3110068,남영역 1번,1090,615,475,8,161,257,250,224,190,6,60,135,151,138,125,2,101,122,99,86,65
20201,R,전통시장,3130058,이촌종합시장,109,78,31,0,13,19,25,26,26,0,7,12,15,21,23,0,6,7,10,5,3
20201,A,골목상권,3110091,리움미술관,1106,810,296,0,216,345,343,155,47,0,117,236,293,128,36,0,99,109,50,27,11
20201,A,골목상권,3110061,효창동주민센터,478,306,172,1,61,91,154,113,58,1,38,53,100,67,47,0,23,38,54,46,11
20201,A,골목상권,3110122,마장역 2번,461,270,191,1,60,87,116,112,85,1,32,59,68,60,50,0,28,28,48,52,35
20201,R,전통시장,3130068,마장축산물시장,975,630,345,1,102,202,250,248,172,1,68,127,155,165,114,0,34,75,95,83,58
20201,A,골목상권,3110125,사근동살곶이상점가,135,83,52,2,25,39,35,21,13,2,13,21,24,13,10,0,12,18,11,8,3
20201,R,전통시장,3130070,뚝섬역상점가,1017,698,319,6,178,260,218,222,133,4,105,180,144,157,108,2,73,80,74,65,25
20201,R,전통시장,3130066,행당시장상점가,360,178,182,0,42,76,102,95,45,0,17,37,53,44,27,0,25,39,49,51,18
20201,A,골목상권,3110178,장로회신학대학교,165,108,57,0,21,38,33,47,26,0,13,31,16,34,14,0,8,7,17,13,12
20201,A,골목상권,3110147,능동우편취급국,815,464,351,4,120,172,160,137,222,2,56,88,104,77,137,2,64,84,56,60,85
20201,A,골목상권,3110154,광진정말공원,255,146,109,1,31,54,61,65,43,1,16,34,30,34,31,0,15,20,31,31,12
20201,A,골목상권,3110151,자양한강도서관,249,175,74,4,35,52,63,66,29,3,24,37,49,41,21,1,11,15,14,25,8
20201,R,전통시장,3130083,"중곡제일시장(중곡제일골목시장, 광성시장)",111,68,43,0,15,21,29,24,22,0,7,14,20,10,17,0,8,7,9,14,5
20201,A,골목상권,3110162,군자역 4번,618,370,248,0,127,163,133,111,84,0,98,119,77,43,33,0,29,44,56,68,51
20201,A,골목상권,3110171,중곡4동주민센터,59,36,23,0,4,8,7,22,18,0,1,2,3,15,15,0,3,6,4,7,3
20201,R,전통시장,3130079,한아름시장,40,29,11,0,5,6,6,10,13,0,4,4,5,6,10,0,1,2,1,4,3
20201,A,골목상권,3110217,자동차부품상가,506,391,115,1,34,105,144,124,98,1,25,88,116,84,77,0,9,17,28,40,21
20201,A,골목상권,3110225,촬영소사거리,330,204,126,0,22,36,68,83,121,0,9,25,42,55,73,0,13,11,26,28,48
20201,A,골목상권,3110218,답십리사거리,158,83,75,0,14,25,45,60,14,0,5,12,22,33,11,0,9,13,23,27,3
20201,A,골목상권,3110188,용두동신동아아파트,807,607,200,8,104,178,229,191,97,2,68,150,181,132,74,6,36,28,48,59,23
20201,A,골목상권,3110184,용두사거리,398,205,193,0,77,135,72,64,50,0,37,51,33,45,39,0,40,84,39,19,11
20201,A,골목상권,3110213,청량초등학교,124,81,43,0,19,57,17,15,16,0,7,41,13,7,13,0,12,16,4,8,3
20201,A,골목상권,3110220,외대앞역 1번,193,111,82,0,28,37,54,47,27,0,7,18,33,34,19,0,21,19,21,13,8
20201,A,골목상권,3110230,장안현대홈타운1차아파트,161,101,60,0,15,32,52,45,17,0,6,22,33,28,12,0,9,10,19,17,5
20201,A,골목상권,3110216,전농중학교,208,68,140,1,32,48,62,50,15,1,11,14,18,18,6,0,21,34,44,32,9
20201,R,전통시장,3130091,청량종합도매시장,36,27,9,0,1,3,11,14,7,0,0,3,8,10,6,0,1,0,3,4,1
20201,A,골목상권,3110275,하나은행 망우동지점,63,33,30,0,4,9,19,16,15,0,3,6,9,5,10,0,1,3,10,11,5
20201,R,전통시장,3130112,사가정시장,86,28,58,0,13,17,24,19,13,0,0,3,6,8,11,0,13,14,18,11,2
20201,R,전통시장,3130109,묵1동도깨비시장,47,33,14,0,2,9,16,9,11,0,1,5,13,5,9,0,1,4,3,4,2
20201,R,전통시장,3130107,중랑동부시장(중랑교종합상가),13,3,10,0,0,1,4,5,3,0,0,0,0,1,2,0,0,1,4,4,1
20201,A,골목상권,3110276,신내IC북측,29,18,11,0,1,4,8,9,7,0,0,3,5,6,4,0,1,1,3,3,3
20201,A,골목상권,3110240,태릉시장 특화거리,97,39,58,2,20,13,28,16,18,1,3,8,7,8,12,1,17,5,21,8,6
20201,A,골목상권,3110299,정릉역 1번,372,241,131,1,33,49,83,95,111,0,9,12,40,74,106,1,24,37,43,21,5
20201,A,골목상권,3110302,보문역 8번,3797,3177,620,1,364,1434,710,823,465,1,252,1274,656,702,292,0,112,160,54,121,173
20201,A,골목상권,3110333,돌곶이역 5번,988,746,242,0,15,23,38,74,838,0,2,13,20,42,669,0,13,10,18,32,169
20201,D,발달상권,3120074,안암역,59,28,31,1,12,16,12,8,10,0,5,9,7,2,5,1,7,7,5,6,5
20201,R,전통시장,3130125,장위전통시장,40,20,20,0,5,6,7,8,14,0,0,2,5,5,8,0,5,4,2,3,6
20201,A,골목상권,3110295,정릉우체국,679,248,431,0,166,178,163,119,53,0,36,67,49,52,44,0,130,111,114,67,9
20201,A,골목상권,3110290,북한산보국문역 1번,96,78,18,0,2,9,29,37,19,0,1,8,23,30,16,0,1,1,6,7,3
20201,A,골목상권,3110284,정릉북한산국립공원입구,562,506,56,0,5,59,181,229,88,0,4,49,161,211,81,0,1,10,20,18,7
20201,A,골목상권,3110315,종암아이파크2차,124,78,46,0,11,17,41,38,17,0,4,9,27,25,13,0,7,8,14,13,4
20201,A,골목상권,3110311,종암아이파크2차후문,18,9,9,0,0,2,8,3,5,0,0,1,3,1,4,0,0,1,5,2,1
20201,D,발달상권,3120077,미아역,218,97,121,0,32,37,52,64,33,0,11,8,18,38,22,0,21,29,34,26,11
20201,A,골목상권,3110355,삼양사거리역 2번,306,254,52,0,8,26,44,103,125,0,1,10,31,94,118,0,7,16,13,9,7
20201,R,전통시장,3130135,수유중앙골목시장(수유중앙시장),24,12,12,0,0,3,4,5,12,0,0,2,2,0,8,0,0,1,2,5,4
20201,A,골목상권,3110372,강북중학교,188,100,88,0,21,43,50,48,26,0,17,25,18,20,20,0,4,18,32,28,6
20201,R,전통시장,3130129,장미원골목시장,911,571,340,0,15,14,38,89,755,0,1,4,12,40,514,0,14,10,26,49,241
20201,R,전통시장,3130130,수유북부골목시장,20,14,6,0,1,1,7,5,6,0,0,0,6,3,5,0,1,1,1,2,1
20201,A,골목상권,3110405,방학역 1번,1123,365,758,3,130,176,308,427,79,3,67,109,82,70,34,0,63,67,226,357,45
20201,R,전통시장,3130151,신도봉시장,5,5,0,0,1,0,2,2,0,0,1,0,2,2,0,0,0,0,0,0,0
20201,A,골목상권,3110407,도봉역 2번,560,337,223,1,32,75,115,203,134,1,8,40,57,126,105,0,24,35,58,77,29
20201,R,전통시장,3130152,오!도봉거리 상점가,42,17,25,0,4,14,15,6,3,0,0,5,7,4,1,0,4,9,8,2,2
20201,A,골목상권,3110412,창동중학교,25,23,2,0,4,7,3,4,7,0,3,7,3,3,7,0,1,0,0,1,0
20202,D,발달상권,3120007,북촌(안국역),10443,8282,2161,8,1148,3636,3182,1964,505,5,644,2891,2647,1702,393,3,504,745,535,262,112
20202,A,골목상권,3110018,중앙고등학교,829,408,421,0,92,166,209,160,202,0,27,55,100,80,146,0,65,111,109,80,56
20202,A,골목상권,3110006,부암동주민센터,27,16,11,0,2,7,7,5,6,0,2,5,2,3,4,0,0,2,5,2,2
20202,A,골목상권,3110012,성곡미술관,1042,489,553,0,260,329,260,111,82,0,70,152,149,69,49,0,190,177,111,42,33
20202,D,발달상권,3120002,서촌(경복궁역),1989,1071,918,37,487,674,421,221,149,0,190,387,258,131,105,37,297,287,163,90,44
20202,D,발달상권,3120005,삼청동,3049,2795,254,1,399,709,898,817,225,0,340,633,848,776,198,1,59,76,50,41,27
20202,D,발달상권,3120013,이화사거리,7536,5468,2068,8,1300,2502,2063,1294,369,1,626,1730,1678,1171,262,7,674,772,385,123,107
20202,D,발달상권,3120006,종각역,33181,16028,17153,59,5900,11133,9928,5489,672,14,2254,4920,4677,3672,491,45,3646,6213,5251,1817,181
20202,A,골목상권,3110019,창덕궁,325,215,110,0,47,91,82,71,34,0,21,65,53,49,27,0,26,26,29,22,7
20202,R,전통시장,3130016,동대문상가B동,2,1,1,0,0,1,1,0,0,0,0,0,1,0,0,0,0,1,0,0,0
20202,R,전통시장,3130019,동대문상가D동,29,22,7,0,6,6,5,4,8,0,4,3,4,4,7,0,2,3,1,0,1
20202,R,전통시장,3130001,통인시장,63,31,32,0,4,16,12,13,18,0,2,4,7,7,11,0,2,12,5,6,7
20202,D,발달상권,3120037,동대문역사문화공원역,35317,17057,18260,421,11234,9194,6979,5237,2252,180,5605,5543,3901,1328,500,241,5629,3651,3078,3909,1752
20202,A,골목상권,3110052,장충초등학교,484,281,203,0,43,100,132,130,79,0,16,63,75,82,45,0,27,37,57,48,34
20202,D,발달상권,3120026,을지로입구역,30610,18501,12109,14,4275,11589,8473,5661,598,4,1729,5846,5959,4562,401,10,2546,5743,2514,1099,197
20202,A,골목상권,3110038,경향신문사,1096,759,337,0,195,395,283,181,42,0,63,266,227,165,38,0,132,129,56,16,4
20202,R,전통시장,3130035,방산종합시장(방산시장),1190,736,454,1,96,200,284,312,297,0,56,117,154,191,218,1,40,83,130,121,79
20202,R,전통시장,3130033,대림상가(청계상가),169,121,48,0,7,29,54,39,40,0,3,19,35,30,34,0,4,10,19,9,6
20202,R,전통시장,3130034,필동 골목형상점가,14,7,7,0,2,4,5,2,1,0,1,2,2,2,0,0,1,2,3,0,1
20202,D,발달상권,3120042,"숙대입구역(남영역, 남영동)",4057,2797,1260,20,750,1490,1024,558,215,8,370,894,831,510,184,12,380,596,193,48,31
20202,A,골목상권,3110092,NH농협은행 보광동지점,468,168,300,0,90,111,103,94,70,0,11,47,34,33,43,0,79,64,69,61,27
20202,A,골목상권,3110083,서빙고역 1번,149,109,40,0,26,53,42,14,14,0,13,42,29,12,13,0,13,11,13,2,1
20202,A,골목상권,3110060,효창공원앞역 6번,287,170,117,0,28,62,80,73,44,0,10,34,48,47,31,0,18,28,32,26,13
20202,A,골목상권,3110068,남영역 1번,1090,615,475,8,161,257,250,224,190,6,60,135,151,138,125,2,101,122,99,86,65
20202,R,전통시장,3130058,이촌종합시장,109,78,31,0,13,19,25,26,26,0,7,12,15,21,23,0,6,7,10,5,3
20202,A,골목상권,3110091,리움미술관,1106,810,296,0,216,345,343,155,47,0,117,236,293,128,36,0,99,109,50,27,11
20202,A,골목상권,3110061,효창동주민센터,478,306,172,1,61,91,154,113,58,1,38,53,100,67,47,0,23,38,54,46,11
20202,A,골목상권,3110122,마장역 2번,461,270,191,1,60,87,116,112,85,1,32,59,68,60,50,0,28,28,48,52,35
20202,R,전통시장,3130068,마장축산물시장,975,630,345,1,102,202,250,248,172,1,68,127,155,165,114,0,34,75,95,83,58
20202,A,골목상권,3110125,사근동살곶이상점가,135,83,52,2,25,39,35,21,13,2,13,21,24,13,10,0,12,18,11,8,3
20202,R,전통시장,3130070,뚝섬역상점가,1017,698,319,6,178,260,218,222,133,4,105,180,144,157,108,2,73,80,74,65,25
20202,R,전통시장,3130066,행당시장상점가,360,178,182,0,42,76,102,95,45,0,17,37,53,44,27,0,25,39,49,51,18
20202,A,골목상권,3110178,장로회신학대학교,165,108,57,0,21,38,33,47,26,0,13,31,16,34,14,0,8,7,17,13,12
20202,A,골목상권,3110147,능동우편취급국,815,464,351,4,120,172,160,137,222,2,56,88,104,77,137,2,64,84,56,60,85
20202,A,골목상권,3110154,광진정말공원,255,146,109,1,31,54,61,65,43,1,16,34,30,34,31,0,15,20,31,31,12
20202,A,골목상권,3110151,자양한강도서관,249,175,74,4,35,52,63,66,29,3,24,37,49,41,21,1,11,15,14,25,8
20202,R,전통시장,3130083,"중곡제일시장(중곡제일골목시장, 광성시장)",111,68,43,0,15,21,29,24,22,0,7,14,20,10,17,0,8,7,9,14,5
20202,A,골목상권,3110162,군자역 4번,618,370,248,0,127,163,133,111,84,0,98,119,77,43,33,0,29,44,56,68,51
20202,A,골목상권,3110171,중곡4동주민센터,59,36,23,0,4,8,7,22,18,0,1,2,3,15,15,0,3,6,4,7,3
20202,R,전통시장,3130079,한아름시장,40,29,11,0,5,6,6,10,13,0,4,4,5,6,10,0,1,2,1,4,3
20202,A,골목상권,3110217,자동차부품상가,506,391,115,1,34,105,144,124,98,1,25,88,116,84,77,0,9,17,28,40,21
20202,A,골목상권,3110225,촬영소사거리,330,204,126,0,22,36,68,83,121,0,9,25,42,55,73,0,13,11,26,28,48
20202,A,골목상권,3110218,답십리사거리,158,83,75,0,14,25,45,60,14,0,5,12,22,33,11,0,9,13,23,27,3
20202,A,골목상권,3110188,용두동신동아아파트,807,607,200,8,104,178,229,191,97,2,68,150,181,132,74,6,36,28,48,59,23
20202,A,골목상권,3110184,용두사거리,398,205,193,0,77,135,72,64,50,0,37,51,33,45,39,0,40,84,39,19,11
20202,A,골목상권,3110213,청량초등학교,124,81,43,0,19,57,17,15,16,0,7,41,13,7,13,0,12,16,4,8,3
20202,A,골목상권,3110220,외대앞역 1번,193,111,82,0,28,37,54,47,27,0,7,18,33,34,19,0,21,19,21,13,8
20202,A,골목상권,3110230,장안현대홈타운1차아파트,161,101,60,0,15,32,52,45,17,0,6,22,33,28,12,0,9,10,19,17,5
20202,A,골목상권,3110216,전농중학교,208,68,140,1,32,48,62,50,15,1,11,14,18,18,6,0,21,34,44,32,9
20202,R,전통시장,3130091,청량종합도매시장,36,27,9,0,1,3,11,14,7,0,0,3,8,10,6,0,1,0,3,4,1
20202,A,골목상권,3110275,하나은행 망우동지점,63,33,30,0,4,9,19,16,15,0,3,6,9,5,10,0,1,3,10,11,5
20202,R,전통시장,3130112,사가정시장,86,28,58,0,13,17,24,19,13,0,0,3,6,8,11,0,13,14,18,11,2
20202,R,전통시장,3130109,묵1동도깨비시장,47,33,14,0,2,9,16,9,11,0,1,5,13,5,9,0,1,4,3,4,2
20202,R,전통시장,3130107,중랑동부시장(중랑교종합상가),13,3,10,0,0,1,4,5,3,0,0,0,0,1,2,0,0,1,4,4,1
20202,A,골목상권,3110276,신내IC북측,29,18,11,0,1,4,8,9,7,0,0,3,5,6,4,0,1,1,3,3,3
20202,A,골목상권,3110240,태릉시장 특화거리,97,39,58,2,20,13,28,16,18,1,3,8,7,8,12,1,17,5,21,8,6
20202,A,골목상권,3110299,정릉역 1번,372,241,131,1,33,49,83,95,111,0,9,12,40,74,106,1,24,37,43,21,5
20202,A,골목상권,3110302,보문역 8번,3797,3177,620,1,364,1434,710,823,465,1,252,1274,656,702,292,0,112,160,54,121,173
20202,A,골목상권,3110333,돌곶이역 5번,988,746,242,0,15,23,38,74,838,0,2,13,20,42,669,0,13,10,18,32,169
20202,D,발달상권,3120074,안암역,59,28,31,1,12,16,12,8,10,0,5,9,7,2,5,1,7,7,5,6,5
20202,R,전통시장,3130125,장위전통시장,40,20,20,0,5,6,7,8,14,0,0,2,5,5,8,0,5,4,2,3,6
20202,A,골목상권,3110295,정릉우체국,679,248,431,0,166,178,163,119,53,0,36,67,49,52,44,0,130,111,114,67,9
20202,A,골목상권,3110290,북한산보국문역 1번,96,78,18,0,2,9,29,37,19,0,1,8,23,30,16,0,1,1,6,7,3
20202,A,골목상권,3110284,정릉북한산국립공원입구,562,506,56,0,5,59,181,229,88,0,4,49,161,211,81,0,1,10,20,18,7
20202,A,골목상권,3110315,종암아이파크2차,124,78,46,0,11,17,41,38,17,0,4,9,27,25,13,0,7,8,14,13,4
20202,A,골목상권,3110311,종암아이파크2차후문,18,9,9,0,0,2,8,3,5,0,0,1,3,1,4,0,0,1,5,2,1
20202,D,발달상권,3120077,미아역,218,97,121,0,32,37,52,64,33,0,11,8,18,38,22,0,21,29,34,26,11
20202,A,골목상권,3110355,삼양사거리역 2번,306,254,52,0,8,26,44,103,125,0,1,10,31,94,118,0,7,16,13,9,7
20202,R,전통시장,3130135,수유중앙골목시장(수유중앙시장),24,12,12,0,0,3,4,5,12,0,0,2,2,0,8,0,0,1,2,5,4
20202,A,골목상권,3110372,강북중학교,188,100,88,0,21,43,50,48,26,0,17,25,18,20,20,0,4,18,32,28,6
20202,R,전통시장,3130129,장미원골목시장,911,571,340,0,15,14,38,89,755,0,1,4,12,40,514,0,14,10,26,49,241
20202,R,전통시장,3130130,수유북부골목시장,20,14,6,0,1,1,7,5,6,0,0,0,6,3,5,0,1,1,1,2,1
20202,A,골목상권,3110405,방학역 1번,1123,365,758,3,130,176,308,427,79,3,67,109,82,70,34,0,63,67,226,357,45
20202,R,전통시장,3130151,신도봉시장,5,5,0,0,1,0,2,2,0,0,1,0,2,2,0,0,0,0,0,0,0
20202,A,골목상권,3110407,도봉역 2번,560,337,223,1,32,75,115,203,134,1,8,40,57,126,105,0,24,35,58,77,29
20202,R,전통시장,3130152,오!도봉거리 상점가,42,17,25,0,4,14,15,6,3,0,0,5,7,4,1,0,4,9,8,2,2
20202,A,골목상권,3110412,창동중학교,25,23,2,0,4,7,3,4,7,0,3,7,3,3,7,0,1,0,0,1,0
20202,R,전통시장,3130148,방학동도깨비시장,39,16,23,0,2,6,12,12,7,0,0,1,5,8,2,0,2,5,7,4,5
20202,A,골목상권,3110394,방학중학교,214,133,81,0,19,35,50,54,56,0,12,20,26,35,40,0,7,15,24,19,16
20202,A,골목상권,3110384,문이교,261,139,122,0,38,20,56,85,62,0,12,8,21,51,47,0,26,12,35,34,15
20202,A,골목상권,3110388,도봉우체국,35,23,12,0,4,3,10,14,4,0,2,2,7,8,4,0,2,1,3,6,0
20202,A,골목상권,3110442,화랑대철도공원,76,20,56,0,1,4,14,49,8,0,0,2,4,10,4,0,1,2,10,39,4
20202,A,골목상권,3110424,상계초등학교,388,157,231,2,42,50,96,106,92,2,18,32,32,42,31,0,24,18,64,64,61
20202,A,골목상권,3110437,당고개역 2번,116,40,76,0,16,23,25,41,11,0,5,11,9,10,5,0,11,12,16,31,6
20202,A,골목상권,3110439,당고개역 5번,96,45,51,0,4,14,12,32,34,0,0,10,6,16,13,0,4,4,6,16,21
20202,A,골목상권,3110440,상계3동4동주민센터,49,16,33,0,8,6,15,10,10,0,1,1,4,2,8,0,7,5,11,8,2
20202,A,골목상권,3110420,광운대역 1번,796,472,324,7,233,310,184,40,22,0,114,234,89,21,14,7,119,76,95,19,8
20202,A,골목상권,3110431,상계역,124,72,52,1,16,24,28,37,18,0,2,13,17,27,13,1,14,11,11,10,5
20202,A,골목상권,3110467,은평요양병원,487,284,203,3,90,154,110,68,62,2,46,100,61,37,38,1,44,54,49,31,24
20202,A,골목상권,3110454,선정중학교,481,268,213,3,56,71,142,108,101,2,42,35,53,66,70,1,14,36,89,42,31
20202,A,골목상권,3110447,구산초등학교,48,43,5,0,5,15,10,5,13,0,4,15,8,5,11,0,1,0,2,0,2
20202,A,골목상권,3110453,신사1동주민센터,515,288,227,0,43,81,121,155,115,0,20,25,65,85,93,0,23,56,56,70,22
20202,A,골목상권,3110448,상신초등학교입구,120,76,44,1,20,27,26,26,20,1,17,17,12,14,15,0,3,10,14,12,5
20202,A,골목상권,3110466,구산역 2번,87,46,41,0,12,17,26,24,8,0,4,5,16,15,6,0,8,12,10,9,2
20202,R,전통시장,3130166,응암시장(신응암시장),17,10,7,0,0,3,2,5,7,0,0,0,1,3,6,0,0,3,1,2,1
20202,A,골목상권,3110498,증산역 1번,222,102,120,0,15,32,75,68,32,0,7,9,31,32,23,0,8,23,44,36,9
20202,A,골목상권,3110444,수색성당,157,57,100,0,17,39,47,45,9,0,6,14,14,16,7,0,11,25,33,29,2
20202,R,전통시장,3130162,증산골목시장,7,3,4,0,0,2,2,1,2,0,0,0,0,1,2,0,0,2,2,0,0
20202,A,골목상권,3110496,모래내우체국,611,333,278,2,88,190,160,89,82,2,20,100,117,42,52,0,68,90,43,47,30
20202,R,전통시장,3130181,아현가구거리상점가,59,30,29,0,8,11,13,10,17,0,0,7,9,4,10,0,8,4,4,6,7
20202,A,골목상권,3110506,연희임광아파트,110,66,44,0,5,12,39,29,25,0,1,8,20,19,18,0,4,4,19,10,7
20202,A,골목상권,3110505,홍남교남측,14,9,5,0,1,0,3,7,3,0,0,0,2,5,2,0,1,0,1,2,1
20202,A,골목상권,3110510,홍연시장,100,59,41,0,10,14,33,27,16,0,5,6,22,14,12,0,5,8,11,13,4
20202,R,전통시장,3130180,포방터시장,59,34,25,0,13,11,15,6,14,0,4,4,11,5,10,0,9,7,4,1,4
20202,A,골목상권,3110521,홍제역 4번,63,36,27,0,4,7,19,17,16,0,0,4,10,9,13,0,4,3,9,8,3
20202,A,골목상권,3110529,홍제3동주민센터,125,58,67,0,13,20,27,25,40,0,2,5,8,14,29,0,11,15,19,11,11
20202,R,전통시장,3130177,인왕시장(홍제골목형상점가),44,7,37,0,1,1,8,7,27,0,0,0,1,3,3,0,1,1,7,4,24
20202,A,골목상권,3110589,애오개역 3번,46,13,33,0,3,3,15,11,14,0,0,1,4,6,2,0,3,2,11,5,12
20202,R,전통시장,3130195,도화동 상점가,1040,502,538,2,201,267,226,153,191,1,86,132,121,88,74,1,115,135,105,65,117
20202,R,전통시장,3130186,망원시장,143,53,90,0,9,23,40,41,30,0,6,11,14,10,12,0,3,12,26,31,18
20202,A,골목상권,3110542,마포구청역 7번,3997,2442,1555,16,527,714,775,1304,661,9,297,578,604,586,368,7,230,136,171,718,293
20202,D,발달상권,3120098,DMC(디지털미디어시티),8846,5391,3455,19,1691,3228,2856,875,177,11,813,1995,1821,616,135,8,878,1233,1035,259,42
20202,A,골목상권,3110561,상수역 4번,395,247,148,4,59,102,94,89,47,2,21,56,64,68,36,2,38,46,30,21,11
20202,R,전통시장,3130191,홍대 걷고싶은 거리,367,225,142,6,65,65,81,82,68,4,40,41,54,47,39,2,25,24,27,35,29
20202,A,골목상권,3110552,성미산체육관,637,465,172,1,110,159,145,158,64,0,72,120,98,128,47,1,38,39,47,30,17
20202,A,골목상권,3110553,가좌역 2번,281,167,114,0,26,51,79,81,44,0,16,28,44,43,36,0,10,23,35,38,8
20202,A,골목상권,3110570,KB국민은행 서강지점,61,39,22,0,4,22,18,12,5,0,4,13,10,7,5,0,0,9,8,5,0
20202,R,전통시장,3130193,신수시장,34,19,15,0,4,7,12,5,6,0,1,5,5,4,4,0,3,2,7,1,2
20202,A,골목상권,3110624,목동문화체육센터,379,232,147,0,93,117,75,63,31,0,40,79,46,48,19,0,53,38,29,15,12
20202,A,골목상권,3110626,양화초등학교,652,271,381,1,127,138,149,147,90,0,37,57,76,63,38,1,90,81,73,84,52
20202,A,골목상권,3110620,목동보건지소,458,241,217,4,51,85,105,125,88,4,20,48,50,65,54,0,31,37,55,60,34
20202,D,발달상권,3120111,목동사거리,1828,710,1118,1,551,601,341,219,115,0,101,248,161,116,84,1,450,353,180,103,31
20202,R,전통시장,3130202,신영시장,40,13,27,0,3,4,13,16,4,0,2,0,3,6,2,0,1,4,10,10,2
20202,R,전통시장,3130201,월정로시장,27,17,10,0,2,8,10,7,0,0,0,7,6,4,0,0,2,1,4,3,0
20202,A,골목상권,3110606,신한은행 신월동지점,544,307,237,1,49,83,152,152,107,1,26,44,84,72,80,0,23,39,68,80,27
20202,A,골목상권,3110613,신정네거리역 4번,80,20,60,0,8,25,24,19,4,0,2,6,7,4,1,0,6,19,17,15,3
20202,A,골목상권,3110657,양천향교역 5번,3180,2118,1062,12,334,603,741,695,795,8,191,396,493,385,645,4,143,207,248,310,150
20202,A,골목상권,3110648,양천향교역 7번,13,5,8,0,1,7,1,3,1,0,0,3,1,1,0,0,1,4,0,2,1
20202,A,골목상권,3110671,등촌1동주민센터,4521,2889,1632,8,1208,1381,956,636,332,2,375,916,788,522,286,6,833,465,168,114,46
20202,R,전통시장,3130214,송화벽화시장(송화골목시장),119,44,75,2,23,18,25,33,18,0,6,7,9,13,9,2,17,11,16,20,9
20202,A,골목상권,3110668,화곡2동주민센터,471,278,193,0,55,70,139,127,80,0,22,33,81,77,65,0,33,37,58,50,15
20202,A,골목상권,3110646,푸른들청소년도서관,754,384,370,1,92,113,198,187,163,1,26,47,97,99,114,0,66,66,101,88,49
20202,R,전통시장,3130221,"남부골목시장(남부화곡시장, 남부시장)",188,69,119,0,22,32,50,57,27,0,5,5,15,22,22,0,17,27,35,35,5
20202,A,골목상권,3110658,화곡초등학교,253,153,100,0,21,55,62,69,46,0,10,35,36,44,28,0,11,20,26,25,18
20202,A,골목상권,3110721,가리봉파출소,215,104,111,1,6,36,42,42,88,0,2,19,17,22,44,1,4,17,25,20,44
20202,A,골목상권,3110703,개봉역,307,192,115,4,28,54,91,77,53,3,16,30,54,49,40,1,12,24,37,28,13
20202,A,골목상권,3110706,그라운드 고척,410,100,310,0,122,101,101,68,18,0,22,20,28,20,10,0,100,81,73,48,8
20202,A,골목상권,3110701,고척동성당,567,379,188,2,126,185,125,92,37,0,81,133,82,54,29,2,45,52,43,38,8
20202,A,골목상권,3110709,구로119안전센터,185,108,77,0,19,22,56,51,37,0,14,13,36,29,16,0,5,9,20,22,21
20202,A,골목상권,3110716,구로나눔길,666,398,268,1,132,256,164,77,36,0,39,154,115,60,30,1,93,102,49,17,6
20202,D,발달상권,3120125,구로역,9531,6476,3055,29,1115,2177,2439,2305,1466,14,646,1505,1615,1580,1116,15,469,672,824,725,350
20202,A,골목상권,3110693,오류동역 4번,17,9,8,0,1,3,5,4,4,0,1,3,2,2,1,0,0,0,3,2,3
20202,A,골목상권,3110741,독산2동주민센터,444,159,285,0,69,117,96,108,54,0,43,35,26,33,22,0,26,82,70,75,32
20202,A,골목상권,3110789,대림성모병원,491,182,309,0,104,137,115,93,42,0,16,44,49,43,30,0,88,93,66,50,12
20202,A,골목상권,3110769,대림차이나타운(대림역 12번),42,12,30,0,6,8,12,10,6,0,0,3,4,3,2,0,6,5,8,7,4
20202,R,전통시장,3130244,대림중앙시장,94,39,55,3,15,16,21,16,23,2,10,8,10,5,4,1,5,8,11,11,19
20202,A,골목상권,3110772,신우어린이공원,94,55,39,0,9,15,22,26,22,0,5,8,12,19,11,0,4,7,10,7,11
20202,A,골목상권,3110785,영등포푸르지오아파트,161,84,77,2,13,17,39,44,46,2,8,12,24,14,24,0,5,5,15,30,22
20202,A,골목상권,3110761,문래동남성맨션,180,106,74,0,13,43,45,41,38,0,8,17,26,25,30,0,5,26,19,16,8
20202,R,전통시장,3130245,영일시장,675,567,108,1,61,189,238,136,50,0,41,148,217,115,46,1,20,41,21,21,4
20202,A,골목상권,3110758,문래소공원,296,221,75,1,44,77,70,67,37,0,32,60,46,52,31,1,12,17,24,15,6
20202,A,골목상권,3110815,공군호텔,2250,791,1459,4,426,519,477,509,315,0,88,197,168,172,166,4,338,322,309,337,149
20202,A,골목상권,3110787,신길3동주민센터,171,122,49,0,19,35,47,42,28,0,8,25,36,31,22,0,11,10,11,11,6
20202,A,골목상권,3110780,신길대성유니드아파트,223,171,52,0,22,42,71,56,32,0,18,34,51,41,27,0,4,8,20,15,5
20202,A,골목상권,3110804,신풍역 1번,312,187,125,0,15,37,62,63,135,0,4,15,29,35,104,0,11,22,33,28,31
20202,D,발달상권,3120150,63빌딩,8614,5431,3183,45,1167,2157,2997,1883,365,18,610,1437,1563,1568,235,27,557,720,1434,315,130
20202,D,발달상권,3120144,영중로,2017,1073,944,1,254,395,508,598,261,1,142,276,289,230,135,0,112,119,219,368,126
20202,A,골목상권,3110808,신길역 1번,67,48,19,0,3,22,21,13,8,0,3,15,14,9,7,0,0,7,7,4,1
20202,A,골목상권,3110832,노량진초등학교,491,269,222,0,54,105,122,153,57,0,24,64,85,70,26,0,30,41,37,83,31
20202,R,전통시장,3130266,만양로상점가,2,1,1,0,0,0,2,0,0,0,0,0,1,0,0,0,0,0,1,0,0
20202,A,골목상권,3110822,신대방삼거리역 4번(대림초등학교),313,131,182,0,57,71,68,76,41,0,13,28,34,35,21,0,44,43,34,41,20
20202,A,골목상권,3110850,사당역 10번,969,487,482,4,217,207,185,162,194,1,54,88,92,95,157,3,163,119,93,67,37
20202,R,전통시장,3130273,남성사계시장(남성시장),141,63,78,0,21,36,45,22,17,0,3,19,20,8,13,0,18,17,25,14,4
20202,R,전통시장,3130260,신대방1동골목상권,70,31,39,0,8,22,15,15,10,0,0,7,7,10,7,0,8,15,8,5,3
20202,R,전통시장,3130281,우림시장,1,0,1,0,0,0,1,0,0,0,0,0,0,0,0,0,0,0,1,0,0
20202,A,골목상권,3110859,난향초등학교,182,113,69,0,11,32,42,52,45,0,0,21,27,30,35,0,11,11,15,22,10
20202,A,골목상권,3110886,관악해태어린이공원,184,103,81,1,38,50,41,34,20,1,18,28,21,23,12,0,20,22,20,11,8
20202,A,골목상권,3110880,신림역 1번,995,275,720,0,379,296,157,128,35,0,78,87,66,33,11,0,301,209,91,95,24
20202,A,골목상권,3110888,청룡동주민센터,94,53,41,0,5,9,11,22,47,0,3,2,4,6,38,0,2,7,7,16,9
20202,A,골목상권,3110896,관악우성아파트,202,49,153,0,41,37,44,47,33,0,5,7,11,13,13,0,36,30,33,34,20
20202,A,골목상권,3110948,헌인가구단지,57,27,30,0,5,24,14,11,3,0,4,12,6,2,3,0,1,12,8,9,0
20202,D,발달상권,3120165,서래마을카페거리(서래마을),3467,2266,1201,11,605,1119,949,516,267,3,277,716,707,369,194,8,328,403,242,147,73
20202,A,골목상권,3110921,서울프랑스학교,506,312,194,7,63,70,115,134,117,2,30,43,80,86,71,5,33,27,35,48,46
20202,A,골목상권,3110907,방배초등학교,775,476,299,8,119,165,211,143,129,5,54,100,118,95,104,3,65,65,93,48,25
20202,A,골목상권,3110912,방배동사이길,210,128,82,3,33,45,53,42,34,2,16,27,39,21,23,1,17,18,14,21,11
20202,A,골목상권,3110933,한국상담대학원대학교,679,60,619,0,344,156,86,63,30,0,10,15,15,5,15,0,334,141,71,58,15
20202,D,발달상권,3120172,교대입구교차로,10241,5712,4529,53,2062,2700,2445,1945,1036,33,854,1635,1489,1004,697,20,1208,1065,956,941,339
20202,A,골목상권,3110935,한전아트센터,379,264,115,2,53,108,105,72,39,2,33,82,75,46,26,0,20,26,30,26,13
20202,D,발달상권,3120192,뱅뱅사거리,27363,18865,8498,72,5748,8234,6678,4352,2279,37,3275,5587,5090,3174,1702,35,2473,2647,1588,1178,577
20202,D,발달상권,3120180,양재화물트럭터미널앞,2562,2146,416,13,637,812,554,409,137,10,466,711,481,363,115,3,171,101,73,46,22
20202,A,골목상권,3110984,포이초등학교(개포목련어린이공원),1556,1046,510,2,236,342,331,306,339,0,140,241,211,199,255,2,96,101,120,107,84
20202,D,발달상권,3120190,강남을지병원,11725,6199,5526,44,3417,3232,2506,1512,1014,14,1228,1650,1567,988,752,30,2189,1582,939,524,262
20202,D,발달상권,3120196,서울세관,9664,5880,3784,15,1699,2887,2578,1611,874,2,596,1519,1718,1320,725,13,1103,1368,860,291,149
20202,D,발달상권,3120200,학동사거리,9363,3808,5555,26,2868,3075,1848,1005,541,9,654,1122,937,687,399,17,2214,1953,911,318,142
20202,D,발달상권,3120223,휘문고교사거리,9166,5574,3592,20,1785,2926,2736,1401,298,4,1102,2061,1597,609,201,16,683,865,1139,792,97
20202,A,골목상권,3110975,매봉역 1번,10837,6932,3905,34,2175,2199,3202,3019,208,21,1010,1161,2184,2402,154,13,1165,1038,1018,617,54
20202,A,골목상권,3110978,도곡2동주민센터(대치중학교),331,186,145,0,46,70,72,114,29,0,20,41,47,62,16,0,26,29,25,52,13
20202,A,골목상권,3110974,언주중학교,278,168,110,3,58,66,85,43,23,3,25,39,59,27,15,0,33,27,26,16,8
20202,D,발달상권,3120188,압구정역,8579,3750,4829,134,2204,2146,1550,1314,1231,47,698,969,897,556,583,87,1506,1177,653,758,648
20202,D,발달상권,3120202,압구정로데오역(압구정로데오),11735,6075,5660,41,2963,4419,2469,1425,418,11,793,2184,1593,1195,299,30,2170,2235,876,230,119
20202,A,골목상권,3110971,선정릉역 4번,1542,900,642,11,278,455,380,254,164,6,140,270,245,120,119,5,138,185,135,134,45
20202,D,발달상권,3120239,오금역,4595,2925,1670,17,840,1205,1156,897,480,11,447,798,824,483,362,6,393,407,332,414,118
20202,D,발달상권,3120241,거여역,1197,650,547,5,110,221,296,277,288,2,80,152,161,83,172,3,30,69,135,194,116
20202,A,골목상권,3111026,문정역 2번,2257,1479,778,7,430,626,537,409,248,3,235,420,381,229,211,4,195,206,156,180,37
20202,A,골목상권,3111017,송파나루역 3번,272,183,89,0,40,62,62,63,45,0,14,42,42,45,40,0,26,20,20,18,5
20202,A,골목상권,3111010,석촌역 7번,1512,1031,481,3,181,309,376,339,304,1,98,190,261,234,247,2,83,119,115,105,57
20202,A,골목상권,3111040,거여초등학교,346,137,209,0,26,86,124,77,33,0,9,27,48,30,23,0,17,59,76,47,10
20202,A,골목상권,3111034,오동나무공원(송파레미니스1단지),1465,1038,427,3,253,373,355,322,159,3,163,257,267,226,122,0,90,116,88,96,37
20202,A,골목상권,3111030,방이역 2번,665,419,246,1,57,107,147,217,136,0,28,68,94,128,101,1,29,39,53,89,35
20202,D,발달상권,3120225,잠실새내역(신천),5597,3589,2008,25,909,1191,1223,1162,1087,3,464,712,794,811,805,22,445,479,429,351,282
20202,A,골목상권,3111085,묘곡초등학교(고덕아이파크아파트),800,452,348,0,68,111,152,196,273,0,35,72,80,84,181,0,33,39,72,112,92
20202,A,골목상권,3111077,길동주민센터(강동도서관),1272,737,535,4,121,258,294,321,274,1,49,138,167,188,194,3,72,120,127,133,80
20202,R,전통시장,3130324,길동복조리시장,154,85,69,3,27,32,47,40,5,2,13,18,31,19,2,1,14,14,16,21,3
20202,D,발달상권,3120245,둔촌역,1884,1135,749,7,312,460,446,371,288,6,169,309,271,195,185,1,143,151,175,176,103
20202,A,골목상권,3111076,둔촌2동주민센터,297,174,123,0,25,49,61,86,76,0,14,24,34,39,63,0,11,25,27,47,13
20202,A,골목상권,3111080,굽은다리역 3번,434,235,199,0,44,77,100,110,103,0,12,52,63,58,50,0,32,25,37,52,53
20202,R,전통시장,3130320,암사종합시장,173,97,76,1,16,29,50,31,46,1,5,12,31,19,29,0,11,17,19,12,17
20202,R,전통시장,3130002,세종마을음식문화거리(금천교시장),564,392,172,4,56,109,120,121,154,0,26,74,75,90,127,4,30,35,45,31,27
20202,A,골목상권,3110037,신설동역 12번,208,124,84,0,16,46,51,61,34,0,6,20,32,41,25,0,10,26,19,20,9
20202,D,발달상권,3120014,종로5가역,4887,2839,2048,375,1123,1351,1205,597,236,112,456,860,851,397,163,263,667,491,354,200,73
20202,A,골목상권,3110029,동대문역 1번,247,68,179,0,11,34,64,82,56,0,1,8,25,21,13,0,10,26,39,61,43
20202,A,골목상권,3110021,성균관대학교,395,301,94,2,16,44,110,145,78,2,7,29,89,124,50,0,9,15,21,21,28
20202,R,전통시장,3130032,인현시장,167,123,44,0,3,25,47,54,38,0,3,16,35,40,29,0,0,9,12,14,9
20202,A,골목상권,3110056,신당역 3번,514,293,221,0,62,129,118,115,90,0,31,63,69,72,58,0,31,66,49,43,32
20202,D,발달상권,3120027,명동역(명동재미로),18097,8477,9620,67,2695,5851,6070,3074,340,9,859,2588,2522,2321,178,58,1836,3263,3548,753,162
20202,R,전통시장,3130054,황학동주방가구거리상점가,374,266,108,0,25,80,116,106,47,0,18,60,77,74,37,0,7,20,39,32,10
20202,A,골목상권,3110050,약수역 7번,306,229,77,0,34,81,75,74,42,0,21,59,60,56,33,0,13,22,15,18,9
20202,A,골목상권,3110042,남산골공원옆,683,424,259,3,91,156,195,166,72,0,37,89,131,121,46,3,54,67,64,45,26
20202,A,골목상권,3110088,오산고등학교,101,51,50,0,22,20,19,15,25,0,9,9,8,8,17,0,13,11,11,7,8
20202,A,골목상권,3110090,한국폴리텍대학서울정수캠퍼스,3968,2447,1521,1,446,1358,1632,500,31,1,173,548,1231,467,27,0,273,810,401,33,4
20202,A,골목상권,3110063,효창공원앞역 5번,530,347,183,8,47,104,139,132,100,6,25,71,93,87,65,2,22,33,46,45,35
20202,D,발달상권,3120040,용산전자상가(용산역),8008,5959,2049,43,1387,2728,2220,1237,393,30,880,2009,1728,997,315,13,507,719,492,240,78
20202,A,골목상권,3110058,성심여자고등학교,1189,857,332,10,168,333,362,206,110,3,77,243,278,166,90,7,91,90,84,40,20
20202,A,골목상권,3110087,이태원엔틱가구거리,329,113,216,0,151,130,29,10,9,0,26,52,19,8,8,0,125,78,10,2,1
20202,A,골목상권,3110067,배문고등학교,1547,895,652,1,215,370,383,320,258,0,84,173,199,225,214,1,131,197,184,95,44
20203,D,발달상권,3120007,북촌(안국역),10443,8282,2161,8,1148,3636,3182,1964,505,5,644,2891,2647,1702,393,3,504,745,535,262,112
20203,A,골목상권,3110018,중앙고등학교,829,408,421,0,92,166,209,160,202,0,27,55,100,80,146,0,65,111,109,80,56
20203,A,골목상권,3110006,부암동주민센터,27,16,11,0,2,7,7,5,6,0,2,5,2,3,4,0,0,2,5,2,2
20203,A,골목상권,3110012,성곡미술관,1042,489,553,0,260,329,260,111,82,0,70,152,149,69,49,0,190,177,111,42,33
20203,D,발달상권,3120002,서촌(경복궁역),1989,1071,918,37,487,674,421,221,149,0,190,387,258,131,105,37,297,287,163,90,44
20203,D,발달상권,3120005,삼청동,3049,2795,254,1,399,709,898,817,225,0,340,633,848,776,198,1,59,76,50,41,27
20203,D,발달상권,3120013,이화사거리,7536,5468,2068,8,1300,2502,2063,1294,369,1,626,1730,1678,1171,262,7,674,772,385,123,107
20203,D,발달상권,3120006,종각역,33181,16028,17153,59,5900,11133,9928,5489,672,14,2254,4920,4677,3672,491,45,3646,6213,5251,1817,181
20203,A,골목상권,3110019,창덕궁,325,215,110,0,47,91,82,71,34,0,21,65,53,49,27,0,26,26,29,22,7
20203,R,전통시장,3130016,동대문상가B동,2,1,1,0,0,1,1,0,0,0,0,0,1,0,0,0,0,1,0,0,0
20203,R,전통시장,3130019,동대문상가D동,29,22,7,0,6,6,5,4,8,0,4,3,4,4,7,0,2,3,1,0,1
20203,R,전통시장,3130001,통인시장,63,31,32,0,4,16,12,13,18,0,2,4,7,7,11,0,2,12,5,6,7
20203,D,발달상권,3120037,동대문역사문화공원역,35317,17057,18260,421,11234,9194,6979,5237,2252,180,5605,5543,3901,1328,500,241,5629,3651,3078,3909,1752
20203,A,골목상권,3110052,장충초등학교,484,281,203,0,43,100,132,130,79,0,16,63,75,82,45,0,27,37,57,48,34
20203,D,발달상권,3120026,을지로입구역,30610,18501,12109,14,4275,11589,8473,5661,598,4,1729,5846,5959,4562,401,10,2546,5743,2514,1099,197
20203,A,골목상권,3110038,경향신문사,1096,759,337,0,195,395,283,181,42,0,63,266,227,165,38,0,132,129,56,16,4
20203,R,전통시장,3130035,방산종합시장(방산시장),1190,736,454,1,96,200,284,312,297,0,56,117,154,191,218,1,40,83,130,121,79
20203,R,전통시장,3130033,대림상가(청계상가),169,121,48,0,7,29,54,39,40,0,3,19,35,30,34,0,4,10,19,9,6
20203,R,전통시장,3130034,필동 골목형상점가,14,7,7,0,2,4,5,2,1,0,1,2,2,2,0,0,1,2,3,0,1
20203,D,발달상권,3120042,"숙대입구역(남영역, 남영동)",4057,2797,1260,20,750,1490,1024,558,215,8,370,894,831,510,184,12,380,596,193,48,31
20203,A,골목상권,3110092,NH농협은행 보광동지점,468,168,300,0,90,111,103,94,70,0,11,47,34,33,43,0,79,64,69,61,27
20203,A,골목상권,3110083,서빙고역 1번,149,109,40,0,26,53,42,14,14,0,13,42,29,12,13,0,13,11,13,2,1
20203,A,골목상권,3110060,효창공원앞역 6번,287,170,117,0,28,62,80,73,44,0,10,34,48,47,31,0,18,28,32,26,13
20203,A,골목상권,3110068,남영역 1번,1090,615,475,8,161,257,250,224,190,6,60,135,151,138,125,2,101,122,99,86,65
20203,R,전통시장,3130058,이촌종합시장,109,78,31,0,13,19,25,26,26,0,7,12,15,21,23,0,6,7,10,5,3
20203,A,골목상권,3110091,리움미술관,1106,810,296,0,216,345,343,155,47,0,117,236,293,128,36,0,99,109,50,27,11
20203,A,골목상권,3110061,효창동주민센터,478,306,172,1,61,91,154,113,58,1,38,53,100,67,47,0,23,38,54,46,11
20203,A,골목상권,3110122,마장역 2번,461,270,191,1,60,87,116,112,85,1,32,59,68,60,50,0,28,28,48,52,35
20203,R,전통시장,3130068,마장축산물시장,975,630,345,1,102,202,250,248,172,1,68,127,155,165,114,0,34,75,95,83,58
20203,A,골목상권,3110125,사근동살곶이상점가,135,83,52,2,25,39,35,21,13,2,13,21,24,13,10,0,12,18,11,8,3
20203,R,전통시장,3130070,뚝섬역상점가,1017,698,319,6,178,260,218,222,133,4,105,180,144,157,108,2,73,80,74,65,25
20203,R,전통시장,3130066,행당시장상점가,360,178,182,0,42,76,102,95,45,0,17,37,53,44,27,0,25,39,49,51,18
20203,A,골목상권,3110178,장로회신학대학교,165,108,57,0,21,38,33,47,26,0,13,31,16,34,14,0,8,7,17,13,12
20203,A,골목상권,3110147,능동우편취급국,815,464,351,4,120,172,160,137,222,2,56,88,104,77,137,2,64,84,56,60,85
20203,A,골목상권,3110154,광진정말공원,255,146,109,1,31,54,61,65,43,1,16,34,30,34,31,0,15,20,31,31,12
20203,A,골목상권,3110151,자양한강도서관,249,175,74,4,35,52,63,66,29,3,24,37,49,41,21,1,11,15,14,25,8
20203,R,전통시장,3130083,"중곡제일시장(중곡제일골목시장, 광성시장)",111,68,43,0,15,21,29,24,22,0,7,14,20,10,17,0,8,7,9,14,5
20203,A,골목상권,3110162,군자역 4번,618,370,248,0,127,163,133,111,84,0,98,119,77,43,33,0,29,44,56,68,51
20203,A,골목상권,3110171,중곡4동주민센터,59,36,23,0,4,8,7,22,18,0,1,2,3,15,15,0,3,6,4,7,3
20203,R,전통시장,3130079,한아름시장,40,29,11,0,5,6,6,10,13,0,4,4,5,6,10,0,1,2,1,4,3
20203,A,골목상권,3110217,자동차부품상가,506,391,115,1,34,105,144,124,98,1,25,88,116,84,77,0,9,17,28,40,21
20203,A,골목상권,3110225,촬영소사거리,330,204,126,0,22,36,68,83,121,0,9,25,42,55,73,0,13,11,26,28,48
20203,A,골목상권,3110218,답십리사거리,158,83,75,0,14,25,45,60,14,0,5,12,22,33,11,0,9,13,23,27,3
20203,A,골목상권,3110188,용두동신동아아파트,807,607,200,8,104,178,229,191,97,2,68,150,181,132,74,6,36,28,48,59,23
20203,A,골목상권,3110184,용두사거리,398,205,193,0,77,135,72,64,50,0,37,51,33,45,39,0,40,84,39,19,11
20203,A,골목상권,3110213,청량초등학교,124,81,43,0,19,57,17,15,16,0,7,41,13,7,13,0,12,16,4,8,3
20203,A,골목상권,3110220,외대앞역 1번,193,111,82,0,28,37,54,47,27,0,7,18,33,34,19,0,21,19,21,13,8
20203,A,골목상권,3110230,장안현대홈타운1차아파트,161,101,60,0,15,32,52,45,17,0,6,22,33,28,12,0,9,10,19,17,5
20203,A,골목상권,3110216,전농중학교,208,68,140,1,32,48,62,50,15,1,11,14,18,18,6,0,21,34,44,32,9
20203,R,전통시장,3130091,청량종합도매시장,36,27,9,0,1,3,11,14,7,0,0,3,8,10,6,0,1,0,3,4,1
20203,A,골목상권,3110275,하나은행 망우동지점,63,33,30,0,4,9,19,16,15,0,3,6,9,5,10,0,1,3,10,11,5
20203,R,전통시장,3130112,사가정시장,86,28,58,0,13,17,24,19,13,0,0,3,6,8,11,0,13,14,18,11,2
20203,R,전통시장,3130109,묵1동도깨비시장,47,33,14,0,2,9,16,9,11,0,1,5,13,5,9,0,1,4,3,4,2
20203,R,전통시장,3130107,중랑동부시장(중랑교종합상가),13,3,10,0,0,1,4,5,3,0,0,0,0,1,2,0,0,1,4,4,1
20203,A,골목상권,3110276,신내IC북측,29,18,11,0,1,4,8,9,7,0,0,3,5,6,4,0,1,1,3,3,3
20203,A,골목상권,3110240,태릉시장 특화거리,97,39,58,2,20,13,28,16,18,1,3,8,7,8,12,1,17,5,21,8,6
20203,A,골목상권,3110299,정릉역 1번,372,241,131,1,33,49,83,95,111,0,9,12,40,74,106,1,24,37,43,21,5
20203,A,골목상권,3110302,보문역 8번,3797,3177,620,1,364,1434,710,823,465,1,252,1274,656,702,292,0,112,160,54,121,173
20203,A,골목상권,3110333,돌곶이역 5번,988,746,242,0,15,23,38,74,838,0,2,13,20,42,669,0,13,10,18,32,169
20203,D,발달상권,3120074,안암역,59,28,31,1,12,16,12,8,10,0,5,9,7,2,5,1,7,7,5,6,5
20203,R,전통시장,3130125,장위전통시장,40,20,20,0,5,6,7,8,14,0,0,2,5,5,8,0,5,4,2,3,6
20203,A,골목상권,3110295,정릉우체국,679,248,431,0,166,178,163,119,53,0,36,67,49,52,44,0,130,111,114,67,9
20203,A,골목상권,3110290,북한산보국문역 1번,96,78,18,0,2,9,29,37,19,0,1,8,23,30,16,0,1,1,6,7,3
20203,A,골목상권,3110284,정릉북한산국립공원입구,562,506,56,0,5,59,181,229,88,0,4,49,161,211,81,0,1,10,20,18,7
20203,A,골목상권,3110315,종암아이파크2차,124,78,46,0,11,17,41,38,17,0,4,9,27,25,13,0,7,8,14,13,4
20203,A,골목상권,3110311,종암아이파크2차후문,18,9,9,0,0,2,8,3,5,0,0,1,3,1,4,0,0,1,5,2,1
20203,D,발달상권,3120077,미아역,218,97,121,0,32,37,52,64,33,0,11,8,18,38,22,0,21,29,34,26,11
20203,A,골목상권,3110355,삼양사거리역 2번,306,254,52,0,8,26,44,103,125,0,1,10,31,94,118,0,7,16,13,9,7
20203,R,전통시장,3130135,수유중앙골목시장(수유중앙시장),24,12,12,0,0,3,4,5,12,0,0,2,2,0,8,0,0,1,2,5,4
20203,A,골목상권,3110372,강북중학교,188,100,88,0,21,43,50,48,26,0,17,25,18,20,20,0,4,18,32,28,6
20203,R,전통시장,3130129,장미원골목시장,911,571,340,0,15,14,38,89,755,0,1,4,12,40,514,0,14,10,26,49,241
20203,R,전통시장,3130130,수유북부골목시장,20,14,6,0,1,1,7,5,6,0,0,0,6,3,5,0,1,1,1,2,1
20203,A,골목상권,3110405,방학역 1번,1123,365,758,3,130,176,308,427,79,3,67,109,82,70,34,0,63,67,226,357,45
20203,R,전통시장,3130151,신도봉시장,5,5,0,0,1,0,2,2,0,0,1,0,2,2,0,0,0,0,0,0,0
20203,A,골목상권,3110407,도봉역 2번,560,337,223,1,32,75,115,203,134,1,8,40,57,126,105,0,24,35,58,77,29
20203,R,전통시장,3130152,오!도봉거리 상점가,42,17,25,0,4,14,15,6,3,0,0,5,7,4,1,0,4,9,8,2,2
20203,A,골목상권,3110412,창동중학교,25,23,2,0,4,7,3,4,7,0,3,7,3,3,7,0,1,0,0,1,0
20203,R,전통시장,3130148,방학동도깨비시장,39,16,23,0,2,6,12,12,7,0,0,1,5,8,2,0,2,5,7,4,5
20203,A,골목상권,3110394,방학중학교,214,133,81,0,19,35,50,54,56,0,12,20,26,35,40,0,7,15,24,19,16
20203,A,골목상권,3110384,문이교,261,139,122,0,38,20,56,85,62,0,12,8,21,51,47,0,26,12,35,34,15
20203,A,골목상권,3110388,도봉우체국,35,23,12,0,4,3,10,14,4,0,2,2,7,8,4,0,2,1,3,6,0
20203,A,골목상권,3110442,화랑대철도공원,76,20,56,0,1,4,14,49,8,0,0,2,4,10,4,0,1,2,10,39,4
20203,A,골목상권,3110424,상계초등학교,388,157,231,2,42,50,96,106,92,2,18,32,32,42,31,0,24,18,64,64,61
20203,A,골목상권,3110437,당고개역 2번,116,40,76,0,16,23,25,41,11,0,5,11,9,10,5,0,11,12,16,31,6
20203,A,골목상권,3110439,당고개역 5번,96,45,51,0,4,14,12,32,34,0,0,10,6,16,13,0,4,4,6,16,21
20203,A,골목상권,3110440,상계3동4동주민센터,49,16,33,0,8,6,15,10,10,0,1,1,4,2,8,0,7,5,11,8,2
20203,A,골목상권,3110420,광운대역 1번,796,472,324,7,233,310,184,40,22,0,114,234,89,21,14,7,119,76,95,19,8
20203,A,골목상권,3110431,상계역,124,72,52,1,16,24,28,37,18,0,2,13,17,27,13,1,14,11,11,10,5
20203,A,골목상권,3110467,은평요양병원,487,284,203,3,90,154,110,68,62,2,46,100,61,37,38,1,44,54,49,31,24
20203,A,골목상권,3110454,선정중학교,481,268,213,3,56,71,142,108,101,2,42,35,53,66,70,1,14,36,89,42,31
20203,A,골목상권,3110447,구산초등학교,48,43,5,0,5,15,10,5,13,0,4,15,8,5,11,0,1,0,2,0,2
20203,A,골목상권,3110453,신사1동주민센터,515,288,227,0,43,81,121,155,115,0,20,25,65,85,93,0,23,56,56,70,22
20203,A,골목상권,3110448,상신초등학교입구,120,76,44,1,20,27,26,26,20,1,17,17,12,14,15,0,3,10,14,12,5
20203,A,골목상권,3110466,구산역 2번,87,46,41,0,12,17,26,24,8,0,4,5,16,15,6,0,8,12,10,9,2
20203,R,전통시장,3130166,응암시장(신응암시장),17,10,7,0,0,3,2,5,7,0,0,0,1,3,6,0,0,3,1,2,1
20203,A,골목상권,3110498,증산역 1번,222,102,120,0,15,32,75,68,32,0,7,9,31,32,23,0,8,23,44,36,9
20203,A,골목상권,3110444,수색성당,157,57,100,0,17,39,47,45,9,0,6,14,14,16,7,0,11,25,33,29,2
20203,R,전통시장,3130162,증산골목시장,7,3,4,0,0,2,2,1,2,0,0,0,0,1,2,0,0,2,2,0,0
20203,A,골목상권,3110496,모래내우체국,611,333,278,2,88,190,160,89,82,2,20,100,117,42,52,0,68,90,43,47,30
20203,R,전통시장,3130181,아현가구거리상점가,59,30,29,0,8,11,13,10,17,0,0,7,9,4,10,0,8,4,4,6,7
20203,A,골목상권,3110506,연희임광아파트,110,66,44,0,5,12,39,29,25,0,1,8,20,19,18,0,4,4,19,10,7
20203,A,골목상권,3110505,홍남교남측,14,9,5,0,1,0,3,7,3,0,0,0,2,5,2,0,1,0,1,2,1
20203,A,골목상권,3110510,홍연시장,100,59,41,0,10,14,33,27,16,0,5,6,22,14,12,0,5,8,11,13,4
20203,R,전통시장,3130180,포방터시장,59,34,25,0,13,11,15,6,14,0,4,4,11,5,10,0,9,7,4,1,4
20203,A,골목상권,3110521,홍제역 4번,63,36,27,0,4,7,19,17,16,0,0,4,10,9,13,0,4,3,9,8,3
20203,A,골목상권,3110529,홍제3동주민센터,125,58,67,0,13,20,27,25,40,0,2,5,8,14,29,0,11,15,19,11,11
20203,R,전통시장,3130177,인왕시장(홍제골목형상점가),44,7,37,0,1,1,8,7,27,0,0,0,1,3,3,0,1,1,7,4,24
20203,A,골목상권,3110589,애오개역 3번,46,13,33,0,3,3,15,11,14,0,0,1,4,6,2,0,3,2,11,5,12
20203,R,전통시장,3130195,도화동 상점가,1040,502,538,2,201,267,226,153,191,1,86,132,121,88,74,1,115,135,105,65,117
20203,R,전통시장,3130186,망원시장,143,53,90,0,9,23,40,41,30,0,6,11,14,10,12,0,3,12,26,31,18
20203,A,골목상권,3110542,마포구청역 7번,3997,2442,1555,16,527,714,775,1304,661,9,297,578,604,586,368,7,230,136,171,718,293
20203,D,발달상권,3120098,DMC(디지털미디어시티),8846,5391,3455,19,1691,3228,2856,875,177,11,813,1995,1821,616,135,8,878,1233,1035,259,42
20203,A,골목상권,3110561,상수역 4번,395,247,148,4,59,102,94,89,47,2,21,56,64,68,36,2,38,46,30,21,11
20203,R,전통시장,3130191,홍대 걷고싶은 거리,367,225,142,6,65,65,81,82,68,4,40,41,54,47,39,2,25,24,27,35,29
20203,A,골목상권,3110552,성미산체육관,637,465,172,1,110,159,145,158,64,0,72,120,98,128,47,1,38,39,47,30,17
20203,A,골목상권,3110553,가좌역 2번,281,167,114,0,26,51,79,81,44,0,16,28,44,43,36,0,10,23,35,38,8
20203,A,골목상권,3110570,KB국민은행 서강지점,61,39,22,0,4,22,18,12,5,0,4,13,10,7,5,0,0,9,8,5,0
20203,R,전통시장,3130193,신수시장,34,19,15,0,4,7,12,5,6,0,1,5,5,4,4,0,3,2,7,1,2
20203,A,골목상권,3110624,목동문화체육센터,379,232,147,0,93,117,75,63,31,0,40,79,46,48,19,0,53,38,29,15,12
20203,A,골목상권,3110626,양화초등학교,652,271,381,1,127,138,149,147,90,0,37,57,76,63,38,1,90,81,73,84,52
20203,A,골목상권,3110620,목동보건지소,458,241,217,4,51,85,105,125,88,4,20,48,50,65,54,0,31,37,55,60,34
20203,D,발달상권,3120111,목동사거리,1828,710,1118,1,551,601,341,219,115,0,101,248,161,116,84,1,450,353,180,103,31
20203,R,전통시장,3130202,신영시장,40,13,27,0,3,4,13,16,4,0,2,0,3,6,2,0,1,4,10,10,2
20203,R,전통시장,3130201,월정로시장,27,17,10,0,2,8,10,7,0,0,0,7,6,4,0,0,2,1,4,3,0
20203,A,골목상권,3110606,신한은행 신월동지점,544,307,237,1,49,83,152,152,107,1,26,44,84,72,80,0,23,39,68,80,27
20203,A,골목상권,3110613,신정네거리역 4번,80,20,60,0,8,25,24,19,4,0,2,6,7,4,1,0,6,19,17,15,3
20203,A,골목상권,3110657,양천향교역 5번,3180,2118,1062,12,334,603,741,695,795,8,191,396,493,385,645,4,143,207,248,310,150
20203,A,골목상권,3110648,양천향교역 7번,13,5,8,0,1,7,1,3,1,0,0,3,1,1,0,0,1,4,0,2,1
20203,A,골목상권,3110671,등촌1동주민센터,4521,2889,1632,8,1208,1381,956,636,332,2,375,916,788,522,286,6,833,465,168,114,46
20203,R,전통시장,3130214,송화벽화시장(송화골목시장),119,44,75,2,23,18,25,33,18,0,6,7,9,13,9,2,17,11,16,20,9
20203,A,골목상권,3110668,화곡2동주민센터,471,278,193,0,55,70,139,127,80,0,22,33,81,77,65,0,33,37,58,50,15
20203,A,골목상권,3110646,푸른들청소년도서관,754,384,370,1,92,113,198,187,163,1,26,47,97,99,114,0,66,66,101,88,49
20203,R,전통시장,3130221,"남부골목시장(남부화곡시장, 남부시장)",188,69,119,0,22,32,50,57,27,0,5,5,15,22,22,0,17,27,35,35,5
20203,A,골목상권,3110658,화곡초등학교,253,153,100,0,21,55,62,69,46,0,10,35,36,44,28,0,11,20,26,25,18
20203,A,골목상권,3110721,가리봉파출소,215,104,111,1,6,36,42,42,88,0,2,19,17,22,44,1,4,17,25,20,44
20203,A,골목상권,3110703,개봉역,307,192,115,4,28,54,91,77,53,3,16,30,54,49,40,1,12,24,37,28,13
20203,A,골목상권,3110706,그라운드 고척,410,100,310,0,122,101,101,68,18,0,22,20,28,20,10,0,100,81,73,48,8
20203,A,골목상권,3110701,고척동성당,567,379,188,2,126,185,125,92,37,0,81,133,82,54,29,2,45,52,43,38,8
20203,A,골목상권,3110709,구로119안전센터,185,108,77,0,19,22,56,51,37,0,14,13,36,29,16,0,5,9,20,22,21
20203,A,골목상권,3110716,구로나눔길,666,398,268,1,132,256,164,77,36,0,39,154,115,60,30,1,93,102,49,17,6
20203,D,발달상권,3120125,구로역,9531,6476,3055,29,1115,2177,2439,2305,1466,14,646,1505,1615,1580,1116,15,469,672,824,725,350
20203,A,골목상권,3110693,오류동역 4번,17,9,8,0,1,3,5,4,4,0,1,3,2,2,1,0,0,0,3,2,3
20203,A,골목상권,3110741,독산2동주민센터,444,159,285,0,69,117,96,108,54,0,43,35,26,33,22,0,26,82,70,75,32
20203,A,골목상권,3110789,대림성모병원,491,182,309,0,104,137,115,93,42,0,16,44,49,43,30,0,88,93,66,50,12
20203,A,골목상권,3110769,대림차이나타운(대림역 12번),42,12,30,0,6,8,12,10,6,0,0,3,4,3,2,0,6,5,8,7,4
20203,R,전통시장,3130244,대림중앙시장,94,39,55,3,15,16,21,16,23,2,10,8,10,5,4,1,5,8,11,11,19
20203,A,골목상권,3110772,신우어린이공원,94,55,39,0,9,15,22,26,22,0,5,8,12,19,11,0,4,7,10,7,11
20203,A,골목상권,3110785,영등포푸르지오아파트,161,84,77,2,13,17,39,44,46,2,8,12,24,14,24,0,5,5,15,30,22
20203,A,골목상권,3110761,문래동남성맨션,180,106,74,0,13,43,45,41,38,0,8,17,26,25,30,0,5,26,19,16,8
20203,R,전통시장,3130245,영일시장,675,567,108,1,61,189,238,136,50,0,41,148,217,115,46,1,20,41,21,21,4
20203,A,골목상권,3110758,문래소공원,296,221,75,1,44,77,70,67,37,0,32,60,46,52,31,1,12,17,24,15,6
20203,A,골목상권,3110815,공군호텔,2250,791,1459,4,426,519,477,509,315,0,88,197,168,172,166,4,338,322,309,337,149
20203,A,골목상권,3110787,신길3동주민센터,171,122,49,0,19,35,47,42,28,0,8,25,36,31,22,0,11,10,11,11,6
20203,A,골목상권,3110780,신길대성유니드아파트,223,171,52,0,22,42,71,56,32,0,18,34,51,41,27,0,4,8,20,15,5
20203,A,골목상권,3110804,신풍역 1번,312,187,125,0,15,37,62,63,135,0,4,15,29,35,104,0,11,22,33,28,31
20203,D,발달상권,3120150,63빌딩,8614,5431,3183,45,1167,2157,2997,1883,365,18,610,1437,1563,1568,235,27,557,720,1434,315,130
20203,D,발달상권,3120144,영중로,2017,1073,944,1,254,395,508,598,261,1,142,276,289,230,135,0,112,119,219,368,126
20203,A,골목상권,3110808,신길역 1번,67,48,19,0,3,22,21,13,8,0,3,15,14,9,7,0,0,7,7,4,1
20203,A,골목상권,3110832,노량진초등학교,491,269,222,0,54,105,122,153,57,0,24,64,85,70,26,0,30,41,37,83,31
20203,R,전통시장,3130266,만양로상점가,2,1,1,0,0,0,2,0,0,0,0,0,1,0,0,0,0,0,1,0,0
20203,A,골목상권,3110822,신대방삼거리역 4번(대림초등학교),313,131,182,0,57,71,68,76,41,0,13,28,34,35,21,0,44,43,34,41,20
20203,A,골목상권,3110850,사당역 10번,969,487,482,4,217,207,185,162,194,1,54,88,92,95,157,3,163,119,93,67,37
20203,R,전통시장,3130273,남성사계시장(남성시장),141,63,78,0,21,36,45,22,17,0,3,19,20,8,13,0,18,17,25,14,4
20203,R,전통시장,3130260,신대방1동골목상권,70,31,39,0,8,22,15,15,10,0,0,7,7,10,7,0,8,15,8,5,3
20203,R,전통시장,3130281,우림시장,1,0,1,0,0,0,1,0,0,0,0,0,0,0,0,0,0,0,1,0,0
20203,A,골목상권,3110859,난향초등학교,182,113,69,0,11,32,42,52,45,0,0,21,27,30,35,0,11,11,15,22,10
20203,A,골목상권,3110886,관악해태어린이공원,184,103,81,1,38,50,41,34,20,1,18,28,21,23,12,0,20,22,20,11,8
20203,A,골목상권,3110880,신림역 1번,995,275,720,0,379,296,157,128,35,0,78,87,66,33,11,0,301,209,91,95,24
20203,A,골목상권,3110888,청룡동주민센터,94,53,41,0,5,9,11,22,47,0,3,2,4,6,38,0,2,7,7,16,9
20203,A,골목상권,3110896,관악우성아파트,202,49,153,0,41,37,44,47,33,0,5,7,11,13,13,0,36,30,33,34,20
20203,A,골목상권,3110948,헌인가구단지,57,27,30,0,5,24,14,11,3,0,4,12,6,2,3,0,1,12,8,9,0
20203,D,발달상권,3120165,서래마을카페거리(서래마을),3467,2266,1201,11,605,1119,949,516,267,3,277,716,707,369,194,8,328,403,242,147,73
20203,A,골목상권,3110921,서울프랑스학교,506,312,194,7,63,70,115,134,117,2,30,43,80,86,71,5,33,27,35,48,46
20203,A,골목상권,3110907,방배초등학교,775,476,299,8,119,165,211,143,129,5,54,100,118,95,104,3,65,65,93,48,25
20203,A,골목상권,3110912,방배동사이길,210,128,82,3,33,45,53,42,34,2,16,27,39,21,23,1,17,18,14,21,11
20203,A,골목상권,3110933,한국상담대학원대학교,679,60,619,0,344,156,86,63,30,0,10,15,15,5,15,0,334,141,71,58,15
20203,D,발달상권,3120172,교대입구교차로,10241,5712,4529,53,2062,2700,2445,1945,1036,33,854,1635,1489,1004,697,20,1208,1065,956,941,339
20203,A,골목상권,3110935,한전아트센터,379,264,115,2,53,108,105,72,39,2,33,82,75,46,26,0,20,26,30,26,13
20203,D,발달상권,3120192,뱅뱅사거리,27363,18865,8498,72,5748,8234,6678,4352,2279,37,3275,5587,5090,3174,1702,35,2473,2647,1588,1178,577
20203,D,발달상권,3120180,양재화물트럭터미널앞,2562,2146,416,13,637,812,554,409,137,10,466,711,481,363,115,3,171,101,73,46,22
20203,A,골목상권,3110984,포이초등학교(개포목련어린이공원),1556,1046,510,2,236,342,331,306,339,0,140,241,211,199,255,2,96,101,120,107,84
20203,D,발달상권,3120190,강남을지병원,11725,6199,5526,44,3417,3232,2506,1512,1014,14,1228,1650,1567,988,752,30,2189,1582,939,524,262
20203,D,발달상권,3120196,서울세관,9664,5880,3784,15,1699,2887,2578,1611,874,2,596,1519,1718,1320,725,13,1103,1368,860,291,149
20203,D,발달상권,3120200,학동사거리,9363,3808,5555,26,2868,3075,1848,1005,541,9,654,1122,937,687,399,17,2214,1953,911,318,142
20203,D,발달상권,3120223,휘문고교사거리,9166,5574,3592,20,1785,2926,2736,1401,298,4,1102,2061,1597,609,201,16,683,865,1139,792,97
20203,A,골목상권,3110975,매봉역 1번,10837,6932,3905,34,2175,2199,3202,3019,208,21,1010,1161,2184,2402,154,13,1165,1038,1018,617,54
20203,A,골목상권,3110978,도곡2동주민센터(대치중학교),331,186,145,0,46,70,72,114,29,0,20,41,47,62,16,0,26,29,25,52,13
20203,A,골목상권,3110974,언주중학교,278,168,110,3,58,66,85,43,23,3,25,39,59,27,15,0,33,27,26,16,8
20203,D,발달상권,3120188,압구정역,8579,3750,4829,134,2204,2146,1550,1314,1231,47,698,969,897,556,583,87,1506,1177,653,758,648
20203,D,발달상권,3120202,압구정로데오역(압구정로데오),11735,6075,5660,41,2963,4419,2469,1425,418,11,793,2184,1593,1195,299,30,2170,2235,876,230,119
20203,A,골목상권,3110971,선정릉역 4번,1542,900,642,11,278,455,380,254,164,6,140,270,245,120,119,5,138,185,135,134,45
20203,D,발달상권,3120239,오금역,4595,2925,1670,17,840,1205,1156,897,480,11,447,798,824,483,362,6,393,407,332,414,118
20204,R,전통시장,3130148,방학동도깨비시장,39,16,23,0,2,6,12,12,7,0,0,1,5,8,2,0,2,5,7,4,5
20204,A,골목상권,3110394,방학중학교,214,133,81,0,19,35,50,54,56,0,12,20,26,35,40,0,7,15,24,19,16
20204,A,골목상권,3110384,문이교,261,139,122,0,38,20,56,85,62,0,12,8,21,51,47,0,26,12,35,34,15
20204,A,골목상권,3110388,도봉우체국,35,23,12,0,4,3,10,14,4,0,2,2,7,8,4,0,2,1,3,6,0
20204,A,골목상권,3110442,화랑대철도공원,76,20,56,0,1,4,14,49,8,0,0,2,4,10,4,0,1,2,10,39,4
20204,A,골목상권,3110424,상계초등학교,388,157,231,2,42,50,96,106,92,2,18,32,32,42,31,0,24,18,64,64,61
20204,A,골목상권,3110437,당고개역 2번,116,40,76,0,16,23,25,41,11,0,5,11,9,10,5,0,11,12,16,31,6
20204,A,골목상권,3110439,당고개역 5번,96,45,51,0,4,14,12,32,34,0,0,10,6,16,13,0,4,4,6,16,21
20204,A,골목상권,3110440,상계3동4동주민센터,49,16,33,0,8,6,15,10,10,0,1,1,4,2,8,0,7,5,11,8,2
20204,A,골목상권,3110420,광운대역 1번,796,472,324,7,233,310,184,40,22,0,114,234,89,21,14,7,119,76,95,19,8
20204,A,골목상권,3110431,상계역,124,72,52,1,16,24,28,37,18,0,2,13,17,27,13,1,14,11,11,10,5
20204,A,골목상권,3110467,은평요양병원,487,284,203,3,90,154,110,68,62,2,46,100,61,37,38,1,44,54,49,31,24
20204,A,골목상권,3110454,선정중학교,481,268,213,3,56,71,142,108,101,2,42,35,53,66,70,1,14,36,89,42,31
20204,A,골목상권,3110447,구산초등학교,48,43,5,0,5,15,10,5,13,0,4,15,8,5,11,0,1,0,2,0,2
20204,A,골목상권,3110453,신사1동주민센터,515,288,227,0,43,81,121,155,115,0,20,25,65,85,93,0,23,56,56,70,22
20204,A,골목상권,3110448,상신초등학교입구,120,76,44,1,20,27,26,26,20,1,17,17,12,14,15,0,3,10,14,12,5
20204,A,골목상권,3110466,구산역 2번,87,46,41,0,12,17,26,24,8,0,4,5,16,15,6,0,8,12,10,9,2
20204,R,전통시장,3130166,응암시장(신응암시장),17,10,7,0,0,3,2,5,7,0,0,0,1,3,6,0,0,3,1,2,1
20204,A,골목상권,3110498,증산역 1번,222,102,120,0,15,32,75,68,32,0,7,9,31,32,23,0,8,23,44,36,9
20204,A,골목상권,3110444,수색성당,157,57,100,0,17,39,47,45,9,0,6,14,14,16,7,0,11,25,33,29,2
20204,R,전통시장,3130162,증산골목시장,7,3,4,0,0,2,2,1,2,0,0,0,0,1,2,0,0,2,2,0,0
20204,A,골목상권,3110496,모래내우체국,611,333,278,2,88,190,160,89,82,2,20,100,117,42,52,0,68,90,43,47,30
20204,R,전통시장,3130181,아현가구거리상점가,59,30,29,0,8,11,13,10,17,0,0,7,9,4,10,0,8,4,4,6,7
20204,A,골목상권,3110506,연희임광아파트,110,66,44,0,5,12,39,29,25,0,1,8,20,19,18,0,4,4,19,10,7
20204,A,골목상권,3110505,홍남교남측,14,9,5,0,1,0,3,7,3,0,0,0,2,5,2,0,1,0,1,2,1
20204,A,골목상권,3110510,홍연시장,100,59,41,0,10,14,33,27,16,0,5,6,22,14,12,0,5,8,11,13,4
20204,R,전통시장,3130180,포방터시장,59,34,25,0,13,11,15,6,14,0,4,4,11,5,10,0,9,7,4,1,4
20204,A,골목상권,3110521,홍제역 4번,63,36,27,0,4,7,19,17,16,0,0,4,10,9,13,0,4,3,9,8,3
20204,A,골목상권,3110529,홍제3동주민센터,125,58,67,0,13,20,27,25,40,0,2,5,8,14,29,0,11,15,19,11,11
20204,R,전통시장,3130177,인왕시장(홍제골목형상점가),44,7,37,0,1,1,8,7,27,0,0,0,1,3,3,0,1,1,7,4,24
20204,A,골목상권,3110589,애오개역 3번,46,13,33,0,3,3,15,11,14,0,0,1,4,6,2,0,3,2,11,5,12
20204,R,전통시장,3130195,도화동 상점가,1040,502,538,2,201,267,226,153,191,1,86,132,121,88,74,1,115,135,105,65,117
20204,R,전통시장,3130186,망원시장,143,53,90,0,9,23,40,41,30,0,6,11,14,10,12,0,3,12,26,31,18
20204,A,골목상권,3110542,마포구청역 7번,3997,2442,1555,16,527,714,775,1304,661,9,297,578,604,586,368,7,230,136,171,718,293
20204,D,발달상권,3120098,DMC(디지털미디어시티),8846,5391,3455,19,1691,3228,2856,875,177,11,813,1995,1821,616,135,8,878,1233,1035,259,42
20204,A,골목상권,3110561,상수역 4번,395,247,148,4,59,102,94,89,47,2,21,56,64,68,36,2,38,46,30,21,11
20204,R,전통시장,3130191,홍대 걷고싶은 거리,367,225,142,6,65,65,81,82,68,4,40,41,54,47,39,2,25,24,27,35,29
20204,A,골목상권,3110552,성미산체육관,637,465,172,1,110,159,145,158,64,0,72,120,98,128,47,1,38,39,47,30,17
20204,A,골목상권,3110553,가좌역 2번,281,167,114,0,26,51,79,81,44,0,16,28,44,43,36,0,10,23,35,38,8
20204,A,골목상권,3110570,KB국민은행 서강지점,61,39,22,0,4,22,18,12,5,0,4,13,10,7,5,0,0,9,8,5,0
20204,R,전통시장,3130193,신수시장,34,19,15,0,4,7,12,5,6,0,1,5,5,4,4,0,3,2,7,1,2
20204,A,골목상권,3110624,목동문화체육센터,379,232,147,0,93,117,75,63,31,0,40,79,46,48,19,0,53,38,29,15,12
20204,A,골목상권,3110626,양화초등학교,652,271,381,1,127,138,149,147,90,0,37,57,76,63,38,1,90,81,73,84,52
20204,A,골목상권,3110620,목동보건지소,458,241,217,4,51,85,105,125,88,4,20,48,50,65,54,0,31,37,55,60,34
20204,D,발달상권,3120111,목동사거리,1828,710,1118,1,551,601,341,219,115,0,101,248,161,116,84,1,450,353,180,103,31
20204,R,전통시장,3130202,신영시장,40,13,27,0,3,4,13,16,4,0,2,0,3,6,2,0,1,4,10,10,2
20204,R,전통시장,3130201,월정로시장,27,17,10,0,2,8,10,7,0,0,0,7,6,4,0,0,2,1,4,3,0
20204,A,골목상권,3110606,신한은행 신월동지점,544,307,237,1,49,83,152,152,107,1,26,44,84,72,80,0,23,39,68,80,27
20204,A,골목상권,3110613,신정네거리역 4번,80,20,60,0,8,25,24,19,4,0,2,6,7,4,1,0,6,19,17,15,3
20204,A,골목상권,3110657,양천향교역 5번,3180,2118,1062,12,334,603,741,695,795,8,191,396,493,385,645,4,143,207,248,310,150
20204,A,골목상권,3110648,양천향교역 7번,13,5,8,0,1,7,1,3,1,0,0,3,1,1,0,0,1,4,0,2,1
20204,A,골목상권,3110671,등촌1동주민센터,4521,2889,1632,8,1208,1381,956,636,332,2,375,916,788,522,286,6,833,465,168,114,46
20204,R,전통시장,3130214,송화벽화시장(송화골목시장),119,44,75,2,23,18,25,33,18,0,6,7,9,13,9,2,17,11,16,20,9
20204,A,골목상권,3110668,화곡2동주민센터,471,278,193,0,55,70,139,127,80,0,22,33,81,77,65,0,33,37,58,50,15
20204,A,골목상권,3110646,푸른들청소년도서관,754,384,370,1,92,113,198,187,163,1,26,47,97,99,114,0,66,66,101,88,49
20204,R,전통시장,3130221,"남부골목시장(남부화곡시장, 남부시장)",188,69,119,0,22,32,50,57,27,0,5,5,15,22,22,0,17,27,35,35,5
20204,A,골목상권,3110658,화곡초등학교,253,153,100,0,21,55,62,69,46,0,10,35,36,44,28,0,11,20,26,25,18
20204,A,골목상권,3110721,가리봉파출소,215,104,111,1,6,36,42,42,88,0,2,19,17,22,44,1,4,17,25,20,44
20204,A,골목상권,3110703,개봉역,307,192,115,4,28,54,91,77,53,3,16,30,54,49,40,1,12,24,37,28,13
20204,A,골목상권,3110706,그라운드 고척,410,100,310,0,122,101,101,68,18,0,22,20,28,20,10,0,100,81,73,48,8
20204,A,골목상권,3110701,고척동성당,567,379,188,2,126,185,125,92,37,0,81,133,82,54,29,2,45,52,43,38,8
20204,A,골목상권,3110709,구로119안전센터,185,108,77,0,19,22,56,51,37,0,14,13,36,29,16,0,5,9,20,22,21
20204,A,골목상권,3110716,구로나눔길,666,398,268,1,132,256,164,77,36,0,39,154,115,60,30,1,93,102,49,17,6
20204,D,발달상권,3120125,구로역,9531,6476,3055,29,1115,2177,2439,2305,1466,14,646,1505,1615,1580,1116,15,469,672,824,725,350
20204,A,골목상권,3110693,오류동역 4번,17,9,8,0,1,3,5,4,4,0,1,3,2,2,1,0,0,0,3,2,3
20204,A,골목상권,3110741,독산2동주민센터,444,159,285,0,69,117,96,108,54,0,43,35,26,33,22,0,26,82,70,75,32
20204,A,골목상권,3110789,대림성모병원,491,182,309,0,104,137,115,93,42,0,16,44,49,43,30,0,88,93,66,50,12
20204,A,골목상권,3110769,대림차이나타운(대림역 12번),42,12,30,0,6,8,12,10,6,0,0,3,4,3,2,0,6,5,8,7,4
20204,R,전통시장,3130244,대림중앙시장,94,39,55,3,15,16,21,16,23,2,10,8,10,5,4,1,5,8,11,11,19
20204,A,골목상권,3110772,신우어린이공원,94,55,39,0,9,15,22,26,22,0,5,8,12,19,11,0,4,7,10,7,11
20204,A,골목상권,3110785,영등포푸르지오아파트,161,84,77,2,13,17,39,44,46,2,8,12,24,14,24,0,5,5,15,30,22
20204,A,골목상권,3110761,문래동남성맨션,180,106,74,0,13,43,45,41,38,0,8,17,26,25,30,0,5,26,19,16,8
20204,R,전통시장,3130245,영일시장,675,567,108,1,61,189,238,136,50,0,41,148,217,115,46,1,20,41,21,21,4
20204,A,골목상권,3110758,문래소공원,296,221,75,1,44,77,70,67,37,0,32,60,46,52,31,1,12,17,24,15,6
20204,A,골목상권,3110815,공군호텔,2250,791,1459,4,426,519,477,509,315,0,88,197,168,172,166,4,338,322,309,337,149
20204,A,골목상권,3110787,신길3동주민센터,171,122,49,0,19,35,47,42,28,0,8,25,36,31,22,0,11,10,11,11,6
20204,A,골목상권,3110780,신길대성유니드아파트,223,171,52,0,22,42,71,56,32,0,18,34,51,41,27,0,4,8,20,15,5
20204,A,골목상권,3110804,신풍역 1번,312,187,125,0,15,37,62,63,135,0,4,15,29,35,104,0,11,22,33,28,31
20204,D,발달상권,3120150,63빌딩,8614,5431,3183,45,1167,2157,2997,1883,365,18,610,1437,1563,1568,235,27,557,720,1434,315,130
20204,D,발달상권,3120144,영중로,2017,1073,944,1,254,395,508,598,261,1,142,276,289,230,135,0,112,119,219,368,126
20204,A,골목상권,3110808,신길역 1번,67,48,19,0,3,22,21,13,8,0,3,15,14,9,7,0,0,7,7,4,1
20204,A,골목상권,3110832,노량진초등학교,491,269,222,0,54,105,122,153,57,0,24,64,85,70,26,0,30,41,37,83,31
20204,R,전통시장,3130266,만양로상점가,2,1,1,0,0,0,2,0,0,0,0,0,1,0,0,0,0,0,1,0,0
20204,A,골목상권,3110822,신대방삼거리역 4번(대림초등학교),313,131,182,0,57,71,68,76,41,0,13,28,34,35,21,0,44,43,34,41,20
20204,A,골목상권,3110850,사당역 10번,969,487,482,4,217,207,185,162,194,1,54,88,92,95,157,3,163,119,93,67,37
20204,R,전통시장,3130273,남성사계시장(남성시장),141,63,78,0,21,36,45,22,17,0,3,19,20,8,13,0,18,17,25,14,4
20204,R,전통시장,3130260,신대방1동골목상권,70,31,39,0,8,22,15,15,10,0,0,7,7,10,7,0,8,15,8,5,3
20204,R,전통시장,3130281,우림시장,1,0,1,0,0,0,1,0,0,0,0,0,0,0,0,0,0,0,1,0,0
20204,A,골목상권,3110859,난향초등학교,182,113,69,0,11,32,42,52,45,0,0,21,27,30,35,0,11,11,15,22,10
20204,A,골목상권,3110886,관악해태어린이공원,184,103,81,1,38,50,41,34,20,1,18,28,21,23,12,0,20,22,20,11,8
20204,A,골목상권,3110880,신림역 1번,995,275,720,0,379,296,157,128,35,0,78,87,66,33,11,0,301,209,91,95,24
20204,A,골목상권,3110888,청룡동주민센터,94,53,41,0,5,9,11,22,47,0,3,2,4,6,38,0,2,7,7,16,9
20204,A,골목상권,3110896,관악우성아파트,202,49,153,0,41,37,44,47,33,0,5,7,11,13,13,0,36,30,33,34,20
20204,A,골목상권,3110948,헌인가구단지,57,27,30,0,5,24,14,11,3,0,4,12,6,2,3,0,1,12,8,9,0
20204,D,발달상권,3120165,서래마을카페거리(서래마을),3467,2266,1201,11,605,1119,949,516,267,3,277,716,707,369,194,8,328,403,242,147,73
20204,A,골목상권,3110921,서울프랑스학교,506,312,194,7,63,70,115,134,117,2,30,43,80,86,71,5,33,27,35,48,46
20204,A,골목상권,3110907,방배초등학교,775,476,299,8,119,165,211,143,129,5,54,100,118,95,104,3,65,65,93,48,25
20204,A,골목상권,3110912,방배동사이길,210,128,82,3,33,45,53,42,34,2,16,27,39,21,23,1,17,18,14,21,11
20204,A,골목상권,3110933,한국상담대학원대학교,679,60,619,0,344,156,86,63,30,0,10,15,15,5,15,0,334,141,71,58,15
20204,D,발달상권,3120172,교대입구교차로,10241,5712,4529,53,2062,2700,2445,1945,1036,33,854,1635,1489,1004,697,20,1208,1065,956,941,339
20204,A,골목상권,3110935,한전아트센터,379,264,115,2,53,108,105,72,39,2,33,82,75,46,26,0,20,26,30,26,13
20204,D,발달상권,3120192,뱅뱅사거리,27363,18865,8498,72,5748,8234,6678,4352,2279,37,3275,5587,5090,3174,1702,35,2473,2647,1588,1178,577
20204,D,발달상권,3120180,양재화물트럭터미널앞,2562,2146,416,13,637,812,554,409,137,10,466,711,481,363,115,3,171,101,73,46,22
20204,A,골목상권,3110984,포이초등학교(개포목련어린이공원),1556,1046,510,2,236,342,331,306,339,0,140,241,211,199,255,2,96,101,120,107,84
20204,D,발달상권,3120190,강남을지병원,11725,6199,5526,44,3417,3232,2506,1512,1014,14,1228,1650,1567,988,752,30,2189,1582,939,524,262
20204,D,발달상권,3120196,서울세관,9664,5880,3784,15,1699,2887,2578,1611,874,2,596,1519,1718,1320,725,13,1103,1368,860,291,149
20204,D,발달상권,3120200,학동사거리,9363,3808,5555,26,2868,3075,1848,1005,541,9,654,1122,937,687,399,17,2214,1953,911,318,142
20204,D,발달상권,3120223,휘문고교사거리,9166,5574,3592,20,1785,2926,2736,1401,298,4,1102,2061,1597,609,201,16,683,865,1139,792,97
20204,A,골목상권,3110975,매봉역 1번,10837,6932,3905,34,2175,2199,3202,3019,208,21,1010,1161,2184,2402,154,13,1165,1038,1018,617,54
20204,A,골목상권,3110978,도곡2동주민센터(대치중학교),331,186,145,0,46,70,72,114,29,0,20,41,47,62,16,0,26,29,25,52,13
20204,A,골목상권,3110974,언주중학교,278,168,110,3,58,66,85,43,23,3,25,39,59,27,15,0,33,27,26,16,8
20204,D,발달상권,3120188,압구정역,8579,3750,4829,134,2204,2146,1550,1314,1231,47,698,969,897,556,583,87,1506,1177,653,758,648
20204,D,발달상권,3120202,압구정로데오역(압구정로데오),11735,6075,5660,41,2963,4419,2469,1425,418,11,793,2184,1593,1195,299,30,2170,2235,876,230,119
20204,A,골목상권,3110971,선정릉역 4번,1542,900,642,11,278,455,380,254,164,6,140,270,245,120,119,5,138,185,135,134,45
20204,D,발달상권,3120239,오금역,4595,2925,1670,17,840,1205,1156,897,480,11,447,798,824,483,362,6,393,407,332,414,118
20204,D,발달상권,3120241,거여역,1197,650,547,5,110,221,296,277,288,2,80,152,161,83,172,3,30,69,135,194,116
20204,A,골목상권,3111026,문정역 2번,2257,1479,778,7,430,626,537,409,248,3,235,420,381,229,211,4,195,206,156,180,37
20204,A,골목상권,3111017,송파나루역 3번,272,183,89,0,40,62,62,63,45,0,14,42,42,45,40,0,26,20,20,18,5
20204,A,골목상권,3111010,석촌역 7번,1512,1031,481,3,181,309,376,339,304,1,98,190,261,234,247,2,83,119,115,105,57
20204,A,골목상권,3111040,거여초등학교,346,137,209,0,26,86,124,77,33,0,9,27,48,30,23,0,17,59,76,47,10
20204,A,골목상권,3111034,오동나무공원(송파레미니스1단지),1465,1038,427,3,253,373,355,322,159,3,163,257,267,226,122,0,90,116,88,96,37
20204,A,골목상권,3111030,방이역 2번,665,419,246,1,57,107,147,217,136,0,28,68,94,128,101,1,29,39,53,89,35
20204,D,발달상권,3120225,잠실새내역(신천),5597,3589,2008,25,909,1191,1223,1162,1087,3,464,712,794,811,805,22,445,479,429,351,282
20204,A,골목상권,3111085,묘곡초등학교(고덕아이파크아파트),800,452,348,0,68,111,152,196,273,0,35,72,80,84,181,0,33,39,72,112,92
20204,A,골목상권,3111077,길동주민센터(강동도서관),1272,737,535,4,121,258,294,321,274,1,49,138,167,188,194,3,72,120,127,133,80
20204,R,전통시장,3130324,길동복조리시장,154,85,69,3,27,32,47,40,5,2,13,18,31,19,2,1,14,14,16,21,3
20204,D,발달상권,3120245,둔촌역,1884,1135,749,7,312,460,446,371,288,6,169,309,271,195,185,1,143,151,175,176,103
20204,A,골목상권,3111076,둔촌2동주민센터,297,174,123,0,25,49,61,86,76,0,14,24,34,39,63,0,11,25,27,47,13
20204,A,골목상권,3111080,굽은다리역 3번,434,235,199,0,44,77,100,110,103,0,12,52,63,58,50,0,32,25,37,52,53
20204,R,전통시장,3130320,암사종합시장,173,97,76,1,16,29,50,31,46,1,5,12,31,19,29,0,11,17,19,12,17
20204,R,전통시장,3130002,세종마을음식문화거리(금천교시장),564,392,172,4,56,109,120,121,154,0,26,74,75,90,127,4,30,35,45,31,27
20204,A,골목상권,3110037,신설동역 12번,208,124,84,0,16,46,51,61,34,0,6,20,32,41,25,0,10,26,19,20,9
20204,D,발달상권,3120014,종로5가역,4887,2839,2048,375,1123,1351,1205,597,236,112,456,860,851,397,163,263,667,491,354,200,73
20204,A,골목상권,3110029,동대문역 1번,247,68,179,0,11,34,64,82,56,0,1,8,25,21,13,0,10,26,39,61,43
20204,A,골목상권,3110021,성균관대학교,395,301,94,2,16,44,110,145,78,2,7,29,89,124,50,0,9,15,21,21,28
20204,R,전통시장,3130032,인현시장,167,123,44,0,3,25,47,54,38,0,3,16,35,40,29,0,0,9,12,14,9
20204,A,골목상권,3110056,신당역 3번,514,293,221,0,62,129,118,115,90,0,31,63,69,72,58,0,31,66,49,43,32
20204,D,발달상권,3120027,명동역(명동재미로),18097,8477,9620,67,2695,5851,6070,3074,340,9,859,2588,2522,2321,178,58,1836,3263,3548,753,162
20204,R,전통시장,3130054,황학동주방가구거리상점가,374,266,108,0,25,80,116,106,47,0,18,60,77,74,37,0,7,20,39,32,10
20204,A,골목상권,3110050,약수역 7번,306,229,77,0,34,81,75,74,42,0,21,59,60,56,33,0,13,22,15,18,9
20204,A,골목상권,3110042,남산골공원옆,683,424,259,3,91,156,195,166,72,0,37,89,131,121,46,3,54,67,64,45,26
20204,A,골목상권,3110088,오산고등학교,101,51,50,0,22,20,19,15,25,0,9,9,8,8,17,0,13,11,11,7,8
20204,A,골목상권,3110090,한국폴리텍대학서울정수캠퍼스,3968,2447,1521,1,446,1358,1632,500,31,1,173,548,1231,467,27,0,273,810,401,33,4
20204,A,골목상권,3110063,효창공원앞역 5번,530,347,183,8,47,104,139,132,100,6,25,71,93,87,65,2,22,33,46,45,35
20204,D,발달상권,3120040,용산전자상가(용산역),8008,5959,2049,43,1387,2728,2220,1237,393,30,880,2009,1728,997,315,13,507,719,492,240,78
20204,A,골목상권,3110058,성심여자고등학교,1189,857,332,10,168,333,362,206,110,3,77,243,278,166,90,7,91,90,84,40,20
20204,A,골목상권,3110087,이태원엔틱가구거리,329,113,216,0,151,130,29,10,9,0,26,52,19,8,8,0,125,78,10,2,1
20204,A,골목상권,3110067,배문고등학교,1547,895,652,1,215,370,383,320,258,0,84,173,199,225,214,1,131,197,184,95,44
20204,D,발달상권,3120047,한남오거리,2290,1458,832,11,366,751,623,343,196,9,152,461,438,249,149,2,214,290,185,94,47
20204,A,골목상권,3110098,서울독일학교,242,91,151,0,57,85,68,23,9,0,15,22,34,15,5,0,42,63,34,8,4
20204,A,골목상권,3110096,한남힐사이드아파트,502,337,165,3,155,183,85,47,29,3,89,132,63,26,24,0,66,51,22,21,5
20211,D,발달상권,3120007,북촌(안국역),10443,8282,2161,8,1148,3636,3182,1964,505,5,644,2891,2647,1702,393,3,504,745,535,262,112
20211,A,골목상권,3110018,중앙고등학교,829,408,421,0,92,166,209,160,202,0,27,55,100,80,146,0,65,111,109,80,56
20211,A,골목상권,3110006,부암동주민센터,27,16,11,0,2,7,7,5,6,0,2,5,2,3,4,0,0,2,5,2,2
20211,A,골목상권,3110012,성곡미술관,1042,489,553,0,260,329,260,111,82,0,70,152,149,69,49,0,190,177,111,42,33
20211,D,발달상권,3120002,서촌(경복궁역),1989,1071,918,37,487,674,421,221,149,0,190,387,258,131,105,37,297,287,163,90,44
20211,D,발달상권,3120005,삼청동,3049,2795,254,1,399,709,898,817,225,0,340,633,848,776,198,1,59,76,50,41,27
20211,D,발달상권,3120013,이화사거리,7536,5468,2068,8,1300,2502,2063,1294,369,1,626,1730,1678,1171,262,7,674,772,385,123,107
20211,D,발달상권,3120006,종각역,33181,16028,17153,59,5900,11133,9928,5489,672,14,2254,4920,4677,3672,491,45,3646,6213,5251,1817,181
20211,A,골목상권,3110019,창덕궁,325,215,110,0,47,91,82,71,34,0,21,65,53,49,27,0,26,26,29,22,7
20211,R,전통시장,3130016,동대문상가B동,2,1,1,0,0,1,1,0,0,0,0,0,1,0,0,0,0,1,0,0,0
20211,R,전통시장,3130019,동대문상가D동,29,22,7,0,6,6,5,4,8,0,4,3,4,4,7,0,2,3,1,0,1
20211,R,전통시장,3130001,통인시장,63,31,32,0,4,16,12,13,18,0,2,4,7,7,11,0,2,12,5,6,7
20211,D,발달상권,3120037,동대문역사문화공원역,35317,17057,18260,421,11234,9194,6979,5237,2252,180,5605,5543,3901,1328,500,241,5629,3651,3078,3909,1752
20211,A,골목상권,3110052,장충초등학교,484,281,203,0,43,100,132,130,79,0,16,63,75,82,45,0,27,37,57,48,34
20211,D,발달상권,3120026,을지로입구역,30610,18501,12109,14,4275,11589,8473,5661,598,4,1729,5846,5959,4562,401,10,2546,5743,2514,1099,197
20211,A,골목상권,3110038,경향신문사,1096,759,337,0,195,395,283,181,42,0,63,266,227,165,38,0,132,129,56,16,4
20211,R,전통시장,3130035,방산종합시장(방산시장),1190,736,454,1,96,200,284,312,297,0,56,117,154,191,218,1,40,83,130,121,79
20211,R,전통시장,3130033,대림상가(청계상가),169,121,48,0,7,29,54,39,40,0,3,19,35,30,34,0,4,10,19,9,6
20211,R,전통시장,3130034,필동 골목형상점가,14,7,7,0,2,4,5,2,1,0,1,2,2,2,0,0,1,2,3,0,1
20211,D,발달상권,3120042,"숙대입구역(남영역, 남영동)",4057,2797,1260,20,750,1490,1024,558,215,8,370,894,831,510,184,12,380,596,193,48,31
20211,A,골목상권,3110092,NH농협은행 보광동지점,468,168,300,0,90,111,103,94,70,0,11,47,34,33,43,0,79,64,69,61,27
20211,A,골목상권,3110083,서빙고역 1번,149,109,40,0,26,53,42,14,14,0,13,42,29,12,13,0,13,11,13,2,1
20211,A,골목상권,3110060,효창공원앞역 6번,287,170,117,0,28,62,80,73,44,0,10,34,48,47,31,0,18,28,32,26,13
20211,A,골목상권,3110068,남영역 1번,1090,615,475,8,161,257,250,224,190,6,60,135,151,138,125,2,101,122,99,86,65
20211,R,전통시장,3130058,이촌종합시장,109,78,31,0,13,19,25,26,26,0,7,12,15,21,23,0,6,7,10,5,3
20211,A,골목상권,3110091,리움미술관,1106,810,296,0,216,345,343,155,47,0,117,236,293,128,36,0,99,109,50,27,11
20211,A,골목상권,3110061,효창동주민센터,478,306,172,1,61,91,154,113,58,1,38,53,100,67,47,0,23,38,54,46,11
20211,A,골목상권,3110122,마장역 2번,461,270,191,1,60,87,116,112,85,1,32,59,68,60,50,0,28,28,48,52,35
20211,R,전통시장,3130068,마장축산물시장,975,630,345,1,102,202,250,248,172,1,68,127,155,165,114,0,34,75,95,83,58
20211,A,골목상권,3110125,사근동살곶이상점가,135,83,52,2,25,39,35,21,13,2,13,21,24,13,10,0,12,18,11,8,3
20211,R,전통시장,3130070,뚝섬역상점가,1017,698,319,6,178,260,218,222,133,4,105,180,144,157,108,2,73,80,74,65,25
20211,R,전통시장,3130066,행당시장상점가,360,178,182,0,42,76,102,95,45,0,17,37,53,44,27,0,25,39,49,51,18
20211,A,골목상권,3110178,장로회신학대학교,165,108,57,0,21,38,33,47,26,0,13,31,16,34,14,0,8,7,17,13,12
20211,A,골목상권,3110147,능동우편취급국,815,464,351,4,120,172,160,137,222,2,56,88,104,77,137,2,64,84,56,60,85
20211,A,골목상권,3110154,광진정말공원,255,146,109,1,31,54,61,65,43,1,16,34,30,34,31,0,15,20,31,31,12
20211,A,골목상권,3110151,자양한강도서관,249,175,74,4,35,52,63,66,29,3,24,37,49,41,21,1,11,15,14,25,8
20211,R,전통시장,3130083,"중곡제일시장(중곡제일골목시장, 광성시장)",111,68,43,0,15,21,29,24,22,0,7,14,20,10,17,0,8,7,9,14,5
20211,A,골목상권,3110162,군자역 4번,618,370,248,0,127,163,133,111,84,0,98,119,77,43,33,0,29,44,56,68,51
20211,A,골목상권,3110171,중곡4동주민센터,59,36,23,0,4,8,7,22,18,0,1,2,3,15,15,0,3,6,4,7,3
20211,R,전통시장,3130079,한아름시장,40,29,11,0,5,6,6,10,13,0,4,4,5,6,10,0,1,2,1,4,3
20211,A,골목상권,3110217,자동차부품상가,506,391,115,1,34,105,144,124,98,1,25,88,116,84,77,0,9,17,28,40,21
20211,A,골목상권,3110225,촬영소사거리,330,204,126,0,22,36,68,83,121,0,9,25,42,55,73,0,13,11,26,28,48
20211,A,골목상권,3110218,답십리사거리,158,83,75,0,14,25,45,60,14,0,5,12,22,33,11,0,9,13,23,27,3
20211,A,골목상권,3110188,용두동신동아아파트,807,607,200,8,104,178,229,191,97,2,68,150,181,132,74,6,36,28,48,59,23
20211,A,골목상권,3110184,용두사거리,398,205,193,0,77,135,72,64,50,0,37,51,33,45,39,0,40,84,39,19,11
20211,A,골목상권,3110213,청량초등학교,124,81,43,0,19,57,17,15,16,0,7,41,13,7,13,0,12,16,4,8,3
20211,A,골목상권,3110220,외대앞역 1번,193,111,82,0,28,37,54,47,27,0,7,18,33,34,19,0,21,19,21,13,8
20211,A,골목상권,3110230,장안현대홈타운1차아파트,161,101,60,0,15,32,52,45,17,0,6,22,33,28,12,0,9,10,19,17,5
20211,A,골목상권,3110216,전농중학교,208,68,140,1,32,48,62,50,15,1,11,14,18,18,6,0,21,34,44,32,9
20211,R,전통시장,3130091,청량종합도매시장,36,27,9,0,1,3,11,14,7,0,0,3,8,10,6,0,1,0,3,4,1
20211,A,골목상권,3110275,하나은행 망우동지점,63,33,30,0,4,9,19,16,15,0,3,6,9,5,10,0,1,3,10,11,5
20211,R,전통시장,3130112,사가정시장,86,28,58,0,13,17,24,19,13,0,0,3,6,8,11,0,13,14,18,11,2
20211,R,전통시장,3130109,묵1동도깨비시장,47,33,14,0,2,9,16,9,11,0,1,5,13,5,9,0,1,4,3,4,2
20211,R,전통시장,3130107,중랑동부시장(중랑교종합상가),13,3,10,0,0,1,4,5,3,0,0,0,0,1,2,0,0,1,4,4,1
20211,A,골목상권,3110276,신내IC북측,29,18,11,0,1,4,8,9,7,0,0,3,5,6,4,0,1,1,3,3,3
20211,A,골목상권,3110240,태릉시장 특화거리,97,39,58,2,20,13,28,16,18,1,3,8,7,8,12,1,17,5,21,8,6
20211,A,골목상권,3110299,정릉역 1번,372,241,131,1,33,49,83,95,111,0,9,12,40,74,106,1,24,37,43,21,5
20211,A,골목상권,3110302,보문역 8번,3797,3177,620,1,364,1434,710,823,465,1,252,1274,656,702,292,0,112,160,54,121,173
20211,A,골목상권,3110333,돌곶이역 5번,988,746,242,0,15,23,38,74,838,0,2,13,20,42,669,0,13,10,18,32,169
20211,D,발달상권,3120074,안암역,59,28,31,1,12,16,12,8,10,0,5,9,7,2,5,1,7,7,5,6,5
20211,R,전통시장,3130125,장위전통시장,40,20,20,0,5,6,7,8,14,0,0,2,5,5,8,0,5,4,2,3,6
20211,A,골목상권,3110295,정릉우체국,679,248,431,0,166,178,163,119,53,0,36,67,49,52,44,0,130,111,114,67,9
20211,A,골목상권,3110290,북한산보국문역 1번,96,78,18,0,2,9,29,37,19,0,1,8,23,30,16,0,1,1,6,7,3
20211,A,골목상권,3110284,정릉북한산국립공원입구,562,506,56,0,5,59,181,229,88,0,4,49,161,211,81,0,1,10,20,18,7
20211,A,골목상권,3110315,종암아이파크2차,124,78,46,0,11,17,41,38,17,0,4,9,27,25,13,0,7,8,14,13,4
20211,A,골목상권,3110311,종암아이파크2차후문,18,9,9,0,0,2,8,3,5,0,0,1,3,1,4,0,0,1,5,2,1
20211,D,발달상권,3120077,미아역,218,97,121,0,32,37,52,64,33,0,11,8,18,38,22,0,21,29,34,26,11
20211,A,골목상권,3110355,삼양사거리역 2번,306,254,52,0,8,26,44,103,125,0,1,10,31,94,118,0,7,16,13,9,7
20211,R,전통시장,3130135,수유중앙골목시장(수유중앙시장),24,12,12,0,0,3,4,5,12,0,0,2,2,0,8,0,0,1,2,5,4
20211,A,골목상권,3110372,강북중학교,188,100,88,0,21,43,50,48,26,0,17,25,18,20,20,0,4,18,32,28,6
20211,R,전통시장,3130129,장미원골목시장,911,571,340,0,15,14,38,89,755,0,1,4,12,40,514,0,14,10,26,49,241
20211,R,전통시장,3130130,수유북부골목시장,20,14,6,0,1,1,7,5,6,0,0,0,6,3,5,0,1,1,1,2,1
20211,A,골목상권,3110405,방학역 1번,1123,365,758,3,130,176,308,427,79,3,67,109,82,70,34,0,63,67,226,357,45
20211,R,전통시장,3130151,신도봉시장,5,5,0,0,1,0,2,2,0,0,1,0,2,2,0,0,0,0,0,0,0
20211,A,골목상권,3110407,도봉역 2번,560,337,223,1,32,75,115,203,134,1,8,40,57,126,105,0,24,35,58,77,29
20211,R,전통시장,3130152,오!도봉거리 상점가,42,17,25,0,4,14,15,6,3,0,0,5,7,4,1,0,4,9,8,2,2
20211,A,골목상권,3110412,창동중학교,25,23,2,0,4,7,3,4,7,0,3,7,3,3,7,0,1,0,0,1,0
20211,R,전통시장,3130148,방학동도깨비시장,39,16,23,0,2,6,12,12,7,0,0,1,5,8,2,0,2,5,7,4,5
20211,A,골목상권,3110394,방학중학교,214,133,81,0,19,35,50,54,56,0,12,20,26,35,40,0,7,15,24,19,16
20211,A,골목상권,3110384,문이교,261,139,122,0,38,20,56,85,62,0,12,8,21,51,47,0,26,12,35,34,15
20211,A,골목상권,3110388,도봉우체국,35,23,12,0,4,3,10,14,4,0,2,2,7,8,4,0,2,1,3,6,0
20211,A,골목상권,3110442,화랑대철도공원,76,20,56,0,1,4,14,49,8,0,0,2,4,10,4,0,1,2,10,39,4
20211,A,골목상권,3110424,상계초등학교,388,157,231,2,42,50,96,106,92,2,18,32,32,42,31,0,24,18,64,64,61
20211,A,골목상권,3110437,당고개역 2번,116,40,76,0,16,23,25,41,11,0,5,11,9,10,5,0,11,12,16,31,6
20211,A,골목상권,3110439,당고개역 5번,96,45,51,0,4,14,12,32,34,0,0,10,6,16,13,0,4,4,6,16,21
20211,A,골목상권,3110440,상계3동4동주민센터,49,16,33,0,8,6,15,10,10,0,1,1,4,2,8,0,7,5,11,8,2
20211,A,골목상권,3110420,광운대역 1번,796,472,324,7,233,310,184,40,22,0,114,234,89,21,14,7,119,76,95,19,8
20211,A,골목상권,3110431,상계역,124,72,52,1,16,24,28,37,18,0,2,13,17,27,13,1,14,11,11,10,5
20211,A,골목상권,3110467,은평요양병원,487,284,203,3,90,154,110,68,62,2,46,100,61,37,38,1,44,54,49,31,24
20211,A,골목상권,3110454,선정중학교,481,268,213,3,56,71,142,108,101,2,42,35,53,66,70,1,14,36,89,42,31
20211,A,골목상권,3110447,구산초등학교,48,43,5,0,5,15,10,5,13,0,4,15,8,5,11,0,1,0,2,0,2
20211,A,골목상권,3110453,신사1동주민센터,515,288,227,0,43,81,121,155,115,0,20,25,65,85,93,0,23,56,56,70,22
20211,A,골목상권,3110448,상신초등학교입구,120,76,44,1,20,27,26,26,20,1,17,17,12,14,15,0,3,10,14,12,5
20211,A,골목상권,3110466,구산역 2번,87,46,41,0,12,17,26,24,8,0,4,5,16,15,6,0,8,12,10,9,2
20211,R,전통시장,3130166,응암시장(신응암시장),17,10,7,0,0,3,2,5,7,0,0,0,1,3,6,0,0,3,1,2,1
20211,A,골목상권,3110498,증산역 1번,222,102,120,0,15,32,75,68,32,0,7,9,31,32,23,0,8,23,44,36,9
20211,A,골목상권,3110444,수색성당,157,57,100,0,17,39,47,45,9,0,6,14,14,16,7,0,11,25,33,29,2
20211,R,전통시장,3130162,증산골목시장,7,3,4,0,0,2,2,1,2,0,0,0,0,1,2,0,0,2,2,0,0
20211,A,골목상권,3110496,모래내우체국,611,333,278,2,88,190,160,89,82,2,20,100,117,42,52,0,68,90,43,47,30
20211,R,전통시장,3130181,아현가구거리상점가,59,30,29,0,8,11,13,10,17,0,0,7,9,4,10,0,8,4,4,6,7
20211,A,골목상권,3110506,연희임광아파트,110,66,44,0,5,12,39,29,25,0,1,8,20,19,18,0,4,4,19,10,7
20211,A,골목상권,3110505,홍남교남측,14,9,5,0,1,0,3,7,3,0,0,0,2,5,2,0,1,0,1,2,1
20211,A,골목상권,3110510,홍연시장,100,59,41,0,10,14,33,27,16,0,5,6,22,14,12,0,5,8,11,13,4
20211,R,전통시장,3130180,포방터시장,59,34,25,0,13,11,15,6,14,0,4,4,11,5,10,0,9,7,4,1,4
20211,A,골목상권,3110521,홍제역 4번,63,36,27,0,4,7,19,17,16,0,0,4,10,9,13,0,4,3,9,8,3
20211,A,골목상권,3110529,홍제3동주민센터,125,58,67,0,13,20,27,25,40,0,2,5,8,14,29,0,11,15,19,11,11
20211,R,전통시장,3130177,인왕시장(홍제골목형상점가),44,7,37,0,1,1,8,7,27,0,0,0,1,3,3,0,1,1,7,4,24
20211,A,골목상권,3110589,애오개역 3번,46,13,33,0,3,3,15,11,14,0,0,1,4,6,2,0,3,2,11,5,12
20211,R,전통시장,3130195,도화동 상점가,1040,502,538,2,201,267,226,153,191,1,86,132,121,88,74,1,115,135,105,65,117
20211,R,전통시장,3130186,망원시장,143,53,90,0,9,23,40,41,30,0,6,11,14,10,12,0,3,12,26,31,18
20211,A,골목상권,3110542,마포구청역 7번,3997,2442,1555,16,527,714,775,1304,661,9,297,578,604,586,368,7,230,136,171,718,293
20211,D,발달상권,3120098,DMC(디지털미디어시티),8846,5391,3455,19,1691,3228,2856,875,177,11,813,1995,1821,616,135,8,878,1233,1035,259,42
20211,A,골목상권,3110561,상수역 4번,395,247,148,4,59,102,94,89,47,2,21,56,64,68,36,2,38,46,30,21,11
20211,R,전통시장,3130191,홍대 걷고싶은 거리,367,225,142,6,65,65,81,82,68,4,40,41,54,47,39,2,25,24,27,35,29
20211,A,골목상권,3110552,성미산체육관,637,465,172,1,110,159,145,158,64,0,72,120,98,128,47,1,38,39,47,30,17
20211,A,골목상권,3110553,가좌역 2번,281,167,114,0,26,51,79,81,44,0,16,28,44,43,36,0,10,23,35,38,8
20211,A,골목상권,3110570,KB국민은행 서강지점,61,39,22,0,4,22,18,12,5,0,4,13,10,7,5,0,0,9,8,5,0
20211,R,전통시장,3130193,신수시장,34,19,15,0,4,7,12,5,6,0,1,5,5,4,4,0,3,2,7,1,2
20211,A,골목상권,3110624,목동문화체육센터,379,232,147,0,93,117,75,63,31,0,40,79,46,48,19,0,53,38,29,15,12
20211,A,골목상권,3110626,양화초등학교,652,271,381,1,127,138,149,147,90,0,37,57,76,63,38,1,90,81,73,84,52
20211,A,골목상권,3110620,목동보건지소,458,241,217,4,51,85,105,125,88,4,20,48,50,65,54,0,31,37,55,60,34
20211,D,발달상권,3120111,목동사거리,1828,710,1118,1,551,601,341,219,115,0,101,248,161,116,84,1,450,353,180,103,31
20211,R,전통시장,3130202,신영시장,40,13,27,0,3,4,13,16,4,0,2,0,3,6,2,0,1,4,10,10,2
20211,R,전통시장,3130201,월정로시장,27,17,10,0,2,8,10,7,0,0,0,7,6,4,0,0,2,1,4,3,0
20211,A,골목상권,3110606,신한은행 신월동지점,544,307,237,1,49,83,152,152,107,1,26,44,84,72,80,0,23,39,68,80,27
20211,A,골목상권,3110613,신정네거리역 4번,80,20,60,0,8,25,24,19,4,0,2,6,7,4,1,0,6,19,17,15,3
20213,R,전통시장,3130125,장위전통시장,40,20,20,0,5,6,7,8,14,0,0,2,5,5,8,0,5,4,2,3,6
20213,A,골목상권,3110295,정릉우체국,679,248,431,0,166,178,163,119,53,0,36,67,49,52,44,0,130,111,114,67,9
20213,A,골목상권,3110290,북한산보국문역 1번,96,78,18,0,2,9,29,37,19,0,1,8,23,30,16,0,1,1,6,7,3
20213,A,골목상권,3110284,정릉북한산국립공원입구,562,506,56,0,5,59,181,229,88,0,4,49,161,211,81,0,1,10,20,18,7
20213,A,골목상권,3110315,종암아이파크2차,124,78,46,0,11,17,41,38,17,0,4,9,27,25,13,0,7,8,14,13,4
20213,A,골목상권,3110311,종암아이파크2차후문,18,9,9,0,0,2,8,3,5,0,0,1,3,1,4,0,0,1,5,2,1
20213,D,발달상권,3120077,미아역,218,97,121,0,32,37,52,64,33,0,11,8,18,38,22,0,21,29,34,26,11
20213,A,골목상권,3110355,삼양사거리역 2번,306,254,52,0,8,26,44,103,125,0,1,10,31,94,118,0,7,16,13,9,7
20213,R,전통시장,3130135,수유중앙골목시장(수유중앙시장),24,12,12,0,0,3,4,5,12,0,0,2,2,0,8,0,0,1,2,5,4
20213,A,골목상권,3110372,강북중학교,188,100,88,0,21,43,50,48,26,0,17,25,18,20,20,0,4,18,32,28,6
20213,R,전통시장,3130129,장미원골목시장,911,571,340,0,15,14,38,89,755,0,1,4,12,40,514,0,14,10,26,49,241
20213,R,전통시장,3130130,수유북부골목시장,20,14,6,0,1,1,7,5,6,0,0,0,6,3,5,0,1,1,1,2,1
20213,A,골목상권,3110405,방학역 1번,1123,365,758,3,130,176,308,427,79,3,67,109,82,70,34,0,63,67,226,357,45
20213,R,전통시장,3130151,신도봉시장,5,5,0,0,1,0,2,2,0,0,1,0,2,2,0,0,0,0,0,0,0
20213,A,골목상권,3110407,도봉역 2번,560,337,223,1,32,75,115,203,134,1,8,40,57,126,105,0,24,35,58,77,29
20213,R,전통시장,3130152,오!도봉거리 상점가,42,17,25,0,4,14,15,6,3,0,0,5,7,4,1,0,4,9,8,2,2
20213,A,골목상권,3110412,창동중학교,25,23,2,0,4,7,3,4,7,0,3,7,3,3,7,0,1,0,0,1,0
20213,R,전통시장,3130148,방학동도깨비시장,39,16,23,0,2,6,12,12,7,0,0,1,5,8,2,0,2,5,7,4,5
20213,A,골목상권,3110394,방학중학교,214,133,81,0,19,35,50,54,56,0,12,20,26,35,40,0,7,15,24,19,16
20213,A,골목상권,3110384,문이교,261,139,122,0,38,20,56,85,62,0,12,8,21,51,47,0,26,12,35,34,15
20213,A,골목상권,3110388,도봉우체국,35,23,12,0,4,3,10,14,4,0,2,2,7,8,4,0,2,1,3,6,0
20213,A,골목상권,3110442,화랑대철도공원,76,20,56,0,1,4,14,49,8,0,0,2,4,10,4,0,1,2,10,39,4
20213,A,골목상권,3110424,상계초등학교,388,157,231,2,42,50,96,106,92,2,18,32,32,42,31,0,24,18,64,64,61
20213,A,골목상권,3110437,당고개역 2번,116,40,76,0,16,23,25,41,11,0,5,11,9,10,5,0,11,12,16,31,6
20213,A,골목상권,3110439,당고개역 5번,96,45,51,0,4,14,12,32,34,0,0,10,6,16,13,0,4,4,6,16,21
20213,A,골목상권,3110440,상계3동4동주민센터,49,16,33,0,8,6,15,10,10,0,1,1,4,2,8,0,7,5,11,8,2
20213,A,골목상권,3110420,광운대역 1번,796,472,324,7,233,310,184,40,22,0,114,234,89,21,14,7,119,76,95,19,8
20213,A,골목상권,3110431,상계역,124,72,52,1,16,24,28,37,18,0,2,13,17,27,13,1,14,11,11,10,5
20213,A,골목상권,3110467,은평요양병원,487,284,203,3,90,154,110,68,62,2,46,100,61,37,38,1,44,54,49,31,24
20213,A,골목상권,3110454,선정중학교,481,268,213,3,56,71,142,108,101,2,42,35,53,66,70,1,14,36,89,42,31
20213,A,골목상권,3110447,구산초등학교,48,43,5,0,5,15,10,5,13,0,4,15,8,5,11,0,1,0,2,0,2
20213,A,골목상권,3110453,신사1동주민센터,515,288,227,0,43,81,121,155,115,0,20,25,65,85,93,0,23,56,56,70,22
20213,A,골목상권,3110448,상신초등학교입구,120,76,44,1,20,27,26,26,20,1,17,17,12,14,15,0,3,10,14,12,5
20213,A,골목상권,3110466,구산역 2번,87,46,41,0,12,17,26,24,8,0,4,5,16,15,6,0,8,12,10,9,2
20213,R,전통시장,3130166,응암시장(신응암시장),17,10,7,0,0,3,2,5,7,0,0,0,1,3,6,0,0,3,1,2,1
20213,A,골목상권,3110498,증산역 1번,222,102,120,0,15,32,75,68,32,0,7,9,31,32,23,0,8,23,44,36,9
20213,A,골목상권,3110444,수색성당,157,57,100,0,17,39,47,45,9,0,6,14,14,16,7,0,11,25,33,29,2
20213,R,전통시장,3130162,증산골목시장,7,3,4,0,0,2,2,1,2,0,0,0,0,1,2,0,0,2,2,0,0
20213,A,골목상권,3110496,모래내우체국,611,333,278,2,88,190,160,89,82,2,20,100,117,42,52,0,68,90,43,47,30
20213,R,전통시장,3130181,아현가구거리상점가,59,30,29,0,8,11,13,10,17,0,0,7,9,4,10,0,8,4,4,6,7
20213,A,골목상권,3110506,연희임광아파트,110,66,44,0,5,12,39,29,25,0,1,8,20,19,18,0,4,4,19,10,7
20213,A,골목상권,3110505,홍남교남측,14,9,5,0,1,0,3,7,3,0,0,0,2,5,2,0,1,0,1,2,1
20213,A,골목상권,3110510,홍연시장,100,59,41,0,10,14,33,27,16,0,5,6,22,14,12,0,5,8,11,13,4
20213,R,전통시장,3130180,포방터시장,59,34,25,0,13,11,15,6,14,0,4,4,11,5,10,0,9,7,4,1,4
20213,A,골목상권,3110521,홍제역 4번,63,36,27,0,4,7,19,17,16,0,0,4,10,9,13,0,4,3,9,8,3
20213,A,골목상권,3110529,홍제3동주민센터,125,58,67,0,13,20,27,25,40,0,2,5,8,14,29,0,11,15,19,11,11
20213,R,전통시장,3130177,인왕시장(홍제골목형상점가),44,7,37,0,1,1,8,7,27,0,0,0,1,3,3,0,1,1,7,4,24
20213,A,골목상권,3110589,애오개역 3번,46,13,33,0,3,3,15,11,14,0,0,1,4,6,2,0,3,2,11,5,12
20213,R,전통시장,3130195,도화동 상점가,1040,502,538,2,201,267,226,153,191,1,86,132,121,88,74,1,115,135,105,65,117
20213,R,전통시장,3130186,망원시장,143,53,90,0,9,23,40,41,30,0,6,11,14,10,12,0,3,12,26,31,18
20213,A,골목상권,3110542,마포구청역 7번,3997,2442,1555,16,527,714,775,1304,661,9,297,578,604,586,368,7,230,136,171,718,293
20213,D,발달상권,3120098,DMC(디지털미디어시티),8846,5391,3455,19,1691,3228,2856,875,177,11,813,1995,1821,616,135,8,878,1233,1035,259,42
20213,A,골목상권,3110561,상수역 4번,395,247,148,4,59,102,94,89,47,2,21,56,64,68,36,2,38,46,30,21,11
20213,R,전통시장,3130191,홍대 걷고싶은 거리,367,225,142,6,65,65,81,82,68,4,40,41,54,47,39,2,25,24,27,35,29
20213,A,골목상권,3110552,성미산체육관,637,465,172,1,110,159,145,158,64,0,72,120,98,128,47,1,38,39,47,30,17
20213,A,골목상권,3110553,가좌역 2번,281,167,114,0,26,51,79,81,44,0,16,28,44,43,36,0,10,23,35,38,8
20213,A,골목상권,3110570,KB국민은행 서강지점,61,39,22,0,4,22,18,12,5,0,4,13,10,7,5,0,0,9,8,5,0
20213,R,전통시장,3130193,신수시장,34,19,15,0,4,7,12,5,6,0,1,5,5,4,4,0,3,2,7,1,2
20213,A,골목상권,3110624,목동문화체육센터,379,232,147,0,93,117,75,63,31,0,40,79,46,48,19,0,53,38,29,15,12
20213,A,골목상권,3110626,양화초등학교,652,271,381,1,127,138,149,147,90,0,37,57,76,63,38,1,90,81,73,84,52
20213,A,골목상권,3110620,목동보건지소,458,241,217,4,51,85,105,125,88,4,20,48,50,65,54,0,31,37,55,60,34
20213,D,발달상권,3120111,목동사거리,1828,710,1118,1,551,601,341,219,115,0,101,248,161,116,84,1,450,353,180,103,31
20213,R,전통시장,3130202,신영시장,40,13,27,0,3,4,13,16,4,0,2,0,3,6,2,0,1,4,10,10,2
20213,R,전통시장,3130201,월정로시장,27,17,10,0,2,8,10,7,0,0,0,7,6,4,0,0,2,1,4,3,0
20213,A,골목상권,3110606,신한은행 신월동지점,544,307,237,1,49,83,152,152,107,1,26,44,84,72,80,0,23,39,68,80,27
20213,A,골목상권,3110613,신정네거리역 4번,80,20,60,0,8,25,24,19,4,0,2,6,7,4,1,0,6,19,17,15,3
20213,A,골목상권,3110657,양천향교역 5번,3180,2118,1062,12,334,603,741,695,795,8,191,396,493,385,645,4,143,207,248,310,150
20213,A,골목상권,3110648,양천향교역 7번,13,5,8,0,1,7,1,3,1,0,0,3,1,1,0,0,1,4,0,2,1
20213,A,골목상권,3110671,등촌1동주민센터,4521,2889,1632,8,1208,1381,956,636,332,2,375,916,788,522,286,6,833,465,168,114,46
20213,R,전통시장,3130214,송화벽화시장(송화골목시장),119,44,75,2,23,18,25,33,18,0,6,7,9,13,9,2,17,11,16,20,9
20213,A,골목상권,3110668,화곡2동주민센터,471,278,193,0,55,70,139,127,80,0,22,33,81,77,65,0,33,37,58,50,15
20213,A,골목상권,3110646,푸른들청소년도서관,754,384,370,1,92,113,198,187,163,1,26,47,97,99,114,0,66,66,101,88,49
20213,R,전통시장,3130221,"남부골목시장(남부화곡시장, 남부시장)",188,69,119,0,22,32,50,57,27,0,5,5,15,22,22,0,17,27,35,35,5
20213,A,골목상권,3110658,화곡초등학교,253,153,100,0,21,55,62,69,46,0,10,35,36,44,28,0,11,20,26,25,18
20213,A,골목상권,3110721,가리봉파출소,215,104,111,1,6,36,42,42,88,0,2,19,17,22,44,1,4,17,25,20,44
20213,A,골목상권,3110703,개봉역,307,192,115,4,28,54,91,77,53,3,16,30,54,49,40,1,12,24,37,28,13
20213,A,골목상권,3110706,그라운드 고척,410,100,310,0,122,101,101,68,18,0,22,20,28,20,10,0,100,81,73,48,8
20213,A,골목상권,3110701,고척동성당,567,379,188,2,126,185,125,92,37,0,81,133,82,54,29,2,45,52,43,38,8
20213,A,골목상권,3110709,구로119안전센터,185,108,77,0,19,22,56,51,37,0,14,13,36,29,16,0,5,9,20,22,21
20213,A,골목상권,3110716,구로나눔길,666,398,268,1,132,256,164,77,36,0,39,154,115,60,30,1,93,102,49,17,6
20213,D,발달상권,3120125,구로역,9531,6476,3055,29,1115,2177,2439,2305,1466,14,646,1505,1615,1580,1116,15,469,672,824,725,350
20213,A,골목상권,3110693,오류동역 4번,17,9,8,0,1,3,5,4,4,0,1,3,2,2,1,0,0,0,3,2,3
20213,A,골목상권,3110741,독산2동주민센터,444,159,285,0,69,117,96,108,54,0,43,35,26,33,22,0,26,82,70,75,32
20213,A,골목상권,3110789,대림성모병원,491,182,309,0,104,137,115,93,42,0,16,44,49,43,30,0,88,93,66,50,12
20213,A,골목상권,3110769,대림차이나타운(대림역 12번),42,12,30,0,6,8,12,10,6,0,0,3,4,3,2,0,6,5,8,7,4
20213,R,전통시장,3130244,대림중앙시장,94,39,55,3,15,16,21,16,23,2,10,8,10,5,4,1,5,8,11,11,19
20213,A,골목상권,3110772,신우어린이공원,94,55,39,0,9,15,22,26,22,0,5,8,12,19,11,0,4,7,10,7,11
20213,A,골목상권,3110785,영등포푸르지오아파트,161,84,77,2,13,17,39,44,46,2,8,12,24,14,24,0,5,5,15,30,22
20213,A,골목상권,3110761,문래동남성맨션,180,106,74,0,13,43,45,41,38,0,8,17,26,25,30,0,5,26,19,16,8
20213,R,전통시장,3130245,영일시장,675,567,108,1,61,189,238,136,50,0,41,148,217,115,46,1,20,41,21,21,4
20213,A,골목상권,3110758,문래소공원,296,221,75,1,44,77,70,67,37,0,32,60,46,52,31,1,12,17,24,15,6
20213,A,골목상권,3110815,공군호텔,2250,791,1459,4,426,519,477,509,315,0,88,197,168,172,166,4,338,322,309,337,149
20213,A,골목상권,3110787,신길3동주민센터,171,122,49,0,19,35,47,42,28,0,8,25,36,31,22,0,11,10,11,11,6
20213,A,골목상권,3110780,신길대성유니드아파트,223,171,52,0,22,42,71,56,32,0,18,34,51,41,27,0,4,8,20,15,5
20213,A,골목상권,3110804,신풍역 1번,312,187,125,0,15,37,62,63,135,0,4,15,29,35,104,0,11,22,33,28,31
20213,D,발달상권,3120150,63빌딩,8614,5431,3183,45,1167,2157,2997,1883,365,18,610,1437,1563,1568,235,27,557,720,1434,315,130
20213,D,발달상권,3120144,영중로,2017,1073,944,1,254,395,508,598,261,1,142,276,289,230,135,0,112,119,219,368,126
20213,A,골목상권,3110808,신길역 1번,67,48,19,0,3,22,21,13,8,0,3,15,14,9,7,0,0,7,7,4,1
20213,A,골목상권,3110832,노량진초등학교,491,269,222,0,54,105,122,153,57,0,24,64,85,70,26,0,30,41,37,83,31
20213,R,전통시장,3130266,만양로상점가,2,1,1,0,0,0,2,0,0,0,0,0,1,0,0,0,0,0,1,0,0
20213,A,골목상권,3110822,신대방삼거리역 4번(대림초등학교),313,131,182,0,57,71,68,76,41,0,13,28,34,35,21,0,44,43,34,41,20
20213,A,골목상권,3110850,사당역 10번,969,487,482,4,217,207,185,162,194,1,54,88,92,95,157,3,163,119,93,67,37
20213,R,전통시장,3130273,남성사계시장(남성시장),141,63,78,0,21,36,45,22,17,0,3,19,20,8,13,0,18,17,25,14,4
20213,R,전통시장,3130260,신대방1동골목상권,70,31,39,0,8,22,15,15,10,0,0,7,7,10,7,0,8,15,8,5,3
20213,R,전통시장,3130281,우림시장,1,0,1,0,0,0,1,0,0,0,0,0,0,0,0,0,0,0,1,0,0
20213,A,골목상권,3110859,난향초등학교,182,113,69,0,11,32,42,52,45,0,0,21,27,30,35,0,11,11,15,22,10
20213,A,골목상권,3110886,관악해태어린이공원,184,103,81,1,38,50,41,34,20,1,18,28,21,23,12,0,20,22,20,11,8
20213,A,골목상권,3110880,신림역 1번,995,275,720,0,379,296,157,128,35,0,78,87,66,33,11,0,301,209,91,95,24
20213,A,골목상권,3110888,청룡동주민센터,94,53,41,0,5,9,11,22,47,0,3,2,4,6,38,0,2,7,7,16,9
20213,A,골목상권,3110896,관악우성아파트,202,49,153,0,41,37,44,47,33,0,5,7,11,13,13,0,36,30,33,34,20
20213,A,골목상권,3110948,헌인가구단지,57,27,30,0,5,24,14,11,3,0,4,12,6,2,3,0,1,12,8,9,0
20213,D,발달상권,3120165,서래마을카페거리(서래마을),3467,2266,1201,11,605,1119,949,516,267,3,277,716,707,369,194,8,328,403,242,147,73
20213,A,골목상권,3110921,서울프랑스학교,506,312,194,7,63,70,115,134,117,2,30,43,80,86,71,5,33,27,35,48,46
20213,A,골목상권,3110907,방배초등학교,775,476,299,8,119,165,211,143,129,5,54,100,118,95,104,3,65,65,93,48,25
20213,A,골목상권,3110912,방배동사이길,210,128,82,3,33,45,53,42,34,2,16,27,39,21,23,1,17,18,14,21,11
20213,A,골목상권,3110933,한국상담대학원대학교,679,60,619,0,344,156,86,63,30,0,10,15,15,5,15,0,334,141,71,58,15
20213,D,발달상권,3120172,교대입구교차로,10241,5712,4529,53,2062,2700,2445,1945,1036,33,854,1635,1489,1004,697,20,1208,1065,956,941,339
20213,A,골목상권,3110935,한전아트센터,379,264,115,2,53,108,105,72,39,2,33,82,75,46,26,0,20,26,30,26,13
20213,D,발달상권,3120192,뱅뱅사거리,27363,18865,8498,72,5748,8234,6678,4352,2279,37,3275,5587,5090,3174,1702,35,2473,2647,1588,1178,577
20213,D,발달상권,3120180,양재화물트럭터미널앞,2562,2146,416,13,637,812,554,409,137,10,466,711,481,363,115,3,171,101,73,46,22
20213,A,골목상권,3110984,포이초등학교(개포목련어린이공원),1556,1046,510,2,236,342,331,306,339,0,140,241,211,199,255,2,96,101,120,107,84
20213,D,발달상권,3120190,강남을지병원,11725,6199,5526,44,3417,3232,2506,1512,1014,14,1228,1650,1567,988,752,30,2189,1582,939,524,262
20213,D,발달상권,3120196,서울세관,9664,5880,3784,15,1699,2887,2578,1611,874,2,596,1519,1718,1320,725,13,1103,1368,860,291,149
20213,D,발달상권,3120200,학동사거리,9363,3808,5555,26,2868,3075,1848,1005,541,9,654,1122,937,687,399,17,2214,1953,911,318,142
20213,D,발달상권,3120223,휘문고교사거리,9166,5574,3592,20,1785,2926,2736,1401,298,4,1102,2061,1597,609,201,16,683,865,1139,792,97
20213,A,골목상권,3110975,매봉역 1번,10837,6932,3905,34,2175,2199,3202,3019,208,21,1010,1161,2184,2402,154,13,1165,1038,1018,617,54
20213,A,골목상권,3110978,도곡2동주민센터(대치중학교),331,186,145,0,46,70,72,114,29,0,20,41,47,62,16,0,26,29,25,52,13
20213,A,골목상권,3110974,언주중학교,278,168,110,3,58,66,85,43,23,3,25,39,59,27,15,0,33,27,26,16,8
20213,D,발달상권,3120188,압구정역,8579,3750,4829,134,2204,2146,1550,1314,1231,47,698,969,897,556,583,87,1506,1177,653,758,648
20213,D,발달상권,3120202,압구정로데오역(압구정로데오),11735,6075,5660,41,2963,4419,2469,1425,418,11,793,2184,1593,1195,299,30,2170,2235,876,230,119
20213,A,골목상권,3110971,선정릉역 4번,1542,900,642,11,278,455,380,254,164,6,140,270,245,120,119,5,138,185,135,134,45
20213,D,발달상권,3120239,오금역,4595,2925,1670,17,840,1205,1156,897,480,11,447,798,824,483,362,6,393,407,332,414,118
20213,D,발달상권,3120241,거여역,1197,650,547,5,110,221,296,277,288,2,80,152,161,83,172,3,30,69,135,194,116
20213,A,골목상권,3111026,문정역 2번,2257,1479,778,7,430,626,537,409,248,3,235,420,381,229,211,4,195,206,156,180,37
20213,A,골목상권,3111017,송파나루역 3번,272,183,89,0,40,62,62,63,45,0,14,42,42,45,40,0,26,20,20,18,5
20213,A,골목상권,3111010,석촌역 7번,1512,1031,481,3,181,309,376,339,304,1,98,190,261,234,247,2,83,119,115,105,57
20213,A,골목상권,3111040,거여초등학교,346,137,209,0,26,86,124,77,33,0,9,27,48,30,23,0,17,59,76,47,10
20213,A,골목상권,3111034,오동나무공원(송파레미니스1단지),1465,1038,427,3,253,373,355,322,159,3,163,257,267,226,122,0,90,116,88,96,37
20213,A,골목상권,3111030,방이역 2번,665,419,246,1,57,107,147,217,136,0,28,68,94,128,101,1,29,39,53,89,35
20213,D,발달상권,3120225,잠실새내역(신천),5597,3589,2008,25,909,1191,1223,1162,1087,3,464,712,794,811,805,22,445,479,429,351,282
20213,A,골목상권,3111085,묘곡초등학교(고덕아이파크아파트),800,452,348,0,68,111,152,196,273,0,35,72,80,84,181,0,33,39,72,112,92
20213,A,골목상권,3111077,길동주민센터(강동도서관),1272,737,535,4,121,258,294,321,274,1,49,138,167,188,194,3,72,120,127,133,80
20213,R,전통시장,3130324,길동복조리시장,154,85,69,3,27,32,47,40,5,2,13,18,31,19,2,1,14,14,16,21,3
20213,D,발달상권,3120245,둔촌역,1884,1135,749,7,312,460,446,371,288,6,169,309,271,195,185,1,143,151,175,176,103
20213,A,골목상권,3111076,둔촌2동주민센터,297,174,123,0,25,49,61,86,76,0,14,24,34,39,63,0,11,25,27,47,13
20213,A,골목상권,3111080,굽은다리역 3번,434,235,199,0,44,77,100,110,103,0,12,52,63,58,50,0,32,25,37,52,53
20213,R,전통시장,3130320,암사종합시장,173,97,76,1,16,29,50,31,46,1,5,12,31,19,29,0,11,17,19,12,17
20213,R,전통시장,3130002,세종마을음식문화거리(금천교시장),564,392,172,4,56,109,120,121,154,0,26,74,75,90,127,4,30,35,45,31,27
20213,A,골목상권,3110037,신설동역 12번,208,124,84,0,16,46,51,61,34,0,6,20,32,41,25,0,10,26,19,20,9
20213,D,발달상권,3120014,종로5가역,4887,2839,2048,375,1123,1351,1205,597,236,112,456,860,851,397,163,263,667,491,354,200,73
20213,A,골목상권,3110029,동대문역 1번,247,68,179,0,11,34,64,82,56,0,1,8,25,21,13,0,10,26,39,61,43
20213,A,골목상권,3110021,성균관대학교,395,301,94,2,16,44,110,145,78,2,7,29,89,124,50,0,9,15,21,21,28
20213,R,전통시장,3130032,인현시장,167,123,44,0,3,25,47,54,38,0,3,16,35,40,29,0,0,9,12,14,9
20213,A,골목상권,3110056,신당역 3번,514,293,221,0,62,129,118,115,90,0,31,63,69,72,58,0,31,66,49,43,32
20213,D,발달상권,3120027,명동역(명동재미로),18097,8477,9620,67,2695,5851,6070,3074,340,9,859,2588,2522,2321,178,58,1836,3263,3548,753,162
20213,R,전통시장,3130054,황학동주방가구거리상점가,374,266,108,0,25,80,116,106,47,0,18,60,77,74,37,0,7,20,39,32,10
20213,A,골목상권,3110050,약수역 7번,306,229,77,0,34,81,75,74,42,0,21,59,60,56,33,0,13,22,15,18,9
20213,A,골목상권,3110042,남산골공원옆,683,424,259,3,91,156,195,166,72,0,37,89,131,121,46,3,54,67,64,45,26
20213,A,골목상권,3110088,오산고등학교,101,51,50,0,22,20,19,15,25,0,9,9,8,8,17,0,13,11,11,7,8
20213,A,골목상권,3110090,한국폴리텍대학서울정수캠퍼스,3968,2447,1521,1,446,1358,1632,500,31,1,173,548,1231,467,27,0,273,810,401,33,4
20213,A,골목상권,3110063,효창공원앞역 5번,530,347,183,8,47,104,139,132,100,6,25,71,93,87,65,2,22,33,46,45,35
20213,D,발달상권,3120040,용산전자상가(용산역),8008,5959,2049,43,1387,2728,2220,1237,393,30,880,2009,1728,997,315,13,507,719,492,240,78
20213,A,골목상권,3110058,성심여자고등학교,1189,857,332,10,168,333,362,206,110,3,77,243,278,166,90,7,91,90,84,40,20
20213,A,골목상권,3110087,이태원엔틱가구거리,329,113,216,0,151,130,29,10,9,0,26,52,19,8,8,0,125,78,10,2,1
20213,A,골목상권,3110067,배문고등학교,1547,895,652,1,215,370,383,320,258,0,84,173,199,225,214,1,131,197,184,95,44
20213,D,발달상권,3120047,한남오거리,2290,1458,832,11,366,751,623,343,196,9,152,461,438,249,149,2,214,290,185,94,47
20213,A,골목상권,3110098,서울독일학교,242,91,151,0,57,85,68,23,9,0,15,22,34,15,5,0,42,63,34,8,4
20213,A,골목상권,3110096,한남힐사이드아파트,502,337,165,3,155,183,85,47,29,3,89,132,63,26,24,0,66,51,22,21,5
20213,D,발달상권,3120048,금호역,76,28,48,0,16,10,18,21,11,0,2,2,6,11,7,0,14,8,12,10,4
20213,R,전통시장,3130063,신금호역 골목형상점가,30,21,9,0,2,4,5,9,10,0,1,3,4,7,6,0,1,1,1,2,4
20213,A,골목상권,3110119,마장지하차도,127,89,38,0,17,26,32,26,26,0,12,22,19,18,18,0,5,4,13,8,8
20213,A,골목상권,3110131,성수동카페거리,4798,3110,1688,15,902,1536,1123,699,523,9,460,993,777,497,374,6,442,543,346,202,149
20213,A,골목상권,3110134,성수119안전센터,771,587,184,4,65,108,185,252,157,4,38,78,143,200,124,0,27,30,42,52,33
20213,A,골목상권,3110136,경수초등학교,4745,2743,2002,43,1169,1097,978,875,583,32,439,633,615,593,431,11,730,464,363,282,152
20213,A,골목상권,3110100,옥수동우편취급국,37,26,11,0,5,17,8,5,2,0,0,14,6,4,2,0,5,3,2,1,0
20213,A,골목상권,3110118,왕십리역 9번,697,487,210,1,90,182,204,129,91,0,62,110,144,93,78,1,28,72,60,36,13
20213,D,발달상권,3120061,올림픽대교북단,1094,864,230,1,228,403,324,95,43,0,165,326,290,55,28,1,63,77,34,40,15
20213,D,발달상권,3120056,구의역,1879,884,995,6,322,352,510,413,276,6,105,129,223,246,175,0,217,223,287,167,101
20213,D,발달상권,3120059,구삼강변맛길,3277,1779,1498,6,431,676,553,747,864,4,244,472,365,322,372,2,187,204,188,425,492
20213,A,골목상권,3110149,세종대학교,122,72,50,0,15,21,31,23,32,0,8,13,19,7,25,0,7,8,12,16,7
20213,A,골목상권,3110155,광진구청,8356,7701,655,0,240,853,2408,4046,809,0,172,765,2256,3748,760,0,68,88,152,298,49
20213,A,골목상권,3110139,자양4동주민센터,204,116,88,0,13,28,53,51,59,0,3,14,32,25,42,0,10,14,21,26,17
20213,R,전통시장,3130077,조양시장,31,19,12,0,11,7,8,5,0,0,6,5,4,4,0,0,5,2,4,1,0
20213,A,골목상권,3110167,용마초등학교,380,223,157,2,22,56,99,112,89,0,9,20,52,64,78,2,13,36,47,48,11
20213,A,골목상권,3110176,해오름공원,791,439,352,1,84,212,229,173,92,1,32,119,126,91,70,0,52,93,103,82,22
20213,A,골목상권,3110204,간데메공원,411,268,143,3,83,97,82,89,57,3,57,64,46,58,40,0,26,33,36,31,17
20213,A,골목상권,3110226,장안1동주민센터,1882,1005,877,2,147,247,333,512,641,2,87,148,213,253,302,0,60,99,120,259,339
20213,A,골목상권,3110211,전곡마을마당공원,626,445,181,1,66,101,170,194,94,0,45,73,129,143,55,1,21,28,41,51,39
20213,A,골목상권,3110207,시립대앞사거리,33,21,12,0,4,10,6,5,8,0,2,8,3,3,5,0,2,2,3,2,3
20213,R,전통시장,3130086,서울약령시장,1184,651,533,4,113,208,305,341,213,0,56,128,165,181,121,4,57,80,140,160,92
20213,R,전통시장,3130087,경동광성상가(경동시장),28,20,8,0,5,3,8,7,5,0,3,2,6,5,4,0,2,1,2,2,1
20213,A,골목상권,3110198,동대문중앙새마을금고본점,67,26,41,0,1,0,18,37,11,0,0,0,8,10,8,0,1,0,10,27,3
20213,A,골목상권,3110200,동대문경찰서,74,50,24,0,1,6,21,13,33,0,0,1,11,6,32,0,1,5,10,7,1
20213,R,전통시장,3130115,우림골목시장,307,106,201,2,80,61,68,64,32,0,29,11,30,20,16,2,51,50,38,44,16
20213,A,골목상권,3110256,면목2동체육관,477,321,156,2,56,66,82,140,131,1,21,35,45,109,110,1,35,31,37,31,21
20213,A,골목상권,3110266,면목동우체국,225,182,43,0,10,31,38,79,67,0,1,19,30,69,63,0,9,12,8,10,4
20213,A,골목상권,3110236,신묵초등학교,1015,836,179,0,185,302,228,255,45,0,135,246,194,228,33,0,50,56,34,27,12
20213,A,골목상권,3110267,망우역 2번,139,49,90,1,15,28,50,28,17,1,2,10,19,13,4,0,13,18,31,15,13
20213,A,골목상권,3110234,중랑역 4번,96,41,55,0,15,16,23,25,17,0,2,5,10,14,10,0,13,11,13,11,7
20213,R,전통시장,3130121,길음시장,88,19,69,0,36,24,10,8,10,0,2,5,3,2,7,0,34,19,7,6,3
20213,A,골목상권,3110321,동덕여대,58,14,44,0,0,4,13,18,23,0,0,4,4,4,2,0,0,0,9,14,21
20213,A,골목상권,3110324,월곡역 4번,99,55,44,0,31,21,19,18,10,0,9,10,13,14,9,0,22,11,6,4,1
20213,A,골목상권,3110298,솔숲어린이공원,77,28,49,0,18,11,24,12,12,0,3,5,7,5,8,0,15,6,17,7,4
20213,A,골목상권,3110314,종암경찰서,949,699,250,1,127,271,223,286,41,0,72,206,162,231,28,1,55,65,61,55,13
20213,A,골목상권,3110365,미아역 5번,341,83,258,0,17,21,44,63,196,0,5,12,15,17,34,0,12,9,29,46,162
20213,A,골목상권,3110368,송천초등학교,199,178,21,0,9,16,39,71,64,0,5,11,34,66,62,0,4,5,5,5,2
20213,A,골목상권,3110352,수유1동주민센터,275,112,163,0,23,49,101,79,23,0,11,22,37,29,13,0,12,27,64,50,10
20213,A,골목상권,3110349,화계역 2번,83,67,16,0,6,4,21,33,19,0,5,3,12,28,19,0,1,1,9,5,0
20213,A,골목상권,3110367,강북구청,1943,976,967,5,195,512,483,522,226,4,64,205,237,340,126,1,131,307,246,182,100
20213,A,골목상권,3110339,국립4.19민주묘지,11,6,5,0,2,2,5,0,2,0,0,2,3,0,1,0,2,0,2,0,1
20213,A,골목상권,3110346,4.19민주묘지역 2번,96,48,48,0,12,13,19,19,33,0,3,7,8,7,23,0,9,6,11,12,10
20213,A,골목상권,3110395,신한은행 방학동지점,163,42,121,0,17,20,44,42,40,0,0,2,11,9,20,0,17,18,33,33,20
20213,A,골목상권,3110403,방학1동주민센터,316,167,149,1,44,56,63,78,74,1,30,37,36,36,27,0,14,19,27,42,47
20213,A,골목상권,3110393,국민은행방학지점,49,13,36,0,2,10,17,15,5,0,0,0,4,6,3,0,2,10,13,9,2
20213,A,골목상권,3110398,쌍문2동우체국,474,326,148,0,30,65,96,153,130,0,11,27,50,124,114,0,19,38,46,29,16
20213,R,전통시장,3130150,창동골목시장,84,47,37,0,19,30,14,8,13,0,7,20,9,5,6,0,12,10,5,3,7
20213,A,골목상권,3110401,도봉구민회관,243,65,178,0,29,32,38,87,57,0,4,14,14,22,11,0,25,18,24,65,46
20213,D,발달상권,3120084,공릉역,712,546,166,3,33,59,110,240,267,1,11,22,63,205,244,2,22,37,47,35,23
20213,A,골목상권,3110419,수락산디자인거리,695,462,233,5,94,131,159,180,126,5,49,76,108,130,94,0,45,55,51,50,32
20213,A,골목상권,3110425,계상초등학교,136,59,77,2,18,12,36,40,28,2,5,7,19,15,11,0,13,5,17,25,17
20213,A,골목상권,3110421,석계역 1번,249,109,140,0,22,37,78,65,47,0,8,16,31,26,28,0,14,21,47,39,19
20213,R,전통시장,3130167,연신내상점가(연빛거리),632,234,398,1,143,140,156,118,74,1,30,48,57,51,47,0,113,92,99,67,27
20213,D,발달상권,3120088,구산역,799,279,520,2,86,117,175,272,147,2,30,65,68,59,55,0,56,52,107,213,92
20213,A,골목상권,3110473,구산역 1번,436,241,195,0,34,59,113,107,123,0,24,27,53,49,88,0,10,32,60,58,35
20213,A,골목상권,3110487,불광역 8번,63,35,28,0,11,22,15,8,7,0,6,11,7,8,3,0,5,11,8,0,4
20213,A,골목상권,3110480,연신내역 3번,161,51,110,0,16,35,52,35,23,0,3,9,17,12,10,0,13,26,35,23,13
20213,A,골목상권,3110474,세명컴퓨터고등학교,119,55,64,0,7,33,28,23,28,0,2,14,11,8,20,0,5,19,17,15,8
20213,A,골목상권,3110482,연신초등학교,11,7,4,0,0,0,4,6,1,0,0,0,3,3,1,0,0,0,1,3,0
20213,A,골목상권,3110455,역촌노인복지관,690,369,321,2,73,120,187,203,105,0,37,64,89,109,70,2,36,56,98,94,35
20213,A,골목상권,3110470,신진과학기술고등학교,93,65,28,0,7,17,34,25,10,0,5,10,26,19,5,0,2,7,8,6,5
20213,A,골목상권,3110475,백련산해모로아파트,245,127,118,1,23,44,76,70,31,1,10,24,44,29,19,0,13,20,32,41,12
20213,D,발달상권,3120089,구파발역,5,1,4,0,0,0,1,2,2,0,0,0,0,1,0,0,0,0,1,1,2
20213,R,전통시장,3130173,백련시장,5,3,2,0,0,1,0,2,2,0,0,1,0,0,2,0,0,0,0,2,0
20213,D,발달상권,3120096,"이화여대(이대역, 이대)",493,210,283,1,81,137,130,86,58,0,27,52,48,43,40,1,54,85,82,43,18
20213,A,골목상권,3110532,아현역 2번,328,204,124,0,52,33,46,78,119,0,17,13,22,57,95,0,35,20,24,21,24
20213,R,전통시장,3130178,이대 앞 스타트업 상점가,30,6,24,0,5,5,8,6,6,0,1,0,3,0,2,0,4,5,5,6,4
20213,A,골목상권,3110517,서대문소방서,884,634,250,8,197,216,203,177,83,5,99,170,163,146,51,3,98,46,40,31,32
20213,A,골목상권,3110512,연희지하차도,335,165,170,0,40,62,102,99,32,0,14,38,44,49,20,0,26,24,58,50,12
20213,A,골목상권,3110536,돈의문센트레빌아파트입구,141,105,36,0,12,23,61,32,13,0,7,17,50,21,10,0,5,6,11,11,3
20213,A,골목상권,3110534,경기대학교,157,88,69,0,10,29,28,42,48,0,7,20,14,19,28,0,3,9,14,23,20
20213,A,골목상권,3110516,정원여중,227,101,126,0,35,40,62,65,25,0,17,18,27,23,16,0,18,22,35,42,9
20213,A,골목상권,3110527,홍제역 2번,185,89,96,1,36,40,36,40,32,1,11,26,15,21,15,0,25,14,21,19,17
20213,A,골목상권,3110572,서강대역 1번,470,254,216,1,63,130,117,116,43,1,32,67,58,66,30,0,31,63,59,50,13
20213,A,골목상권,3110575,대흥동주민센터,208,157,51,2,25,48,36,49,48,2,11,35,25,41,43,0,14,13,11,8,5
20213,D,발달상권,3120100,망원역,846,397,449,4,199,227,191,137,88,2,52,99,101,94,49,2,147,128,90,43,39
20213,R,전통시장,3130185,망원월드컵시장,190,123,67,1,26,69,53,25,16,1,14,43,35,16,14,0,12,26,18,9,2
20213,A,골목상권,3110547,KB국민은행 망원동지점,284,168,116,0,13,47,93,76,55,0,4,25,55,45,39,0,9,22,38,31,16
20213,R,전통시장,3130183,상암동상점가,816,607,209,1,89,204,283,187,52,0,49,150,227,143,38,1,40,54,56,44,14
20213,A,골목상권,3110569,홍대땡땡거리,358,153,205,2,62,108,97,53,36,1,18,48,46,19,21,1,44,60,51,34,15
20213,A,골목상권,3110554,망원역 1번,1579,777,802,2,213,371,508,350,135,2,105,188,241,156,85,0,108,183,267,194,50
20213,A,골목상권,3110551,성서초등학교,803,387,416,1,110,164,235,172,121,1,42,90,114,81,59,0,68,74,121,91,62
20213,R,전통시장,3130198,아현시장,203,45,158,1,51,84,52,10,5,0,8,5,26,4,2,1,43,79,26,6,3
20213,A,골목상권,3110550,합정역 8번,1578,740,838,1,240,411,414,333,179,0,84,165,221,171,99,1,156,246,193,162,80
20213,A,골목상권,3110546,양화대교북단,732,436,296,3,189,254,157,76,53,3,81,126,120,62,44,0,108,128,37,14,9
20213,D,발달상권,3120114,목동신시가지,13498,9371,4127,46,2070,3798,3444,2895,1245,29,1126,2619,2554,2204,839,17,944,1179,890,691,406
20213,A,골목상권,3110619,목4동주민센터,311,203,108,1,51,87,89,64,19,1,16,52,58,57,19,0,35,35,31,7,0
20213,A,골목상권,3110607,금빛새마을금고본점,47,29,18,0,1,10,11,14,11,0,1,4,5,10,9,0,0,6,6,4,2
20213,A,골목상권,3110608,신월2동주민센터,875,454,421,1,51,116,229,273,205,1,23,69,117,127,117,0,28,47,112,146,88
20213,A,골목상권,3110647,화곡역 5번,899,461,438,2,117,230,224,230,96,1,44,138,111,116,51,1,73,92,113,114,45
20213,A,골목상권,3110594,신월중학교,357,182,175,0,35,116,89,85,32,0,10,41,50,52,29,0,25,75,39,33,3
20213,R,전통시장,3130205,신곡종합시장(신월6동 골목시장),141,103,38,1,17,36,39,32,16,0,10,27,33,18,15,1,7,9,6,14,1
20213,A,골목상권,3110602,신월시영아파트중문,674,584,90,1,8,23,81,250,311,0,4,14,55,218,293,1,4,9,26,32,18
20213,A,골목상권,3110600,신월7동주민센터,350,263,87,0,32,30,66,101,121,0,17,14,38,79,115,0,15,16,28,22,6
20213,A,골목상권,3110610,계남근린공원,126,85,41,0,5,11,41,44,25,0,3,6,28,35,13,0,2,5,13,9,12
20213,A,골목상권,3110616,양목초등학교,161,103,58,0,3,23,19,40,76,0,2,18,14,32,37,0,1,5,5,8,39
20213,A,골목상권,3110611,신정역 1번,289,192,97,2,34,57,88,74,34,2,20,42,52,46,30,0,14,15,36,28,4
20213,A,골목상권,3110635,공항시장역 3번,1451,391,1060,4,64,82,162,479,660,1,43,58,63,33,193,3,21,24,99,446,467
20213,D,발달상권,3120122,강서구청,2179,1231,948,4,314,461,494,447,459,2,103,228,271,262,365,2,211,233,223,185,94
20213,A,골목상권,3110638,신방화역 2번,372,202,170,3,53,75,88,87,66,3,22,40,44,43,50,0,31,35,44,44,16
20213,A,골목상권,3110650,우장산힐스테이트,143,116,27,0,23,30,51,20,19,0,15,25,42,17,17,0,8,5,9,3,2
20213,A,골목상권,3110702,개봉초등학교,131,93,38,1,15,18,33,34,30,1,10,13,23,24,22,0,5,5,10,10,8
20213,R,전통시장,3130227,고척골목시장상점가(그라운드 고척),33,14,19,0,4,6,10,8,5,0,0,1,5,5,3,0,4,5,5,3,2
20213,A,골목상권,3110699,덕의초등학교,136,79,57,0,14,22,29,43,28,0,7,14,13,24,21,0,7,8,16,19,7
20213,D,발달상권,3120129,구로디지털단지,48873,32033,16840,196,10422,16630,12386,5777,3462,127,5285,11083,8771,3995,2772,69,5137,5547,3615,1782,690
20213,A,골목상권,3110712,남구로역 5번,233,108,125,1,32,36,66,64,34,0,10,17,24,32,25,1,22,19,42,32,9
20213,A,골목상권,3110720,대림역 2번,228,87,141,0,27,50,65,49,37,0,11,14,18,17,27,0,16,36,47,32,10
20213,R,전통시장,3130231,독산동 우시장,611,476,135,2,31,74,126,196,182,0,16,55,97,145,163,2,15,19,29,51,19
20213,A,골목상권,3110745,독산동정훈단지,251,191,60,0,11,20,33,86,101,0,3,12,22,64,90,0,8,8,11,22,11
20213,D,발달상권,3120134,구로전화국,2014,1668,346,0,107,157,172,223,1355,0,44,75,96,153,1300,0,63,82,76,70,55
20213,A,골목상권,3110755,동일여자고등학교,193,51,142,0,10,24,45,70,44,0,3,8,17,11,12,0,7,16,28,59,32
20213,D,발달상권,3120143,당산역,2671,1987,684,9,326,516,558,517,745,2,194,394,403,386,608,7,132,122,155,131,137
20213,A,골목상권,3110778,구로디지털단지역 4번,1596,862,734,0,248,459,484,224,181,0,122,281,192,136,131,0,126,178,292,88,50
20213,A,골목상권,3110771,대림역 11번,955,604,351,0,22,38,128,210,557,0,21,30,73,131,349,0,1,8,55,79,208
20213,D,발달상권,3120139,대림3동사거리,3619,2404,1215,14,423,867,992,727,596,5,220,632,783,462,302,9,203,235,209,265,294
20213,A,골목상권,3110768,도림2동유수지내체육시설,294,155,139,0,20,43,63,73,95,0,7,22,32,41,53,0,13,21,31,32,42
20213,A,골목상권,3110759,문래예술촌(문래창작촌),4221,2168,2053,9,521,838,1001,1281,571,5,266,553,595,462,287,4,255,285,406,819,284
20213,D,발달상권,3120152,신대방삼거리역,578,278,300,1,66,127,150,148,86,1,22,63,80,70,42,0,44,64,70,78,44
20213,A,골목상권,3110818,신대방역 3번,20,9,11,0,1,3,7,7,2,0,1,3,2,1,2,0,0,0,5,6,0
20213,A,골목상권,3110856,미성초등학교,538,295,243,3,58,85,170,150,72,1,28,44,99,71,52,2,30,41,71,79,20
20213,A,골목상권,3110874,원신초등학교(구세군관악영문교회),46,15,31,1,4,19,7,12,3,1,1,3,3,6,1,0,3,16,4,6,2
20213,A,골목상권,3110879,신림현대아파트,17,7,10,0,2,3,5,5,2,0,1,2,2,2,0,0,1,1,3,3,2
20213,A,골목상권,3110885,영락고등학교,339,213,126,0,37,58,94,88,62,0,18,33,61,56,45,0,19,25,33,32,17
20213,D,발달상권,3120157,신림역(신림),637,257,380,1,96,116,146,139,139,0,19,40,82,49,67,1,77,76,64,90,72
20213,A,골목상권,3110858,신대방역 1번,66,33,33,0,5,9,17,7,28,0,0,1,6,2,24,0,5,8,11,5,4
20213,A,골목상권,3110872,신림초등학교,279,196,83,3,54,68,69,54,31,3,36,54,54,42,7,0,18,14,15,12,24
20213,A,골목상권,3110855,신대방역 2번,429,275,154,2,53,111,126,90,47,0,22,81,83,55,34,2,31,30,43,35,13
20213,R,전통시장,3130276,신림중앙시장(조원동 펭귄시장),39,27,12,0,1,2,13,11,12,0,0,2,7,9,9,0,1,0,6,2,3
20213,A,골목상권,3110947,청계산입구역 2번(내곡동주민센터),112,45,67,0,18,17,27,18,32,0,8,9,14,7,7,0,10,8,13,11,25
20213,D,발달상권,3120177,신논현역 1번,694,436,258,1,84,187,202,143,77,0,34,111,130,106,55,1,50,76,72,37,22
20213,D,발달상권,3120187,신논현역,13076,7778,5298,64,3624,3962,2984,1673,769,27,1516,2302,2121,1247,565,37,2108,1660,863,426,204
20213,A,골목상권,3110913,방현초등학교(방배119안전센터),3293,2109,1184,7,571,1263,876,376,200,4,272,822,625,237,149,3,299,441,251,139,51
20213,A,골목상권,3110934,우면주공아파트,994,674,320,6,197,291,253,161,86,5,83,217,195,110,64,1,114,74,58,51,22
20213,A,골목상권,3110937,방아다리근린공원(횃불트리니티신학대학원대학교),2465,1270,1195,7,634,861,542,318,103,6,246,507,335,113,63,1,388,354,207,205,40
20213,D,발달상권,3120183,양재천카페거리,3558,2626,932,12,586,972,848,551,589,10,364,717,638,413,484,2,222,255,210,138,105
20213,D,발달상권,3120205,매봉역,13950,9370,4580,95,2838,4203,3126,1781,1907,44,1450,2959,2521,1302,1094,51,1388,1244,605,479,813
20213,D,발달상권,3120194,언주역(차병원),12628,8724,3904,37,2790,4202,2802,1923,874,14,1366,2863,2239,1588,654,23,1424,1339,563,335,220
20213,A,골목상권,3110955,논현초등학교,3430,2238,1192,19,719,823,793,625,451,13,417,568,554,389,297,6,302,255,239,236,154
20213,R,전통시장,3130303,영동전통시장,242,95,147,0,21,60,67,58,36,0,7,19,22,24,23,0,14,41,45,34,13
20213,D,발달상권,3120215,포스코사거리,61667,40706,20961,170,9756,22506,18178,8408,2649,29,4305,14324,13853,6409,1786,141,5451,8182,4325,1999,863
20213,A,골목상권,3110992,도곡초등학교,2179,1144,1035,3,269,440,484,524,459,1,108,253,258,260,264,2,161,187,226,264,195
20213,A,골목상권,3110991,삼성중앙역 5번,1246,794,452,1,111,415,339,275,105,1,28,243,229,216,77,0,83,172,110,59,28
20213,A,골목상권,3111000,대왕초등학교(세곡동사거리서남측),39,20,19,0,7,10,12,8,2,0,0,4,10,4,2,0,7,6,2,4,0
20213,A,골목상권,3110999,윗방죽마을공원,268,130,138,2,19,43,44,83,77,1,12,27,27,39,24,1,7,16,17,44,53
20213,R,전통시장,3130302,강남시장(강남구 강남시장),58,33,25,0,13,15,14,8,8,0,7,10,9,2,5,0,6,5,5,6,3
20213,A,골목상권,3110963,역삼월드메르디앙아파트,779,545,234,1,126,183,226,154,89,0,79,144,171,97,54,1,47,39,55,57,35
20213,A,골목상권,3110967,역삼역 8번,377,228,149,0,63,92,89,92,41,0,31,51,60,56,30,0,32,41,29,36,11
20213,A,골목상권,3110972,강남세브란스병원미래의학연구센터,2628,1440,1188,17,539,669,692,581,130,4,240,428,438,258,72,13,299,241,254,323,58
20213,A,골목상권,3110969,베르사이유1아파트,1546,1230,316,4,231,442,483,285,101,2,165,345,402,239,77,2,66,97,81,46,24
20213,R,전통시장,3130307,도곡시장,17,9,8,0,0,3,4,7,3,0,0,2,1,4,2,0,0,1,3,3,1
20213,A,골목상권,3110990,청담역 12번,262,109,153,2,61,92,56,36,15,0,12,32,29,23,13,2,49,60,27,13,2
20213,A,골목상권,3110985,청담근린공원,1338,948,390,0,193,447,374,226,98,0,98,346,275,157,72,0,95,101,99,69,26
20213,R,전통시장,3130308,청담삼익시장,48,30,18,0,5,11,13,7,12,0,3,6,8,4,9,0,2,5,5,3,3
20213,D,발달상권,3120231,가락시장,5698,4083,1615,0,368,1051,1564,1654,1061,0,264,836,1185,1098,700,0,104,215,379,556,361
20213,D,발달상권,3120240,개롱역,1609,1102,507,7,212,314,404,431,241,5,125,230,269,295,178,2,87,84,135,136,63
20213,A,골목상권,3111021,방이역 4번,7683,5874,1809,22,793,1329,1979,2137,1423,15,391,912,1552,1769,1235,7,402,417,427,368,188
20213,A,골목상권,3111008,석촌고분역 3번,1551,1177,374,1,182,286,280,382,420,1,148,237,208,248,335,0,34,49,72,134,85
20213,A,골목상권,3111015,석촌역 3번,1352,778,574,1,151,315,350,351,184,1,72,199,216,181,109,0,79,116,134,170,75
20213,A,골목상권,3111016,송파역 2번,3803,1601,2202,15,1126,1104,801,601,156,8,407,533,427,165,61,7,719,571,374,436,95
20213,A,골목상권,3111038,보인중학교,416,270,146,0,26,66,113,123,88,0,11,38,85,88,48,0,15,28,28,35,40
20213,A,골목상권,3111011,잠실나루역,9608,7747,1861,42,1275,3018,2795,2046,432,18,924,2492,2309,1674,330,24,351,526,486,372,102
20213,A,골목상권,3111003,삼전역 4번,1996,1337,659,6,249,412,549,437,343,1,160,278,332,308,258,5,89,134,217,129,85
20213,R,전통시장,3130311,새마을시장,377,246,131,1,60,78,104,75,59,0,28,48,80,55,35,1,32,30,24,20,24
20213,R,전통시장,3130326,고덕 골목형상점가,935,850,85,0,8,37,165,395,330,0,4,31,147,360,308,0,4,6,18,35,22
20213,A,골목상권,3111088,고덕동성당,123,54,69,0,15,32,32,31,13,0,4,15,10,15,10,0,11,17,22,16,3
20213,A,골목상권,3111071,천동초등학교,76,52,24,0,4,15,21,25,11,0,4,6,18,16,8,0,0,9,3,9,3
20213,A,골목상권,3111079,둔촌고등학교(둔촌중학교),377,197,180,1,43,58,60,76,139,1,28,34,33,28,73,0,15,24,27,48,66
20213,A,골목상권,3111050,강동구청(강동구청역 2번),131,96,35,0,21,14,21,32,43,0,12,5,12,27,40,0,9,9,9,5,3
20213,D,발달상권,3120243,천호역,1395,637,758,6,189,265,331,296,308,2,64,109,143,126,193,4,125,156,188,170,115
20213,A,골목상권,3111062,둔촌동역 3번(성내3동주민센터),751,501,250,5,134,198,194,144,76,5,81,139,126,91,59,0,53,59,68,53,17
20213,A,골목상권,3111066,암사동성당(효정하나플러스아파트),417,255,162,3,46,103,101,113,51,0,14,53,66,91,31,3,32,50,35,22,20
20213,A,골목상권,3111052,암사역 3번(천호동자전거거리),357,228,129,1,26,71,117,94,48,1,11,47,76,58,35,0,15,24,41,36,13
20213,A,골목상권,3111069,천호1동주민센터,79,54,25,0,8,17,17,26,11,0,4,12,14,14,10,0,4,5,3,12,1
20213,A,골목상권,3111048,천호역 1번(천호문구완구거리),183,101,82,3,18,52,44,42,24,2,10,24,26,23,16,1,8,28,18,19,8
20213,A,골목상권,3110003,세검정초등학교,607,337,270,7,78,120,167,167,68,6,35,45,103,96,52,1,43,75,64,71,16
20213,R,전통시장,3130020,동묘시장(동묘벼룩시장),407,177,230,5,154,93,73,58,24,5,43,31,45,32,21,0,111,62,28,26,3
20213,R,전통시장,3130005,세운상가가동,133,93,40,0,7,34,35,21,36,0,5,23,28,8,29,0,2,11,7,13,7
20213,D,발달상권,3120004,종로구청,12937,7078,5859,9,1442,4392,4485,2080,529,4,432,2050,2756,1493,343,5,1010,2342,1729,587,186
20213,R,전통시장,3130004,낙원시장(낙원지하시장(대일상가)),364,258,106,0,29,70,99,78,88,0,14,51,68,57,68,0,15,19,31,21,20
20213,R,전통시장,3130010,종로신진시장,200,113,87,0,20,29,55,48,48,0,14,17,24,26,32,0,6,12,31,22,16
20213,A,골목상권,3110032,수족관거리,30,15,15,0,3,5,4,13,5,0,2,1,2,7,3,0,1,4,2,6,2
20213,U,관광특구,3001493,동대문패션타운 관광특구,5916,2900,3016,36,1415,1672,1133,1020,640,13,536,733,643,584,391,23,879,939,490,436,249
20213,A,골목상권,3110049,장충단 고개,2303,1240,1063,4,566,582,448,431,272,2,174,314,281,257,212,2,392,268,167,174,60
20213,D,발달상권,3120039,신당역,2348,1249,1099,31,795,488,410,342,282,11,348,245,228,226,191,20,447,243,182,116,91
20213,A,골목상권,3110041,남산케이블카,967,435,532,2,118,152,175,254,266,2,51,69,83,87,143,0,67,83,92,167,123
20213,R,전통시장,3130052,서울중앙시장(신중앙시장),479,342,137,0,106,156,101,61,55,0,80,110,57,45,50,0,26,46,44,16,5
20213,D,발달상권,3120036,장충동족발거리(남소영길),2289,1090,1199,14,616,783,556,223,97,0,122,393,365,155,55,14,494,390,191,68,42
20213,A,골목상권,3110054,청구역 3번,1542,854,688,3,259,378,315,340,247,1,90,204,220,215,124,2,169,174,95,125,123
20213,R,전통시장,3130056,용산용문시장,65,34,31,0,7,15,18,10,15,0,4,6,7,6,11,0,3,9,11,4,4
20213,A,골목상권,3110080,해방촌예술마을,311,168,143,0,53,71,88,58,41,0,18,40,52,31,27,0,35,31,36,27,14
20213,A,골목상권,3110065,남정초등학교,137,92,45,0,17,45,48,17,10,0,9,37,31,10,5,0,8,8,17,7,5
20213,A,골목상권,3110579,마포역 4번,750,563,187,2,54,162,247,219,66,1,37,124,188,165,48,1,17,38,59,54,18
20213,D,발달상권,3120046,이태원(이태원역),2285,1299,986,24,818,684,339,224,196,15,389,422,205,137,131,9,429,262,134,87,65
20213,D,발달상권,3120044,삼각지역,1905,1415,490,5,357,534,461,374,174,5,220,403,384,278,125,0,137,131,77,96,49
20213,A,골목상권,3110123,마장역 3번,511,382,129,0,42,56,91,185,137,0,21,36,63,141,121,0,21,20,28,44,16
20213,A,골목상권,3110121,한양대역 4번,45,30,15,0,3,10,8,11,13,0,2,5,5,7,11,0,1,5,3,4,2
20213,D,발달상권,3120049,왕십리역(왕십리),1459,1004,455,1,183,301,377,468,129,1,92,187,272,371,81,0,91,114,105,97,48
20213,A,골목상권,3110127,성수1가1동주민센터,290,157,133,0,31,55,56,100,48,0,11,40,31,47,28,0,20,15,25,53,20
20213,D,발달상권,3120051,뚝섬역,3944,2582,1362,20,703,946,867,651,757,15,446,646,549,445,481,5,257,300,318,206,276
20213,R,전통시장,3130071,성수역 골목형상점가,335,180,155,1,61,89,70,43,71,0,27,43,43,29,38,1,34,46,27,14,33
20213,A,골목상권,3110114,왕십리파출소,33,19,14,0,3,2,8,14,6,0,1,1,4,8,5,0,2,1,4,6,1
20213,A,골목상권,3110174,아차산역 1번,432,305,127,1,49,80,115,104,83,1,25,57,76,69,77,0,24,23,39,35,6
20213,A,골목상권,3110140,건대입구역 6번,429,268,161,6,37,67,113,120,86,5,17,34,65,83,64,1,20,33,48,37,22
20213,A,골목상권,3110152,중곡어린이공원,340,300,40,0,17,29,64,121,109,0,10,21,55,109,105,0,7,8,9,12,4
20213,A,골목상권,3110161,중곡역 3번,236,135,101,3,11,33,58,65,66,0,2,16,37,40,40,3,9,17,21,25,26
20213,R,전통시장,3130084,신성시장(신성골목시장),21,6,15,0,3,5,8,4,1,0,0,1,2,2,1,0,3,4,6,2,0
20213,A,골목상권,3110141,건대입구역 1번,213,138,75,1,23,49,67,48,25,1,11,27,51,32,16,0,12,22,16,16,9
20213,A,골목상권,3110144,어린이대공원역 4번,104,49,55,0,35,17,21,19,12,0,9,10,11,10,9,0,26,7,10,9,3
20213,R,전통시장,3130097,답십리 건축자재시장,291,188,103,1,16,42,42,36,154,0,7,34,23,19,105,1,9,8,19,17,49
20213,A,골목상권,3110209,답십리 장령당공원,83,52,31,0,3,11,28,19,22,0,1,5,16,15,15,0,2,6,12,4,7
20213,R,전통시장,3130101,답십리현대시장,8,5,3,0,0,1,3,2,2,0,0,1,1,2,1,0,0,0,2,0,1
20213,A,골목상권,3110186,종암초등학교,114,86,28,0,9,21,16,34,34,0,3,18,10,26,29,0,6,3,6,8,5
20213,A,골목상권,3110221,의릉,95,69,26,0,10,12,36,29,8,0,6,10,24,22,7,0,4,2,12,7,1
20213,A,골목상권,3110202,전농1동주민센터(전농시장),111,68,43,0,14,35,31,20,11,0,9,19,21,14,5,0,5,16,10,6,6
20213,A,골목상권,3110206,텃골근린공원,92,37,55,0,8,14,25,24,21,0,4,7,8,8,10,0,4,7,17,16,11
20213,R,전통시장,3130094,청량리청과물시장,54,24,30,0,7,13,17,7,10,0,0,4,10,2,8,0,7,9,7,5,2
20213,R,전통시장,3130095,청량리전통시장,95,38,57,0,6,16,18,33,22,0,4,6,9,10,9,0,2,10,9,23,13
20213,A,골목상권,3110199,홍릉시장,65,41,24,0,11,15,18,14,7,0,8,8,10,9,6,0,3,7,8,5,1
20213,A,골목상권,3110219,삼육보건대학교,251,146,105,0,18,42,70,81,40,0,11,20,32,52,31,0,7,22,38,29,9
20213,A,골목상권,3110268,망우3동주민센터,60,30,30,0,10,13,10,18,9,0,1,5,7,10,7,0,9,8,3,8,2
20213,R,전통시장,3130114,유영시장,31,20,11,0,9,5,3,8,6,0,7,2,2,5,4,0,2,3,1,3,2
20213,A,골목상권,3110237,메가박스 상봉,274,152,122,0,30,67,97,54,26,0,13,37,48,36,18,0,17,30,49,18,8
20213,A,골목상권,3110258,면동초등학교,260,99,161,0,32,49,79,66,34,0,1,20,28,34,16,0,31,29,51,32,18
20213,A,골목상권,3110254,오거리공원,259,90,169,1,19,75,79,53,32,0,6,15,35,22,12,1,13,60,44,31,20
20213,A,골목상권,3110264,면목역 2번,358,170,188,1,52,75,93,80,57,0,21,40,40,37,32,1,31,35,53,43,25
20213,A,골목상권,3110248,먹골파출소,85,47,38,1,19,23,20,12,10,0,7,14,12,4,10,1,12,9,8,8,0
20213,A,골목상권,3110279,신내역 2번,9,8,1,0,0,1,4,4,0,0,0,1,3,4,0,0,0,0,1,0,0
20213,A,골목상권,3110245,KB국민은행 중화동지점,156,81,75,0,8,36,52,40,20,0,5,16,26,19,15,0,3,20,26,21,5
20213,R,전통시장,3130108,태능엔터피아(태릉시장),3,1,2,0,0,0,1,2,0,0,0,0,0,1,0,0,0,0,1,1,0
20213,A,골목상권,3110308,길음역 8번,174,85,89,0,17,36,56,41,24,0,8,17,26,20,14,0,9,19,30,21,10
20213,D,발달상권,3120073,미아사거리,353,135,218,3,40,67,95,95,53,2,16,29,45,23,20,1,24,38,50,72,33
20213,A,골목상권,3110300,삼선동주민센터,2735,1587,1148,3,248,710,769,844,161,2,97,300,444,629,115,1,151,410,325,215,46
20213,D,발달상권,3120072,성신여대,1048,537,511,18,137,211,213,271,198,11,46,86,103,152,139,7,91,125,110,119,59
20213,A,골목상권,3110301,성신여대입구역 7번,484,209,275,1,73,84,96,134,96,0,31,37,39,62,40,1,42,47,57,72,56
20213,R,전통시장,3130120,돈암시장(돈암제일시장),99,23,76,1,20,20,25,18,15,0,0,2,7,8,6,1,20,18,18,10,9
20213,A,골목상권,3110328,상월곡역 3번,235,157,78,1,38,75,62,37,22,1,26,58,33,24,15,0,12,17,29,13,7
20213,R,전통시장,3130126,새석관시장,13,8,5,0,1,4,2,5,1,0,0,3,1,3,1,0,1,1,1,2,0
20213,R,전통시장,3130128,돌곶이시장(석관황금시장),191,157,34,0,30,36,41,72,12,0,28,26,29,62,12,0,2,10,12,10,0
20213,A,골목상권,3110323,상월곡역 1번,109,30,79,2,25,24,28,18,12,0,4,5,11,5,5,2,21,19,17,13,7
20213,A,골목상권,3110325,장곡초등학교,57,18,39,0,0,14,20,17,6,0,0,3,7,4,4,0,0,11,13,13,2
20213,A,골목상권,3110329,우리은행체육관,34,27,7,1,1,5,6,14,7,1,0,5,5,10,6,0,1,0,1,4,1
20213,A,골목상권,3110418,광운대학교 남단,100,45,55,0,11,17,23,26,23,0,5,5,13,16,6,0,6,12,10,10,17
20213,A,골목상권,3110292,정릉역 2번,33,14,19,0,1,5,16,6,5,0,1,3,5,3,2,0,0,2,11,3,3
20213,A,골목상권,3110289,북한산보국문역 2번,144,105,39,0,9,28,49,32,26,0,6,23,30,24,22,0,3,5,19,8,4
20213,A,골목상권,3110320,KB국민은행 종암동지점,79,51,28,0,2,11,27,24,15,0,1,5,15,17,13,0,1,6,12,7,2
20213,A,골목상권,3110369,성신여대운정그린캠퍼스,518,214,304,1,49,46,131,131,160,1,10,16,44,53,90,0,39,30,87,78,70
20213,A,골목상권,3110376,수송초등학교,224,142,82,0,26,47,62,60,29,0,12,29,38,41,22,0,14,18,24,19,7
20213,R,전통시장,3130143,방천골목시장,65,36,29,0,11,7,19,24,4,0,6,5,9,13,3,0,5,2,10,11,1
20213,R,전통시장,3130140,숭인시장,62,27,35,0,9,13,10,15,15,0,0,4,1,9,13,0,9,9,9,6,2
20213,A,골목상권,3110362,우이천 계성교,205,110,95,1,24,34,61,63,22,0,11,19,28,35,17,1,13,15,33,28,5
20213,A,골목상권,3110356,덕수교,228,114,114,0,13,34,55,60,66,0,4,17,22,30,41,0,9,17,33,30,25
20213,R,전통시장,3130139,강북종합전통시장(강북종합골목시장),166,114,52,0,16,45,61,28,16,0,11,33,42,19,9,0,5,12,19,9,7
20213,A,골목상권,3110343,무너미어린이공원,100,74,26,0,7,21,28,32,12,0,4,14,22,25,9,0,3,7,6,7,3
20213,A,골목상권,3110351,수유북부시장옆,214,93,121,0,27,45,51,59,32,0,9,17,20,25,22,0,18,28,31,34,10
20213,A,골목상권,3110413,누원고등학교,54,33,21,0,8,11,12,11,12,0,5,8,5,5,10,0,3,3,7,6,2
20213,A,골목상권,3110382,솔밭공원역 1번,32,25,7,0,1,9,8,7,7,0,0,5,6,7,7,0,1,4,2,0,0
20213,R,전통시장,3130149,창동신창시장,116,51,65,0,5,24,35,31,21,0,2,10,17,10,12,0,3,14,18,21,9
20213,R,전통시장,3130159,공릉동 도깨비시장,101,47,54,0,12,22,24,26,17,0,4,8,9,15,11,0,8,14,15,11,6
20213,A,골목상권,3110422,노원역 9번,277,221,56,0,27,70,94,54,32,0,24,59,79,37,22,0,3,11,15,17,10
20213,D,발달상권,3120082,상계백병원,389,127,262,0,81,95,109,69,35,0,19,18,34,38,18,0,62,77,75,31,17
20213,A,골목상권,3110417,월계역 3번,19,10,9,0,10,6,0,3,0,0,3,5,0,2,0,0,7,1,0,1,0
20213,D,발달상권,3120083,등나무근린공원,1184,787,397,0,166,325,271,283,139,0,114,228,171,179,95,0,52,97,100,104,44
20213,R,전통시장,3130155,시영B상가(중계 그린아파트 B 상가),3,2,1,0,0,1,0,2,0,0,0,1,0,1,0,0,0,0,0,1,0
20213,A,골목상권,3110430,중계초등학교,275,100,175,0,18,28,58,96,75,0,8,7,19,25,41,0,10,21,39,71,34
20213,A,골목상권,3110441,영신여고,138,72,66,0,12,28,33,41,24,0,7,20,15,21,9,0,5,8,18,20,15
20213,A,골목상권,3110427,노원 을지대학교병원,363,281,82,0,27,27,62,126,121,0,12,14,31,109,115,0,15,13,31,17,6
20213,A,골목상권,3110477,은평세무서,434,205,229,0,43,62,106,141,82,0,15,23,49,71,47,0,28,39,57,70,35
20213,A,골목상권,3110476,역촌역 2번,56,26,30,0,2,8,22,17,7,0,1,3,9,7,6,0,1,5,13,10,1
20213,R,전통시장,3130169,대조시장,67,31,36,0,5,11,21,23,7,0,1,3,11,11,5,0,4,8,10,12,2
20213,R,전통시장,3130171,불광먹자골목 골목형상점가,155,54,101,0,18,31,24,37,45,0,4,9,11,16,14,0,14,22,13,21,31
20213,R,전통시장,3130160,수일시장,7,2,5,0,0,2,1,2,2,0,0,0,0,1,1,0,0,2,1,1,1
20213,A,골목상권,3110499,연가초등학교,263,119,144,0,42,42,74,65,40,0,8,20,31,35,25,0,34,22,43,30,15
20213,A,골목상권,3110503,명지대학교교회,230,123,107,0,27,52,59,64,28,0,9,30,26,36,22,0,18,22,33,28,6
20213,A,골목상권,3110533,충정로역 7번,22,11,11,0,5,5,3,5,4,0,0,2,2,4,3,0,5,3,1,1,1
20213,A,골목상권,3110537,충정로현대아파트,1514,848,666,1,362,525,328,177,121,0,150,263,215,134,86,1,212,262,113,43,35
20213,A,골목상권,3110522,홍제역 3번,46,12,34,0,14,7,12,6,7,0,2,2,2,2,4,0,12,5,10,4,3
20213,R,전통시장,3130196,공덕시장,3948,2001,1947,52,1323,1296,891,287,99,28,467,646,599,181,80,24,856,650,292,106,19
20213,A,골목상권,3110541,동교초등학교,377,221,156,0,43,59,101,96,78,0,23,37,63,50,48,0,20,22,38,46,30
20213,R,전통시장,3130190,홍대소상공인상점가,150,77,73,1,55,35,30,18,11,0,18,22,18,10,9,1,37,13,12,8,2
20213,D,발달상권,3120102,서교동(홍대),7276,3402,3874,18,1521,2551,1814,899,473,11,496,1065,913,566,351,7,1025,1486,901,333,122
20213,A,골목상권,3110555,홍익지구대,284,147,137,1,49,53,55,37,89,0,14,28,31,16,58,1,35,25,24,21,31
20213,A,골목상권,3110558,경성고등학교,2362,1593,769,11,308,568,571,513,391,10,153,351,408,384,287,1,155,217,163,129,104
20213,R,전통시장,3130184,마포농수산물시장,77,40,37,0,2,12,24,26,13,0,1,8,12,14,5,0,1,4,12,12,8
20213,A,골목상권,3110571,신수동주민센터,635,358,277,5,109,159,187,126,49,5,57,88,98,74,36,0,52,71,89,52,13
20213,A,골목상권,3110628,신목동역,469,307,162,0,52,85,114,113,105,0,28,56,79,85,59,0,24,29,35,28,46
20214,A,골목상권,3110096,한남힐사이드아파트,502,337,165,3,155,183,85,47,29,3,89,132,63,26,24,0,66,51,22,21,5
20214,D,발달상권,3120048,금호역,76,28,48,0,16,10,18,21,11,0,2,2,6,11,7,0,14,8,12,10,4
20214,R,전통시장,3130063,신금호역 골목형상점가,30,21,9,0,2,4,5,9,10,0,1,3,4,7,6,0,1,1,1,2,4
20214,A,골목상권,3110119,마장지하차도,127,89,38,0,17,26,32,26,26,0,12,22,19,18,18,0,5,4,13,8,8
20214,A,골목상권,3110131,성수동카페거리,4798,3110,1688,15,902,1536,1123,699,523,9,460,993,777,497,374,6,442,543,346,202,149
20214,A,골목상권,3110134,성수119안전센터,771,587,184,4,65,108,185,252,157,4,38,78,143,200,124,0,27,30,42,52,33
20214,A,골목상권,3110136,경수초등학교,4745,2743,2002,43,1169,1097,978,875,583,32,439,633,615,593,431,11,730,464,363,282,152
20214,A,골목상권,3110100,옥수동우편취급국,37,26,11,0,5,17,8,5,2,0,0,14,6,4,2,0,5,3,2,1,0
20214,A,골목상권,3110118,왕십리역 9번,697,487,210,1,90,182,204,129,91,0,62,110,144,93,78,1,28,72,60,36,13
20214,D,발달상권,3120061,올림픽대교북단,1094,864,230,1,228,403,324,95,43,0,165,326,290,55,28,1,63,77,34,40,15
20214,D,발달상권,3120056,구의역,1879,884,995,6,322,352,510,413,276,6,105,129,223,246,175,0,217,223,287,167,101
20214,D,발달상권,3120059,구삼강변맛길,3277,1779,1498,6,431,676,553,747,864,4,244,472,365,322,372,2,187,204,188,425,492
20214,A,골목상권,3110149,세종대학교,122,72,50,0,15,21,31,23,32,0,8,13,19,7,25,0,7,8,12,16,7
20214,A,골목상권,3110155,광진구청,8356,7701,655,0,240,853,2408,4046,809,0,172,765,2256,3748,760,0,68,88,152,298,49
20214,A,골목상권,3110139,자양4동주민센터,204,116,88,0,13,28,53,51,59,0,3,14,32,25,42,0,10,14,21,26,17
20214,R,전통시장,3130077,조양시장,31,19,12,0,11,7,8,5,0,0,6,5,4,4,0,0,5,2,4,1,0
20214,A,골목상권,3110167,용마초등학교,380,223,157,2,22,56,99,112,89,0,9,20,52,64,78,2,13,36,47,48,11
20214,A,골목상권,3110176,해오름공원,791,439,352,1,84,212,229,173,92,1,32,119,126,91,70,0,52,93,103,82,22
20214,A,골목상권,3110204,간데메공원,411,268,143,3,83,97,82,89,57,3,57,64,46,58,40,0,26,33,36,31,17
20214,A,골목상권,3110226,장안1동주민센터,1882,1005,877,2,147,247,333,512,641,2,87,148,213,253,302,0,60,99,120,259,339
20214,A,골목상권,3110211,전곡마을마당공원,626,445,181,1,66,101,170,194,94,0,45,73,129,143,55,1,21,28,41,51,39
20214,A,골목상권,3110207,시립대앞사거리,33,21,12,0,4,10,6,5,8,0,2,8,3,3,5,0,2,2,3,2,3
20214,R,전통시장,3130086,서울약령시장,1184,651,533,4,113,208,305,341,213,0,56,128,165,181,121,4,57,80,140,160,92
20214,R,전통시장,3130087,경동광성상가(경동시장),28,20,8,0,5,3,8,7,5,0,3,2,6,5,4,0,2,1,2,2,1
20214,A,골목상권,3110198,동대문중앙새마을금고본점,67,26,41,0,1,0,18,37,11,0,0,0,8,10,8,0,1,0,10,27,3
20214,A,골목상권,3110200,동대문경찰서,74,50,24,0,1,6,21,13,33,0,0,1,11,6,32,0,1,5,10,7,1
20214,R,전통시장,3130115,우림골목시장,307,106,201,2,80,61,68,64,32,0,29,11,30,20,16,2,51,50,38,44,16
20214,A,골목상권,3110256,면목2동체육관,477,321,156,2,56,66,82,140,131,1,21,35,45,109,110,1,35,31,37,31,21
20214,A,골목상권,3110266,면목동우체국,225,182,43,0,10,31,38,79,67,0,1,19,30,69,63,0,9,12,8,10,4
20214,A,골목상권,3110236,신묵초등학교,1015,836,179,0,185,302,228,255,45,0,135,246,194,228,33,0,50,56,34,27,12
20214,A,골목상권,3110267,망우역 2번,139,49,90,1,15,28,50,28,17,1,2,10,19,13,4,0,13,18,31,15,13
20214,A,골목상권,3110234,중랑역 4번,96,41,55,0,15,16,23,25,17,0,2,5,10,14,10,0,13,11,13,11,7
20214,R,전통시장,3130121,길음시장,88,19,69,0,36,24,10,8,10,0,2,5,3,2,7,0,34,19,7,6,3
20214,A,골목상권,3110321,동덕여대,58,14,44,0,0,4,13,18,23,0,0,4,4,4,2,0,0,0,9,14,21
20214,A,골목상권,3110324,월곡역 4번,99,55,44,0,31,21,19,18,10,0,9,10,13,14,9,0,22,11,6,4,1
20214,A,골목상권,3110298,솔숲어린이공원,77,28,49,0,18,11,24,12,12,0,3,5,7,5,8,0,15,6,17,7,4
20214,A,골목상권,3110314,종암경찰서,949,699,250,1,127,271,223,286,41,0,72,206,162,231,28,1,55,65,61,55,13
20214,A,골목상권,3110365,미아역 5번,341,83,258,0,17,21,44,63,196,0,5,12,15,17,34,0,12,9,29,46,162
20214,A,골목상권,3110368,송천초등학교,199,178,21,0,9,16,39,71,64,0,5,11,34,66,62,0,4,5,5,5,2
20214,A,골목상권,3110352,수유1동주민센터,275,112,163,0,23,49,101,79,23,0,11,22,37,29,13,0,12,27,64,50,10
20214,A,골목상권,3110349,화계역 2번,83,67,16,0,6,4,21,33,19,0,5,3,12,28,19,0,1,1,9,5,0
20214,A,골목상권,3110367,강북구청,1943,976,967,5,195,512,483,522,226,4,64,205,237,340,126,1,131,307,246,182,100
20214,A,골목상권,3110339,국립4.19민주묘지,11,6,5,0,2,2,5,0,2,0,0,2,3,0,1,0,2,0,2,0,1
20214,A,골목상권,3110346,4.19민주묘지역 2번,96,48,48,0,12,13,19,19,33,0,3,7,8,7,23,0,9,6,11,12,10
20214,A,골목상권,3110395,신한은행 방학동지점,163,42,121,0,17,20,44,42,40,0,0,2,11,9,20,0,17,18,33,33,20
20214,A,골목상권,3110403,방학1동주민센터,316,167,149,1,44,56,63,78,74,1,30,37,36,36,27,0,14,19,27,42,47
20214,A,골목상권,3110393,국민은행방학지점,49,13,36,0,2,10,17,15,5,0,0,0,4,6,3,0,2,10,13,9,2
20214,A,골목상권,3110398,쌍문2동우체국,474,326,148,0,30,65,96,153,130,0,11,27,50,124,114,0,19,38,46,29,16
20214,R,전통시장,3130150,창동골목시장,84,47,37,0,19,30,14,8,13,0,7,20,9,5,6,0,12,10,5,3,7
20214,A,골목상권,3110401,도봉구민회관,243,65,178,0,29,32,38,87,57,0,4,14,14,22,11,0,25,18,24,65,46
20214,D,발달상권,3120084,공릉역,712,546,166,3,33,59,110,240,267,1,11,22,63,205,244,2,22,37,47,35,23
20214,A,골목상권,3110419,수락산디자인거리,695,462,233,5,94,131,159,180,126,5,49,76,108,130,94,0,45,55,51,50,32
20214,A,골목상권,3110425,계상초등학교,136,59,77,2,18,12,36,40,28,2,5,7,19,15,11,0,13,5,17,25,17
20214,A,골목상권,3110421,석계역 1번,249,109,140,0,22,37,78,65,47,0,8,16,31,26,28,0,14,21,47,39,19
20214,R,전통시장,3130167,연신내상점가(연빛거리),632,234,398,1,143,140,156,118,74,1,30,48,57,51,47,0,113,92,99,67,27
20214,D,발달상권,3120088,구산역,799,279,520,2,86,117,175,272,147,2,30,65,68,59,55,0,56,52,107,213,92
20214,A,골목상권,3110473,구산역 1번,436,241,195,0,34,59,113,107,123,0,24,27,53,49,88,0,10,32,60,58,35
20214,A,골목상권,3110487,불광역 8번,63,35,28,0,11,22,15,8,7,0,6,11,7,8,3,0,5,11,8,0,4
20214,A,골목상권,3110480,연신내역 3번,161,51,110,0,16,35,52,35,23,0,3,9,17,12,10,0,13,26,35,23,13
20214,A,골목상권,3110474,세명컴퓨터고등학교,119,55,64,0,7,33,28,23,28,0,2,14,11,8,20,0,5,19,17,15,8
20214,A,골목상권,3110482,연신초등학교,11,7,4,0,0,0,4,6,1,0,0,0,3,3,1,0,0,0,1,3,0
20214,A,골목상권,3110455,역촌노인복지관,690,369,321,2,73,120,187,203,105,0,37,64,89,109,70,2,36,56,98,94,35
20214,A,골목상권,3110470,신진과학기술고등학교,93,65,28,0,7,17,34,25,10,0,5,10,26,19,5,0,2,7,8,6,5
20214,A,골목상권,3110475,백련산해모로아파트,245,127,118,1,23,44,76,70,31,1,10,24,44,29,19,0,13,20,32,41,12
20214,D,발달상권,3120089,구파발역,5,1,4,0,0,0,1,2,2,0,0,0,0,1,0,0,0,0,1,1,2
20214,R,전통시장,3130173,백련시장,5,3,2,0,0,1,0,2,2,0,0,1,0,0,2,0,0,0,0,2,0
20214,D,발달상권,3120096,"이화여대(이대역, 이대)",493,210,283,1,81,137,130,86,58,0,27,52,48,43,40,1,54,85,82,43,18
20214,A,골목상권,3110532,아현역 2번,328,204,124,0,52,33,46,78,119,0,17,13,22,57,95,0,35,20,24,21,24
20214,R,전통시장,3130178,이대 앞 스타트업 상점가,30,6,24,0,5,5,8,6,6,0,1,0,3,0,2,0,4,5,5,6,4
20214,A,골목상권,3110517,서대문소방서,884,634,250,8,197,216,203,177,83,5,99,170,163,146,51,3,98,46,40,31,32
20214,A,골목상권,3110512,연희지하차도,335,165,170,0,40,62,102,99,32,0,14,38,44,49,20,0,26,24,58,50,12
20214,A,골목상권,3110536,돈의문센트레빌아파트입구,141,105,36,0,12,23,61,32,13,0,7,17,50,21,10,0,5,6,11,11,3
20214,A,골목상권,3110534,경기대학교,157,88,69,0,10,29,28,42,48,0,7,20,14,19,28,0,3,9,14,23,20
20214,A,골목상권,3110516,정원여중,227,101,126,0,35,40,62,65,25,0,17,18,27,23,16,0,18,22,35,42,9
20214,A,골목상권,3110527,홍제역 2번,185,89,96,1,36,40,36,40,32,1,11,26,15,21,15,0,25,14,21,19,17
20214,A,골목상권,3110572,서강대역 1번,470,254,216,1,63,130,117,116,43,1,32,67,58,66,30,0,31,63,59,50,13
20214,A,골목상권,3110575,대흥동주민센터,208,157,51,2,25,48,36,49,48,2,11,35,25,41,43,0,14,13,11,8,5
20214,D,발달상권,3120100,망원역,846,397,449,4,199,227,191,137,88,2,52,99,101,94,49,2,147,128,90,43,39
20214,R,전통시장,3130185,망원월드컵시장,190,123,67,1,26,69,53,25,16,1,14,43,35,16,14,0,12,26,18,9,2
20214,A,골목상권,3110547,KB국민은행 망원동지점,284,168,116,0,13,47,93,76,55,0,4,25,55,45,39,0,9,22,38,31,16
20214,R,전통시장,3130183,상암동상점가,816,607,209,1,89,204,283,187,52,0,49,150,227,143,38,1,40,54,56,44,14
20214,A,골목상권,3110569,홍대땡땡거리,358,153,205,2,62,108,97,53,36,1,18,48,46,19,21,1,44,60,51,34,15
20214,A,골목상권,3110554,망원역 1번,1579,777,802,2,213,371,508,350,135,2,105,188,241,156,85,0,108,183,267,194,50
20214,A,골목상권,3110551,성서초등학교,803,387,416,1,110,164,235,172,121,1,42,90,114,81,59,0,68,74,121,91,62
20214,R,전통시장,3130198,아현시장,203,45,158,1,51,84,52,10,5,0,8,5,26,4,2,1,43,79,26,6,3
20214,A,골목상권,3110550,합정역 8번,1578,740,838,1,240,411,414,333,179,0,84,165,221,171,99,1,156,246,193,162,80
20214,A,골목상권,3110546,양화대교북단,732,436,296,3,189,254,157,76,53,3,81,126,120,62,44,0,108,128,37,14,9
20214,D,발달상권,3120114,목동신시가지,13498,9371,4127,46,2070,3798,3444,2895,1245,29,1126,2619,2554,2204,839,17,944,1179,890,691,406
20214,A,골목상권,3110619,목4동주민센터,311,203,108,1,51,87,89,64,19,1,16,52,58,57,19,0,35,35,31,7,0
20214,A,골목상권,3110607,금빛새마을금고본점,47,29,18,0,1,10,11,14,11,0,1,4,5,10,9,0,0,6,6,4,2
20214,A,골목상권,3110608,신월2동주민센터,875,454,421,1,51,116,229,273,205,1,23,69,117,127,117,0,28,47,112,146,88
20214,A,골목상권,3110647,화곡역 5번,899,461,438,2,117,230,224,230,96,1,44,138,111,116,51,1,73,92,113,114,45
20214,A,골목상권,3110594,신월중학교,357,182,175,0,35,116,89,85,32,0,10,41,50,52,29,0,25,75,39,33,3
20214,R,전통시장,3130205,신곡종합시장(신월6동 골목시장),141,103,38,1,17,36,39,32,16,0,10,27,33,18,15,1,7,9,6,14,1
20214,A,골목상권,3110602,신월시영아파트중문,674,584,90,1,8,23,81,250,311,0,4,14,55,218,293,1,4,9,26,32,18
20214,A,골목상권,3110600,신월7동주민센터,350,263,87,0,32,30,66,101,121,0,17,14,38,79,115,0,15,16,28,22,6
20214,A,골목상권,3110610,계남근린공원,126,85,41,0,5,11,41,44,25,0,3,6,28,35,13,0,2,5,13,9,12
20214,A,골목상권,3110616,양목초등학교,161,103,58,0,3,23,19,40,76,0,2,18,14,32,37,0,1,5,5,8,39
20214,A,골목상권,3110611,신정역 1번,289,192,97,2,34,57,88,74,34,2,20,42,52,46,30,0,14,15,36,28,4
20214,A,골목상권,3110635,공항시장역 3번,1451,391,1060,4,64,82,162,479,660,1,43,58,63,33,193,3,21,24,99,446,467
20214,D,발달상권,3120122,강서구청,2179,1231,948,4,314,461,494,447,459,2,103,228,271,262,365,2,211,233,223,185,94
20214,A,골목상권,3110638,신방화역 2번,372,202,170,3,53,75,88,87,66,3,22,40,44,43,50,0,31,35,44,44,16
20214,A,골목상권,3110650,우장산힐스테이트,143,116,27,0,23,30,51,20,19,0,15,25,42,17,17,0,8,5,9,3,2
20214,A,골목상권,3110702,개봉초등학교,131,93,38,1,15,18,33,34,30,1,10,13,23,24,22,0,5,5,10,10,8
20214,R,전통시장,3130227,고척골목시장상점가(그라운드 고척),33,14,19,0,4,6,10,8,5,0,0,1,5,5,3,0,4,5,5,3,2
20214,A,골목상권,3110699,덕의초등학교,136,79,57,0,14,22,29,43,28,0,7,14,13,24,21,0,7,8,16,19,7
20214,D,발달상권,3120129,구로디지털단지,48873,32033,16840,196,10422,16630,12386,5777,3462,127,5285,11083,8771,3995,2772,69,5137,5547,3615,1782,690
20214,A,골목상권,3110712,남구로역 5번,233,108,125,1,32,36,66,64,34,0,10,17,24,32,25,1,22,19,42,32,9
20214,A,골목상권,3110720,대림역 2번,228,87,141,0,27,50,65,49,37,0,11,14,18,17,27,0,16,36,47,32,10
20214,R,전통시장,3130231,독산동 우시장,611,476,135,2,31,74,126,196,182,0,16,55,97,145,163,2,15,19,29,51,19
20214,A,골목상권,3110745,독산동정훈단지,251,191,60,0,11,20,33,86,101,0,3,12,22,64,90,0,8,8,11,22,11
20214,D,발달상권,3120134,구로전화국,2014,1668,346,0,107,157,172,223,1355,0,44,75,96,153,1300,0,63,82,76,70,55
20214,A,골목상권,3110755,동일여자고등학교,193,51,142,0,10,24,45,70,44,0,3,8,17,11,12,0,7,16,28,59,32
20214,D,발달상권,3120143,당산역,2671,1987,684,9,326,516,558,517,745,2,194,394,403,386,608,7,132,122,155,131,137
20214,A,골목상권,3110778,구로디지털단지역 4번,1596,862,734,0,248,459,484,224,181,0,122,281,192,136,131,0,126,178,292,88,50
20214,A,골목상권,3110771,대림역 11번,955,604,351,0,22,38,128,210,557,0,21,30,73,131,349,0,1,8,55,79,208
20214,D,발달상권,3120139,대림3동사거리,3619,2404,1215,14,423,867,992,727,596,5,220,632,783,462,302,9,203,235,209,265,294
20214,A,골목상권,3110768,도림2동유수지내체육시설,294,155,139,0,20,43,63,73,95,0,7,22,32,41,53,0,13,21,31,32,42
20214,A,골목상권,3110759,문래예술촌(문래창작촌),4221,2168,2053,9,521,838,1001,1281,571,5,266,553,595,462,287,4,255,285,406,819,284
20214,D,발달상권,3120152,신대방삼거리역,578,278,300,1,66,127,150,148,86,1,22,63,80,70,42,0,44,64,70,78,44
20214,A,골목상권,3110818,신대방역 3번,20,9,11,0,1,3,7,7,2,0,1,3,2,1,2,0,0,0,5,6,0
20214,A,골목상권,3110856,미성초등학교,538,295,243,3,58,85,170,150,72,1,28,44,99,71,52,2,30,41,71,79,20
20214,A,골목상권,3110874,원신초등학교(구세군관악영문교회),46,15,31,1,4,19,7,12,3,1,1,3,3,6,1,0,3,16,4,6,2
20214,A,골목상권,3110879,신림현대아파트,17,7,10,0,2,3,5,5,2,0,1,2,2,2,0,0,1,1,3,3,2
20214,A,골목상권,3110885,영락고등학교,339,213,126,0,37,58,94,88,62,0,18,33,61,56,45,0,19,25,33,32,17
20214,D,발달상권,3120157,신림역(신림),637,257,380,1,96,116,146,139,139,0,19,40,82,49,67,1,77,76,64,90,72
20214,A,골목상권,3110858,신대방역 1번,66,33,33,0,5,9,17,7,28,0,0,1,6,2,24,0,5,8,11,5,4
20214,A,골목상권,3110872,신림초등학교,279,196,83,3,54,68,69,54,31,3,36,54,54,42,7,0,18,14,15,12,24
20214,A,골목상권,3110855,신대방역 2번,429,275,154,2,53,111,126,90,47,0,22,81,83,55,34,2,31,30,43,35,13
20214,R,전통시장,3130276,신림중앙시장(조원동 펭귄시장),39,27,12,0,1,2,13,11,12,0,0,2,7,9,9,0,1,0,6,2,3
20214,A,골목상권,3110947,청계산입구역 2번(내곡동주민센터),112,45,67,0,18,17,27,18,32,0,8,9,14,7,7,0,10,8,13,11,25
20214,D,발달상권,3120177,신논현역 1번,694,436,258,1,84,187,202,143,77,0,34,111,130,106,55,1,50,76,72,37,22
20214,D,발달상권,3120187,신논현역,13076,7778,5298,64,3624,3962,2984,1673,769,27,1516,2302,2121,1247,565,37,2108,1660,863,426,204
20214,A,골목상권,3110913,방현초등학교(방배119안전센터),3293,2109,1184,7,571,1263,876,376,200,4,272,822,625,237,149,3,299,441,251,139,51
20214,A,골목상권,3110934,우면주공아파트,994,674,320,6,197,291,253,161,86,5,83,217,195,110,64,1,114,74,58,51,22
20214,A,골목상권,3110937,방아다리근린공원(횃불트리니티신학대학원대학교),2465,1270,1195,7,634,861,542,318,103,6,246,507,335,113,63,1,388,354,207,205,40
20214,D,발달상권,3120183,양재천카페거리,3558,2626,932,12,586,972,848,551,589,10,364,717,638,413,484,2,222,255,210,138,105
20214,D,발달상권,3120205,매봉역,13950,9370,4580,95,2838,4203,3126,1781,1907,44,1450,2959,2521,1302,1094,51,1388,1244,605,479,813
20214,D,발달상권,3120194,언주역(차병원),12628,8724,3904,37,2790,4202,2802,1923,874,14,1366,2863,2239,1588,654,23,1424,1339,563,335,220
20214,A,골목상권,3110955,논현초등학교,3430,2238,1192,19,719,823,793,625,451,13,417,568,554,389,297,6,302,255,239,236,154
20214,R,전통시장,3130303,영동전통시장,242,95,147,0,21,60,67,58,36,0,7,19,22,24,23,0,14,41,45,34,13
20214,D,발달상권,3120215,포스코사거리,61667,40706,20961,170,9756,22506,18178,8408,2649,29,4305,14324,13853,6409,1786,141,5451,8182,4325,1999,863
20214,A,골목상권,3110992,도곡초등학교,2179,1144,1035,3,269,440,484,524,459,1,108,253,258,260,264,2,161,187,226,264,195
20214,A,골목상권,3110991,삼성중앙역 5번,1246,794,452,1,111,415,339,275,105,1,28,243,229,216,77,0,83,172,110,59,28
20214,A,골목상권,3111000,대왕초등학교(세곡동사거리서남측),39,20,19,0,7,10,12,8,2,0,0,4,10,4,2,0,7,6,2,4,0
20214,A,골목상권,3110999,윗방죽마을공원,268,130,138,2,19,43,44,83,77,1,12,27,27,39,24,1,7,16,17,44,53
20214,R,전통시장,3130302,강남시장(강남구 강남시장),58,33,25,0,13,15,14,8,8,0,7,10,9,2,5,0,6,5,5,6,3
20214,A,골목상권,3110963,역삼월드메르디앙아파트,779,545,234,1,126,183,226,154,89,0,79,144,171,97,54,1,47,39,55,57,35
20214,A,골목상권,3110967,역삼역 8번,377,228,149,0,63,92,89,92,41,0,31,51,60,56,30,0,32,41,29,36,11
20214,A,골목상권,3110972,강남세브란스병원미래의학연구센터,2628,1440,1188,17,539,669,692,581,130,4,240,428,438,258,72,13,299,241,254,323,58
20214,A,골목상권,3110969,베르사이유1아파트,1546,1230,316,4,231,442,483,285,101,2,165,345,402,239,77,2,66,97,81,46,24
20214,R,전통시장,3130307,도곡시장,17,9,8,0,0,3,4,7,3,0,0,2,1,4,2,0,0,1,3,3,1
20214,A,골목상권,3110990,청담역 12번,262,109,153,2,61,92,56,36,15,0,12,32,29,23,13,2,49,60,27,13,2
20214,A,골목상권,3110985,청담근린공원,1338,948,390,0,193,447,374,226,98,0,98,346,275,157,72,0,95,101,99,69,26
20214,R,전통시장,3130308,청담삼익시장,48,30,18,0,5,11,13,7,12,0,3,6,8,4,9,0,2,5,5,3,3
20214,D,발달상권,3120231,가락시장,5698,4083,1615,0,368,1051,1564,1654,1061,0,264,836,1185,1098,700,0,104,215,379,556,361
20214,D,발달상권,3120240,개롱역,1609,1102,507,7,212,314,404,431,241,5,125,230,269,295,178,2,87,84,135,136,63
20214,A,골목상권,3111021,방이역 4번,7683,5874,1809,22,793,1329,1979,2137,1423,15,391,912,1552,1769,1235,7,402,417,427,368,188
20214,A,골목상권,3111008,석촌고분역 3번,1551,1177,374,1,182,286,280,382,420,1,148,237,208,248,335,0,34,49,72,134,85
20214,A,골목상권,3111015,석촌역 3번,1352,778,574,1,151,315,350,351,184,1,72,199,216,181,109,0,79,116,134,170,75
20214,A,골목상권,3111016,송파역 2번,3803,1601,2202,15,1126,1104,801,601,156,8,407,533,427,165,61,7,719,571,374,436,95
20214,A,골목상권,3111038,보인중학교,416,270,146,0,26,66,113,123,88,0,11,38,85,88,48,0,15,28,28,35,40
20214,A,골목상권,3111011,잠실나루역,9608,7747,1861,42,1275,3018,2795,2046,432,18,924,2492,2309,1674,330,24,351,526,486,372,102
20214,A,골목상권,3111003,삼전역 4번,1996,1337,659,6,249,412,549,437,343,1,160,278,332,308,258,5,89,134,217,129,85
20214,R,전통시장,3130311,새마을시장,377,246,131,1,60,78,104,75,59,0,28,48,80,55,35,1,32,30,24,20,24
20214,R,전통시장,3130326,고덕 골목형상점가,935,850,85,0,8,37,165,395,330,0,4,31,147,360,308,0,4,6,18,35,22
20214,A,골목상권,3111088,고덕동성당,123,54,69,0,15,32,32,31,13,0,4,15,10,15,10,0,11,17,22,16,3
20214,A,골목상권,3111071,천동초등학교,76,52,24,0,4,15,21,25,11,0,4,6,18,16,8,0,0,9,3,9,3
20214,A,골목상권,3111079,둔촌고등학교(둔촌중학교),377,197,180,1,43,58,60,76,139,1,28,34,33,28,73,0,15,24,27,48,66
20214,A,골목상권,3111050,강동구청(강동구청역 2번),131,96,35,0,21,14,21,32,43,0,12,5,12,27,40,0,9,9,9,5,3
20214,D,발달상권,3120243,천호역,1395,637,758,6,189,265,331,296,308,2,64,109,143,126,193,4,125,156,188,170,115
20214,A,골목상권,3111062,둔촌동역 3번(성내3동주민센터),751,501,250,5,134,198,194,144,76,5,81,139,126,91,59,0,53,59,68,53,17
20214,A,골목상권,3111066,암사동성당(효정하나플러스아파트),417,255,162,3,46,103,101,113,51,0,14,53,66,91,31,3,32,50,35,22,20
20214,A,골목상권,3111052,암사역 3번(천호동자전거거리),357,228,129,1,26,71,117,94,48,1,11,47,76,58,35,0,15,24,41,36,13
20214,A,골목상권,3111069,천호1동주민센터,79,54,25,0,8,17,17,26,11,0,4,12,14,14,10,0,4,5,3,12,1
20214,A,골목상권,3111048,천호역 1번(천호문구완구거리),183,101,82,3,18,52,44,42,24,2,10,24,26,23,16,1,8,28,18,19,8
20214,A,골목상권,3110003,세검정초등학교,607,337,270,7,78,120,167,167,68,6,35,45,103,96,52,1,43,75,64,71,16
20214,R,전통시장,3130020,동묘시장(동묘벼룩시장),407,177,230,5,154,93,73,58,24,5,43,31,45,32,21,0,111,62,28,26,3
20214,R,전통시장,3130005,세운상가가동,133,93,40,0,7,34,35,21,36,0,5,23,28,8,29,0,2,11,7,13,7
20214,D,발달상권,3120004,종로구청,12937,7078,5859,9,1442,4392,4485,2080,529,4,432,2050,2756,1493,343,5,1010,2342,1729,587,186
20214,R,전통시장,3130004,낙원시장(낙원지하시장(대일상가)),364,258,106,0,29,70,99,78,88,0,14,51,68,57,68,0,15,19,31,21,20
20214,R,전통시장,3130010,종로신진시장,200,113,87,0,20,29,55,48,48,0,14,17,24,26,32,0,6,12,31,22,16
20214,A,골목상권,3110032,수족관거리,30,15,15,0,3,5,4,13,5,0,2,1,2,7,3,0,1,4,2,6,2
20214,U,관광특구,3001493,동대문패션타운 관광특구,5916,2900,3016,36,1415,1672,1133,1020,640,13,536,733,643,584,391,23,879,939,490,436,249
20214,A,골목상권,3110049,장충단 고개,2303,1240,1063,4,566,582,448,431,272,2,174,314,281,257,212,2,392,268,167,174,60
20214,D,발달상권,3120039,신당역,2348,1249,1099,31,795,488,410,342,282,11,348,245,228,226,191,20,447,243,182,116,91
20214,A,골목상권,3110041,남산케이블카,967,435,532,2,118,152,175,254,266,2,51,69,83,87,143,0,67,83,92,167,123
20214,R,전통시장,3130052,서울중앙시장(신중앙시장),479,342,137,0,106,156,101,61,55,0,80,110,57,45,50,0,26,46,44,16,5
20214,D,발달상권,3120036,장충동족발거리(남소영길),2289,1090,1199,14,616,783,556,223,97,0,122,393,365,155,55,14,494,390,191,68,42
20214,A,골목상권,3110054,청구역 3번,1542,854,688,3,259,378,315,340,247,1,90,204,220,215,124,2,169,174,95,125,123
20214,R,전통시장,3130056,용산용문시장,65,34,31,0,7,15,18,10,15,0,4,6,7,6,11,0,3,9,11,4,4
20214,A,골목상권,3110080,해방촌예술마을,311,168,143,0,53,71,88,58,41,0,18,40,52,31,27,0,35,31,36,27,14
20214,A,골목상권,3110065,남정초등학교,137,92,45,0,17,45,48,17,10,0,9,37,31,10,5,0,8,8,17,7,5
20214,A,골목상권,3110579,마포역 4번,750,563,187,2,54,162,247,219,66,1,37,124,188,165,48,1,17,38,59,54,18
20214,D,발달상권,3120046,이태원(이태원역),2285,1299,986,24,818,684,339,224,196,15,389,422,205,137,131,9,429,262,134,87,65
20214,D,발달상권,3120044,삼각지역,1905,1415,490,5,357,534,461,374,174,5,220,403,384,278,125,0,137,131,77,96,49
20214,A,골목상권,3110123,마장역 3번,511,382,129,0,42,56,91,185,137,0,21,36,63,141,121,0,21,20,28,44,16
20214,A,골목상권,3110121,한양대역 4번,45,30,15,0,3,10,8,11,13,0,2,5,5,7,11,0,1,5,3,4,2
20214,D,발달상권,3120049,왕십리역(왕십리),1459,1004,455,1,183,301,377,468,129,1,92,187,272,371,81,0,91,114,105,97,48
20214,A,골목상권,3110127,성수1가1동주민센터,290,157,133,0,31,55,56,100,48,0,11,40,31,47,28,0,20,15,25,53,20
20214,D,발달상권,3120051,뚝섬역,3944,2582,1362,20,703,946,867,651,757,15,446,646,549,445,481,5,257,300,318,206,276
20214,R,전통시장,3130071,성수역 골목형상점가,335,180,155,1,61,89,70,43,71,0,27,43,43,29,38,1,34,46,27,14,33
20214,A,골목상권,3110114,왕십리파출소,33,19,14,0,3,2,8,14,6,0,1,1,4,8,5,0,2,1,4,6,1
20214,A,골목상권,3110174,아차산역 1번,432,305,127,1,49,80,115,104,83,1,25,57,76,69,77,0,24,23,39,35,6
20214,A,골목상권,3110140,건대입구역 6번,429,268,161,6,37,67,113,120,86,5,17,34,65,83,64,1,20,33,48,37,22
20214,A,골목상권,3110152,중곡어린이공원,340,300,40,0,17,29,64,121,109,0,10,21,55,109,105,0,7,8,9,12,4
20214,A,골목상권,3110161,중곡역 3번,236,135,101,3,11,33,58,65,66,0,2,16,37,40,40,3,9,17,21,25,26
20214,R,전통시장,3130084,신성시장(신성골목시장),21,6,15,0,3,5,8,4,1,0,0,1,2,2,1,0,3,4,6,2,0
20214,A,골목상권,3110141,건대입구역 1번,213,138,75,1,23,49,67,48,25,1,11,27,51,32,16,0,12,22,16,16,9
20214,A,골목상권,3110144,어린이대공원역 4번,104,49,55,0,35,17,21,19,12,0,9,10,11,10,9,0,26,7,10,9,3
20214,R,전통시장,3130097,답십리 건축자재시장,291,188,103,1,16,42,42,36,154,0,7,34,23,19,105,1,9,8,19,17,49
20214,A,골목상권,3110209,답십리 장령당공원,83,52,31,0,3,11,28,19,22,0,1,5,16,15,15,0,2,6,12,4,7
20214,R,전통시장,3130101,답십리현대시장,8,5,3,0,0,1,3,2,2,0,0,1,1,2,1,0,0,0,2,0,1
20214,A,골목상권,3110186,종암초등학교,114,86,28,0,9,21,16,34,34,0,3,18,10,26,29,0,6,3,6,8,5
20214,A,골목상권,3110221,의릉,95,69,26,0,10,12,36,29,8,0,6,10,24,22,7,0,4,2,12,7,1
20214,A,골목상권,3110202,전농1동주민센터(전농시장),111,68,43,0,14,35,31,20,11,0,9,19,21,14,5,0,5,16,10,6,6
20214,A,골목상권,3110206,텃골근린공원,92,37,55,0,8,14,25,24,21,0,4,7,8,8,10,0,4,7,17,16,11
20214,R,전통시장,3130094,청량리청과물시장,54,24,30,0,7,13,17,7,10,0,0,4,10,2,8,0,7,9,7,5,2
20214,R,전통시장,3130095,청량리전통시장,95,38,57,0,6,16,18,33,22,0,4,6,9,10,9,0,2,10,9,23,13
20214,A,골목상권,3110199,홍릉시장,65,41,24,0,11,15,18,14,7,0,8,8,10,9,6,0,3,7,8,5,1
20214,A,골목상권,3110219,삼육보건대학교,251,146,105,0,18,42,70,81,40,0,11,20,32,52,31,0,7,22,38,29,9
20214,A,골목상권,3110268,망우3동주민센터,60,30,30,0,10,13,10,18,9,0,1,5,7,10,7,0,9,8,3,8,2
20214,R,전통시장,3130114,유영시장,31,20,11,0,9,5,3,8,6,0,7,2,2,5,4,0,2,3,1,3,2
20214,A,골목상권,3110237,메가박스 상봉,274,152,122,0,30,67,97,54,26,0,13,37,48,36,18,0,17,30,49,18,8
20214,A,골목상권,3110258,면동초등학교,260,99,161,0,32,49,79,66,34,0,1,20,28,34,16,0,31,29,51,32,18
20214,A,골목상권,3110254,오거리공원,259,90,169,1,19,75,79,53,32,0,6,15,35,22,12,1,13,60,44,31,20
20214,A,골목상권,3110264,면목역 2번,358,170,188,1,52,75,93,80,57,0,21,40,40,37,32,1,31,35,53,43,25
20194,A,골목상권,3110818,신대방역 3번,20,9,11,0,1,3,7,7,2,0,1,3,2,1,2,0,0,0,5,6,0
20194,A,골목상권,3110856,미성초등학교,538,295,243,3,58,85,170,150,72,1,28,44,99,71,52,2,30,41,71,79,20
20194,A,골목상권,3110874,원신초등학교(구세군관악영문교회),46,15,31,1,4,19,7,12,3,1,1,3,3,6,1,0,3,16,4,6,2
20194,A,골목상권,3110879,신림현대아파트,17,7,10,0,2,3,5,5,2,0,1,2,2,2,0,0,1,1,3,3,2
20194,A,골목상권,3110885,영락고등학교,339,213,126,0,37,58,94,88,62,0,18,33,61,56,45,0,19,25,33,32,17
20194,D,발달상권,3120157,신림역(신림),637,257,380,1,96,116,146,139,139,0,19,40,82,49,67,1,77,76,64,90,72
20194,A,골목상권,3110858,신대방역 1번,66,33,33,0,5,9,17,7,28,0,0,1,6,2,24,0,5,8,11,5,4
20194,A,골목상권,3110872,신림초등학교,279,196,83,3,54,68,69,54,31,3,36,54,54,42,7,0,18,14,15,12,24
20194,A,골목상권,3110855,신대방역 2번,429,275,154,2,53,111,126,90,47,0,22,81,83,55,34,2,31,30,43,35,13
20194,R,전통시장,3130276,신림중앙시장(조원동 펭귄시장),39,27,12,0,1,2,13,11,12,0,0,2,7,9,9,0,1,0,6,2,3
20194,A,골목상권,3110947,청계산입구역 2번(내곡동주민센터),112,45,67,0,18,17,27,18,32,0,8,9,14,7,7,0,10,8,13,11,25
20194,D,발달상권,3120177,신논현역 1번,694,436,258,1,84,187,202,143,77,0,34,111,130,106,55,1,50,76,72,37,22
20194,D,발달상권,3120187,신논현역,13076,7778,5298,64,3624,3962,2984,1673,769,27,1516,2302,2121,1247,565,37,2108,1660,863,426,204
20194,A,골목상권,3110913,방현초등학교(방배119안전센터),3293,2109,1184,7,571,1263,876,376,200,4,272,822,625,237,149,3,299,441,251,139,51
20194,A,골목상권,3110934,우면주공아파트,994,674,320,6,197,291,253,161,86,5,83,217,195,110,64,1,114,74,58,51,22
20194,A,골목상권,3110937,방아다리근린공원(횃불트리니티신학대학원대학교),2465,1270,1195,7,634,861,542,318,103,6,246,507,335,113,63,1,388,354,207,205,40
20194,D,발달상권,3120183,양재천카페거리,3558,2626,932,12,586,972,848,551,589,10,364,717,638,413,484,2,222,255,210,138,105
20194,D,발달상권,3120205,매봉역,13950,9370,4580,95,2838,4203,3126,1781,1907,44,1450,2959,2521,1302,1094,51,1388,1244,605,479,813
20194,D,발달상권,3120194,언주역(차병원),12628,8724,3904,37,2790,4202,2802,1923,874,14,1366,2863,2239,1588,654,23,1424,1339,563,335,220
20194,A,골목상권,3110955,논현초등학교,3430,2238,1192,19,719,823,793,625,451,13,417,568,554,389,297,6,302,255,239,236,154
20194,R,전통시장,3130303,영동전통시장,242,95,147,0,21,60,67,58,36,0,7,19,22,24,23,0,14,41,45,34,13
20194,D,발달상권,3120215,포스코사거리,61667,40706,20961,170,9756,22506,18178,8408,2649,29,4305,14324,13853,6409,1786,141,5451,8182,4325,1999,863
20194,A,골목상권,3110992,도곡초등학교,2179,1144,1035,3,269,440,484,524,459,1,108,253,258,260,264,2,161,187,226,264,195
20194,A,골목상권,3110991,삼성중앙역 5번,1246,794,452,1,111,415,339,275,105,1,28,243,229,216,77,0,83,172,110,59,28
20194,A,골목상권,3111000,대왕초등학교(세곡동사거리서남측),39,20,19,0,7,10,12,8,2,0,0,4,10,4,2,0,7,6,2,4,0
20194,A,골목상권,3110999,윗방죽마을공원,268,130,138,2,19,43,44,83,77,1,12,27,27,39,24,1,7,16,17,44,53
20194,R,전통시장,3130302,강남시장(강남구 강남시장),58,33,25,0,13,15,14,8,8,0,7,10,9,2,5,0,6,5,5,6,3
20194,A,골목상권,3110963,역삼월드메르디앙아파트,779,545,234,1,126,183,226,154,89,0,79,144,171,97,54,1,47,39,55,57,35
20194,A,골목상권,3110967,역삼역 8번,377,228,149,0,63,92,89,92,41,0,31,51,60,56,30,0,32,41,29,36,11
20194,A,골목상권,3110972,강남세브란스병원미래의학연구센터,2628,1440,1188,17,539,669,692,581,130,4,240,428,438,258,72,13,299,241,254,323,58
20194,A,골목상권,3110969,베르사이유1아파트,1546,1230,316,4,231,442,483,285,101,2,165,345,402,239,77,2,66,97,81,46,24
20194,R,전통시장,3130307,도곡시장,17,9,8,0,0,3,4,7,3,0,0,2,1,4,2,0,0,1,3,3,1
20194,A,골목상권,3110990,청담역 12번,262,109,153,2,61,92,56,36,15,0,12,32,29,23,13,2,49,60,27,13,2
20194,A,골목상권,3110985,청담근린공원,1338,948,390,0,193,447,374,226,98,0,98,346,275,157,72,0,95,101,99,69,26
20194,R,전통시장,3130308,청담삼익시장,48,30,18,0,5,11,13,7,12,0,3,6,8,4,9,0,2,5,5,3,3
20194,D,발달상권,3120231,가락시장,5698,4083,1615,0,368,1051,1564,1654,1061,0,264,836,1185,1098,700,0,104,215,379,556,361
20194,D,발달상권,3120240,개롱역,1609,1102,507,7,212,314,404,431,241,5,125,230,269,295,178,2,87,84,135,136,63
20194,A,골목상권,3111021,방이역 4번,7683,5874,1809,22,793,1329,1979,2137,1423,15,391,912,1552,1769,1235,7,402,417,427,368,188
20194,A,골목상권,3111008,석촌고분역 3번,1551,1177,374,1,182,286,280,382,420,1,148,237,208,248,335,0,34,49,72,134,85
20194,A,골목상권,3111015,석촌역 3번,1352,778,574,1,151,315,350,351,184,1,72,199,216,181,109,0,79,116,134,170,75
20194,A,골목상권,3111016,송파역 2번,3803,1601,2202,15,1126,1104,801,601,156,8,407,533,427,165,61,7,719,571,374,436,95
20194,A,골목상권,3111038,보인중학교,416,270,146,0,26,66,113,123,88,0,11,38,85,88,48,0,15,28,28,35,40
20194,A,골목상권,3111011,잠실나루역,9608,7747,1861,42,1275,3018,2795,2046,432,18,924,2492,2309,1674,330,24,351,526,486,372,102
20194,A,골목상권,3111003,삼전역 4번,1996,1337,659,6,249,412,549,437,343,1,160,278,332,308,258,5,89,134,217,129,85
20194,R,전통시장,3130311,새마을시장,377,246,131,1,60,78,104,75,59,0,28,48,80,55,35,1,32,30,24,20,24
20194,R,전통시장,3130326,고덕 골목형상점가,935,850,85,0,8,37,165,395,330,0,4,31,147,360,308,0,4,6,18,35,22
20194,A,골목상권,3111088,고덕동성당,123,54,69,0,15,32,32,31,13,0,4,15,10,15,10,0,11,17,22,16,3
20194,A,골목상권,3111071,천동초등학교,76,52,24,0,4,15,21,25,11,0,4,6,18,16,8,0,0,9,3,9,3
20194,A,골목상권,3111079,둔촌고등학교(둔촌중학교),377,197,180,1,43,58,60,76,139,1,28,34,33,28,73,0,15,24,27,48,66
20194,A,골목상권,3111050,강동구청(강동구청역 2번),131,96,35,0,21,14,21,32,43,0,12,5,12,27,40,0,9,9,9,5,3
20194,D,발달상권,3120243,천호역,1395,637,758,6,189,265,331,296,308,2,64,109,143,126,193,4,125,156,188,170,115
20194,A,골목상권,3111062,둔촌동역 3번(성내3동주민센터),751,501,250,5,134,198,194,144,76,5,81,139,126,91,59,0,53,59,68,53,17
20194,A,골목상권,3111066,암사동성당(효정하나플러스아파트),417,255,162,3,46,103,101,113,51,0,14,53,66,91,31,3,32,50,35,22,20
20194,A,골목상권,3111052,암사역 3번(천호동자전거거리),357,228,129,1,26,71,117,94,48,1,11,47,76,58,35,0,15,24,41,36,13
20194,A,골목상권,3111069,천호1동주민센터,79,54,25,0,8,17,17,26,11,0,4,12,14,14,10,0,4,5,3,12,1
20194,A,골목상권,3111048,천호역 1번(천호문구완구거리),183,101,82,3,18,52,44,42,24,2,10,24,26,23,16,1,8,28,18,19,8
20194,A,골목상권,3110003,세검정초등학교,607,337,270,7,78,120,167,167,68,6,35,45,103,96,52,1,43,75,64,71,16
20194,R,전통시장,3130020,동묘시장(동묘벼룩시장),407,177,230,5,154,93,73,58,24,5,43,31,45,32,21,0,111,62,28,26,3
20194,R,전통시장,3130005,세운상가가동,133,93,40,0,7,34,35,21,36,0,5,23,28,8,29,0,2,11,7,13,7
20194,D,발달상권,3120004,종로구청,12937,7078,5859,9,1442,4392,4485,2080,529,4,432,2050,2756,1493,343,5,1010,2342,1729,587,186
20194,R,전통시장,3130004,낙원시장(낙원지하시장(대일상가)),364,258,106,0,29,70,99,78,88,0,14,51,68,57,68,0,15,19,31,21,20
20194,R,전통시장,3130010,종로신진시장,200,113,87,0,20,29,55,48,48,0,14,17,24,26,32,0,6,12,31,22,16
20194,A,골목상권,3110032,수족관거리,30,15,15,0,3,5,4,13,5,0,2,1,2,7,3,0,1,4,2,6,2
20194,U,관광특구,3001493,동대문패션타운 관광특구,5916,2900,3016,36,1415,1672,1133,1020,640,13,536,733,643,584,391,23,879,939,490,436,249
20194,A,골목상권,3110049,장충단 고개,2303,1240,1063,4,566,582,448,431,272,2,174,314,281,257,212,2,392,268,167,174,60
20194,D,발달상권,3120039,신당역,2348,1249,1099,31,795,488,410,342,282,11,348,245,228,226,191,20,447,243,182,116,91
20194,A,골목상권,3110041,남산케이블카,967,435,532,2,118,152,175,254,266,2,51,69,83,87,143,0,67,83,92,167,123
20194,R,전통시장,3130052,서울중앙시장(신중앙시장),479,342,137,0,106,156,101,61,55,0,80,110,57,45,50,0,26,46,44,16,5
20194,D,발달상권,3120036,장충동족발거리(남소영길),2289,1090,1199,14,616,783,556,223,97,0,122,393,365,155,55,14,494,390,191,68,42
20194,A,골목상권,3110054,청구역 3번,1542,854,688,3,259,378,315,340,247,1,90,204,220,215,124,2,169,174,95,125,123
20194,R,전통시장,3130056,용산용문시장,65,34,31,0,7,15,18,10,15,0,4,6,7,6,11,0,3,9,11,4,4
20194,A,골목상권,3110080,해방촌예술마을,311,168,143,0,53,71,88,58,41,0,18,40,52,31,27,0,35,31,36,27,14
20194,A,골목상권,3110065,남정초등학교,137,92,45,0,17,45,48,17,10,0,9,37,31,10,5,0,8,8,17,7,5
20194,A,골목상권,3110579,마포역 4번,750,563,187,2,54,162,247,219,66,1,37,124,188,165,48,1,17,38,59,54,18
20194,D,발달상권,3120046,이태원(이태원역),2285,1299,986,24,818,684,339,224,196,15,389,422,205,137,131,9,429,262,134,87,65
20194,D,발달상권,3120044,삼각지역,1905,1415,490,5,357,534,461,374,174,5,220,403,384,278,125,0,137,131,77,96,49
20194,A,골목상권,3110123,마장역 3번,511,382,129,0,42,56,91,185,137,0,21,36,63,141,121,0,21,20,28,44,16
20194,A,골목상권,3110121,한양대역 4번,45,30,15,0,3,10,8,11,13,0,2,5,5,7,11,0,1,5,3,4,2
20194,D,발달상권,3120049,왕십리역(왕십리),1459,1004,455,1,183,301,377,468,129,1,92,187,272,371,81,0,91,114,105,97,48
20194,A,골목상권,3110127,성수1가1동주민센터,290,157,133,0,31,55,56,100,48,0,11,40,31,47,28,0,20,15,25,53,20
20194,D,발달상권,3120051,뚝섬역,3944,2582,1362,20,703,946,867,651,757,15,446,646,549,445,481,5,257,300,318,206,276
20194,R,전통시장,3130071,성수역 골목형상점가,335,180,155,1,61,89,70,43,71,0,27,43,43,29,38,1,34,46,27,14,33
20194,A,골목상권,3110114,왕십리파출소,33,19,14,0,3,2,8,14,6,0,1,1,4,8,5,0,2,1,4,6,1
20194,A,골목상권,3110174,아차산역 1번,432,305,127,1,49,80,115,104,83,1,25,57,76,69,77,0,24,23,39,35,6
20194,A,골목상권,3110140,건대입구역 6번,429,268,161,6,37,67,113,120,86,5,17,34,65,83,64,1,20,33,48,37,22
20194,A,골목상권,3110152,중곡어린이공원,340,300,40,0,17,29,64,121,109,0,10,21,55,109,105,0,7,8,9,12,4
20194,A,골목상권,3110161,중곡역 3번,236,135,101,3,11,33,58,65,66,0,2,16,37,40,40,3,9,17,21,25,26
20194,R,전통시장,3130084,신성시장(신성골목시장),21,6,15,0,3,5,8,4,1,0,0,1,2,2,1,0,3,4,6,2,0
20194,A,골목상권,3110141,건대입구역 1번,213,138,75,1,23,49,67,48,25,1,11,27,51,32,16,0,12,22,16,16,9
20194,A,골목상권,3110144,어린이대공원역 4번,104,49,55,0,35,17,21,19,12,0,9,10,11,10,9,0,26,7,10,9,3
20194,R,전통시장,3130097,답십리 건축자재시장,291,188,103,1,16,42,42,36,154,0,7,34,23,19,105,1,9,8,19,17,49
20194,A,골목상권,3110209,답십리 장령당공원,83,52,31,0,3,11,28,19,22,0,1,5,16,15,15,0,2,6,12,4,7
20194,R,전통시장,3130101,답십리현대시장,8,5,3,0,0,1,3,2,2,0,0,1,1,2,1,0,0,0,2,0,1
20194,A,골목상권,3110186,종암초등학교,114,86,28,0,9,21,16,34,34,0,3,18,10,26,29,0,6,3,6,8,5
20194,A,골목상권,3110221,의릉,95,69,26,0,10,12,36,29,8,0,6,10,24,22,7,0,4,2,12,7,1
20194,A,골목상권,3110202,전농1동주민센터(전농시장),111,68,43,0,14,35,31,20,11,0,9,19,21,14,5,0,5,16,10,6,6
20194,A,골목상권,3110206,텃골근린공원,92,37,55,0,8,14,25,24,21,0,4,7,8,8,10,0,4,7,17,16,11
20194,R,전통시장,3130094,청량리청과물시장,54,24,30,0,7,13,17,7,10,0,0,4,10,2,8,0,7,9,7,5,2
20194,R,전통시장,3130095,청량리전통시장,95,38,57,0,6,16,18,33,22,0,4,6,9,10,9,0,2,10,9,23,13
20194,A,골목상권,3110199,홍릉시장,65,41,24,0,11,15,18,14,7,0,8,8,10,9,6,0,3,7,8,5,1
20194,A,골목상권,3110219,삼육보건대학교,251,146,105,0,18,42,70,81,40,0,11,20,32,52,31,0,7,22,38,29,9
20194,A,골목상권,3110268,망우3동주민센터,60,30,30,0,10,13,10,18,9,0,1,5,7,10,7,0,9,8,3,8,2
20194,R,전통시장,3130114,유영시장,31,20,11,0,9,5,3,8,6,0,7,2,2,5,4,0,2,3,1,3,2
20194,A,골목상권,3110237,메가박스 상봉,274,152,122,0,30,67,97,54,26,0,13,37,48,36,18,0,17,30,49,18,8
20194,A,골목상권,3110258,면동초등학교,260,99,161,0,32,49,79,66,34,0,1,20,28,34,16,0,31,29,51,32,18
20194,A,골목상권,3110254,오거리공원,259,90,169,1,19,75,79,53,32,0,6,15,35,22,12,1,13,60,44,31,20
20194,A,골목상권,3110264,면목역 2번,358,170,188,1,52,75,93,80,57,0,21,40,40,37,32,1,31,35,53,43,25
20194,A,골목상권,3110248,먹골파출소,85,47,38,1,19,23,20,12,10,0,7,14,12,4,10,1,12,9,8,8,0
20194,A,골목상권,3110279,신내역 2번,9,8,1,0,0,1,4,4,0,0,0,1,3,4,0,0,0,0,1,0,0
20194,A,골목상권,3110245,KB국민은행 중화동지점,156,81,75,0,8,36,52,40,20,0,5,16,26,19,15,0,3,20,26,21,5
20194,R,전통시장,3130108,태능엔터피아(태릉시장),3,1,2,0,0,0,1,2,0,0,0,0,0,1,0,0,0,0,1,1,0
20194,A,골목상권,3110308,길음역 8번,174,85,89,0,17,36,56,41,24,0,8,17,26,20,14,0,9,19,30,21,10
20194,D,발달상권,3120073,미아사거리,353,135,218,3,40,67,95,95,53,2,16,29,45,23,20,1,24,38,50,72,33
20194,A,골목상권,3110300,삼선동주민센터,2735,1587,1148,3,248,710,769,844,161,2,97,300,444,629,115,1,151,410,325,215,46
20194,D,발달상권,3120072,성신여대,1048,537,511,18,137,211,213,271,198,11,46,86,103,152,139,7,91,125,110,119,59
20194,A,골목상권,3110301,성신여대입구역 7번,484,209,275,1,73,84,96,134,96,0,31,37,39,62,40,1,42,47,57,72,56
20194,R,전통시장,3130120,돈암시장(돈암제일시장),99,23,76,1,20,20,25,18,15,0,0,2,7,8,6,1,20,18,18,10,9
20194,A,골목상권,3110328,상월곡역 3번,235,157,78,1,38,75,62,37,22,1,26,58,33,24,15,0,12,17,29,13,7
20194,R,전통시장,3130126,새석관시장,13,8,5,0,1,4,2,5,1,0,0,3,1,3,1,0,1,1,1,2,0
20194,R,전통시장,3130128,돌곶이시장(석관황금시장),191,157,34,0,30,36,41,72,12,0,28,26,29,62,12,0,2,10,12,10,0
20194,A,골목상권,3110323,상월곡역 1번,109,30,79,2,25,24,28,18,12,0,4,5,11,5,5,2,21,19,17,13,7
20194,A,골목상권,3110325,장곡초등학교,57,18,39,0,0,14,20,17,6,0,0,3,7,4,4,0,0,11,13,13,2
20194,A,골목상권,3110329,우리은행체육관,34,27,7,1,1,5,6,14,7,1,0,5,5,10,6,0,1,0,1,4,1
20194,A,골목상권,3110418,광운대학교 남단,100,45,55,0,11,17,23,26,23,0,5,5,13,16,6,0,6,12,10,10,17
20194,A,골목상권,3110292,정릉역 2번,33,14,19,0,1,5,16,6,5,0,1,3,5,3,2,0,0,2,11,3,3
20194,A,골목상권,3110289,북한산보국문역 2번,144,105,39,0,9,28,49,32,26,0,6,23,30,24,22,0,3,5,19,8,4
20194,A,골목상권,3110320,KB국민은행 종암동지점,79,51,28,0,2,11,27,24,15,0,1,5,15,17,13,0,1,6,12,7,2
20194,A,골목상권,3110369,성신여대운정그린캠퍼스,518,214,304,1,49,46,131,131,160,1,10,16,44,53,90,0,39,30,87,78,70
20194,A,골목상권,3110376,수송초등학교,224,142,82,0,26,47,62,60,29,0,12,29,38,41,22,0,14,18,24,19,7
20194,R,전통시장,3130143,방천골목시장,65,36,29,0,11,7,19,24,4,0,6,5,9,13,3,0,5,2,10,11,1
20194,R,전통시장,3130140,숭인시장,62,27,35,0,9,13,10,15,15,0,0,4,1,9,13,0,9,9,9,6,2
20194,A,골목상권,3110362,우이천 계성교,205,110,95,1,24,34,61,63,22,0,11,19,28,35,17,1,13,15,33,28,5
20194,A,골목상권,3110356,덕수교,228,114,114,0,13,34,55,60,66,0,4,17,22,30,41,0,9,17,33,30,25
20194,R,전통시장,3130139,강북종합전통시장(강북종합골목시장),166,114,52,0,16,45,61,28,16,0,11,33,42,19,9,0,5,12,19,9,7
20194,A,골목상권,3110343,무너미어린이공원,100,74,26,0,7,21,28,32,12,0,4,14,22,25,9,0,3,7,6,7,3
20194,A,골목상권,3110351,수유북부시장옆,214,93,121,0,27,45,51,59,32,0,9,17,20,25,22,0,18,28,31,34,10
20194,A,골목상권,3110413,누원고등학교,54,33,21,0,8,11,12,11,12,0,5,8,5,5,10,0,3,3,7,6,2
20194,A,골목상권,3110382,솔밭공원역 1번,32,25,7,0,1,9,8,7,7,0,0,5,6,7,7,0,1,4,2,0,0
20194,R,전통시장,3130149,창동신창시장,116,51,65,0,5,24,35,31,21,0,2,10,17,10,12,0,3,14,18,21,9
20194,R,전통시장,3130159,공릉동 도깨비시장,101,47,54,0,12,22,24,26,17,0,4,8,9,15,11,0,8,14,15,11,6
20194,A,골목상권,3110422,노원역 9번,277,221,56,0,27,70,94,54,32,0,24,59,79,37,22,0,3,11,15,17,10
20194,D,발달상권,3120082,상계백병원,389,127,262,0,81,95,109,69,35,0,19,18,34,38,18,0,62,77,75,31,17
20194,A,골목상권,3110417,월계역 3번,19,10,9,0,10,6,0,3,0,0,3,5,0,2,0,0,7,1,0,1,0
20194,D,발달상권,3120083,등나무근린공원,1184,787,397,0,166,325,271,283,139,0,114,228,171,179,95,0,52,97,100,104,44
20194,R,전통시장,3130155,시영B상가(중계 그린아파트 B 상가),3,2,1,0,0,1,0,2,0,0,0,1,0,1,0,0,0,0,0,1,0
20194,A,골목상권,3110430,중계초등학교,275,100,175,0,18,28,58,96,75,0,8,7,19,25,41,0,10,21,39,71,34
20194,A,골목상권,3110441,영신여고,138,72,66,0,12,28,33,41,24,0,7,20,15,21,9,0,5,8,18,20,15
20194,A,골목상권,3110427,노원 을지대학교병원,363,281,82,0,27,27,62,126,121,0,12,14,31,109,115,0,15,13,31,17,6
20194,A,골목상권,3110477,은평세무서,434,205,229,0,43,62,106,141,82,0,15,23,49,71,47,0,28,39,57,70,35
20194,A,골목상권,3110476,역촌역 2번,56,26,30,0,2,8,22,17,7,0,1,3,9,7,6,0,1,5,13,10,1
20194,R,전통시장,3130169,대조시장,67,31,36,0,5,11,21,23,7,0,1,3,11,11,5,0,4,8,10,12,2
20194,R,전통시장,3130171,불광먹자골목 골목형상점가,155,54,101,0,18,31,24,37,45,0,4,9,11,16,14,0,14,22,13,21,31
20194,R,전통시장,3130160,수일시장,7,2,5,0,0,2,1,2,2,0,0,0,0,1,1,0,0,2,1,1,1
20194,A,골목상권,3110499,연가초등학교,263,119,144,0,42,42,74,65,40,0,8,20,31,35,25,0,34,22,43,30,15
20194,A,골목상권,3110503,명지대학교교회,230,123,107,0,27,52,59,64,28,0,9,30,26,36,22,0,18,22,33,28,6
20194,A,골목상권,3110533,충정로역 7번,22,11,11,0,5,5,3,5,4,0,0,2,2,4,3,0,5,3,1,1,1
20194,A,골목상권,3110537,충정로현대아파트,1514,848,666,1,362,525,328,177,121,0,150,263,215,134,86,1,212,262,113,43,35
20194,A,골목상권,3110522,홍제역 3번,46,12,34,0,14,7,12,6,7,0,2,2,2,2,4,0,12,5,10,4,3
20194,R,전통시장,3130196,공덕시장,3948,2001,1947,52,1323,1296,891,287,99,28,467,646,599,181,80,24,856,650,292,106,19
20194,A,골목상권,3110541,동교초등학교,377,221,156,0,43,59,101,96,78,0,23,37,63,50,48,0,20,22,38,46,30
20194,R,전통시장,3130190,홍대소상공인상점가,150,77,73,1,55,35,30,18,11,0,18,22,18,10,9,1,37,13,12,8,2
20194,D,발달상권,3120102,서교동(홍대),7276,3402,3874,18,1521,2551,1814,899,473,11,496,1065,913,566,351,7,1025,1486,901,333,122
20194,A,골목상권,3110555,홍익지구대,284,147,137,1,49,53,55,37,89,0,14,28,31,16,58,1,35,25,24,21,31
20194,A,골목상권,3110558,경성고등학교,2362,1593,769,11,308,568,571,513,391,10,153,351,408,384,287,1,155,217,163,129,104
20194,R,전통시장,3130184,마포농수산물시장,77,40,37,0,2,12,24,26,13,0,1,8,12,14,5,0,1,4,12,12,8
20194,A,골목상권,3110571,신수동주민센터,635,358,277,5,109,159,187,126,49,5,57,88,98,74,36,0,52,71,89,52,13
20194,A,골목상권,3110628,신목동역,469,307,162,0,52,85,114,113,105,0,28,56,79,85,59,0,24,29,35,28,46
20194,R,전통시장,3130210,목2동시장,432,251,181,1,66,124,122,71,48,1,40,69,70,39,32,0,26,55,52,32,16
20194,D,발달상권,3120108,신정네거리역,992,580,412,2,93,215,220,242,220,1,28,110,112,160,169,1,65,105,108,82,51
20194,A,골목상권,3110627,신정롯데캐슬아파트,548,318,230,24,129,136,102,93,64,13,69,81,62,49,44,11,60,55,40,44,20
20194,R,전통시장,3130206,신정3동 골목시장,20,6,14,0,0,5,11,2,2,0,0,0,3,1,2,0,0,5,8,1,0
20194,A,골목상권,3110612,신정역 5번,644,303,341,1,85,88,143,197,130,0,44,62,74,70,53,1,41,26,69,127,77
20194,A,골목상권,3110629,송정역 4번,190,107,83,0,26,52,54,35,23,0,9,34,28,24,12,0,17,18,26,11,11
20194,R,전통시장,3130220,등마루시장,491,167,324,5,44,61,71,166,144,3,16,29,38,34,47,2,28,32,33,132,97
20194,D,발달상권,3120115,김포공항역(김포공항),23,12,11,0,6,9,4,4,0,0,2,4,3,3,0,0,4,5,1,1,0
20194,A,골목상권,3110679,염창역 2번,574,404,170,3,89,206,152,80,44,2,49,148,111,58,36,1,40,58,41,22,8
20194,A,골목상권,3110649,우장산역 1번,358,191,167,0,41,91,82,93,51,0,12,49,38,59,33,0,29,42,44,34,18
20194,A,골목상권,3110670,신곡초등학교,489,320,169,6,79,118,121,90,75,3,45,77,71,59,65,3,34,41,50,31,10
20194,A,골목상권,3110666,KC대학교,176,60,116,0,19,35,52,57,13,0,10,10,20,13,7,0,9,25,32,44,6
20194,A,골목상권,3110669,화곡보람2차아파트,13,3,10,0,0,2,4,2,5,0,0,1,2,0,0,0,0,1,2,2,5
20194,A,골목상권,3110700,고척초등학교,3249,2648,601,3,209,680,974,1176,207,2,119,533,803,1021,170,1,90,147,171,155,37
20194,D,발달상권,3120124,개봉동 현대아파트,461,205,256,0,63,89,119,82,108,0,18,26,49,43,69,0,45,63,70,39,39
20194,R,전통시장,3130228,구로시장,10,5,5,0,0,4,6,0,0,0,0,1,4,0,0,0,0,3,2,0,0
20194,D,발달상권,3120128,신도림역,1253,656,597,7,191,318,382,243,112,1,75,153,191,149,87,6,116,165,191,94,25
20194,A,골목상권,3110689,오류동역 3번,287,200,87,3,44,47,56,75,62,3,25,32,41,52,47,0,19,15,15,23,15
20194,A,골목상권,3110690,오류2동버들시장,577,275,302,1,101,192,133,94,56,0,39,104,64,36,32,1,62,88,69,58,24
20194,A,골목상권,3110725,가산동주민센터,85,59,26,0,6,20,22,20,17,0,3,15,16,12,13,0,3,5,6,8,4
20194,A,골목상권,3110735,말미고개,520,330,190,0,64,115,140,140,61,0,31,79,94,79,47,0,33,36,46,61,14
20194,R,전통시장,3130233,남문시장,76,47,29,0,5,8,18,22,23,0,2,3,9,12,21,0,3,5,9,10,2
20194,A,골목상권,3110736,독산119안전센터,461,199,262,0,46,55,76,118,166,0,21,32,35,42,69,0,25,23,41,76,97
20194,A,골목상권,3110746,금천금빛공원(은행나무사거리서측),76,53,23,0,5,11,23,22,15,0,3,9,13,16,12,0,2,2,10,6,3
20194,R,전통시장,3130237,박미시장(기능상실),39,26,13,0,1,6,11,9,12,0,0,2,7,8,9,0,1,4,4,1,3
20194,A,골목상권,3110766,대림역 5번,360,205,155,0,30,82,85,99,64,0,15,54,42,56,38,0,15,28,43,43,26
20194,A,골목상권,3110777,구로세무서,282,210,72,0,36,41,47,83,75,0,13,30,32,66,69,0,23,11,15,17,6
20194,R,전통시장,3130255,영등포전통시장,45,29,16,0,1,7,5,10,22,0,1,5,3,4,16,0,0,2,2,6,6
20194,A,골목상권,3110788,영등포시장역 3번,28,22,6,0,4,5,7,9,3,0,3,5,6,6,2,0,1,0,1,3,1
20194,A,골목상권,3110783,영등포시장역 1번,292,154,138,1,26,37,35,67,126,1,19,27,16,33,58,0,7,10,19,34,68
20194,A,골목상권,3110799,영등포본동주민센터,119,86,33,5,21,16,11,22,44,3,12,10,6,15,40,2,9,6,5,7,4
20194,R,전통시장,3130265,노량진중앙시장,115,82,33,0,17,48,34,8,8,0,12,42,23,3,2,0,5,6,11,5,6
20194,R,전통시장,3130263,신노량진시장(기능상실),13,4,9,0,0,3,4,6,0,0,0,0,1,3,0,0,0,3,3,3,0
20194,A,골목상권,3110821,보라매역 2번,599,356,243,0,73,109,142,137,138,0,34,65,80,89,88,0,39,44,62,48,50
20194,D,발달상권,3120155,총신대학교,107,54,53,0,13,27,24,25,18,0,7,8,13,14,12,0,6,19,11,11,6
20194,R,전통시장,3130268,상도전통시장,239,104,135,0,33,60,53,58,35,0,12,23,23,24,22,0,21,37,30,34,13
20194,A,골목상권,3110836,상도역 5번,3057,1846,1211,9,550,798,701,647,352,2,238,486,453,447,220,7,312,312,248,200,132
20194,A,골목상권,3110840,중앙대학교,175,99,76,0,24,25,57,45,24,0,12,13,37,22,15,0,12,12,20,23,9
20194,A,골목상권,3110878,미림여고,368,218,150,3,43,114,101,78,29,0,19,63,68,43,25,3,24,51,33,35,4
20194,A,골목상권,3110861,관악구신사동주민센터,1168,598,570,1,215,376,261,204,111,1,71,194,161,101,70,0,144,182,100,103,41
20194,A,골목상권,3110893,관악소방서(문영여고),353,303,50,0,39,110,66,113,25,0,29,96,57,99,22,0,10,14,9,14,3
20194,A,골목상권,3110890,봉천역 1번(관악초등학교),249,148,101,1,17,43,92,67,29,0,4,22,58,43,21,1,13,21,34,24,8
20194,R,전통시장,3130294,관악중부시장,102,40,62,1,5,10,22,39,25,0,2,3,7,16,12,1,3,7,15,23,13
20194,D,발달상권,3120166,방배역,5465,3280,2185,90,1234,1594,1033,699,815,26,523,920,713,451,647,64,711,674,320,248,168
20194,D,발달상권,3120164,내방역,8579,5975,2604,56,1923,2822,1862,1129,787,48,1160,1998,1383,799,587,8,763,824,479,330,200
20194,D,발달상권,3120162,방배동카페골목,1253,717,536,61,207,200,219,215,351,57,126,142,110,93,189,4,81,58,109,122,162
20194,D,발달상권,3120169,서초역,15771,7185,8586,70,3824,4195,3945,2657,1080,30,1313,1990,1801,1235,816,40,2511,2205,2144,1422,264
20194,A,골목상권,3110936,더케이호텔(양재리본타워2단지아파트),832,552,280,3,109,260,215,175,70,0,53,154,159,131,55,3,56,106,56,44,15
20194,A,골목상권,3110940,양재근린공원(양재2동주민센터),956,699,257,8,168,323,238,137,82,8,109,243,178,97,64,0,59,80,60,40,18
20194,D,발달상권,3120178,신사역,11093,6014,5079,34,2556,2878,2400,1866,1359,13,875,1596,1501,1005,1024,21,1681,1282,899,861,335
20194,A,골목상권,3110993,개포지하차도 북측,70,53,17,0,3,9,19,23,16,0,2,7,16,18,10,0,1,2,3,5,6
20194,A,골목상권,3110983,국립국악고등학교,783,534,249,6,126,212,125,145,169,2,44,137,94,111,146,4,82,75,31,34,23
20194,A,골목상권,3110950,논현역 7번,2981,1929,1052,1,829,1305,518,230,98,0,418,886,383,173,69,1,411,419,135,57,29
20194,D,발달상권,3120199,경복아파트교차로,3427,2023,1404,9,720,1059,682,508,449,3,273,627,441,345,334,6,447,432,241,163,115
20194,D,발달상권,3120212,한티역,753,394,359,1,118,182,201,143,108,1,37,87,119,80,70,0,81,95,82,63,38
20194,D,발달상권,3120211,도성초등학교,984,516,468,7,180,282,189,161,165,3,68,120,112,117,96,4,112,162,77,44,69
20194,A,골목상권,3110960,은광여고,1601,749,852,5,219,282,389,522,184,4,60,131,203,227,124,1,159,151,186,295,60
20194,A,골목상권,3110964,싸리고개근린공원,217,124,93,0,29,60,59,34,35,0,8,32,36,23,25,0,21,28,23,11,10
20194,U,관광특구,3001496,강남 마이스 관광특구,15904,8904,7000,59,3513,6185,4248,1596,303,25,1160,3361,2887,1246,225,34,2353,2824,1361,350,78
20194,A,골목상권,3110995,봉은사역 4번,5085,3711,1374,9,978,2002,1271,637,188,2,575,1477,990,523,144,7,403,525,281,114,44
20201,R,전통시장,3130148,방학동도깨비시장,39,16,23,0,2,6,12,12,7,0,0,1,5,8,2,0,2,5,7,4,5
20201,A,골목상권,3110394,방학중학교,214,133,81,0,19,35,50,54,56,0,12,20,26,35,40,0,7,15,24,19,16
20201,A,골목상권,3110384,문이교,261,139,122,0,38,20,56,85,62,0,12,8,21,51,47,0,26,12,35,34,15
20201,A,골목상권,3110388,도봉우체국,35,23,12,0,4,3,10,14,4,0,2,2,7,8,4,0,2,1,3,6,0
20201,A,골목상권,3110442,화랑대철도공원,76,20,56,0,1,4,14,49,8,0,0,2,4,10,4,0,1,2,10,39,4
20201,A,골목상권,3110424,상계초등학교,388,157,231,2,42,50,96,106,92,2,18,32,32,42,31,0,24,18,64,64,61
20201,A,골목상권,3110437,당고개역 2번,116,40,76,0,16,23,25,41,11,0,5,11,9,10,5,0,11,12,16,31,6
20201,A,골목상권,3110439,당고개역 5번,96,45,51,0,4,14,12,32,34,0,0,10,6,16,13,0,4,4,6,16,21
20201,A,골목상권,3110440,상계3동4동주민센터,49,16,33,0,8,6,15,10,10,0,1,1,4,2,8,0,7,5,11,8,2
20201,A,골목상권,3110420,광운대역 1번,796,472,324,7,233,310,184,40,22,0,114,234,89,21,14,7,119,76,95,19,8
20201,A,골목상권,3110431,상계역,124,72,52,1,16,24,28,37,18,0,2,13,17,27,13,1,14,11,11,10,5
20201,A,골목상권,3110467,은평요양병원,487,284,203,3,90,154,110,68,62,2,46,100,61,37,38,1,44,54,49,31,24
20201,A,골목상권,3110454,선정중학교,481,268,213,3,56,71,142,108,101,2,42,35,53,66,70,1,14,36,89,42,31
20201,A,골목상권,3110447,구산초등학교,48,43,5,0,5,15,10,5,13,0,4,15,8,5,11,0,1,0,2,0,2
20201,A,골목상권,3110453,신사1동주민센터,515,288,227,0,43,81,121,155,115,0,20,25,65,85,93,0,23,56,56,70,22
20201,A,골목상권,3110448,상신초등학교입구,120,76,44,1,20,27,26,26,20,1,17,17,12,14,15,0,3,10,14,12,5
20201,A,골목상권,3110466,구산역 2번,87,46,41,0,12,17,26,24,8,0,4,5,16,15,6,0,8,12,10,9,2
20201,R,전통시장,3130166,응암시장(신응암시장),17,10,7,0,0,3,2,5,7,0,0,0,1,3,6,0,0,3,1,2,1
20201,A,골목상권,3110498,증산역 1번,222,102,120,0,15,32,75,68,32,0,7,9,31,32,23,0,8,23,44,36,9
20201,A,골목상권,3110444,수색성당,157,57,100,0,17,39,47,45,9,0,6,14,14,16,7,0,11,25,33,29,2
20201,R,전통시장,3130162,증산골목시장,7,3,4,0,0,2,2,1,2,0,0,0,0,1,2,0,0,2,2,0,0
20201,A,골목상권,3110496,모래내우체국,611,333,278,2,88,190,160,89,82,2,20,100,117,42,52,0,68,90,43,47,30
20201,R,전통시장,3130181,아현가구거리상점가,59,30,29,0,8,11,13,10,17,0,0,7,9,4,10,0,8,4,4,6,7
20201,A,골목상권,3110506,연희임광아파트,110,66,44,0,5,12,39,29,25,0,1,8,20,19,18,0,4,4,19,10,7
20201,A,골목상권,3110505,홍남교남측,14,9,5,0,1,0,3,7,3,0,0,0,2,5,2,0,1,0,1,2,1
20201,A,골목상권,3110510,홍연시장,100,59,41,0,10,14,33,27,16,0,5,6,22,14,12,0,5,8,11,13,4
20201,R,전통시장,3130180,포방터시장,59,34,25,0,13,11,15,6,14,0,4,4,11,5,10,0,9,7,4,1,4
20201,A,골목상권,3110521,홍제역 4번,63,36,27,0,4,7,19,17,16,0,0,4,10,9,13,0,4,3,9,8,3
20201,A,골목상권,3110529,홍제3동주민센터,125,58,67,0,13,20,27,25,40,0,2,5,8,14,29,0,11,15,19,11,11
20201,R,전통시장,3130177,인왕시장(홍제골목형상점가),44,7,37,0,1,1,8,7,27,0,0,0,1,3,3,0,1,1,7,4,24
20201,A,골목상권,3110589,애오개역 3번,46,13,33,0,3,3,15,11,14,0,0,1,4,6,2,0,3,2,11,5,12
20201,R,전통시장,3130195,도화동 상점가,1040,502,538,2,201,267,226,153,191,1,86,132,121,88,74,1,115,135,105,65,117
20201,R,전통시장,3130186,망원시장,143,53,90,0,9,23,40,41,30,0,6,11,14,10,12,0,3,12,26,31,18
20201,A,골목상권,3110542,마포구청역 7번,3997,2442,1555,16,527,714,775,1304,661,9,297,578,604,586,368,7,230,136,171,718,293
20201,D,발달상권,3120098,DMC(디지털미디어시티),8846,5391,3455,19,1691,3228,2856,875,177,11,813,1995,1821,616,135,8,878,1233,1035,259,42
20201,A,골목상권,3110561,상수역 4번,395,247,148,4,59,102,94,89,47,2,21,56,64,68,36,2,38,46,30,21,11
20201,R,전통시장,3130191,홍대 걷고싶은 거리,367,225,142,6,65,65,81,82,68,4,40,41,54,47,39,2,25,24,27,35,29
20201,A,골목상권,3110552,성미산체육관,637,465,172,1,110,159,145,158,64,0,72,120,98,128,47,1,38,39,47,30,17
20201,A,골목상권,3110553,가좌역 2번,281,167,114,0,26,51,79,81,44,0,16,28,44,43,36,0,10,23,35,38,8
20201,A,골목상권,3110570,KB국민은행 서강지점,61,39,22,0,4,22,18,12,5,0,4,13,10,7,5,0,0,9,8,5,0
20201,R,전통시장,3130193,신수시장,34,19,15,0,4,7,12,5,6,0,1,5,5,4,4,0,3,2,7,1,2
20201,A,골목상권,3110624,목동문화체육센터,379,232,147,0,93,117,75,63,31,0,40,79,46,48,19,0,53,38,29,15,12
20201,A,골목상권,3110626,양화초등학교,652,271,381,1,127,138,149,147,90,0,37,57,76,63,38,1,90,81,73,84,52
20201,A,골목상권,3110620,목동보건지소,458,241,217,4,51,85,105,125,88,4,20,48,50,65,54,0,31,37,55,60,34
20201,D,발달상권,3120111,목동사거리,1828,710,1118,1,551,601,341,219,115,0,101,248,161,116,84,1,450,353,180,103,31
20201,R,전통시장,3130202,신영시장,40,13,27,0,3,4,13,16,4,0,2,0,3,6,2,0,1,4,10,10,2
20201,R,전통시장,3130201,월정로시장,27,17,10,0,2,8,10,7,0,0,0,7,6,4,0,0,2,1,4,3,0
20201,A,골목상권,3110606,신한은행 신월동지점,544,307,237,1,49,83,152,152,107,1,26,44,84,72,80,0,23,39,68,80,27
20201,A,골목상권,3110613,신정네거리역 4번,80,20,60,0,8,25,24,19,4,0,2,6,7,4,1,0,6,19,17,15,3
20201,A,골목상권,3110657,양천향교역 5번,3180,2118,1062,12,334,603,741,695,795,8,191,396,493,385,645,4,143,207,248,310,150
20201,A,골목상권,3110648,양천향교역 7번,13,5,8,0,1,7,1,3,1,0,0,3,1,1,0,0,1,4,0,2,1
20201,A,골목상권,3110671,등촌1동주민센터,4521,2889,1632,8,1208,1381,956,636,332,2,375,916,788,522,286,6,833,465,168,114,46
20201,R,전통시장,3130214,송화벽화시장(송화골목시장),119,44,75,2,23,18,25,33,18,0,6,7,9,13,9,2,17,11,16,20,9
20201,A,골목상권,3110668,화곡2동주민센터,471,278,193,0,55,70,139,127,80,0,22,33,81,77,65,0,33,37,58,50,15
20201,A,골목상권,3110646,푸른들청소년도서관,754,384,370,1,92,113,198,187,163,1,26,47,97,99,114,0,66,66,101,88,49
20201,R,전통시장,3130221,"남부골목시장(남부화곡시장, 남부시장)",188,69,119,0,22,32,50,57,27,0,5,5,15,22,22,0,17,27,35,35,5
20201,A,골목상권,3110658,화곡초등학교,253,153,100,0,21,55,62,69,46,0,10,35,36,44,28,0,11,20,26,25,18
20201,A,골목상권,3110721,가리봉파출소,215,104,111,1,6,36,42,42,88,0,2,19,17,22,44,1,4,17,25,20,44
20201,A,골목상권,3110703,개봉역,307,192,115,4,28,54,91,77,53,3,16,30,54,49,40,1,12,24,37,28,13
20201,A,골목상권,3110706,그라운드 고척,410,100,310,0,122,101,101,68,18,0,22,20,28,20,10,0,100,81,73,48,8
20201,A,골목상권,3110701,고척동성당,567,379,188,2,126,185,125,92,37,0,81,133,82,54,29,2,45,52,43,38,8
20201,A,골목상권,3110709,구로119안전센터,185,108,77,0,19,22,56,51,37,0,14,13,36,29,16,0,5,9,20,22,21
20201,A,골목상권,3110716,구로나눔길,666,398,268,1,132,256,164,77,36,0,39,154,115,60,30,1,93,102,49,17,6
20201,D,발달상권,3120125,구로역,9531,6476,3055,29,1115,2177,2439,2305,1466,14,646,1505,1615,1580,1116,15,469,672,824,725,350
20201,A,골목상권,3110693,오류동역 4번,17,9,8,0,1,3,5,4,4,0,1,3,2,2,1,0,0,0,3,2,3
20201,A,골목상권,3110741,독산2동주민센터,444,159,285,0,69,117,96,108,54,0,43,35,26,33,22,0,26,82,70,75,32
20201,A,골목상권,3110789,대림성모병원,491,182,309,0,104,137,115,93,42,0,16,44,49,43,30,0,88,93,66,50,12
20201,A,골목상권,3110769,대림차이나타운(대림역 12번),42,12,30,0,6,8,12,10,6,0,0,3,4,3,2,0,6,5,8,7,4
20201,R,전통시장,3130244,대림중앙시장,94,39,55,3,15,16,21,16,23,2,10,8,10,5,4,1,5,8,11,11,19
20201,A,골목상권,3110772,신우어린이공원,94,55,39,0,9,15,22,26,22,0,5,8,12,19,11,0,4,7,10,7,11
20201,A,골목상권,3110785,영등포푸르지오아파트,161,84,77,2,13,17,39,44,46,2,8,12,24,14,24,0,5,5,15,30,22
20201,A,골목상권,3110761,문래동남성맨션,180,106,74,0,13,43,45,41,38,0,8,17,26,25,30,0,5,26,19,16,8
20201,R,전통시장,3130245,영일시장,675,567,108,1,61,189,238,136,50,0,41,148,217,115,46,1,20,41,21,21,4
20201,A,골목상권,3110758,문래소공원,296,221,75,1,44,77,70,67,37,0,32,60,46,52,31,1,12,17,24,15,6
20201,A,골목상권,3110815,공군호텔,2250,791,1459,4,426,519,477,509,315,0,88,197,168,172,166,4,338,322,309,337,149
20201,A,골목상권,3110787,신길3동주민센터,171,122,49,0,19,35,47,42,28,0,8,25,36,31,22,0,11,10,11,11,6
20201,A,골목상권,3110780,신길대성유니드아파트,223,171,52,0,22,42,71,56,32,0,18,34,51,41,27,0,4,8,20,15,5
20201,A,골목상권,3110804,신풍역 1번,312,187,125,0,15,37,62,63,135,0,4,15,29,35,104,0,11,22,33,28,31
20201,D,발달상권,3120150,63빌딩,8614,5431,3183,45,1167,2157,2997,1883,365,18,610,1437,1563,1568,235,27,557,720,1434,315,130
20201,D,발달상권,3120144,영중로,2017,1073,944,1,254,395,508,598,261,1,142,276,289,230,135,0,112,119,219,368,126
20201,A,골목상권,3110808,신길역 1번,67,48,19,0,3,22,21,13,8,0,3,15,14,9,7,0,0,7,7,4,1
20201,A,골목상권,3110832,노량진초등학교,491,269,222,0,54,105,122,153,57,0,24,64,85,70,26,0,30,41,37,83,31
20201,R,전통시장,3130266,만양로상점가,2,1,1,0,0,0,2,0,0,0,0,0,1,0,0,0,0,0,1,0,0
20201,A,골목상권,3110822,신대방삼거리역 4번(대림초등학교),313,131,182,0,57,71,68,76,41,0,13,28,34,35,21,0,44,43,34,41,20
20201,A,골목상권,3110850,사당역 10번,969,487,482,4,217,207,185,162,194,1,54,88,92,95,157,3,163,119,93,67,37
20201,R,전통시장,3130273,남성사계시장(남성시장),141,63,78,0,21,36,45,22,17,0,3,19,20,8,13,0,18,17,25,14,4
20201,R,전통시장,3130260,신대방1동골목상권,70,31,39,0,8,22,15,15,10,0,0,7,7,10,7,0,8,15,8,5,3
20201,R,전통시장,3130281,우림시장,1,0,1,0,0,0,1,0,0,0,0,0,0,0,0,0,0,0,1,0,0
20201,A,골목상권,3110859,난향초등학교,182,113,69,0,11,32,42,52,45,0,0,21,27,30,35,0,11,11,15,22,10
20201,A,골목상권,3110886,관악해태어린이공원,184,103,81,1,38,50,41,34,20,1,18,28,21,23,12,0,20,22,20,11,8
20201,A,골목상권,3110880,신림역 1번,995,275,720,0,379,296,157,128,35,0,78,87,66,33,11,0,301,209,91,95,24
20201,A,골목상권,3110888,청룡동주민센터,94,53,41,0,5,9,11,22,47,0,3,2,4,6,38,0,2,7,7,16,9
20201,A,골목상권,3110896,관악우성아파트,202,49,153,0,41,37,44,47,33,0,5,7,11,13,13,0,36,30,33,34,20
20201,A,골목상권,3110948,헌인가구단지,57,27,30,0,5,24,14,11,3,0,4,12,6,2,3,0,1,12,8,9,0
20201,D,발달상권,3120165,서래마을카페거리(서래마을),3467,2266,1201,11,605,1119,949,516,267,3,277,716,707,369,194,8,328,403,242,147,73
20201,A,골목상권,3110921,서울프랑스학교,506,312,194,7,63,70,115,134,117,2,30,43,80,86,71,5,33,27,35,48,46
20201,A,골목상권,3110907,방배초등학교,775,476,299,8,119,165,211,143,129,5,54,100,118,95,104,3,65,65,93,48,25
20201,A,골목상권,3110912,방배동사이길,210,128,82,3,33,45,53,42,34,2,16,27,39,21,23,1,17,18,14,21,11
20201,A,골목상권,3110933,한국상담대학원대학교,679,60,619,0,344,156,86,63,30,0,10,15,15,5,15,0,334,141,71,58,15
20201,D,발달상권,3120172,교대입구교차로,10241,5712,4529,53,2062,2700,2445,1945,1036,33,854,1635,1489,1004,697,20,1208,1065,956,941,339
20201,A,골목상권,3110935,한전아트센터,379,264,115,2,53,108,105,72,39,2,33,82,75,46,26,0,20,26,30,26,13
20201,D,발달상권,3120192,뱅뱅사거리,27363,18865,8498,72,5748,8234,6678,4352,2279,37,3275,5587,5090,3174,1702,35,2473,2647,1588,1178,577
20201,D,발달상권,3120180,양재화물트럭터미널앞,2562,2146,416,13,637,812,554,409,137,10,466,711,481,363,115,3,171,101,73,46,22
20201,A,골목상권,3110984,포이초등학교(개포목련어린이공원),1556,1046,510,2,236,342,331,306,339,0,140,241,211,199,255,2,96,101,120,107,84
20201,D,발달상권,3120190,강남을지병원,11725,6199,5526,44,3417,3232,2506,1512,1014,14,1228,1650,1567,988,752,30,2189,1582,939,524,262
20201,D,발달상권,3120196,서울세관,9664,5880,3784,15,1699,2887,2578,1611,874,2,596,1519,1718,1320,725,13,1103,1368,860,291,149
20201,D,발달상권,3120200,학동사거리,9363,3808,5555,26,2868,3075,1848,1005,541,9,654,1122,937,687,399,17,2214,1953,911,318,142
20201,D,발달상권,3120223,휘문고교사거리,9166,5574,3592,20,1785,2926,2736,1401,298,4,1102,2061,1597,609,201,16,683,865,1139,792,97
20201,A,골목상권,3110975,매봉역 1번,10837,6932,3905,34,2175,2199,3202,3019,208,21,1010,1161,2184,2402,154,13,1165,1038,1018,617,54
20201,A,골목상권,3110978,도곡2동주민센터(대치중학교),331,186,145,0,46,70,72,114,29,0,20,41,47,62,16,0,26,29,25,52,13
20201,A,골목상권,3110974,언주중학교,278,168,110,3,58,66,85,43,23,3,25,39,59,27,15,0,33,27,26,16,8
20201,D,발달상권,3120188,압구정역,8579,3750,4829,134,2204,2146,1550,1314,1231,47,698,969,897,556,583,87,1506,1177,653,758,648
20201,D,발달상권,3120202,압구정로데오역(압구정로데오),11735,6075,5660,41,2963,4419,2469,1425,418,11,793,2184,1593,1195,299,30,2170,2235,876,230,119
20201,A,골목상권,3110971,선정릉역 4번,1542,900,642,11,278,455,380,254,164,6,140,270,245,120,119,5,138,185,135,134,45
20201,D,발달상권,3120239,오금역,4595,2925,1670,17,840,1205,1156,897,480,11,447,798,824,483,362,6,393,407,332,414,118
20201,D,발달상권,3120241,거여역,1197,650,547,5,110,221,296,277,288,2,80,152,161,83,172,3,30,69,135,194,116
20201,A,골목상권,3111026,문정역 2번,2257,1479,778,7,430,626,537,409,248,3,235,420,381,229,211,4,195,206,156,180,37
20201,A,골목상권,3111017,송파나루역 3번,272,183,89,0,40,62,62,63,45,0,14,42,42,45,40,0,26,20,20,18,5
20201,A,골목상권,3111010,석촌역 7번,1512,1031,481,3,181,309,376,339,304,1,98,190,261,234,247,2,83,119,115,105,57
20201,A,골목상권,3111040,거여초등학교,346,137,209,0,26,86,124,77,33,0,9,27,48,30,23,0,17,59,76,47,10
20201,A,골목상권,3111034,오동나무공원(송파레미니스1단지),1465,1038,427,3,253,373,355,322,159,3,163,257,267,226,122,0,90,116,88,96,37
20201,A,골목상권,3111030,방이역 2번,665,419,246,1,57,107,147,217,136,0,28,68,94,128,101,1,29,39,53,89,35
20201,D,발달상권,3120225,잠실새내역(신천),5597,3589,2008,25,909,1191,1223,1162,1087,3,464,712,794,811,805,22,445,479,429,351,282
20201,A,골목상권,3111085,묘곡초등학교(고덕아이파크아파트),800,452,348,0,68,111,152,196,273,0,35,72,80,84,181,0,33,39,72,112,92
20201,A,골목상권,3111077,길동주민센터(강동도서관),1272,737,535,4,121,258,294,321,274,1,49,138,167,188,194,3,72,120,127,133,80
20201,R,전통시장,3130324,길동복조리시장,154,85,69,3,27,32,47,40,5,2,13,18,31,19,2,1,14,14,16,21,3
20201,D,발달상권,3120245,둔촌역,1884,1135,749,7,312,460,446,371,288,6,169,309,271,195,185,1,143,151,175,176,103
20201,A,골목상권,3111076,둔촌2동주민센터,297,174,123,0,25,49,61,86,76,0,14,24,34,39,63,0,11,25,27,47,13
20201,A,골목상권,3111080,굽은다리역 3번,434,235,199,0,44,77,100,110,103,0,12,52,63,58,50,0,32,25,37,52,53
20201,R,전통시장,3130320,암사종합시장,173,97,76,1,16,29,50,31,46,1,5,12,31,19,29,0,11,17,19,12,17
20201,R,전통시장,3130002,세종마을음식문화거리(금천교시장),564,392,172,4,56,109,120,121,154,0,26,74,75,90,127,4,30,35,45,31,27
20201,A,골목상권,3110037,신설동역 12번,208,124,84,0,16,46,51,61,34,0,6,20,32,41,25,0,10,26,19,20,9
20201,D,발달상권,3120014,종로5가역,4887,2839,2048,375,1123,1351,1205,597,236,112,456,860,851,397,163,263,667,491,354,200,73
20201,A,골목상권,3110029,동대문역 1번,247,68,179,0,11,34,64,82,56,0,1,8,25,21,13,0,10,26,39,61,43
20201,A,골목상권,3110021,성균관대학교,395,301,94,2,16,44,110,145,78,2,7,29,89,124,50,0,9,15,21,21,28
20201,R,전통시장,3130032,인현시장,167,123,44,0,3,25,47,54,38,0,3,16,35,40,29,0,0,9,12,14,9
20201,A,골목상권,3110056,신당역 3번,514,293,221,0,62,129,118,115,90,0,31,63,69,72,58,0,31,66,49,43,32
20201,D,발달상권,3120027,명동역(명동재미로),18097,8477,9620,67,2695,5851,6070,3074,340,9,859,2588,2522,2321,178,58,1836,3263,3548,753,162
20201,R,전통시장,3130054,황학동주방가구거리상점가,374,266,108,0,25,80,116,106,47,0,18,60,77,74,37,0,7,20,39,32,10
20201,A,골목상권,3110050,약수역 7번,306,229,77,0,34,81,75,74,42,0,21,59,60,56,33,0,13,22,15,18,9
20201,A,골목상권,3110042,남산골공원옆,683,424,259,3,91,156,195,166,72,0,37,89,131,121,46,3,54,67,64,45,26
20201,A,골목상권,3110088,오산고등학교,101,51,50,0,22,20,19,15,25,0,9,9,8,8,17,0,13,11,11,7,8
20201,A,골목상권,3110090,한국폴리텍대학서울정수캠퍼스,3968,2447,1521,1,446,1358,1632,500,31,1,173,548,1231,467,27,0,273,810,401,33,4
20201,A,골목상권,3110063,효창공원앞역 5번,530,347,183,8,47,104,139,132,100,6,25,71,93,87,65,2,22,33,46,45,35
20201,D,발달상권,3120040,용산전자상가(용산역),8008,5959,2049,43,1387,2728,2220,1237,393,30,880,2009,1728,997,315,13,507,719,492,240,78
20201,A,골목상권,3110058,성심여자고등학교,1189,857,332,10,168,333,362,206,110,3,77,243,278,166,90,7,91,90,84,40,20
20201,A,골목상권,3110087,이태원엔틱가구거리,329,113,216,0,151,130,29,10,9,0,26,52,19,8,8,0,125,78,10,2,1
20201,A,골목상권,3110067,배문고등학교,1547,895,652,1,215,370,383,320,258,0,84,173,199,225,214,1,131,197,184,95,44
20201,D,발달상권,3120047,한남오거리,2290,1458,832,11,366,751,623,343,196,9,152,461,438,249,149,2,214,290,185,94,47
20201,A,골목상권,3110098,서울독일학교,242,91,151,0,57,85,68,23,9,0,15,22,34,15,5,0,42,63,34,8,4
20201,A,골목상권,3110096,한남힐사이드아파트,502,337,165,3,155,183,85,47,29,3,89,132,63,26,24,0,66,51,22,21,5
20201,D,발달상권,3120048,금호역,76,28,48,0,16,10,18,21,11,0,2,2,6,11,7,0,14,8,12,10,4
20201,R,전통시장,3130063,신금호역 골목형상점가,30,21,9,0,2,4,5,9,10,0,1,3,4,7,6,0,1,1,1,2,4
20201,A,골목상권,3110119,마장지하차도,127,89,38,0,17,26,32,26,26,0,12,22,19,18,18,0,5,4,13,8,8
20201,A,골목상권,3110131,성수동카페거리,4798,3110,1688,15,902,1536,1123,699,523,9,460,993,777,497,374,6,442,543,346,202,149
20201,A,골목상권,3110134,성수119안전센터,771,587,184,4,65,108,185,252,157,4,38,78,143,200,124,0,27,30,42,52,33
20201,A,골목상권,3110136,경수초등학교,4745,2743,2002,43,1169,1097,978,875,583,32,439,633,615,593,431,11,730,464,363,282,152
20201,A,골목상권,3110100,옥수동우편취급국,37,26,11,0,5,17,8,5,2,0,0,14,6,4,2,0,5,3,2,1,0
20201,A,골목상권,3110118,왕십리역 9번,697,487,210,1,90,182,204,129,91,0,62,110,144,93,78,1,28,72,60,36,13
20201,D,발달상권,3120061,올림픽대교북단,1094,864,230,1,228,403,324,95,43,0,165,326,290,55,28,1,63,77,34,40,15
20201,D,발달상권,3120056,구의역,1879,884,995,6,322,352,510,413,276,6,105,129,223,246,175,0,217,223,287,167,101
20201,D,발달상권,3120059,구삼강변맛길,3277,1779,1498,6,431,676,553,747,864,4,244,472,365,322,372,2,187,204,188,425,492
20201,A,골목상권,3110149,세종대학교,122,72,50,0,15,21,31,23,32,0,8,13,19,7,25,0,7,8,12,16,7
20201,A,골목상권,3110155,광진구청,8356,7701,655,0,240,853,2408,4046,809,0,172,765,2256,3748,760,0,68,88,152,298,49
20201,A,골목상권,3110139,자양4동주민센터,204,116,88,0,13,28,53,51,59,0,3,14,32,25,42,0,10,14,21,26,17
20201,R,전통시장,3130077,조양시장,31,19,12,0,11,7,8,5,0,0,6,5,4,4,0,0,5,2,4,1,0
20201,A,골목상권,3110167,용마초등학교,380,223,157,2,22,56,99,112,89,0,9,20,52,64,78,2,13,36,47,48,11
20201,A,골목상권,3110176,해오름공원,791,439,352,1,84,212,229,173,92,1,32,119,126,91,70,0,52,93,103,82,22
20201,A,골목상권,3110204,간데메공원,411,268,143,3,83,97,82,89,57,3,57,64,46,58,40,0,26,33,36,31,17
20201,A,골목상권,3110226,장안1동주민센터,1882,1005,877,2,147,247,333,512,641,2,87,148,213,253,302,0,60,99,120,259,339
20201,A,골목상권,3110211,전곡마을마당공원,626,445,181,1,66,101,170,194,94,0,45,73,129,143,55,1,21,28,41,51,39
20201,A,골목상권,3110207,시립대앞사거리,33,21,12,0,4,10,6,5,8,0,2,8,3,3,5,0,2,2,3,2,3
20201,R,전통시장,3130086,서울약령시장,1184,651,533,4,113,208,305,341,213,0,56,128,165,181,121,4,57,80,140,160,92
20201,R,전통시장,3130087,경동광성상가(경동시장),28,20,8,0,5,3,8,7,5,0,3,2,6,5,4,0,2,1,2,2,1
20201,A,골목상권,3110198,동대문중앙새마을금고본점,67,26,41,0,1,0,18,37,11,0,0,0,8,10,8,0,1,0,10,27,3
20201,A,골목상권,3110200,동대문경찰서,74,50,24,0,1,6,21,13,33,0,0,1,11,6,32,0,1,5,10,7,1
20201,R,전통시장,3130115,우림골목시장,307,106,201,2,80,61,68,64,32,0,29,11,30,20,16,2,51,50,38,44,16
20201,A,골목상권,3110256,면목2동체육관,477,321,156,2,56,66,82,140,131,1,21,35,45,109,110,1,35,31,37,31,21
20201,A,골목상권,3110266,면목동우체국,225,182,43,0,10,31,38,79,67,0,1,19,30,69,63,0,9,12,8,10,4
20201,A,골목상권,3110236,신묵초등학교,1015,836,179,0,185,302,228,255,45,0,135,246,194,228,33,0,50,56,34,27,12
20201,A,골목상권,3110267,망우역 2번,139,49,90,1,15,28,50,28,17,1,2,10,19,13,4,0,13,18,31,15,13
20201,A,골목상권,3110234,중랑역 4번,96,41,55,0,15,16,23,25,17,0,2,5,10,14,10,0,13,11,13,11,7
20201,R,전통시장,3130121,길음시장,88,19,69,0,36,24,10,8,10,0,2,5,3,2,7,0,34,19,7,6,3
20201,A,골목상권,3110321,동덕여대,58,14,44,0,0,4,13,18,23,0,0,4,4,4,2,0,0,0,9,14,21
20201,A,골목상권,3110324,월곡역 4번,99,55,44,0,31,21,19,18,10,0,9,10,13,14,9,0,22,11,6,4,1
20201,A,골목상권,3110298,솔숲어린이공원,77,28,49,0,18,11,24,12,12,0,3,5,7,5,8,0,15,6,17,7,4
20201,A,골목상권,3110314,종암경찰서,949,699,250,1,127,271,223,286,41,0,72,206,162,231,28,1,55,65,61,55,13
20201,A,골목상권,3110365,미아역 5번,341,83,258,0,17,21,44,63,196,0,5,12,15,17,34,0,12,9,29,46,162
20201,A,골목상권,3110368,송천초등학교,199,178,21,0,9,16,39,71,64,0,5,11,34,66,62,0,4,5,5,5,2
20201,A,골목상권,3110352,수유1동주민센터,275,112,163,0,23,49,101,79,23,0,11,22,37,29,13,0,12,27,64,50,10
20201,A,골목상권,3110349,화계역 2번,83,67,16,0,6,4,21,33,19,0,5,3,12,28,19,0,1,1,9,5,0
20201,A,골목상권,3110367,강북구청,1943,976,967,5,195,512,483,522,226,4,64,205,237,340,126,1,131,307,246,182,100
20201,A,골목상권,3110339,국립4.19민주묘지,11,6,5,0,2,2,5,0,2,0,0,2,3,0,1,0,2,0,2,0,1
20201,A,골목상권,3110346,4.19민주묘지역 2번,96,48,48,0,12,13,19,19,33,0,3,7,8,7,23,0,9,6,11,12,10
20201,A,골목상권,3110395,신한은행 방학동지점,163,42,121,0,17,20,44,42,40,0,0,2,11,9,20,0,17,18,33,33,20
20201,A,골목상권,3110403,방학1동주민센터,316,167,149,1,44,56,63,78,74,1,30,37,36,36,27,0,14,19,27,42,47
20201,A,골목상권,3110393,국민은행방학지점,49,13,36,0,2,10,17,15,5,0,0,0,4,6,3,0,2,10,13,9,2
20201,A,골목상권,3110398,쌍문2동우체국,474,326,148,0,30,65,96,153,130,0,11,27,50,124,114,0,19,38,46,29,16
20201,R,전통시장,3130150,창동골목시장,84,47,37,0,19,30,14,8,13,0,7,20,9,5,6,0,12,10,5,3,7
20201,A,골목상권,3110401,도봉구민회관,243,65,178,0,29,32,38,87,57,0,4,14,14,22,11,0,25,18,24,65,46
20201,D,발달상권,3120084,공릉역,712,546,166,3,33,59,110,240,267,1,11,22,63,205,244,2,22,37,47,35,23
20201,A,골목상권,3110419,수락산디자인거리,695,462,233,5,94,131,159,180,126,5,49,76,108,130,94,0,45,55,51,50,32
20201,A,골목상권,3110425,계상초등학교,136,59,77,2,18,12,36,40,28,2,5,7,19,15,11,0,13,5,17,25,17
20201,A,골목상권,3110421,석계역 1번,249,109,140,0,22,37,78,65,47,0,8,16,31,26,28,0,14,21,47,39,19
20201,R,전통시장,3130167,연신내상점가(연빛거리),632,234,398,1,143,140,156,118,74,1,30,48,57,51,47,0,113,92,99,67,27
20201,D,발달상권,3120088,구산역,799,279,520,2,86,117,175,272,147,2,30,65,68,59,55,0,56,52,107,213,92
20201,A,골목상권,3110473,구산역 1번,436,241,195,0,34,59,113,107,123,0,24,27,53,49,88,0,10,32,60,58,35
20201,A,골목상권,3110487,불광역 8번,63,35,28,0,11,22,15,8,7,0,6,11,7,8,3,0,5,11,8,0,4
20201,A,골목상권,3110480,연신내역 3번,161,51,110,0,16,35,52,35,23,0,3,9,17,12,10,0,13,26,35,23,13
20201,A,골목상권,3110474,세명컴퓨터고등학교,119,55,64,0,7,33,28,23,28,0,2,14,11,8,20,0,5,19,17,15,8
20201,A,골목상권,3110482,연신초등학교,11,7,4,0,0,0,4,6,1,0,0,0,3,3,1,0,0,0,1,3,0
20201,A,골목상권,3110455,역촌노인복지관,690,369,321,2,73,120,187,203,105,0,37,64,89,109,70,2,36,56,98,94,35
20201,A,골목상권,3110470,신진과학기술고등학교,93,65,28,0,7,17,34,25,10,0,5,10,26,19,5,0,2,7,8,6,5
20201,A,골목상권,3110475,백련산해모로아파트,245,127,118,1,23,44,76,70,31,1,10,24,44,29,19,0,13,20,32,41,12
20201,D,발달상권,3120089,구파발역,5,1,4,0,0,0,1,2,2,0,0,0,0,1,0,0,0,0,1,1,2
20201,R,전통시장,3130173,백련시장,5,3,2,0,0,1,0,2,2,0,0,1,0,0,2,0,0,0,0,2,0
20201,D,발달상권,3120096,"이화여대(이대역, 이대)",493,210,283,1,81,137,130,86,58,0,27,52,48,43,40,1,54,85,82,43,18
20201,A,골목상권,3110532,아현역 2번,328,204,124,0,52,33,46,78,119,0,17,13,22,57,95,0,35,20,24,21,24
20201,R,전통시장,3130178,이대 앞 스타트업 상점가,30,6,24,0,5,5,8,6,6,0,1,0,3,0,2,0,4,5,5,6,4
20201,A,골목상권,3110517,서대문소방서,884,634,250,8,197,216,203,177,83,5,99,170,163,146,51,3,98,46,40,31,32
20201,A,골목상권,3110512,연희지하차도,335,165,170,0,40,62,102,99,32,0,14,38,44,49,20,0,26,24,58,50,12
20201,A,골목상권,3110536,돈의문센트레빌아파트입구,141,105,36,0,12,23,61,32,13,0,7,17,50,21,10,0,5,6,11,11,3
20201,A,골목상권,3110534,경기대학교,157,88,69,0,10,29,28,42,48,0,7,20,14,19,28,0,3,9,14,23,20
20201,A,골목상권,3110516,정원여중,227,101,126,0,35,40,62,65,25,0,17,18,27,23,16,0,18,22,35,42,9
20201,A,골목상권,3110527,홍제역 2번,185,89,96,1,36,40,36,40,32,1,11,26,15,21,15,0,25,14,21,19,17
20201,A,골목상권,3110572,서강대역 1번,470,254,216,1,63,130,117,116,43,1,32,67,58,66,30,0,31,63,59,50,13
20201,A,골목상권,3110575,대흥동주민센터,208,157,51,2,25,48,36,49,48,2,11,35,25,41,43,0,14,13,11,8,5
20202,D,발달상권,3120047,한남오거리,2290,1458,832,11,366,751,623,343,196,9,152,461,438,249,149,2,214,290,185,94,47
20202,A,골목상권,3110098,서울독일학교,242,91,151,0,57,85,68,23,9,0,15,22,34,15,5,0,42,63,34,8,4
20202,A,골목상권,3110096,한남힐사이드아파트,502,337,165,3,155,183,85,47,29,3,89,132,63,26,24,0,66,51,22,21,5
20202,D,발달상권,3120048,금호역,76,28,48,0,16,10,18,21,11,0,2,2,6,11,7,0,14,8,12,10,4
20202,R,전통시장,3130063,신금호역 골목형상점가,30,21,9,0,2,4,5,9,10,0,1,3,4,7,6,0,1,1,1,2,4
20202,A,골목상권,3110119,마장지하차도,127,89,38,0,17,26,32,26,26,0,12,22,19,18,18,0,5,4,13,8,8
20202,A,골목상권,3110131,성수동카페거리,4798,3110,1688,15,902,1536,1123,699,523,9,460,993,777,497,374,6,442,543,346,202,149
20202,A,골목상권,3110134,성수119안전센터,771,587,184,4,65,108,185,252,157,4,38,78,143,200,124,0,27,30,42,52,33
20202,A,골목상권,3110136,경수초등학교,4745,2743,2002,43,1169,1097,978,875,583,32,439,633,615,593,431,11,730,464,363,282,152
20202,A,골목상권,3110100,옥수동우편취급국,37,26,11,0,5,17,8,5,2,0,0,14,6,4,2,0,5,3,2,1,0
20202,A,골목상권,3110118,왕십리역 9번,697,487,210,1,90,182,204,129,91,0,62,110,144,93,78,1,28,72,60,36,13
20202,D,발달상권,3120061,올림픽대교북단,1094,864,230,1,228,403,324,95,43,0,165,326,290,55,28,1,63,77,34,40,15
20202,D,발달상권,3120056,구의역,1879,884,995,6,322,352,510,413,276,6,105,129,223,246,175,0,217,223,287,167,101
20202,D,발달상권,3120059,구삼강변맛길,3277,1779,1498,6,431,676,553,747,864,4,244,472,365,322,372,2,187,204,188,425,492
20202,A,골목상권,3110149,세종대학교,122,72,50,0,15,21,31,23,32,0,8,13,19,7,25,0,7,8,12,16,7
20202,A,골목상권,3110155,광진구청,8356,7701,655,0,240,853,2408,4046,809,0,172,765,2256,3748,760,0,68,88,152,298,49
20202,A,골목상권,3110139,자양4동주민센터,204,116,88,0,13,28,53,51,59,0,3,14,32,25,42,0,10,14,21,26,17
20202,R,전통시장,3130077,조양시장,31,19,12,0,11,7,8,5,0,0,6,5,4,4,0,0,5,2,4,1,0
20202,A,골목상권,3110167,용마초등학교,380,223,157,2,22,56,99,112,89,0,9,20,52,64,78,2,13,36,47,48,11
20202,A,골목상권,3110176,해오름공원,791,439,352,1,84,212,229,173,92,1,32,119,126,91,70,0,52,93,103,82,22
20202,A,골목상권,3110204,간데메공원,411,268,143,3,83,97,82,89,57,3,57,64,46,58,40,0,26,33,36,31,17
20202,A,골목상권,3110226,장안1동주민센터,1882,1005,877,2,147,247,333,512,641,2,87,148,213,253,302,0,60,99,120,259,339
20202,A,골목상권,3110211,전곡마을마당공원,626,445,181,1,66,101,170,194,94,0,45,73,129,143,55,1,21,28,41,51,39
20202,A,골목상권,3110207,시립대앞사거리,33,21,12,0,4,10,6,5,8,0,2,8,3,3,5,0,2,2,3,2,3
20202,R,전통시장,3130086,서울약령시장,1184,651,533,4,113,208,305,341,213,0,56,128,165,181,121,4,57,80,140,160,92
20202,R,전통시장,3130087,경동광성상가(경동시장),28,20,8,0,5,3,8,7,5,0,3,2,6,5,4,0,2,1,2,2,1
20202,A,골목상권,3110198,동대문중앙새마을금고본점,67,26,41,0,1,0,18,37,11,0,0,0,8,10,8,0,1,0,10,27,3
20202,A,골목상권,3110200,동대문경찰서,74,50,24,0,1,6,21,13,33,0,0,1,11,6,32,0,1,5,10,7,1
20202,R,전통시장,3130115,우림골목시장,307,106,201,2,80,61,68,64,32,0,29,11,30,20,16,2,51,50,38,44,16
20202,A,골목상권,3110256,면목2동체육관,477,321,156,2,56,66,82,140,131,1,21,35,45,109,110,1,35,31,37,31,21
20202,A,골목상권,3110266,면목동우체국,225,182,43,0,10,31,38,79,67,0,1,19,30,69,63,0,9,12,8,10,4
20202,A,골목상권,3110236,신묵초등학교,1015,836,179,0,185,302,228,255,45,0,135,246,194,228,33,0,50,56,34,27,12
20202,A,골목상권,3110267,망우역 2번,139,49,90,1,15,28,50,28,17,1,2,10,19,13,4,0,13,18,31,15,13
20202,A,골목상권,3110234,중랑역 4번,96,41,55,0,15,16,23,25,17,0,2,5,10,14,10,0,13,11,13,11,7
20202,R,전통시장,3130121,길음시장,88,19,69,0,36,24,10,8,10,0,2,5,3,2,7,0,34,19,7,6,3
20202,A,골목상권,3110321,동덕여대,58,14,44,0,0,4,13,18,23,0,0,4,4,4,2,0,0,0,9,14,21
20202,A,골목상권,3110324,월곡역 4번,99,55,44,0,31,21,19,18,10,0,9,10,13,14,9,0,22,11,6,4,1
20202,A,골목상권,3110298,솔숲어린이공원,77,28,49,0,18,11,24,12,12,0,3,5,7,5,8,0,15,6,17,7,4
20202,A,골목상권,3110314,종암경찰서,949,699,250,1,127,271,223,286,41,0,72,206,162,231,28,1,55,65,61,55,13
20202,A,골목상권,3110365,미아역 5번,341,83,258,0,17,21,44,63,196,0,5,12,15,17,34,0,12,9,29,46,162
20202,A,골목상권,3110368,송천초등학교,199,178,21,0,9,16,39,71,64,0,5,11,34,66,62,0,4,5,5,5,2
20202,A,골목상권,3110352,수유1동주민센터,275,112,163,0,23,49,101,79,23,0,11,22,37,29,13,0,12,27,64,50,10
20202,A,골목상권,3110349,화계역 2번,83,67,16,0,6,4,21,33,19,0,5,3,12,28,19,0,1,1,9,5,0
20202,A,골목상권,3110367,강북구청,1943,976,967,5,195,512,483,522,226,4,64,205,237,340,126,1,131,307,246,182,100
20202,A,골목상권,3110339,국립4.19민주묘지,11,6,5,0,2,2,5,0,2,0,0,2,3,0,1,0,2,0,2,0,1
20202,A,골목상권,3110346,4.19민주묘지역 2번,96,48,48,0,12,13,19,19,33,0,3,7,8,7,23,0,9,6,11,12,10
20202,A,골목상권,3110395,신한은행 방학동지점,163,42,121,0,17,20,44,42,40,0,0,2,11,9,20,0,17,18,33,33,20
20202,A,골목상권,3110403,방학1동주민센터,316,167,149,1,44,56,63,78,74,1,30,37,36,36,27,0,14,19,27,42,47
20202,A,골목상권,3110393,국민은행방학지점,49,13,36,0,2,10,17,15,5,0,0,0,4,6,3,0,2,10,13,9,2
20202,A,골목상권,3110398,쌍문2동우체국,474,326,148,0,30,65,96,153,130,0,11,27,50,124,114,0,19,38,46,29,16
20202,R,전통시장,3130150,창동골목시장,84,47,37,0,19,30,14,8,13,0,7,20,9,5,6,0,12,10,5,3,7
20202,A,골목상권,3110401,도봉구민회관,243,65,178,0,29,32,38,87,57,0,4,14,14,22,11,0,25,18,24,65,46
20202,D,발달상권,3120084,공릉역,712,546,166,3,33,59,110,240,267,1,11,22,63,205,244,2,22,37,47,35,23
20202,A,골목상권,3110419,수락산디자인거리,695,462,233,5,94,131,159,180,126,5,49,76,108,130,94,0,45,55,51,50,32
20202,A,골목상권,3110425,계상초등학교,136,59,77,2,18,12,36,40,28,2,5,7,19,15,11,0,13,5,17,25,17
20202,A,골목상권,3110421,석계역 1번,249,109,140,0,22,37,78,65,47,0,8,16,31,26,28,0,14,21,47,39,19
20202,R,전통시장,3130167,연신내상점가(연빛거리),632,234,398,1,143,140,156,118,74,1,30,48,57,51,47,0,113,92,99,67,27
20202,D,발달상권,3120088,구산역,799,279,520,2,86,117,175,272,147,2,30,65,68,59,55,0,56,52,107,213,92
20202,A,골목상권,3110473,구산역 1번,436,241,195,0,34,59,113,107,123,0,24,27,53,49,88,0,10,32,60,58,35
20202,A,골목상권,3110487,불광역 8번,63,35,28,0,11,22,15,8,7,0,6,11,7,8,3,0,5,11,8,0,4
20202,A,골목상권,3110480,연신내역 3번,161,51,110,0,16,35,52,35,23,0,3,9,17,12,10,0,13,26,35,23,13
20202,A,골목상권,3110474,세명컴퓨터고등학교,119,55,64,0,7,33,28,23,28,0,2,14,11,8,20,0,5,19,17,15,8
20202,A,골목상권,3110482,연신초등학교,11,7,4,0,0,0,4,6,1,0,0,0,3,3,1,0,0,0,1,3,0
20202,A,골목상권,3110455,역촌노인복지관,690,369,321,2,73,120,187,203,105,0,37,64,89,109,70,2,36,56,98,94,35
20202,A,골목상권,3110470,신진과학기술고등학교,93,65,28,0,7,17,34,25,10,0,5,10,26,19,5,0,2,7,8,6,5
20202,A,골목상권,3110475,백련산해모로아파트,245,127,118,1,23,44,76,70,31,1,10,24,44,29,19,0,13,20,32,41,12
20202,D,발달상권,3120089,구파발역,5,1,4,0,0,0,1,2,2,0,0,0,0,1,0,0,0,0,1,1,2
20202,R,전통시장,3130173,백련시장,5,3,2,0,0,1,0,2,2,0,0,1,0,0,2,0,0,0,0,2,0
20202,D,발달상권,3120096,"이화여대(이대역, 이대)",493,210,283,1,81,137,130,86,58,0,27,52,48,43,40,1,54,85,82,43,18
20202,A,골목상권,3110532,아현역 2번,328,204,124,0,52,33,46,78,119,0,17,13,22,57,95,0,35,20,24,21,24
20202,R,전통시장,3130178,이대 앞 스타트업 상점가,30,6,24,0,5,5,8,6,6,0,1,0,3,0,2,0,4,5,5,6,4
20202,A,골목상권,3110517,서대문소방서,884,634,250,8,197,216,203,177,83,5,99,170,163,146,51,3,98,46,40,31,32
20202,A,골목상권,3110512,연희지하차도,335,165,170,0,40,62,102,99,32,0,14,38,44,49,20,0,26,24,58,50,12
20202,A,골목상권,3110536,돈의문센트레빌아파트입구,141,105,36,0,12,23,61,32,13,0,7,17,50,21,10,0,5,6,11,11,3
20202,A,골목상권,3110534,경기대학교,157,88,69,0,10,29,28,42,48,0,7,20,14,19,28,0,3,9,14,23,20
20202,A,골목상권,3110516,정원여중,227,101,126,0,35,40,62,65,25,0,17,18,27,23,16,0,18,22,35,42,9
20202,A,골목상권,3110527,홍제역 2번,185,89,96,1,36,40,36,40,32,1,11,26,15,21,15,0,25,14,21,19,17
20202,A,골목상권,3110572,서강대역 1번,470,254,216,1,63,130,117,116,43,1,32,67,58,66,30,0,31,63,59,50,13
20202,A,골목상권,3110575,대흥동주민센터,208,157,51,2,25,48,36,49,48,2,11,35,25,41,43,0,14,13,11,8,5
20202,D,발달상권,3120100,망원역,846,397,449,4,199,227,191,137,88,2,52,99,101,94,49,2,147,128,90,43,39
20202,R,전통시장,3130185,망원월드컵시장,190,123,67,1,26,69,53,25,16,1,14,43,35,16,14,0,12,26,18,9,2
20202,A,골목상권,3110547,KB국민은행 망원동지점,284,168,116,0,13,47,93,76,55,0,4,25,55,45,39,0,9,22,38,31,16
20202,R,전통시장,3130183,상암동상점가,816,607,209,1,89,204,283,187,52,0,49,150,227,143,38,1,40,54,56,44,14
20202,A,골목상권,3110569,홍대땡땡거리,358,153,205,2,62,108,97,53,36,1,18,48,46,19,21,1,44,60,51,34,15
20202,A,골목상권,3110554,망원역 1번,1579,777,802,2,213,371,508,350,135,2,105,188,241,156,85,0,108,183,267,194,50
20202,A,골목상권,3110551,성서초등학교,803,387,416,1,110,164,235,172,121,1,42,90,114,81,59,0,68,74,121,91,62
20202,R,전통시장,3130198,아현시장,203,45,158,1,51,84,52,10,5,0,8,5,26,4,2,1,43,79,26,6,3
20202,A,골목상권,3110550,합정역 8번,1578,740,838,1,240,411,414,333,179,0,84,165,221,171,99,1,156,246,193,162,80
20202,A,골목상권,3110546,양화대교북단,732,436,296,3,189,254,157,76,53,3,81,126,120,62,44,0,108,128,37,14,9
20202,D,발달상권,3120114,목동신시가지,13498,9371,4127,46,2070,3798,3444,2895,1245,29,1126,2619,2554,2204,839,17,944,1179,890,691,406
20202,A,골목상권,3110619,목4동주민센터,311,203,108,1,51,87,89,64,19,1,16,52,58,57,19,0,35,35,31,7,0
20202,A,골목상권,3110607,금빛새마을금고본점,47,29,18,0,1,10,11,14,11,0,1,4,5,10,9,0,0,6,6,4,2
20202,A,골목상권,3110608,신월2동주민센터,875,454,421,1,51,116,229,273,205,1,23,69,117,127,117,0,28,47,112,146,88
20202,A,골목상권,3110647,화곡역 5번,899,461,438,2,117,230,224,230,96,1,44,138,111,116,51,1,73,92,113,114,45
20202,A,골목상권,3110594,신월중학교,357,182,175,0,35,116,89,85,32,0,10,41,50,52,29,0,25,75,39,33,3
20202,R,전통시장,3130205,신곡종합시장(신월6동 골목시장),141,103,38,1,17,36,39,32,16,0,10,27,33,18,15,1,7,9,6,14,1
20202,A,골목상권,3110602,신월시영아파트중문,674,584,90,1,8,23,81,250,311,0,4,14,55,218,293,1,4,9,26,32,18
20202,A,골목상권,3110600,신월7동주민센터,350,263,87,0,32,30,66,101,121,0,17,14,38,79,115,0,15,16,28,22,6
20202,A,골목상권,3110610,계남근린공원,126,85,41,0,5,11,41,44,25,0,3,6,28,35,13,0,2,5,13,9,12
20202,A,골목상권,3110616,양목초등학교,161,103,58,0,3,23,19,40,76,0,2,18,14,32,37,0,1,5,5,8,39
20202,A,골목상권,3110611,신정역 1번,289,192,97,2,34,57,88,74,34,2,20,42,52,46,30,0,14,15,36,28,4
20202,A,골목상권,3110635,공항시장역 3번,1451,391,1060,4,64,82,162,479,660,1,43,58,63,33,193,3,21,24,99,446,467
20202,D,발달상권,3120122,강서구청,2179,1231,948,4,314,461,494,447,459,2,103,228,271,262,365,2,211,233,223,185,94
20202,A,골목상권,3110638,신방화역 2번,372,202,170,3,53,75,88,87,66,3,22,40,44,43,50,0,31,35,44,44,16
20202,A,골목상권,3110650,우장산힐스테이트,143,116,27,0,23,30,51,20,19,0,15,25,42,17,17,0,8,5,9,3,2
20202,A,골목상권,3110702,개봉초등학교,131,93,38,1,15,18,33,34,30,1,10,13,23,24,22,0,5,5,10,10,8
20202,R,전통시장,3130227,고척골목시장상점가(그라운드 고척),33,14,19,0,4,6,10,8,5,0,0,1,5,5,3,0,4,5,5,3,2
20202,A,골목상권,3110699,덕의초등학교,136,79,57,0,14,22,29,43,28,0,7,14,13,24,21,0,7,8,16,19,7
20202,D,발달상권,3120129,구로디지털단지,48873,32033,16840,196,10422,16630,12386,5777,3462,127,5285,11083,8771,3995,2772,69,5137,5547,3615,1782,690
20202,A,골목상권,3110712,남구로역 5번,233,108,125,1,32,36,66,64,34,0,10,17,24,32,25,1,22,19,42,32,9
20202,A,골목상권,3110720,대림역 2번,228,87,141,0,27,50,65,49,37,0,11,14,18,17,27,0,16,36,47,32,10
20202,R,전통시장,3130231,독산동 우시장,611,476,135,2,31,74,126,196,182,0,16,55,97,145,163,2,15,19,29,51,19
20202,A,골목상권,3110745,독산동정훈단지,251,191,60,0,11,20,33,86,101,0,3,12,22,64,90,0,8,8,11,22,11
20202,D,발달상권,3120134,구로전화국,2014,1668,346,0,107,157,172,223,1355,0,44,75,96,153,1300,0,63,82,76,70,55
20202,A,골목상권,3110755,동일여자고등학교,193,51,142,0,10,24,45,70,44,0,3,8,17,11,12,0,7,16,28,59,32
20202,D,발달상권,3120143,당산역,2671,1987,684,9,326,516,558,517,745,2,194,394,403,386,608,7,132,122,155,131,137
20202,A,골목상권,3110778,구로디지털단지역 4번,1596,862,734,0,248,459,484,224,181,0,122,281,192,136,131,0,126,178,292,88,50
20202,A,골목상권,3110771,대림역 11번,955,604,351,0,22,38,128,210,557,0,21,30,73,131,349,0,1,8,55,79,208
20202,D,발달상권,3120139,대림3동사거리,3619,2404,1215,14,423,867,992,727,596,5,220,632,783,462,302,9,203,235,209,265,294
20202,A,골목상권,3110768,도림2동유수지내체육시설,294,155,139,0,20,43,63,73,95,0,7,22,32,41,53,0,13,21,31,32,42
20202,A,골목상권,3110759,문래예술촌(문래창작촌),4221,2168,2053,9,521,838,1001,1281,571,5,266,553,595,462,287,4,255,285,406,819,284
20202,D,발달상권,3120152,신대방삼거리역,578,278,300,1,66,127,150,148,86,1,22,63,80,70,42,0,44,64,70,78,44
20202,A,골목상권,3110818,신대방역 3번,20,9,11,0,1,3,7,7,2,0,1,3,2,1,2,0,0,0,5,6,0
20202,A,골목상권,3110856,미성초등학교,538,295,243,3,58,85,170,150,72,1,28,44,99,71,52,2,30,41,71,79,20
20202,A,골목상권,3110874,원신초등학교(구세군관악영문교회),46,15,31,1,4,19,7,12,3,1,1,3,3,6,1,0,3,16,4,6,2
20202,A,골목상권,3110879,신림현대아파트,17,7,10,0,2,3,5,5,2,0,1,2,2,2,0,0,1,1,3,3,2
20202,A,골목상권,3110885,영락고등학교,339,213,126,0,37,58,94,88,62,0,18,33,61,56,45,0,19,25,33,32,17
20202,D,발달상권,3120157,신림역(신림),637,257,380,1,96,116,146,139,139,0,19,40,82,49,67,1,77,76,64,90,72
20202,A,골목상권,3110858,신대방역 1번,66,33,33,0,5,9,17,7,28,0,0,1,6,2,24,0,5,8,11,5,4
20202,A,골목상권,3110872,신림초등학교,279,196,83,3,54,68,69,54,31,3,36,54,54,42,7,0,18,14,15,12,24
20202,A,골목상권,3110855,신대방역 2번,429,275,154,2,53,111,126,90,47,0,22,81,83,55,34,2,31,30,43,35,13
20202,R,전통시장,3130276,신림중앙시장(조원동 펭귄시장),39,27,12,0,1,2,13,11,12,0,0,2,7,9,9,0,1,0,6,2,3
20202,A,골목상권,3110947,청계산입구역 2번(내곡동주민센터),112,45,67,0,18,17,27,18,32,0,8,9,14,7,7,0,10,8,13,11,25
20202,D,발달상권,3120177,신논현역 1번,694,436,258,1,84,187,202,143,77,0,34,111,130,106,55,1,50,76,72,37,22
20202,D,발달상권,3120187,신논현역,13076,7778,5298,64,3624,3962,2984,1673,769,27,1516,2302,2121,1247,565,37,2108,1660,863,426,204
20202,A,골목상권,3110913,방현초등학교(방배119안전센터),3293,2109,1184,7,571,1263,876,376,200,4,272,822,625,237,149,3,299,441,251,139,51
20202,A,골목상권,3110934,우면주공아파트,994,674,320,6,197,291,253,161,86,5,83,217,195,110,64,1,114,74,58,51,22
20202,A,골목상권,3110937,방아다리근린공원(횃불트리니티신학대학원대학교),2465,1270,1195,7,634,861,542,318,103,6,246,507,335,113,63,1,388,354,207,205,40
20202,D,발달상권,3120183,양재천카페거리,3558,2626,932,12,586,972,848,551,589,10,364,717,638,413,484,2,222,255,210,138,105
20202,D,발달상권,3120205,매봉역,13950,9370,4580,95,2838,4203,3126,1781,1907,44,1450,2959,2521,1302,1094,51,1388,1244,605,479,813
20202,D,발달상권,3120194,언주역(차병원),12628,8724,3904,37,2790,4202,2802,1923,874,14,1366,2863,2239,1588,654,23,1424,1339,563,335,220
20202,A,골목상권,3110955,논현초등학교,3430,2238,1192,19,719,823,793,625,451,13,417,568,554,389,297,6,302,255,239,236,154
20202,R,전통시장,3130303,영동전통시장,242,95,147,0,21,60,67,58,36,0,7,19,22,24,23,0,14,41,45,34,13
20202,D,발달상권,3120215,포스코사거리,61667,40706,20961,170,9756,22506,18178,8408,2649,29,4305,14324,13853,6409,1786,141,5451,8182,4325,1999,863
20202,A,골목상권,3110992,도곡초등학교,2179,1144,1035,3,269,440,484,524,459,1,108,253,258,260,264,2,161,187,226,264,195
20202,A,골목상권,3110991,삼성중앙역 5번,1246,794,452,1,111,415,339,275,105,1,28,243,229,216,77,0,83,172,110,59,28
20202,A,골목상권,3111000,대왕초등학교(세곡동사거리서남측),39,20,19,0,7,10,12,8,2,0,0,4,10,4,2,0,7,6,2,4,0
20202,A,골목상권,3110999,윗방죽마을공원,268,130,138,2,19,43,44,83,77,1,12,27,27,39,24,1,7,16,17,44,53
20202,R,전통시장,3130302,강남시장(강남구 강남시장),58,33,25,0,13,15,14,8,8,0,7,10,9,2,5,0,6,5,5,6,3
20202,A,골목상권,3110963,역삼월드메르디앙아파트,779,545,234,1,126,183,226,154,89,0,79,144,171,97,54,1,47,39,55,57,35
20202,A,골목상권,3110967,역삼역 8번,377,228,149,0,63,92,89,92,41,0,31,51,60,56,30,0,32,41,29,36,11
20202,A,골목상권,3110972,강남세브란스병원미래의학연구센터,2628,1440,1188,17,539,669,692,581,130,4,240,428,438,258,72,13,299,241,254,323,58
20202,A,골목상권,3110969,베르사이유1아파트,1546,1230,316,4,231,442,483,285,101,2,165,345,402,239,77,2,66,97,81,46,24
20202,R,전통시장,3130307,도곡시장,17,9,8,0,0,3,4,7,3,0,0,2,1,4,2,0,0,1,3,3,1
20202,A,골목상권,3110990,청담역 12번,262,109,153,2,61,92,56,36,15,0,12,32,29,23,13,2,49,60,27,13,2
20202,A,골목상권,3110985,청담근린공원,1338,948,390,0,193,447,374,226,98,0,98,346,275,157,72,0,95,101,99,69,26
20202,R,전통시장,3130308,청담삼익시장,48,30,18,0,5,11,13,7,12,0,3,6,8,4,9,0,2,5,5,3,3
20202,D,발달상권,3120231,가락시장,5698,4083,1615,0,368,1051,1564,1654,1061,0,264,836,1185,1098,700,0,104,215,379,556,361
20202,D,발달상권,3120240,개롱역,1609,1102,507,7,212,314,404,431,241,5,125,230,269,295,178,2,87,84,135,136,63
20202,A,골목상권,3111021,방이역 4번,7683,5874,1809,22,793,1329,1979,2137,1423,15,391,912,1552,1769,1235,7,402,417,427,368,188
20202,A,골목상권,3111008,석촌고분역 3번,1551,1177,374,1,182,286,280,382,420,1,148,237,208,248,335,0,34,49,72,134,85
20202,A,골목상권,3111015,석촌역 3번,1352,778,574,1,151,315,350,351,184,1,72,199,216,181,109,0,79,116,134,170,75
20202,A,골목상권,3111016,송파역 2번,3803,1601,2202,15,1126,1104,801,601,156,8,407,533,427,165,61,7,719,571,374,436,95
20202,A,골목상권,3111038,보인중학교,416,270,146,0,26,66,113,123,88,0,11,38,85,88,48,0,15,28,28,35,40
20202,A,골목상권,3111011,잠실나루역,9608,7747,1861,42,1275,3018,2795,2046,432,18,924,2492,2309,1674,330,24,351,526,486,372,102
20202,A,골목상권,3111003,삼전역 4번,1996,1337,659,6,249,412,549,437,343,1,160,278,332,308,258,5,89,134,217,129,85
20202,R,전통시장,3130311,새마을시장,377,246,131,1,60,78,104,75,59,0,28,48,80,55,35,1,32,30,24,20,24
20202,R,전통시장,3130326,고덕 골목형상점가,935,850,85,0,8,37,165,395,330,0,4,31,147,360,308,0,4,6,18,35,22
20202,A,골목상권,3111088,고덕동성당,123,54,69,0,15,32,32,31,13,0,4,15,10,15,10,0,11,17,22,16,3
20202,A,골목상권,3111071,천동초등학교,76,52,24,0,4,15,21,25,11,0,4,6,18,16,8,0,0,9,3,9,3
20202,A,골목상권,3111079,둔촌고등학교(둔촌중학교),377,197,180,1,43,58,60,76,139,1,28,34,33,28,73,0,15,24,27,48,66
20202,A,골목상권,3111050,강동구청(강동구청역 2번),131,96,35,0,21,14,21,32,43,0,12,5,12,27,40,0,9,9,9,5,3
20202,D,발달상권,3120243,천호역,1395,637,758,6,189,265,331,296,308,2,64,109,143,126,193,4,125,156,188,170,115
20202,A,골목상권,3111062,둔촌동역 3번(성내3동주민센터),751,501,250,5,134,198,194,144,76,5,81,139,126,91,59,0,53,59,68,53,17
20202,A,골목상권,3111066,암사동성당(효정하나플러스아파트),417,255,162,3,46,103,101,113,51,0,14,53,66,91,31,3,32,50,35,22,20
20202,A,골목상권,3111052,암사역 3번(천호동자전거거리),357,228,129,1,26,71,117,94,48,1,11,47,76,58,35,0,15,24,41,36,13
20202,A,골목상권,3111069,천호1동주민센터,79,54,25,0,8,17,17,26,11,0,4,12,14,14,10,0,4,5,3,12,1
20202,A,골목상권,3111048,천호역 1번(천호문구완구거리),183,101,82,3,18,52,44,42,24,2,10,24,26,23,16,1,8,28,18,19,8
20202,A,골목상권,3110003,세검정초등학교,607,337,270,7,78,120,167,167,68,6,35,45,103,96,52,1,43,75,64,71,16
20202,R,전통시장,3130020,동묘시장(동묘벼룩시장),407,177,230,5,154,93,73,58,24,5,43,31,45,32,21,0,111,62,28,26,3
20202,R,전통시장,3130005,세운상가가동,133,93,40,0,7,34,35,21,36,0,5,23,28,8,29,0,2,11,7,13,7
20202,D,발달상권,3120004,종로구청,12937,7078,5859,9,1442,4392,4485,2080,529,4,432,2050,2756,1493,343,5,1010,2342,1729,587,186
20202,R,전통시장,3130004,낙원시장(낙원지하시장(대일상가)),364,258,106,0,29,70,99,78,88,0,14,51,68,57,68,0,15,19,31,21,20
20202,R,전통시장,3130010,종로신진시장,200,113,87,0,20,29,55,48,48,0,14,17,24,26,32,0,6,12,31,22,16
20202,A,골목상권,3110032,수족관거리,30,15,15,0,3,5,4,13,5,0,2,1,2,7,3,0,1,4,2,6,2
20202,U,관광특구,3001493,동대문패션타운 관광특구,5916,2900,3016,36,1415,1672,1133,1020,640,13,536,733,643,584,391,23,879,939,490,436,249
20202,A,골목상권,3110049,장충단 고개,2303,1240,1063,4,566,582,448,431,272,2,174,314,281,257,212,2,392,268,167,174,60
20202,D,발달상권,3120039,신당역,2348,1249,1099,31,795,488,410,342,282,11,348,245,228,226,191,20,447,243,182,116,91
20202,A,골목상권,3110041,남산케이블카,967,435,532,2,118,152,175,254,266,2,51,69,83,87,143,0,67,83,92,167,123
20202,R,전통시장,3130052,서울중앙시장(신중앙시장),479,342,137,0,106,156,101,61,55,0,80,110,57,45,50,0,26,46,44,16,5
20202,D,발달상권,3120036,장충동족발거리(남소영길),2289,1090,1199,14,616,783,556,223,97,0,122,393,365,155,55,14,494,390,191,68,42
20202,A,골목상권,3110054,청구역 3번,1542,854,688,3,259,378,315,340,247,1,90,204,220,215,124,2,169,174,95,125,123
20202,R,전통시장,3130056,용산용문시장,65,34,31,0,7,15,18,10,15,0,4,6,7,6,11,0,3,9,11,4,4
20202,A,골목상권,3110080,해방촌예술마을,311,168,143,0,53,71,88,58,41,0,18,40,52,31,27,0,35,31,36,27,14
20202,A,골목상권,3110065,남정초등학교,137,92,45,0,17,45,48,17,10,0,9,37,31,10,5,0,8,8,17,7,5
20202,A,골목상권,3110579,마포역 4번,750,563,187,2,54,162,247,219,66,1,37,124,188,165,48,1,17,38,59,54,18
20202,D,발달상권,3120046,이태원(이태원역),2285,1299,986,24,818,684,339,224,196,15,389,422,205,137,131,9,429,262,134,87,65
20202,D,발달상권,3120044,삼각지역,1905,1415,490,5,357,534,461,374,174,5,220,403,384,278,125,0,137,131,77,96,49
20202,A,골목상권,3110123,마장역 3번,511,382,129,0,42,56,91,185,137,0,21,36,63,141,121,0,21,20,28,44,16
20202,A,골목상권,3110121,한양대역 4번,45,30,15,0,3,10,8,11,13,0,2,5,5,7,11,0,1,5,3,4,2
20202,D,발달상권,3120049,왕십리역(왕십리),1459,1004,455,1,183,301,377,468,129,1,92,187,272,371,81,0,91,114,105,97,48
20202,A,골목상권,3110127,성수1가1동주민센터,290,157,133,0,31,55,56,100,48,0,11,40,31,47,28,0,20,15,25,53,20
20202,D,발달상권,3120051,뚝섬역,3944,2582,1362,20,703,946,867,651,757,15,446,646,549,445,481,5,257,300,318,206,276
20202,R,전통시장,3130071,성수역 골목형상점가,335,180,155,1,61,89,70,43,71,0,27,43,43,29,38,1,34,46,27,14,33
20202,A,골목상권,3110114,왕십리파출소,33,19,14,0,3,2,8,14,6,0,1,1,4,8,5,0,2,1,4,6,1
20202,A,골목상권,3110174,아차산역 1번,432,305,127,1,49,80,115,104,83,1,25,57,76,69,77,0,24,23,39,35,6
20202,A,골목상권,3110140,건대입구역 6번,429,268,161,6,37,67,113,120,86,5,17,34,65,83,64,1,20,33,48,37,22
20202,A,골목상권,3110152,중곡어린이공원,340,300,40,0,17,29,64,121,109,0,10,21,55,109,105,0,7,8,9,12,4
20202,A,골목상권,3110161,중곡역 3번,236,135,101,3,11,33,58,65,66,0,2,16,37,40,40,3,9,17,21,25,26
20202,R,전통시장,3130084,신성시장(신성골목시장),21,6,15,0,3,5,8,4,1,0,0,1,2,2,1,0,3,4,6,2,0
20202,A,골목상권,3110141,건대입구역 1번,213,138,75,1,23,49,67,48,25,1,11,27,51,32,16,0,12,22,16,16,9
20202,A,골목상권,3110144,어린이대공원역 4번,104,49,55,0,35,17,21,19,12,0,9,10,11,10,9,0,26,7,10,9,3
20202,R,전통시장,3130097,답십리 건축자재시장,291,188,103,1,16,42,42,36,154,0,7,34,23,19,105,1,9,8,19,17,49
20202,A,골목상권,3110209,답십리 장령당공원,83,52,31,0,3,11,28,19,22,0,1,5,16,15,15,0,2,6,12,4,7
20202,R,전통시장,3130101,답십리현대시장,8,5,3,0,0,1,3,2,2,0,0,1,1,2,1,0,0,0,2,0,1
20202,A,골목상권,3110186,종암초등학교,114,86,28,0,9,21,16,34,34,0,3,18,10,26,29,0,6,3,6,8,5
20202,A,골목상권,3110221,의릉,95,69,26,0,10,12,36,29,8,0,6,10,24,22,7,0,4,2,12,7,1
20202,A,골목상권,3110202,전농1동주민센터(전농시장),111,68,43,0,14,35,31,20,11,0,9,19,21,14,5,0,5,16,10,6,6
20202,A,골목상권,3110206,텃골근린공원,92,37,55,0,8,14,25,24,21,0,4,7,8,8,10,0,4,7,17,16,11
20202,R,전통시장,3130094,청량리청과물시장,54,24,30,0,7,13,17,7,10,0,0,4,10,2,8,0,7,9,7,5,2
20202,R,전통시장,3130095,청량리전통시장,95,38,57,0,6,16,18,33,22,0,4,6,9,10,9,0,2,10,9,23,13
20202,A,골목상권,3110199,홍릉시장,65,41,24,0,11,15,18,14,7,0,8,8,10,9,6,0,3,7,8,5,1
20202,A,골목상권,3110219,삼육보건대학교,251,146,105,0,18,42,70,81,40,0,11,20,32,52,31,0,7,22,38,29,9
20202,A,골목상권,3110268,망우3동주민센터,60,30,30,0,10,13,10,18,9,0,1,5,7,10,7,0,9,8,3,8,2
20202,R,전통시장,3130114,유영시장,31,20,11,0,9,5,3,8,6,0,7,2,2,5,4,0,2,3,1,3,2
20202,A,골목상권,3110237,메가박스 상봉,274,152,122,0,30,67,97,54,26,0,13,37,48,36,18,0,17,30,49,18,8
20202,A,골목상권,3110258,면동초등학교,260,99,161,0,32,49,79,66,34,0,1,20,28,34,16,0,31,29,51,32,18
20203,D,발달상권,3120241,거여역,1197,650,547,5,110,221,296,277,288,2,80,152,161,83,172,3,30,69,135,194,116
20203,A,골목상권,3111026,문정역 2번,2257,1479,778,7,430,626,537,409,248,3,235,420,381,229,211,4,195,206,156,180,37
20203,A,골목상권,3111017,송파나루역 3번,272,183,89,0,40,62,62,63,45,0,14,42,42,45,40,0,26,20,20,18,5
20203,A,골목상권,3111010,석촌역 7번,1512,1031,481,3,181,309,376,339,304,1,98,190,261,234,247,2,83,119,115,105,57
20203,A,골목상권,3111040,거여초등학교,346,137,209,0,26,86,124,77,33,0,9,27,48,30,23,0,17,59,76,47,10
20203,A,골목상권,3111034,오동나무공원(송파레미니스1단지),1465,1038,427,3,253,373,355,322,159,3,163,257,267,226,122,0,90,116,88,96,37
20203,A,골목상권,3111030,방이역 2번,665,419,246,1,57,107,147,217,136,0,28,68,94,128,101,1,29,39,53,89,35
20203,D,발달상권,3120225,잠실새내역(신천),5597,3589,2008,25,909,1191,1223,1162,1087,3,464,712,794,811,805,22,445,479,429,351,282
20203,A,골목상권,3111085,묘곡초등학교(고덕아이파크아파트),800,452,348,0,68,111,152,196,273,0,35,72,80,84,181,0,33,39,72,112,92
20203,A,골목상권,3111077,길동주민센터(강동도서관),1272,737,535,4,121,258,294,321,274,1,49,138,167,188,194,3,72,120,127,133,80
20203,R,전통시장,3130324,길동복조리시장,154,85,69,3,27,32,47,40,5,2,13,18,31,19,2,1,14,14,16,21,3
20203,D,발달상권,3120245,둔촌역,1884,1135,749,7,312,460,446,371,288,6,169,309,271,195,185,1,143,151,175,176,103
20203,A,골목상권,3111076,둔촌2동주민센터,297,174,123,0,25,49,61,86,76,0,14,24,34,39,63,0,11,25,27,47,13
20203,A,골목상권,3111080,굽은다리역 3번,434,235,199,0,44,77,100,110,103,0,12,52,63,58,50,0,32,25,37,52,53
20203,R,전통시장,3130320,암사종합시장,173,97,76,1,16,29,50,31,46,1,5,12,31,19,29,0,11,17,19,12,17
20203,R,전통시장,3130002,세종마을음식문화거리(금천교시장),564,392,172,4,56,109,120,121,154,0,26,74,75,90,127,4,30,35,45,31,27
20203,A,골목상권,3110037,신설동역 12번,208,124,84,0,16,46,51,61,34,0,6,20,32,41,25,0,10,26,19,20,9
20203,D,발달상권,3120014,종로5가역,4887,2839,2048,375,1123,1351,1205,597,236,112,456,860,851,397,163,263,667,491,354,200,73
20203,A,골목상권,3110029,동대문역 1번,247,68,179,0,11,34,64,82,56,0,1,8,25,21,13,0,10,26,39,61,43
20203,A,골목상권,3110021,성균관대학교,395,301,94,2,16,44,110,145,78,2,7,29,89,124,50,0,9,15,21,21,28
20203,R,전통시장,3130032,인현시장,167,123,44,0,3,25,47,54,38,0,3,16,35,40,29,0,0,9,12,14,9
20203,A,골목상권,3110056,신당역 3번,514,293,221,0,62,129,118,115,90,0,31,63,69,72,58,0,31,66,49,43,32
20203,D,발달상권,3120027,명동역(명동재미로),18097,8477,9620,67,2695,5851,6070,3074,340,9,859,2588,2522,2321,178,58,1836,3263,3548,753,162
20203,R,전통시장,3130054,황학동주방가구거리상점가,374,266,108,0,25,80,116,106,47,0,18,60,77,74,37,0,7,20,39,32,10
20203,A,골목상권,3110050,약수역 7번,306,229,77,0,34,81,75,74,42,0,21,59,60,56,33,0,13,22,15,18,9
20203,A,골목상권,3110042,남산골공원옆,683,424,259,3,91,156,195,166,72,0,37,89,131,121,46,3,54,67,64,45,26
20203,A,골목상권,3110088,오산고등학교,101,51,50,0,22,20,19,15,25,0,9,9,8,8,17,0,13,11,11,7,8
20203,A,골목상권,3110090,한국폴리텍대학서울정수캠퍼스,3968,2447,1521,1,446,1358,1632,500,31,1,173,548,1231,467,27,0,273,810,401,33,4
20203,A,골목상권,3110063,효창공원앞역 5번,530,347,183,8,47,104,139,132,100,6,25,71,93,87,65,2,22,33,46,45,35
20203,D,발달상권,3120040,용산전자상가(용산역),8008,5959,2049,43,1387,2728,2220,1237,393,30,880,2009,1728,997,315,13,507,719,492,240,78
20203,A,골목상권,3110058,성심여자고등학교,1189,857,332,10,168,333,362,206,110,3,77,243,278,166,90,7,91,90,84,40,20
20203,A,골목상권,3110087,이태원엔틱가구거리,329,113,216,0,151,130,29,10,9,0,26,52,19,8,8,0,125,78,10,2,1
20203,A,골목상권,3110067,배문고등학교,1547,895,652,1,215,370,383,320,258,0,84,173,199,225,214,1,131,197,184,95,44
20203,D,발달상권,3120047,한남오거리,2290,1458,832,11,366,751,623,343,196,9,152,461,438,249,149,2,214,290,185,94,47
20203,A,골목상권,3110098,서울독일학교,242,91,151,0,57,85,68,23,9,0,15,22,34,15,5,0,42,63,34,8,4
20203,A,골목상권,3110096,한남힐사이드아파트,502,337,165,3,155,183,85,47,29,3,89,132,63,26,24,0,66,51,22,21,5
20203,D,발달상권,3120048,금호역,76,28,48,0,16,10,18,21,11,0,2,2,6,11,7,0,14,8,12,10,4
20203,R,전통시장,3130063,신금호역 골목형상점가,30,21,9,0,2,4,5,9,10,0,1,3,4,7,6,0,1,1,1,2,4
20203,A,골목상권,3110119,마장지하차도,127,89,38,0,17,26,32,26,26,0,12,22,19,18,18,0,5,4,13,8,8
20203,A,골목상권,3110131,성수동카페거리,4798,3110,1688,15,902,1536,1123,699,523,9,460,993,777,497,374,6,442,543,346,202,149
20203,A,골목상권,3110134,성수119안전센터,771,587,184,4,65,108,185,252,157,4,38,78,143,200,124,0,27,30,42,52,33
20203,A,골목상권,3110136,경수초등학교,4745,2743,2002,43,1169,1097,978,875,583,32,439,633,615,593,431,11,730,464,363,282,152
20203,A,골목상권,3110100,옥수동우편취급국,37,26,11,0,5,17,8,5,2,0,0,14,6,4,2,0,5,3,2,1,0
20203,A,골목상권,3110118,왕십리역 9번,697,487,210,1,90,182,204,129,91,0,62,110,144,93,78,1,28,72,60,36,13
20203,D,발달상권,3120061,올림픽대교북단,1094,864,230,1,228,403,324,95,43,0,165,326,290,55,28,1,63,77,34,40,15
20203,D,발달상권,3120056,구의역,1879,884,995,6,322,352,510,413,276,6,105,129,223,246,175,0,217,223,287,167,101
20203,D,발달상권,3120059,구삼강변맛길,3277,1779,1498,6,431,676,553,747,864,4,244,472,365,322,372,2,187,204,188,425,492
20203,A,골목상권,3110149,세종대학교,122,72,50,0,15,21,31,23,32,0,8,13,19,7,25,0,7,8,12,16,7
20203,A,골목상권,3110155,광진구청,8356,7701,655,0,240,853,2408,4046,809,0,172,765,2256,3748,760,0,68,88,152,298,49
20203,A,골목상권,3110139,자양4동주민센터,204,116,88,0,13,28,53,51,59,0,3,14,32,25,42,0,10,14,21,26,17
20203,R,전통시장,3130077,조양시장,31,19,12,0,11,7,8,5,0,0,6,5,4,4,0,0,5,2,4,1,0
20203,A,골목상권,3110167,용마초등학교,380,223,157,2,22,56,99,112,89,0,9,20,52,64,78,2,13,36,47,48,11
20203,A,골목상권,3110176,해오름공원,791,439,352,1,84,212,229,173,92,1,32,119,126,91,70,0,52,93,103,82,22
20203,A,골목상권,3110204,간데메공원,411,268,143,3,83,97,82,89,57,3,57,64,46,58,40,0,26,33,36,31,17
20203,A,골목상권,3110226,장안1동주민센터,1882,1005,877,2,147,247,333,512,641,2,87,148,213,253,302,0,60,99,120,259,339
20203,A,골목상권,3110211,전곡마을마당공원,626,445,181,1,66,101,170,194,94,0,45,73,129,143,55,1,21,28,41,51,39
20203,A,골목상권,3110207,시립대앞사거리,33,21,12,0,4,10,6,5,8,0,2,8,3,3,5,0,2,2,3,2,3
20203,R,전통시장,3130086,서울약령시장,1184,651,533,4,113,208,305,341,213,0,56,128,165,181,121,4,57,80,140,160,92
20203,R,전통시장,3130087,경동광성상가(경동시장),28,20,8,0,5,3,8,7,5,0,3,2,6,5,4,0,2,1,2,2,1
20203,A,골목상권,3110198,동대문중앙새마을금고본점,67,26,41,0,1,0,18,37,11,0,0,0,8,10,8,0,1,0,10,27,3
20203,A,골목상권,3110200,동대문경찰서,74,50,24,0,1,6,21,13,33,0,0,1,11,6,32,0,1,5,10,7,1
20203,R,전통시장,3130115,우림골목시장,307,106,201,2,80,61,68,64,32,0,29,11,30,20,16,2,51,50,38,44,16
20203,A,골목상권,3110256,면목2동체육관,477,321,156,2,56,66,82,140,131,1,21,35,45,109,110,1,35,31,37,31,21
20203,A,골목상권,3110266,면목동우체국,225,182,43,0,10,31,38,79,67,0,1,19,30,69,63,0,9,12,8,10,4
20203,A,골목상권,3110236,신묵초등학교,1015,836,179,0,185,302,228,255,45,0,135,246,194,228,33,0,50,56,34,27,12
20203,A,골목상권,3110267,망우역 2번,139,49,90,1,15,28,50,28,17,1,2,10,19,13,4,0,13,18,31,15,13
20203,A,골목상권,3110234,중랑역 4번,96,41,55,0,15,16,23,25,17,0,2,5,10,14,10,0,13,11,13,11,7
20203,R,전통시장,3130121,길음시장,88,19,69,0,36,24,10,8,10,0,2,5,3,2,7,0,34,19,7,6,3
20203,A,골목상권,3110321,동덕여대,58,14,44,0,0,4,13,18,23,0,0,4,4,4,2,0,0,0,9,14,21
20203,A,골목상권,3110324,월곡역 4번,99,55,44,0,31,21,19,18,10,0,9,10,13,14,9,0,22,11,6,4,1
20203,A,골목상권,3110298,솔숲어린이공원,77,28,49,0,18,11,24,12,12,0,3,5,7,5,8,0,15,6,17,7,4
20203,A,골목상권,3110314,종암경찰서,949,699,250,1,127,271,223,286,41,0,72,206,162,231,28,1,55,65,61,55,13
20203,A,골목상권,3110365,미아역 5번,341,83,258,0,17,21,44,63,196,0,5,12,15,17,34,0,12,9,29,46,162
20203,A,골목상권,3110368,송천초등학교,199,178,21,0,9,16,39,71,64,0,5,11,34,66,62,0,4,5,5,5,2
20203,A,골목상권,3110352,수유1동주민센터,275,112,163,0,23,49,101,79,23,0,11,22,37,29,13,0,12,27,64,50,10
20203,A,골목상권,3110349,화계역 2번,83,67,16,0,6,4,21,33,19,0,5,3,12,28,19,0,1,1,9,5,0
20203,A,골목상권,3110367,강북구청,1943,976,967,5,195,512,483,522,226,4,64,205,237,340,126,1,131,307,246,182,100
20203,A,골목상권,3110339,국립4.19민주묘지,11,6,5,0,2,2,5,0,2,0,0,2,3,0,1,0,2,0,2,0,1
20203,A,골목상권,3110346,4.19민주묘지역 2번,96,48,48,0,12,13,19,19,33,0,3,7,8,7,23,0,9,6,11,12,10
20203,A,골목상권,3110395,신한은행 방학동지점,163,42,121,0,17,20,44,42,40,0,0,2,11,9,20,0,17,18,33,33,20
20203,A,골목상권,3110403,방학1동주민센터,316,167,149,1,44,56,63,78,74,1,30,37,36,36,27,0,14,19,27,42,47
20203,A,골목상권,3110393,국민은행방학지점,49,13,36,0,2,10,17,15,5,0,0,0,4,6,3,0,2,10,13,9,2
20203,A,골목상권,3110398,쌍문2동우체국,474,326,148,0,30,65,96,153,130,0,11,27,50,124,114,0,19,38,46,29,16
20203,R,전통시장,3130150,창동골목시장,84,47,37,0,19,30,14,8,13,0,7,20,9,5,6,0,12,10,5,3,7
20203,A,골목상권,3110401,도봉구민회관,243,65,178,0,29,32,38,87,57,0,4,14,14,22,11,0,25,18,24,65,46
20203,D,발달상권,3120084,공릉역,712,546,166,3,33,59,110,240,267,1,11,22,63,205,244,2,22,37,47,35,23
20203,A,골목상권,3110419,수락산디자인거리,695,462,233,5,94,131,159,180,126,5,49,76,108,130,94,0,45,55,51,50,32
20203,A,골목상권,3110425,계상초등학교,136,59,77,2,18,12,36,40,28,2,5,7,19,15,11,0,13,5,17,25,17
20203,A,골목상권,3110421,석계역 1번,249,109,140,0,22,37,78,65,47,0,8,16,31,26,28,0,14,21,47,39,19
20203,R,전통시장,3130167,연신내상점가(연빛거리),632,234,398,1,143,140,156,118,74,1,30,48,57,51,47,0,113,92,99,67,27
20203,D,발달상권,3120088,구산역,799,279,520,2,86,117,175,272,147,2,30,65,68,59,55,0,56,52,107,213,92
20203,A,골목상권,3110473,구산역 1번,436,241,195,0,34,59,113,107,123,0,24,27,53,49,88,0,10,32,60,58,35
20203,A,골목상권,3110487,불광역 8번,63,35,28,0,11,22,15,8,7,0,6,11,7,8,3,0,5,11,8,0,4
20203,A,골목상권,3110480,연신내역 3번,161,51,110,0,16,35,52,35,23,0,3,9,17,12,10,0,13,26,35,23,13
20203,A,골목상권,3110474,세명컴퓨터고등학교,119,55,64,0,7,33,28,23,28,0,2,14,11,8,20,0,5,19,17,15,8
20203,A,골목상권,3110482,연신초등학교,11,7,4,0,0,0,4,6,1,0,0,0,3,3,1,0,0,0,1,3,0
20203,A,골목상권,3110455,역촌노인복지관,690,369,321,2,73,120,187,203,105,0,37,64,89,109,70,2,36,56,98,94,35
20203,A,골목상권,3110470,신진과학기술고등학교,93,65,28,0,7,17,34,25,10,0,5,10,26,19,5,0,2,7,8,6,5
20203,A,골목상권,3110475,백련산해모로아파트,245,127,118,1,23,44,76,70,31,1,10,24,44,29,19,0,13,20,32,41,12
20203,D,발달상권,3120089,구파발역,5,1,4,0,0,0,1,2,2,0,0,0,0,1,0,0,0,0,1,1,2
20203,R,전통시장,3130173,백련시장,5,3,2,0,0,1,0,2,2,0,0,1,0,0,2,0,0,0,0,2,0
20203,D,발달상권,3120096,"이화여대(이대역, 이대)",493,210,283,1,81,137,130,86,58,0,27,52,48,43,40,1,54,85,82,43,18
20203,A,골목상권,3110532,아현역 2번,328,204,124,0,52,33,46,78,119,0,17,13,22,57,95,0,35,20,24,21,24
20203,R,전통시장,3130178,이대 앞 스타트업 상점가,30,6,24,0,5,5,8,6,6,0,1,0,3,0,2,0,4,5,5,6,4
20203,A,골목상권,3110517,서대문소방서,884,634,250,8,197,216,203,177,83,5,99,170,163,146,51,3,98,46,40,31,32
20203,A,골목상권,3110512,연희지하차도,335,165,170,0,40,62,102,99,32,0,14,38,44,49,20,0,26,24,58,50,12
20203,A,골목상권,3110536,돈의문센트레빌아파트입구,141,105,36,0,12,23,61,32,13,0,7,17,50,21,10,0,5,6,11,11,3
20203,A,골목상권,3110534,경기대학교,157,88,69,0,10,29,28,42,48,0,7,20,14,19,28,0,3,9,14,23,20
20203,A,골목상권,3110516,정원여중,227,101,126,0,35,40,62,65,25,0,17,18,27,23,16,0,18,22,35,42,9
20203,A,골목상권,3110527,홍제역 2번,185,89,96,1,36,40,36,40,32,1,11,26,15,21,15,0,25,14,21,19,17
20203,A,골목상권,3110572,서강대역 1번,470,254,216,1,63,130,117,116,43,1,32,67,58,66,30,0,31,63,59,50,13
20203,A,골목상권,3110575,대흥동주민센터,208,157,51,2,25,48,36,49,48,2,11,35,25,41,43,0,14,13,11,8,5
20203,D,발달상권,3120100,망원역,846,397,449,4,199,227,191,137,88,2,52,99,101,94,49,2,147,128,90,43,39
20203,R,전통시장,3130185,망원월드컵시장,190,123,67,1,26,69,53,25,16,1,14,43,35,16,14,0,12,26,18,9,2
20203,A,골목상권,3110547,KB국민은행 망원동지점,284,168,116,0,13,47,93,76,55,0,4,25,55,45,39,0,9,22,38,31,16
20203,R,전통시장,3130183,상암동상점가,816,607,209,1,89,204,283,187,52,0,49,150,227,143,38,1,40,54,56,44,14
20203,A,골목상권,3110569,홍대땡땡거리,358,153,205,2,62,108,97,53,36,1,18,48,46,19,21,1,44,60,51,34,15
20203,A,골목상권,3110554,망원역 1번,1579,777,802,2,213,371,508,350,135,2,105,188,241,156,85,0,108,183,267,194,50
20203,A,골목상권,3110551,성서초등학교,803,387,416,1,110,164,235,172,121,1,42,90,114,81,59,0,68,74,121,91,62
20203,R,전통시장,3130198,아현시장,203,45,158,1,51,84,52,10,5,0,8,5,26,4,2,1,43,79,26,6,3
20203,A,골목상권,3110550,합정역 8번,1578,740,838,1,240,411,414,333,179,0,84,165,221,171,99,1,156,246,193,162,80
20203,A,골목상권,3110546,양화대교북단,732,436,296,3,189,254,157,76,53,3,81,126,120,62,44,0,108,128,37,14,9
20203,D,발달상권,3120114,목동신시가지,13498,9371,4127,46,2070,3798,3444,2895,1245,29,1126,2619,2554,2204,839,17,944,1179,890,691,406
20203,A,골목상권,3110619,목4동주민센터,311,203,108,1,51,87,89,64,19,1,16,52,58,57,19,0,35,35,31,7,0
20203,A,골목상권,3110607,금빛새마을금고본점,47,29,18,0,1,10,11,14,11,0,1,4,5,10,9,0,0,6,6,4,2
20203,A,골목상권,3110608,신월2동주민센터,875,454,421,1,51,116,229,273,205,1,23,69,117,127,117,0,28,47,112,146,88
20203,A,골목상권,3110647,화곡역 5번,899,461,438,2,117,230,224,230,96,1,44,138,111,116,51,1,73,92,113,114,45
20203,A,골목상권,3110594,신월중학교,357,182,175,0,35,116,89,85,32,0,10,41,50,52,29,0,25,75,39,33,3
20203,R,전통시장,3130205,신곡종합시장(신월6동 골목시장),141,103,38,1,17,36,39,32,16,0,10,27,33,18,15,1,7,9,6,14,1
20203,A,골목상권,3110602,신월시영아파트중문,674,584,90,1,8,23,81,250,311,0,4,14,55,218,293,1,4,9,26,32,18
20203,A,골목상권,3110600,신월7동주민센터,350,263,87,0,32,30,66,101,121,0,17,14,38,79,115,0,15,16,28,22,6
20203,A,골목상권,3110610,계남근린공원,126,85,41,0,5,11,41,44,25,0,3,6,28,35,13,0,2,5,13,9,12
20203,A,골목상권,3110616,양목초등학교,161,103,58,0,3,23,19,40,76,0,2,18,14,32,37,0,1,5,5,8,39
20203,A,골목상권,3110611,신정역 1번,289,192,97,2,34,57,88,74,34,2,20,42,52,46,30,0,14,15,36,28,4
20203,A,골목상권,3110635,공항시장역 3번,1451,391,1060,4,64,82,162,479,660,1,43,58,63,33,193,3,21,24,99,446,467
20203,D,발달상권,3120122,강서구청,2179,1231,948,4,314,461,494,447,459,2,103,228,271,262,365,2,211,233,223,185,94
20203,A,골목상권,3110638,신방화역 2번,372,202,170,3,53,75,88,87,66,3,22,40,44,43,50,0,31,35,44,44,16
20203,A,골목상권,3110650,우장산힐스테이트,143,116,27,0,23,30,51,20,19,0,15,25,42,17,17,0,8,5,9,3,2
20203,A,골목상권,3110702,개봉초등학교,131,93,38,1,15,18,33,34,30,1,10,13,23,24,22,0,5,5,10,10,8
20203,R,전통시장,3130227,고척골목시장상점가(그라운드 고척),33,14,19,0,4,6,10,8,5,0,0,1,5,5,3,0,4,5,5,3,2
20203,A,골목상권,3110699,덕의초등학교,136,79,57,0,14,22,29,43,28,0,7,14,13,24,21,0,7,8,16,19,7
20203,D,발달상권,3120129,구로디지털단지,48873,32033,16840,196,10422,16630,12386,5777,3462,127,5285,11083,8771,3995,2772,69,5137,5547,3615,1782,690
20203,A,골목상권,3110712,남구로역 5번,233,108,125,1,32,36,66,64,34,0,10,17,24,32,25,1,22,19,42,32,9
20203,A,골목상권,3110720,대림역 2번,228,87,141,0,27,50,65,49,37,0,11,14,18,17,27,0,16,36,47,32,10
20203,R,전통시장,3130231,독산동 우시장,611,476,135,2,31,74,126,196,182,0,16,55,97,145,163,2,15,19,29,51,19
20203,A,골목상권,3110745,독산동정훈단지,251,191,60,0,11,20,33,86,101,0,3,12,22,64,90,0,8,8,11,22,11
20203,D,발달상권,3120134,구로전화국,2014,1668,346,0,107,157,172,223,1355,0,44,75,96,153,1300,0,63,82,76,70,55
20203,A,골목상권,3110755,동일여자고등학교,193,51,142,0,10,24,45,70,44,0,3,8,17,11,12,0,7,16,28,59,32
20203,D,발달상권,3120143,당산역,2671,1987,684,9,326,516,558,517,745,2,194,394,403,386,608,7,132,122,155,131,137
20203,A,골목상권,3110778,구로디지털단지역 4번,1596,862,734,0,248,459,484,224,181,0,122,281,192,136,131,0,126,178,292,88,50
20203,A,골목상권,3110771,대림역 11번,955,604,351,0,22,38,128,210,557,0,21,30,73,131,349,0,1,8,55,79,208
20203,D,발달상권,3120139,대림3동사거리,3619,2404,1215,14,423,867,992,727,596,5,220,632,783,462,302,9,203,235,209,265,294
20203,A,골목상권,3110768,도림2동유수지내체육시설,294,155,139,0,20,43,63,73,95,0,7,22,32,41,53,0,13,21,31,32,42
20203,A,골목상권,3110759,문래예술촌(문래창작촌),4221,2168,2053,9,521,838,1001,1281,571,5,266,553,595,462,287,4,255,285,406,819,284
20203,D,발달상권,3120152,신대방삼거리역,578,278,300,1,66,127,150,148,86,1,22,63,80,70,42,0,44,64,70,78,44
20203,A,골목상권,3110818,신대방역 3번,20,9,11,0,1,3,7,7,2,0,1,3,2,1,2,0,0,0,5,6,0
20203,A,골목상권,3110856,미성초등학교,538,295,243,3,58,85,170,150,72,1,28,44,99,71,52,2,30,41,71,79,20
20203,A,골목상권,3110874,원신초등학교(구세군관악영문교회),46,15,31,1,4,19,7,12,3,1,1,3,3,6,1,0,3,16,4,6,2
20203,A,골목상권,3110879,신림현대아파트,17,7,10,0,2,3,5,5,2,0,1,2,2,2,0,0,1,1,3,3,2
20203,A,골목상권,3110885,영락고등학교,339,213,126,0,37,58,94,88,62,0,18,33,61,56,45,0,19,25,33,32,17
20203,D,발달상권,3120157,신림역(신림),637,257,380,1,96,116,146,139,139,0,19,40,82,49,67,1,77,76,64,90,72
20203,A,골목상권,3110858,신대방역 1번,66,33,33,0,5,9,17,7,28,0,0,1,6,2,24,0,5,8,11,5,4
20203,A,골목상권,3110872,신림초등학교,279,196,83,3,54,68,69,54,31,3,36,54,54,42,7,0,18,14,15,12,24
20203,A,골목상권,3110855,신대방역 2번,429,275,154,2,53,111,126,90,47,0,22,81,83,55,34,2,31,30,43,35,13
20203,R,전통시장,3130276,신림중앙시장(조원동 펭귄시장),39,27,12,0,1,2,13,11,12,0,0,2,7,9,9,0,1,0,6,2,3
20203,A,골목상권,3110947,청계산입구역 2번(내곡동주민센터),112,45,67,0,18,17,27,18,32,0,8,9,14,7,7,0,10,8,13,11,25
20203,D,발달상권,3120177,신논현역 1번,694,436,258,1,84,187,202,143,77,0,34,111,130,106,55,1,50,76,72,37,22
20203,D,발달상권,3120187,신논현역,13076,7778,5298,64,3624,3962,2984,1673,769,27,1516,2302,2121,1247,565,37,2108,1660,863,426,204
20203,A,골목상권,3110913,방현초등학교(방배119안전센터),3293,2109,1184,7,571,1263,876,376,200,4,272,822,625,237,149,3,299,441,251,139,51
20203,A,골목상권,3110934,우면주공아파트,994,674,320,6,197,291,253,161,86,5,83,217,195,110,64,1,114,74,58,51,22
20203,A,골목상권,3110937,방아다리근린공원(횃불트리니티신학대학원대학교),2465,1270,1195,7,634,861,542,318,103,6,246,507,335,113,63,1,388,354,207,205,40
20203,D,발달상권,3120183,양재천카페거리,3558,2626,932,12,586,972,848,551,589,10,364,717,638,413,484,2,222,255,210,138,105
20203,D,발달상권,3120205,매봉역,13950,9370,4580,95,2838,4203,3126,1781,1907,44,1450,2959,2521,1302,1094,51,1388,1244,605,479,813
20203,D,발달상권,3120194,언주역(차병원),12628,8724,3904,37,2790,4202,2802,1923,874,14,1366,2863,2239,1588,654,23,1424,1339,563,335,220
20203,A,골목상권,3110955,논현초등학교,3430,2238,1192,19,719,823,793,625,451,13,417,568,554,389,297,6,302,255,239,236,154
20203,R,전통시장,3130303,영동전통시장,242,95,147,0,21,60,67,58,36,0,7,19,22,24,23,0,14,41,45,34,13
20203,D,발달상권,3120215,포스코사거리,61667,40706,20961,170,9756,22506,18178,8408,2649,29,4305,14324,13853,6409,1786,141,5451,8182,4325,1999,863
20203,A,골목상권,3110992,도곡초등학교,2179,1144,1035,3,269,440,484,524,459,1,108,253,258,260,264,2,161,187,226,264,195
20203,A,골목상권,3110991,삼성중앙역 5번,1246,794,452,1,111,415,339,275,105,1,28,243,229,216,77,0,83,172,110,59,28
20203,A,골목상권,3111000,대왕초등학교(세곡동사거리서남측),39,20,19,0,7,10,12,8,2,0,0,4,10,4,2,0,7,6,2,4,0
20203,A,골목상권,3110999,윗방죽마을공원,268,130,138,2,19,43,44,83,77,1,12,27,27,39,24,1,7,16,17,44,53
20203,R,전통시장,3130302,강남시장(강남구 강남시장),58,33,25,0,13,15,14,8,8,0,7,10,9,2,5,0,6,5,5,6,3
20203,A,골목상권,3110963,역삼월드메르디앙아파트,779,545,234,1,126,183,226,154,89,0,79,144,171,97,54,1,47,39,55,57,35
20203,A,골목상권,3110967,역삼역 8번,377,228,149,0,63,92,89,92,41,0,31,51,60,56,30,0,32,41,29,36,11
20203,A,골목상권,3110972,강남세브란스병원미래의학연구센터,2628,1440,1188,17,539,669,692,581,130,4,240,428,438,258,72,13,299,241,254,323,58
20203,A,골목상권,3110969,베르사이유1아파트,1546,1230,316,4,231,442,483,285,101,2,165,345,402,239,77,2,66,97,81,46,24
20203,R,전통시장,3130307,도곡시장,17,9,8,0,0,3,4,7,3,0,0,2,1,4,2,0,0,1,3,3,1
20203,A,골목상권,3110990,청담역 12번,262,109,153,2,61,92,56,36,15,0,12,32,29,23,13,2,49,60,27,13,2
20203,A,골목상권,3110985,청담근린공원,1338,948,390,0,193,447,374,226,98,0,98,346,275,157,72,0,95,101,99,69,26
20203,R,전통시장,3130308,청담삼익시장,48,30,18,0,5,11,13,7,12,0,3,6,8,4,9,0,2,5,5,3,3
20203,D,발달상권,3120231,가락시장,5698,4083,1615,0,368,1051,1564,1654,1061,0,264,836,1185,1098,700,0,104,215,379,556,361
20203,D,발달상권,3120240,개롱역,1609,1102,507,7,212,314,404,431,241,5,125,230,269,295,178,2,87,84,135,136,63
20203,A,골목상권,3111021,방이역 4번,7683,5874,1809,22,793,1329,1979,2137,1423,15,391,912,1552,1769,1235,7,402,417,427,368,188
20203,A,골목상권,3111008,석촌고분역 3번,1551,1177,374,1,182,286,280,382,420,1,148,237,208,248,335,0,34,49,72,134,85
20203,A,골목상권,3111015,석촌역 3번,1352,778,574,1,151,315,350,351,184,1,72,199,216,181,109,0,79,116,134,170,75
20203,A,골목상권,3111016,송파역 2번,3803,1601,2202,15,1126,1104,801,601,156,8,407,533,427,165,61,7,719,571,374,436,95
20203,A,골목상권,3111038,보인중학교,416,270,146,0,26,66,113,123,88,0,11,38,85,88,48,0,15,28,28,35,40
20203,A,골목상권,3111011,잠실나루역,9608,7747,1861,42,1275,3018,2795,2046,432,18,924,2492,2309,1674,330,24,351,526,486,372,102
20203,A,골목상권,3111003,삼전역 4번,1996,1337,659,6,249,412,549,437,343,1,160,278,332,308,258,5,89,134,217,129,85
20203,R,전통시장,3130311,새마을시장,377,246,131,1,60,78,104,75,59,0,28,48,80,55,35,1,32,30,24,20,24
20203,R,전통시장,3130326,고덕 골목형상점가,935,850,85,0,8,37,165,395,330,0,4,31,147,360,308,0,4,6,18,35,22
20203,A,골목상권,3111088,고덕동성당,123,54,69,0,15,32,32,31,13,0,4,15,10,15,10,0,11,17,22,16,3
20203,A,골목상권,3111071,천동초등학교,76,52,24,0,4,15,21,25,11,0,4,6,18,16,8,0,0,9,3,9,3
20203,A,골목상권,3111079,둔촌고등학교(둔촌중학교),377,197,180,1,43,58,60,76,139,1,28,34,33,28,73,0,15,24,27,48,66
20203,A,골목상권,3111050,강동구청(강동구청역 2번),131,96,35,0,21,14,21,32,43,0,12,5,12,27,40,0,9,9,9,5,3
20203,D,발달상권,3120243,천호역,1395,637,758,6,189,265,331,296,308,2,64,109,143,126,193,4,125,156,188,170,115
20203,A,골목상권,3111062,둔촌동역 3번(성내3동주민센터),751,501,250,5,134,198,194,144,76,5,81,139,126,91,59,0,53,59,68,53,17
20203,A,골목상권,3111066,암사동성당(효정하나플러스아파트),417,255,162,3,46,103,101,113,51,0,14,53,66,91,31,3,32,50,35,22,20
20203,A,골목상권,3111052,암사역 3번(천호동자전거거리),357,228,129,1,26,71,117,94,48,1,11,47,76,58,35,0,15,24,41,36,13
20203,A,골목상권,3111069,천호1동주민센터,79,54,25,0,8,17,17,26,11,0,4,12,14,14,10,0,4,5,3,12,1
20203,A,골목상권,3111048,천호역 1번(천호문구완구거리),183,101,82,3,18,52,44,42,24,2,10,24,26,23,16,1,8,28,18,19,8
20203,A,골목상권,3110003,세검정초등학교,607,337,270,7,78,120,167,167,68,6,35,45,103,96,52,1,43,75,64,71,16
20203,R,전통시장,3130020,동묘시장(동묘벼룩시장),407,177,230,5,154,93,73,58,24,5,43,31,45,32,21,0,111,62,28,26,3
20203,R,전통시장,3130005,세운상가가동,133,93,40,0,7,34,35,21,36,0,5,23,28,8,29,0,2,11,7,13,7
20203,D,발달상권,3120004,종로구청,12937,7078,5859,9,1442,4392,4485,2080,529,4,432,2050,2756,1493,343,5,1010,2342,1729,587,186
20203,R,전통시장,3130004,낙원시장(낙원지하시장(대일상가)),364,258,106,0,29,70,99,78,88,0,14,51,68,57,68,0,15,19,31,21,20
20203,R,전통시장,3130010,종로신진시장,200,113,87,0,20,29,55,48,48,0,14,17,24,26,32,0,6,12,31,22,16
20203,A,골목상권,3110032,수족관거리,30,15,15,0,3,5,4,13,5,0,2,1,2,7,3,0,1,4,2,6,2
20203,U,관광특구,3001493,동대문패션타운 관광특구,5916,2900,3016,36,1415,1672,1133,1020,640,13,536,733,643,584,391,23,879,939,490,436,249
20203,A,골목상권,3110049,장충단 고개,2303,1240,1063,4,566,582,448,431,272,2,174,314,281,257,212,2,392,268,167,174,60
20203,D,발달상권,3120039,신당역,2348,1249,1099,31,795,488,410,342,282,11,348,245,228,226,191,20,447,243,182,116,91
20203,A,골목상권,3110041,남산케이블카,967,435,532,2,118,152,175,254,266,2,51,69,83,87,143,0,67,83,92,167,123
20203,R,전통시장,3130052,서울중앙시장(신중앙시장),479,342,137,0,106,156,101,61,55,0,80,110,57,45,50,0,26,46,44,16,5
20203,D,발달상권,3120036,장충동족발거리(남소영길),2289,1090,1199,14,616,783,556,223,97,0,122,393,365,155,55,14,494,390,191,68,42
20203,A,골목상권,3110054,청구역 3번,1542,854,688,3,259,378,315,340,247,1,90,204,220,215,124,2,169,174,95,125,123
20203,R,전통시장,3130056,용산용문시장,65,34,31,0,7,15,18,10,15,0,4,6,7,6,11,0,3,9,11,4,4
20203,A,골목상권,3110080,해방촌예술마을,311,168,143,0,53,71,88,58,41,0,18,40,52,31,27,0,35,31,36,27,14
20204,D,발달상권,3120048,금호역,76,28,48,0,16,10,18,21,11,0,2,2,6,11,7,0,14,8,12,10,4
20204,R,전통시장,3130063,신금호역 골목형상점가,30,21,9,0,2,4,5,9,10,0,1,3,4,7,6,0,1,1,1,2,4
20204,A,골목상권,3110119,마장지하차도,127,89,38,0,17,26,32,26,26,0,12,22,19,18,18,0,5,4,13,8,8
20204,A,골목상권,3110131,성수동카페거리,4798,3110,1688,15,902,1536,1123,699,523,9,460,993,777,497,374,6,442,543,346,202,149
20204,A,골목상권,3110134,성수119안전센터,771,587,184,4,65,108,185,252,157,4,38,78,143,200,124,0,27,30,42,52,33
20204,A,골목상권,3110136,경수초등학교,4745,2743,2002,43,1169,1097,978,875,583,32,439,633,615,593,431,11,730,464,363,282,152
20204,A,골목상권,3110100,옥수동우편취급국,37,26,11,0,5,17,8,5,2,0,0,14,6,4,2,0,5,3,2,1,0
20204,A,골목상권,3110118,왕십리역 9번,697,487,210,1,90,182,204,129,91,0,62,110,144,93,78,1,28,72,60,36,13
20204,D,발달상권,3120061,올림픽대교북단,1094,864,230,1,228,403,324,95,43,0,165,326,290,55,28,1,63,77,34,40,15
20204,D,발달상권,3120056,구의역,1879,884,995,6,322,352,510,413,276,6,105,129,223,246,175,0,217,223,287,167,101
20204,D,발달상권,3120059,구삼강변맛길,3277,1779,1498,6,431,676,553,747,864,4,244,472,365,322,372,2,187,204,188,425,492
20204,A,골목상권,3110149,세종대학교,122,72,50,0,15,21,31,23,32,0,8,13,19,7,25,0,7,8,12,16,7
20204,A,골목상권,3110155,광진구청,8356,7701,655,0,240,853,2408,4046,809,0,172,765,2256,3748,760,0,68,88,152,298,49
20204,A,골목상권,3110139,자양4동주민센터,204,116,88,0,13,28,53,51,59,0,3,14,32,25,42,0,10,14,21,26,17
20204,R,전통시장,3130077,조양시장,31,19,12,0,11,7,8,5,0,0,6,5,4,4,0,0,5,2,4,1,0
20204,A,골목상권,3110167,용마초등학교,380,223,157,2,22,56,99,112,89,0,9,20,52,64,78,2,13,36,47,48,11
20204,A,골목상권,3110176,해오름공원,791,439,352,1,84,212,229,173,92,1,32,119,126,91,70,0,52,93,103,82,22
20204,A,골목상권,3110204,간데메공원,411,268,143,3,83,97,82,89,57,3,57,64,46,58,40,0,26,33,36,31,17
20204,A,골목상권,3110226,장안1동주민센터,1882,1005,877,2,147,247,333,512,641,2,87,148,213,253,302,0,60,99,120,259,339
20204,A,골목상권,3110211,전곡마을마당공원,626,445,181,1,66,101,170,194,94,0,45,73,129,143,55,1,21,28,41,51,39
20204,A,골목상권,3110207,시립대앞사거리,33,21,12,0,4,10,6,5,8,0,2,8,3,3,5,0,2,2,3,2,3
20204,R,전통시장,3130086,서울약령시장,1184,651,533,4,113,208,305,341,213,0,56,128,165,181,121,4,57,80,140,160,92
20204,R,전통시장,3130087,경동광성상가(경동시장),28,20,8,0,5,3,8,7,5,0,3,2,6,5,4,0,2,1,2,2,1
20204,A,골목상권,3110198,동대문중앙새마을금고본점,67,26,41,0,1,0,18,37,11,0,0,0,8,10,8,0,1,0,10,27,3
20204,A,골목상권,3110200,동대문경찰서,74,50,24,0,1,6,21,13,33,0,0,1,11,6,32,0,1,5,10,7,1
20204,R,전통시장,3130115,우림골목시장,307,106,201,2,80,61,68,64,32,0,29,11,30,20,16,2,51,50,38,44,16
20204,A,골목상권,3110256,면목2동체육관,477,321,156,2,56,66,82,140,131,1,21,35,45,109,110,1,35,31,37,31,21
20204,A,골목상권,3110266,면목동우체국,225,182,43,0,10,31,38,79,67,0,1,19,30,69,63,0,9,12,8,10,4
20204,A,골목상권,3110236,신묵초등학교,1015,836,179,0,185,302,228,255,45,0,135,246,194,228,33,0,50,56,34,27,12
20204,A,골목상권,3110267,망우역 2번,139,49,90,1,15,28,50,28,17,1,2,10,19,13,4,0,13,18,31,15,13
20204,A,골목상권,3110234,중랑역 4번,96,41,55,0,15,16,23,25,17,0,2,5,10,14,10,0,13,11,13,11,7
20204,R,전통시장,3130121,길음시장,88,19,69,0,36,24,10,8,10,0,2,5,3,2,7,0,34,19,7,6,3
20204,A,골목상권,3110321,동덕여대,58,14,44,0,0,4,13,18,23,0,0,4,4,4,2,0,0,0,9,14,21
20204,A,골목상권,3110324,월곡역 4번,99,55,44,0,31,21,19,18,10,0,9,10,13,14,9,0,22,11,6,4,1
20204,A,골목상권,3110298,솔숲어린이공원,77,28,49,0,18,11,24,12,12,0,3,5,7,5,8,0,15,6,17,7,4
20204,A,골목상권,3110314,종암경찰서,949,699,250,1,127,271,223,286,41,0,72,206,162,231,28,1,55,65,61,55,13
20204,A,골목상권,3110365,미아역 5번,341,83,258,0,17,21,44,63,196,0,5,12,15,17,34,0,12,9,29,46,162
20204,A,골목상권,3110368,송천초등학교,199,178,21,0,9,16,39,71,64,0,5,11,34,66,62,0,4,5,5,5,2
20204,A,골목상권,3110352,수유1동주민센터,275,112,163,0,23,49,101,79,23,0,11,22,37,29,13,0,12,27,64,50,10
20204,A,골목상권,3110349,화계역 2번,83,67,16,0,6,4,21,33,19,0,5,3,12,28,19,0,1,1,9,5,0
20204,A,골목상권,3110367,강북구청,1943,976,967,5,195,512,483,522,226,4,64,205,237,340,126,1,131,307,246,182,100
20204,A,골목상권,3110339,국립4.19민주묘지,11,6,5,0,2,2,5,0,2,0,0,2,3,0,1,0,2,0,2,0,1
20204,A,골목상권,3110346,4.19민주묘지역 2번,96,48,48,0,12,13,19,19,33,0,3,7,8,7,23,0,9,6,11,12,10
20204,A,골목상권,3110395,신한은행 방학동지점,163,42,121,0,17,20,44,42,40,0,0,2,11,9,20,0,17,18,33,33,20
20204,A,골목상권,3110403,방학1동주민센터,316,167,149,1,44,56,63,78,74,1,30,37,36,36,27,0,14,19,27,42,47
20204,A,골목상권,3110393,국민은행방학지점,49,13,36,0,2,10,17,15,5,0,0,0,4,6,3,0,2,10,13,9,2
20204,A,골목상권,3110398,쌍문2동우체국,474,326,148,0,30,65,96,153,130,0,11,27,50,124,114,0,19,38,46,29,16
20204,R,전통시장,3130150,창동골목시장,84,47,37,0,19,30,14,8,13,0,7,20,9,5,6,0,12,10,5,3,7
20204,A,골목상권,3110401,도봉구민회관,243,65,178,0,29,32,38,87,57,0,4,14,14,22,11,0,25,18,24,65,46
20204,D,발달상권,3120084,공릉역,712,546,166,3,33,59,110,240,267,1,11,22,63,205,244,2,22,37,47,35,23
20204,A,골목상권,3110419,수락산디자인거리,695,462,233,5,94,131,159,180,126,5,49,76,108,130,94,0,45,55,51,50,32
20204,A,골목상권,3110425,계상초등학교,136,59,77,2,18,12,36,40,28,2,5,7,19,15,11,0,13,5,17,25,17
20204,A,골목상권,3110421,석계역 1번,249,109,140,0,22,37,78,65,47,0,8,16,31,26,28,0,14,21,47,39,19
20204,R,전통시장,3130167,연신내상점가(연빛거리),632,234,398,1,143,140,156,118,74,1,30,48,57,51,47,0,113,92,99,67,27
20204,D,발달상권,3120088,구산역,799,279,520,2,86,117,175,272,147,2,30,65,68,59,55,0,56,52,107,213,92
20204,A,골목상권,3110473,구산역 1번,436,241,195,0,34,59,113,107,123,0,24,27,53,49,88,0,10,32,60,58,35
20204,A,골목상권,3110487,불광역 8번,63,35,28,0,11,22,15,8,7,0,6,11,7,8,3,0,5,11,8,0,4
20204,A,골목상권,3110480,연신내역 3번,161,51,110,0,16,35,52,35,23,0,3,9,17,12,10,0,13,26,35,23,13
20204,A,골목상권,3110474,세명컴퓨터고등학교,119,55,64,0,7,33,28,23,28,0,2,14,11,8,20,0,5,19,17,15,8
20204,A,골목상권,3110482,연신초등학교,11,7,4,0,0,0,4,6,1,0,0,0,3,3,1,0,0,0,1,3,0
20204,A,골목상권,3110455,역촌노인복지관,690,369,321,2,73,120,187,203,105,0,37,64,89,109,70,2,36,56,98,94,35
20204,A,골목상권,3110470,신진과학기술고등학교,93,65,28,0,7,17,34,25,10,0,5,10,26,19,5,0,2,7,8,6,5
20204,A,골목상권,3110475,백련산해모로아파트,245,127,118,1,23,44,76,70,31,1,10,24,44,29,19,0,13,20,32,41,12
20204,D,발달상권,3120089,구파발역,5,1,4,0,0,0,1,2,2,0,0,0,0,1,0,0,0,0,1,1,2
20204,R,전통시장,3130173,백련시장,5,3,2,0,0,1,0,2,2,0,0,1,0,0,2,0,0,0,0,2,0
20204,D,발달상권,3120096,"이화여대(이대역, 이대)",493,210,283,1,81,137,130,86,58,0,27,52,48,43,40,1,54,85,82,43,18
20204,A,골목상권,3110532,아현역 2번,328,204,124,0,52,33,46,78,119,0,17,13,22,57,95,0,35,20,24,21,24
20204,R,전통시장,3130178,이대 앞 스타트업 상점가,30,6,24,0,5,5,8,6,6,0,1,0,3,0,2,0,4,5,5,6,4
20204,A,골목상권,3110517,서대문소방서,884,634,250,8,197,216,203,177,83,5,99,170,163,146,51,3,98,46,40,31,32
20204,A,골목상권,3110512,연희지하차도,335,165,170,0,40,62,102,99,32,0,14,38,44,49,20,0,26,24,58,50,12
20204,A,골목상권,3110536,돈의문센트레빌아파트입구,141,105,36,0,12,23,61,32,13,0,7,17,50,21,10,0,5,6,11,11,3
20204,A,골목상권,3110534,경기대학교,157,88,69,0,10,29,28,42,48,0,7,20,14,19,28,0,3,9,14,23,20
20204,A,골목상권,3110516,정원여중,227,101,126,0,35,40,62,65,25,0,17,18,27,23,16,0,18,22,35,42,9
20204,A,골목상권,3110527,홍제역 2번,185,89,96,1,36,40,36,40,32,1,11,26,15,21,15,0,25,14,21,19,17
20204,A,골목상권,3110572,서강대역 1번,470,254,216,1,63,130,117,116,43,1,32,67,58,66,30,0,31,63,59,50,13
20204,A,골목상권,3110575,대흥동주민센터,208,157,51,2,25,48,36,49,48,2,11,35,25,41,43,0,14,13,11,8,5
20204,D,발달상권,3120100,망원역,846,397,449,4,199,227,191,137,88,2,52,99,101,94,49,2,147,128,90,43,39
20204,R,전통시장,3130185,망원월드컵시장,190,123,67,1,26,69,53,25,16,1,14,43,35,16,14,0,12,26,18,9,2
20204,A,골목상권,3110547,KB국민은행 망원동지점,284,168,116,0,13,47,93,76,55,0,4,25,55,45,39,0,9,22,38,31,16
20204,R,전통시장,3130183,상암동상점가,816,607,209,1,89,204,283,187,52,0,49,150,227,143,38,1,40,54,56,44,14
20204,A,골목상권,3110569,홍대땡땡거리,358,153,205,2,62,108,97,53,36,1,18,48,46,19,21,1,44,60,51,34,15
20204,A,골목상권,3110554,망원역 1번,1579,777,802,2,213,371,508,350,135,2,105,188,241,156,85,0,108,183,267,194,50
20204,A,골목상권,3110551,성서초등학교,803,387,416,1,110,164,235,172,121,1,42,90,114,81,59,0,68,74,121,91,62
20204,R,전통시장,3130198,아현시장,203,45,158,1,51,84,52,10,5,0,8,5,26,4,2,1,43,79,26,6,3
20204,A,골목상권,3110550,합정역 8번,1578,740,838,1,240,411,414,333,179,0,84,165,221,171,99,1,156,246,193,162,80
20204,A,골목상권,3110546,양화대교북단,732,436,296,3,189,254,157,76,53,3,81,126,120,62,44,0,108,128,37,14,9
20204,D,발달상권,3120114,목동신시가지,13498,9371,4127,46,2070,3798,3444,2895,1245,29,1126,2619,2554,2204,839,17,944,1179,890,691,406
20204,A,골목상권,3110619,목4동주민센터,311,203,108,1,51,87,89,64,19,1,16,52,58,57,19,0,35,35,31,7,0
20204,A,골목상권,3110607,금빛새마을금고본점,47,29,18,0,1,10,11,14,11,0,1,4,5,10,9,0,0,6,6,4,2
20204,A,골목상권,3110608,신월2동주민센터,875,454,421,1,51,116,229,273,205,1,23,69,117,127,117,0,28,47,112,146,88
20204,A,골목상권,3110647,화곡역 5번,899,461,438,2,117,230,224,230,96,1,44,138,111,116,51,1,73,92,113,114,45
20204,A,골목상권,3110594,신월중학교,357,182,175,0,35,116,89,85,32,0,10,41,50,52,29,0,25,75,39,33,3
20204,R,전통시장,3130205,신곡종합시장(신월6동 골목시장),141,103,38,1,17,36,39,32,16,0,10,27,33,18,15,1,7,9,6,14,1
20204,A,골목상권,3110602,신월시영아파트중문,674,584,90,1,8,23,81,250,311,0,4,14,55,218,293,1,4,9,26,32,18
20204,A,골목상권,3110600,신월7동주민센터,350,263,87,0,32,30,66,101,121,0,17,14,38,79,115,0,15,16,28,22,6
20204,A,골목상권,3110610,계남근린공원,126,85,41,0,5,11,41,44,25,0,3,6,28,35,13,0,2,5,13,9,12
20204,A,골목상권,3110616,양목초등학교,161,103,58,0,3,23,19,40,76,0,2,18,14,32,37,0,1,5,5,8,39
20204,A,골목상권,3110611,신정역 1번,289,192,97,2,34,57,88,74,34,2,20,42,52,46,30,0,14,15,36,28,4
20204,A,골목상권,3110635,공항시장역 3번,1451,391,1060,4,64,82,162,479,660,1,43,58,63,33,193,3,21,24,99,446,467
20204,D,발달상권,3120122,강서구청,2179,1231,948,4,314,461,494,447,459,2,103,228,271,262,365,2,211,233,223,185,94
20204,A,골목상권,3110638,신방화역 2번,372,202,170,3,53,75,88,87,66,3,22,40,44,43,50,0,31,35,44,44,16
20204,A,골목상권,3110650,우장산힐스테이트,143,116,27,0,23,30,51,20,19,0,15,25,42,17,17,0,8,5,9,3,2
20204,A,골목상권,3110702,개봉초등학교,131,93,38,1,15,18,33,34,30,1,10,13,23,24,22,0,5,5,10,10,8
20204,R,전통시장,3130227,고척골목시장상점가(그라운드 고척),33,14,19,0,4,6,10,8,5,0,0,1,5,5,3,0,4,5,5,3,2
20204,A,골목상권,3110699,덕의초등학교,136,79,57,0,14,22,29,43,28,0,7,14,13,24,21,0,7,8,16,19,7
20204,D,발달상권,3120129,구로디지털단지,48873,32033,16840,196,10422,16630,12386,5777,3462,127,5285,11083,8771,3995,2772,69,5137,5547,3615,1782,690
20204,A,골목상권,3110712,남구로역 5번,233,108,125,1,32,36,66,64,34,0,10,17,24,32,25,1,22,19,42,32,9
20204,A,골목상권,3110720,대림역 2번,228,87,141,0,27,50,65,49,37,0,11,14,18,17,27,0,16,36,47,32,10
20204,R,전통시장,3130231,독산동 우시장,611,476,135,2,31,74,126,196,182,0,16,55,97,145,163,2,15,19,29,51,19
20204,A,골목상권,3110745,독산동정훈단지,251,191,60,0,11,20,33,86,101,0,3,12,22,64,90,0,8,8,11,22,11
20204,D,발달상권,3120134,구로전화국,2014,1668,346,0,107,157,172,223,1355,0,44,75,96,153,1300,0,63,82,76,70,55
20204,A,골목상권,3110755,동일여자고등학교,193,51,142,0,10,24,45,70,44,0,3,8,17,11,12,0,7,16,28,59,32
20204,D,발달상권,3120143,당산역,2671,1987,684,9,326,516,558,517,745,2,194,394,403,386,608,7,132,122,155,131,137
20204,A,골목상권,3110778,구로디지털단지역 4번,1596,862,734,0,248,459,484,224,181,0,122,281,192,136,131,0,126,178,292,88,50
20204,A,골목상권,3110771,대림역 11번,955,604,351,0,22,38,128,210,557,0,21,30,73,131,349,0,1,8,55,79,208
20204,D,발달상권,3120139,대림3동사거리,3619,2404,1215,14,423,867,992,727,596,5,220,632,783,462,302,9,203,235,209,265,294
20204,A,골목상권,3110768,도림2동유수지내체육시설,294,155,139,0,20,43,63,73,95,0,7,22,32,41,53,0,13,21,31,32,42
20204,A,골목상권,3110759,문래예술촌(문래창작촌),4221,2168,2053,9,521,838,1001,1281,571,5,266,553,595,462,287,4,255,285,406,819,284
20204,D,발달상권,3120152,신대방삼거리역,578,278,300,1,66,127,150,148,86,1,22,63,80,70,42,0,44,64,70,78,44
20204,A,골목상권,3110818,신대방역 3번,20,9,11,0,1,3,7,7,2,0,1,3,2,1,2,0,0,0,5,6,0
20204,A,골목상권,3110856,미성초등학교,538,295,243,3,58,85,170,150,72,1,28,44,99,71,52,2,30,41,71,79,20
20204,A,골목상권,3110874,원신초등학교(구세군관악영문교회),46,15,31,1,4,19,7,12,3,1,1,3,3,6,1,0,3,16,4,6,2
20204,A,골목상권,3110879,신림현대아파트,17,7,10,0,2,3,5,5,2,0,1,2,2,2,0,0,1,1,3,3,2
20204,A,골목상권,3110885,영락고등학교,339,213,126,0,37,58,94,88,62,0,18,33,61,56,45,0,19,25,33,32,17
20204,D,발달상권,3120157,신림역(신림),637,257,380,1,96,116,146,139,139,0,19,40,82,49,67,1,77,76,64,90,72
20204,A,골목상권,3110858,신대방역 1번,66,33,33,0,5,9,17,7,28,0,0,1,6,2,24,0,5,8,11,5,4
20204,A,골목상권,3110872,신림초등학교,279,196,83,3,54,68,69,54,31,3,36,54,54,42,7,0,18,14,15,12,24
20204,A,골목상권,3110855,신대방역 2번,429,275,154,2,53,111,126,90,47,0,22,81,83,55,34,2,31,30,43,35,13
20204,R,전통시장,3130276,신림중앙시장(조원동 펭귄시장),39,27,12,0,1,2,13,11,12,0,0,2,7,9,9,0,1,0,6,2,3
20204,A,골목상권,3110947,청계산입구역 2번(내곡동주민센터),112,45,67,0,18,17,27,18,32,0,8,9,14,7,7,0,10,8,13,11,25
20204,D,발달상권,3120177,신논현역 1번,694,436,258,1,84,187,202,143,77,0,34,111,130,106,55,1,50,76,72,37,22
20204,D,발달상권,3120187,신논현역,13076,7778,5298,64,3624,3962,2984,1673,769,27,1516,2302,2121,1247,565,37,2108,1660,863,426,204
20204,A,골목상권,3110913,방현초등학교(방배119안전센터),3293,2109,1184,7,571,1263,876,376,200,4,272,822,625,237,149,3,299,441,251,139,51
20204,A,골목상권,3110934,우면주공아파트,994,674,320,6,197,291,253,161,86,5,83,217,195,110,64,1,114,74,58,51,22
20204,A,골목상권,3110937,방아다리근린공원(횃불트리니티신학대학원대학교),2465,1270,1195,7,634,861,542,318,103,6,246,507,335,113,63,1,388,354,207,205,40
20204,D,발달상권,3120183,양재천카페거리,3558,2626,932,12,586,972,848,551,589,10,364,717,638,413,484,2,222,255,210,138,105
20204,D,발달상권,3120205,매봉역,13950,9370,4580,95,2838,4203,3126,1781,1907,44,1450,2959,2521,1302,1094,51,1388,1244,605,479,813
20204,D,발달상권,3120194,언주역(차병원),12628,8724,3904,37,2790,4202,2802,1923,874,14,1366,2863,2239,1588,654,23,1424,1339,563,335,220
20204,A,골목상권,3110955,논현초등학교,3430,2238,1192,19,719,823,793,625,451,13,417,568,554,389,297,6,302,255,239,236,154
20204,R,전통시장,3130303,영동전통시장,242,95,147,0,21,60,67,58,36,0,7,19,22,24,23,0,14,41,45,34,13
20204,D,발달상권,3120215,포스코사거리,61667,40706,20961,170,9756,22506,18178,8408,2649,29,4305,14324,13853,6409,1786,141,5451,8182,4325,1999,863
20204,A,골목상권,3110992,도곡초등학교,2179,1144,1035,3,269,440,484,524,459,1,108,253,258,260,264,2,161,187,226,264,195
20204,A,골목상권,3110991,삼성중앙역 5번,1246,794,452,1,111,415,339,275,105,1,28,243,229,216,77,0,83,172,110,59,28
20204,A,골목상권,3111000,대왕초등학교(세곡동사거리서남측),39,20,19,0,7,10,12,8,2,0,0,4,10,4,2,0,7,6,2,4,0
20204,A,골목상권,3110999,윗방죽마을공원,268,130,138,2,19,43,44,83,77,1,12,27,27,39,24,1,7,16,17,44,53
20204,R,전통시장,3130302,강남시장(강남구 강남시장),58,33,25,0,13,15,14,8,8,0,7,10,9,2,5,0,6,5,5,6,3
20204,A,골목상권,3110963,역삼월드메르디앙아파트,779,545,234,1,126,183,226,154,89,0,79,144,171,97,54,1,47,39,55,57,35
20204,A,골목상권,3110967,역삼역 8번,377,228,149,0,63,92,89,92,41,0,31,51,60,56,30,0,32,41,29,36,11
20204,A,골목상권,3110972,강남세브란스병원미래의학연구센터,2628,1440,1188,17,539,669,692,581,130,4,240,428,438,258,72,13,299,241,254,323,58
20204,A,골목상권,3110969,베르사이유1아파트,1546,1230,316,4,231,442,483,285,101,2,165,345,402,239,77,2,66,97,81,46,24
20204,R,전통시장,3130307,도곡시장,17,9,8,0,0,3,4,7,3,0,0,2,1,4,2,0,0,1,3,3,1
20204,A,골목상권,3110990,청담역 12번,262,109,153,2,61,92,56,36,15,0,12,32,29,23,13,2,49,60,27,13,2
20204,A,골목상권,3110985,청담근린공원,1338,948,390,0,193,447,374,226,98,0,98,346,275,157,72,0,95,101,99,69,26
20204,R,전통시장,3130308,청담삼익시장,48,30,18,0,5,11,13,7,12,0,3,6,8,4,9,0,2,5,5,3,3
20204,D,발달상권,3120231,가락시장,5698,4083,1615,0,368,1051,1564,1654,1061,0,264,836,1185,1098,700,0,104,215,379,556,361
20204,D,발달상권,3120240,개롱역,1609,1102,507,7,212,314,404,431,241,5,125,230,269,295,178,2,87,84,135,136,63
20204,A,골목상권,3111021,방이역 4번,7683,5874,1809,22,793,1329,1979,2137,1423,15,391,912,1552,1769,1235,7,402,417,427,368,188
20204,A,골목상권,3111008,석촌고분역 3번,1551,1177,374,1,182,286,280,382,420,1,148,237,208,248,335,0,34,49,72,134,85
20204,A,골목상권,3111015,석촌역 3번,1352,778,574,1,151,315,350,351,184,1,72,199,216,181,109,0,79,116,134,170,75
20204,A,골목상권,3111016,송파역 2번,3803,1601,2202,15,1126,1104,801,601,156,8,407,533,427,165,61,7,719,571,374,436,95
20204,A,골목상권,3111038,보인중학교,416,270,146,0,26,66,113,123,88,0,11,38,85,88,48,0,15,28,28,35,40
20204,A,골목상권,3111011,잠실나루역,9608,7747,1861,42,1275,3018,2795,2046,432,18,924,2492,2309,1674,330,24,351,526,486,372,102
20204,A,골목상권,3111003,삼전역 4번,1996,1337,659,6,249,412,549,437,343,1,160,278,332,308,258,5,89,134,217,129,85
20204,R,전통시장,3130311,새마을시장,377,246,131,1,60,78,104,75,59,0,28,48,80,55,35,1,32,30,24,20,24
20204,R,전통시장,3130326,고덕 골목형상점가,935,850,85,0,8,37,165,395,330,0,4,31,147,360,308,0,4,6,18,35,22
20204,A,골목상권,3111088,고덕동성당,123,54,69,0,15,32,32,31,13,0,4,15,10,15,10,0,11,17,22,16,3
20204,A,골목상권,3111071,천동초등학교,76,52,24,0,4,15,21,25,11,0,4,6,18,16,8,0,0,9,3,9,3
20204,A,골목상권,3111079,둔촌고등학교(둔촌중학교),377,197,180,1,43,58,60,76,139,1,28,34,33,28,73,0,15,24,27,48,66
20204,A,골목상권,3111050,강동구청(강동구청역 2번),131,96,35,0,21,14,21,32,43,0,12,5,12,27,40,0,9,9,9,5,3
20204,D,발달상권,3120243,천호역,1395,637,758,6,189,265,331,296,308,2,64,109,143,126,193,4,125,156,188,170,115
20204,A,골목상권,3111062,둔촌동역 3번(성내3동주민센터),751,501,250,5,134,198,194,144,76,5,81,139,126,91,59,0,53,59,68,53,17
20204,A,골목상권,3111066,암사동성당(효정하나플러스아파트),417,255,162,3,46,103,101,113,51,0,14,53,66,91,31,3,32,50,35,22,20
20204,A,골목상권,3111052,암사역 3번(천호동자전거거리),357,228,129,1,26,71,117,94,48,1,11,47,76,58,35,0,15,24,41,36,13
20204,A,골목상권,3111069,천호1동주민센터,79,54,25,0,8,17,17,26,11,0,4,12,14,14,10,0,4,5,3,12,1
20204,A,골목상권,3111048,천호역 1번(천호문구완구거리),183,101,82,3,18,52,44,42,24,2,10,24,26,23,16,1,8,28,18,19,8
20204,A,골목상권,3110003,세검정초등학교,607,337,270,7,78,120,167,167,68,6,35,45,103,96,52,1,43,75,64,71,16
20204,R,전통시장,3130020,동묘시장(동묘벼룩시장),407,177,230,5,154,93,73,58,24,5,43,31,45,32,21,0,111,62,28,26,3
20204,R,전통시장,3130005,세운상가가동,133,93,40,0,7,34,35,21,36,0,5,23,28,8,29,0,2,11,7,13,7
20204,D,발달상권,3120004,종로구청,12937,7078,5859,9,1442,4392,4485,2080,529,4,432,2050,2756,1493,343,5,1010,2342,1729,587,186
20204,R,전통시장,3130004,낙원시장(낙원지하시장(대일상가)),364,258,106,0,29,70,99,78,88,0,14,51,68,57,68,0,15,19,31,21,20
20204,R,전통시장,3130010,종로신진시장,200,113,87,0,20,29,55,48,48,0,14,17,24,26,32,0,6,12,31,22,16
20204,A,골목상권,3110032,수족관거리,30,15,15,0,3,5,4,13,5,0,2,1,2,7,3,0,1,4,2,6,2
20204,U,관광특구,3001493,동대문패션타운 관광특구,5916,2900,3016,36,1415,1672,1133,1020,640,13,536,733,643,584,391,23,879,939,490,436,249
20204,A,골목상권,3110049,장충단 고개,2303,1240,1063,4,566,582,448,431,272,2,174,314,281,257,212,2,392,268,167,174,60
20204,D,발달상권,3120039,신당역,2348,1249,1099,31,795,488,410,342,282,11,348,245,228,226,191,20,447,243,182,116,91
20204,A,골목상권,3110041,남산케이블카,967,435,532,2,118,152,175,254,266,2,51,69,83,87,143,0,67,83,92,167,123
20204,R,전통시장,3130052,서울중앙시장(신중앙시장),479,342,137,0,106,156,101,61,55,0,80,110,57,45,50,0,26,46,44,16,5
20204,D,발달상권,3120036,장충동족발거리(남소영길),2289,1090,1199,14,616,783,556,223,97,0,122,393,365,155,55,14,494,390,191,68,42
20204,A,골목상권,3110054,청구역 3번,1542,854,688,3,259,378,315,340,247,1,90,204,220,215,124,2,169,174,95,125,123
20204,R,전통시장,3130056,용산용문시장,65,34,31,0,7,15,18,10,15,0,4,6,7,6,11,0,3,9,11,4,4
20204,A,골목상권,3110080,해방촌예술마을,311,168,143,0,53,71,88,58,41,0,18,40,52,31,27,0,35,31,36,27,14
20204,A,골목상권,3110065,남정초등학교,137,92,45,0,17,45,48,17,10,0,9,37,31,10,5,0,8,8,17,7,5
20204,A,골목상권,3110579,마포역 4번,750,563,187,2,54,162,247,219,66,1,37,124,188,165,48,1,17,38,59,54,18
20204,D,발달상권,3120046,이태원(이태원역),2285,1299,986,24,818,684,339,224,196,15,389,422,205,137,131,9,429,262,134,87,65
20204,D,발달상권,3120044,삼각지역,1905,1415,490,5,357,534,461,374,174,5,220,403,384,278,125,0,137,131,77,96,49
20204,A,골목상권,3110123,마장역 3번,511,382,129,0,42,56,91,185,137,0,21,36,63,141,121,0,21,20,28,44,16
20204,A,골목상권,3110121,한양대역 4번,45,30,15,0,3,10,8,11,13,0,2,5,5,7,11,0,1,5,3,4,2
20204,D,발달상권,3120049,왕십리역(왕십리),1459,1004,455,1,183,301,377,468,129,1,92,187,272,371,81,0,91,114,105,97,48
20204,A,골목상권,3110127,성수1가1동주민센터,290,157,133,0,31,55,56,100,48,0,11,40,31,47,28,0,20,15,25,53,20
20204,D,발달상권,3120051,뚝섬역,3944,2582,1362,20,703,946,867,651,757,15,446,646,549,445,481,5,257,300,318,206,276
20204,R,전통시장,3130071,성수역 골목형상점가,335,180,155,1,61,89,70,43,71,0,27,43,43,29,38,1,34,46,27,14,33
20204,A,골목상권,3110114,왕십리파출소,33,19,14,0,3,2,8,14,6,0,1,1,4,8,5,0,2,1,4,6,1
20204,A,골목상권,3110174,아차산역 1번,432,305,127,1,49,80,115,104,83,1,25,57,76,69,77,0,24,23,39,35,6
20204,A,골목상권,3110140,건대입구역 6번,429,268,161,6,37,67,113,120,86,5,17,34,65,83,64,1,20,33,48,37,22
20204,A,골목상권,3110152,중곡어린이공원,340,300,40,0,17,29,64,121,109,0,10,21,55,109,105,0,7,8,9,12,4
20204,A,골목상권,3110161,중곡역 3번,236,135,101,3,11,33,58,65,66,0,2,16,37,40,40,3,9,17,21,25,26
20204,R,전통시장,3130084,신성시장(신성골목시장),21,6,15,0,3,5,8,4,1,0,0,1,2,2,1,0,3,4,6,2,0
20204,A,골목상권,3110141,건대입구역 1번,213,138,75,1,23,49,67,48,25,1,11,27,51,32,16,0,12,22,16,16,9
20204,A,골목상권,3110144,어린이대공원역 4번,104,49,55,0,35,17,21,19,12,0,9,10,11,10,9,0,26,7,10,9,3
20204,R,전통시장,3130097,답십리 건축자재시장,291,188,103,1,16,42,42,36,154,0,7,34,23,19,105,1,9,8,19,17,49
20204,A,골목상권,3110209,답십리 장령당공원,83,52,31,0,3,11,28,19,22,0,1,5,16,15,15,0,2,6,12,4,7
20204,R,전통시장,3130101,답십리현대시장,8,5,3,0,0,1,3,2,2,0,0,1,1,2,1,0,0,0,2,0,1
20204,A,골목상권,3110186,종암초등학교,114,86,28,0,9,21,16,34,34,0,3,18,10,26,29,0,6,3,6,8,5
20204,A,골목상권,3110221,의릉,95,69,26,0,10,12,36,29,8,0,6,10,24,22,7,0,4,2,12,7,1
20204,A,골목상권,3110202,전농1동주민센터(전농시장),111,68,43,0,14,35,31,20,11,0,9,19,21,14,5,0,5,16,10,6,6
20204,A,골목상권,3110206,텃골근린공원,92,37,55,0,8,14,25,24,21,0,4,7,8,8,10,0,4,7,17,16,11
20204,R,전통시장,3130094,청량리청과물시장,54,24,30,0,7,13,17,7,10,0,0,4,10,2,8,0,7,9,7,5,2
20204,R,전통시장,3130095,청량리전통시장,95,38,57,0,6,16,18,33,22,0,4,6,9,10,9,0,2,10,9,23,13
20204,A,골목상권,3110199,홍릉시장,65,41,24,0,11,15,18,14,7,0,8,8,10,9,6,0,3,7,8,5,1
20204,A,골목상권,3110219,삼육보건대학교,251,146,105,0,18,42,70,81,40,0,11,20,32,52,31,0,7,22,38,29,9
20204,A,골목상권,3110268,망우3동주민센터,60,30,30,0,10,13,10,18,9,0,1,5,7,10,7,0,9,8,3,8,2
20204,R,전통시장,3130114,유영시장,31,20,11,0,9,5,3,8,6,0,7,2,2,5,4,0,2,3,1,3,2
20204,A,골목상권,3110237,메가박스 상봉,274,152,122,0,30,67,97,54,26,0,13,37,48,36,18,0,17,30,49,18,8
20204,A,골목상권,3110258,면동초등학교,260,99,161,0,32,49,79,66,34,0,1,20,28,34,16,0,31,29,51,32,18
20204,A,골목상권,3110254,오거리공원,259,90,169,1,19,75,79,53,32,0,6,15,35,22,12,1,13,60,44,31,20
20204,A,골목상권,3110264,면목역 2번,358,170,188,1,52,75,93,80,57,0,21,40,40,37,32,1,31,35,53,43,25
20211,A,골목상권,3110657,양천향교역 5번,3180,2118,1062,12,334,603,741,695,795,8,191,396,493,385,645,4,143,207,248,310,150
20211,A,골목상권,3110648,양천향교역 7번,13,5,8,0,1,7,1,3,1,0,0,3,1,1,0,0,1,4,0,2,1
20211,A,골목상권,3110671,등촌1동주민센터,4521,2889,1632,8,1208,1381,956,636,332,2,375,916,788,522,286,6,833,465,168,114,46
20211,R,전통시장,3130214,송화벽화시장(송화골목시장),119,44,75,2,23,18,25,33,18,0,6,7,9,13,9,2,17,11,16,20,9
20211,A,골목상권,3110668,화곡2동주민센터,471,278,193,0,55,70,139,127,80,0,22,33,81,77,65,0,33,37,58,50,15
20211,A,골목상권,3110646,푸른들청소년도서관,754,384,370,1,92,113,198,187,163,1,26,47,97,99,114,0,66,66,101,88,49
20211,R,전통시장,3130221,"남부골목시장(남부화곡시장, 남부시장)",188,69,119,0,22,32,50,57,27,0,5,5,15,22,22,0,17,27,35,35,5
20211,A,골목상권,3110658,화곡초등학교,253,153,100,0,21,55,62,69,46,0,10,35,36,44,28,0,11,20,26,25,18
20211,A,골목상권,3110721,가리봉파출소,215,104,111,1,6,36,42,42,88,0,2,19,17,22,44,1,4,17,25,20,44
20211,A,골목상권,3110703,개봉역,307,192,115,4,28,54,91,77,53,3,16,30,54,49,40,1,12,24,37,28,13
20211,A,골목상권,3110706,그라운드 고척,410,100,310,0,122,101,101,68,18,0,22,20,28,20,10,0,100,81,73,48,8
20211,A,골목상권,3110701,고척동성당,567,379,188,2,126,185,125,92,37,0,81,133,82,54,29,2,45,52,43,38,8
20211,A,골목상권,3110709,구로119안전센터,185,108,77,0,19,22,56,51,37,0,14,13,36,29,16,0,5,9,20,22,21
20211,A,골목상권,3110716,구로나눔길,666,398,268,1,132,256,164,77,36,0,39,154,115,60,30,1,93,102,49,17,6
20211,D,발달상권,3120125,구로역,9531,6476,3055,29,1115,2177,2439,2305,1466,14,646,1505,1615,1580,1116,15,469,672,824,725,350
20211,A,골목상권,3110693,오류동역 4번,17,9,8,0,1,3,5,4,4,0,1,3,2,2,1,0,0,0,3,2,3
20211,A,골목상권,3110741,독산2동주민센터,444,159,285,0,69,117,96,108,54,0,43,35,26,33,22,0,26,82,70,75,32
20211,A,골목상권,3110789,대림성모병원,491,182,309,0,104,137,115,93,42,0,16,44,49,43,30,0,88,93,66,50,12
20211,A,골목상권,3110769,대림차이나타운(대림역 12번),42,12,30,0,6,8,12,10,6,0,0,3,4,3,2,0,6,5,8,7,4
20211,R,전통시장,3130244,대림중앙시장,94,39,55,3,15,16,21,16,23,2,10,8,10,5,4,1,5,8,11,11,19
20211,A,골목상권,3110772,신우어린이공원,94,55,39,0,9,15,22,26,22,0,5,8,12,19,11,0,4,7,10,7,11
20211,A,골목상권,3110785,영등포푸르지오아파트,161,84,77,2,13,17,39,44,46,2,8,12,24,14,24,0,5,5,15,30,22
20211,A,골목상권,3110761,문래동남성맨션,180,106,74,0,13,43,45,41,38,0,8,17,26,25,30,0,5,26,19,16,8
20211,R,전통시장,3130245,영일시장,675,567,108,1,61,189,238,136,50,0,41,148,217,115,46,1,20,41,21,21,4
20211,A,골목상권,3110758,문래소공원,296,221,75,1,44,77,70,67,37,0,32,60,46,52,31,1,12,17,24,15,6
20211,A,골목상권,3110815,공군호텔,2250,791,1459,4,426,519,477,509,315,0,88,197,168,172,166,4,338,322,309,337,149
20211,A,골목상권,3110787,신길3동주민센터,171,122,49,0,19,35,47,42,28,0,8,25,36,31,22,0,11,10,11,11,6
20211,A,골목상권,3110780,신길대성유니드아파트,223,171,52,0,22,42,71,56,32,0,18,34,51,41,27,0,4,8,20,15,5
20211,A,골목상권,3110804,신풍역 1번,312,187,125,0,15,37,62,63,135,0,4,15,29,35,104,0,11,22,33,28,31
20211,D,발달상권,3120150,63빌딩,8614,5431,3183,45,1167,2157,2997,1883,365,18,610,1437,1563,1568,235,27,557,720,1434,315,130
20211,D,발달상권,3120144,영중로,2017,1073,944,1,254,395,508,598,261,1,142,276,289,230,135,0,112,119,219,368,126
20211,A,골목상권,3110808,신길역 1번,67,48,19,0,3,22,21,13,8,0,3,15,14,9,7,0,0,7,7,4,1
20211,A,골목상권,3110832,노량진초등학교,491,269,222,0,54,105,122,153,57,0,24,64,85,70,26,0,30,41,37,83,31
20211,R,전통시장,3130266,만양로상점가,2,1,1,0,0,0,2,0,0,0,0,0,1,0,0,0,0,0,1,0,0
20211,A,골목상권,3110822,신대방삼거리역 4번(대림초등학교),313,131,182,0,57,71,68,76,41,0,13,28,34,35,21,0,44,43,34,41,20
20211,A,골목상권,3110850,사당역 10번,969,487,482,4,217,207,185,162,194,1,54,88,92,95,157,3,163,119,93,67,37
20211,R,전통시장,3130273,남성사계시장(남성시장),141,63,78,0,21,36,45,22,17,0,3,19,20,8,13,0,18,17,25,14,4
20211,R,전통시장,3130260,신대방1동골목상권,70,31,39,0,8,22,15,15,10,0,0,7,7,10,7,0,8,15,8,5,3
20211,R,전통시장,3130281,우림시장,1,0,1,0,0,0,1,0,0,0,0,0,0,0,0,0,0,0,1,0,0
20211,A,골목상권,3110859,난향초등학교,182,113,69,0,11,32,42,52,45,0,0,21,27,30,35,0,11,11,15,22,10
20211,A,골목상권,3110886,관악해태어린이공원,184,103,81,1,38,50,41,34,20,1,18,28,21,23,12,0,20,22,20,11,8
20211,A,골목상권,3110880,신림역 1번,995,275,720,0,379,296,157,128,35,0,78,87,66,33,11,0,301,209,91,95,24
20211,A,골목상권,3110888,청룡동주민센터,94,53,41,0,5,9,11,22,47,0,3,2,4,6,38,0,2,7,7,16,9
20211,A,골목상권,3110896,관악우성아파트,202,49,153,0,41,37,44,47,33,0,5,7,11,13,13,0,36,30,33,34,20
20211,A,골목상권,3110948,헌인가구단지,57,27,30,0,5,24,14,11,3,0,4,12,6,2,3,0,1,12,8,9,0
20211,D,발달상권,3120165,서래마을카페거리(서래마을),3467,2266,1201,11,605,1119,949,516,267,3,277,716,707,369,194,8,328,403,242,147,73
20211,A,골목상권,3110921,서울프랑스학교,506,312,194,7,63,70,115,134,117,2,30,43,80,86,71,5,33,27,35,48,46
20211,A,골목상권,3110907,방배초등학교,775,476,299,8,119,165,211,143,129,5,54,100,118,95,104,3,65,65,93,48,25
20211,A,골목상권,3110912,방배동사이길,210,128,82,3,33,45,53,42,34,2,16,27,39,21,23,1,17,18,14,21,11
20211,A,골목상권,3110933,한국상담대학원대학교,679,60,619,0,344,156,86,63,30,0,10,15,15,5,15,0,334,141,71,58,15
20211,D,발달상권,3120172,교대입구교차로,10241,5712,4529,53,2062,2700,2445,1945,1036,33,854,1635,1489,1004,697,20,1208,1065,956,941,339
20211,A,골목상권,3110935,한전아트센터,379,264,115,2,53,108,105,72,39,2,33,82,75,46,26,0,20,26,30,26,13
20211,D,발달상권,3120192,뱅뱅사거리,27363,18865,8498,72,5748,8234,6678,4352,2279,37,3275,5587,5090,3174,1702,35,2473,2647,1588,1178,577
20211,D,발달상권,3120180,양재화물트럭터미널앞,2562,2146,416,13,637,812,554,409,137,10,466,711,481,363,115,3,171,101,73,46,22
20211,A,골목상권,3110984,포이초등학교(개포목련어린이공원),1556,1046,510,2,236,342,331,306,339,0,140,241,211,199,255,2,96,101,120,107,84
20211,D,발달상권,3120190,강남을지병원,11725,6199,5526,44,3417,3232,2506,1512,1014,14,1228,1650,1567,988,752,30,2189,1582,939,524,262
20211,D,발달상권,3120196,서울세관,9664,5880,3784,15,1699,2887,2578,1611,874,2,596,1519,1718,1320,725,13,1103,1368,860,291,149
20211,D,발달상권,3120200,학동사거리,9363,3808,5555,26,2868,3075,1848,1005,541,9,654,1122,937,687,399,17,2214,1953,911,318,142
20211,D,발달상권,3120223,휘문고교사거리,9166,5574,3592,20,1785,2926,2736,1401,298,4,1102,2061,1597,609,201,16,683,865,1139,792,97
20211,A,골목상권,3110975,매봉역 1번,10837,6932,3905,34,2175,2199,3202,3019,208,21,1010,1161,2184,2402,154,13,1165,1038,1018,617,54
20211,A,골목상권,3110978,도곡2동주민센터(대치중학교),331,186,145,0,46,70,72,114,29,0,20,41,47,62,16,0,26,29,25,52,13
20211,A,골목상권,3110974,언주중학교,278,168,110,3,58,66,85,43,23,3,25,39,59,27,15,0,33,27,26,16,8
20211,D,발달상권,3120188,압구정역,8579,3750,4829,134,2204,2146,1550,1314,1231,47,698,969,897,556,583,87,1506,1177,653,758,648
20211,D,발달상권,3120202,압구정로데오역(압구정로데오),11735,6075,5660,41,2963,4419,2469,1425,418,11,793,2184,1593,1195,299,30,2170,2235,876,230,119
20211,A,골목상권,3110971,선정릉역 4번,1542,900,642,11,278,455,380,254,164,6,140,270,245,120,119,5,138,185,135,134,45
20211,D,발달상권,3120239,오금역,4595,2925,1670,17,840,1205,1156,897,480,11,447,798,824,483,362,6,393,407,332,414,118
20211,D,발달상권,3120241,거여역,1197,650,547,5,110,221,296,277,288,2,80,152,161,83,172,3,30,69,135,194,116
20211,A,골목상권,3111026,문정역 2번,2257,1479,778,7,430,626,537,409,248,3,235,420,381,229,211,4,195,206,156,180,37
20211,A,골목상권,3111017,송파나루역 3번,272,183,89,0,40,62,62,63,45,0,14,42,42,45,40,0,26,20,20,18,5
20211,A,골목상권,3111010,석촌역 7번,1512,1031,481,3,181,309,376,339,304,1,98,190,261,234,247,2,83,119,115,105,57
20211,A,골목상권,3111040,거여초등학교,346,137,209,0,26,86,124,77,33,0,9,27,48,30,23,0,17,59,76,47,10
20211,A,골목상권,3111034,오동나무공원(송파레미니스1단지),1465,1038,427,3,253,373,355,322,159,3,163,257,267,226,122,0,90,116,88,96,37
20211,A,골목상권,3111030,방이역 2번,665,419,246,1,57,107,147,217,136,0,28,68,94,128,101,1,29,39,53,89,35
20211,D,발달상권,3120225,잠실새내역(신천),5597,3589,2008,25,909,1191,1223,1162,1087,3,464,712,794,811,805,22,445,479,429,351,282
20211,A,골목상권,3111085,묘곡초등학교(고덕아이파크아파트),800,452,348,0,68,111,152,196,273,0,35,72,80,84,181,0,33,39,72,112,92
20211,A,골목상권,3111077,길동주민센터(강동도서관),1272,737,535,4,121,258,294,321,274,1,49,138,167,188,194,3,72,120,127,133,80
20211,R,전통시장,3130324,길동복조리시장,154,85,69,3,27,32,47,40,5,2,13,18,31,19,2,1,14,14,16,21,3
20211,D,발달상권,3120245,둔촌역,1884,1135,749,7,312,460,446,371,288,6,169,309,271,195,185,1,143,151,175,176,103
20211,A,골목상권,3111076,둔촌2동주민센터,297,174,123,0,25,49,61,86,76,0,14,24,34,39,63,0,11,25,27,47,13
20211,A,골목상권,3111080,굽은다리역 3번,434,235,199,0,44,77,100,110,103,0,12,52,63,58,50,0,32,25,37,52,53
20211,R,전통시장,3130320,암사종합시장,173,97,76,1,16,29,50,31,46,1,5,12,31,19,29,0,11,17,19,12,17
20211,R,전통시장,3130002,세종마을음식문화거리(금천교시장),564,392,172,4,56,109,120,121,154,0,26,74,75,90,127,4,30,35,45,31,27
20211,A,골목상권,3110037,신설동역 12번,208,124,84,0,16,46,51,61,34,0,6,20,32,41,25,0,10,26,19,20,9
20211,D,발달상권,3120014,종로5가역,4887,2839,2048,375,1123,1351,1205,597,236,112,456,860,851,397,163,263,667,491,354,200,73
20211,A,골목상권,3110029,동대문역 1번,247,68,179,0,11,34,64,82,56,0,1,8,25,21,13,0,10,26,39,61,43
20211,A,골목상권,3110021,성균관대학교,395,301,94,2,16,44,110,145,78,2,7,29,89,124,50,0,9,15,21,21,28
20211,R,전통시장,3130032,인현시장,167,123,44,0,3,25,47,54,38,0,3,16,35,40,29,0,0,9,12,14,9
20211,A,골목상권,3110056,신당역 3번,514,293,221,0,62,129,118,115,90,0,31,63,69,72,58,0,31,66,49,43,32
20211,D,발달상권,3120027,명동역(명동재미로),18097,8477,9620,67,2695,5851,6070,3074,340,9,859,2588,2522,2321,178,58,1836,3263,3548,753,162
20211,R,전통시장,3130054,황학동주방가구거리상점가,374,266,108,0,25,80,116,106,47,0,18,60,77,74,37,0,7,20,39,32,10
20211,A,골목상권,3110050,약수역 7번,306,229,77,0,34,81,75,74,42,0,21,59,60,56,33,0,13,22,15,18,9
20211,A,골목상권,3110042,남산골공원옆,683,424,259,3,91,156,195,166,72,0,37,89,131,121,46,3,54,67,64,45,26
20211,A,골목상권,3110088,오산고등학교,101,51,50,0,22,20,19,15,25,0,9,9,8,8,17,0,13,11,11,7,8
20211,A,골목상권,3110090,한국폴리텍대학서울정수캠퍼스,3968,2447,1521,1,446,1358,1632,500,31,1,173,548,1231,467,27,0,273,810,401,33,4
20211,A,골목상권,3110063,효창공원앞역 5번,530,347,183,8,47,104,139,132,100,6,25,71,93,87,65,2,22,33,46,45,35
20211,D,발달상권,3120040,용산전자상가(용산역),8008,5959,2049,43,1387,2728,2220,1237,393,30,880,2009,1728,997,315,13,507,719,492,240,78
20211,A,골목상권,3110058,성심여자고등학교,1189,857,332,10,168,333,362,206,110,3,77,243,278,166,90,7,91,90,84,40,20
20211,A,골목상권,3110087,이태원엔틱가구거리,329,113,216,0,151,130,29,10,9,0,26,52,19,8,8,0,125,78,10,2,1
20211,A,골목상권,3110067,배문고등학교,1547,895,652,1,215,370,383,320,258,0,84,173,199,225,214,1,131,197,184,95,44
20211,D,발달상권,3120047,한남오거리,2290,1458,832,11,366,751,623,343,196,9,152,461,438,249,149,2,214,290,185,94,47
20211,A,골목상권,3110098,서울독일학교,242,91,151,0,57,85,68,23,9,0,15,22,34,15,5,0,42,63,34,8,4
20211,A,골목상권,3110096,한남힐사이드아파트,502,337,165,3,155,183,85,47,29,3,89,132,63,26,24,0,66,51,22,21,5
20211,D,발달상권,3120048,금호역,76,28,48,0,16,10,18,21,11,0,2,2,6,11,7,0,14,8,12,10,4
20211,R,전통시장,3130063,신금호역 골목형상점가,30,21,9,0,2,4,5,9,10,0,1,3,4,7,6,0,1,1,1,2,4
20211,A,골목상권,3110119,마장지하차도,127,89,38,0,17,26,32,26,26,0,12,22,19,18,18,0,5,4,13,8,8
20211,A,골목상권,3110131,성수동카페거리,4798,3110,1688,15,902,1536,1123,699,523,9,460,993,777,497,374,6,442,543,346,202,149
20211,A,골목상권,3110134,성수119안전센터,771,587,184,4,65,108,185,252,157,4,38,78,143,200,124,0,27,30,42,52,33
20211,A,골목상권,3110136,경수초등학교,4745,2743,2002,43,1169,1097,978,875,583,32,439,633,615,593,431,11,730,464,363,282,152
20211,A,골목상권,3110100,옥수동우편취급국,37,26,11,0,5,17,8,5,2,0,0,14,6,4,2,0,5,3,2,1,0
20211,A,골목상권,3110118,왕십리역 9번,697,487,210,1,90,182,204,129,91,0,62,110,144,93,78,1,28,72,60,36,13
20211,D,발달상권,3120061,올림픽대교북단,1094,864,230,1,228,403,324,95,43,0,165,326,290,55,28,1,63,77,34,40,15
20211,D,발달상권,3120056,구의역,1879,884,995,6,322,352,510,413,276,6,105,129,223,246,175,0,217,223,287,167,101
20211,D,발달상권,3120059,구삼강변맛길,3277,1779,1498,6,431,676,553,747,864,4,244,472,365,322,372,2,187,204,188,425,492
20211,A,골목상권,3110149,세종대학교,122,72,50,0,15,21,31,23,32,0,8,13,19,7,25,0,7,8,12,16,7
20211,A,골목상권,3110155,광진구청,8356,7701,655,0,240,853,2408,4046,809,0,172,765,2256,3748,760,0,68,88,152,298,49
20211,A,골목상권,3110139,자양4동주민센터,204,116,88,0,13,28,53,51,59,0,3,14,32,25,42,0,10,14,21,26,17
20211,R,전통시장,3130077,조양시장,31,19,12,0,11,7,8,5,0,0,6,5,4,4,0,0,5,2,4,1,0
20211,A,골목상권,3110167,용마초등학교,380,223,157,2,22,56,99,112,89,0,9,20,52,64,78,2,13,36,47,48,11
20211,A,골목상권,3110176,해오름공원,791,439,352,1,84,212,229,173,92,1,32,119,126,91,70,0,52,93,103,82,22
20211,A,골목상권,3110204,간데메공원,411,268,143,3,83,97,82,89,57,3,57,64,46,58,40,0,26,33,36,31,17
20211,A,골목상권,3110226,장안1동주민센터,1882,1005,877,2,147,247,333,512,641,2,87,148,213,253,302,0,60,99,120,259,339
20211,A,골목상권,3110211,전곡마을마당공원,626,445,181,1,66,101,170,194,94,0,45,73,129,143,55,1,21,28,41,51,39
20211,A,골목상권,3110207,시립대앞사거리,33,21,12,0,4,10,6,5,8,0,2,8,3,3,5,0,2,2,3,2,3
20211,R,전통시장,3130086,서울약령시장,1184,651,533,4,113,208,305,341,213,0,56,128,165,181,121,4,57,80,140,160,92
20211,R,전통시장,3130087,경동광성상가(경동시장),28,20,8,0,5,3,8,7,5,0,3,2,6,5,4,0,2,1,2,2,1
20211,A,골목상권,3110198,동대문중앙새마을금고본점,67,26,41,0,1,0,18,37,11,0,0,0,8,10,8,0,1,0,10,27,3
20211,A,골목상권,3110200,동대문경찰서,74,50,24,0,1,6,21,13,33,0,0,1,11,6,32,0,1,5,10,7,1
20211,R,전통시장,3130115,우림골목시장,307,106,201,2,80,61,68,64,32,0,29,11,30,20,16,2,51,50,38,44,16
20211,A,골목상권,3110256,면목2동체육관,477,321,156,2,56,66,82,140,131,1,21,35,45,109,110,1,35,31,37,31,21
20211,A,골목상권,3110266,면목동우체국,225,182,43,0,10,31,38,79,67,0,1,19,30,69,63,0,9,12,8,10,4
20211,A,골목상권,3110236,신묵초등학교,1015,836,179,0,185,302,228,255,45,0,135,246,194,228,33,0,50,56,34,27,12
20211,A,골목상권,3110267,망우역 2번,139,49,90,1,15,28,50,28,17,1,2,10,19,13,4,0,13,18,31,15,13
20211,A,골목상권,3110234,중랑역 4번,96,41,55,0,15,16,23,25,17,0,2,5,10,14,10,0,13,11,13,11,7
20211,R,전통시장,3130121,길음시장,88,19,69,0,36,24,10,8,10,0,2,5,3,2,7,0,34,19,7,6,3
20211,A,골목상권,3110321,동덕여대,58,14,44,0,0,4,13,18,23,0,0,4,4,4,2,0,0,0,9,14,21
20211,A,골목상권,3110324,월곡역 4번,99,55,44,0,31,21,19,18,10,0,9,10,13,14,9,0,22,11,6,4,1
20211,A,골목상권,3110298,솔숲어린이공원,77,28,49,0,18,11,24,12,12,0,3,5,7,5,8,0,15,6,17,7,4
20211,A,골목상권,3110314,종암경찰서,949,699,250,1,127,271,223,286,41,0,72,206,162,231,28,1,55,65,61,55,13
20211,A,골목상권,3110365,미아역 5번,341,83,258,0,17,21,44,63,196,0,5,12,15,17,34,0,12,9,29,46,162
20211,A,골목상권,3110368,송천초등학교,199,178,21,0,9,16,39,71,64,0,5,11,34,66,62,0,4,5,5,5,2
20211,A,골목상권,3110352,수유1동주민센터,275,112,163,0,23,49,101,79,23,0,11,22,37,29,13,0,12,27,64,50,10
20211,A,골목상권,3110349,화계역 2번,83,67,16,0,6,4,21,33,19,0,5,3,12,28,19,0,1,1,9,5,0
20211,A,골목상권,3110367,강북구청,1943,976,967,5,195,512,483,522,226,4,64,205,237,340,126,1,131,307,246,182,100
20211,A,골목상권,3110339,국립4.19민주묘지,11,6,5,0,2,2,5,0,2,0,0,2,3,0,1,0,2,0,2,0,1
20211,A,골목상권,3110346,4.19민주묘지역 2번,96,48,48,0,12,13,19,19,33,0,3,7,8,7,23,0,9,6,11,12,10
20211,A,골목상권,3110395,신한은행 방학동지점,163,42,121,0,17,20,44,42,40,0,0,2,11,9,20,0,17,18,33,33,20
20211,A,골목상권,3110403,방학1동주민센터,316,167,149,1,44,56,63,78,74,1,30,37,36,36,27,0,14,19,27,42,47
20211,A,골목상권,3110393,국민은행방학지점,49,13,36,0,2,10,17,15,5,0,0,0,4,6,3,0,2,10,13,9,2
20211,A,골목상권,3110398,쌍문2동우체국,474,326,148,0,30,65,96,153,130,0,11,27,50,124,114,0,19,38,46,29,16
20211,R,전통시장,3130150,창동골목시장,84,47,37,0,19,30,14,8,13,0,7,20,9,5,6,0,12,10,5,3,7
20211,A,골목상권,3110401,도봉구민회관,243,65,178,0,29,32,38,87,57,0,4,14,14,22,11,0,25,18,24,65,46
20211,D,발달상권,3120084,공릉역,712,546,166,3,33,59,110,240,267,1,11,22,63,205,244,2,22,37,47,35,23
20211,A,골목상권,3110419,수락산디자인거리,695,462,233,5,94,131,159,180,126,5,49,76,108,130,94,0,45,55,51,50,32
20211,A,골목상권,3110425,계상초등학교,136,59,77,2,18,12,36,40,28,2,5,7,19,15,11,0,13,5,17,25,17
20211,A,골목상권,3110421,석계역 1번,249,109,140,0,22,37,78,65,47,0,8,16,31,26,28,0,14,21,47,39,19
20211,R,전통시장,3130167,연신내상점가(연빛거리),632,234,398,1,143,140,156,118,74,1,30,48,57,51,47,0,113,92,99,67,27
20211,D,발달상권,3120088,구산역,799,279,520,2,86,117,175,272,147,2,30,65,68,59,55,0,56,52,107,213,92
20211,A,골목상권,3110473,구산역 1번,436,241,195,0,34,59,113,107,123,0,24,27,53,49,88,0,10,32,60,58,35
20211,A,골목상권,3110487,불광역 8번,63,35,28,0,11,22,15,8,7,0,6,11,7,8,3,0,5,11,8,0,4
20211,A,골목상권,3110480,연신내역 3번,161,51,110,0,16,35,52,35,23,0,3,9,17,12,10,0,13,26,35,23,13
20211,A,골목상권,3110474,세명컴퓨터고등학교,119,55,64,0,7,33,28,23,28,0,2,14,11,8,20,0,5,19,17,15,8
20211,A,골목상권,3110482,연신초등학교,11,7,4,0,0,0,4,6,1,0,0,0,3,3,1,0,0,0,1,3,0
20211,A,골목상권,3110455,역촌노인복지관,690,369,321,2,73,120,187,203,105,0,37,64,89,109,70,2,36,56,98,94,35
20211,A,골목상권,3110470,신진과학기술고등학교,93,65,28,0,7,17,34,25,10,0,5,10,26,19,5,0,2,7,8,6,5
20211,A,골목상권,3110475,백련산해모로아파트,245,127,118,1,23,44,76,70,31,1,10,24,44,29,19,0,13,20,32,41,12
20211,D,발달상권,3120089,구파발역,5,1,4,0,0,0,1,2,2,0,0,0,0,1,0,0,0,0,1,1,2
20211,R,전통시장,3130173,백련시장,5,3,2,0,0,1,0,2,2,0,0,1,0,0,2,0,0,0,0,2,0
20211,D,발달상권,3120096,"이화여대(이대역, 이대)",493,210,283,1,81,137,130,86,58,0,27,52,48,43,40,1,54,85,82,43,18
20211,A,골목상권,3110532,아현역 2번,328,204,124,0,52,33,46,78,119,0,17,13,22,57,95,0,35,20,24,21,24
20211,R,전통시장,3130178,이대 앞 스타트업 상점가,30,6,24,0,5,5,8,6,6,0,1,0,3,0,2,0,4,5,5,6,4
20211,A,골목상권,3110517,서대문소방서,884,634,250,8,197,216,203,177,83,5,99,170,163,146,51,3,98,46,40,31,32
20211,A,골목상권,3110512,연희지하차도,335,165,170,0,40,62,102,99,32,0,14,38,44,49,20,0,26,24,58,50,12
20211,A,골목상권,3110536,돈의문센트레빌아파트입구,141,105,36,0,12,23,61,32,13,0,7,17,50,21,10,0,5,6,11,11,3
20211,A,골목상권,3110534,경기대학교,157,88,69,0,10,29,28,42,48,0,7,20,14,19,28,0,3,9,14,23,20
20211,A,골목상권,3110516,정원여중,227,101,126,0,35,40,62,65,25,0,17,18,27,23,16,0,18,22,35,42,9
20211,A,골목상권,3110527,홍제역 2번,185,89,96,1,36,40,36,40,32,1,11,26,15,21,15,0,25,14,21,19,17
20211,A,골목상권,3110572,서강대역 1번,470,254,216,1,63,130,117,116,43,1,32,67,58,66,30,0,31,63,59,50,13
20211,A,골목상권,3110575,대흥동주민센터,208,157,51,2,25,48,36,49,48,2,11,35,25,41,43,0,14,13,11,8,5
20211,D,발달상권,3120100,망원역,846,397,449,4,199,227,191,137,88,2,52,99,101,94,49,2,147,128,90,43,39
20211,R,전통시장,3130185,망원월드컵시장,190,123,67,1,26,69,53,25,16,1,14,43,35,16,14,0,12,26,18,9,2
20211,A,골목상권,3110547,KB국민은행 망원동지점,284,168,116,0,13,47,93,76,55,0,4,25,55,45,39,0,9,22,38,31,16
20211,R,전통시장,3130183,상암동상점가,816,607,209,1,89,204,283,187,52,0,49,150,227,143,38,1,40,54,56,44,14
20211,A,골목상권,3110569,홍대땡땡거리,358,153,205,2,62,108,97,53,36,1,18,48,46,19,21,1,44,60,51,34,15
20211,A,골목상권,3110554,망원역 1번,1579,777,802,2,213,371,508,350,135,2,105,188,241,156,85,0,108,183,267,194,50
20211,A,골목상권,3110551,성서초등학교,803,387,416,1,110,164,235,172,121,1,42,90,114,81,59,0,68,74,121,91,62
20211,R,전통시장,3130198,아현시장,203,45,158,1,51,84,52,10,5,0,8,5,26,4,2,1,43,79,26,6,3
20211,A,골목상권,3110550,합정역 8번,1578,740,838,1,240,411,414,333,179,0,84,165,221,171,99,1,156,246,193,162,80
20211,A,골목상권,3110546,양화대교북단,732,436,296,3,189,254,157,76,53,3,81,126,120,62,44,0,108,128,37,14,9
20211,D,발달상권,3120114,목동신시가지,13498,9371,4127,46,2070,3798,3444,2895,1245,29,1126,2619,2554,2204,839,17,944,1179,890,691,406
20211,A,골목상권,3110619,목4동주민센터,311,203,108,1,51,87,89,64,19,1,16,52,58,57,19,0,35,35,31,7,0
20211,A,골목상권,3110607,금빛새마을금고본점,47,29,18,0,1,10,11,14,11,0,1,4,5,10,9,0,0,6,6,4,2
20211,A,골목상권,3110608,신월2동주민센터,875,454,421,1,51,116,229,273,205,1,23,69,117,127,117,0,28,47,112,146,88
20211,A,골목상권,3110647,화곡역 5번,899,461,438,2,117,230,224,230,96,1,44,138,111,116,51,1,73,92,113,114,45
20211,A,골목상권,3110594,신월중학교,357,182,175,0,35,116,89,85,32,0,10,41,50,52,29,0,25,75,39,33,3
20211,R,전통시장,3130205,신곡종합시장(신월6동 골목시장),141,103,38,1,17,36,39,32,16,0,10,27,33,18,15,1,7,9,6,14,1
20211,A,골목상권,3110602,신월시영아파트중문,674,584,90,1,8,23,81,250,311,0,4,14,55,218,293,1,4,9,26,32,18
20211,A,골목상권,3110600,신월7동주민센터,350,263,87,0,32,30,66,101,121,0,17,14,38,79,115,0,15,16,28,22,6
20211,A,골목상권,3110610,계남근린공원,126,85,41,0,5,11,41,44,25,0,3,6,28,35,13,0,2,5,13,9,12
20211,A,골목상권,3110616,양목초등학교,161,103,58,0,3,23,19,40,76,0,2,18,14,32,37,0,1,5,5,8,39
20211,A,골목상권,3110611,신정역 1번,289,192,97,2,34,57,88,74,34,2,20,42,52,46,30,0,14,15,36,28,4
20211,A,골목상권,3110635,공항시장역 3번,1451,391,1060,4,64,82,162,479,660,1,43,58,63,33,193,3,21,24,99,446,467
20211,D,발달상권,3120122,강서구청,2179,1231,948,4,314,461,494,447,459,2,103,228,271,262,365,2,211,233,223,185,94
20211,A,골목상권,3110638,신방화역 2번,372,202,170,3,53,75,88,87,66,3,22,40,44,43,50,0,31,35,44,44,16
20211,A,골목상권,3110650,우장산힐스테이트,143,116,27,0,23,30,51,20,19,0,15,25,42,17,17,0,8,5,9,3,2
20211,A,골목상권,3110702,개봉초등학교,131,93,38,1,15,18,33,34,30,1,10,13,23,24,22,0,5,5,10,10,8
20211,R,전통시장,3130227,고척골목시장상점가(그라운드 고척),33,14,19,0,4,6,10,8,5,0,0,1,5,5,3,0,4,5,5,3,2
20211,A,골목상권,3110699,덕의초등학교,136,79,57,0,14,22,29,43,28,0,7,14,13,24,21,0,7,8,16,19,7
20211,D,발달상권,3120129,구로디지털단지,48873,32033,16840,196,10422,16630,12386,5777,3462,127,5285,11083,8771,3995,2772,69,5137,5547,3615,1782,690
20211,A,골목상권,3110712,남구로역 5번,233,108,125,1,32,36,66,64,34,0,10,17,24,32,25,1,22,19,42,32,9
20211,A,골목상권,3110720,대림역 2번,228,87,141,0,27,50,65,49,37,0,11,14,18,17,27,0,16,36,47,32,10
20211,R,전통시장,3130231,독산동 우시장,611,476,135,2,31,74,126,196,182,0,16,55,97,145,163,2,15,19,29,51,19
20211,A,골목상권,3110745,독산동정훈단지,251,191,60,0,11,20,33,86,101,0,3,12,22,64,90,0,8,8,11,22,11
20211,D,발달상권,3120134,구로전화국,2014,1668,346,0,107,157,172,223,1355,0,44,75,96,153,1300,0,63,82,76,70,55
20211,A,골목상권,3110755,동일여자고등학교,193,51,142,0,10,24,45,70,44,0,3,8,17,11,12,0,7,16,28,59,32
20211,D,발달상권,3120143,당산역,2671,1987,684,9,326,516,558,517,745,2,194,394,403,386,608,7,132,122,155,131,137
20211,A,골목상권,3110778,구로디지털단지역 4번,1596,862,734,0,248,459,484,224,181,0,122,281,192,136,131,0,126,178,292,88,50
20211,A,골목상권,3110771,대림역 11번,955,604,351,0,22,38,128,210,557,0,21,30,73,131,349,0,1,8,55,79,208
20211,D,발달상권,3120139,대림3동사거리,3619,2404,1215,14,423,867,992,727,596,5,220,632,783,462,302,9,203,235,209,265,294
20211,A,골목상권,3110768,도림2동유수지내체육시설,294,155,139,0,20,43,63,73,95,0,7,22,32,41,53,0,13,21,31,32,42
20211,A,골목상권,3110759,문래예술촌(문래창작촌),4221,2168,2053,9,521,838,1001,1281,571,5,266,553,595,462,287,4,255,285,406,819,284
20211,D,발달상권,3120152,신대방삼거리역,578,278,300,1,66,127,150,148,86,1,22,63,80,70,42,0,44,64,70,78,44
20211,A,골목상권,3110818,신대방역 3번,20,9,11,0,1,3,7,7,2,0,1,3,2,1,2,0,0,0,5,6,0
20211,A,골목상권,3110856,미성초등학교,538,295,243,3,58,85,170,150,72,1,28,44,99,71,52,2,30,41,71,79,20
20211,A,골목상권,3110874,원신초등학교(구세군관악영문교회),46,15,31,1,4,19,7,12,3,1,1,3,3,6,1,0,3,16,4,6,2
20211,A,골목상권,3110879,신림현대아파트,17,7,10,0,2,3,5,5,2,0,1,2,2,2,0,0,1,1,3,3,2
20211,A,골목상권,3110885,영락고등학교,339,213,126,0,37,58,94,88,62,0,18,33,61,56,45,0,19,25,33,32,17
20211,D,발달상권,3120157,신림역(신림),637,257,380,1,96,116,146,139,139,0,19,40,82,49,67,1,77,76,64,90,72
20211,A,골목상권,3110858,신대방역 1번,66,33,33,0,5,9,17,7,28,0,0,1,6,2,24,0,5,8,11,5,4
20211,A,골목상권,3110872,신림초등학교,279,196,83,3,54,68,69,54,31,3,36,54,54,42,7,0,18,14,15,12,24
20211,A,골목상권,3110855,신대방역 2번,429,275,154,2,53,111,126,90,47,0,22,81,83,55,34,2,31,30,43,35,13
20211,R,전통시장,3130276,신림중앙시장(조원동 펭귄시장),39,27,12,0,1,2,13,11,12,0,0,2,7,9,9,0,1,0,6,2,3
20211,A,골목상권,3110947,청계산입구역 2번(내곡동주민센터),112,45,67,0,18,17,27,18,32,0,8,9,14,7,7,0,10,8,13,11,25
20211,D,발달상권,3120177,신논현역 1번,694,436,258,1,84,187,202,143,77,0,34,111,130,106,55,1,50,76,72,37,22
20211,D,발달상권,3120187,신논현역,13076,7778,5298,64,3624,3962,2984,1673,769,27,1516,2302,2121,1247,565,37,2108,1660,863,426,204
20211,A,골목상권,3110913,방현초등학교(방배119안전센터),3293,2109,1184,7,571,1263,876,376,200,4,272,822,625,237,149,3,299,441,251,139,51
20211,A,골목상권,3110934,우면주공아파트,994,674,320,6,197,291,253,161,86,5,83,217,195,110,64,1,114,74,58,51,22
20211,A,골목상권,3110937,방아다리근린공원(횃불트리니티신학대학원대학교),2465,1270,1195,7,634,861,542,318,103,6,246,507,335,113,63,1,388,354,207,205,40
20211,D,발달상권,3120183,양재천카페거리,3558,2626,932,12,586,972,848,551,589,10,364,717,638,413,484,2,222,255,210,138,105
20211,D,발달상권,3120205,매봉역,13950,9370,4580,95,2838,4203,3126,1781,1907,44,1450,2959,2521,1302,1094,51,1388,1244,605,479,813
20211,D,발달상권,3120194,언주역(차병원),12628,8724,3904,37,2790,4202,2802,1923,874,14,1366,2863,2239,1588,654,23,1424,1339,563,335,220
20211,A,골목상권,3110955,논현초등학교,3430,2238,1192,19,719,823,793,625,451,13,417,568,554,389,297,6,302,255,239,236,154
20211,R,전통시장,3130303,영동전통시장,242,95,147,0,21,60,67,58,36,0,7,19,22,24,23,0,14,41,45,34,13
20211,D,발달상권,3120215,포스코사거리,61667,40706,20961,170,9756,22506,18178,8408,2649,29,4305,14324,13853,6409,1786,141,5451,8182,4325,1999,863
20211,A,골목상권,3110992,도곡초등학교,2179,1144,1035,3,269,440,484,524,459,1,108,253,258,260,264,2,161,187,226,264,195
20211,A,골목상권,3110991,삼성중앙역 5번,1246,794,452,1,111,415,339,275,105,1,28,243,229,216,77,0,83,172,110,59,28
20211,A,골목상권,3111000,대왕초등학교(세곡동사거리서남측),39,20,19,0,7,10,12,8,2,0,0,4,10,4,2,0,7,6,2,4,0
20211,A,골목상권,3110999,윗방죽마을공원,268,130,138,2,19,43,44,83,77,1,12,27,27,39,24,1,7,16,17,44,53
20211,R,전통시장,3130302,강남시장(강남구 강남시장),58,33,25,0,13,15,14,8,8,0,7,10,9,2,5,0,6,5,5,6,3
20211,A,골목상권,3110963,역삼월드메르디앙아파트,779,545,234,1,126,183,226,154,89,0,79,144,171,97,54,1,47,39,55,57,35
20211,A,골목상권,3110967,역삼역 8번,377,228,149,0,63,92,89,92,41,0,31,51,60,56,30,0,32,41,29,36,11
20211,A,골목상권,3110972,강남세브란스병원미래의학연구센터,2628,1440,1188,17,539,669,692,581,130,4,240,428,438,258,72,13,299,241,254,323,58
20211,A,골목상권,3110969,베르사이유1아파트,1546,1230,316,4,231,442,483,285,101,2,165,345,402,239,77,2,66,97,81,46,24
20211,R,전통시장,3130307,도곡시장,17,9,8,0,0,3,4,7,3,0,0,2,1,4,2,0,0,1,3,3,1
20211,A,골목상권,3110990,청담역 12번,262,109,153,2,61,92,56,36,15,0,12,32,29,23,13,2,49,60,27,13,2
20211,A,골목상권,3110985,청담근린공원,1338,948,390,0,193,447,374,226,98,0,98,346,275,157,72,0,95,101,99,69,26
20211,R,전통시장,3130308,청담삼익시장,48,30,18,0,5,11,13,7,12,0,3,6,8,4,9,0,2,5,5,3,3
20211,D,발달상권,3120231,가락시장,5698,4083,1615,0,368,1051,1564,1654,1061,0,264,836,1185,1098,700,0,104,215,379,556,361
20211,D,발달상권,3120240,개롱역,1609,1102,507,7,212,314,404,431,241,5,125,230,269,295,178,2,87,84,135,136,63
20211,A,골목상권,3111021,방이역 4번,7683,5874,1809,22,793,1329,1979,2137,1423,15,391,912,1552,1769,1235,7,402,417,427,368,188
20211,A,골목상권,3111008,석촌고분역 3번,1551,1177,374,1,182,286,280,382,420,1,148,237,208,248,335,0,34,49,72,134,85
20211,A,골목상권,3111015,석촌역 3번,1352,778,574,1,151,315,350,351,184,1,72,199,216,181,109,0,79,116,134,170,75
20211,A,골목상권,3111016,송파역 2번,3803,1601,2202,15,1126,1104,801,601,156,8,407,533,427,165,61,7,719,571,374,436,95
20211,A,골목상권,3111038,보인중학교,416,270,146,0,26,66,113,123,88,0,11,38,85,88,48,0,15,28,28,35,40
20211,A,골목상권,3111011,잠실나루역,9608,7747,1861,42,1275,3018,2795,2046,432,18,924,2492,2309,1674,330,24,351,526,486,372,102
20211,A,골목상권,3111003,삼전역 4번,1996,1337,659,6,249,412,549,437,343,1,160,278,332,308,258,5,89,134,217,129,85
20211,R,전통시장,3130311,새마을시장,377,246,131,1,60,78,104,75,59,0,28,48,80,55,35,1,32,30,24,20,24
20211,R,전통시장,3130326,고덕 골목형상점가,935,850,85,0,8,37,165,395,330,0,4,31,147,360,308,0,4,6,18,35,22
20211,A,골목상권,3111088,고덕동성당,123,54,69,0,15,32,32,31,13,0,4,15,10,15,10,0,11,17,22,16,3
20211,A,골목상권,3111071,천동초등학교,76,52,24,0,4,15,21,25,11,0,4,6,18,16,8,0,0,9,3,9,3
20211,A,골목상권,3111079,둔촌고등학교(둔촌중학교),377,197,180,1,43,58,60,76,139,1,28,34,33,28,73,0,15,24,27,48,66
20211,A,골목상권,3111050,강동구청(강동구청역 2번),131,96,35,0,21,14,21,32,43,0,12,5,12,27,40,0,9,9,9,5,3
20211,D,발달상권,3120243,천호역,1395,637,758,6,189,265,331,296,308,2,64,109,143,126,193,4,125,156,188,170,115
20211,A,골목상권,3111062,둔촌동역 3번(성내3동주민센터),751,501,250,5,134,198,194,144,76,5,81,139,126,91,59,0,53,59,68,53,17
20211,A,골목상권,3111066,암사동성당(효정하나플러스아파트),417,255,162,3,46,103,101,113,51,0,14,53,66,91,31,3,32,50,35,22,20
20211,A,골목상권,3111052,암사역 3번(천호동자전거거리),357,228,129,1,26,71,117,94,48,1,11,47,76,58,35,0,15,24,41,36,13
20211,A,골목상권,3111069,천호1동주민센터,79,54,25,0,8,17,17,26,11,0,4,12,14,14,10,0,4,5,3,12,1
20211,A,골목상권,3111048,천호역 1번(천호문구완구거리),183,101,82,3,18,52,44,42,24,2,10,24,26,23,16,1,8,28,18,19,8
20211,A,골목상권,3110003,세검정초등학교,607,337,270,7,78,120,167,167,68,6,35,45,103,96,52,1,43,75,64,71,16
20211,R,전통시장,3130020,동묘시장(동묘벼룩시장),407,177,230,5,154,93,73,58,24,5,43,31,45,32,21,0,111,62,28,26,3
20211,R,전통시장,3130005,세운상가가동,133,93,40,0,7,34,35,21,36,0,5,23,28,8,29,0,2,11,7,13,7
20211,D,발달상권,3120004,종로구청,12937,7078,5859,9,1442,4392,4485,2080,529,4,432,2050,2756,1493,343,5,1010,2342,1729,587,186
20211,R,전통시장,3130004,낙원시장(낙원지하시장(대일상가)),364,258,106,0,29,70,99,78,88,0,14,51,68,57,68,0,15,19,31,21,20
20211,R,전통시장,3130010,종로신진시장,200,113,87,0,20,29,55,48,48,0,14,17,24,26,32,0,6,12,31,22,16
20211,A,골목상권,3110032,수족관거리,30,15,15,0,3,5,4,13,5,0,2,1,2,7,3,0,1,4,2,6,2
20211,U,관광특구,3001493,동대문패션타운 관광특구,5916,2900,3016,36,1415,1672,1133,1020,640,13,536,733,643,584,391,23,879,939,490,436,249
20211,A,골목상권,3110049,장충단 고개,2303,1240,1063,4,566,582,448,431,272,2,174,314,281,257,212,2,392,268,167,174,60
20211,D,발달상권,3120039,신당역,2348,1249,1099,31,795,488,410,342,282,11,348,245,228,226,191,20,447,243,182,116,91
20211,A,골목상권,3110041,남산케이블카,967,435,532,2,118,152,175,254,266,2,51,69,83,87,143,0,67,83,92,167,123
20211,R,전통시장,3130052,서울중앙시장(신중앙시장),479,342,137,0,106,156,101,61,55,0,80,110,57,45,50,0,26,46,44,16,5
20211,D,발달상권,3120036,장충동족발거리(남소영길),2289,1090,1199,14,616,783,556,223,97,0,122,393,365,155,55,14,494,390,191,68,42
20211,A,골목상권,3110054,청구역 3번,1542,854,688,3,259,378,315,340,247,1,90,204,220,215,124,2,169,174,95,125,123
20211,R,전통시장,3130056,용산용문시장,65,34,31,0,7,15,18,10,15,0,4,6,7,6,11,0,3,9,11,4,4
20211,A,골목상권,3110080,해방촌예술마을,311,168,143,0,53,71,88,58,41,0,18,40,52,31,27,0,35,31,36,27,14
20211,A,골목상권,3110065,남정초등학교,137,92,45,0,17,45,48,17,10,0,9,37,31,10,5,0,8,8,17,7,5
20211,A,골목상권,3110579,마포역 4번,750,563,187,2,54,162,247,219,66,1,37,124,188,165,48,1,17,38,59,54,18
20211,D,발달상권,3120046,이태원(이태원역),2285,1299,986,24,818,684,339,224,196,15,389,422,205,137,131,9,429,262,134,87,65
20211,D,발달상권,3120044,삼각지역,1905,1415,490,5,357,534,461,374,174,5,220,403,384,278,125,0,137,131,77,96,49
20211,A,골목상권,3110123,마장역 3번,511,382,129,0,42,56,91,185,137,0,21,36,63,141,121,0,21,20,28,44,16
20211,A,골목상권,3110121,한양대역 4번,45,30,15,0,3,10,8,11,13,0,2,5,5,7,11,0,1,5,3,4,2
20211,D,발달상권,3120049,왕십리역(왕십리),1459,1004,455,1,183,301,377,468,129,1,92,187,272,371,81,0,91,114,105,97,48
20211,A,골목상권,3110127,성수1가1동주민센터,290,157,133,0,31,55,56,100,48,0,11,40,31,47,28,0,20,15,25,53,20
20211,D,발달상권,3120051,뚝섬역,3944,2582,1362,20,703,946,867,651,757,15,446,646,549,445,481,5,257,300,318,206,276
20211,R,전통시장,3130071,성수역 골목형상점가,335,180,155,1,61,89,70,43,71,0,27,43,43,29,38,1,34,46,27,14,33
20211,A,골목상권,3110114,왕십리파출소,33,19,14,0,3,2,8,14,6,0,1,1,4,8,5,0,2,1,4,6,1
20211,A,골목상권,3110174,아차산역 1번,432,305,127,1,49,80,115,104,83,1,25,57,76,69,77,0,24,23,39,35,6
20211,A,골목상권,3110140,건대입구역 6번,429,268,161,6,37,67,113,120,86,5,17,34,65,83,64,1,20,33,48,37,22
20211,A,골목상권,3110152,중곡어린이공원,340,300,40,0,17,29,64,121,109,0,10,21,55,109,105,0,7,8,9,12,4
20211,A,골목상권,3110161,중곡역 3번,236,135,101,3,11,33,58,65,66,0,2,16,37,40,40,3,9,17,21,25,26
20211,R,전통시장,3130084,신성시장(신성골목시장),21,6,15,0,3,5,8,4,1,0,0,1,2,2,1,0,3,4,6,2,0
20211,A,골목상권,3110141,건대입구역 1번,213,138,75,1,23,49,67,48,25,1,11,27,51,32,16,0,12,22,16,16,9
20211,A,골목상권,3110144,어린이대공원역 4번,104,49,55,0,35,17,21,19,12,0,9,10,11,10,9,0,26,7,10,9,3
20211,R,전통시장,3130097,답십리 건축자재시장,291,188,103,1,16,42,42,36,154,0,7,34,23,19,105,1,9,8,19,17,49
20211,A,골목상권,3110209,답십리 장령당공원,83,52,31,0,3,11,28,19,22,0,1,5,16,15,15,0,2,6,12,4,7
20211,R,전통시장,3130101,답십리현대시장,8,5,3,0,0,1,3,2,2,0,0,1,1,2,1,0,0,0,2,0,1
20211,A,골목상권,3110186,종암초등학교,114,86,28,0,9,21,16,34,34,0,3,18,10,26,29,0,6,3,6,8,5
20211,A,골목상권,3110221,의릉,95,69,26,0,10,12,36,29,8,0,6,10,24,22,7,0,4,2,12,7,1
20211,A,골목상권,3110202,전농1동주민센터(전농시장),111,68,43,0,14,35,31,20,11,0,9,19,21,14,5,0,5,16,10,6,6
20211,A,골목상권,3110206,텃골근린공원,92,37,55,0,8,14,25,24,21,0,4,7,8,8,10,0,4,7,17,16,11
20211,R,전통시장,3130094,청량리청과물시장,54,24,30,0,7,13,17,7,10,0,0,4,10,2,8,0,7,9,7,5,2
20211,R,전통시장,3130095,청량리전통시장,95,38,57,0,6,16,18,33,22,0,4,6,9,10,9,0,2,10,9,23,13
20211,A,골목상권,3110199,홍릉시장,65,41,24,0,11,15,18,14,7,0,8,8,10,9,6,0,3,7,8,5,1
20211,A,골목상권,3110219,삼육보건대학교,251,146,105,0,18,42,70,81,40,0,11,20,32,52,31,0,7,22,38,29,9
20211,A,골목상권,3110268,망우3동주민센터,60,30,30,0,10,13,10,18,9,0,1,5,7,10,7,0,9,8,3,8,2
20211,R,전통시장,3130114,유영시장,31,20,11,0,9,5,3,8,6,0,7,2,2,5,4,0,2,3,1,3,2
20211,A,골목상권,3110237,메가박스 상봉,274,152,122,0,30,67,97,54,26,0,13,37,48,36,18,0,17,30,49,18,8
20211,A,골목상권,3110258,면동초등학교,260,99,161,0,32,49,79,66,34,0,1,20,28,34,16,0,31,29,51,32,18
20211,A,골목상권,3110254,오거리공원,259,90,169,1,19,75,79,53,32,0,6,15,35,22,12,1,13,60,44,31,20
20211,A,골목상권,3110264,면목역 2번,358,170,188,1,52,75,93,80,57,0,21,40,40,37,32,1,31,35,53,43,25
20211,A,골목상권,3110248,먹골파출소,85,47,38,1,19,23,20,12,10,0,7,14,12,4,10,1,12,9,8,8,0
20211,A,골목상권,3110279,신내역 2번,9,8,1,0,0,1,4,4,0,0,0,1,3,4,0,0,0,0,1,0,0
20211,A,골목상권,3110245,KB국민은행 중화동지점,156,81,75,0,8,36,52,40,20,0,5,16,26,19,15,0,3,20,26,21,5
20211,R,전통시장,3130108,태능엔터피아(태릉시장),3,1,2,0,0,0,1,2,0,0,0,0,0,1,0,0,0,0,1,1,0
20211,A,골목상권,3110308,길음역 8번,174,85,89,0,17,36,56,41,24,0,8,17,26,20,14,0,9,19,30,21,10
20211,D,발달상권,3120073,미아사거리,353,135,218,3,40,67,95,95,53,2,16,29,45,23,20,1,24,38,50,72,33
20211,A,골목상권,3110300,삼선동주민센터,2735,1587,1148,3,248,710,769,844,161,2,97,300,444,629,115,1,151,410,325,215,46
20211,D,발달상권,3120072,성신여대,1048,537,511,18,137,211,213,271,198,11,46,86,103,152,139,7,91,125,110,119,59
20211,A,골목상권,3110301,성신여대입구역 7번,484,209,275,1,73,84,96,134,96,0,31,37,39,62,40,1,42,47,57,72,56
20211,R,전통시장,3130120,돈암시장(돈암제일시장),99,23,76,1,20,20,25,18,15,0,0,2,7,8,6,1,20,18,18,10,9
20211,A,골목상권,3110328,상월곡역 3번,235,157,78,1,38,75,62,37,22,1,26,58,33,24,15,0,12,17,29,13,7
20211,R,전통시장,3130126,새석관시장,13,8,5,0,1,4,2,5,1,0,0,3,1,3,1,0,1,1,1,2,0
20211,R,전통시장,3130128,돌곶이시장(석관황금시장),191,157,34,0,30,36,41,72,12,0,28,26,29,62,12,0,2,10,12,10,0
20211,A,골목상권,3110323,상월곡역 1번,109,30,79,2,25,24,28,18,12,0,4,5,11,5,5,2,21,19,17,13,7
20211,A,골목상권,3110325,장곡초등학교,57,18,39,0,0,14,20,17,6,0,0,3,7,4,4,0,0,11,13,13,2
20211,A,골목상권,3110329,우리은행체육관,34,27,7,1,1,5,6,14,7,1,0,5,5,10,6,0,1,0,1,4,1
20211,A,골목상권,3110418,광운대학교 남단,100,45,55,0,11,17,23,26,23,0,5,5,13,16,6,0,6,12,10,10,17
20211,A,골목상권,3110292,정릉역 2번,33,14,19,0,1,5,16,6,5,0,1,3,5,3,2,0,0,2,11,3,3
20211,A,골목상권,3110289,북한산보국문역 2번,144,105,39,0,9,28,49,32,26,0,6,23,30,24,22,0,3,5,19,8,4
20211,A,골목상권,3110320,KB국민은행 종암동지점,79,51,28,0,2,11,27,24,15,0,1,5,15,17,13,0,1,6,12,7,2
20211,A,골목상권,3110369,성신여대운정그린캠퍼스,518,214,304,1,49,46,131,131,160,1,10,16,44,53,90,0,39,30,87,78,70
20211,A,골목상권,3110376,수송초등학교,224,142,82,0,26,47,62,60,29,0,12,29,38,41,22,0,14,18,24,19,7
20211,R,전통시장,3130143,방천골목시장,65,36,29,0,11,7,19,24,4,0,6,5,9,13,3,0,5,2,10,11,1
20211,R,전통시장,3130140,숭인시장,62,27,35,0,9,13,10,15,15,0,0,4,1,9,13,0,9,9,9,6,2
20211,A,골목상권,3110362,우이천 계성교,205,110,95,1,24,34,61,63,22,0,11,19,28,35,17,1,13,15,33,28,5
20211,A,골목상권,3110356,덕수교,228,114,114,0,13,34,55,60,66,0,4,17,22,30,41,0,9,17,33,30,25
20211,R,전통시장,3130139,강북종합전통시장(강북종합골목시장),166,114,52,0,16,45,61,28,16,0,11,33,42,19,9,0,5,12,19,9,7
20211,A,골목상권,3110343,무너미어린이공원,100,74,26,0,7,21,28,32,12,0,4,14,22,25,9,0,3,7,6,7,3
20211,A,골목상권,3110351,수유북부시장옆,214,93,121,0,27,45,51,59,32,0,9,17,20,25,22,0,18,28,31,34,10
20211,A,골목상권,3110413,누원고등학교,54,33,21,0,8,11,12,11,12,0,5,8,5,5,10,0,3,3,7,6,2
20211,A,골목상권,3110382,솔밭공원역 1번,32,25,7,0,1,9,8,7,7,0,0,5,6,7,7,0,1,4,2,0,0
20211,R,전통시장,3130149,창동신창시장,116,51,65,0,5,24,35,31,21,0,2,10,17,10,12,0,3,14,18,21,9
20211,R,전통시장,3130159,공릉동 도깨비시장,101,47,54,0,12,22,24,26,17,0,4,8,9,15,11,0,8,14,15,11,6
20211,A,골목상권,3110422,노원역 9번,277,221,56,0,27,70,94,54,32,0,24,59,79,37,22,0,3,11,15,17,10
20211,D,발달상권,3120082,상계백병원,389,127,262,0,81,95,109,69,35,0,19,18,34,38,18,0,62,77,75,31,17
20211,A,골목상권,3110417,월계역 3번,19,10,9,0,10,6,0,3,0,0,3,5,0,2,0,0,7,1,0,1,0
20211,D,발달상권,3120083,등나무근린공원,1184,787,397,0,166,325,271,283,139,0,114,228,171,179,95,0,52,97,100,104,44
20211,R,전통시장,3130155,시영B상가(중계 그린아파트 B 상가),3,2,1,0,0,1,0,2,0,0,0,1,0,1,0,0,0,0,0,1,0
20211,A,골목상권,3110430,중계초등학교,275,100,175,0,18,28,58,96,75,0,8,7,19,25,41,0,10,21,39,71,34
20211,A,골목상권,3110441,영신여고,138,72,66,0,12,28,33,41,24,0,7,20,15,21,9,0,5,8,18,20,15
20211,A,골목상권,3110427,노원 을지대학교병원,363,281,82,0,27,27,62,126,121,0,12,14,31,109,115,0,15,13,31,17,6
20211,A,골목상권,3110477,은평세무서,434,205,229,0,43,62,106,141,82,0,15,23,49,71,47,0,28,39,57,70,35
20211,A,골목상권,3110476,역촌역 2번,56,26,30,0,2,8,22,17,7,0,1,3,9,7,6,0,1,5,13,10,1
20211,R,전통시장,3130169,대조시장,67,31,36,0,5,11,21,23,7,0,1,3,11,11,5,0,4,8,10,12,2
20211,R,전통시장,3130171,불광먹자골목 골목형상점가,155,54,101,0,18,31,24,37,45,0,4,9,11,16,14,0,14,22,13,21,31
20211,R,전통시장,3130160,수일시장,7,2,5,0,0,2,1,2,2,0,0,0,0,1,1,0,0,2,1,1,1
20211,A,골목상권,3110499,연가초등학교,263,119,144,0,42,42,74,65,40,0,8,20,31,35,25,0,34,22,43,30,15
20211,A,골목상권,3110503,명지대학교교회,230,123,107,0,27,52,59,64,28,0,9,30,26,36,22,0,18,22,33,28,6
20211,A,골목상권,3110533,충정로역 7번,22,11,11,0,5,5,3,5,4,0,0,2,2,4,3,0,5,3,1,1,1
20211,A,골목상권,3110537,충정로현대아파트,1514,848,666,1,362,525,328,177,121,0,150,263,215,134,86,1,212,262,113,43,35
20211,A,골목상권,3110522,홍제역 3번,46,12,34,0,14,7,12,6,7,0,2,2,2,2,4,0,12,5,10,4,3
20211,R,전통시장,3130196,공덕시장,3948,2001,1947,52,1323,1296,891,287,99,28,467,646,599,181,80,24,856,650,292,106,19
20211,A,골목상권,3110541,동교초등학교,377,221,156,0,43,59,101,96,78,0,23,37,63,50,48,0,20,22,38,46,30
20211,R,전통시장,3130190,홍대소상공인상점가,150,77,73,1,55,35,30,18,11,0,18,22,18,10,9,1,37,13,12,8,2
20211,D,발달상권,3120102,서교동(홍대),7276,3402,3874,18,1521,2551,1814,899,473,11,496,1065,913,566,351,7,1025,1486,901,333,122
20211,A,골목상권,3110555,홍익지구대,284,147,137,1,49,53,55,37,89,0,14,28,31,16,58,1,35,25,24,21,31
20211,A,골목상권,3110558,경성고등학교,2362,1593,769,11,308,568,571,513,391,10,153,351,408,384,287,1,155,217,163,129,104
20211,R,전통시장,3130184,마포농수산물시장,77,40,37,0,2,12,24,26,13,0,1,8,12,14,5,0,1,4,12,12,8
20211,A,골목상권,3110571,신수동주민센터,635,358,277,5,109,159,187,126,49,5,57,88,98,74,36,0,52,71,89,52,13
20211,A,골목상권,3110628,신목동역,469,307,162,0,52,85,114,113,105,0,28,56,79,85,59,0,24,29,35,28,46
20211,R,전통시장,3130210,목2동시장,432,251,181,1,66,124,122,71,48,1,40,69,70,39,32,0,26,55,52,32,16
20211,D,발달상권,3120108,신정네거리역,992,580,412,2,93,215,220,242,220,1,28,110,112,160,169,1,65,105,108,82,51
20211,A,골목상권,3110627,신정롯데캐슬아파트,548,318,230,24,129,136,102,93,64,13,69,81,62,49,44,11,60,55,40,44,20
20211,R,전통시장,3130206,신정3동 골목시장,20,6,14,0,0,5,11,2,2,0,0,0,3,1,2,0,0,5,8,1,0
20211,A,골목상권,3110612,신정역 5번,644,303,341,1,85,88,143,197,130,0,44,62,74,70,53,1,41,26,69,127,77
20211,A,골목상권,3110629,송정역 4번,190,107,83,0,26,52,54,35,23,0,9,34,28,24,12,0,17,18,26,11,11
20211,R,전통시장,3130220,등마루시장,491,167,324,5,44,61,71,166,144,3,16,29,38,34,47,2,28,32,33,132,97
20211,D,발달상권,3120115,김포공항역(김포공항),23,12,11,0,6,9,4,4,0,0,2,4,3,3,0,0,4,5,1,1,0
20211,A,골목상권,3110679,염창역 2번,574,404,170,3,89,206,152,80,44,2,49,148,111,58,36,1,40,58,41,22,8
20211,A,골목상권,3110649,우장산역 1번,358,191,167,0,41,91,82,93,51,0,12,49,38,59,33,0,29,42,44,34,18
20211,A,골목상권,3110670,신곡초등학교,489,320,169,6,79,118,121,90,75,3,45,77,71,59,65,3,34,41,50,31,10
20211,A,골목상권,3110666,KC대학교,176,60,116,0,19,35,52,57,13,0,10,10,20,13,7,0,9,25,32,44,6
20211,A,골목상권,3110669,화곡보람2차아파트,13,3,10,0,0,2,4,2,5,0,0,1,2,0,0,0,0,1,2,2,5
20211,A,골목상권,3110700,고척초등학교,3249,2648,601,3,209,680,974,1176,207,2,119,533,803,1021,170,1,90,147,171,155,37
20211,D,발달상권,3120124,개봉동 현대아파트,461,205,256,0,63,89,119,82,108,0,18,26,49,43,69,0,45,63,70,39,39
20211,R,전통시장,3130228,구로시장,10,5,5,0,0,4,6,0,0,0,0,1,4,0,0,0,0,3,2,0,0
20211,D,발달상권,3120128,신도림역,1253,656,597,7,191,318,382,243,112,1,75,153,191,149,87,6,116,165,191,94,25
20211,A,골목상권,3110689,오류동역 3번,287,200,87,3,44,47,56,75,62,3,25,32,41,52,47,0,19,15,15,23,15
20211,A,골목상권,3110690,오류2동버들시장,577,275,302,1,101,192,133,94,56,0,39,104,64,36,32,1,62,88,69,58,24
20211,A,골목상권,3110725,가산동주민센터,85,59,26,0,6,20,22,20,17,0,3,15,16,12,13,0,3,5,6,8,4
20211,A,골목상권,3110735,말미고개,520,330,190,0,64,115,140,140,61,0,31,79,94,79,47,0,33,36,46,61,14
20211,R,전통시장,3130233,남문시장,76,47,29,0,5,8,18,22,23,0,2,3,9,12,21,0,3,5,9,10,2
20211,A,골목상권,3110736,독산119안전센터,461,199,262,0,46,55,76,118,166,0,21,32,35,42,69,0,25,23,41,76,97
20211,A,골목상권,3110746,금천금빛공원(은행나무사거리서측),76,53,23,0,5,11,23,22,15,0,3,9,13,16,12,0,2,2,10,6,3
20211,R,전통시장,3130237,박미시장(기능상실),39,26,13,0,1,6,11,9,12,0,0,2,7,8,9,0,1,4,4,1,3
20211,A,골목상권,3110766,대림역 5번,360,205,155,0,30,82,85,99,64,0,15,54,42,56,38,0,15,28,43,43,26
20211,A,골목상권,3110777,구로세무서,282,210,72,0,36,41,47,83,75,0,13,30,32,66,69,0,23,11,15,17,6
20211,R,전통시장,3130255,영등포전통시장,45,29,16,0,1,7,5,10,22,0,1,5,3,4,16,0,0,2,2,6,6
20211,A,골목상권,3110788,영등포시장역 3번,28,22,6,0,4,5,7,9,3,0,3,5,6,6,2,0,1,0,1,3,1
20211,A,골목상권,3110783,영등포시장역 1번,292,154,138,1,26,37,35,67,126,1,19,27,16,33,58,0,7,10,19,34,68
20211,A,골목상권,3110799,영등포본동주민센터,119,86,33,5,21,16,11,22,44,3,12,10,6,15,40,2,9,6,5,7,4
20211,R,전통시장,3130265,노량진중앙시장,115,82,33,0,17,48,34,8,8,0,12,42,23,3,2,0,5,6,11,5,6
20211,R,전통시장,3130263,신노량진시장(기능상실),13,4,9,0,0,3,4,6,0,0,0,0,1,3,0,0,0,3,3,3,0
20211,A,골목상권,3110821,보라매역 2번,599,356,243,0,73,109,142,137,138,0,34,65,80,89,88,0,39,44,62,48,50
20211,D,발달상권,3120155,총신대학교,107,54,53,0,13,27,24,25,18,0,7,8,13,14,12,0,6,19,11,11,6
20211,R,전통시장,3130268,상도전통시장,239,104,135,0,33,60,53,58,35,0,12,23,23,24,22,0,21,37,30,34,13
20211,A,골목상권,3110836,상도역 5번,3057,1846,1211,9,550,798,701,647,352,2,238,486,453,447,220,7,312,312,248,200,132
20211,A,골목상권,3110840,중앙대학교,175,99,76,0,24,25,57,45,24,0,12,13,37,22,15,0,12,12,20,23,9
20211,A,골목상권,3110878,미림여고,368,218,150,3,43,114,101,78,29,0,19,63,68,43,25,3,24,51,33,35,4
20211,A,골목상권,3110861,관악구신사동주민센터,1168,598,570,1,215,376,261,204,111,1,71,194,161,101,70,0,144,182,100,103,41
20211,A,골목상권,3110893,관악소방서(문영여고),353,303,50,0,39,110,66,113,25,0,29,96,57,99,22,0,10,14,9,14,3
20211,A,골목상권,3110890,봉천역 1번(관악초등학교),249,148,101,1,17,43,92,67,29,0,4,22,58,43,21,1,13,21,34,24,8
20211,R,전통시장,3130294,관악중부시장,102,40,62,1,5,10,22,39,25,0,2,3,7,16,12,1,3,7,15,23,13
20211,D,발달상권,3120166,방배역,5465,3280,2185,90,1234,1594,1033,699,815,26,523,920,713,451,647,64,711,674,320,248,168
20211,D,발달상권,3120164,내방역,8579,5975,2604,56,1923,2822,1862,1129,787,48,1160,1998,1383,799,587,8,763,824,479,330,200
20211,D,발달상권,3120162,방배동카페골목,1253,717,536,61,207,200,219,215,351,57,126,142,110,93,189,4,81,58,109,122,162
20211,D,발달상권,3120169,서초역,15771,7185,8586,70,3824,4195,3945,2657,1080,30,1313,1990,1801,1235,816,40,2511,2205,2144,1422,264
20211,A,골목상권,3110936,더케이호텔(양재리본타워2단지아파트),832,552,280,3,109,260,215,175,70,0,53,154,159,131,55,3,56,106,56,44,15
20211,A,골목상권,3110940,양재근린공원(양재2동주민센터),956,699,257,8,168,323,238,137,82,8,109,243,178,97,64,0,59,80,60,40,18
20211,D,발달상권,3120178,신사역,11093,6014,5079,34,2556,2878,2400,1866,1359,13,875,1596,1501,1005,1024,21,1681,1282,899,861,335
20211,A,골목상권,3110993,개포지하차도 북측,70,53,17,0,3,9,19,23,16,0,2,7,16,18,10,0,1,2,3,5,6
20211,A,골목상권,3110983,국립국악고등학교,783,534,249,6,126,212,125,145,169,2,44,137,94,111,146,4,82,75,31,34,23
20211,A,골목상권,3110950,논현역 7번,2981,1929,1052,1,829,1305,518,230,98,0,418,886,383,173,69,1,411,419,135,57,29
20211,D,발달상권,3120199,경복아파트교차로,3427,2023,1404,9,720,1059,682,508,449,3,273,627,441,345,334,6,447,432,241,163,115
20211,D,발달상권,3120212,한티역,753,394,359,1,118,182,201,143,108,1,37,87,119,80,70,0,81,95,82,63,38
20211,D,발달상권,3120211,도성초등학교,984,516,468,7,180,282,189,161,165,3,68,120,112,117,96,4,112,162,77,44,69
20211,A,골목상권,3110960,은광여고,1601,749,852,5,219,282,389,522,184,4,60,131,203,227,124,1,159,151,186,295,60
20211,A,골목상권,3110964,싸리고개근린공원,217,124,93,0,29,60,59,34,35,0,8,32,36,23,25,0,21,28,23,11,10
20211,U,관광특구,3001496,강남 마이스 관광특구,15904,8904,7000,59,3513,6185,4248,1596,303,25,1160,3361,2887,1246,225,34,2353,2824,1361,350,78
20211,A,골목상권,3110995,봉은사역 4번,5085,3711,1374,9,978,2002,1271,637,188,2,575,1477,990,523,144,7,403,525,281,114,44
20211,A,골목상권,3110998,은곡마을(은곡마을공원),17,11,6,0,2,6,4,3,2,0,0,4,3,3,1,0,2,2,1,0,1
20211,A,골목상권,3111001,아래방죽마을공원(율현초등학교),58,43,15,0,2,9,14,18,15,0,1,7,12,13,10,0,1,2,2,5,5
20211,A,골목상권,3110949,한남IC,1683,1193,490,5,288,565,435,305,85,2,112,398,347,261,73,3,176,167,88,44,12
20211,A,골목상권,3110959,신구중학교,271,140,131,0,14,66,82,79,30,0,7,36,49,29,19,0,7,30,33,50,11
20211,A,골목상권,3110962,도산공원북측,53,27,26,0,20,11,10,8,4,0,11,7,6,3,0,0,9,4,4,5,4
20211,A,골목상권,3110954,국기원,636,445,191,0,89,142,187,94,124,0,35,97,161,74,78,0,54,45,26,20,46
20213,R,전통시장,3130210,목2동시장,432,251,181,1,66,124,122,71,48,1,40,69,70,39,32,0,26,55,52,32,16
20213,D,발달상권,3120108,신정네거리역,992,580,412,2,93,215,220,242,220,1,28,110,112,160,169,1,65,105,108,82,51
20213,A,골목상권,3110627,신정롯데캐슬아파트,548,318,230,24,129,136,102,93,64,13,69,81,62,49,44,11,60,55,40,44,20
20213,R,전통시장,3130206,신정3동 골목시장,20,6,14,0,0,5,11,2,2,0,0,0,3,1,2,0,0,5,8,1,0
20213,A,골목상권,3110612,신정역 5번,644,303,341,1,85,88,143,197,130,0,44,62,74,70,53,1,41,26,69,127,77
20213,A,골목상권,3110629,송정역 4번,190,107,83,0,26,52,54,35,23,0,9,34,28,24,12,0,17,18,26,11,11
20213,R,전통시장,3130220,등마루시장,491,167,324,5,44,61,71,166,144,3,16,29,38,34,47,2,28,32,33,132,97
20213,D,발달상권,3120115,김포공항역(김포공항),23,12,11,0,6,9,4,4,0,0,2,4,3,3,0,0,4,5,1,1,0
20213,A,골목상권,3110679,염창역 2번,574,404,170,3,89,206,152,80,44,2,49,148,111,58,36,1,40,58,41,22,8
20213,A,골목상권,3110649,우장산역 1번,358,191,167,0,41,91,82,93,51,0,12,49,38,59,33,0,29,42,44,34,18
20213,A,골목상권,3110670,신곡초등학교,489,320,169,6,79,118,121,90,75,3,45,77,71,59,65,3,34,41,50,31,10
20213,A,골목상권,3110666,KC대학교,176,60,116,0,19,35,52,57,13,0,10,10,20,13,7,0,9,25,32,44,6
20213,A,골목상권,3110669,화곡보람2차아파트,13,3,10,0,0,2,4,2,5,0,0,1,2,0,0,0,0,1,2,2,5
20213,A,골목상권,3110700,고척초등학교,3249,2648,601,3,209,680,974,1176,207,2,119,533,803,1021,170,1,90,147,171,155,37
20213,D,발달상권,3120124,개봉동 현대아파트,461,205,256,0,63,89,119,82,108,0,18,26,49,43,69,0,45,63,70,39,39
20213,R,전통시장,3130228,구로시장,10,5,5,0,0,4,6,0,0,0,0,1,4,0,0,0,0,3,2,0,0
20213,D,발달상권,3120128,신도림역,1253,656,597,7,191,318,382,243,112,1,75,153,191,149,87,6,116,165,191,94,25
20213,A,골목상권,3110689,오류동역 3번,287,200,87,3,44,47,56,75,62,3,25,32,41,52,47,0,19,15,15,23,15
20213,A,골목상권,3110690,오류2동버들시장,577,275,302,1,101,192,133,94,56,0,39,104,64,36,32,1,62,88,69,58,24
20213,A,골목상권,3110725,가산동주민센터,85,59,26,0,6,20,22,20,17,0,3,15,16,12,13,0,3,5,6,8,4
20213,A,골목상권,3110735,말미고개,520,330,190,0,64,115,140,140,61,0,31,79,94,79,47,0,33,36,46,61,14
20213,R,전통시장,3130233,남문시장,76,47,29,0,5,8,18,22,23,0,2,3,9,12,21,0,3,5,9,10,2
20213,A,골목상권,3110736,독산119안전센터,461,199,262,0,46,55,76,118,166,0,21,32,35,42,69,0,25,23,41,76,97
20213,A,골목상권,3110746,금천금빛공원(은행나무사거리서측),76,53,23,0,5,11,23,22,15,0,3,9,13,16,12,0,2,2,10,6,3
20213,R,전통시장,3130237,박미시장(기능상실),39,26,13,0,1,6,11,9,12,0,0,2,7,8,9,0,1,4,4,1,3
20213,A,골목상권,3110766,대림역 5번,360,205,155,0,30,82,85,99,64,0,15,54,42,56,38,0,15,28,43,43,26
20213,A,골목상권,3110777,구로세무서,282,210,72,0,36,41,47,83,75,0,13,30,32,66,69,0,23,11,15,17,6
20213,R,전통시장,3130255,영등포전통시장,45,29,16,0,1,7,5,10,22,0,1,5,3,4,16,0,0,2,2,6,6
20213,A,골목상권,3110788,영등포시장역 3번,28,22,6,0,4,5,7,9,3,0,3,5,6,6,2,0,1,0,1,3,1
20213,A,골목상권,3110783,영등포시장역 1번,292,154,138,1,26,37,35,67,126,1,19,27,16,33,58,0,7,10,19,34,68
20213,A,골목상권,3110799,영등포본동주민센터,119,86,33,5,21,16,11,22,44,3,12,10,6,15,40,2,9,6,5,7,4
20213,R,전통시장,3130265,노량진중앙시장,115,82,33,0,17,48,34,8,8,0,12,42,23,3,2,0,5,6,11,5,6
20213,R,전통시장,3130263,신노량진시장(기능상실),13,4,9,0,0,3,4,6,0,0,0,0,1,3,0,0,0,3,3,3,0
20213,A,골목상권,3110821,보라매역 2번,599,356,243,0,73,109,142,137,138,0,34,65,80,89,88,0,39,44,62,48,50
20213,D,발달상권,3120155,총신대학교,107,54,53,0,13,27,24,25,18,0,7,8,13,14,12,0,6,19,11,11,6
20213,R,전통시장,3130268,상도전통시장,239,104,135,0,33,60,53,58,35,0,12,23,23,24,22,0,21,37,30,34,13
20213,A,골목상권,3110836,상도역 5번,3057,1846,1211,9,550,798,701,647,352,2,238,486,453,447,220,7,312,312,248,200,132
20213,A,골목상권,3110840,중앙대학교,175,99,76,0,24,25,57,45,24,0,12,13,37,22,15,0,12,12,20,23,9
20213,A,골목상권,3110878,미림여고,368,218,150,3,43,114,101,78,29,0,19,63,68,43,25,3,24,51,33,35,4
20213,A,골목상권,3110861,관악구신사동주민센터,1168,598,570,1,215,376,261,204,111,1,71,194,161,101,70,0,144,182,100,103,41
20213,A,골목상권,3110893,관악소방서(문영여고),353,303,50,0,39,110,66,113,25,0,29,96,57,99,22,0,10,14,9,14,3
20213,A,골목상권,3110890,봉천역 1번(관악초등학교),249,148,101,1,17,43,92,67,29,0,4,22,58,43,21,1,13,21,34,24,8
20213,R,전통시장,3130294,관악중부시장,102,40,62,1,5,10,22,39,25,0,2,3,7,16,12,1,3,7,15,23,13
20213,D,발달상권,3120166,방배역,5465,3280,2185,90,1234,1594,1033,699,815,26,523,920,713,451,647,64,711,674,320,248,168
20213,D,발달상권,3120164,내방역,8579,5975,2604,56,1923,2822,1862,1129,787,48,1160,1998,1383,799,587,8,763,824,479,330,200
20213,D,발달상권,3120162,방배동카페골목,1253,717,536,61,207,200,219,215,351,57,126,142,110,93,189,4,81,58,109,122,162
20213,D,발달상권,3120169,서초역,15771,7185,8586,70,3824,4195,3945,2657,1080,30,1313,1990,1801,1235,816,40,2511,2205,2144,1422,264
20213,A,골목상권,3110936,더케이호텔(양재리본타워2단지아파트),832,552,280,3,109,260,215,175,70,0,53,154,159,131,55,3,56,106,56,44,15
20213,A,골목상권,3110940,양재근린공원(양재2동주민센터),956,699,257,8,168,323,238,137,82,8,109,243,178,97,64,0,59,80,60,40,18
20213,D,발달상권,3120178,신사역,11093,6014,5079,34,2556,2878,2400,1866,1359,13,875,1596,1501,1005,1024,21,1681,1282,899,861,335
20213,A,골목상권,3110993,개포지하차도 북측,70,53,17,0,3,9,19,23,16,0,2,7,16,18,10,0,1,2,3,5,6
20213,A,골목상권,3110983,국립국악고등학교,783,534,249,6,126,212,125,145,169,2,44,137,94,111,146,4,82,75,31,34,23
20213,A,골목상권,3110950,논현역 7번,2981,1929,1052,1,829,1305,518,230,98,0,418,886,383,173,69,1,411,419,135,57,29
20213,D,발달상권,3120199,경복아파트교차로,3427,2023,1404,9,720,1059,682,508,449,3,273,627,441,345,334,6,447,432,241,163,115
20213,D,발달상권,3120212,한티역,753,394,359,1,118,182,201,143,108,1,37,87,119,80,70,0,81,95,82,63,38
20213,D,발달상권,3120211,도성초등학교,984,516,468,7,180,282,189,161,165,3,68,120,112,117,96,4,112,162,77,44,69
20213,A,골목상권,3110960,은광여고,1601,749,852,5,219,282,389,522,184,4,60,131,203,227,124,1,159,151,186,295,60
20213,A,골목상권,3110964,싸리고개근린공원,217,124,93,0,29,60,59,34,35,0,8,32,36,23,25,0,21,28,23,11,10
20213,U,관광특구,3001496,강남 마이스 관광특구,15904,8904,7000,59,3513,6185,4248,1596,303,25,1160,3361,2887,1246,225,34,2353,2824,1361,350,78
20213,A,골목상권,3110995,봉은사역 4번,5085,3711,1374,9,978,2002,1271,637,188,2,575,1477,990,523,144,7,403,525,281,114,44
20213,A,골목상권,3110998,은곡마을(은곡마을공원),17,11,6,0,2,6,4,3,2,0,0,4,3,3,1,0,2,2,1,0,1
20213,A,골목상권,3111001,아래방죽마을공원(율현초등학교),58,43,15,0,2,9,14,18,15,0,1,7,12,13,10,0,1,2,2,5,5
20213,A,골목상권,3110949,한남IC,1683,1193,490,5,288,565,435,305,85,2,112,398,347,261,73,3,176,167,88,44,12
20213,A,골목상권,3110959,신구중학교,271,140,131,0,14,66,82,79,30,0,7,36,49,29,19,0,7,30,33,50,11
20213,A,골목상권,3110962,도산공원북측,53,27,26,0,20,11,10,8,4,0,11,7,6,3,0,0,9,4,4,5,4
20213,A,골목상권,3110954,국기원,636,445,191,0,89,142,187,94,124,0,35,97,161,74,78,0,54,45,26,20,46
20213,D,발달상권,3120204,르네상스호텔사거리,41471,20644,20827,102,8167,11056,10671,10081,1394,54,5016,7567,4988,2062,957,48,3151,3489,5683,8019,437
20213,A,골목상권,3110997,대청초등학교,1724,959,765,4,230,291,391,383,425,2,111,162,200,210,274,2,119,129,191,173,151
20213,A,골목상권,3110979,청담초등학교,3004,1918,1086,4,525,926,768,568,213,4,230,632,535,343,174,0,295,294,233,225,39
20213,A,골목상권,3111027,문정초등학교,1393,771,622,3,146,285,323,246,390,1,67,159,209,125,210,2,79,126,114,121,180
20213,A,골목상권,3111020,방이동고분군(방산고등학교),304,225,79,1,20,103,84,54,42,0,7,73,64,48,33,1,13,30,20,6,9
20213,R,전통시장,3130313,방이시장,3889,1825,2064,10,726,635,634,1135,749,8,362,409,357,377,312,2,364,226,277,758,437
20213,A,골목상권,3111005,삼전역 3번,1865,1358,507,0,320,617,459,302,167,0,215,449,339,222,133,0,105,168,120,80,34
20213,A,골목상권,3111037,Sh수협은행 오금동금융센터(아랫말어린이공원),373,243,130,0,37,103,90,93,50,0,25,84,60,43,31,0,12,19,30,50,19
20213,A,골목상권,3111032,방이역 1번,3878,2552,1326,4,235,340,599,718,1982,3,139,237,411,469,1293,1,96,103,188,249,689
20213,A,골목상권,3111081,둔촌푸르지오아파트,78,50,28,0,8,17,18,18,17,0,4,12,13,6,15,0,4,5,5,12,2
20213,A,골목상권,3111089,상일여고(상일초등학교),750,505,245,0,50,131,180,233,156,0,31,81,127,154,112,0,19,50,53,79,44
20213,A,골목상권,3111059,강동역 4번(강풀만화거리),774,420,354,3,87,144,177,164,199,1,47,73,92,91,116,2,40,71,85,73,83
20213,A,골목상권,3111067,강동구립성내도서관,746,414,332,2,73,149,192,177,153,1,36,98,107,84,88,1,37,51,85,93,65
20213,A,골목상권,3110005,세검정,1057,542,515,6,132,305,306,202,106,2,40,143,167,124,66,4,92,162,139,78,40
20213,A,골목상권,3110008,배화여자대학교(박노수미술관),507,350,157,1,50,79,121,161,95,0,15,45,93,121,76,1,35,34,28,40,19
20213,A,골목상권,3110035,동묘앞역 2번,276,161,115,2,18,43,75,88,50,0,5,18,42,65,31,2,13,25,33,23,19
20213,A,골목상권,3110027,혜화역 1번,598,358,240,1,67,108,127,97,198,0,25,70,64,54,145,1,42,38,63,43,53
20213,D,발달상권,3120015,종로6가,302,153,149,0,49,64,69,65,55,0,17,23,27,42,44,0,32,41,42,23,11
20213,R,전통시장,3130011,충신시장,88,44,44,0,19,19,20,17,13,0,7,11,8,8,10,0,12,8,12,9,3
20213,A,골목상권,3110030,동대문역 3번,7,3,4,0,2,2,2,1,0,0,0,2,1,0,0,0,2,0,1,1,0
20213,A,골목상권,3110015,청와대사랑채,578,345,233,0,64,147,166,126,75,0,16,63,110,91,65,0,48,84,56,35,10
20213,A,골목상권,3110011,청운초등학교,263,188,75,0,21,105,79,43,15,0,21,95,44,16,12,0,0,10,35,27,3
20213,A,골목상권,3110024,혜회동주민센터,928,263,665,0,135,264,294,184,51,0,17,64,90,55,37,0,118,200,204,129,14
20213,D,발달상권,3120032,충무로역,10818,5021,5797,35,1541,2434,3139,2621,1048,15,532,1200,1480,1142,652,20,1009,1234,1659,1479,396
20213,A,골목상권,3110045,동대문역사문화공원역 5번,234,174,60,0,24,54,64,55,37,0,11,38,46,47,32,0,13,16,18,8,5
20213,D,발달상권,3120031,을지로3가역,6147,3450,2697,9,699,1541,1643,1286,969,0,223,730,924,892,681,9,476,811,719,394,288
20213,R,전통시장,3130038,"평화시장(통일상가, 동화상가)",1000,670,330,3,116,301,291,198,91,0,63,167,223,150,67,3,53,134,68,48,24
20213,D,발달상권,3120020,시청역_1번,6561,4672,1889,29,1436,1964,1905,1013,214,17,728,1351,1643,776,157,12,708,613,262,237,57
20213,A,골목상권,3110043,충무초등학교,1202,670,532,12,212,307,331,223,117,7,97,155,169,152,90,5,115,152,162,71,27
20213,D,발달상권,3120018,중림동,2190,1368,822,2,393,736,598,295,166,2,207,425,357,238,139,0,186,311,241,57,27
20213,A,골목상권,3110057,황학코아루아파트,64,44,20,0,8,13,20,10,13,0,4,6,17,8,9,0,4,7,3,2,4
20213,A,골목상권,3110055,황학동벼룩시장,29,19,10,0,1,4,6,11,7,0,1,3,5,6,4,0,0,1,1,5,3
20213,A,골목상권,3110078,이촌동점보아파트,69,29,40,0,12,15,17,13,12,0,3,8,7,5,6,0,9,7,10,8,6
20213,A,골목상권,3110082,용산구청,1618,809,809,5,175,461,427,442,108,4,53,155,206,304,87,1,122,306,221,138,21
20213,D,발달상권,3120041,신용산역(용산역),20372,8281,12091,72,4418,6743,5760,2509,870,25,1460,2533,2359,1337,567,47,2958,4210,3401,1172,303
20213,A,골목상권,3110073,삼각지역 3번,7975,2387,5588,56,2508,2886,1913,505,107,25,861,919,424,119,39,31,1647,1967,1489,386,68
20213,A,골목상권,3110076,삼각지역 14번,537,175,362,0,46,143,158,153,37,0,11,49,61,45,9,0,35,94,97,108,28
20213,A,골목상권,3110099,유엔빌리지길,12646,10311,2335,33,1746,2596,3298,4558,415,25,904,1899,2859,4264,360,8,842,697,439,294,55
20213,A,골목상권,3110588,한겨레신문사,169,92,77,0,34,44,41,33,17,0,14,22,20,21,15,0,20,22,21,12,2
20213,R,전통시장,3130059,후암시장,64,40,24,0,6,12,16,11,19,0,4,5,10,7,14,0,2,7,6,4,5
20213,R,전통시장,3130064,금남시장,36,13,23,0,6,7,8,4,11,0,1,0,5,2,5,0,5,7,3,2,6
20213,A,골목상권,3110107,금호사거리,37,30,7,0,4,8,4,11,10,0,3,5,4,9,9,0,1,3,0,2,1
20213,A,골목상권,3110117,성동구보건소,103,73,30,1,14,27,19,33,9,1,10,20,11,25,6,0,4,7,8,8,3
20213,D,발달상권,3120050,서울숲역,212,159,53,0,33,40,60,52,27,0,19,30,47,41,22,0,14,10,13,11,5
20213,D,발달상권,3120052,성수역,11387,7284,4103,23,2113,2900,2661,2238,1452,12,1170,1971,1783,1298,1050,11,943,929,878,940,402
20213,R,전통시장,3130067,왕십리도선동상점가,1670,335,1335,3,166,202,291,591,417,1,78,98,69,49,40,2,88,104,222,542,377
20213,D,발달상권,3120066,장한평역(장한평),7424,4770,2654,43,1531,1839,1491,1235,1285,10,739,1202,991,818,1010,33,792,637,500,417,275
20213,A,골목상권,3110113,응봉산,77,43,34,0,14,15,14,16,18,0,4,11,7,6,15,0,10,4,7,10,3
20213,A,골목상권,3110112,행당역 2번,207,101,106,0,37,37,38,53,42,0,14,19,16,26,26,0,23,18,22,27,16
20213,A,골목상권,3110169,성동초등학교,253,139,114,1,28,41,73,68,42,0,15,21,36,39,28,1,13,20,37,29,14
20213,A,골목상권,3110156,군자역 5번,621,363,258,0,96,181,173,112,59,0,41,114,101,67,40,0,55,67,72,45,19
20213,A,골목상권,3110157,자양동우체국,1097,891,206,10,352,279,244,141,71,7,300,237,180,106,61,3,52,42,64,35,10
20213,A,골목상권,3110163,성자초등학교,284,143,141,0,39,46,67,77,55,0,14,27,32,31,39,0,25,19,35,46,16
20213,A,골목상권,3110168,대원고등학교,524,374,150,0,64,95,121,160,84,0,36,69,87,110,72,0,28,26,34,50,12
20213,A,골목상권,3110212,답십리초등학교,204,144,60,0,26,37,42,67,32,0,18,26,27,50,23,0,8,11,15,17,9
20213,A,골목상권,3110187,제기동역 6번,3124,2222,902,15,559,867,746,552,385,7,387,605,531,394,298,8,172,262,215,158,87
20213,A,골목상권,3110229,장평중학교,1332,862,470,0,145,164,190,318,515,0,81,103,125,211,342,0,64,61,65,107,173
20213,A,골목상권,3110231,장안교,11,8,3,0,0,1,4,5,1,0,0,1,3,4,0,0,0,0,1,1,1
20213,R,전통시장,3130088,경동시장,126,57,69,0,18,32,24,17,35,0,3,11,11,10,22,0,15,21,13,7,13
20213,A,골목상권,3110194,홍파초등학교,112,85,27,0,6,32,24,36,14,0,4,20,20,31,10,0,2,12,4,5,4
20213,A,골목상권,3110203,떡전교사거리,99,63,36,1,9,15,32,29,13,1,0,7,26,20,9,0,9,8,6,9,4
20213,A,골목상권,3110278,망우본동주민센터,276,166,110,1,32,46,77,81,39,0,10,25,43,56,32,1,22,21,34,25,7
20213,R,전통시장,3130106,중랑동부시장,166,56,110,1,20,40,34,39,32,0,1,8,7,21,19,1,19,32,27,18,13
20213,A,골목상권,3110246,월드순복음교회,431,312,119,0,27,97,158,95,54,0,12,69,122,65,44,0,15,28,36,30,10
20213,A,골목상권,3110261,사가정역 4번,167,90,77,1,16,29,49,50,22,1,8,15,25,26,15,0,8,14,24,24,7
20213,A,골목상권,3110242,면목5동주민센터,164,112,52,0,21,28,56,30,29,0,12,23,31,22,24,0,9,5,25,8,5
20213,A,골목상권,3110241,먹골역 5번,415,213,202,0,61,87,97,117,53,0,17,49,46,63,38,0,44,38,51,54,15
20213,D,발달상권,3120069,상봉역,1012,728,284,3,69,146,222,270,302,1,40,71,131,216,269,2,29,75,91,54,33
20213,A,골목상권,3110233,중랑역 1번,142,46,96,1,23,27,50,35,6,1,6,7,16,11,5,0,17,20,34,24,1
20213,A,골목상권,3110281,길상사,13818,12089,1729,12,1418,3093,4061,4964,270,1,960,2426,3678,4823,201,11,458,667,383,141,69
20213,A,골목상권,3110309,대광초등학교,376,266,110,0,38,63,108,103,64,0,19,44,71,78,54,0,19,19,37,25,10
20213,A,골목상권,3110318,KT월곡지사,148,78,70,0,21,29,45,36,17,0,10,19,22,14,13,0,11,10,23,22,4
20213,A,골목상권,3110379,KT&G 북부지사,12,3,9,1,1,1,3,3,3,0,0,0,1,1,1,1,1,1,2,2,2
20213,A,골목상권,3110373,수유역 2번,891,705,186,0,129,255,172,236,99,0,90,208,134,205,68,0,39,47,38,31,31
20213,R,전통시장,3130132,삼양골목시장(삼양시장),61,19,42,0,10,14,13,15,9,0,0,4,5,5,5,0,10,10,8,10,4
20213,A,골목상권,3110377,미아사거리역 3번,21,14,7,0,2,2,2,9,6,0,2,2,1,4,5,0,0,0,1,5,1
20213,A,골목상권,3110345,솔밭공원역 2번,114,47,67,1,14,18,26,37,18,0,3,6,8,17,13,1,11,12,18,20,5
20213,A,골목상권,3110342,국립재활원,60,45,15,0,5,11,20,15,9,0,3,8,14,13,7,0,2,3,6,2,2
20213,A,골목상권,3110348,강북문화예술회관,343,174,169,0,27,59,108,96,53,0,4,31,63,43,33,0,23,28,45,53,20
20213,A,골목상권,3110338,인수초등학교,263,192,71,0,34,67,61,63,38,0,18,49,44,48,33,0,16,18,17,15,5
20213,A,골목상권,3110402,도봉구 정병원,471,221,250,1,85,98,98,106,83,0,24,38,54,59,46,1,61,60,44,47,37
20213,A,골목상권,3110383,덕성여대시반거리,33,21,12,0,0,3,13,10,7,0,0,2,9,5,5,0,0,1,4,5,2
20213,R,전통시장,3130145,쌍문역둘리상점가,244,202,42,0,39,44,77,62,22,0,28,35,65,56,18,0,11,9,12,6,4
20213,A,골목상권,3110392,발바닥공원,43,17,26,0,2,8,7,10,16,0,0,0,3,3,11,0,2,8,4,7,5
20213,A,골목상권,3110416,노원초등학교,468,244,224,4,61,110,118,126,49,2,24,73,58,58,29,2,37,37,60,68,20
20213,A,골목상권,3110428,상계5동주민센터,491,217,274,1,43,52,106,158,131,0,14,25,45,70,63,1,29,27,61,88,68
20213,D,발달상권,3120080,마들역,180,46,134,0,30,45,46,36,23,0,2,7,9,13,15,0,28,38,37,23,8
20213,A,골목상권,3110464,연신내역 5번,301,170,131,4,32,53,93,85,34,4,18,28,44,49,27,0,14,25,49,36,7
20213,A,골목상권,3110457,예일여고,482,283,199,1,60,88,88,132,113,0,27,46,47,71,92,1,33,42,41,61,21
20213,D,발달상권,3120091,본서부병원,516,192,324,1,51,69,119,165,111,0,20,28,51,55,38,1,31,41,68,110,73
20213,A,골목상권,3110485,연신내우체국,1259,678,581,0,7,24,35,160,1033,0,4,5,15,70,584,0,3,19,20,90,449
20213,A,골목상권,3110488,우리은행응암동지점,174,104,70,1,14,24,41,38,56,0,8,16,19,15,46,1,6,8,22,23,10
20213,R,전통시장,3130163,응암오거리상점가,182,49,133,0,24,28,44,50,36,0,4,8,11,12,14,0,20,20,33,38,22
20213,A,골목상권,3110449,증산역 3번,709,410,299,0,104,160,182,147,116,0,47,98,96,84,85,0,57,62,86,63,31
20213,D,발달상권,3120094,"신촌역(신촌역, 신촌로터리)",5328,2411,2917,67,2381,1182,676,592,430,23,994,579,296,278,241,44,1387,603,380,314,189
20213,R,전통시장,3130175,신촌 상인회(신촌상점가),13,5,8,0,1,3,5,4,0,0,1,0,1,3,0,0,0,3,4,1,0
20213,D,발달상권,3120097,충정로역,2246,1354,892,0,321,658,631,407,229,0,172,390,397,254,141,0,149,268,234,153,88
20213,R,전통시장,3130176,유진상가,38,23,15,0,20,16,1,1,0,0,9,13,1,0,0,0,11,3,0,1,0
20213,A,골목상권,3110523,홍제성원아파트,21,9,12,0,0,4,5,7,5,0,0,0,2,5,2,0,0,4,3,2,3
20213,D,발달상권,3120107,공덕역(공덕오거리),13077,7619,5458,43,2471,3470,3552,3026,515,9,1021,2002,2300,1900,387,34,1450,1468,1252,1126,128
20213,A,골목상권,3110586,서울서부지방법원,1855,953,902,2,423,499,464,293,174,1,233,283,196,130,110,1,190,216,268,163,64
20213,A,골목상권,3110540,망원나들목체육관,238,107,131,0,39,63,70,47,19,0,19,28,26,23,11,0,20,35,44,24,8
20213,A,골목상권,3110567,광흥창역 6번,91,61,30,0,16,26,27,12,10,0,8,20,13,11,9,0,8,6,14,1,1
20213,A,골목상권,3110565,홍익대,110,66,44,0,16,34,34,19,7,0,8,16,23,13,6,0,8,18,11,6,1
20213,A,골목상권,3110560,마포FM,292,140,152,0,26,64,87,77,38,0,10,26,40,36,28,0,16,38,47,41,10
20213,A,골목상권,3110549,새터산,357,165,192,1,57,79,100,64,56,1,24,39,47,22,32,0,33,40,53,42,24
20213,D,발달상권,3120099,월드컵경기장역(월드컵경기장),84,57,27,0,11,20,26,14,13,0,6,16,21,7,7,0,5,4,5,7,6
20213,A,골목상권,3110581,염리초등학교,16,11,5,0,0,0,2,6,8,0,0,0,2,3,6,0,0,0,0,3,2
20213,D,발달상권,3120113,오목교역,641,380,261,2,98,147,163,141,90,1,45,81,95,95,63,1,53,66,68,46,27
20213,D,발달상권,3120110,목동역 8번출구,1858,1400,458,2,142,216,286,247,965,1,42,102,166,181,908,1,100,114,120,66,57
20213,A,골목상권,3110617,등촌역 4번,262,188,74,0,47,75,73,48,19,0,37,55,50,31,15,0,10,20,23,17,4
20213,A,골목상권,3110597,신월1동주민센터,517,302,215,0,30,68,111,150,158,0,14,36,54,84,114,0,16,32,57,66,44
20213,R,전통시장,3130199,신월3동 골목시장,18,8,10,0,1,4,4,9,0,0,0,1,3,4,0,0,1,3,1,5,0
20213,A,골목상권,3110615,신서초등학교,87,63,24,0,20,21,27,13,6,0,14,18,18,8,5,0,6,3,9,5,1
20213,A,골목상권,3110674,강서구청가양동별관,260,189,71,0,21,55,61,47,76,0,14,46,35,29,65,0,7,9,26,18,11
20213,A,골목상권,3110677,등촌역 1번,410,321,89,1,50,80,83,91,105,1,24,51,70,76,99,0,26,29,13,15,6
20213,A,골목상권,3110676,등촌역 7번,228,138,90,0,31,34,61,56,46,0,13,20,36,37,32,0,18,14,25,19,14
20213,D,발달상권,3120117,강서농산물도매시장,451,280,171,0,12,62,127,153,97,0,9,48,78,89,56,0,3,14,49,64,41
20213,A,골목상권,3110636,방화역 2번,152,76,76,1,25,49,41,21,15,0,9,26,27,4,10,1,16,23,14,17,5
20213,A,골목상권,3110631,방화초등학교,335,161,174,2,32,63,68,100,70,2,19,34,37,37,32,0,13,29,31,63,38
20213,D,발달상권,3120120,화곡역,927,405,522,1,177,218,193,196,142,0,46,109,84,81,85,1,131,109,109,115,57
20213,A,골목상권,3110656,까치산역 3번,829,493,336,13,89,206,249,190,82,12,52,128,151,91,59,1,37,78,98,99,23
20213,D,발달상권,3120121,까치산역,365,145,220,2,51,46,72,106,88,2,12,18,29,43,41,0,39,28,43,63,47
20213,A,골목상권,3110654,까치산역 4번,1027,687,340,2,68,149,252,380,176,1,38,81,139,281,147,1,30,68,113,99,29
20213,A,골목상권,3110665,곰달래도서관,469,285,184,0,36,92,123,138,80,0,25,60,79,74,47,0,11,32,44,64,33
20213,A,골목상권,3110662,까치산역 1번,1480,885,595,4,245,501,396,234,100,4,129,301,207,171,73,0,116,200,189,63,27
20213,R,전통시장,3130217,화곡본동시장,36,16,20,0,3,5,10,13,5,0,1,3,5,6,1,0,2,2,5,7,4
20213,A,골목상권,3110691,개봉중학교,395,205,190,0,37,65,119,115,59,0,20,38,49,52,46,0,17,27,70,63,13
20213,A,골목상권,3110705,고산초등학교,33,19,14,0,3,2,8,7,13,0,3,1,8,2,5,0,0,1,0,5,8
20213,R,전통시장,3130229,남구로시장,249,139,110,1,16,53,61,62,56,0,7,30,31,32,39,1,9,23,30,30,17
20213,A,골목상권,3110680,온수역 5번(온수산업단지),901,770,131,15,129,129,157,274,197,15,105,106,127,234,183,0,24,23,30,40,14
20213,A,골목상권,3110685,금강수목원아파트,56,39,17,0,10,12,12,11,11,0,7,10,5,7,10,0,3,2,7,4,1
20213,D,발달상권,3120132,독산동,4203,2884,1319,13,512,908,1016,1074,680,12,350,650,695,701,476,1,162,258,321,373,204
20213,A,골목상권,3110732,가산초등학교(세일중학교),362,258,104,1,42,68,107,79,65,0,23,39,78,64,54,1,19,29,29,15,11
20213,A,골목상권,3110729,가산동우체국,151,112,39,0,19,30,40,39,23,0,14,19,30,30,19,0,5,11,10,9,4
20213,A,골목상권,3110723,가산디지털단지역 1번 출입구,286,247,39,0,6,10,37,130,103,0,6,5,26,113,97,0,0,5,11,17,6
20213,A,골목상권,3110742,KT금천빌딩(금천구시설관리공단),426,237,189,0,42,83,106,125,70,0,21,57,71,54,34,0,21,26,35,71,36
20213,A,골목상권,3110748,백산초등학교,102,64,38,0,6,19,21,26,30,0,2,9,11,22,20,0,4,10,10,4,10
20213,A,골목상권,3110749,금산초등학교(금천고등학교),418,255,163,0,51,99,100,118,50,0,26,61,51,81,36,0,25,38,49,37,14
20213,A,골목상권,3110750,시흥4동주민센터(서울신흥초등학교),397,221,176,4,78,83,80,104,48,4,47,62,43,33,32,0,31,21,37,71,16
20213,D,발달상권,3120141,영등포청과시장교차로,601,418,183,2,71,137,188,115,88,1,36,85,133,86,77,1,35,52,55,29,11
20213,R,전통시장,3130240,영등포유통상가,1400,893,507,0,128,296,347,287,342,0,68,168,226,194,237,0,60,128,121,93,105
20213,A,골목상권,3110763,영등포구청역 2번,480,353,127,2,84,147,107,84,56,0,53,100,79,72,49,2,31,47,28,12,7
20213,A,골목상권,3110786,당산역 8번,271,179,92,2,20,41,60,51,97,2,8,21,42,38,68,0,12,20,18,13,29
20213,R,전통시장,3130247,우리시장,19,15,4,0,3,4,4,3,5,0,1,3,4,3,4,0,2,1,0,0,1
20213,A,골목상권,3110817,대방역 4번,26,19,7,0,2,6,6,6,6,0,0,4,4,6,5,0,2,2,2,0,1
20213,R,전통시장,3130256,신동시장,2,2,0,0,0,0,0,1,1,0,0,0,0,1,1,0,0,0,0,0,0
20213,A,골목상권,3110757,양평역 2번,1501,1114,387,1,111,230,356,424,379,0,51,176,286,314,287,1,60,54,70,110,92
20213,A,골목상권,3110762,선유도역 1번,3139,2286,853,6,392,669,739,809,524,4,217,459,529,629,448,2,175,210,210,180,76
20213,A,골목상권,3110807,신길역 3번,102,70,32,0,6,16,23,27,30,0,4,8,18,19,21,0,2,8,5,8,9
20213,R,전통시장,3130250,삼구시장(로타리상가),1,0,1,0,0,0,0,1,0,0,0,0,0,0,0,0,0,0,0,1,0
20213,A,골목상권,3110803,신길2동우편취급국,312,224,88,0,17,27,58,67,143,0,6,14,33,43,128,0,11,13,25,24,15
20213,A,골목상권,3110847,예술인마을,443,216,227,3,52,135,137,77,39,3,13,60,74,37,29,0,39,75,63,40,10
20213,R,전통시장,3130272,사당시장,45,20,25,0,4,6,10,11,14,0,0,1,4,6,9,0,4,5,6,5,5
20213,A,골목상권,3110843,사당5동주민센터,181,135,46,1,22,25,55,52,26,0,16,17,34,44,24,1,6,8,21,8,2
20213,A,골목상권,3110835,상도역 1번,296,170,126,0,81,95,59,38,23,0,32,61,37,19,21,0,49,34,22,19,2
20213,A,골목상권,3110830,상도초등학교,281,152,129,0,22,61,73,85,40,0,7,29,36,54,26,0,15,32,37,31,14
20213,D,발달상권,3120154,장승배기역,497,214,283,1,64,124,128,111,69,0,19,58,68,39,30,1,45,66,60,72,39
20213,D,발달상권,3120151,보라매공원,2417,1455,962,6,401,736,707,383,184,4,194,433,450,237,137,2,207,303,257,146,47
20213,A,골목상권,3110863,난우초등학교,319,179,140,6,40,61,63,79,70,5,23,30,38,36,47,1,17,31,25,43,23
20213,A,골목상권,3110867,국제신학대학원대학교(남서울중학교),202,117,85,0,8,34,39,53,68,0,2,15,21,32,47,0,6,19,18,21,21
20214,A,골목상권,3110248,먹골파출소,85,47,38,1,19,23,20,12,10,0,7,14,12,4,10,1,12,9,8,8,0
20214,A,골목상권,3110279,신내역 2번,9,8,1,0,0,1,4,4,0,0,0,1,3,4,0,0,0,0,1,0,0
20214,A,골목상권,3110245,KB국민은행 중화동지점,156,81,75,0,8,36,52,40,20,0,5,16,26,19,15,0,3,20,26,21,5
20214,R,전통시장,3130108,태능엔터피아(태릉시장),3,1,2,0,0,0,1,2,0,0,0,0,0,1,0,0,0,0,1,1,0
20214,A,골목상권,3110308,길음역 8번,174,85,89,0,17,36,56,41,24,0,8,17,26,20,14,0,9,19,30,21,10
20214,D,발달상권,3120073,미아사거리,353,135,218,3,40,67,95,95,53,2,16,29,45,23,20,1,24,38,50,72,33
20214,A,골목상권,3110300,삼선동주민센터,2735,1587,1148,3,248,710,769,844,161,2,97,300,444,629,115,1,151,410,325,215,46
20214,D,발달상권,3120072,성신여대,1048,537,511,18,137,211,213,271,198,11,46,86,103,152,139,7,91,125,110,119,59
20214,A,골목상권,3110301,성신여대입구역 7번,484,209,275,1,73,84,96,134,96,0,31,37,39,62,40,1,42,47,57,72,56
20214,R,전통시장,3130120,돈암시장(돈암제일시장),99,23,76,1,20,20,25,18,15,0,0,2,7,8,6,1,20,18,18,10,9
20214,A,골목상권,3110328,상월곡역 3번,235,157,78,1,38,75,62,37,22,1,26,58,33,24,15,0,12,17,29,13,7
20214,R,전통시장,3130126,새석관시장,13,8,5,0,1,4,2,5,1,0,0,3,1,3,1,0,1,1,1,2,0
20214,R,전통시장,3130128,돌곶이시장(석관황금시장),191,157,34,0,30,36,41,72,12,0,28,26,29,62,12,0,2,10,12,10,0
20214,A,골목상권,3110323,상월곡역 1번,109,30,79,2,25,24,28,18,12,0,4,5,11,5,5,2,21,19,17,13,7
20214,A,골목상권,3110325,장곡초등학교,57,18,39,0,0,14,20,17,6,0,0,3,7,4,4,0,0,11,13,13,2
20214,A,골목상권,3110329,우리은행체육관,34,27,7,1,1,5,6,14,7,1,0,5,5,10,6,0,1,0,1,4,1
20214,A,골목상권,3110418,광운대학교 남단,100,45,55,0,11,17,23,26,23,0,5,5,13,16,6,0,6,12,10,10,17
20214,A,골목상권,3110292,정릉역 2번,33,14,19,0,1,5,16,6,5,0,1,3,5,3,2,0,0,2,11,3,3
20214,A,골목상권,3110289,북한산보국문역 2번,144,105,39,0,9,28,49,32,26,0,6,23,30,24,22,0,3,5,19,8,4
20214,A,골목상권,3110320,KB국민은행 종암동지점,79,51,28,0,2,11,27,24,15,0,1,5,15,17,13,0,1,6,12,7,2
20214,A,골목상권,3110369,성신여대운정그린캠퍼스,518,214,304,1,49,46,131,131,160,1,10,16,44,53,90,0,39,30,87,78,70
20214,A,골목상권,3110376,수송초등학교,224,142,82,0,26,47,62,60,29,0,12,29,38,41,22,0,14,18,24,19,7
20214,R,전통시장,3130143,방천골목시장,65,36,29,0,11,7,19,24,4,0,6,5,9,13,3,0,5,2,10,11,1
20214,R,전통시장,3130140,숭인시장,62,27,35,0,9,13,10,15,15,0,0,4,1,9,13,0,9,9,9,6,2
20214,A,골목상권,3110362,우이천 계성교,205,110,95,1,24,34,61,63,22,0,11,19,28,35,17,1,13,15,33,28,5
20214,A,골목상권,3110356,덕수교,228,114,114,0,13,34,55,60,66,0,4,17,22,30,41,0,9,17,33,30,25
20214,R,전통시장,3130139,강북종합전통시장(강북종합골목시장),166,114,52,0,16,45,61,28,16,0,11,33,42,19,9,0,5,12,19,9,7
20214,A,골목상권,3110343,무너미어린이공원,100,74,26,0,7,21,28,32,12,0,4,14,22,25,9,0,3,7,6,7,3
20214,A,골목상권,3110351,수유북부시장옆,214,93,121,0,27,45,51,59,32,0,9,17,20,25,22,0,18,28,31,34,10
20214,A,골목상권,3110413,누원고등학교,54,33,21,0,8,11,12,11,12,0,5,8,5,5,10,0,3,3,7,6,2
20214,A,골목상권,3110382,솔밭공원역 1번,32,25,7,0,1,9,8,7,7,0,0,5,6,7,7,0,1,4,2,0,0
20214,R,전통시장,3130149,창동신창시장,116,51,65,0,5,24,35,31,21,0,2,10,17,10,12,0,3,14,18,21,9
20214,R,전통시장,3130159,공릉동 도깨비시장,101,47,54,0,12,22,24,26,17,0,4,8,9,15,11,0,8,14,15,11,6
20214,A,골목상권,3110422,노원역 9번,277,221,56,0,27,70,94,54,32,0,24,59,79,37,22,0,3,11,15,17,10
20214,D,발달상권,3120082,상계백병원,389,127,262,0,81,95,109,69,35,0,19,18,34,38,18,0,62,77,75,31,17
20214,A,골목상권,3110417,월계역 3번,19,10,9,0,10,6,0,3,0,0,3,5,0,2,0,0,7,1,0,1,0
20214,D,발달상권,3120083,등나무근린공원,1184,787,397,0,166,325,271,283,139,0,114,228,171,179,95,0,52,97,100,104,44
20214,R,전통시장,3130155,시영B상가(중계 그린아파트 B 상가),3,2,1,0,0,1,0,2,0,0,0,1,0,1,0,0,0,0,0,1,0
20214,A,골목상권,3110430,중계초등학교,275,100,175,0,18,28,58,96,75,0,8,7,19,25,41,0,10,21,39,71,34
20214,A,골목상권,3110441,영신여고,138,72,66,0,12,28,33,41,24,0,7,20,15,21,9,0,5,8,18,20,15
20214,A,골목상권,3110427,노원 을지대학교병원,363,281,82,0,27,27,62,126,121,0,12,14,31,109,115,0,15,13,31,17,6
20214,A,골목상권,3110477,은평세무서,434,205,229,0,43,62,106,141,82,0,15,23,49,71,47,0,28,39,57,70,35
20214,A,골목상권,3110476,역촌역 2번,56,26,30,0,2,8,22,17,7,0,1,3,9,7,6,0,1,5,13,10,1
20214,R,전통시장,3130169,대조시장,67,31,36,0,5,11,21,23,7,0,1,3,11,11,5,0,4,8,10,12,2
20214,R,전통시장,3130171,불광먹자골목 골목형상점가,155,54,101,0,18,31,24,37,45,0,4,9,11,16,14,0,14,22,13,21,31
20214,R,전통시장,3130160,수일시장,7,2,5,0,0,2,1,2,2,0,0,0,0,1,1,0,0,2,1,1,1
20214,A,골목상권,3110499,연가초등학교,263,119,144,0,42,42,74,65,40,0,8,20,31,35,25,0,34,22,43,30,15
20214,A,골목상권,3110503,명지대학교교회,230,123,107,0,27,52,59,64,28,0,9,30,26,36,22,0,18,22,33,28,6
20214,A,골목상권,3110533,충정로역 7번,22,11,11,0,5,5,3,5,4,0,0,2,2,4,3,0,5,3,1,1,1
20214,A,골목상권,3110537,충정로현대아파트,1514,848,666,1,362,525,328,177,121,0,150,263,215,134,86,1,212,262,113,43,35
20214,A,골목상권,3110522,홍제역 3번,46,12,34,0,14,7,12,6,7,0,2,2,2,2,4,0,12,5,10,4,3
20214,R,전통시장,3130196,공덕시장,3948,2001,1947,52,1323,1296,891,287,99,28,467,646,599,181,80,24,856,650,292,106,19
20214,A,골목상권,3110541,동교초등학교,377,221,156,0,43,59,101,96,78,0,23,37,63,50,48,0,20,22,38,46,30
20214,R,전통시장,3130190,홍대소상공인상점가,150,77,73,1,55,35,30,18,11,0,18,22,18,10,9,1,37,13,12,8,2
20214,D,발달상권,3120102,서교동(홍대),7276,3402,3874,18,1521,2551,1814,899,473,11,496,1065,913,566,351,7,1025,1486,901,333,122
20214,A,골목상권,3110555,홍익지구대,284,147,137,1,49,53,55,37,89,0,14,28,31,16,58,1,35,25,24,21,31
20214,A,골목상권,3110558,경성고등학교,2362,1593,769,11,308,568,571,513,391,10,153,351,408,384,287,1,155,217,163,129,104
20214,R,전통시장,3130184,마포농수산물시장,77,40,37,0,2,12,24,26,13,0,1,8,12,14,5,0,1,4,12,12,8
20214,A,골목상권,3110571,신수동주민센터,635,358,277,5,109,159,187,126,49,5,57,88,98,74,36,0,52,71,89,52,13
20214,A,골목상권,3110628,신목동역,469,307,162,0,52,85,114,113,105,0,28,56,79,85,59,0,24,29,35,28,46
20214,R,전통시장,3130210,목2동시장,432,251,181,1,66,124,122,71,48,1,40,69,70,39,32,0,26,55,52,32,16
20214,D,발달상권,3120108,신정네거리역,992,580,412,2,93,215,220,242,220,1,28,110,112,160,169,1,65,105,108,82,51
20214,A,골목상권,3110627,신정롯데캐슬아파트,548,318,230,24,129,136,102,93,64,13,69,81,62,49,44,11,60,55,40,44,20
20214,R,전통시장,3130206,신정3동 골목시장,20,6,14,0,0,5,11,2,2,0,0,0,3,1,2,0,0,5,8,1,0
20214,A,골목상권,3110612,신정역 5번,644,303,341,1,85,88,143,197,130,0,44,62,74,70,53,1,41,26,69,127,77
20214,A,골목상권,3110629,송정역 4번,190,107,83,0,26,52,54,35,23,0,9,34,28,24,12,0,17,18,26,11,11
20214,R,전통시장,3130220,등마루시장,491,167,324,5,44,61,71,166,144,3,16,29,38,34,47,2,28,32,33,132,97
20214,D,발달상권,3120115,김포공항역(김포공항),23,12,11,0,6,9,4,4,0,0,2,4,3,3,0,0,4,5,1,1,0
20214,A,골목상권,3110679,염창역 2번,574,404,170,3,89,206,152,80,44,2,49,148,111,58,36,1,40,58,41,22,8
20214,A,골목상권,3110649,우장산역 1번,358,191,167,0,41,91,82,93,51,0,12,49,38,59,33,0,29,42,44,34,18
20214,A,골목상권,3110670,신곡초등학교,489,320,169,6,79,118,121,90,75,3,45,77,71,59,65,3,34,41,50,31,10
20214,A,골목상권,3110666,KC대학교,176,60,116,0,19,35,52,57,13,0,10,10,20,13,7,0,9,25,32,44,6
20214,A,골목상권,3110669,화곡보람2차아파트,13,3,10,0,0,2,4,2,5,0,0,1,2,0,0,0,0,1,2,2,5
20214,A,골목상권,3110700,고척초등학교,3249,2648,601,3,209,680,974,1176,207,2,119,533,803,1021,170,1,90,147,171,155,37
20214,D,발달상권,3120124,개봉동 현대아파트,461,205,256,0,63,89,119,82,108,0,18,26,49,43,69,0,45,63,70,39,39
20214,R,전통시장,3130228,구로시장,10,5,5,0,0,4,6,0,0,0,0,1,4,0,0,0,0,3,2,0,0
20214,D,발달상권,3120128,신도림역,1253,656,597,7,191,318,382,243,112,1,75,153,191,149,87,6,116,165,191,94,25
20214,A,골목상권,3110689,오류동역 3번,287,200,87,3,44,47,56,75,62,3,25,32,41,52,47,0,19,15,15,23,15
20214,A,골목상권,3110690,오류2동버들시장,577,275,302,1,101,192,133,94,56,0,39,104,64,36,32,1,62,88,69,58,24
20214,A,골목상권,3110725,가산동주민센터,85,59,26,0,6,20,22,20,17,0,3,15,16,12,13,0,3,5,6,8,4
20214,A,골목상권,3110735,말미고개,520,330,190,0,64,115,140,140,61,0,31,79,94,79,47,0,33,36,46,61,14
20214,R,전통시장,3130233,남문시장,76,47,29,0,5,8,18,22,23,0,2,3,9,12,21,0,3,5,9,10,2
20214,A,골목상권,3110736,독산119안전센터,461,199,262,0,46,55,76,118,166,0,21,32,35,42,69,0,25,23,41,76,97
20214,A,골목상권,3110746,금천금빛공원(은행나무사거리서측),76,53,23,0,5,11,23,22,15,0,3,9,13,16,12,0,2,2,10,6,3
20214,R,전통시장,3130237,박미시장(기능상실),39,26,13,0,1,6,11,9,12,0,0,2,7,8,9,0,1,4,4,1,3
20214,A,골목상권,3110766,대림역 5번,360,205,155,0,30,82,85,99,64,0,15,54,42,56,38,0,15,28,43,43,26
20214,A,골목상권,3110777,구로세무서,282,210,72,0,36,41,47,83,75,0,13,30,32,66,69,0,23,11,15,17,6
20214,R,전통시장,3130255,영등포전통시장,45,29,16,0,1,7,5,10,22,0,1,5,3,4,16,0,0,2,2,6,6
20214,A,골목상권,3110788,영등포시장역 3번,28,22,6,0,4,5,7,9,3,0,3,5,6,6,2,0,1,0,1,3,1
20214,A,골목상권,3110783,영등포시장역 1번,292,154,138,1,26,37,35,67,126,1,19,27,16,33,58,0,7,10,19,34,68
20214,A,골목상권,3110799,영등포본동주민센터,119,86,33,5,21,16,11,22,44,3,12,10,6,15,40,2,9,6,5,7,4
20214,R,전통시장,3130265,노량진중앙시장,115,82,33,0,17,48,34,8,8,0,12,42,23,3,2,0,5,6,11,5,6
20214,R,전통시장,3130263,신노량진시장(기능상실),13,4,9,0,0,3,4,6,0,0,0,0,1,3,0,0,0,3,3,3,0
20214,A,골목상권,3110821,보라매역 2번,599,356,243,0,73,109,142,137,138,0,34,65,80,89,88,0,39,44,62,48,50
20214,D,발달상권,3120155,총신대학교,107,54,53,0,13,27,24,25,18,0,7,8,13,14,12,0,6,19,11,11,6
20214,R,전통시장,3130268,상도전통시장,239,104,135,0,33,60,53,58,35,0,12,23,23,24,22,0,21,37,30,34,13
20214,A,골목상권,3110836,상도역 5번,3057,1846,1211,9,550,798,701,647,352,2,238,486,453,447,220,7,312,312,248,200,132
20214,A,골목상권,3110840,중앙대학교,175,99,76,0,24,25,57,45,24,0,12,13,37,22,15,0,12,12,20,23,9
20214,A,골목상권,3110878,미림여고,368,218,150,3,43,114,101,78,29,0,19,63,68,43,25,3,24,51,33,35,4
20214,A,골목상권,3110861,관악구신사동주민센터,1168,598,570,1,215,376,261,204,111,1,71,194,161,101,70,0,144,182,100,103,41
20214,A,골목상권,3110893,관악소방서(문영여고),353,303,50,0,39,110,66,113,25,0,29,96,57,99,22,0,10,14,9,14,3
20214,A,골목상권,3110890,봉천역 1번(관악초등학교),249,148,101,1,17,43,92,67,29,0,4,22,58,43,21,1,13,21,34,24,8
20214,R,전통시장,3130294,관악중부시장,102,40,62,1,5,10,22,39,25,0,2,3,7,16,12,1,3,7,15,23,13
20214,D,발달상권,3120166,방배역,5465,3280,2185,90,1234,1594,1033,699,815,26,523,920,713,451,647,64,711,674,320,248,168
20214,D,발달상권,3120164,내방역,8579,5975,2604,56,1923,2822,1862,1129,787,48,1160,1998,1383,799,587,8,763,824,479,330,200
20214,D,발달상권,3120162,방배동카페골목,1253,717,536,61,207,200,219,215,351,57,126,142,110,93,189,4,81,58,109,122,162
20214,D,발달상권,3120169,서초역,15771,7185,8586,70,3824,4195,3945,2657,1080,30,1313,1990,1801,1235,816,40,2511,2205,2144,1422,264
20214,A,골목상권,3110936,더케이호텔(양재리본타워2단지아파트),832,552,280,3,109,260,215,175,70,0,53,154,159,131,55,3,56,106,56,44,15
20214,A,골목상권,3110940,양재근린공원(양재2동주민센터),956,699,257,8,168,323,238,137,82,8,109,243,178,97,64,0,59,80,60,40,18
20214,D,발달상권,3120178,신사역,11093,6014,5079,34,2556,2878,2400,1866,1359,13,875,1596,1501,1005,1024,21,1681,1282,899,861,335
20214,A,골목상권,3110993,개포지하차도 북측,70,53,17,0,3,9,19,23,16,0,2,7,16,18,10,0,1,2,3,5,6
20214,A,골목상권,3110983,국립국악고등학교,783,534,249,6,126,212,125,145,169,2,44,137,94,111,146,4,82,75,31,34,23
20214,A,골목상권,3110950,논현역 7번,2981,1929,1052,1,829,1305,518,230,98,0,418,886,383,173,69,1,411,419,135,57,29
20214,D,발달상권,3120199,경복아파트교차로,3427,2023,1404,9,720,1059,682,508,449,3,273,627,441,345,334,6,447,432,241,163,115
20214,D,발달상권,3120212,한티역,753,394,359,1,118,182,201,143,108,1,37,87,119,80,70,0,81,95,82,63,38
20214,D,발달상권,3120211,도성초등학교,984,516,468,7,180,282,189,161,165,3,68,120,112,117,96,4,112,162,77,44,69
20214,A,골목상권,3110960,은광여고,1601,749,852,5,219,282,389,522,184,4,60,131,203,227,124,1,159,151,186,295,60
20214,A,골목상권,3110964,싸리고개근린공원,217,124,93,0,29,60,59,34,35,0,8,32,36,23,25,0,21,28,23,11,10
20214,U,관광특구,3001496,강남 마이스 관광특구,15904,8904,7000,59,3513,6185,4248,1596,303,25,1160,3361,2887,1246,225,34,2353,2824,1361,350,78
20214,A,골목상권,3110995,봉은사역 4번,5085,3711,1374,9,978,2002,1271,637,188,2,575,1477,990,523,144,7,403,525,281,114,44
20214,A,골목상권,3110998,은곡마을(은곡마을공원),17,11,6,0,2,6,4,3,2,0,0,4,3,3,1,0,2,2,1,0,1
20214,A,골목상권,3111001,아래방죽마을공원(율현초등학교),58,43,15,0,2,9,14,18,15,0,1,7,12,13,10,0,1,2,2,5,5
20214,A,골목상권,3110949,한남IC,1683,1193,490,5,288,565,435,305,85,2,112,398,347,261,73,3,176,167,88,44,12
20214,A,골목상권,3110959,신구중학교,271,140,131,0,14,66,82,79,30,0,7,36,49,29,19,0,7,30,33,50,11
20214,A,골목상권,3110962,도산공원북측,53,27,26,0,20,11,10,8,4,0,11,7,6,3,0,0,9,4,4,5,4
20214,A,골목상권,3110954,국기원,636,445,191,0,89,142,187,94,124,0,35,97,161,74,78,0,54,45,26,20,46
20214,D,발달상권,3120204,르네상스호텔사거리,41471,20644,20827,102,8167,11056,10671,10081,1394,54,5016,7567,4988,2062,957,48,3151,3489,5683,8019,437
20214,A,골목상권,3110997,대청초등학교,1724,959,765,4,230,291,391,383,425,2,111,162,200,210,274,2,119,129,191,173,151
20214,A,골목상권,3110979,청담초등학교,3004,1918,1086,4,525,926,768,568,213,4,230,632,535,343,174,0,295,294,233,225,39
20214,A,골목상권,3111027,문정초등학교,1393,771,622,3,146,285,323,246,390,1,67,159,209,125,210,2,79,126,114,121,180
20214,A,골목상권,3111020,방이동고분군(방산고등학교),304,225,79,1,20,103,84,54,42,0,7,73,64,48,33,1,13,30,20,6,9
20214,R,전통시장,3130313,방이시장,3889,1825,2064,10,726,635,634,1135,749,8,362,409,357,377,312,2,364,226,277,758,437
20214,A,골목상권,3111005,삼전역 3번,1865,1358,507,0,320,617,459,302,167,0,215,449,339,222,133,0,105,168,120,80,34
20214,A,골목상권,3111037,Sh수협은행 오금동금융센터(아랫말어린이공원),373,243,130,0,37,103,90,93,50,0,25,84,60,43,31,0,12,19,30,50,19
20214,A,골목상권,3111032,방이역 1번,3878,2552,1326,4,235,340,599,718,1982,3,139,237,411,469,1293,1,96,103,188,249,689
20214,A,골목상권,3111081,둔촌푸르지오아파트,78,50,28,0,8,17,18,18,17,0,4,12,13,6,15,0,4,5,5,12,2
20214,A,골목상권,3111089,상일여고(상일초등학교),750,505,245,0,50,131,180,233,156,0,31,81,127,154,112,0,19,50,53,79,44
20214,A,골목상권,3111059,강동역 4번(강풀만화거리),774,420,354,3,87,144,177,164,199,1,47,73,92,91,116,2,40,71,85,73,83
20214,A,골목상권,3111067,강동구립성내도서관,746,414,332,2,73,149,192,177,153,1,36,98,107,84,88,1,37,51,85,93,65
20214,A,골목상권,3110005,세검정,1057,542,515,6,132,305,306,202,106,2,40,143,167,124,66,4,92,162,139,78,40
20214,A,골목상권,3110008,배화여자대학교(박노수미술관),507,350,157,1,50,79,121,161,95,0,15,45,93,121,76,1,35,34,28,40,19
20214,A,골목상권,3110035,동묘앞역 2번,276,161,115,2,18,43,75,88,50,0,5,18,42,65,31,2,13,25,33,23,19
20214,A,골목상권,3110027,혜화역 1번,598,358,240,1,67,108,127,97,198,0,25,70,64,54,145,1,42,38,63,43,53
20214,D,발달상권,3120015,종로6가,302,153,149,0,49,64,69,65,55,0,17,23,27,42,44,0,32,41,42,23,11
20214,R,전통시장,3130011,충신시장,88,44,44,0,19,19,20,17,13,0,7,11,8,8,10,0,12,8,12,9,3
20214,A,골목상권,3110030,동대문역 3번,7,3,4,0,2,2,2,1,0,0,0,2,1,0,0,0,2,0,1,1,0
20214,A,골목상권,3110015,청와대사랑채,578,345,233,0,64,147,166,126,75,0,16,63,110,91,65,0,48,84,56,35,10
20214,A,골목상권,3110011,청운초등학교,263,188,75,0,21,105,79,43,15,0,21,95,44,16,12,0,0,10,35,27,3
20214,A,골목상권,3110024,혜회동주민센터,928,263,665,0,135,264,294,184,51,0,17,64,90,55,37,0,118,200,204,129,14
20214,D,발달상권,3120032,충무로역,10818,5021,5797,35,1541,2434,3139,2621,1048,15,532,1200,1480,1142,652,20,1009,1234,1659,1479,396
20214,A,골목상권,3110045,동대문역사문화공원역 5번,234,174,60,0,24,54,64,55,37,0,11,38,46,47,32,0,13,16,18,8,5
20214,D,발달상권,3120031,을지로3가역,6147,3450,2697,9,699,1541,1643,1286,969,0,223,730,924,892,681,9,476,811,719,394,288
20214,R,전통시장,3130038,"평화시장(통일상가, 동화상가)",1000,670,330,3,116,301,291,198,91,0,63,167,223,150,67,3,53,134,68,48,24
20214,D,발달상권,3120020,시청역_1번,6561,4672,1889,29,1436,1964,1905,1013,214,17,728,1351,1643,776,157,12,708,613,262,237,57
20214,A,골목상권,3110043,충무초등학교,1202,670,532,12,212,307,331,223,117,7,97,155,169,152,90,5,115,152,162,71,27
20214,D,발달상권,3120018,중림동,2190,1368,822,2,393,736,598,295,166,2,207,425,357,238,139,0,186,311,241,57,27
20214,A,골목상권,3110057,황학코아루아파트,64,44,20,0,8,13,20,10,13,0,4,6,17,8,9,0,4,7,3,2,4
20214,A,골목상권,3110055,황학동벼룩시장,29,19,10,0,1,4,6,11,7,0,1,3,5,6,4,0,0,1,1,5,3
20214,A,골목상권,3110078,이촌동점보아파트,69,29,40,0,12,15,17,13,12,0,3,8,7,5,6,0,9,7,10,8,6
20214,A,골목상권,3110082,용산구청,1618,809,809,5,175,461,427,442,108,4,53,155,206,304,87,1,122,306,221,138,21
20214,D,발달상권,3120041,신용산역(용산역),20372,8281,12091,72,4418,6743,5760,2509,870,25,1460,2533,2359,1337,567,47,2958,4210,3401,1172,303
20214,A,골목상권,3110073,삼각지역 3번,7975,2387,5588,56,2508,2886,1913,505,107,25,861,919,424,119,39,31,1647,1967,1489,386,68
20214,A,골목상권,3110076,삼각지역 14번,537,175,362,0,46,143,158,153,37,0,11,49,61,45,9,0,35,94,97,108,28
20214,A,골목상권,3110099,유엔빌리지길,12646,10311,2335,33,1746,2596,3298,4558,415,25,904,1899,2859,4264,360,8,842,697,439,294,55
20214,A,골목상권,3110588,한겨레신문사,169,92,77,0,34,44,41,33,17,0,14,22,20,21,15,0,20,22,21,12,2
20214,R,전통시장,3130059,후암시장,64,40,24,0,6,12,16,11,19,0,4,5,10,7,14,0,2,7,6,4,5
20214,R,전통시장,3130064,금남시장,36,13,23,0,6,7,8,4,11,0,1,0,5,2,5,0,5,7,3,2,6
20214,A,골목상권,3110107,금호사거리,37,30,7,0,4,8,4,11,10,0,3,5,4,9,9,0,1,3,0,2,1
20214,A,골목상권,3110117,성동구보건소,103,73,30,1,14,27,19,33,9,1,10,20,11,25,6,0,4,7,8,8,3
20214,D,발달상권,3120050,서울숲역,212,159,53,0,33,40,60,52,27,0,19,30,47,41,22,0,14,10,13,11,5
20214,D,발달상권,3120052,성수역,11387,7284,4103,23,2113,2900,2661,2238,1452,12,1170,1971,1783,1298,1050,11,943,929,878,940,402
20214,R,전통시장,3130067,왕십리도선동상점가,1670,335,1335,3,166,202,291,591,417,1,78,98,69,49,40,2,88,104,222,542,377
20214,D,발달상권,3120066,장한평역(장한평),7424,4770,2654,43,1531,1839,1491,1235,1285,10,739,1202,991,818,1010,33,792,637,500,417,275
20214,A,골목상권,3110113,응봉산,77,43,34,0,14,15,14,16,18,0,4,11,7,6,15,0,10,4,7,10,3
20214,A,골목상권,3110112,행당역 2번,207,101,106,0,37,37,38,53,42,0,14,19,16,26,26,0,23,18,22,27,16
20214,A,골목상권,3110169,성동초등학교,253,139,114,1,28,41,73,68,42,0,15,21,36,39,28,1,13,20,37,29,14
20214,A,골목상권,3110156,군자역 5번,621,363,258,0,96,181,173,112,59,0,41,114,101,67,40,0,55,67,72,45,19
20214,A,골목상권,3110157,자양동우체국,1097,891,206,10,352,279,244,141,71,7,300,237,180,106,61,3,52,42,64,35,10
20214,A,골목상권,3110163,성자초등학교,284,143,141,0,39,46,67,77,55,0,14,27,32,31,39,0,25,19,35,46,16
20214,A,골목상권,3110168,대원고등학교,524,374,150,0,64,95,121,160,84,0,36,69,87,110,72,0,28,26,34,50,12
20214,A,골목상권,3110212,답십리초등학교,204,144,60,0,26,37,42,67,32,0,18,26,27,50,23,0,8,11,15,17,9
20214,A,골목상권,3110187,제기동역 6번,3124,2222,902,15,559,867,746,552,385,7,387,605,531,394,298,8,172,262,215,158,87
20214,A,골목상권,3110229,장평중학교,1332,862,470,0,145,164,190,318,515,0,81,103,125,211,342,0,64,61,65,107,173
20214,A,골목상권,3110231,장안교,11,8,3,0,0,1,4,5,1,0,0,1,3,4,0,0,0,0,1,1,1
20214,R,전통시장,3130088,경동시장,126,57,69,0,18,32,24,17,35,0,3,11,11,10,22,0,15,21,13,7,13
20214,A,골목상권,3110194,홍파초등학교,112,85,27,0,6,32,24,36,14,0,4,20,20,31,10,0,2,12,4,5,4
20214,A,골목상권,3110203,떡전교사거리,99,63,36,1,9,15,32,29,13,1,0,7,26,20,9,0,9,8,6,9,4
20214,A,골목상권,3110278,망우본동주민센터,276,166,110,1,32,46,77,81,39,0,10,25,43,56,32,1,22,21,34,25,7
20214,R,전통시장,3130106,중랑동부시장,166,56,110,1,20,40,34,39,32,0,1,8,7,21,19,1,19,32,27,18,13
20214,A,골목상권,3110246,월드순복음교회,431,312,119,0,27,97,158,95,54,0,12,69,122,65,44,0,15,28,36,30,10
20214,A,골목상권,3110261,사가정역 4번,167,90,77,1,16,29,49,50,22,1,8,15,25,26,15,0,8,14,24,24,7
20214,A,골목상권,3110242,면목5동주민센터,164,112,52,0,21,28,56,30,29,0,12,23,31,22,24,0,9,5,25,8,5
20214,A,골목상권,3110241,먹골역 5번,415,213,202,0,61,87,97,117,53,0,17,49,46,63,38,0,44,38,51,54,15
20214,D,발달상권,3120069,상봉역,1012,728,284,3,69,146,222,270,302,1,40,71,131,216,269,2,29,75,91,54,33
20214,A,골목상권,3110233,중랑역 1번,142,46,96,1,23,27,50,35,6,1,6,7,16,11,5,0,17,20,34,24,1
20214,A,골목상권,3110281,길상사,13818,12089,1729,12,1418,3093,4061,4964,270,1,960,2426,3678,4823,201,11,458,667,383,141,69
20214,A,골목상권,3110309,대광초등학교,376,266,110,0,38,63,108,103,64,0,19,44,71,78,54,0,19,19,37,25,10
20214,A,골목상권,3110318,KT월곡지사,148,78,70,0,21,29,45,36,17,0,10,19,22,14,13,0,11,10,23,22,4
20214,A,골목상권,3110379,KT&G 북부지사,12,3,9,1,1,1,3,3,3,0,0,0,1,1,1,1,1,1,2,2,2
20214,A,골목상권,3110373,수유역 2번,891,705,186,0,129,255,172,236,99,0,90,208,134,205,68,0,39,47,38,31,31
20214,R,전통시장,3130132,삼양골목시장(삼양시장),61,19,42,0,10,14,13,15,9,0,0,4,5,5,5,0,10,10,8,10,4
20214,A,골목상권,3110377,미아사거리역 3번,21,14,7,0,2,2,2,9,6,0,2,2,1,4,5,0,0,0,1,5,1
20214,A,골목상권,3110345,솔밭공원역 2번,114,47,67,1,14,18,26,37,18,0,3,6,8,17,13,1,11,12,18,20,5
20214,A,골목상권,3110342,국립재활원,60,45,15,0,5,11,20,15,9,0,3,8,14,13,7,0,2,3,6,2,2
20214,A,골목상권,3110348,강북문화예술회관,343,174,169,0,27,59,108,96,53,0,4,31,63,43,33,0,23,28,45,53,20
20214,A,골목상권,3110338,인수초등학교,263,192,71,0,34,67,61,63,38,0,18,49,44,48,33,0,16,18,17,15,5
20214,A,골목상권,3110402,도봉구 정병원,471,221,250,1,85,98,98,106,83,0,24,38,54,59,46,1,61,60,44,47,37
20214,A,골목상권,3110383,덕성여대시반거리,33,21,12,0,0,3,13,10,7,0,0,2,9,5,5,0,0,1,4,5,2
20214,R,전통시장,3130145,쌍문역둘리상점가,244,202,42,0,39,44,77,62,22,0,28,35,65,56,18,0,11,9,12,6,4
20214,A,골목상권,3110392,발바닥공원,43,17,26,0,2,8,7,10,16,0,0,0,3,3,11,0,2,8,4,7,5
20214,A,골목상권,3110416,노원초등학교,468,244,224,4,61,110,118,126,49,2,24,73,58,58,29,2,37,37,60,68,20
20214,A,골목상권,3110428,상계5동주민센터,491,217,274,1,43,52,106,158,131,0,14,25,45,70,63,1,29,27,61,88,68
20214,D,발달상권,3120080,마들역,180,46,134,0,30,45,46,36,23,0,2,7,9,13,15,0,28,38,37,23,8
20214,A,골목상권,3110464,연신내역 5번,301,170,131,4,32,53,93,85,34,4,18,28,44,49,27,0,14,25,49,36,7
20214,A,골목상권,3110457,예일여고,482,283,199,1,60,88,88,132,113,0,27,46,47,71,92,1,33,42,41,61,21
20214,D,발달상권,3120091,본서부병원,516,192,324,1,51,69,119,165,111,0,20,28,51,55,38,1,31,41,68,110,73
20214,A,골목상권,3110485,연신내우체국,1259,678,581,0,7,24,35,160,1033,0,4,5,15,70,584,0,3,19,20,90,449
20214,A,골목상권,3110488,우리은행응암동지점,174,104,70,1,14,24,41,38,56,0,8,16,19,15,46,1,6,8,22,23,10
20214,R,전통시장,3130163,응암오거리상점가,182,49,133,0,24,28,44,50,36,0,4,8,11,12,14,0,20,20,33,38,22
20214,A,골목상권,3110449,증산역 3번,709,410,299,0,104,160,182,147,116,0,47,98,96,84,85,0,57,62,86,63,31
20214,D,발달상권,3120094,"신촌역(신촌역, 신촌로터리)",5328,2411,2917,67,2381,1182,676,592,430,23,994,579,296,278,241,44,1387,603,380,314,189
20214,R,전통시장,3130175,신촌 상인회(신촌상점가),13,5,8,0,1,3,5,4,0,0,1,0,1,3,0,0,0,3,4,1,0
20214,D,발달상권,3120097,충정로역,2246,1354,892,0,321,658,631,407,229,0,172,390,397,254,141,0,149,268,234,153,88
20214,R,전통시장,3130176,유진상가,38,23,15,0,20,16,1,1,0,0,9,13,1,0,0,0,11,3,0,1,0
20214,A,골목상권,3110523,홍제성원아파트,21,9,12,0,0,4,5,7,5,0,0,0,2,5,2,0,0,4,3,2,3
20214,D,발달상권,3120107,공덕역(공덕오거리),13077,7619,5458,43,2471,3470,3552,3026,515,9,1021,2002,2300,1900,387,34,1450,1468,1252,1126,128
20214,A,골목상권,3110586,서울서부지방법원,1855,953,902,2,423,499,464,293,174,1,233,283,196,130,110,1,190,216,268,163,64
20194,A,골목상권,3110998,은곡마을(은곡마을공원),17,11,6,0,2,6,4,3,2,0,0,4,3,3,1,0,2,2,1,0,1
20194,A,골목상권,3111001,아래방죽마을공원(율현초등학교),58,43,15,0,2,9,14,18,15,0,1,7,12,13,10,0,1,2,2,5,5
20194,A,골목상권,3110949,한남IC,1683,1193,490,5,288,565,435,305,85,2,112,398,347,261,73,3,176,167,88,44,12
20194,A,골목상권,3110959,신구중학교,271,140,131,0,14,66,82,79,30,0,7,36,49,29,19,0,7,30,33,50,11
20194,A,골목상권,3110962,도산공원북측,53,27,26,0,20,11,10,8,4,0,11,7,6,3,0,0,9,4,4,5,4
20194,A,골목상권,3110954,국기원,636,445,191,0,89,142,187,94,124,0,35,97,161,74,78,0,54,45,26,20,46
20194,D,발달상권,3120204,르네상스호텔사거리,41471,20644,20827,102,8167,11056,10671,10081,1394,54,5016,7567,4988,2062,957,48,3151,3489,5683,8019,437
20194,A,골목상권,3110997,대청초등학교,1724,959,765,4,230,291,391,383,425,2,111,162,200,210,274,2,119,129,191,173,151
20194,A,골목상권,3110979,청담초등학교,3004,1918,1086,4,525,926,768,568,213,4,230,632,535,343,174,0,295,294,233,225,39
20194,A,골목상권,3111027,문정초등학교,1393,771,622,3,146,285,323,246,390,1,67,159,209,125,210,2,79,126,114,121,180
20194,A,골목상권,3111020,방이동고분군(방산고등학교),304,225,79,1,20,103,84,54,42,0,7,73,64,48,33,1,13,30,20,6,9
20194,R,전통시장,3130313,방이시장,3889,1825,2064,10,726,635,634,1135,749,8,362,409,357,377,312,2,364,226,277,758,437
20194,A,골목상권,3111005,삼전역 3번,1865,1358,507,0,320,617,459,302,167,0,215,449,339,222,133,0,105,168,120,80,34
20194,A,골목상권,3111037,Sh수협은행 오금동금융센터(아랫말어린이공원),373,243,130,0,37,103,90,93,50,0,25,84,60,43,31,0,12,19,30,50,19
20194,A,골목상권,3111032,방이역 1번,3878,2552,1326,4,235,340,599,718,1982,3,139,237,411,469,1293,1,96,103,188,249,689
20194,A,골목상권,3111081,둔촌푸르지오아파트,78,50,28,0,8,17,18,18,17,0,4,12,13,6,15,0,4,5,5,12,2
20194,A,골목상권,3111089,상일여고(상일초등학교),750,505,245,0,50,131,180,233,156,0,31,81,127,154,112,0,19,50,53,79,44
20194,A,골목상권,3111059,강동역 4번(강풀만화거리),774,420,354,3,87,144,177,164,199,1,47,73,92,91,116,2,40,71,85,73,83
20194,A,골목상권,3111067,강동구립성내도서관,746,414,332,2,73,149,192,177,153,1,36,98,107,84,88,1,37,51,85,93,65
20194,A,골목상권,3110005,세검정,1057,542,515,6,132,305,306,202,106,2,40,143,167,124,66,4,92,162,139,78,40
20194,A,골목상권,3110008,배화여자대학교(박노수미술관),507,350,157,1,50,79,121,161,95,0,15,45,93,121,76,1,35,34,28,40,19
20194,A,골목상권,3110035,동묘앞역 2번,276,161,115,2,18,43,75,88,50,0,5,18,42,65,31,2,13,25,33,23,19
20194,A,골목상권,3110027,혜화역 1번,598,358,240,1,67,108,127,97,198,0,25,70,64,54,145,1,42,38,63,43,53
20194,D,발달상권,3120015,종로6가,302,153,149,0,49,64,69,65,55,0,17,23,27,42,44,0,32,41,42,23,11
20194,R,전통시장,3130011,충신시장,88,44,44,0,19,19,20,17,13,0,7,11,8,8,10,0,12,8,12,9,3
20194,A,골목상권,3110030,동대문역 3번,7,3,4,0,2,2,2,1,0,0,0,2,1,0,0,0,2,0,1,1,0
20194,A,골목상권,3110015,청와대사랑채,578,345,233,0,64,147,166,126,75,0,16,63,110,91,65,0,48,84,56,35,10
20194,A,골목상권,3110011,청운초등학교,263,188,75,0,21,105,79,43,15,0,21,95,44,16,12,0,0,10,35,27,3
20194,A,골목상권,3110024,혜회동주민센터,928,263,665,0,135,264,294,184,51,0,17,64,90,55,37,0,118,200,204,129,14
20194,D,발달상권,3120032,충무로역,10818,5021,5797,35,1541,2434,3139,2621,1048,15,532,1200,1480,1142,652,20,1009,1234,1659,1479,396
20194,A,골목상권,3110045,동대문역사문화공원역 5번,234,174,60,0,24,54,64,55,37,0,11,38,46,47,32,0,13,16,18,8,5
20194,D,발달상권,3120031,을지로3가역,6147,3450,2697,9,699,1541,1643,1286,969,0,223,730,924,892,681,9,476,811,719,394,288
20194,R,전통시장,3130038,"평화시장(통일상가, 동화상가)",1000,670,330,3,116,301,291,198,91,0,63,167,223,150,67,3,53,134,68,48,24
20194,D,발달상권,3120020,시청역_1번,6561,4672,1889,29,1436,1964,1905,1013,214,17,728,1351,1643,776,157,12,708,613,262,237,57
20194,A,골목상권,3110043,충무초등학교,1202,670,532,12,212,307,331,223,117,7,97,155,169,152,90,5,115,152,162,71,27
20194,D,발달상권,3120018,중림동,2190,1368,822,2,393,736,598,295,166,2,207,425,357,238,139,0,186,311,241,57,27
20194,A,골목상권,3110057,황학코아루아파트,64,44,20,0,8,13,20,10,13,0,4,6,17,8,9,0,4,7,3,2,4
20194,A,골목상권,3110055,황학동벼룩시장,29,19,10,0,1,4,6,11,7,0,1,3,5,6,4,0,0,1,1,5,3
20194,A,골목상권,3110078,이촌동점보아파트,69,29,40,0,12,15,17,13,12,0,3,8,7,5,6,0,9,7,10,8,6
20194,A,골목상권,3110082,용산구청,1618,809,809,5,175,461,427,442,108,4,53,155,206,304,87,1,122,306,221,138,21
20194,D,발달상권,3120041,신용산역(용산역),20372,8281,12091,72,4418,6743,5760,2509,870,25,1460,2533,2359,1337,567,47,2958,4210,3401,1172,303
20194,A,골목상권,3110073,삼각지역 3번,7975,2387,5588,56,2508,2886,1913,505,107,25,861,919,424,119,39,31,1647,1967,1489,386,68
20194,A,골목상권,3110076,삼각지역 14번,537,175,362,0,46,143,158,153,37,0,11,49,61,45,9,0,35,94,97,108,28
20194,A,골목상권,3110099,유엔빌리지길,12646,10311,2335,33,1746,2596,3298,4558,415,25,904,1899,2859,4264,360,8,842,697,439,294,55
20194,A,골목상권,3110588,한겨레신문사,169,92,77,0,34,44,41,33,17,0,14,22,20,21,15,0,20,22,21,12,2
20194,R,전통시장,3130059,후암시장,64,40,24,0,6,12,16,11,19,0,4,5,10,7,14,0,2,7,6,4,5
20194,R,전통시장,3130064,금남시장,36,13,23,0,6,7,8,4,11,0,1,0,5,2,5,0,5,7,3,2,6
20194,A,골목상권,3110107,금호사거리,37,30,7,0,4,8,4,11,10,0,3,5,4,9,9,0,1,3,0,2,1
20194,A,골목상권,3110117,성동구보건소,103,73,30,1,14,27,19,33,9,1,10,20,11,25,6,0,4,7,8,8,3
20194,D,발달상권,3120050,서울숲역,212,159,53,0,33,40,60,52,27,0,19,30,47,41,22,0,14,10,13,11,5
20194,D,발달상권,3120052,성수역,11387,7284,4103,23,2113,2900,2661,2238,1452,12,1170,1971,1783,1298,1050,11,943,929,878,940,402
20194,R,전통시장,3130067,왕십리도선동상점가,1670,335,1335,3,166,202,291,591,417,1,78,98,69,49,40,2,88,104,222,542,377
20194,D,발달상권,3120066,장한평역(장한평),7424,4770,2654,43,1531,1839,1491,1235,1285,10,739,1202,991,818,1010,33,792,637,500,417,275
20194,A,골목상권,3110113,응봉산,77,43,34,0,14,15,14,16,18,0,4,11,7,6,15,0,10,4,7,10,3
20194,A,골목상권,3110112,행당역 2번,207,101,106,0,37,37,38,53,42,0,14,19,16,26,26,0,23,18,22,27,16
20194,A,골목상권,3110169,성동초등학교,253,139,114,1,28,41,73,68,42,0,15,21,36,39,28,1,13,20,37,29,14
20194,A,골목상권,3110156,군자역 5번,621,363,258,0,96,181,173,112,59,0,41,114,101,67,40,0,55,67,72,45,19
20194,A,골목상권,3110157,자양동우체국,1097,891,206,10,352,279,244,141,71,7,300,237,180,106,61,3,52,42,64,35,10
20194,A,골목상권,3110163,성자초등학교,284,143,141,0,39,46,67,77,55,0,14,27,32,31,39,0,25,19,35,46,16
20194,A,골목상권,3110168,대원고등학교,524,374,150,0,64,95,121,160,84,0,36,69,87,110,72,0,28,26,34,50,12
20194,A,골목상권,3110212,답십리초등학교,204,144,60,0,26,37,42,67,32,0,18,26,27,50,23,0,8,11,15,17,9
20194,A,골목상권,3110187,제기동역 6번,3124,2222,902,15,559,867,746,552,385,7,387,605,531,394,298,8,172,262,215,158,87
20194,A,골목상권,3110229,장평중학교,1332,862,470,0,145,164,190,318,515,0,81,103,125,211,342,0,64,61,65,107,173
20194,A,골목상권,3110231,장안교,11,8,3,0,0,1,4,5,1,0,0,1,3,4,0,0,0,0,1,1,1
20194,R,전통시장,3130088,경동시장,126,57,69,0,18,32,24,17,35,0,3,11,11,10,22,0,15,21,13,7,13
20194,A,골목상권,3110194,홍파초등학교,112,85,27,0,6,32,24,36,14,0,4,20,20,31,10,0,2,12,4,5,4
20194,A,골목상권,3110203,떡전교사거리,99,63,36,1,9,15,32,29,13,1,0,7,26,20,9,0,9,8,6,9,4
20194,A,골목상권,3110278,망우본동주민센터,276,166,110,1,32,46,77,81,39,0,10,25,43,56,32,1,22,21,34,25,7
20194,R,전통시장,3130106,중랑동부시장,166,56,110,1,20,40,34,39,32,0,1,8,7,21,19,1,19,32,27,18,13
20194,A,골목상권,3110246,월드순복음교회,431,312,119,0,27,97,158,95,54,0,12,69,122,65,44,0,15,28,36,30,10
20194,A,골목상권,3110261,사가정역 4번,167,90,77,1,16,29,49,50,22,1,8,15,25,26,15,0,8,14,24,24,7
20194,A,골목상권,3110242,면목5동주민센터,164,112,52,0,21,28,56,30,29,0,12,23,31,22,24,0,9,5,25,8,5
20194,A,골목상권,3110241,먹골역 5번,415,213,202,0,61,87,97,117,53,0,17,49,46,63,38,0,44,38,51,54,15
20194,D,발달상권,3120069,상봉역,1012,728,284,3,69,146,222,270,302,1,40,71,131,216,269,2,29,75,91,54,33
20194,A,골목상권,3110233,중랑역 1번,142,46,96,1,23,27,50,35,6,1,6,7,16,11,5,0,17,20,34,24,1
20194,A,골목상권,3110281,길상사,13818,12089,1729,12,1418,3093,4061,4964,270,1,960,2426,3678,4823,201,11,458,667,383,141,69
20194,A,골목상권,3110309,대광초등학교,376,266,110,0,38,63,108,103,64,0,19,44,71,78,54,0,19,19,37,25,10
20194,A,골목상권,3110318,KT월곡지사,148,78,70,0,21,29,45,36,17,0,10,19,22,14,13,0,11,10,23,22,4
20194,A,골목상권,3110379,KT&G 북부지사,12,3,9,1,1,1,3,3,3,0,0,0,1,1,1,1,1,1,2,2,2
20194,A,골목상권,3110373,수유역 2번,891,705,186,0,129,255,172,236,99,0,90,208,134,205,68,0,39,47,38,31,31
20194,R,전통시장,3130132,삼양골목시장(삼양시장),61,19,42,0,10,14,13,15,9,0,0,4,5,5,5,0,10,10,8,10,4
20194,A,골목상권,3110377,미아사거리역 3번,21,14,7,0,2,2,2,9,6,0,2,2,1,4,5,0,0,0,1,5,1
20194,A,골목상권,3110345,솔밭공원역 2번,114,47,67,1,14,18,26,37,18,0,3,6,8,17,13,1,11,12,18,20,5
20194,A,골목상권,3110342,국립재활원,60,45,15,0,5,11,20,15,9,0,3,8,14,13,7,0,2,3,6,2,2
20194,A,골목상권,3110348,강북문화예술회관,343,174,169,0,27,59,108,96,53,0,4,31,63,43,33,0,23,28,45,53,20
20194,A,골목상권,3110338,인수초등학교,263,192,71,0,34,67,61,63,38,0,18,49,44,48,33,0,16,18,17,15,5
20194,A,골목상권,3110402,도봉구 정병원,471,221,250,1,85,98,98,106,83,0,24,38,54,59,46,1,61,60,44,47,37
20194,A,골목상권,3110383,덕성여대시반거리,33,21,12,0,0,3,13,10,7,0,0,2,9,5,5,0,0,1,4,5,2
20194,R,전통시장,3130145,쌍문역둘리상점가,244,202,42,0,39,44,77,62,22,0,28,35,65,56,18,0,11,9,12,6,4
20194,A,골목상권,3110392,발바닥공원,43,17,26,0,2,8,7,10,16,0,0,0,3,3,11,0,2,8,4,7,5
20194,A,골목상권,3110416,노원초등학교,468,244,224,4,61,110,118,126,49,2,24,73,58,58,29,2,37,37,60,68,20
20194,A,골목상권,3110428,상계5동주민센터,491,217,274,1,43,52,106,158,131,0,14,25,45,70,63,1,29,27,61,88,68
20194,D,발달상권,3120080,마들역,180,46,134,0,30,45,46,36,23,0,2,7,9,13,15,0,28,38,37,23,8
20194,A,골목상권,3110464,연신내역 5번,301,170,131,4,32,53,93,85,34,4,18,28,44,49,27,0,14,25,49,36,7
20194,A,골목상권,3110457,예일여고,482,283,199,1,60,88,88,132,113,0,27,46,47,71,92,1,33,42,41,61,21
20194,D,발달상권,3120091,본서부병원,516,192,324,1,51,69,119,165,111,0,20,28,51,55,38,1,31,41,68,110,73
20194,A,골목상권,3110485,연신내우체국,1259,678,581,0,7,24,35,160,1033,0,4,5,15,70,584,0,3,19,20,90,449
20194,A,골목상권,3110488,우리은행응암동지점,174,104,70,1,14,24,41,38,56,0,8,16,19,15,46,1,6,8,22,23,10
20194,R,전통시장,3130163,응암오거리상점가,182,49,133,0,24,28,44,50,36,0,4,8,11,12,14,0,20,20,33,38,22
20194,A,골목상권,3110449,증산역 3번,709,410,299,0,104,160,182,147,116,0,47,98,96,84,85,0,57,62,86,63,31
20194,D,발달상권,3120094,"신촌역(신촌역, 신촌로터리)",5328,2411,2917,67,2381,1182,676,592,430,23,994,579,296,278,241,44,1387,603,380,314,189
20194,R,전통시장,3130175,신촌 상인회(신촌상점가),13,5,8,0,1,3,5,4,0,0,1,0,1,3,0,0,0,3,4,1,0
20194,D,발달상권,3120097,충정로역,2246,1354,892,0,321,658,631,407,229,0,172,390,397,254,141,0,149,268,234,153,88
20194,R,전통시장,3130176,유진상가,38,23,15,0,20,16,1,1,0,0,9,13,1,0,0,0,11,3,0,1,0
20194,A,골목상권,3110523,홍제성원아파트,21,9,12,0,0,4,5,7,5,0,0,0,2,5,2,0,0,4,3,2,3
20194,D,발달상권,3120107,공덕역(공덕오거리),13077,7619,5458,43,2471,3470,3552,3026,515,9,1021,2002,2300,1900,387,34,1450,1468,1252,1126,128
20194,A,골목상권,3110586,서울서부지방법원,1855,953,902,2,423,499,464,293,174,1,233,283,196,130,110,1,190,216,268,163,64
20194,A,골목상권,3110540,망원나들목체육관,238,107,131,0,39,63,70,47,19,0,19,28,26,23,11,0,20,35,44,24,8
20194,A,골목상권,3110567,광흥창역 6번,91,61,30,0,16,26,27,12,10,0,8,20,13,11,9,0,8,6,14,1,1
20194,A,골목상권,3110565,홍익대,110,66,44,0,16,34,34,19,7,0,8,16,23,13,6,0,8,18,11,6,1
20194,A,골목상권,3110560,마포FM,292,140,152,0,26,64,87,77,38,0,10,26,40,36,28,0,16,38,47,41,10
20194,A,골목상권,3110549,새터산,357,165,192,1,57,79,100,64,56,1,24,39,47,22,32,0,33,40,53,42,24
20194,D,발달상권,3120099,월드컵경기장역(월드컵경기장),84,57,27,0,11,20,26,14,13,0,6,16,21,7,7,0,5,4,5,7,6
20194,A,골목상권,3110581,염리초등학교,16,11,5,0,0,0,2,6,8,0,0,0,2,3,6,0,0,0,0,3,2
20194,D,발달상권,3120113,오목교역,641,380,261,2,98,147,163,141,90,1,45,81,95,95,63,1,53,66,68,46,27
20194,D,발달상권,3120110,목동역 8번출구,1858,1400,458,2,142,216,286,247,965,1,42,102,166,181,908,1,100,114,120,66,57
20194,A,골목상권,3110617,등촌역 4번,262,188,74,0,47,75,73,48,19,0,37,55,50,31,15,0,10,20,23,17,4
20194,A,골목상권,3110597,신월1동주민센터,517,302,215,0,30,68,111,150,158,0,14,36,54,84,114,0,16,32,57,66,44
20194,R,전통시장,3130199,신월3동 골목시장,18,8,10,0,1,4,4,9,0,0,0,1,3,4,0,0,1,3,1,5,0
20194,A,골목상권,3110615,신서초등학교,87,63,24,0,20,21,27,13,6,0,14,18,18,8,5,0,6,3,9,5,1
20194,A,골목상권,3110674,강서구청가양동별관,260,189,71,0,21,55,61,47,76,0,14,46,35,29,65,0,7,9,26,18,11
20194,A,골목상권,3110677,등촌역 1번,410,321,89,1,50,80,83,91,105,1,24,51,70,76,99,0,26,29,13,15,6
20194,A,골목상권,3110676,등촌역 7번,228,138,90,0,31,34,61,56,46,0,13,20,36,37,32,0,18,14,25,19,14
20194,D,발달상권,3120117,강서농산물도매시장,451,280,171,0,12,62,127,153,97,0,9,48,78,89,56,0,3,14,49,64,41
20194,A,골목상권,3110636,방화역 2번,152,76,76,1,25,49,41,21,15,0,9,26,27,4,10,1,16,23,14,17,5
20194,A,골목상권,3110631,방화초등학교,335,161,174,2,32,63,68,100,70,2,19,34,37,37,32,0,13,29,31,63,38
20194,D,발달상권,3120120,화곡역,927,405,522,1,177,218,193,196,142,0,46,109,84,81,85,1,131,109,109,115,57
20194,A,골목상권,3110656,까치산역 3번,829,493,336,13,89,206,249,190,82,12,52,128,151,91,59,1,37,78,98,99,23
20194,D,발달상권,3120121,까치산역,365,145,220,2,51,46,72,106,88,2,12,18,29,43,41,0,39,28,43,63,47
20194,A,골목상권,3110654,까치산역 4번,1027,687,340,2,68,149,252,380,176,1,38,81,139,281,147,1,30,68,113,99,29
20194,A,골목상권,3110665,곰달래도서관,469,285,184,0,36,92,123,138,80,0,25,60,79,74,47,0,11,32,44,64,33
20194,A,골목상권,3110662,까치산역 1번,1480,885,595,4,245,501,396,234,100,4,129,301,207,171,73,0,116,200,189,63,27
20194,R,전통시장,3130217,화곡본동시장,36,16,20,0,3,5,10,13,5,0,1,3,5,6,1,0,2,2,5,7,4
20194,A,골목상권,3110691,개봉중학교,395,205,190,0,37,65,119,115,59,0,20,38,49,52,46,0,17,27,70,63,13
20194,A,골목상권,3110705,고산초등학교,33,19,14,0,3,2,8,7,13,0,3,1,8,2,5,0,0,1,0,5,8
20194,R,전통시장,3130229,남구로시장,249,139,110,1,16,53,61,62,56,0,7,30,31,32,39,1,9,23,30,30,17
20194,A,골목상권,3110680,온수역 5번(온수산업단지),901,770,131,15,129,129,157,274,197,15,105,106,127,234,183,0,24,23,30,40,14
20194,A,골목상권,3110685,금강수목원아파트,56,39,17,0,10,12,12,11,11,0,7,10,5,7,10,0,3,2,7,4,1
20194,D,발달상권,3120132,독산동,4203,2884,1319,13,512,908,1016,1074,680,12,350,650,695,701,476,1,162,258,321,373,204
20194,A,골목상권,3110732,가산초등학교(세일중학교),362,258,104,1,42,68,107,79,65,0,23,39,78,64,54,1,19,29,29,15,11
20194,A,골목상권,3110729,가산동우체국,151,112,39,0,19,30,40,39,23,0,14,19,30,30,19,0,5,11,10,9,4
20194,A,골목상권,3110723,가산디지털단지역 1번 출입구,286,247,39,0,6,10,37,130,103,0,6,5,26,113,97,0,0,5,11,17,6
20194,A,골목상권,3110742,KT금천빌딩(금천구시설관리공단),426,237,189,0,42,83,106,125,70,0,21,57,71,54,34,0,21,26,35,71,36
20194,A,골목상권,3110748,백산초등학교,102,64,38,0,6,19,21,26,30,0,2,9,11,22,20,0,4,10,10,4,10
20194,A,골목상권,3110749,금산초등학교(금천고등학교),418,255,163,0,51,99,100,118,50,0,26,61,51,81,36,0,25,38,49,37,14
20194,A,골목상권,3110750,시흥4동주민센터(서울신흥초등학교),397,221,176,4,78,83,80,104,48,4,47,62,43,33,32,0,31,21,37,71,16
20194,D,발달상권,3120141,영등포청과시장교차로,601,418,183,2,71,137,188,115,88,1,36,85,133,86,77,1,35,52,55,29,11
20194,R,전통시장,3130240,영등포유통상가,1400,893,507,0,128,296,347,287,342,0,68,168,226,194,237,0,60,128,121,93,105
20194,A,골목상권,3110763,영등포구청역 2번,480,353,127,2,84,147,107,84,56,0,53,100,79,72,49,2,31,47,28,12,7
20194,A,골목상권,3110786,당산역 8번,271,179,92,2,20,41,60,51,97,2,8,21,42,38,68,0,12,20,18,13,29
20194,R,전통시장,3130247,우리시장,19,15,4,0,3,4,4,3,5,0,1,3,4,3,4,0,2,1,0,0,1
20194,A,골목상권,3110817,대방역 4번,26,19,7,0,2,6,6,6,6,0,0,4,4,6,5,0,2,2,2,0,1
20194,R,전통시장,3130256,신동시장,2,2,0,0,0,0,0,1,1,0,0,0,0,1,1,0,0,0,0,0,0
20194,A,골목상권,3110757,양평역 2번,1501,1114,387,1,111,230,356,424,379,0,51,176,286,314,287,1,60,54,70,110,92
20194,A,골목상권,3110762,선유도역 1번,3139,2286,853,6,392,669,739,809,524,4,217,459,529,629,448,2,175,210,210,180,76
20194,A,골목상권,3110807,신길역 3번,102,70,32,0,6,16,23,27,30,0,4,8,18,19,21,0,2,8,5,8,9
20194,R,전통시장,3130250,삼구시장(로타리상가),1,0,1,0,0,0,0,1,0,0,0,0,0,0,0,0,0,0,0,1,0
20194,A,골목상권,3110803,신길2동우편취급국,312,224,88,0,17,27,58,67,143,0,6,14,33,43,128,0,11,13,25,24,15
20194,A,골목상권,3110847,예술인마을,443,216,227,3,52,135,137,77,39,3,13,60,74,37,29,0,39,75,63,40,10
20194,R,전통시장,3130272,사당시장,45,20,25,0,4,6,10,11,14,0,0,1,4,6,9,0,4,5,6,5,5
20194,A,골목상권,3110843,사당5동주민센터,181,135,46,1,22,25,55,52,26,0,16,17,34,44,24,1,6,8,21,8,2
20194,A,골목상권,3110835,상도역 1번,296,170,126,0,81,95,59,38,23,0,32,61,37,19,21,0,49,34,22,19,2
20194,A,골목상권,3110830,상도초등학교,281,152,129,0,22,61,73,85,40,0,7,29,36,54,26,0,15,32,37,31,14
20194,D,발달상권,3120154,장승배기역,497,214,283,1,64,124,128,111,69,0,19,58,68,39,30,1,45,66,60,72,39
20194,D,발달상권,3120151,보라매공원,2417,1455,962,6,401,736,707,383,184,4,194,433,450,237,137,2,207,303,257,146,47
20194,A,골목상권,3110863,난우초등학교,319,179,140,6,40,61,63,79,70,5,23,30,38,36,47,1,17,31,25,43,23
20194,A,골목상권,3110867,국제신학대학원대학교(남서울중학교),202,117,85,0,8,34,39,53,68,0,2,15,21,32,47,0,6,19,18,21,21
20194,A,골목상권,3110882,신성초등학교,733,444,289,1,95,131,215,168,123,0,52,67,122,109,94,1,43,64,93,59,29
20194,A,골목상권,3110864,신림우방아파트,236,161,75,0,31,48,53,60,44,0,21,31,37,43,29,0,10,17,16,17,15
20194,A,골목상권,3110871,신원동주민센터,64,32,32,1,6,13,19,12,13,0,4,6,8,7,7,1,2,7,11,5,6
20194,R,전통시장,3130283,신원시장,25,11,14,0,3,3,10,5,4,0,1,1,3,3,3,0,2,2,7,2,1
20194,A,골목상권,3110854,조원동주민센터,55,39,16,0,4,5,17,21,8,0,3,5,9,15,7,0,1,0,8,6,1
20194,A,골목상권,3110898,청림동주민센터(상도중학교),66,27,39,0,16,14,14,16,6,0,5,3,8,7,4,0,11,11,6,9,2
20194,D,발달상권,3120170,삼호가든사거리,2026,1161,865,8,279,587,623,346,183,7,113,333,412,168,128,1,166,254,211,178,55
20194,A,골목상권,3110917,서초소방서,1505,939,566,6,157,432,402,355,153,2,72,281,295,181,108,4,85,151,107,174,45
20194,A,골목상권,3110918,방배역 3번,682,438,244,3,98,127,164,142,148,2,59,85,108,86,98,1,39,42,56,56,50
20194,A,골목상권,3110903,방배아이파크아파트,7222,2653,4569,7,1242,1778,2487,1322,386,1,333,597,951,599,172,6,909,1181,1536,723,214
20194,A,골목상권,3110915,서래초등학교,3011,2335,676,14,441,940,1066,421,129,11,286,683,868,373,114,3,155,257,198,48,15
20194,A,골목상권,3110926,신중초등학교,1610,1175,435,6,193,359,463,382,207,3,114,263,355,292,148,3,79,96,108,90,59
20194,A,골목상권,3110928,서초우방유쉘아파트,596,491,105,1,57,109,125,205,99,1,29,76,109,190,86,0,28,33,16,15,13
20194,D,발달상권,3120184,포이사거리(삼호물산),10139,7003,3136,20,1553,3044,2666,1705,1151,10,846,2068,2010,1212,857,10,707,976,656,493,294
20194,A,골목상권,3110941,언남고등학교,261,158,103,0,33,46,89,58,35,0,14,26,51,40,27,0,19,20,38,18,8
20194,D,발달상권,3120174,논현역 5번,680,379,301,6,108,196,155,93,122,4,39,108,90,58,80,2,69,88,65,35,42
20194,A,골목상권,3110927,잠원역,745,553,192,2,93,342,198,98,12,2,82,218,159,81,11,0,11,124,39,17,1
20194,A,골목상권,3110977,논현로18길,148,102,46,0,22,32,45,29,20,0,14,20,33,20,15,0,8,12,12,9,5
20194,A,골목상권,3110961,언주역 3번,962,673,289,5,172,286,248,140,111,3,97,184,187,112,90,2,75,102,61,28,21
20194,A,골목상권,3110970,학동초등학교,378,236,142,1,66,98,102,65,46,0,27,49,66,57,37,1,39,49,36,8,9
20194,D,발달상권,3120219,은마아파트,17175,5797,11378,202,3397,3819,3179,4061,2517,83,1254,1872,1374,818,396,119,2143,1947,1805,3243,2121
20194,D,발달상권,3120222,삼성역,43324,24141,19183,244,8091,13641,10294,6385,4669,119,3186,7703,6883,3711,2539,125,4905,5938,3411,2674,2130
20194,D,발달상권,3120201,도곡1동,11549,6381,5168,116,3564,3468,2477,1299,625,31,1365,2018,1727,754,486,85,2199,1450,750,545,139
20194,D,발달상권,3120213,삼성중앙역,8521,5150,3371,50,1869,2485,1911,1070,1136,12,830,1515,1305,716,772,38,1039,970,606,354,364
20194,D,발달상권,3120209,"강남구청(청담역_8번, 강남세무서)",8987,2610,6377,34,2050,2684,2467,1172,580,9,538,752,537,395,379,25,1512,1932,1930,777,201
20194,D,발달상권,3120216,경기고교사거리(경기고교앞사거리),4934,3621,1313,8,712,1628,1666,772,148,5,291,1070,1431,703,121,3,421,558,235,69,27
20194,A,골목상권,3110986,삼성중앙역 7번,90,59,31,0,9,18,36,19,8,0,3,6,29,15,6,0,6,12,7,4,2
20194,D,발달상권,3120224,수서역,12418,6339,6079,23,1900,3177,3167,2346,1805,12,860,1669,1497,1232,1069,11,1040,1508,1670,1114,736
20194,D,발달상권,3120195,성수대교남단,5611,2685,2926,39,1393,2394,1102,426,257,15,487,1194,634,208,147,24,906,1200,468,218,110
20194,D,발달상권,3120198,구역삼세무서,11531,7246,4285,23,2691,3529,2889,1562,837,12,1141,2216,2115,1139,623,11,1550,1313,774,423,214
20194,A,골목상권,3110958,역삼역 4번,997,760,237,1,96,197,300,298,105,1,46,133,254,241,85,0,50,64,46,57,20
20194,A,골목상권,3110956,언주역 8번,1199,758,441,4,361,471,199,87,77,2,158,307,163,70,58,2,203,164,36,17,19
20194,A,골목상권,3111025,경찰병원역 3번,686,412,274,1,84,164,149,157,131,0,45,102,103,88,74,1,39,62,46,69,57
20194,A,골목상권,3111029,오금역 4번,427,314,113,3,71,108,91,79,75,1,51,81,67,55,59,2,20,27,24,24,16
20194,A,골목상권,3111042,거여역 1번(거여공원),872,597,275,3,147,186,251,200,85,3,121,134,159,130,50,0,26,52,92,70,35
20194,D,발달상권,3120235,문정역,954,648,306,1,117,204,211,255,166,0,70,158,152,154,114,1,47,46,59,101,52
20194,A,골목상권,3111023,문정역 1번,939,576,363,2,133,202,263,204,135,0,86,139,184,100,67,2,47,63,79,104,68
20194,D,발달상권,3120232,송파나루역,1056,714,342,0,185,302,235,171,163,0,80,192,163,131,148,0,105,110,72,40,15
20194,U,관광특구,3001495,잠실 관광특구,25240,14855,10385,124,4880,6877,5824,4628,2907,55,2599,4419,3662,2383,1737,69,2281,2458,2162,2245,1170
20194,A,골목상권,3111006,석촌고분역 1번,1112,721,391,0,127,292,337,203,153,0,56,169,242,135,119,0,71,123,95,68,34
20194,R,전통시장,3130312,석촌시장,619,270,349,1,20,40,81,170,307,1,9,23,43,41,153,0,11,17,38,129,154
20194,D,발달상권,3120227,잠실역,45462,24220,21242,163,8142,11830,12761,11282,1284,51,3785,7436,7437,4549,962,112,4357,4394,5324,6733,322
20194,A,골목상권,3111090,강일동주민센터,91,35,56,0,15,30,23,17,6,0,1,10,10,10,4,0,14,20,13,7,2
20194,A,골목상권,3111068,강동성심병원,1570,605,965,0,532,392,271,203,172,0,126,134,114,101,130,0,406,258,157,102,42
20194,R,전통시장,3130323,둔촌역전통시장,171,86,85,0,3,14,23,36,95,0,2,6,8,14,56,0,1,8,15,22,39
20194,D,발달상권,3120244,암사역,916,401,515,0,70,85,103,111,547,0,14,44,49,42,252,0,56,41,54,69,295
20194,A,골목상권,3111054,암사역 4번(삼성광나루아파트),104,42,62,0,14,18,19,12,41,0,4,12,7,5,14,0,10,6,12,7,27
20194,A,골목상권,3111065,천일초등학교,79,38,41,2,6,21,18,23,9,2,5,11,7,6,7,0,1,10,11,17,2
20194,A,골목상권,3111049,천호지구대(천호동자전거거리),507,277,230,2,75,90,96,118,126,0,36,50,40,68,83,2,39,40,56,50,43
20194,A,골목상권,3111060,암사역 2번(서울강동초등학교),872,458,414,1,101,211,241,202,116,1,41,97,131,107,81,0,60,114,110,95,35
20194,A,골목상권,3110007,사직공원(한국사회과학도서관),283,185,98,2,58,88,63,41,31,2,30,62,44,27,20,0,28,26,19,14,11
20194,A,골목상권,3110531,홍지문,141,61,80,0,16,26,24,56,19,0,13,19,13,9,7,0,3,7,11,47,12
20194,A,골목상권,3110013,체부동홍종문가옥,125,71,54,0,8,28,31,26,32,0,2,11,18,14,26,0,6,17,13,12,6
20194,D,발달상권,3120017,동묘앞역(동묘),724,205,519,0,78,151,278,136,81,0,13,47,55,37,53,0,65,104,223,99,28
20194,U,관광특구,3001494,종로·청계 관광특구,32892,17118,15774,68,5350,9954,9473,6395,1652,15,2280,4904,4583,4154,1182,53,3070,5050,4890,2241,470
20194,R,전통시장,3130007,광장시장(광장전통시장),466,310,156,0,39,77,97,129,124,0,22,41,73,77,97,0,17,36,24,52,27
20194,R,전통시장,3130018,동대문문구완구거리(동대문문구완구시장),120,70,50,0,11,18,23,38,30,0,6,10,13,22,19,0,5,8,10,16,11
20194,A,골목상권,3110010,평창동서측,5240,2651,2589,1,324,1250,2239,1231,195,0,76,342,1157,943,133,1,248,908,1082,288,62
20194,D,발달상권,3120035,퇴계로5가,2257,1368,889,7,650,570,525,321,184,3,282,379,388,200,116,4,368,191,137,121,68
20194,D,발달상권,3120038,약수역,2299,1362,937,7,436,740,580,324,212,1,189,452,383,196,141,6,247,288,197,128,71
20201,D,발달상권,3120100,망원역,846,397,449,4,199,227,191,137,88,2,52,99,101,94,49,2,147,128,90,43,39
20201,R,전통시장,3130185,망원월드컵시장,190,123,67,1,26,69,53,25,16,1,14,43,35,16,14,0,12,26,18,9,2
20201,A,골목상권,3110547,KB국민은행 망원동지점,284,168,116,0,13,47,93,76,55,0,4,25,55,45,39,0,9,22,38,31,16
20201,R,전통시장,3130183,상암동상점가,816,607,209,1,89,204,283,187,52,0,49,150,227,143,38,1,40,54,56,44,14
20201,A,골목상권,3110569,홍대땡땡거리,358,153,205,2,62,108,97,53,36,1,18,48,46,19,21,1,44,60,51,34,15
20201,A,골목상권,3110554,망원역 1번,1579,777,802,2,213,371,508,350,135,2,105,188,241,156,85,0,108,183,267,194,50
20201,A,골목상권,3110551,성서초등학교,803,387,416,1,110,164,235,172,121,1,42,90,114,81,59,0,68,74,121,91,62
20201,R,전통시장,3130198,아현시장,203,45,158,1,51,84,52,10,5,0,8,5,26,4,2,1,43,79,26,6,3
20201,A,골목상권,3110550,합정역 8번,1578,740,838,1,240,411,414,333,179,0,84,165,221,171,99,1,156,246,193,162,80
20201,A,골목상권,3110546,양화대교북단,732,436,296,3,189,254,157,76,53,3,81,126,120,62,44,0,108,128,37,14,9
20201,D,발달상권,3120114,목동신시가지,13498,9371,4127,46,2070,3798,3444,2895,1245,29,1126,2619,2554,2204,839,17,944,1179,890,691,406
20201,A,골목상권,3110619,목4동주민센터,311,203,108,1,51,87,89,64,19,1,16,52,58,57,19,0,35,35,31,7,0
20201,A,골목상권,3110607,금빛새마을금고본점,47,29,18,0,1,10,11,14,11,0,1,4,5,10,9,0,0,6,6,4,2
20201,A,골목상권,3110608,신월2동주민센터,875,454,421,1,51,116,229,273,205,1,23,69,117,127,117,0,28,47,112,146,88
20201,A,골목상권,3110647,화곡역 5번,899,461,438,2,117,230,224,230,96,1,44,138,111,116,51,1,73,92,113,114,45
20201,A,골목상권,3110594,신월중학교,357,182,175,0,35,116,89,85,32,0,10,41,50,52,29,0,25,75,39,33,3
20201,R,전통시장,3130205,신곡종합시장(신월6동 골목시장),141,103,38,1,17,36,39,32,16,0,10,27,33,18,15,1,7,9,6,14,1
20201,A,골목상권,3110602,신월시영아파트중문,674,584,90,1,8,23,81,250,311,0,4,14,55,218,293,1,4,9,26,32,18
20201,A,골목상권,3110600,신월7동주민센터,350,263,87,0,32,30,66,101,121,0,17,14,38,79,115,0,15,16,28,22,6
20201,A,골목상권,3110610,계남근린공원,126,85,41,0,5,11,41,44,25,0,3,6,28,35,13,0,2,5,13,9,12
20201,A,골목상권,3110616,양목초등학교,161,103,58,0,3,23,19,40,76,0,2,18,14,32,37,0,1,5,5,8,39
20201,A,골목상권,3110611,신정역 1번,289,192,97,2,34,57,88,74,34,2,20,42,52,46,30,0,14,15,36,28,4
20201,A,골목상권,3110635,공항시장역 3번,1451,391,1060,4,64,82,162,479,660,1,43,58,63,33,193,3,21,24,99,446,467
20201,D,발달상권,3120122,강서구청,2179,1231,948,4,314,461,494,447,459,2,103,228,271,262,365,2,211,233,223,185,94
20201,A,골목상권,3110638,신방화역 2번,372,202,170,3,53,75,88,87,66,3,22,40,44,43,50,0,31,35,44,44,16
20201,A,골목상권,3110650,우장산힐스테이트,143,116,27,0,23,30,51,20,19,0,15,25,42,17,17,0,8,5,9,3,2
20201,A,골목상권,3110702,개봉초등학교,131,93,38,1,15,18,33,34,30,1,10,13,23,24,22,0,5,5,10,10,8
20201,R,전통시장,3130227,고척골목시장상점가(그라운드 고척),33,14,19,0,4,6,10,8,5,0,0,1,5,5,3,0,4,5,5,3,2
20201,A,골목상권,3110699,덕의초등학교,136,79,57,0,14,22,29,43,28,0,7,14,13,24,21,0,7,8,16,19,7
20201,D,발달상권,3120129,구로디지털단지,48873,32033,16840,196,10422,16630,12386,5777,3462,127,5285,11083,8771,3995,2772,69,5137,5547,3615,1782,690
20201,A,골목상권,3110712,남구로역 5번,233,108,125,1,32,36,66,64,34,0,10,17,24,32,25,1,22,19,42,32,9
20201,A,골목상권,3110720,대림역 2번,228,87,141,0,27,50,65,49,37,0,11,14,18,17,27,0,16,36,47,32,10
20201,R,전통시장,3130231,독산동 우시장,611,476,135,2,31,74,126,196,182,0,16,55,97,145,163,2,15,19,29,51,19
20201,A,골목상권,3110745,독산동정훈단지,251,191,60,0,11,20,33,86,101,0,3,12,22,64,90,0,8,8,11,22,11
20201,D,발달상권,3120134,구로전화국,2014,1668,346,0,107,157,172,223,1355,0,44,75,96,153,1300,0,63,82,76,70,55
20201,A,골목상권,3110755,동일여자고등학교,193,51,142,0,10,24,45,70,44,0,3,8,17,11,12,0,7,16,28,59,32
20201,D,발달상권,3120143,당산역,2671,1987,684,9,326,516,558,517,745,2,194,394,403,386,608,7,132,122,155,131,137
20201,A,골목상권,3110778,구로디지털단지역 4번,1596,862,734,0,248,459,484,224,181,0,122,281,192,136,131,0,126,178,292,88,50
20201,A,골목상권,3110771,대림역 11번,955,604,351,0,22,38,128,210,557,0,21,30,73,131,349,0,1,8,55,79,208
20201,D,발달상권,3120139,대림3동사거리,3619,2404,1215,14,423,867,992,727,596,5,220,632,783,462,302,9,203,235,209,265,294
20201,A,골목상권,3110768,도림2동유수지내체육시설,294,155,139,0,20,43,63,73,95,0,7,22,32,41,53,0,13,21,31,32,42
20201,A,골목상권,3110759,문래예술촌(문래창작촌),4221,2168,2053,9,521,838,1001,1281,571,5,266,553,595,462,287,4,255,285,406,819,284
20201,D,발달상권,3120152,신대방삼거리역,578,278,300,1,66,127,150,148,86,1,22,63,80,70,42,0,44,64,70,78,44
20201,A,골목상권,3110818,신대방역 3번,20,9,11,0,1,3,7,7,2,0,1,3,2,1,2,0,0,0,5,6,0
20201,A,골목상권,3110856,미성초등학교,538,295,243,3,58,85,170,150,72,1,28,44,99,71,52,2,30,41,71,79,20
20201,A,골목상권,3110874,원신초등학교(구세군관악영문교회),46,15,31,1,4,19,7,12,3,1,1,3,3,6,1,0,3,16,4,6,2
20201,A,골목상권,3110879,신림현대아파트,17,7,10,0,2,3,5,5,2,0,1,2,2,2,0,0,1,1,3,3,2
20201,A,골목상권,3110885,영락고등학교,339,213,126,0,37,58,94,88,62,0,18,33,61,56,45,0,19,25,33,32,17
20201,D,발달상권,3120157,신림역(신림),637,257,380,1,96,116,146,139,139,0,19,40,82,49,67,1,77,76,64,90,72
20201,A,골목상권,3110858,신대방역 1번,66,33,33,0,5,9,17,7,28,0,0,1,6,2,24,0,5,8,11,5,4
20201,A,골목상권,3110872,신림초등학교,279,196,83,3,54,68,69,54,31,3,36,54,54,42,7,0,18,14,15,12,24
20201,A,골목상권,3110855,신대방역 2번,429,275,154,2,53,111,126,90,47,0,22,81,83,55,34,2,31,30,43,35,13
20201,R,전통시장,3130276,신림중앙시장(조원동 펭귄시장),39,27,12,0,1,2,13,11,12,0,0,2,7,9,9,0,1,0,6,2,3
20201,A,골목상권,3110947,청계산입구역 2번(내곡동주민센터),112,45,67,0,18,17,27,18,32,0,8,9,14,7,7,0,10,8,13,11,25
20201,D,발달상권,3120177,신논현역 1번,694,436,258,1,84,187,202,143,77,0,34,111,130,106,55,1,50,76,72,37,22
20201,D,발달상권,3120187,신논현역,13076,7778,5298,64,3624,3962,2984,1673,769,27,1516,2302,2121,1247,565,37,2108,1660,863,426,204
20201,A,골목상권,3110913,방현초등학교(방배119안전센터),3293,2109,1184,7,571,1263,876,376,200,4,272,822,625,237,149,3,299,441,251,139,51
20201,A,골목상권,3110934,우면주공아파트,994,674,320,6,197,291,253,161,86,5,83,217,195,110,64,1,114,74,58,51,22
20201,A,골목상권,3110937,방아다리근린공원(횃불트리니티신학대학원대학교),2465,1270,1195,7,634,861,542,318,103,6,246,507,335,113,63,1,388,354,207,205,40
20201,D,발달상권,3120183,양재천카페거리,3558,2626,932,12,586,972,848,551,589,10,364,717,638,413,484,2,222,255,210,138,105
20201,D,발달상권,3120205,매봉역,13950,9370,4580,95,2838,4203,3126,1781,1907,44,1450,2959,2521,1302,1094,51,1388,1244,605,479,813
20201,D,발달상권,3120194,언주역(차병원),12628,8724,3904,37,2790,4202,2802,1923,874,14,1366,2863,2239,1588,654,23,1424,1339,563,335,220
20201,A,골목상권,3110955,논현초등학교,3430,2238,1192,19,719,823,793,625,451,13,417,568,554,389,297,6,302,255,239,236,154
20201,R,전통시장,3130303,영동전통시장,242,95,147,0,21,60,67,58,36,0,7,19,22,24,23,0,14,41,45,34,13
20201,D,발달상권,3120215,포스코사거리,61667,40706,20961,170,9756,22506,18178,8408,2649,29,4305,14324,13853,6409,1786,141,5451,8182,4325,1999,863
20201,A,골목상권,3110992,도곡초등학교,2179,1144,1035,3,269,440,484,524,459,1,108,253,258,260,264,2,161,187,226,264,195
20201,A,골목상권,3110991,삼성중앙역 5번,1246,794,452,1,111,415,339,275,105,1,28,243,229,216,77,0,83,172,110,59,28
20201,A,골목상권,3111000,대왕초등학교(세곡동사거리서남측),39,20,19,0,7,10,12,8,2,0,0,4,10,4,2,0,7,6,2,4,0
20201,A,골목상권,3110999,윗방죽마을공원,268,130,138,2,19,43,44,83,77,1,12,27,27,39,24,1,7,16,17,44,53
20201,R,전통시장,3130302,강남시장(강남구 강남시장),58,33,25,0,13,15,14,8,8,0,7,10,9,2,5,0,6,5,5,6,3
20201,A,골목상권,3110963,역삼월드메르디앙아파트,779,545,234,1,126,183,226,154,89,0,79,144,171,97,54,1,47,39,55,57,35
20201,A,골목상권,3110967,역삼역 8번,377,228,149,0,63,92,89,92,41,0,31,51,60,56,30,0,32,41,29,36,11
20201,A,골목상권,3110972,강남세브란스병원미래의학연구센터,2628,1440,1188,17,539,669,692,581,130,4,240,428,438,258,72,13,299,241,254,323,58
20201,A,골목상권,3110969,베르사이유1아파트,1546,1230,316,4,231,442,483,285,101,2,165,345,402,239,77,2,66,97,81,46,24
20201,R,전통시장,3130307,도곡시장,17,9,8,0,0,3,4,7,3,0,0,2,1,4,2,0,0,1,3,3,1
20201,A,골목상권,3110990,청담역 12번,262,109,153,2,61,92,56,36,15,0,12,32,29,23,13,2,49,60,27,13,2
20201,A,골목상권,3110985,청담근린공원,1338,948,390,0,193,447,374,226,98,0,98,346,275,157,72,0,95,101,99,69,26
20201,R,전통시장,3130308,청담삼익시장,48,30,18,0,5,11,13,7,12,0,3,6,8,4,9,0,2,5,5,3,3
20201,D,발달상권,3120231,가락시장,5698,4083,1615,0,368,1051,1564,1654,1061,0,264,836,1185,1098,700,0,104,215,379,556,361
20201,D,발달상권,3120240,개롱역,1609,1102,507,7,212,314,404,431,241,5,125,230,269,295,178,2,87,84,135,136,63
20201,A,골목상권,3111021,방이역 4번,7683,5874,1809,22,793,1329,1979,2137,1423,15,391,912,1552,1769,1235,7,402,417,427,368,188
20201,A,골목상권,3111008,석촌고분역 3번,1551,1177,374,1,182,286,280,382,420,1,148,237,208,248,335,0,34,49,72,134,85
20201,A,골목상권,3111015,석촌역 3번,1352,778,574,1,151,315,350,351,184,1,72,199,216,181,109,0,79,116,134,170,75
20201,A,골목상권,3111016,송파역 2번,3803,1601,2202,15,1126,1104,801,601,156,8,407,533,427,165,61,7,719,571,374,436,95
20201,A,골목상권,3111038,보인중학교,416,270,146,0,26,66,113,123,88,0,11,38,85,88,48,0,15,28,28,35,40
20201,A,골목상권,3111011,잠실나루역,9608,7747,1861,42,1275,3018,2795,2046,432,18,924,2492,2309,1674,330,24,351,526,486,372,102
20201,A,골목상권,3111003,삼전역 4번,1996,1337,659,6,249,412,549,437,343,1,160,278,332,308,258,5,89,134,217,129,85
20201,R,전통시장,3130311,새마을시장,377,246,131,1,60,78,104,75,59,0,28,48,80,55,35,1,32,30,24,20,24
20201,R,전통시장,3130326,고덕 골목형상점가,935,850,85,0,8,37,165,395,330,0,4,31,147,360,308,0,4,6,18,35,22
20201,A,골목상권,3111088,고덕동성당,123,54,69,0,15,32,32,31,13,0,4,15,10,15,10,0,11,17,22,16,3
20201,A,골목상권,3111071,천동초등학교,76,52,24,0,4,15,21,25,11,0,4,6,18,16,8,0,0,9,3,9,3
20201,A,골목상권,3111079,둔촌고등학교(둔촌중학교),377,197,180,1,43,58,60,76,139,1,28,34,33,28,73,0,15,24,27,48,66
20201,A,골목상권,3111050,강동구청(강동구청역 2번),131,96,35,0,21,14,21,32,43,0,12,5,12,27,40,0,9,9,9,5,3
20201,D,발달상권,3120243,천호역,1395,637,758,6,189,265,331,296,308,2,64,109,143,126,193,4,125,156,188,170,115
20201,A,골목상권,3111062,둔촌동역 3번(성내3동주민센터),751,501,250,5,134,198,194,144,76,5,81,139,126,91,59,0,53,59,68,53,17
20201,A,골목상권,3111066,암사동성당(효정하나플러스아파트),417,255,162,3,46,103,101,113,51,0,14,53,66,91,31,3,32,50,35,22,20
20201,A,골목상권,3111052,암사역 3번(천호동자전거거리),357,228,129,1,26,71,117,94,48,1,11,47,76,58,35,0,15,24,41,36,13
20201,A,골목상권,3111069,천호1동주민센터,79,54,25,0,8,17,17,26,11,0,4,12,14,14,10,0,4,5,3,12,1
20201,A,골목상권,3111048,천호역 1번(천호문구완구거리),183,101,82,3,18,52,44,42,24,2,10,24,26,23,16,1,8,28,18,19,8
20201,A,골목상권,3110003,세검정초등학교,607,337,270,7,78,120,167,167,68,6,35,45,103,96,52,1,43,75,64,71,16
20201,R,전통시장,3130020,동묘시장(동묘벼룩시장),407,177,230,5,154,93,73,58,24,5,43,31,45,32,21,0,111,62,28,26,3
20201,R,전통시장,3130005,세운상가가동,133,93,40,0,7,34,35,21,36,0,5,23,28,8,29,0,2,11,7,13,7
20201,D,발달상권,3120004,종로구청,12937,7078,5859,9,1442,4392,4485,2080,529,4,432,2050,2756,1493,343,5,1010,2342,1729,587,186
20201,R,전통시장,3130004,낙원시장(낙원지하시장(대일상가)),364,258,106,0,29,70,99,78,88,0,14,51,68,57,68,0,15,19,31,21,20
20201,R,전통시장,3130010,종로신진시장,200,113,87,0,20,29,55,48,48,0,14,17,24,26,32,0,6,12,31,22,16
20201,A,골목상권,3110032,수족관거리,30,15,15,0,3,5,4,13,5,0,2,1,2,7,3,0,1,4,2,6,2
20201,U,관광특구,3001493,동대문패션타운 관광특구,5916,2900,3016,36,1415,1672,1133,1020,640,13,536,733,643,584,391,23,879,939,490,436,249
20201,A,골목상권,3110049,장충단 고개,2303,1240,1063,4,566,582,448,431,272,2,174,314,281,257,212,2,392,268,167,174,60
20201,D,발달상권,3120039,신당역,2348,1249,1099,31,795,488,410,342,282,11,348,245,228,226,191,20,447,243,182,116,91
20201,A,골목상권,3110041,남산케이블카,967,435,532,2,118,152,175,254,266,2,51,69,83,87,143,0,67,83,92,167,123
20201,R,전통시장,3130052,서울중앙시장(신중앙시장),479,342,137,0,106,156,101,61,55,0,80,110,57,45,50,0,26,46,44,16,5
20201,D,발달상권,3120036,장충동족발거리(남소영길),2289,1090,1199,14,616,783,556,223,97,0,122,393,365,155,55,14,494,390,191,68,42
20201,A,골목상권,3110054,청구역 3번,1542,854,688,3,259,378,315,340,247,1,90,204,220,215,124,2,169,174,95,125,123
20201,R,전통시장,3130056,용산용문시장,65,34,31,0,7,15,18,10,15,0,4,6,7,6,11,0,3,9,11,4,4
20201,A,골목상권,3110080,해방촌예술마을,311,168,143,0,53,71,88,58,41,0,18,40,52,31,27,0,35,31,36,27,14
20201,A,골목상권,3110065,남정초등학교,137,92,45,0,17,45,48,17,10,0,9,37,31,10,5,0,8,8,17,7,5
20201,A,골목상권,3110579,마포역 4번,750,563,187,2,54,162,247,219,66,1,37,124,188,165,48,1,17,38,59,54,18
20201,D,발달상권,3120046,이태원(이태원역),2285,1299,986,24,818,684,339,224,196,15,389,422,205,137,131,9,429,262,134,87,65
20201,D,발달상권,3120044,삼각지역,1905,1415,490,5,357,534,461,374,174,5,220,403,384,278,125,0,137,131,77,96,49
20201,A,골목상권,3110123,마장역 3번,511,382,129,0,42,56,91,185,137,0,21,36,63,141,121,0,21,20,28,44,16
20201,A,골목상권,3110121,한양대역 4번,45,30,15,0,3,10,8,11,13,0,2,5,5,7,11,0,1,5,3,4,2
20201,D,발달상권,3120049,왕십리역(왕십리),1459,1004,455,1,183,301,377,468,129,1,92,187,272,371,81,0,91,114,105,97,48
20201,A,골목상권,3110127,성수1가1동주민센터,290,157,133,0,31,55,56,100,48,0,11,40,31,47,28,0,20,15,25,53,20
20201,D,발달상권,3120051,뚝섬역,3944,2582,1362,20,703,946,867,651,757,15,446,646,549,445,481,5,257,300,318,206,276
20201,R,전통시장,3130071,성수역 골목형상점가,335,180,155,1,61,89,70,43,71,0,27,43,43,29,38,1,34,46,27,14,33
20201,A,골목상권,3110114,왕십리파출소,33,19,14,0,3,2,8,14,6,0,1,1,4,8,5,0,2,1,4,6,1
20201,A,골목상권,3110174,아차산역 1번,432,305,127,1,49,80,115,104,83,1,25,57,76,69,77,0,24,23,39,35,6
20201,A,골목상권,3110140,건대입구역 6번,429,268,161,6,37,67,113,120,86,5,17,34,65,83,64,1,20,33,48,37,22
20201,A,골목상권,3110152,중곡어린이공원,340,300,40,0,17,29,64,121,109,0,10,21,55,109,105,0,7,8,9,12,4
20201,A,골목상권,3110161,중곡역 3번,236,135,101,3,11,33,58,65,66,0,2,16,37,40,40,3,9,17,21,25,26
20201,R,전통시장,3130084,신성시장(신성골목시장),21,6,15,0,3,5,8,4,1,0,0,1,2,2,1,0,3,4,6,2,0
20201,A,골목상권,3110141,건대입구역 1번,213,138,75,1,23,49,67,48,25,1,11,27,51,32,16,0,12,22,16,16,9
20201,A,골목상권,3110144,어린이대공원역 4번,104,49,55,0,35,17,21,19,12,0,9,10,11,10,9,0,26,7,10,9,3
20201,R,전통시장,3130097,답십리 건축자재시장,291,188,103,1,16,42,42,36,154,0,7,34,23,19,105,1,9,8,19,17,49
20201,A,골목상권,3110209,답십리 장령당공원,83,52,31,0,3,11,28,19,22,0,1,5,16,15,15,0,2,6,12,4,7
20201,R,전통시장,3130101,답십리현대시장,8,5,3,0,0,1,3,2,2,0,0,1,1,2,1,0,0,0,2,0,1
20201,A,골목상권,3110186,종암초등학교,114,86,28,0,9,21,16,34,34,0,3,18,10,26,29,0,6,3,6,8,5
20201,A,골목상권,3110221,의릉,95,69,26,0,10,12,36,29,8,0,6,10,24,22,7,0,4,2,12,7,1
20201,A,골목상권,3110202,전농1동주민센터(전농시장),111,68,43,0,14,35,31,20,11,0,9,19,21,14,5,0,5,16,10,6,6
20201,A,골목상권,3110206,텃골근린공원,92,37,55,0,8,14,25,24,21,0,4,7,8,8,10,0,4,7,17,16,11
20201,R,전통시장,3130094,청량리청과물시장,54,24,30,0,7,13,17,7,10,0,0,4,10,2,8,0,7,9,7,5,2
20201,R,전통시장,3130095,청량리전통시장,95,38,57,0,6,16,18,33,22,0,4,6,9,10,9,0,2,10,9,23,13
20201,A,골목상권,3110199,홍릉시장,65,41,24,0,11,15,18,14,7,0,8,8,10,9,6,0,3,7,8,5,1
20201,A,골목상권,3110219,삼육보건대학교,251,146,105,0,18,42,70,81,40,0,11,20,32,52,31,0,7,22,38,29,9
20201,A,골목상권,3110268,망우3동주민센터,60,30,30,0,10,13,10,18,9,0,1,5,7,10,7,0,9,8,3,8,2
20201,R,전통시장,3130114,유영시장,31,20,11,0,9,5,3,8,6,0,7,2,2,5,4,0,2,3,1,3,2
20201,A,골목상권,3110237,메가박스 상봉,274,152,122,0,30,67,97,54,26,0,13,37,48,36,18,0,17,30,49,18,8
20201,A,골목상권,3110258,면동초등학교,260,99,161,0,32,49,79,66,34,0,1,20,28,34,16,0,31,29,51,32,18
20201,A,골목상권,3110254,오거리공원,259,90,169,1,19,75,79,53,32,0,6,15,35,22,12,1,13,60,44,31,20
20201,A,골목상권,3110264,면목역 2번,358,170,188,1,52,75,93,80,57,0,21,40,40,37,32,1,31,35,53,43,25
20201,A,골목상권,3110248,먹골파출소,85,47,38,1,19,23,20,12,10,0,7,14,12,4,10,1,12,9,8,8,0
20201,A,골목상권,3110279,신내역 2번,9,8,1,0,0,1,4,4,0,0,0,1,3,4,0,0,0,0,1,0,0
20201,A,골목상권,3110245,KB국민은행 중화동지점,156,81,75,0,8,36,52,40,20,0,5,16,26,19,15,0,3,20,26,21,5
20201,R,전통시장,3130108,태능엔터피아(태릉시장),3,1,2,0,0,0,1,2,0,0,0,0,0,1,0,0,0,0,1,1,0
20201,A,골목상권,3110308,길음역 8번,174,85,89,0,17,36,56,41,24,0,8,17,26,20,14,0,9,19,30,21,10
20201,D,발달상권,3120073,미아사거리,353,135,218,3,40,67,95,95,53,2,16,29,45,23,20,1,24,38,50,72,33
20201,A,골목상권,3110300,삼선동주민센터,2735,1587,1148,3,248,710,769,844,161,2,97,300,444,629,115,1,151,410,325,215,46
20201,D,발달상권,3120072,성신여대,1048,537,511,18,137,211,213,271,198,11,46,86,103,152,139,7,91,125,110,119,59
20201,A,골목상권,3110301,성신여대입구역 7번,484,209,275,1,73,84,96,134,96,0,31,37,39,62,40,1,42,47,57,72,56
20201,R,전통시장,3130120,돈암시장(돈암제일시장),99,23,76,1,20,20,25,18,15,0,0,2,7,8,6,1,20,18,18,10,9
20201,A,골목상권,3110328,상월곡역 3번,235,157,78,1,38,75,62,37,22,1,26,58,33,24,15,0,12,17,29,13,7
20201,R,전통시장,3130126,새석관시장,13,8,5,0,1,4,2,5,1,0,0,3,1,3,1,0,1,1,1,2,0
20201,R,전통시장,3130128,돌곶이시장(석관황금시장),191,157,34,0,30,36,41,72,12,0,28,26,29,62,12,0,2,10,12,10,0
20201,A,골목상권,3110323,상월곡역 1번,109,30,79,2,25,24,28,18,12,0,4,5,11,5,5,2,21,19,17,13,7
20201,A,골목상권,3110325,장곡초등학교,57,18,39,0,0,14,20,17,6,0,0,3,7,4,4,0,0,11,13,13,2
20201,A,골목상권,3110329,우리은행체육관,34,27,7,1,1,5,6,14,7,1,0,5,5,10,6,0,1,0,1,4,1
20201,A,골목상권,3110418,광운대학교 남단,100,45,55,0,11,17,23,26,23,0,5,5,13,16,6,0,6,12,10,10,17
20201,A,골목상권,3110292,정릉역 2번,33,14,19,0,1,5,16,6,5,0,1,3,5,3,2,0,0,2,11,3,3
20201,A,골목상권,3110289,북한산보국문역 2번,144,105,39,0,9,28,49,32,26,0,6,23,30,24,22,0,3,5,19,8,4
20201,A,골목상권,3110320,KB국민은행 종암동지점,79,51,28,0,2,11,27,24,15,0,1,5,15,17,13,0,1,6,12,7,2
20201,A,골목상권,3110369,성신여대운정그린캠퍼스,518,214,304,1,49,46,131,131,160,1,10,16,44,53,90,0,39,30,87,78,70
20201,A,골목상권,3110376,수송초등학교,224,142,82,0,26,47,62,60,29,0,12,29,38,41,22,0,14,18,24,19,7
20201,R,전통시장,3130143,방천골목시장,65,36,29,0,11,7,19,24,4,0,6,5,9,13,3,0,5,2,10,11,1
20201,R,전통시장,3130140,숭인시장,62,27,35,0,9,13,10,15,15,0,0,4,1,9,13,0,9,9,9,6,2
20201,A,골목상권,3110362,우이천 계성교,205,110,95,1,24,34,61,63,22,0,11,19,28,35,17,1,13,15,33,28,5
20201,A,골목상권,3110356,덕수교,228,114,114,0,13,34,55,60,66,0,4,17,22,30,41,0,9,17,33,30,25
20201,R,전통시장,3130139,강북종합전통시장(강북종합골목시장),166,114,52,0,16,45,61,28,16,0,11,33,42,19,9,0,5,12,19,9,7
20201,A,골목상권,3110343,무너미어린이공원,100,74,26,0,7,21,28,32,12,0,4,14,22,25,9,0,3,7,6,7,3
20201,A,골목상권,3110351,수유북부시장옆,214,93,121,0,27,45,51,59,32,0,9,17,20,25,22,0,18,28,31,34,10
20201,A,골목상권,3110413,누원고등학교,54,33,21,0,8,11,12,11,12,0,5,8,5,5,10,0,3,3,7,6,2
20201,A,골목상권,3110382,솔밭공원역 1번,32,25,7,0,1,9,8,7,7,0,0,5,6,7,7,0,1,4,2,0,0
20201,R,전통시장,3130149,창동신창시장,116,51,65,0,5,24,35,31,21,0,2,10,17,10,12,0,3,14,18,21,9
20201,R,전통시장,3130159,공릉동 도깨비시장,101,47,54,0,12,22,24,26,17,0,4,8,9,15,11,0,8,14,15,11,6
20201,A,골목상권,3110422,노원역 9번,277,221,56,0,27,70,94,54,32,0,24,59,79,37,22,0,3,11,15,17,10
20201,D,발달상권,3120082,상계백병원,389,127,262,0,81,95,109,69,35,0,19,18,34,38,18,0,62,77,75,31,17
20201,A,골목상권,3110417,월계역 3번,19,10,9,0,10,6,0,3,0,0,3,5,0,2,0,0,7,1,0,1,0
20201,D,발달상권,3120083,등나무근린공원,1184,787,397,0,166,325,271,283,139,0,114,228,171,179,95,0,52,97,100,104,44
20201,R,전통시장,3130155,시영B상가(중계 그린아파트 B 상가),3,2,1,0,0,1,0,2,0,0,0,1,0,1,0,0,0,0,0,1,0
20201,A,골목상권,3110430,중계초등학교,275,100,175,0,18,28,58,96,75,0,8,7,19,25,41,0,10,21,39,71,34
20201,A,골목상권,3110441,영신여고,138,72,66,0,12,28,33,41,24,0,7,20,15,21,9,0,5,8,18,20,15
20201,A,골목상권,3110427,노원 을지대학교병원,363,281,82,0,27,27,62,126,121,0,12,14,31,109,115,0,15,13,31,17,6
20201,A,골목상권,3110477,은평세무서,434,205,229,0,43,62,106,141,82,0,15,23,49,71,47,0,28,39,57,70,35
20201,A,골목상권,3110476,역촌역 2번,56,26,30,0,2,8,22,17,7,0,1,3,9,7,6,0,1,5,13,10,1
20201,R,전통시장,3130169,대조시장,67,31,36,0,5,11,21,23,7,0,1,3,11,11,5,0,4,8,10,12,2
20201,R,전통시장,3130171,불광먹자골목 골목형상점가,155,54,101,0,18,31,24,37,45,0,4,9,11,16,14,0,14,22,13,21,31
20201,R,전통시장,3130160,수일시장,7,2,5,0,0,2,1,2,2,0,0,0,0,1,1,0,0,2,1,1,1
20201,A,골목상권,3110499,연가초등학교,263,119,144,0,42,42,74,65,40,0,8,20,31,35,25,0,34,22,43,30,15
20201,A,골목상권,3110503,명지대학교교회,230,123,107,0,27,52,59,64,28,0,9,30,26,36,22,0,18,22,33,28,6
20201,A,골목상권,3110533,충정로역 7번,22,11,11,0,5,5,3,5,4,0,0,2,2,4,3,0,5,3,1,1,1
20201,A,골목상권,3110537,충정로현대아파트,1514,848,666,1,362,525,328,177,121,0,150,263,215,134,86,1,212,262,113,43,35
20201,A,골목상권,3110522,홍제역 3번,46,12,34,0,14,7,12,6,7,0,2,2,2,2,4,0,12,5,10,4,3
20201,R,전통시장,3130196,공덕시장,3948,2001,1947,52,1323,1296,891,287,99,28,467,646,599,181,80,24,856,650,292,106,19
20201,A,골목상권,3110541,동교초등학교,377,221,156,0,43,59,101,96,78,0,23,37,63,50,48,0,20,22,38,46,30
20201,R,전통시장,3130190,홍대소상공인상점가,150,77,73,1,55,35,30,18,11,0,18,22,18,10,9,1,37,13,12,8,2
20201,D,발달상권,3120102,서교동(홍대),7276,3402,3874,18,1521,2551,1814,899,473,11,496,1065,913,566,351,7,1025,1486,901,333,122
20201,A,골목상권,3110555,홍익지구대,284,147,137,1,49,53,55,37,89,0,14,28,31,16,58,1,35,25,24,21,31
20201,A,골목상권,3110558,경성고등학교,2362,1593,769,11,308,568,571,513,391,10,153,351,408,384,287,1,155,217,163,129,104
20201,R,전통시장,3130184,마포농수산물시장,77,40,37,0,2,12,24,26,13,0,1,8,12,14,5,0,1,4,12,12,8
20201,A,골목상권,3110571,신수동주민센터,635,358,277,5,109,159,187,126,49,5,57,88,98,74,36,0,52,71,89,52,13
20201,A,골목상권,3110628,신목동역,469,307,162,0,52,85,114,113,105,0,28,56,79,85,59,0,24,29,35,28,46
20201,R,전통시장,3130210,목2동시장,432,251,181,1,66,124,122,71,48,1,40,69,70,39,32,0,26,55,52,32,16
20201,D,발달상권,3120108,신정네거리역,992,580,412,2,93,215,220,242,220,1,28,110,112,160,169,1,65,105,108,82,51
20201,A,골목상권,3110627,신정롯데캐슬아파트,548,318,230,24,129,136,102,93,64,13,69,81,62,49,44,11,60,55,40,44,20
20201,R,전통시장,3130206,신정3동 골목시장,20,6,14,0,0,5,11,2,2,0,0,0,3,1,2,0,0,5,8,1,0
20201,A,골목상권,3110612,신정역 5번,644,303,341,1,85,88,143,197,130,0,44,62,74,70,53,1,41,26,69,127,77
20201,A,골목상권,3110629,송정역 4번,190,107,83,0,26,52,54,35,23,0,9,34,28,24,12,0,17,18,26,11,11
20201,R,전통시장,3130220,등마루시장,491,167,324,5,44,61,71,166,144,3,16,29,38,34,47,2,28,32,33,132,97
20201,D,발달상권,3120115,김포공항역(김포공항),23,12,11,0,6,9,4,4,0,0,2,4,3,3,0,0,4,5,1,1,0
20201,A,골목상권,3110679,염창역 2번,574,404,170,3,89,206,152,80,44,2,49,148,111,58,36,1,40,58,41,22,8
20201,A,골목상권,3110649,우장산역 1번,358,191,167,0,41,91,82,93,51,0,12,49,38,59,33,0,29,42,44,34,18
20201,A,골목상권,3110670,신곡초등학교,489,320,169,6,79,118,121,90,75,3,45,77,71,59,65,3,34,41,50,31,10
20201,A,골목상권,3110666,KC대학교,176,60,116,0,19,35,52,57,13,0,10,10,20,13,7,0,9,25,32,44,6
20201,A,골목상권,3110669,화곡보람2차아파트,13,3,10,0,0,2,4,2,5,0,0,1,2,0,0,0,0,1,2,2,5
20201,A,골목상권,3110700,고척초등학교,3249,2648,601,3,209,680,974,1176,207,2,119,533,803,1021,170,1,90,147,171,155,37
20201,D,발달상권,3120124,개봉동 현대아파트,461,205,256,0,63,89,119,82,108,0,18,26,49,43,69,0,45,63,70,39,39
20201,R,전통시장,3130228,구로시장,10,5,5,0,0,4,6,0,0,0,0,1,4,0,0,0,0,3,2,0,0
20201,D,발달상권,3120128,신도림역,1253,656,597,7,191,318,382,243,112,1,75,153,191,149,87,6,116,165,191,94,25
20202,A,골목상권,3110254,오거리공원,259,90,169,1,19,75,79,53,32,0,6,15,35,22,12,1,13,60,44,31,20
20202,A,골목상권,3110264,면목역 2번,358,170,188,1,52,75,93,80,57,0,21,40,40,37,32,1,31,35,53,43,25
20202,A,골목상권,3110248,먹골파출소,85,47,38,1,19,23,20,12,10,0,7,14,12,4,10,1,12,9,8,8,0
20202,A,골목상권,3110279,신내역 2번,9,8,1,0,0,1,4,4,0,0,0,1,3,4,0,0,0,0,1,0,0
20202,A,골목상권,3110245,KB국민은행 중화동지점,156,81,75,0,8,36,52,40,20,0,5,16,26,19,15,0,3,20,26,21,5
20202,R,전통시장,3130108,태능엔터피아(태릉시장),3,1,2,0,0,0,1,2,0,0,0,0,0,1,0,0,0,0,1,1,0
20202,A,골목상권,3110308,길음역 8번,174,85,89,0,17,36,56,41,24,0,8,17,26,20,14,0,9,19,30,21,10
20202,D,발달상권,3120073,미아사거리,353,135,218,3,40,67,95,95,53,2,16,29,45,23,20,1,24,38,50,72,33
20202,A,골목상권,3110300,삼선동주민센터,2735,1587,1148,3,248,710,769,844,161,2,97,300,444,629,115,1,151,410,325,215,46
20202,D,발달상권,3120072,성신여대,1048,537,511,18,137,211,213,271,198,11,46,86,103,152,139,7,91,125,110,119,59
20202,A,골목상권,3110301,성신여대입구역 7번,484,209,275,1,73,84,96,134,96,0,31,37,39,62,40,1,42,47,57,72,56
20202,R,전통시장,3130120,돈암시장(돈암제일시장),99,23,76,1,20,20,25,18,15,0,0,2,7,8,6,1,20,18,18,10,9
20202,A,골목상권,3110328,상월곡역 3번,235,157,78,1,38,75,62,37,22,1,26,58,33,24,15,0,12,17,29,13,7
20202,R,전통시장,3130126,새석관시장,13,8,5,0,1,4,2,5,1,0,0,3,1,3,1,0,1,1,1,2,0
20202,R,전통시장,3130128,돌곶이시장(석관황금시장),191,157,34,0,30,36,41,72,12,0,28,26,29,62,12,0,2,10,12,10,0
20202,A,골목상권,3110323,상월곡역 1번,109,30,79,2,25,24,28,18,12,0,4,5,11,5,5,2,21,19,17,13,7
20202,A,골목상권,3110325,장곡초등학교,57,18,39,0,0,14,20,17,6,0,0,3,7,4,4,0,0,11,13,13,2
20202,A,골목상권,3110329,우리은행체육관,34,27,7,1,1,5,6,14,7,1,0,5,5,10,6,0,1,0,1,4,1
20202,A,골목상권,3110418,광운대학교 남단,100,45,55,0,11,17,23,26,23,0,5,5,13,16,6,0,6,12,10,10,17
20202,A,골목상권,3110292,정릉역 2번,33,14,19,0,1,5,16,6,5,0,1,3,5,3,2,0,0,2,11,3,3
20202,A,골목상권,3110289,북한산보국문역 2번,144,105,39,0,9,28,49,32,26,0,6,23,30,24,22,0,3,5,19,8,4
20202,A,골목상권,3110320,KB국민은행 종암동지점,79,51,28,0,2,11,27,24,15,0,1,5,15,17,13,0,1,6,12,7,2
20202,A,골목상권,3110369,성신여대운정그린캠퍼스,518,214,304,1,49,46,131,131,160,1,10,16,44,53,90,0,39,30,87,78,70
20202,A,골목상권,3110376,수송초등학교,224,142,82,0,26,47,62,60,29,0,12,29,38,41,22,0,14,18,24,19,7
20202,R,전통시장,3130143,방천골목시장,65,36,29,0,11,7,19,24,4,0,6,5,9,13,3,0,5,2,10,11,1
20202,R,전통시장,3130140,숭인시장,62,27,35,0,9,13,10,15,15,0,0,4,1,9,13,0,9,9,9,6,2
20202,A,골목상권,3110362,우이천 계성교,205,110,95,1,24,34,61,63,22,0,11,19,28,35,17,1,13,15,33,28,5
20202,A,골목상권,3110356,덕수교,228,114,114,0,13,34,55,60,66,0,4,17,22,30,41,0,9,17,33,30,25
20202,R,전통시장,3130139,강북종합전통시장(강북종합골목시장),166,114,52,0,16,45,61,28,16,0,11,33,42,19,9,0,5,12,19,9,7
20202,A,골목상권,3110343,무너미어린이공원,100,74,26,0,7,21,28,32,12,0,4,14,22,25,9,0,3,7,6,7,3
20202,A,골목상권,3110351,수유북부시장옆,214,93,121,0,27,45,51,59,32,0,9,17,20,25,22,0,18,28,31,34,10
20202,A,골목상권,3110413,누원고등학교,54,33,21,0,8,11,12,11,12,0,5,8,5,5,10,0,3,3,7,6,2
20202,A,골목상권,3110382,솔밭공원역 1번,32,25,7,0,1,9,8,7,7,0,0,5,6,7,7,0,1,4,2,0,0
20202,R,전통시장,3130149,창동신창시장,116,51,65,0,5,24,35,31,21,0,2,10,17,10,12,0,3,14,18,21,9
20202,R,전통시장,3130159,공릉동 도깨비시장,101,47,54,0,12,22,24,26,17,0,4,8,9,15,11,0,8,14,15,11,6
20202,A,골목상권,3110422,노원역 9번,277,221,56,0,27,70,94,54,32,0,24,59,79,37,22,0,3,11,15,17,10
20202,D,발달상권,3120082,상계백병원,389,127,262,0,81,95,109,69,35,0,19,18,34,38,18,0,62,77,75,31,17
20202,A,골목상권,3110417,월계역 3번,19,10,9,0,10,6,0,3,0,0,3,5,0,2,0,0,7,1,0,1,0
20202,D,발달상권,3120083,등나무근린공원,1184,787,397,0,166,325,271,283,139,0,114,228,171,179,95,0,52,97,100,104,44
20202,R,전통시장,3130155,시영B상가(중계 그린아파트 B 상가),3,2,1,0,0,1,0,2,0,0,0,1,0,1,0,0,0,0,0,1,0
20202,A,골목상권,3110430,중계초등학교,275,100,175,0,18,28,58,96,75,0,8,7,19,25,41,0,10,21,39,71,34
20202,A,골목상권,3110441,영신여고,138,72,66,0,12,28,33,41,24,0,7,20,15,21,9,0,5,8,18,20,15
20202,A,골목상권,3110427,노원 을지대학교병원,363,281,82,0,27,27,62,126,121,0,12,14,31,109,115,0,15,13,31,17,6
20202,A,골목상권,3110477,은평세무서,434,205,229,0,43,62,106,141,82,0,15,23,49,71,47,0,28,39,57,70,35
20202,A,골목상권,3110476,역촌역 2번,56,26,30,0,2,8,22,17,7,0,1,3,9,7,6,0,1,5,13,10,1
20202,R,전통시장,3130169,대조시장,67,31,36,0,5,11,21,23,7,0,1,3,11,11,5,0,4,8,10,12,2
20202,R,전통시장,3130171,불광먹자골목 골목형상점가,155,54,101,0,18,31,24,37,45,0,4,9,11,16,14,0,14,22,13,21,31
20202,R,전통시장,3130160,수일시장,7,2,5,0,0,2,1,2,2,0,0,0,0,1,1,0,0,2,1,1,1
20202,A,골목상권,3110499,연가초등학교,263,119,144,0,42,42,74,65,40,0,8,20,31,35,25,0,34,22,43,30,15
20202,A,골목상권,3110503,명지대학교교회,230,123,107,0,27,52,59,64,28,0,9,30,26,36,22,0,18,22,33,28,6
20202,A,골목상권,3110533,충정로역 7번,22,11,11,0,5,5,3,5,4,0,0,2,2,4,3,0,5,3,1,1,1
20202,A,골목상권,3110537,충정로현대아파트,1514,848,666,1,362,525,328,177,121,0,150,263,215,134,86,1,212,262,113,43,35
20202,A,골목상권,3110522,홍제역 3번,46,12,34,0,14,7,12,6,7,0,2,2,2,2,4,0,12,5,10,4,3
20202,R,전통시장,3130196,공덕시장,3948,2001,1947,52,1323,1296,891,287,99,28,467,646,599,181,80,24,856,650,292,106,19
20202,A,골목상권,3110541,동교초등학교,377,221,156,0,43,59,101,96,78,0,23,37,63,50,48,0,20,22,38,46,30
20202,R,전통시장,3130190,홍대소상공인상점가,150,77,73,1,55,35,30,18,11,0,18,22,18,10,9,1,37,13,12,8,2
20202,D,발달상권,3120102,서교동(홍대),7276,3402,3874,18,1521,2551,1814,899,473,11,496,1065,913,566,351,7,1025,1486,901,333,122
20202,A,골목상권,3110555,홍익지구대,284,147,137,1,49,53,55,37,89,0,14,28,31,16,58,1,35,25,24,21,31
20202,A,골목상권,3110558,경성고등학교,2362,1593,769,11,308,568,571,513,391,10,153,351,408,384,287,1,155,217,163,129,104
20202,R,전통시장,3130184,마포농수산물시장,77,40,37,0,2,12,24,26,13,0,1,8,12,14,5,0,1,4,12,12,8
20202,A,골목상권,3110571,신수동주민센터,635,358,277,5,109,159,187,126,49,5,57,88,98,74,36,0,52,71,89,52,13
20202,A,골목상권,3110628,신목동역,469,307,162,0,52,85,114,113,105,0,28,56,79,85,59,0,24,29,35,28,46
20202,R,전통시장,3130210,목2동시장,432,251,181,1,66,124,122,71,48,1,40,69,70,39,32,0,26,55,52,32,16
20202,D,발달상권,3120108,신정네거리역,992,580,412,2,93,215,220,242,220,1,28,110,112,160,169,1,65,105,108,82,51
20202,A,골목상권,3110627,신정롯데캐슬아파트,548,318,230,24,129,136,102,93,64,13,69,81,62,49,44,11,60,55,40,44,20
20202,R,전통시장,3130206,신정3동 골목시장,20,6,14,0,0,5,11,2,2,0,0,0,3,1,2,0,0,5,8,1,0
20202,A,골목상권,3110612,신정역 5번,644,303,341,1,85,88,143,197,130,0,44,62,74,70,53,1,41,26,69,127,77
20202,A,골목상권,3110629,송정역 4번,190,107,83,0,26,52,54,35,23,0,9,34,28,24,12,0,17,18,26,11,11
20202,R,전통시장,3130220,등마루시장,491,167,324,5,44,61,71,166,144,3,16,29,38,34,47,2,28,32,33,132,97
20202,D,발달상권,3120115,김포공항역(김포공항),23,12,11,0,6,9,4,4,0,0,2,4,3,3,0,0,4,5,1,1,0
20202,A,골목상권,3110679,염창역 2번,574,404,170,3,89,206,152,80,44,2,49,148,111,58,36,1,40,58,41,22,8
20202,A,골목상권,3110649,우장산역 1번,358,191,167,0,41,91,82,93,51,0,12,49,38,59,33,0,29,42,44,34,18
20202,A,골목상권,3110670,신곡초등학교,489,320,169,6,79,118,121,90,75,3,45,77,71,59,65,3,34,41,50,31,10
20202,A,골목상권,3110666,KC대학교,176,60,116,0,19,35,52,57,13,0,10,10,20,13,7,0,9,25,32,44,6
20202,A,골목상권,3110669,화곡보람2차아파트,13,3,10,0,0,2,4,2,5,0,0,1,2,0,0,0,0,1,2,2,5
20202,A,골목상권,3110700,고척초등학교,3249,2648,601,3,209,680,974,1176,207,2,119,533,803,1021,170,1,90,147,171,155,37
20202,D,발달상권,3120124,개봉동 현대아파트,461,205,256,0,63,89,119,82,108,0,18,26,49,43,69,0,45,63,70,39,39
20202,D,발달상권,3120128,신도림역,1253,656,597,7,191,318,382,243,112,1,75,153,191,149,87,6,116,165,191,94,25
20202,A,골목상권,3110689,오류동역 3번,287,200,87,3,44,47,56,75,62,3,25,32,41,52,47,0,19,15,15,23,15
20202,A,골목상권,3110690,오류2동버들시장,577,275,302,1,101,192,133,94,56,0,39,104,64,36,32,1,62,88,69,58,24
20202,A,골목상권,3110725,가산동주민센터,85,59,26,0,6,20,22,20,17,0,3,15,16,12,13,0,3,5,6,8,4
20202,A,골목상권,3110735,말미고개,520,330,190,0,64,115,140,140,61,0,31,79,94,79,47,0,33,36,46,61,14
20202,R,전통시장,3130233,남문시장,76,47,29,0,5,8,18,22,23,0,2,3,9,12,21,0,3,5,9,10,2
20202,A,골목상권,3110736,독산119안전센터,461,199,262,0,46,55,76,118,166,0,21,32,35,42,69,0,25,23,41,76,97
20202,A,골목상권,3110746,금천금빛공원(은행나무사거리서측),76,53,23,0,5,11,23,22,15,0,3,9,13,16,12,0,2,2,10,6,3
20202,R,전통시장,3130237,박미시장(기능상실),39,26,13,0,1,6,11,9,12,0,0,2,7,8,9,0,1,4,4,1,3
20202,A,골목상권,3110766,대림역 5번,360,205,155,0,30,82,85,99,64,0,15,54,42,56,38,0,15,28,43,43,26
20202,A,골목상권,3110777,구로세무서,282,210,72,0,36,41,47,83,75,0,13,30,32,66,69,0,23,11,15,17,6
20202,R,전통시장,3130255,영등포전통시장,45,29,16,0,1,7,5,10,22,0,1,5,3,4,16,0,0,2,2,6,6
20202,A,골목상권,3110788,영등포시장역 3번,28,22,6,0,4,5,7,9,3,0,3,5,6,6,2,0,1,0,1,3,1
20202,A,골목상권,3110783,영등포시장역 1번,292,154,138,1,26,37,35,67,126,1,19,27,16,33,58,0,7,10,19,34,68
20202,A,골목상권,3110799,영등포본동주민센터,119,86,33,5,21,16,11,22,44,3,12,10,6,15,40,2,9,6,5,7,4
20202,R,전통시장,3130265,노량진중앙시장,115,82,33,0,17,48,34,8,8,0,12,42,23,3,2,0,5,6,11,5,6
20202,R,전통시장,3130263,신노량진시장(기능상실),13,4,9,0,0,3,4,6,0,0,0,0,1,3,0,0,0,3,3,3,0
20202,A,골목상권,3110821,보라매역 2번,599,356,243,0,73,109,142,137,138,0,34,65,80,89,88,0,39,44,62,48,50
20202,D,발달상권,3120155,총신대학교,107,54,53,0,13,27,24,25,18,0,7,8,13,14,12,0,6,19,11,11,6
20202,R,전통시장,3130268,상도전통시장,239,104,135,0,33,60,53,58,35,0,12,23,23,24,22,0,21,37,30,34,13
20202,A,골목상권,3110836,상도역 5번,3057,1846,1211,9,550,798,701,647,352,2,238,486,453,447,220,7,312,312,248,200,132
20202,A,골목상권,3110840,중앙대학교,175,99,76,0,24,25,57,45,24,0,12,13,37,22,15,0,12,12,20,23,9
20202,A,골목상권,3110878,미림여고,368,218,150,3,43,114,101,78,29,0,19,63,68,43,25,3,24,51,33,35,4
20202,A,골목상권,3110861,관악구신사동주민센터,1168,598,570,1,215,376,261,204,111,1,71,194,161,101,70,0,144,182,100,103,41
20202,A,골목상권,3110893,관악소방서(문영여고),353,303,50,0,39,110,66,113,25,0,29,96,57,99,22,0,10,14,9,14,3
20202,A,골목상권,3110890,봉천역 1번(관악초등학교),249,148,101,1,17,43,92,67,29,0,4,22,58,43,21,1,13,21,34,24,8
20202,R,전통시장,3130294,관악중부시장,102,40,62,1,5,10,22,39,25,0,2,3,7,16,12,1,3,7,15,23,13
20202,D,발달상권,3120166,방배역,5465,3280,2185,90,1234,1594,1033,699,815,26,523,920,713,451,647,64,711,674,320,248,168
20202,D,발달상권,3120164,내방역,8579,5975,2604,56,1923,2822,1862,1129,787,48,1160,1998,1383,799,587,8,763,824,479,330,200
20202,D,발달상권,3120162,방배동카페골목,1253,717,536,61,207,200,219,215,351,57,126,142,110,93,189,4,81,58,109,122,162
20202,D,발달상권,3120169,서초역,15771,7185,8586,70,3824,4195,3945,2657,1080,30,1313,1990,1801,1235,816,40,2511,2205,2144,1422,264
20202,A,골목상권,3110936,더케이호텔(양재리본타워2단지아파트),832,552,280,3,109,260,215,175,70,0,53,154,159,131,55,3,56,106,56,44,15
20202,A,골목상권,3110940,양재근린공원(양재2동주민센터),956,699,257,8,168,323,238,137,82,8,109,243,178,97,64,0,59,80,60,40,18
20202,D,발달상권,3120178,신사역,11093,6014,5079,34,2556,2878,2400,1866,1359,13,875,1596,1501,1005,1024,21,1681,1282,899,861,335
20202,A,골목상권,3110993,개포지하차도 북측,70,53,17,0,3,9,19,23,16,0,2,7,16,18,10,0,1,2,3,5,6
20202,A,골목상권,3110983,국립국악고등학교,783,534,249,6,126,212,125,145,169,2,44,137,94,111,146,4,82,75,31,34,23
20202,A,골목상권,3110950,논현역 7번,2981,1929,1052,1,829,1305,518,230,98,0,418,886,383,173,69,1,411,419,135,57,29
20202,D,발달상권,3120199,경복아파트교차로,3427,2023,1404,9,720,1059,682,508,449,3,273,627,441,345,334,6,447,432,241,163,115
20202,D,발달상권,3120212,한티역,753,394,359,1,118,182,201,143,108,1,37,87,119,80,70,0,81,95,82,63,38
20202,D,발달상권,3120211,도성초등학교,984,516,468,7,180,282,189,161,165,3,68,120,112,117,96,4,112,162,77,44,69
20202,A,골목상권,3110960,은광여고,1601,749,852,5,219,282,389,522,184,4,60,131,203,227,124,1,159,151,186,295,60
20202,A,골목상권,3110964,싸리고개근린공원,217,124,93,0,29,60,59,34,35,0,8,32,36,23,25,0,21,28,23,11,10
20202,U,관광특구,3001496,강남 마이스 관광특구,15904,8904,7000,59,3513,6185,4248,1596,303,25,1160,3361,2887,1246,225,34,2353,2824,1361,350,78
20202,A,골목상권,3110995,봉은사역 4번,5085,3711,1374,9,978,2002,1271,637,188,2,575,1477,990,523,144,7,403,525,281,114,44
20202,A,골목상권,3110998,은곡마을(은곡마을공원),17,11,6,0,2,6,4,3,2,0,0,4,3,3,1,0,2,2,1,0,1
20202,A,골목상권,3111001,아래방죽마을공원(율현초등학교),58,43,15,0,2,9,14,18,15,0,1,7,12,13,10,0,1,2,2,5,5
20202,A,골목상권,3110949,한남IC,1683,1193,490,5,288,565,435,305,85,2,112,398,347,261,73,3,176,167,88,44,12
20202,A,골목상권,3110959,신구중학교,271,140,131,0,14,66,82,79,30,0,7,36,49,29,19,0,7,30,33,50,11
20202,A,골목상권,3110962,도산공원북측,53,27,26,0,20,11,10,8,4,0,11,7,6,3,0,0,9,4,4,5,4
20202,A,골목상권,3110954,국기원,636,445,191,0,89,142,187,94,124,0,35,97,161,74,78,0,54,45,26,20,46
20202,D,발달상권,3120204,르네상스호텔사거리,41471,20644,20827,102,8167,11056,10671,10081,1394,54,5016,7567,4988,2062,957,48,3151,3489,5683,8019,437
20202,A,골목상권,3110997,대청초등학교,1724,959,765,4,230,291,391,383,425,2,111,162,200,210,274,2,119,129,191,173,151
20202,A,골목상권,3110979,청담초등학교,3004,1918,1086,4,525,926,768,568,213,4,230,632,535,343,174,0,295,294,233,225,39
20202,A,골목상권,3111027,문정초등학교,1393,771,622,3,146,285,323,246,390,1,67,159,209,125,210,2,79,126,114,121,180
20202,A,골목상권,3111020,방이동고분군(방산고등학교),304,225,79,1,20,103,84,54,42,0,7,73,64,48,33,1,13,30,20,6,9
20202,R,전통시장,3130313,방이시장,3889,1825,2064,10,726,635,634,1135,749,8,362,409,357,377,312,2,364,226,277,758,437
20202,A,골목상권,3111005,삼전역 3번,1865,1358,507,0,320,617,459,302,167,0,215,449,339,222,133,0,105,168,120,80,34
20202,A,골목상권,3111037,Sh수협은행 오금동금융센터(아랫말어린이공원),373,243,130,0,37,103,90,93,50,0,25,84,60,43,31,0,12,19,30,50,19
20202,A,골목상권,3111032,방이역 1번,3878,2552,1326,4,235,340,599,718,1982,3,139,237,411,469,1293,1,96,103,188,249,689
20202,A,골목상권,3111081,둔촌푸르지오아파트,78,50,28,0,8,17,18,18,17,0,4,12,13,6,15,0,4,5,5,12,2
20202,A,골목상권,3111089,상일여고(상일초등학교),750,505,245,0,50,131,180,233,156,0,31,81,127,154,112,0,19,50,53,79,44
20202,A,골목상권,3111059,강동역 4번(강풀만화거리),774,420,354,3,87,144,177,164,199,1,47,73,92,91,116,2,40,71,85,73,83
20202,A,골목상권,3111067,강동구립성내도서관,746,414,332,2,73,149,192,177,153,1,36,98,107,84,88,1,37,51,85,93,65
20202,A,골목상권,3110005,세검정,1057,542,515,6,132,305,306,202,106,2,40,143,167,124,66,4,92,162,139,78,40
20202,A,골목상권,3110008,배화여자대학교(박노수미술관),507,350,157,1,50,79,121,161,95,0,15,45,93,121,76,1,35,34,28,40,19
20202,A,골목상권,3110035,동묘앞역 2번,276,161,115,2,18,43,75,88,50,0,5,18,42,65,31,2,13,25,33,23,19
20202,A,골목상권,3110027,혜화역 1번,598,358,240,1,67,108,127,97,198,0,25,70,64,54,145,1,42,38,63,43,53
20202,D,발달상권,3120015,종로6가,302,153,149,0,49,64,69,65,55,0,17,23,27,42,44,0,32,41,42,23,11
20202,R,전통시장,3130011,충신시장,88,44,44,0,19,19,20,17,13,0,7,11,8,8,10,0,12,8,12,9,3
20202,A,골목상권,3110030,동대문역 3번,7,3,4,0,2,2,2,1,0,0,0,2,1,0,0,0,2,0,1,1,0
20202,A,골목상권,3110015,청와대사랑채,578,345,233,0,64,147,166,126,75,0,16,63,110,91,65,0,48,84,56,35,10
20202,A,골목상권,3110011,청운초등학교,263,188,75,0,21,105,79,43,15,0,21,95,44,16,12,0,0,10,35,27,3
20202,A,골목상권,3110024,혜회동주민센터,928,263,665,0,135,264,294,184,51,0,17,64,90,55,37,0,118,200,204,129,14
20202,D,발달상권,3120032,충무로역,10818,5021,5797,35,1541,2434,3139,2621,1048,15,532,1200,1480,1142,652,20,1009,1234,1659,1479,396
20202,A,골목상권,3110045,동대문역사문화공원역 5번,234,174,60,0,24,54,64,55,37,0,11,38,46,47,32,0,13,16,18,8,5
20202,D,발달상권,3120031,을지로3가역,6147,3450,2697,9,699,1541,1643,1286,969,0,223,730,924,892,681,9,476,811,719,394,288
20202,R,전통시장,3130038,"평화시장(통일상가, 동화상가)",1000,670,330,3,116,301,291,198,91,0,63,167,223,150,67,3,53,134,68,48,24
20202,D,발달상권,3120020,시청역_1번,6561,4672,1889,29,1436,1964,1905,1013,214,17,728,1351,1643,776,157,12,708,613,262,237,57
20202,A,골목상권,3110043,충무초등학교,1202,670,532,12,212,307,331,223,117,7,97,155,169,152,90,5,115,152,162,71,27
20202,D,발달상권,3120018,중림동,2190,1368,822,2,393,736,598,295,166,2,207,425,357,238,139,0,186,311,241,57,27
20202,A,골목상권,3110057,황학코아루아파트,64,44,20,0,8,13,20,10,13,0,4,6,17,8,9,0,4,7,3,2,4
20202,A,골목상권,3110055,황학동벼룩시장,29,19,10,0,1,4,6,11,7,0,1,3,5,6,4,0,0,1,1,5,3
20202,A,골목상권,3110078,이촌동점보아파트,69,29,40,0,12,15,17,13,12,0,3,8,7,5,6,0,9,7,10,8,6
20202,A,골목상권,3110082,용산구청,1618,809,809,5,175,461,427,442,108,4,53,155,206,304,87,1,122,306,221,138,21
20202,D,발달상권,3120041,신용산역(용산역),20372,8281,12091,72,4418,6743,5760,2509,870,25,1460,2533,2359,1337,567,47,2958,4210,3401,1172,303
20202,A,골목상권,3110073,삼각지역 3번,7975,2387,5588,56,2508,2886,1913,505,107,25,861,919,424,119,39,31,1647,1967,1489,386,68
20202,A,골목상권,3110076,삼각지역 14번,537,175,362,0,46,143,158,153,37,0,11,49,61,45,9,0,35,94,97,108,28
20202,A,골목상권,3110099,유엔빌리지길,12646,10311,2335,33,1746,2596,3298,4558,415,25,904,1899,2859,4264,360,8,842,697,439,294,55
20202,A,골목상권,3110588,한겨레신문사,169,92,77,0,34,44,41,33,17,0,14,22,20,21,15,0,20,22,21,12,2
20202,R,전통시장,3130059,후암시장,64,40,24,0,6,12,16,11,19,0,4,5,10,7,14,0,2,7,6,4,5
20202,R,전통시장,3130064,금남시장,36,13,23,0,6,7,8,4,11,0,1,0,5,2,5,0,5,7,3,2,6
20202,A,골목상권,3110107,금호사거리,37,30,7,0,4,8,4,11,10,0,3,5,4,9,9,0,1,3,0,2,1
20202,A,골목상권,3110117,성동구보건소,103,73,30,1,14,27,19,33,9,1,10,20,11,25,6,0,4,7,8,8,3
20202,D,발달상권,3120050,서울숲역,212,159,53,0,33,40,60,52,27,0,19,30,47,41,22,0,14,10,13,11,5
20202,D,발달상권,3120052,성수역,11387,7284,4103,23,2113,2900,2661,2238,1452,12,1170,1971,1783,1298,1050,11,943,929,878,940,402
20202,R,전통시장,3130067,왕십리도선동상점가,1670,335,1335,3,166,202,291,591,417,1,78,98,69,49,40,2,88,104,222,542,377
20202,D,발달상권,3120066,장한평역(장한평),7424,4770,2654,43,1531,1839,1491,1235,1285,10,739,1202,991,818,1010,33,792,637,500,417,275
20202,A,골목상권,3110113,응봉산,77,43,34,0,14,15,14,16,18,0,4,11,7,6,15,0,10,4,7,10,3
20202,A,골목상권,3110112,행당역 2번,207,101,106,0,37,37,38,53,42,0,14,19,16,26,26,0,23,18,22,27,16
20202,A,골목상권,3110169,성동초등학교,253,139,114,1,28,41,73,68,42,0,15,21,36,39,28,1,13,20,37,29,14
20202,A,골목상권,3110156,군자역 5번,621,363,258,0,96,181,173,112,59,0,41,114,101,67,40,0,55,67,72,45,19
20202,A,골목상권,3110157,자양동우체국,1097,891,206,10,352,279,244,141,71,7,300,237,180,106,61,3,52,42,64,35,10
20202,A,골목상권,3110163,성자초등학교,284,143,141,0,39,46,67,77,55,0,14,27,32,31,39,0,25,19,35,46,16
20202,A,골목상권,3110168,대원고등학교,524,374,150,0,64,95,121,160,84,0,36,69,87,110,72,0,28,26,34,50,12
20202,A,골목상권,3110212,답십리초등학교,204,144,60,0,26,37,42,67,32,0,18,26,27,50,23,0,8,11,15,17,9
20202,A,골목상권,3110187,제기동역 6번,3124,2222,902,15,559,867,746,552,385,7,387,605,531,394,298,8,172,262,215,158,87
20202,A,골목상권,3110229,장평중학교,1332,862,470,0,145,164,190,318,515,0,81,103,125,211,342,0,64,61,65,107,173
20202,A,골목상권,3110231,장안교,11,8,3,0,0,1,4,5,1,0,0,1,3,4,0,0,0,0,1,1,1
20202,R,전통시장,3130088,경동시장,126,57,69,0,18,32,24,17,35,0,3,11,11,10,22,0,15,21,13,7,13
20202,A,골목상권,3110194,홍파초등학교,112,85,27,0,6,32,24,36,14,0,4,20,20,31,10,0,2,12,4,5,4
20202,A,골목상권,3110203,떡전교사거리,99,63,36,1,9,15,32,29,13,1,0,7,26,20,9,0,9,8,6,9,4
20202,A,골목상권,3110278,망우본동주민센터,276,166,110,1,32,46,77,81,39,0,10,25,43,56,32,1,22,21,34,25,7
20202,R,전통시장,3130106,중랑동부시장,166,56,110,1,20,40,34,39,32,0,1,8,7,21,19,1,19,32,27,18,13
20202,A,골목상권,3110246,월드순복음교회,431,312,119,0,27,97,158,95,54,0,12,69,122,65,44,0,15,28,36,30,10
20202,A,골목상권,3110261,사가정역 4번,167,90,77,1,16,29,49,50,22,1,8,15,25,26,15,0,8,14,24,24,7
20202,A,골목상권,3110242,면목5동주민센터,164,112,52,0,21,28,56,30,29,0,12,23,31,22,24,0,9,5,25,8,5
20202,A,골목상권,3110241,먹골역 5번,415,213,202,0,61,87,97,117,53,0,17,49,46,63,38,0,44,38,51,54,15
20202,D,발달상권,3120069,상봉역,1012,728,284,3,69,146,222,270,302,1,40,71,131,216,269,2,29,75,91,54,33
20202,A,골목상권,3110233,중랑역 1번,142,46,96,1,23,27,50,35,6,1,6,7,16,11,5,0,17,20,34,24,1
20202,A,골목상권,3110281,길상사,13818,12089,1729,12,1418,3093,4061,4964,270,1,960,2426,3678,4823,201,11,458,667,383,141,69
20202,A,골목상권,3110309,대광초등학교,376,266,110,0,38,63,108,103,64,0,19,44,71,78,54,0,19,19,37,25,10
20202,A,골목상권,3110318,KT월곡지사,148,78,70,0,21,29,45,36,17,0,10,19,22,14,13,0,11,10,23,22,4
20202,A,골목상권,3110379,KT&G 북부지사,12,3,9,1,1,1,3,3,3,0,0,0,1,1,1,1,1,1,2,2,2
20202,A,골목상권,3110373,수유역 2번,891,705,186,0,129,255,172,236,99,0,90,208,134,205,68,0,39,47,38,31,31
20202,R,전통시장,3130132,삼양골목시장(삼양시장),61,19,42,0,10,14,13,15,9,0,0,4,5,5,5,0,10,10,8,10,4
20202,A,골목상권,3110377,미아사거리역 3번,21,14,7,0,2,2,2,9,6,0,2,2,1,4,5,0,0,0,1,5,1
20202,A,골목상권,3110345,솔밭공원역 2번,114,47,67,1,14,18,26,37,18,0,3,6,8,17,13,1,11,12,18,20,5
20202,A,골목상권,3110342,국립재활원,60,45,15,0,5,11,20,15,9,0,3,8,14,13,7,0,2,3,6,2,2
20202,A,골목상권,3110348,강북문화예술회관,343,174,169,0,27,59,108,96,53,0,4,31,63,43,33,0,23,28,45,53,20
20202,A,골목상권,3110338,인수초등학교,263,192,71,0,34,67,61,63,38,0,18,49,44,48,33,0,16,18,17,15,5
20202,A,골목상권,3110402,도봉구 정병원,471,221,250,1,85,98,98,106,83,0,24,38,54,59,46,1,61,60,44,47,37
20202,A,골목상권,3110383,덕성여대시반거리,33,21,12,0,0,3,13,10,7,0,0,2,9,5,5,0,0,1,4,5,2
20202,R,전통시장,3130145,쌍문역둘리상점가,244,202,42,0,39,44,77,62,22,0,28,35,65,56,18,0,11,9,12,6,4
20202,A,골목상권,3110392,발바닥공원,43,17,26,0,2,8,7,10,16,0,0,0,3,3,11,0,2,8,4,7,5
20202,A,골목상권,3110416,노원초등학교,468,244,224,4,61,110,118,126,49,2,24,73,58,58,29,2,37,37,60,68,20
20202,A,골목상권,3110428,상계5동주민센터,491,217,274,1,43,52,106,158,131,0,14,25,45,70,63,1,29,27,61,88,68
20202,D,발달상권,3120080,마들역,180,46,134,0,30,45,46,36,23,0,2,7,9,13,15,0,28,38,37,23,8
20202,A,골목상권,3110464,연신내역 5번,301,170,131,4,32,53,93,85,34,4,18,28,44,49,27,0,14,25,49,36,7
20202,A,골목상권,3110457,예일여고,482,283,199,1,60,88,88,132,113,0,27,46,47,71,92,1,33,42,41,61,21
20202,D,발달상권,3120091,본서부병원,516,192,324,1,51,69,119,165,111,0,20,28,51,55,38,1,31,41,68,110,73
20202,A,골목상권,3110485,연신내우체국,1259,678,581,0,7,24,35,160,1033,0,4,5,15,70,584,0,3,19,20,90,449
20202,A,골목상권,3110488,우리은행응암동지점,174,104,70,1,14,24,41,38,56,0,8,16,19,15,46,1,6,8,22,23,10
20202,R,전통시장,3130163,응암오거리상점가,182,49,133,0,24,28,44,50,36,0,4,8,11,12,14,0,20,20,33,38,22
20202,A,골목상권,3110449,증산역 3번,709,410,299,0,104,160,182,147,116,0,47,98,96,84,85,0,57,62,86,63,31
20202,D,발달상권,3120094,"신촌역(신촌역, 신촌로터리)",5328,2411,2917,67,2381,1182,676,592,430,23,994,579,296,278,241,44,1387,603,380,314,189
20202,R,전통시장,3130175,신촌 상인회(신촌상점가),13,5,8,0,1,3,5,4,0,0,1,0,1,3,0,0,0,3,4,1,0
20202,D,발달상권,3120097,충정로역,2246,1354,892,0,321,658,631,407,229,0,172,390,397,254,141,0,149,268,234,153,88
20202,R,전통시장,3130176,유진상가,38,23,15,0,20,16,1,1,0,0,9,13,1,0,0,0,11,3,0,1,0
20202,A,골목상권,3110523,홍제성원아파트,21,9,12,0,0,4,5,7,5,0,0,0,2,5,2,0,0,4,3,2,3
20203,A,골목상권,3110065,남정초등학교,137,92,45,0,17,45,48,17,10,0,9,37,31,10,5,0,8,8,17,7,5
20203,A,골목상권,3110579,마포역 4번,750,563,187,2,54,162,247,219,66,1,37,124,188,165,48,1,17,38,59,54,18
20203,D,발달상권,3120046,이태원(이태원역),2285,1299,986,24,818,684,339,224,196,15,389,422,205,137,131,9,429,262,134,87,65
20203,D,발달상권,3120044,삼각지역,1905,1415,490,5,357,534,461,374,174,5,220,403,384,278,125,0,137,131,77,96,49
20203,A,골목상권,3110123,마장역 3번,511,382,129,0,42,56,91,185,137,0,21,36,63,141,121,0,21,20,28,44,16
20203,A,골목상권,3110121,한양대역 4번,45,30,15,0,3,10,8,11,13,0,2,5,5,7,11,0,1,5,3,4,2
20203,D,발달상권,3120049,왕십리역(왕십리),1459,1004,455,1,183,301,377,468,129,1,92,187,272,371,81,0,91,114,105,97,48
20203,A,골목상권,3110127,성수1가1동주민센터,290,157,133,0,31,55,56,100,48,0,11,40,31,47,28,0,20,15,25,53,20
20203,D,발달상권,3120051,뚝섬역,3944,2582,1362,20,703,946,867,651,757,15,446,646,549,445,481,5,257,300,318,206,276
20203,R,전통시장,3130071,성수역 골목형상점가,335,180,155,1,61,89,70,43,71,0,27,43,43,29,38,1,34,46,27,14,33
20203,A,골목상권,3110114,왕십리파출소,33,19,14,0,3,2,8,14,6,0,1,1,4,8,5,0,2,1,4,6,1
20203,A,골목상권,3110174,아차산역 1번,432,305,127,1,49,80,115,104,83,1,25,57,76,69,77,0,24,23,39,35,6
20203,A,골목상권,3110140,건대입구역 6번,429,268,161,6,37,67,113,120,86,5,17,34,65,83,64,1,20,33,48,37,22
20203,A,골목상권,3110152,중곡어린이공원,340,300,40,0,17,29,64,121,109,0,10,21,55,109,105,0,7,8,9,12,4
20203,A,골목상권,3110161,중곡역 3번,236,135,101,3,11,33,58,65,66,0,2,16,37,40,40,3,9,17,21,25,26
20203,R,전통시장,3130084,신성시장(신성골목시장),21,6,15,0,3,5,8,4,1,0,0,1,2,2,1,0,3,4,6,2,0
20203,A,골목상권,3110141,건대입구역 1번,213,138,75,1,23,49,67,48,25,1,11,27,51,32,16,0,12,22,16,16,9
20203,A,골목상권,3110144,어린이대공원역 4번,104,49,55,0,35,17,21,19,12,0,9,10,11,10,9,0,26,7,10,9,3
20203,R,전통시장,3130097,답십리 건축자재시장,291,188,103,1,16,42,42,36,154,0,7,34,23,19,105,1,9,8,19,17,49
20203,A,골목상권,3110209,답십리 장령당공원,83,52,31,0,3,11,28,19,22,0,1,5,16,15,15,0,2,6,12,4,7
20203,R,전통시장,3130101,답십리현대시장,8,5,3,0,0,1,3,2,2,0,0,1,1,2,1,0,0,0,2,0,1
20203,A,골목상권,3110186,종암초등학교,114,86,28,0,9,21,16,34,34,0,3,18,10,26,29,0,6,3,6,8,5
20203,A,골목상권,3110221,의릉,95,69,26,0,10,12,36,29,8,0,6,10,24,22,7,0,4,2,12,7,1
20203,A,골목상권,3110202,전농1동주민센터(전농시장),111,68,43,0,14,35,31,20,11,0,9,19,21,14,5,0,5,16,10,6,6
20203,A,골목상권,3110206,텃골근린공원,92,37,55,0,8,14,25,24,21,0,4,7,8,8,10,0,4,7,17,16,11
20203,R,전통시장,3130094,청량리청과물시장,54,24,30,0,7,13,17,7,10,0,0,4,10,2,8,0,7,9,7,5,2
20203,R,전통시장,3130095,청량리전통시장,95,38,57,0,6,16,18,33,22,0,4,6,9,10,9,0,2,10,9,23,13
20203,A,골목상권,3110199,홍릉시장,65,41,24,0,11,15,18,14,7,0,8,8,10,9,6,0,3,7,8,5,1
20203,A,골목상권,3110219,삼육보건대학교,251,146,105,0,18,42,70,81,40,0,11,20,32,52,31,0,7,22,38,29,9
20203,A,골목상권,3110268,망우3동주민센터,60,30,30,0,10,13,10,18,9,0,1,5,7,10,7,0,9,8,3,8,2
20203,R,전통시장,3130114,유영시장,31,20,11,0,9,5,3,8,6,0,7,2,2,5,4,0,2,3,1,3,2
20203,A,골목상권,3110237,메가박스 상봉,274,152,122,0,30,67,97,54,26,0,13,37,48,36,18,0,17,30,49,18,8
20203,A,골목상권,3110258,면동초등학교,260,99,161,0,32,49,79,66,34,0,1,20,28,34,16,0,31,29,51,32,18
20203,A,골목상권,3110254,오거리공원,259,90,169,1,19,75,79,53,32,0,6,15,35,22,12,1,13,60,44,31,20
20203,A,골목상권,3110264,면목역 2번,358,170,188,1,52,75,93,80,57,0,21,40,40,37,32,1,31,35,53,43,25
20203,A,골목상권,3110248,먹골파출소,85,47,38,1,19,23,20,12,10,0,7,14,12,4,10,1,12,9,8,8,0
20203,A,골목상권,3110279,신내역 2번,9,8,1,0,0,1,4,4,0,0,0,1,3,4,0,0,0,0,1,0,0
20203,A,골목상권,3110245,KB국민은행 중화동지점,156,81,75,0,8,36,52,40,20,0,5,16,26,19,15,0,3,20,26,21,5
20203,R,전통시장,3130108,태능엔터피아(태릉시장),3,1,2,0,0,0,1,2,0,0,0,0,0,1,0,0,0,0,1,1,0
20203,A,골목상권,3110308,길음역 8번,174,85,89,0,17,36,56,41,24,0,8,17,26,20,14,0,9,19,30,21,10
20203,D,발달상권,3120073,미아사거리,353,135,218,3,40,67,95,95,53,2,16,29,45,23,20,1,24,38,50,72,33
20203,A,골목상권,3110300,삼선동주민센터,2735,1587,1148,3,248,710,769,844,161,2,97,300,444,629,115,1,151,410,325,215,46
20203,D,발달상권,3120072,성신여대,1048,537,511,18,137,211,213,271,198,11,46,86,103,152,139,7,91,125,110,119,59
20203,A,골목상권,3110301,성신여대입구역 7번,484,209,275,1,73,84,96,134,96,0,31,37,39,62,40,1,42,47,57,72,56
20203,R,전통시장,3130120,돈암시장(돈암제일시장),99,23,76,1,20,20,25,18,15,0,0,2,7,8,6,1,20,18,18,10,9
20203,A,골목상권,3110328,상월곡역 3번,235,157,78,1,38,75,62,37,22,1,26,58,33,24,15,0,12,17,29,13,7
20203,R,전통시장,3130126,새석관시장,13,8,5,0,1,4,2,5,1,0,0,3,1,3,1,0,1,1,1,2,0
20203,R,전통시장,3130128,돌곶이시장(석관황금시장),191,157,34,0,30,36,41,72,12,0,28,26,29,62,12,0,2,10,12,10,0
20203,A,골목상권,3110323,상월곡역 1번,109,30,79,2,25,24,28,18,12,0,4,5,11,5,5,2,21,19,17,13,7
20203,A,골목상권,3110325,장곡초등학교,57,18,39,0,0,14,20,17,6,0,0,3,7,4,4,0,0,11,13,13,2
20203,A,골목상권,3110329,우리은행체육관,34,27,7,1,1,5,6,14,7,1,0,5,5,10,6,0,1,0,1,4,1
20203,A,골목상권,3110418,광운대학교 남단,100,45,55,0,11,17,23,26,23,0,5,5,13,16,6,0,6,12,10,10,17
20203,A,골목상권,3110292,정릉역 2번,33,14,19,0,1,5,16,6,5,0,1,3,5,3,2,0,0,2,11,3,3
20203,A,골목상권,3110289,북한산보국문역 2번,144,105,39,0,9,28,49,32,26,0,6,23,30,24,22,0,3,5,19,8,4
20203,A,골목상권,3110320,KB국민은행 종암동지점,79,51,28,0,2,11,27,24,15,0,1,5,15,17,13,0,1,6,12,7,2
20203,A,골목상권,3110369,성신여대운정그린캠퍼스,518,214,304,1,49,46,131,131,160,1,10,16,44,53,90,0,39,30,87,78,70
20203,A,골목상권,3110376,수송초등학교,224,142,82,0,26,47,62,60,29,0,12,29,38,41,22,0,14,18,24,19,7
20203,R,전통시장,3130143,방천골목시장,65,36,29,0,11,7,19,24,4,0,6,5,9,13,3,0,5,2,10,11,1
20203,R,전통시장,3130140,숭인시장,62,27,35,0,9,13,10,15,15,0,0,4,1,9,13,0,9,9,9,6,2
20203,A,골목상권,3110362,우이천 계성교,205,110,95,1,24,34,61,63,22,0,11,19,28,35,17,1,13,15,33,28,5
20203,A,골목상권,3110356,덕수교,228,114,114,0,13,34,55,60,66,0,4,17,22,30,41,0,9,17,33,30,25
20203,R,전통시장,3130139,강북종합전통시장(강북종합골목시장),166,114,52,0,16,45,61,28,16,0,11,33,42,19,9,0,5,12,19,9,7
20203,A,골목상권,3110343,무너미어린이공원,100,74,26,0,7,21,28,32,12,0,4,14,22,25,9,0,3,7,6,7,3
20203,A,골목상권,3110351,수유북부시장옆,214,93,121,0,27,45,51,59,32,0,9,17,20,25,22,0,18,28,31,34,10
20203,A,골목상권,3110413,누원고등학교,54,33,21,0,8,11,12,11,12,0,5,8,5,5,10,0,3,3,7,6,2
20203,A,골목상권,3110382,솔밭공원역 1번,32,25,7,0,1,9,8,7,7,0,0,5,6,7,7,0,1,4,2,0,0
20203,R,전통시장,3130149,창동신창시장,116,51,65,0,5,24,35,31,21,0,2,10,17,10,12,0,3,14,18,21,9
20203,R,전통시장,3130159,공릉동 도깨비시장,101,47,54,0,12,22,24,26,17,0,4,8,9,15,11,0,8,14,15,11,6
20203,A,골목상권,3110422,노원역 9번,277,221,56,0,27,70,94,54,32,0,24,59,79,37,22,0,3,11,15,17,10
20203,D,발달상권,3120082,상계백병원,389,127,262,0,81,95,109,69,35,0,19,18,34,38,18,0,62,77,75,31,17
20203,A,골목상권,3110417,월계역 3번,19,10,9,0,10,6,0,3,0,0,3,5,0,2,0,0,7,1,0,1,0
20203,D,발달상권,3120083,등나무근린공원,1184,787,397,0,166,325,271,283,139,0,114,228,171,179,95,0,52,97,100,104,44
20203,R,전통시장,3130155,시영B상가(중계 그린아파트 B 상가),3,2,1,0,0,1,0,2,0,0,0,1,0,1,0,0,0,0,0,1,0
20203,A,골목상권,3110430,중계초등학교,275,100,175,0,18,28,58,96,75,0,8,7,19,25,41,0,10,21,39,71,34
20203,A,골목상권,3110441,영신여고,138,72,66,0,12,28,33,41,24,0,7,20,15,21,9,0,5,8,18,20,15
20203,A,골목상권,3110427,노원 을지대학교병원,363,281,82,0,27,27,62,126,121,0,12,14,31,109,115,0,15,13,31,17,6
20203,A,골목상권,3110477,은평세무서,434,205,229,0,43,62,106,141,82,0,15,23,49,71,47,0,28,39,57,70,35
20203,A,골목상권,3110476,역촌역 2번,56,26,30,0,2,8,22,17,7,0,1,3,9,7,6,0,1,5,13,10,1
20203,R,전통시장,3130169,대조시장,67,31,36,0,5,11,21,23,7,0,1,3,11,11,5,0,4,8,10,12,2
20203,R,전통시장,3130171,불광먹자골목 골목형상점가,155,54,101,0,18,31,24,37,45,0,4,9,11,16,14,0,14,22,13,21,31
20203,R,전통시장,3130160,수일시장,7,2,5,0,0,2,1,2,2,0,0,0,0,1,1,0,0,2,1,1,1
20203,A,골목상권,3110499,연가초등학교,263,119,144,0,42,42,74,65,40,0,8,20,31,35,25,0,34,22,43,30,15
20203,A,골목상권,3110503,명지대학교교회,230,123,107,0,27,52,59,64,28,0,9,30,26,36,22,0,18,22,33,28,6
20203,A,골목상권,3110533,충정로역 7번,22,11,11,0,5,5,3,5,4,0,0,2,2,4,3,0,5,3,1,1,1
20203,A,골목상권,3110537,충정로현대아파트,1514,848,666,1,362,525,328,177,121,0,150,263,215,134,86,1,212,262,113,43,35
20203,A,골목상권,3110522,홍제역 3번,46,12,34,0,14,7,12,6,7,0,2,2,2,2,4,0,12,5,10,4,3
20203,R,전통시장,3130196,공덕시장,3948,2001,1947,52,1323,1296,891,287,99,28,467,646,599,181,80,24,856,650,292,106,19
20203,A,골목상권,3110541,동교초등학교,377,221,156,0,43,59,101,96,78,0,23,37,63,50,48,0,20,22,38,46,30
20203,R,전통시장,3130190,홍대소상공인상점가,150,77,73,1,55,35,30,18,11,0,18,22,18,10,9,1,37,13,12,8,2
20203,D,발달상권,3120102,서교동(홍대),7276,3402,3874,18,1521,2551,1814,899,473,11,496,1065,913,566,351,7,1025,1486,901,333,122
20203,A,골목상권,3110555,홍익지구대,284,147,137,1,49,53,55,37,89,0,14,28,31,16,58,1,35,25,24,21,31
20203,A,골목상권,3110558,경성고등학교,2362,1593,769,11,308,568,571,513,391,10,153,351,408,384,287,1,155,217,163,129,104
20203,R,전통시장,3130184,마포농수산물시장,77,40,37,0,2,12,24,26,13,0,1,8,12,14,5,0,1,4,12,12,8
20203,A,골목상권,3110571,신수동주민센터,635,358,277,5,109,159,187,126,49,5,57,88,98,74,36,0,52,71,89,52,13
20203,A,골목상권,3110628,신목동역,469,307,162,0,52,85,114,113,105,0,28,56,79,85,59,0,24,29,35,28,46
20203,R,전통시장,3130210,목2동시장,432,251,181,1,66,124,122,71,48,1,40,69,70,39,32,0,26,55,52,32,16
20203,D,발달상권,3120108,신정네거리역,992,580,412,2,93,215,220,242,220,1,28,110,112,160,169,1,65,105,108,82,51
20203,A,골목상권,3110627,신정롯데캐슬아파트,548,318,230,24,129,136,102,93,64,13,69,81,62,49,44,11,60,55,40,44,20
20203,R,전통시장,3130206,신정3동 골목시장,20,6,14,0,0,5,11,2,2,0,0,0,3,1,2,0,0,5,8,1,0
20203,A,골목상권,3110612,신정역 5번,644,303,341,1,85,88,143,197,130,0,44,62,74,70,53,1,41,26,69,127,77
20203,A,골목상권,3110629,송정역 4번,190,107,83,0,26,52,54,35,23,0,9,34,28,24,12,0,17,18,26,11,11
20203,R,전통시장,3130220,등마루시장,491,167,324,5,44,61,71,166,144,3,16,29,38,34,47,2,28,32,33,132,97
20203,D,발달상권,3120115,김포공항역(김포공항),23,12,11,0,6,9,4,4,0,0,2,4,3,3,0,0,4,5,1,1,0
20203,A,골목상권,3110679,염창역 2번,574,404,170,3,89,206,152,80,44,2,49,148,111,58,36,1,40,58,41,22,8
20203,A,골목상권,3110649,우장산역 1번,358,191,167,0,41,91,82,93,51,0,12,49,38,59,33,0,29,42,44,34,18
20203,A,골목상권,3110670,신곡초등학교,489,320,169,6,79,118,121,90,75,3,45,77,71,59,65,3,34,41,50,31,10
20203,A,골목상권,3110666,KC대학교,176,60,116,0,19,35,52,57,13,0,10,10,20,13,7,0,9,25,32,44,6
20203,A,골목상권,3110669,화곡보람2차아파트,13,3,10,0,0,2,4,2,5,0,0,1,2,0,0,0,0,1,2,2,5
20203,A,골목상권,3110700,고척초등학교,3249,2648,601,3,209,680,974,1176,207,2,119,533,803,1021,170,1,90,147,171,155,37
20203,D,발달상권,3120124,개봉동 현대아파트,461,205,256,0,63,89,119,82,108,0,18,26,49,43,69,0,45,63,70,39,39
20203,R,전통시장,3130228,구로시장,10,5,5,0,0,4,6,0,0,0,0,1,4,0,0,0,0,3,2,0,0
20203,D,발달상권,3120128,신도림역,1253,656,597,7,191,318,382,243,112,1,75,153,191,149,87,6,116,165,191,94,25
20203,A,골목상권,3110689,오류동역 3번,287,200,87,3,44,47,56,75,62,3,25,32,41,52,47,0,19,15,15,23,15
20203,A,골목상권,3110690,오류2동버들시장,577,275,302,1,101,192,133,94,56,0,39,104,64,36,32,1,62,88,69,58,24
20203,A,골목상권,3110725,가산동주민센터,85,59,26,0,6,20,22,20,17,0,3,15,16,12,13,0,3,5,6,8,4
20203,A,골목상권,3110735,말미고개,520,330,190,0,64,115,140,140,61,0,31,79,94,79,47,0,33,36,46,61,14
20203,R,전통시장,3130233,남문시장,76,47,29,0,5,8,18,22,23,0,2,3,9,12,21,0,3,5,9,10,2
20203,A,골목상권,3110736,독산119안전센터,461,199,262,0,46,55,76,118,166,0,21,32,35,42,69,0,25,23,41,76,97
20203,A,골목상권,3110746,금천금빛공원(은행나무사거리서측),76,53,23,0,5,11,23,22,15,0,3,9,13,16,12,0,2,2,10,6,3
20203,R,전통시장,3130237,박미시장(기능상실),39,26,13,0,1,6,11,9,12,0,0,2,7,8,9,0,1,4,4,1,3
20203,A,골목상권,3110766,대림역 5번,360,205,155,0,30,82,85,99,64,0,15,54,42,56,38,0,15,28,43,43,26
20203,A,골목상권,3110777,구로세무서,282,210,72,0,36,41,47,83,75,0,13,30,32,66,69,0,23,11,15,17,6
20203,R,전통시장,3130255,영등포전통시장,45,29,16,0,1,7,5,10,22,0,1,5,3,4,16,0,0,2,2,6,6
20203,A,골목상권,3110788,영등포시장역 3번,28,22,6,0,4,5,7,9,3,0,3,5,6,6,2,0,1,0,1,3,1
20203,A,골목상권,3110783,영등포시장역 1번,292,154,138,1,26,37,35,67,126,1,19,27,16,33,58,0,7,10,19,34,68
20203,A,골목상권,3110799,영등포본동주민센터,119,86,33,5,21,16,11,22,44,3,12,10,6,15,40,2,9,6,5,7,4
20203,R,전통시장,3130265,노량진중앙시장,115,82,33,0,17,48,34,8,8,0,12,42,23,3,2,0,5,6,11,5,6
20203,R,전통시장,3130263,신노량진시장(기능상실),13,4,9,0,0,3,4,6,0,0,0,0,1,3,0,0,0,3,3,3,0
20203,A,골목상권,3110821,보라매역 2번,599,356,243,0,73,109,142,137,138,0,34,65,80,89,88,0,39,44,62,48,50
20203,D,발달상권,3120155,총신대학교,107,54,53,0,13,27,24,25,18,0,7,8,13,14,12,0,6,19,11,11,6
20203,R,전통시장,3130268,상도전통시장,239,104,135,0,33,60,53,58,35,0,12,23,23,24,22,0,21,37,30,34,13
20203,A,골목상권,3110836,상도역 5번,3057,1846,1211,9,550,798,701,647,352,2,238,486,453,447,220,7,312,312,248,200,132
20203,A,골목상권,3110840,중앙대학교,175,99,76,0,24,25,57,45,24,0,12,13,37,22,15,0,12,12,20,23,9
20203,A,골목상권,3110878,미림여고,368,218,150,3,43,114,101,78,29,0,19,63,68,43,25,3,24,51,33,35,4
20203,A,골목상권,3110861,관악구신사동주민센터,1168,598,570,1,215,376,261,204,111,1,71,194,161,101,70,0,144,182,100,103,41
20203,A,골목상권,3110893,관악소방서(문영여고),353,303,50,0,39,110,66,113,25,0,29,96,57,99,22,0,10,14,9,14,3
20203,A,골목상권,3110890,봉천역 1번(관악초등학교),249,148,101,1,17,43,92,67,29,0,4,22,58,43,21,1,13,21,34,24,8
20203,R,전통시장,3130294,관악중부시장,102,40,62,1,5,10,22,39,25,0,2,3,7,16,12,1,3,7,15,23,13
20203,D,발달상권,3120166,방배역,5465,3280,2185,90,1234,1594,1033,699,815,26,523,920,713,451,647,64,711,674,320,248,168
20203,D,발달상권,3120164,내방역,8579,5975,2604,56,1923,2822,1862,1129,787,48,1160,1998,1383,799,587,8,763,824,479,330,200
20203,D,발달상권,3120162,방배동카페골목,1253,717,536,61,207,200,219,215,351,57,126,142,110,93,189,4,81,58,109,122,162
20203,D,발달상권,3120169,서초역,15771,7185,8586,70,3824,4195,3945,2657,1080,30,1313,1990,1801,1235,816,40,2511,2205,2144,1422,264
20203,A,골목상권,3110936,더케이호텔(양재리본타워2단지아파트),832,552,280,3,109,260,215,175,70,0,53,154,159,131,55,3,56,106,56,44,15
20203,A,골목상권,3110940,양재근린공원(양재2동주민센터),956,699,257,8,168,323,238,137,82,8,109,243,178,97,64,0,59,80,60,40,18
20203,D,발달상권,3120178,신사역,11093,6014,5079,34,2556,2878,2400,1866,1359,13,875,1596,1501,1005,1024,21,1681,1282,899,861,335
20203,A,골목상권,3110993,개포지하차도 북측,70,53,17,0,3,9,19,23,16,0,2,7,16,18,10,0,1,2,3,5,6
20203,A,골목상권,3110983,국립국악고등학교,783,534,249,6,126,212,125,145,169,2,44,137,94,111,146,4,82,75,31,34,23
20203,A,골목상권,3110950,논현역 7번,2981,1929,1052,1,829,1305,518,230,98,0,418,886,383,173,69,1,411,419,135,57,29
20203,D,발달상권,3120199,경복아파트교차로,3427,2023,1404,9,720,1059,682,508,449,3,273,627,441,345,334,6,447,432,241,163,115
20203,D,발달상권,3120212,한티역,753,394,359,1,118,182,201,143,108,1,37,87,119,80,70,0,81,95,82,63,38
20203,D,발달상권,3120211,도성초등학교,984,516,468,7,180,282,189,161,165,3,68,120,112,117,96,4,112,162,77,44,69
20203,A,골목상권,3110960,은광여고,1601,749,852,5,219,282,389,522,184,4,60,131,203,227,124,1,159,151,186,295,60
20203,A,골목상권,3110964,싸리고개근린공원,217,124,93,0,29,60,59,34,35,0,8,32,36,23,25,0,21,28,23,11,10
20203,U,관광특구,3001496,강남 마이스 관광특구,15904,8904,7000,59,3513,6185,4248,1596,303,25,1160,3361,2887,1246,225,34,2353,2824,1361,350,78
20203,A,골목상권,3110995,봉은사역 4번,5085,3711,1374,9,978,2002,1271,637,188,2,575,1477,990,523,144,7,403,525,281,114,44
20203,A,골목상권,3110998,은곡마을(은곡마을공원),17,11,6,0,2,6,4,3,2,0,0,4,3,3,1,0,2,2,1,0,1
20203,A,골목상권,3111001,아래방죽마을공원(율현초등학교),58,43,15,0,2,9,14,18,15,0,1,7,12,13,10,0,1,2,2,5,5
20203,A,골목상권,3110949,한남IC,1683,1193,490,5,288,565,435,305,85,2,112,398,347,261,73,3,176,167,88,44,12
20203,A,골목상권,3110959,신구중학교,271,140,131,0,14,66,82,79,30,0,7,36,49,29,19,0,7,30,33,50,11
20203,A,골목상권,3110962,도산공원북측,53,27,26,0,20,11,10,8,4,0,11,7,6,3,0,0,9,4,4,5,4
20203,A,골목상권,3110954,국기원,636,445,191,0,89,142,187,94,124,0,35,97,161,74,78,0,54,45,26,20,46
20203,D,발달상권,3120204,르네상스호텔사거리,41471,20644,20827,102,8167,11056,10671,10081,1394,54,5016,7567,4988,2062,957,48,3151,3489,5683,8019,437
20203,A,골목상권,3110997,대청초등학교,1724,959,765,4,230,291,391,383,425,2,111,162,200,210,274,2,119,129,191,173,151
20203,A,골목상권,3110979,청담초등학교,3004,1918,1086,4,525,926,768,568,213,4,230,632,535,343,174,0,295,294,233,225,39
20203,A,골목상권,3111027,문정초등학교,1393,771,622,3,146,285,323,246,390,1,67,159,209,125,210,2,79,126,114,121,180
20203,A,골목상권,3111020,방이동고분군(방산고등학교),304,225,79,1,20,103,84,54,42,0,7,73,64,48,33,1,13,30,20,6,9
20203,R,전통시장,3130313,방이시장,3889,1825,2064,10,726,635,634,1135,749,8,362,409,357,377,312,2,364,226,277,758,437
20203,A,골목상권,3111005,삼전역 3번,1865,1358,507,0,320,617,459,302,167,0,215,449,339,222,133,0,105,168,120,80,34
20203,A,골목상권,3111037,Sh수협은행 오금동금융센터(아랫말어린이공원),373,243,130,0,37,103,90,93,50,0,25,84,60,43,31,0,12,19,30,50,19
20203,A,골목상권,3111032,방이역 1번,3878,2552,1326,4,235,340,599,718,1982,3,139,237,411,469,1293,1,96,103,188,249,689
20203,A,골목상권,3111081,둔촌푸르지오아파트,78,50,28,0,8,17,18,18,17,0,4,12,13,6,15,0,4,5,5,12,2
20203,A,골목상권,3111089,상일여고(상일초등학교),750,505,245,0,50,131,180,233,156,0,31,81,127,154,112,0,19,50,53,79,44
20203,A,골목상권,3111059,강동역 4번(강풀만화거리),774,420,354,3,87,144,177,164,199,1,47,73,92,91,116,2,40,71,85,73,83
20203,A,골목상권,3111067,강동구립성내도서관,746,414,332,2,73,149,192,177,153,1,36,98,107,84,88,1,37,51,85,93,65
20203,A,골목상권,3110005,세검정,1057,542,515,6,132,305,306,202,106,2,40,143,167,124,66,4,92,162,139,78,40
20203,A,골목상권,3110008,배화여자대학교(박노수미술관),507,350,157,1,50,79,121,161,95,0,15,45,93,121,76,1,35,34,28,40,19
20203,A,골목상권,3110035,동묘앞역 2번,276,161,115,2,18,43,75,88,50,0,5,18,42,65,31,2,13,25,33,23,19
20203,A,골목상권,3110027,혜화역 1번,598,358,240,1,67,108,127,97,198,0,25,70,64,54,145,1,42,38,63,43,53
20203,D,발달상권,3120015,종로6가,302,153,149,0,49,64,69,65,55,0,17,23,27,42,44,0,32,41,42,23,11
20203,R,전통시장,3130011,충신시장,88,44,44,0,19,19,20,17,13,0,7,11,8,8,10,0,12,8,12,9,3
20203,A,골목상권,3110030,동대문역 3번,7,3,4,0,2,2,2,1,0,0,0,2,1,0,0,0,2,0,1,1,0
20203,A,골목상권,3110015,청와대사랑채,578,345,233,0,64,147,166,126,75,0,16,63,110,91,65,0,48,84,56,35,10
20203,A,골목상권,3110011,청운초등학교,263,188,75,0,21,105,79,43,15,0,21,95,44,16,12,0,0,10,35,27,3
20203,A,골목상권,3110024,혜회동주민센터,928,263,665,0,135,264,294,184,51,0,17,64,90,55,37,0,118,200,204,129,14
20203,D,발달상권,3120032,충무로역,10818,5021,5797,35,1541,2434,3139,2621,1048,15,532,1200,1480,1142,652,20,1009,1234,1659,1479,396
20203,A,골목상권,3110045,동대문역사문화공원역 5번,234,174,60,0,24,54,64,55,37,0,11,38,46,47,32,0,13,16,18,8,5
20203,D,발달상권,3120031,을지로3가역,6147,3450,2697,9,699,1541,1643,1286,969,0,223,730,924,892,681,9,476,811,719,394,288
20203,R,전통시장,3130038,"평화시장(통일상가, 동화상가)",1000,670,330,3,116,301,291,198,91,0,63,167,223,150,67,3,53,134,68,48,24
20203,D,발달상권,3120020,시청역_1번,6561,4672,1889,29,1436,1964,1905,1013,214,17,728,1351,1643,776,157,12,708,613,262,237,57
20203,A,골목상권,3110043,충무초등학교,1202,670,532,12,212,307,331,223,117,7,97,155,169,152,90,5,115,152,162,71,27
20203,D,발달상권,3120018,중림동,2190,1368,822,2,393,736,598,295,166,2,207,425,357,238,139,0,186,311,241,57,27
20203,A,골목상권,3110057,황학코아루아파트,64,44,20,0,8,13,20,10,13,0,4,6,17,8,9,0,4,7,3,2,4
20203,A,골목상권,3110055,황학동벼룩시장,29,19,10,0,1,4,6,11,7,0,1,3,5,6,4,0,0,1,1,5,3
20203,A,골목상권,3110078,이촌동점보아파트,69,29,40,0,12,15,17,13,12,0,3,8,7,5,6,0,9,7,10,8,6
20203,A,골목상권,3110082,용산구청,1618,809,809,5,175,461,427,442,108,4,53,155,206,304,87,1,122,306,221,138,21
20203,D,발달상권,3120041,신용산역(용산역),20372,8281,12091,72,4418,6743,5760,2509,870,25,1460,2533,2359,1337,567,47,2958,4210,3401,1172,303
20203,A,골목상권,3110073,삼각지역 3번,7975,2387,5588,56,2508,2886,1913,505,107,25,861,919,424,119,39,31,1647,1967,1489,386,68
20203,A,골목상권,3110076,삼각지역 14번,537,175,362,0,46,143,158,153,37,0,11,49,61,45,9,0,35,94,97,108,28
20203,A,골목상권,3110099,유엔빌리지길,12646,10311,2335,33,1746,2596,3298,4558,415,25,904,1899,2859,4264,360,8,842,697,439,294,55
20203,A,골목상권,3110588,한겨레신문사,169,92,77,0,34,44,41,33,17,0,14,22,20,21,15,0,20,22,21,12,2
20203,R,전통시장,3130059,후암시장,64,40,24,0,6,12,16,11,19,0,4,5,10,7,14,0,2,7,6,4,5
20203,R,전통시장,3130064,금남시장,36,13,23,0,6,7,8,4,11,0,1,0,5,2,5,0,5,7,3,2,6
20203,A,골목상권,3110107,금호사거리,37,30,7,0,4,8,4,11,10,0,3,5,4,9,9,0,1,3,0,2,1
20203,A,골목상권,3110117,성동구보건소,103,73,30,1,14,27,19,33,9,1,10,20,11,25,6,0,4,7,8,8,3
20203,D,발달상권,3120050,서울숲역,212,159,53,0,33,40,60,52,27,0,19,30,47,41,22,0,14,10,13,11,5
20203,D,발달상권,3120052,성수역,11387,7284,4103,23,2113,2900,2661,2238,1452,12,1170,1971,1783,1298,1050,11,943,929,878,940,402
20203,R,전통시장,3130067,왕십리도선동상점가,1670,335,1335,3,166,202,291,591,417,1,78,98,69,49,40,2,88,104,222,542,377
20203,D,발달상권,3120066,장한평역(장한평),7424,4770,2654,43,1531,1839,1491,1235,1285,10,739,1202,991,818,1010,33,792,637,500,417,275
20203,A,골목상권,3110113,응봉산,77,43,34,0,14,15,14,16,18,0,4,11,7,6,15,0,10,4,7,10,3
20203,A,골목상권,3110112,행당역 2번,207,101,106,0,37,37,38,53,42,0,14,19,16,26,26,0,23,18,22,27,16
20203,A,골목상권,3110169,성동초등학교,253,139,114,1,28,41,73,68,42,0,15,21,36,39,28,1,13,20,37,29,14
20203,A,골목상권,3110156,군자역 5번,621,363,258,0,96,181,173,112,59,0,41,114,101,67,40,0,55,67,72,45,19
20203,A,골목상권,3110157,자양동우체국,1097,891,206,10,352,279,244,141,71,7,300,237,180,106,61,3,52,42,64,35,10
20203,A,골목상권,3110163,성자초등학교,284,143,141,0,39,46,67,77,55,0,14,27,32,31,39,0,25,19,35,46,16
20203,A,골목상권,3110168,대원고등학교,524,374,150,0,64,95,121,160,84,0,36,69,87,110,72,0,28,26,34,50,12
20203,A,골목상권,3110212,답십리초등학교,204,144,60,0,26,37,42,67,32,0,18,26,27,50,23,0,8,11,15,17,9
20203,A,골목상권,3110187,제기동역 6번,3124,2222,902,15,559,867,746,552,385,7,387,605,531,394,298,8,172,262,215,158,87
20203,A,골목상권,3110229,장평중학교,1332,862,470,0,145,164,190,318,515,0,81,103,125,211,342,0,64,61,65,107,173
20203,A,골목상권,3110231,장안교,11,8,3,0,0,1,4,5,1,0,0,1,3,4,0,0,0,0,1,1,1
20203,R,전통시장,3130088,경동시장,126,57,69,0,18,32,24,17,35,0,3,11,11,10,22,0,15,21,13,7,13
20203,A,골목상권,3110194,홍파초등학교,112,85,27,0,6,32,24,36,14,0,4,20,20,31,10,0,2,12,4,5,4
20203,A,골목상권,3110203,떡전교사거리,99,63,36,1,9,15,32,29,13,1,0,7,26,20,9,0,9,8,6,9,4
20203,A,골목상권,3110278,망우본동주민센터,276,166,110,1,32,46,77,81,39,0,10,25,43,56,32,1,22,21,34,25,7
20203,R,전통시장,3130106,중랑동부시장,166,56,110,1,20,40,34,39,32,0,1,8,7,21,19,1,19,32,27,18,13
20203,A,골목상권,3110246,월드순복음교회,431,312,119,0,27,97,158,95,54,0,12,69,122,65,44,0,15,28,36,30,10
20203,A,골목상권,3110261,사가정역 4번,167,90,77,1,16,29,49,50,22,1,8,15,25,26,15,0,8,14,24,24,7
20203,A,골목상권,3110242,면목5동주민센터,164,112,52,0,21,28,56,30,29,0,12,23,31,22,24,0,9,5,25,8,5
20204,A,골목상권,3110248,먹골파출소,85,47,38,1,19,23,20,12,10,0,7,14,12,4,10,1,12,9,8,8,0
20204,A,골목상권,3110279,신내역 2번,9,8,1,0,0,1,4,4,0,0,0,1,3,4,0,0,0,0,1,0,0
20204,A,골목상권,3110245,KB국민은행 중화동지점,156,81,75,0,8,36,52,40,20,0,5,16,26,19,15,0,3,20,26,21,5
20204,R,전통시장,3130108,태능엔터피아(태릉시장),3,1,2,0,0,0,1,2,0,0,0,0,0,1,0,0,0,0,1,1,0
20204,A,골목상권,3110308,길음역 8번,174,85,89,0,17,36,56,41,24,0,8,17,26,20,14,0,9,19,30,21,10
20204,D,발달상권,3120073,미아사거리,353,135,218,3,40,67,95,95,53,2,16,29,45,23,20,1,24,38,50,72,33
20204,A,골목상권,3110300,삼선동주민센터,2735,1587,1148,3,248,710,769,844,161,2,97,300,444,629,115,1,151,410,325,215,46
20204,D,발달상권,3120072,성신여대,1048,537,511,18,137,211,213,271,198,11,46,86,103,152,139,7,91,125,110,119,59
20204,A,골목상권,3110301,성신여대입구역 7번,484,209,275,1,73,84,96,134,96,0,31,37,39,62,40,1,42,47,57,72,56
20204,R,전통시장,3130120,돈암시장(돈암제일시장),99,23,76,1,20,20,25,18,15,0,0,2,7,8,6,1,20,18,18,10,9
20204,A,골목상권,3110328,상월곡역 3번,235,157,78,1,38,75,62,37,22,1,26,58,33,24,15,0,12,17,29,13,7
20204,R,전통시장,3130126,새석관시장,13,8,5,0,1,4,2,5,1,0,0,3,1,3,1,0,1,1,1,2,0
20204,R,전통시장,3130128,돌곶이시장(석관황금시장),191,157,34,0,30,36,41,72,12,0,28,26,29,62,12,0,2,10,12,10,0
20204,A,골목상권,3110323,상월곡역 1번,109,30,79,2,25,24,28,18,12,0,4,5,11,5,5,2,21,19,17,13,7
20204,A,골목상권,3110325,장곡초등학교,57,18,39,0,0,14,20,17,6,0,0,3,7,4,4,0,0,11,13,13,2
20204,A,골목상권,3110329,우리은행체육관,34,27,7,1,1,5,6,14,7,1,0,5,5,10,6,0,1,0,1,4,1
20204,A,골목상권,3110418,광운대학교 남단,100,45,55,0,11,17,23,26,23,0,5,5,13,16,6,0,6,12,10,10,17
20204,A,골목상권,3110292,정릉역 2번,33,14,19,0,1,5,16,6,5,0,1,3,5,3,2,0,0,2,11,3,3
20204,A,골목상권,3110289,북한산보국문역 2번,144,105,39,0,9,28,49,32,26,0,6,23,30,24,22,0,3,5,19,8,4
20204,A,골목상권,3110320,KB국민은행 종암동지점,79,51,28,0,2,11,27,24,15,0,1,5,15,17,13,0,1,6,12,7,2
20204,A,골목상권,3110369,성신여대운정그린캠퍼스,518,214,304,1,49,46,131,131,160,1,10,16,44,53,90,0,39,30,87,78,70
20204,A,골목상권,3110376,수송초등학교,224,142,82,0,26,47,62,60,29,0,12,29,38,41,22,0,14,18,24,19,7
20204,R,전통시장,3130143,방천골목시장,65,36,29,0,11,7,19,24,4,0,6,5,9,13,3,0,5,2,10,11,1
20204,R,전통시장,3130140,숭인시장,62,27,35,0,9,13,10,15,15,0,0,4,1,9,13,0,9,9,9,6,2
20204,A,골목상권,3110362,우이천 계성교,205,110,95,1,24,34,61,63,22,0,11,19,28,35,17,1,13,15,33,28,5
20204,A,골목상권,3110356,덕수교,228,114,114,0,13,34,55,60,66,0,4,17,22,30,41,0,9,17,33,30,25
20204,R,전통시장,3130139,강북종합전통시장(강북종합골목시장),166,114,52,0,16,45,61,28,16,0,11,33,42,19,9,0,5,12,19,9,7
20204,A,골목상권,3110343,무너미어린이공원,100,74,26,0,7,21,28,32,12,0,4,14,22,25,9,0,3,7,6,7,3
20204,A,골목상권,3110351,수유북부시장옆,214,93,121,0,27,45,51,59,32,0,9,17,20,25,22,0,18,28,31,34,10
20204,A,골목상권,3110413,누원고등학교,54,33,21,0,8,11,12,11,12,0,5,8,5,5,10,0,3,3,7,6,2
20204,A,골목상권,3110382,솔밭공원역 1번,32,25,7,0,1,9,8,7,7,0,0,5,6,7,7,0,1,4,2,0,0
20204,R,전통시장,3130149,창동신창시장,116,51,65,0,5,24,35,31,21,0,2,10,17,10,12,0,3,14,18,21,9
20204,R,전통시장,3130159,공릉동 도깨비시장,101,47,54,0,12,22,24,26,17,0,4,8,9,15,11,0,8,14,15,11,6
20204,A,골목상권,3110422,노원역 9번,277,221,56,0,27,70,94,54,32,0,24,59,79,37,22,0,3,11,15,17,10
20204,D,발달상권,3120082,상계백병원,389,127,262,0,81,95,109,69,35,0,19,18,34,38,18,0,62,77,75,31,17
20204,A,골목상권,3110417,월계역 3번,19,10,9,0,10,6,0,3,0,0,3,5,0,2,0,0,7,1,0,1,0
20204,D,발달상권,3120083,등나무근린공원,1184,787,397,0,166,325,271,283,139,0,114,228,171,179,95,0,52,97,100,104,44
20204,R,전통시장,3130155,시영B상가(중계 그린아파트 B 상가),3,2,1,0,0,1,0,2,0,0,0,1,0,1,0,0,0,0,0,1,0
20204,A,골목상권,3110430,중계초등학교,275,100,175,0,18,28,58,96,75,0,8,7,19,25,41,0,10,21,39,71,34
20204,A,골목상권,3110441,영신여고,138,72,66,0,12,28,33,41,24,0,7,20,15,21,9,0,5,8,18,20,15
20204,A,골목상권,3110427,노원 을지대학교병원,363,281,82,0,27,27,62,126,121,0,12,14,31,109,115,0,15,13,31,17,6
20204,A,골목상권,3110477,은평세무서,434,205,229,0,43,62,106,141,82,0,15,23,49,71,47,0,28,39,57,70,35
20204,A,골목상권,3110476,역촌역 2번,56,26,30,0,2,8,22,17,7,0,1,3,9,7,6,0,1,5,13,10,1
20204,R,전통시장,3130169,대조시장,67,31,36,0,5,11,21,23,7,0,1,3,11,11,5,0,4,8,10,12,2
20204,R,전통시장,3130171,불광먹자골목 골목형상점가,155,54,101,0,18,31,24,37,45,0,4,9,11,16,14,0,14,22,13,21,31
20204,R,전통시장,3130160,수일시장,7,2,5,0,0,2,1,2,2,0,0,0,0,1,1,0,0,2,1,1,1
20204,A,골목상권,3110499,연가초등학교,263,119,144,0,42,42,74,65,40,0,8,20,31,35,25,0,34,22,43,30,15
20204,A,골목상권,3110503,명지대학교교회,230,123,107,0,27,52,59,64,28,0,9,30,26,36,22,0,18,22,33,28,6
20204,A,골목상권,3110533,충정로역 7번,22,11,11,0,5,5,3,5,4,0,0,2,2,4,3,0,5,3,1,1,1
20204,A,골목상권,3110537,충정로현대아파트,1514,848,666,1,362,525,328,177,121,0,150,263,215,134,86,1,212,262,113,43,35
20204,A,골목상권,3110522,홍제역 3번,46,12,34,0,14,7,12,6,7,0,2,2,2,2,4,0,12,5,10,4,3
20204,R,전통시장,3130196,공덕시장,3948,2001,1947,52,1323,1296,891,287,99,28,467,646,599,181,80,24,856,650,292,106,19
20204,A,골목상권,3110541,동교초등학교,377,221,156,0,43,59,101,96,78,0,23,37,63,50,48,0,20,22,38,46,30
20204,R,전통시장,3130190,홍대소상공인상점가,150,77,73,1,55,35,30,18,11,0,18,22,18,10,9,1,37,13,12,8,2
20204,D,발달상권,3120102,서교동(홍대),7276,3402,3874,18,1521,2551,1814,899,473,11,496,1065,913,566,351,7,1025,1486,901,333,122
20204,A,골목상권,3110555,홍익지구대,284,147,137,1,49,53,55,37,89,0,14,28,31,16,58,1,35,25,24,21,31
20204,A,골목상권,3110558,경성고등학교,2362,1593,769,11,308,568,571,513,391,10,153,351,408,384,287,1,155,217,163,129,104
20204,R,전통시장,3130184,마포농수산물시장,77,40,37,0,2,12,24,26,13,0,1,8,12,14,5,0,1,4,12,12,8
20204,A,골목상권,3110571,신수동주민센터,635,358,277,5,109,159,187,126,49,5,57,88,98,74,36,0,52,71,89,52,13
20204,A,골목상권,3110628,신목동역,469,307,162,0,52,85,114,113,105,0,28,56,79,85,59,0,24,29,35,28,46
20204,R,전통시장,3130210,목2동시장,432,251,181,1,66,124,122,71,48,1,40,69,70,39,32,0,26,55,52,32,16
20204,D,발달상권,3120108,신정네거리역,992,580,412,2,93,215,220,242,220,1,28,110,112,160,169,1,65,105,108,82,51
20204,A,골목상권,3110627,신정롯데캐슬아파트,548,318,230,24,129,136,102,93,64,13,69,81,62,49,44,11,60,55,40,44,20
20204,R,전통시장,3130206,신정3동 골목시장,20,6,14,0,0,5,11,2,2,0,0,0,3,1,2,0,0,5,8,1,0
20204,A,골목상권,3110612,신정역 5번,644,303,341,1,85,88,143,197,130,0,44,62,74,70,53,1,41,26,69,127,77
20204,A,골목상권,3110629,송정역 4번,190,107,83,0,26,52,54,35,23,0,9,34,28,24,12,0,17,18,26,11,11
20204,R,전통시장,3130220,등마루시장,491,167,324,5,44,61,71,166,144,3,16,29,38,34,47,2,28,32,33,132,97
20204,D,발달상권,3120115,김포공항역(김포공항),23,12,11,0,6,9,4,4,0,0,2,4,3,3,0,0,4,5,1,1,0
20204,A,골목상권,3110679,염창역 2번,574,404,170,3,89,206,152,80,44,2,49,148,111,58,36,1,40,58,41,22,8
20204,A,골목상권,3110649,우장산역 1번,358,191,167,0,41,91,82,93,51,0,12,49,38,59,33,0,29,42,44,34,18
20204,A,골목상권,3110670,신곡초등학교,489,320,169,6,79,118,121,90,75,3,45,77,71,59,65,3,34,41,50,31,10
20204,A,골목상권,3110666,KC대학교,176,60,116,0,19,35,52,57,13,0,10,10,20,13,7,0,9,25,32,44,6
20204,A,골목상권,3110669,화곡보람2차아파트,13,3,10,0,0,2,4,2,5,0,0,1,2,0,0,0,0,1,2,2,5
20204,A,골목상권,3110700,고척초등학교,3249,2648,601,3,209,680,974,1176,207,2,119,533,803,1021,170,1,90,147,171,155,37
20204,D,발달상권,3120124,개봉동 현대아파트,461,205,256,0,63,89,119,82,108,0,18,26,49,43,69,0,45,63,70,39,39
20204,R,전통시장,3130228,구로시장,10,5,5,0,0,4,6,0,0,0,0,1,4,0,0,0,0,3,2,0,0
20204,D,발달상권,3120128,신도림역,1253,656,597,7,191,318,382,243,112,1,75,153,191,149,87,6,116,165,191,94,25
20204,A,골목상권,3110689,오류동역 3번,287,200,87,3,44,47,56,75,62,3,25,32,41,52,47,0,19,15,15,23,15
20204,A,골목상권,3110690,오류2동버들시장,577,275,302,1,101,192,133,94,56,0,39,104,64,36,32,1,62,88,69,58,24
20204,A,골목상권,3110725,가산동주민센터,85,59,26,0,6,20,22,20,17,0,3,15,16,12,13,0,3,5,6,8,4
20204,A,골목상권,3110735,말미고개,520,330,190,0,64,115,140,140,61,0,31,79,94,79,47,0,33,36,46,61,14
20204,R,전통시장,3130233,남문시장,76,47,29,0,5,8,18,22,23,0,2,3,9,12,21,0,3,5,9,10,2
20204,A,골목상권,3110736,독산119안전센터,461,199,262,0,46,55,76,118,166,0,21,32,35,42,69,0,25,23,41,76,97
20204,A,골목상권,3110746,금천금빛공원(은행나무사거리서측),76,53,23,0,5,11,23,22,15,0,3,9,13,16,12,0,2,2,10,6,3
20204,R,전통시장,3130237,박미시장(기능상실),39,26,13,0,1,6,11,9,12,0,0,2,7,8,9,0,1,4,4,1,3
20204,A,골목상권,3110766,대림역 5번,360,205,155,0,30,82,85,99,64,0,15,54,42,56,38,0,15,28,43,43,26
20204,A,골목상권,3110777,구로세무서,282,210,72,0,36,41,47,83,75,0,13,30,32,66,69,0,23,11,15,17,6
20204,R,전통시장,3130255,영등포전통시장,45,29,16,0,1,7,5,10,22,0,1,5,3,4,16,0,0,2,2,6,6
20204,A,골목상권,3110788,영등포시장역 3번,28,22,6,0,4,5,7,9,3,0,3,5,6,6,2,0,1,0,1,3,1
20204,A,골목상권,3110783,영등포시장역 1번,292,154,138,1,26,37,35,67,126,1,19,27,16,33,58,0,7,10,19,34,68
20204,A,골목상권,3110799,영등포본동주민센터,119,86,33,5,21,16,11,22,44,3,12,10,6,15,40,2,9,6,5,7,4
20204,R,전통시장,3130265,노량진중앙시장,115,82,33,0,17,48,34,8,8,0,12,42,23,3,2,0,5,6,11,5,6
20204,R,전통시장,3130263,신노량진시장(기능상실),13,4,9,0,0,3,4,6,0,0,0,0,1,3,0,0,0,3,3,3,0
20204,A,골목상권,3110821,보라매역 2번,599,356,243,0,73,109,142,137,138,0,34,65,80,89,88,0,39,44,62,48,50
20204,D,발달상권,3120155,총신대학교,107,54,53,0,13,27,24,25,18,0,7,8,13,14,12,0,6,19,11,11,6
20204,R,전통시장,3130268,상도전통시장,239,104,135,0,33,60,53,58,35,0,12,23,23,24,22,0,21,37,30,34,13
20204,A,골목상권,3110836,상도역 5번,3057,1846,1211,9,550,798,701,647,352,2,238,486,453,447,220,7,312,312,248,200,132
20204,A,골목상권,3110840,중앙대학교,175,99,76,0,24,25,57,45,24,0,12,13,37,22,15,0,12,12,20,23,9
20204,A,골목상권,3110878,미림여고,368,218,150,3,43,114,101,78,29,0,19,63,68,43,25,3,24,51,33,35,4
20204,A,골목상권,3110861,관악구신사동주민센터,1168,598,570,1,215,376,261,204,111,1,71,194,161,101,70,0,144,182,100,103,41
20204,A,골목상권,3110893,관악소방서(문영여고),353,303,50,0,39,110,66,113,25,0,29,96,57,99,22,0,10,14,9,14,3
20204,A,골목상권,3110890,봉천역 1번(관악초등학교),249,148,101,1,17,43,92,67,29,0,4,22,58,43,21,1,13,21,34,24,8
20204,R,전통시장,3130294,관악중부시장,102,40,62,1,5,10,22,39,25,0,2,3,7,16,12,1,3,7,15,23,13
20204,D,발달상권,3120166,방배역,5465,3280,2185,90,1234,1594,1033,699,815,26,523,920,713,451,647,64,711,674,320,248,168
20204,D,발달상권,3120164,내방역,8579,5975,2604,56,1923,2822,1862,1129,787,48,1160,1998,1383,799,587,8,763,824,479,330,200
20204,D,발달상권,3120162,방배동카페골목,1253,717,536,61,207,200,219,215,351,57,126,142,110,93,189,4,81,58,109,122,162
20204,D,발달상권,3120169,서초역,15771,7185,8586,70,3824,4195,3945,2657,1080,30,1313,1990,1801,1235,816,40,2511,2205,2144,1422,264
20204,A,골목상권,3110936,더케이호텔(양재리본타워2단지아파트),832,552,280,3,109,260,215,175,70,0,53,154,159,131,55,3,56,106,56,44,15
20204,A,골목상권,3110940,양재근린공원(양재2동주민센터),956,699,257,8,168,323,238,137,82,8,109,243,178,97,64,0,59,80,60,40,18
20204,D,발달상권,3120178,신사역,11093,6014,5079,34,2556,2878,2400,1866,1359,13,875,1596,1501,1005,1024,21,1681,1282,899,861,335
20204,A,골목상권,3110993,개포지하차도 북측,70,53,17,0,3,9,19,23,16,0,2,7,16,18,10,0,1,2,3,5,6
20204,A,골목상권,3110983,국립국악고등학교,783,534,249,6,126,212,125,145,169,2,44,137,94,111,146,4,82,75,31,34,23
20204,A,골목상권,3110950,논현역 7번,2981,1929,1052,1,829,1305,518,230,98,0,418,886,383,173,69,1,411,419,135,57,29
20204,D,발달상권,3120199,경복아파트교차로,3427,2023,1404,9,720,1059,682,508,449,3,273,627,441,345,334,6,447,432,241,163,115
20204,D,발달상권,3120212,한티역,753,394,359,1,118,182,201,143,108,1,37,87,119,80,70,0,81,95,82,63,38
20204,D,발달상권,3120211,도성초등학교,984,516,468,7,180,282,189,161,165,3,68,120,112,117,96,4,112,162,77,44,69
20204,A,골목상권,3110960,은광여고,1601,749,852,5,219,282,389,522,184,4,60,131,203,227,124,1,159,151,186,295,60
20204,A,골목상권,3110964,싸리고개근린공원,217,124,93,0,29,60,59,34,35,0,8,32,36,23,25,0,21,28,23,11,10
20204,U,관광특구,3001496,강남 마이스 관광특구,15904,8904,7000,59,3513,6185,4248,1596,303,25,1160,3361,2887,1246,225,34,2353,2824,1361,350,78
20204,A,골목상권,3110995,봉은사역 4번,5085,3711,1374,9,978,2002,1271,637,188,2,575,1477,990,523,144,7,403,525,281,114,44
20204,A,골목상권,3110998,은곡마을(은곡마을공원),17,11,6,0,2,6,4,3,2,0,0,4,3,3,1,0,2,2,1,0,1
20204,A,골목상권,3111001,아래방죽마을공원(율현초등학교),58,43,15,0,2,9,14,18,15,0,1,7,12,13,10,0,1,2,2,5,5
20204,A,골목상권,3110949,한남IC,1683,1193,490,5,288,565,435,305,85,2,112,398,347,261,73,3,176,167,88,44,12
20204,A,골목상권,3110959,신구중학교,271,140,131,0,14,66,82,79,30,0,7,36,49,29,19,0,7,30,33,50,11
20204,A,골목상권,3110962,도산공원북측,53,27,26,0,20,11,10,8,4,0,11,7,6,3,0,0,9,4,4,5,4
20204,A,골목상권,3110954,국기원,636,445,191,0,89,142,187,94,124,0,35,97,161,74,78,0,54,45,26,20,46
20204,D,발달상권,3120204,르네상스호텔사거리,41471,20644,20827,102,8167,11056,10671,10081,1394,54,5016,7567,4988,2062,957,48,3151,3489,5683,8019,437
20204,A,골목상권,3110997,대청초등학교,1724,959,765,4,230,291,391,383,425,2,111,162,200,210,274,2,119,129,191,173,151
20204,A,골목상권,3110979,청담초등학교,3004,1918,1086,4,525,926,768,568,213,4,230,632,535,343,174,0,295,294,233,225,39
20204,A,골목상권,3111027,문정초등학교,1393,771,622,3,146,285,323,246,390,1,67,159,209,125,210,2,79,126,114,121,180
20204,A,골목상권,3111020,방이동고분군(방산고등학교),304,225,79,1,20,103,84,54,42,0,7,73,64,48,33,1,13,30,20,6,9
20204,R,전통시장,3130313,방이시장,3889,1825,2064,10,726,635,634,1135,749,8,362,409,357,377,312,2,364,226,277,758,437
20204,A,골목상권,3111005,삼전역 3번,1865,1358,507,0,320,617,459,302,167,0,215,449,339,222,133,0,105,168,120,80,34
20204,A,골목상권,3111037,Sh수협은행 오금동금융센터(아랫말어린이공원),373,243,130,0,37,103,90,93,50,0,25,84,60,43,31,0,12,19,30,50,19
20204,A,골목상권,3111032,방이역 1번,3878,2552,1326,4,235,340,599,718,1982,3,139,237,411,469,1293,1,96,103,188,249,689
20204,A,골목상권,3111081,둔촌푸르지오아파트,78,50,28,0,8,17,18,18,17,0,4,12,13,6,15,0,4,5,5,12,2
20204,A,골목상권,3111089,상일여고(상일초등학교),750,505,245,0,50,131,180,233,156,0,31,81,127,154,112,0,19,50,53,79,44
20204,A,골목상권,3111059,강동역 4번(강풀만화거리),774,420,354,3,87,144,177,164,199,1,47,73,92,91,116,2,40,71,85,73,83
20204,A,골목상권,3111067,강동구립성내도서관,746,414,332,2,73,149,192,177,153,1,36,98,107,84,88,1,37,51,85,93,65
20204,A,골목상권,3110005,세검정,1057,542,515,6,132,305,306,202,106,2,40,143,167,124,66,4,92,162,139,78,40
20204,A,골목상권,3110008,배화여자대학교(박노수미술관),507,350,157,1,50,79,121,161,95,0,15,45,93,121,76,1,35,34,28,40,19
20204,A,골목상권,3110035,동묘앞역 2번,276,161,115,2,18,43,75,88,50,0,5,18,42,65,31,2,13,25,33,23,19
20204,A,골목상권,3110027,혜화역 1번,598,358,240,1,67,108,127,97,198,0,25,70,64,54,145,1,42,38,63,43,53
20204,D,발달상권,3120015,종로6가,302,153,149,0,49,64,69,65,55,0,17,23,27,42,44,0,32,41,42,23,11
20204,R,전통시장,3130011,충신시장,88,44,44,0,19,19,20,17,13,0,7,11,8,8,10,0,12,8,12,9,3
20204,A,골목상권,3110030,동대문역 3번,7,3,4,0,2,2,2,1,0,0,0,2,1,0,0,0,2,0,1,1,0
20204,A,골목상권,3110015,청와대사랑채,578,345,233,0,64,147,166,126,75,0,16,63,110,91,65,0,48,84,56,35,10
20204,A,골목상권,3110011,청운초등학교,263,188,75,0,21,105,79,43,15,0,21,95,44,16,12,0,0,10,35,27,3
20204,A,골목상권,3110024,혜회동주민센터,928,263,665,0,135,264,294,184,51,0,17,64,90,55,37,0,118,200,204,129,14
20204,D,발달상권,3120032,충무로역,10818,5021,5797,35,1541,2434,3139,2621,1048,15,532,1200,1480,1142,652,20,1009,1234,1659,1479,396
20204,A,골목상권,3110045,동대문역사문화공원역 5번,234,174,60,0,24,54,64,55,37,0,11,38,46,47,32,0,13,16,18,8,5
20204,D,발달상권,3120031,을지로3가역,6147,3450,2697,9,699,1541,1643,1286,969,0,223,730,924,892,681,9,476,811,719,394,288
20204,R,전통시장,3130038,"평화시장(통일상가, 동화상가)",1000,670,330,3,116,301,291,198,91,0,63,167,223,150,67,3,53,134,68,48,24
20204,D,발달상권,3120020,시청역_1번,6561,4672,1889,29,1436,1964,1905,1013,214,17,728,1351,1643,776,157,12,708,613,262,237,57
20204,A,골목상권,3110043,충무초등학교,1202,670,532,12,212,307,331,223,117,7,97,155,169,152,90,5,115,152,162,71,27
20204,D,발달상권,3120018,중림동,2190,1368,822,2,393,736,598,295,166,2,207,425,357,238,139,0,186,311,241,57,27
20204,A,골목상권,3110057,황학코아루아파트,64,44,20,0,8,13,20,10,13,0,4,6,17,8,9,0,4,7,3,2,4
20204,A,골목상권,3110055,황학동벼룩시장,29,19,10,0,1,4,6,11,7,0,1,3,5,6,4,0,0,1,1,5,3
20204,A,골목상권,3110078,이촌동점보아파트,69,29,40,0,12,15,17,13,12,0,3,8,7,5,6,0,9,7,10,8,6
20204,A,골목상권,3110082,용산구청,1618,809,809,5,175,461,427,442,108,4,53,155,206,304,87,1,122,306,221,138,21
20204,D,발달상권,3120041,신용산역(용산역),20372,8281,12091,72,4418,6743,5760,2509,870,25,1460,2533,2359,1337,567,47,2958,4210,3401,1172,303
20204,A,골목상권,3110073,삼각지역 3번,7975,2387,5588,56,2508,2886,1913,505,107,25,861,919,424,119,39,31,1647,1967,1489,386,68
20204,A,골목상권,3110076,삼각지역 14번,537,175,362,0,46,143,158,153,37,0,11,49,61,45,9,0,35,94,97,108,28
20204,A,골목상권,3110099,유엔빌리지길,12646,10311,2335,33,1746,2596,3298,4558,415,25,904,1899,2859,4264,360,8,842,697,439,294,55
20204,A,골목상권,3110588,한겨레신문사,169,92,77,0,34,44,41,33,17,0,14,22,20,21,15,0,20,22,21,12,2
20204,R,전통시장,3130059,후암시장,64,40,24,0,6,12,16,11,19,0,4,5,10,7,14,0,2,7,6,4,5
20204,R,전통시장,3130064,금남시장,36,13,23,0,6,7,8,4,11,0,1,0,5,2,5,0,5,7,3,2,6
20204,A,골목상권,3110107,금호사거리,37,30,7,0,4,8,4,11,10,0,3,5,4,9,9,0,1,3,0,2,1
20204,A,골목상권,3110117,성동구보건소,103,73,30,1,14,27,19,33,9,1,10,20,11,25,6,0,4,7,8,8,3
20204,D,발달상권,3120050,서울숲역,212,159,53,0,33,40,60,52,27,0,19,30,47,41,22,0,14,10,13,11,5
20204,D,발달상권,3120052,성수역,11387,7284,4103,23,2113,2900,2661,2238,1452,12,1170,1971,1783,1298,1050,11,943,929,878,940,402
20204,R,전통시장,3130067,왕십리도선동상점가,1670,335,1335,3,166,202,291,591,417,1,78,98,69,49,40,2,88,104,222,542,377
20204,D,발달상권,3120066,장한평역(장한평),7424,4770,2654,43,1531,1839,1491,1235,1285,10,739,1202,991,818,1010,33,792,637,500,417,275
20204,A,골목상권,3110113,응봉산,77,43,34,0,14,15,14,16,18,0,4,11,7,6,15,0,10,4,7,10,3
20204,A,골목상권,3110112,행당역 2번,207,101,106,0,37,37,38,53,42,0,14,19,16,26,26,0,23,18,22,27,16
20204,A,골목상권,3110169,성동초등학교,253,139,114,1,28,41,73,68,42,0,15,21,36,39,28,1,13,20,37,29,14
20204,A,골목상권,3110156,군자역 5번,621,363,258,0,96,181,173,112,59,0,41,114,101,67,40,0,55,67,72,45,19
20204,A,골목상권,3110157,자양동우체국,1097,891,206,10,352,279,244,141,71,7,300,237,180,106,61,3,52,42,64,35,10
20204,A,골목상권,3110163,성자초등학교,284,143,141,0,39,46,67,77,55,0,14,27,32,31,39,0,25,19,35,46,16
20204,A,골목상권,3110168,대원고등학교,524,374,150,0,64,95,121,160,84,0,36,69,87,110,72,0,28,26,34,50,12
20204,A,골목상권,3110212,답십리초등학교,204,144,60,0,26,37,42,67,32,0,18,26,27,50,23,0,8,11,15,17,9
20204,A,골목상권,3110187,제기동역 6번,3124,2222,902,15,559,867,746,552,385,7,387,605,531,394,298,8,172,262,215,158,87
20204,A,골목상권,3110229,장평중학교,1332,862,470,0,145,164,190,318,515,0,81,103,125,211,342,0,64,61,65,107,173
20204,A,골목상권,3110231,장안교,11,8,3,0,0,1,4,5,1,0,0,1,3,4,0,0,0,0,1,1,1
20204,R,전통시장,3130088,경동시장,126,57,69,0,18,32,24,17,35,0,3,11,11,10,22,0,15,21,13,7,13
20204,A,골목상권,3110194,홍파초등학교,112,85,27,0,6,32,24,36,14,0,4,20,20,31,10,0,2,12,4,5,4
20204,A,골목상권,3110203,떡전교사거리,99,63,36,1,9,15,32,29,13,1,0,7,26,20,9,0,9,8,6,9,4
20204,A,골목상권,3110278,망우본동주민센터,276,166,110,1,32,46,77,81,39,0,10,25,43,56,32,1,22,21,34,25,7
20204,R,전통시장,3130106,중랑동부시장,166,56,110,1,20,40,34,39,32,0,1,8,7,21,19,1,19,32,27,18,13
20204,A,골목상권,3110246,월드순복음교회,431,312,119,0,27,97,158,95,54,0,12,69,122,65,44,0,15,28,36,30,10
20204,A,골목상권,3110261,사가정역 4번,167,90,77,1,16,29,49,50,22,1,8,15,25,26,15,0,8,14,24,24,7
20204,A,골목상권,3110242,면목5동주민센터,164,112,52,0,21,28,56,30,29,0,12,23,31,22,24,0,9,5,25,8,5
20204,A,골목상권,3110241,먹골역 5번,415,213,202,0,61,87,97,117,53,0,17,49,46,63,38,0,44,38,51,54,15
20204,D,발달상권,3120069,상봉역,1012,728,284,3,69,146,222,270,302,1,40,71,131,216,269,2,29,75,91,54,33
20204,A,골목상권,3110233,중랑역 1번,142,46,96,1,23,27,50,35,6,1,6,7,16,11,5,0,17,20,34,24,1
20204,A,골목상권,3110281,길상사,13818,12089,1729,12,1418,3093,4061,4964,270,1,960,2426,3678,4823,201,11,458,667,383,141,69
20204,A,골목상권,3110309,대광초등학교,376,266,110,0,38,63,108,103,64,0,19,44,71,78,54,0,19,19,37,25,10
20204,A,골목상권,3110318,KT월곡지사,148,78,70,0,21,29,45,36,17,0,10,19,22,14,13,0,11,10,23,22,4
20204,A,골목상권,3110379,KT&G 북부지사,12,3,9,1,1,1,3,3,3,0,0,0,1,1,1,1,1,1,2,2,2
20204,A,골목상권,3110373,수유역 2번,891,705,186,0,129,255,172,236,99,0,90,208,134,205,68,0,39,47,38,31,31
20204,R,전통시장,3130132,삼양골목시장(삼양시장),61,19,42,0,10,14,13,15,9,0,0,4,5,5,5,0,10,10,8,10,4
20204,A,골목상권,3110377,미아사거리역 3번,21,14,7,0,2,2,2,9,6,0,2,2,1,4,5,0,0,0,1,5,1
20204,A,골목상권,3110345,솔밭공원역 2번,114,47,67,1,14,18,26,37,18,0,3,6,8,17,13,1,11,12,18,20,5
20204,A,골목상권,3110342,국립재활원,60,45,15,0,5,11,20,15,9,0,3,8,14,13,7,0,2,3,6,2,2
20204,A,골목상권,3110348,강북문화예술회관,343,174,169,0,27,59,108,96,53,0,4,31,63,43,33,0,23,28,45,53,20
20204,A,골목상권,3110338,인수초등학교,263,192,71,0,34,67,61,63,38,0,18,49,44,48,33,0,16,18,17,15,5
20204,A,골목상권,3110402,도봉구 정병원,471,221,250,1,85,98,98,106,83,0,24,38,54,59,46,1,61,60,44,47,37
20204,A,골목상권,3110383,덕성여대시반거리,33,21,12,0,0,3,13,10,7,0,0,2,9,5,5,0,0,1,4,5,2
20204,R,전통시장,3130145,쌍문역둘리상점가,244,202,42,0,39,44,77,62,22,0,28,35,65,56,18,0,11,9,12,6,4
20204,A,골목상권,3110392,발바닥공원,43,17,26,0,2,8,7,10,16,0,0,0,3,3,11,0,2,8,4,7,5
20204,A,골목상권,3110416,노원초등학교,468,244,224,4,61,110,118,126,49,2,24,73,58,58,29,2,37,37,60,68,20
20204,A,골목상권,3110428,상계5동주민센터,491,217,274,1,43,52,106,158,131,0,14,25,45,70,63,1,29,27,61,88,68
20204,D,발달상권,3120080,마들역,180,46,134,0,30,45,46,36,23,0,2,7,9,13,15,0,28,38,37,23,8
20204,A,골목상권,3110464,연신내역 5번,301,170,131,4,32,53,93,85,34,4,18,28,44,49,27,0,14,25,49,36,7
20204,A,골목상권,3110457,예일여고,482,283,199,1,60,88,88,132,113,0,27,46,47,71,92,1,33,42,41,61,21
20204,D,발달상권,3120091,본서부병원,516,192,324,1,51,69,119,165,111,0,20,28,51,55,38,1,31,41,68,110,73
20204,A,골목상권,3110485,연신내우체국,1259,678,581,0,7,24,35,160,1033,0,4,5,15,70,584,0,3,19,20,90,449
20204,A,골목상권,3110488,우리은행응암동지점,174,104,70,1,14,24,41,38,56,0,8,16,19,15,46,1,6,8,22,23,10
20204,R,전통시장,3130163,응암오거리상점가,182,49,133,0,24,28,44,50,36,0,4,8,11,12,14,0,20,20,33,38,22
20204,A,골목상권,3110449,증산역 3번,709,410,299,0,104,160,182,147,116,0,47,98,96,84,85,0,57,62,86,63,31
20204,D,발달상권,3120094,"신촌역(신촌역, 신촌로터리)",5328,2411,2917,67,2381,1182,676,592,430,23,994,579,296,278,241,44,1387,603,380,314,189
20204,R,전통시장,3130175,신촌 상인회(신촌상점가),13,5,8,0,1,3,5,4,0,0,1,0,1,3,0,0,0,3,4,1,0
20204,D,발달상권,3120097,충정로역,2246,1354,892,0,321,658,631,407,229,0,172,390,397,254,141,0,149,268,234,153,88
20204,R,전통시장,3130176,유진상가,38,23,15,0,20,16,1,1,0,0,9,13,1,0,0,0,11,3,0,1,0
20204,A,골목상권,3110523,홍제성원아파트,21,9,12,0,0,4,5,7,5,0,0,0,2,5,2,0,0,4,3,2,3
20204,D,발달상권,3120107,공덕역(공덕오거리),13077,7619,5458,43,2471,3470,3552,3026,515,9,1021,2002,2300,1900,387,34,1450,1468,1252,1126,128
20204,A,골목상권,3110586,서울서부지방법원,1855,953,902,2,423,499,464,293,174,1,233,283,196,130,110,1,190,216,268,163,64
20204,A,골목상권,3110540,망원나들목체육관,238,107,131,0,39,63,70,47,19,0,19,28,26,23,11,0,20,35,44,24,8
20204,A,골목상권,3110567,광흥창역 6번,91,61,30,0,16,26,27,12,10,0,8,20,13,11,9,0,8,6,14,1,1
20204,A,골목상권,3110565,홍익대,110,66,44,0,16,34,34,19,7,0,8,16,23,13,6,0,8,18,11,6,1
20204,A,골목상권,3110560,마포FM,292,140,152,0,26,64,87,77,38,0,10,26,40,36,28,0,16,38,47,41,10
20204,A,골목상권,3110549,새터산,357,165,192,1,57,79,100,64,56,1,24,39,47,22,32,0,33,40,53,42,24
20204,D,발달상권,3120099,월드컵경기장역(월드컵경기장),84,57,27,0,11,20,26,14,13,0,6,16,21,7,7,0,5,4,5,7,6
20204,A,골목상권,3110581,염리초등학교,16,11,5,0,0,0,2,6,8,0,0,0,2,3,6,0,0,0,0,3,2
20204,D,발달상권,3120113,오목교역,641,380,261,2,98,147,163,141,90,1,45,81,95,95,63,1,53,66,68,46,27
20204,D,발달상권,3120110,목동역 8번출구,1858,1400,458,2,142,216,286,247,965,1,42,102,166,181,908,1,100,114,120,66,57
20204,A,골목상권,3110617,등촌역 4번,262,188,74,0,47,75,73,48,19,0,37,55,50,31,15,0,10,20,23,17,4
20204,A,골목상권,3110597,신월1동주민센터,517,302,215,0,30,68,111,150,158,0,14,36,54,84,114,0,16,32,57,66,44
20204,R,전통시장,3130199,신월3동 골목시장,18,8,10,0,1,4,4,9,0,0,0,1,3,4,0,0,1,3,1,5,0
20204,A,골목상권,3110615,신서초등학교,87,63,24,0,20,21,27,13,6,0,14,18,18,8,5,0,6,3,9,5,1
20204,A,골목상권,3110674,강서구청가양동별관,260,189,71,0,21,55,61,47,76,0,14,46,35,29,65,0,7,9,26,18,11
20204,A,골목상권,3110677,등촌역 1번,410,321,89,1,50,80,83,91,105,1,24,51,70,76,99,0,26,29,13,15,6
20204,A,골목상권,3110676,등촌역 7번,228,138,90,0,31,34,61,56,46,0,13,20,36,37,32,0,18,14,25,19,14
20204,D,발달상권,3120117,강서농산물도매시장,451,280,171,0,12,62,127,153,97,0,9,48,78,89,56,0,3,14,49,64,41
20204,A,골목상권,3110636,방화역 2번,152,76,76,1,25,49,41,21,15,0,9,26,27,4,10,1,16,23,14,17,5
20204,A,골목상권,3110631,방화초등학교,335,161,174,2,32,63,68,100,70,2,19,34,37,37,32,0,13,29,31,63,38
20204,D,발달상권,3120120,화곡역,927,405,522,1,177,218,193,196,142,0,46,109,84,81,85,1,131,109,109,115,57
20204,A,골목상권,3110656,까치산역 3번,829,493,336,13,89,206,249,190,82,12,52,128,151,91,59,1,37,78,98,99,23
20204,D,발달상권,3120121,까치산역,365,145,220,2,51,46,72,106,88,2,12,18,29,43,41,0,39,28,43,63,47
20204,A,골목상권,3110654,까치산역 4번,1027,687,340,2,68,149,252,380,176,1,38,81,139,281,147,1,30,68,113,99,29
20204,A,골목상권,3110665,곰달래도서관,469,285,184,0,36,92,123,138,80,0,25,60,79,74,47,0,11,32,44,64,33
20204,A,골목상권,3110662,까치산역 1번,1480,885,595,4,245,501,396,234,100,4,129,301,207,171,73,0,116,200,189,63,27
20204,R,전통시장,3130217,화곡본동시장,36,16,20,0,3,5,10,13,5,0,1,3,5,6,1,0,2,2,5,7,4
20204,A,골목상권,3110691,개봉중학교,395,205,190,0,37,65,119,115,59,0,20,38,49,52,46,0,17,27,70,63,13
20204,A,골목상권,3110705,고산초등학교,33,19,14,0,3,2,8,7,13,0,3,1,8,2,5,0,0,1,0,5,8
20204,R,전통시장,3130229,남구로시장,249,139,110,1,16,53,61,62,56,0,7,30,31,32,39,1,9,23,30,30,17
20204,A,골목상권,3110680,온수역 5번(온수산업단지),901,770,131,15,129,129,157,274,197,15,105,106,127,234,183,0,24,23,30,40,14
20204,A,골목상권,3110685,금강수목원아파트,56,39,17,0,10,12,12,11,11,0,7,10,5,7,10,0,3,2,7,4,1
20204,D,발달상권,3120132,독산동,4203,2884,1319,13,512,908,1016,1074,680,12,350,650,695,701,476,1,162,258,321,373,204
20204,A,골목상권,3110732,가산초등학교(세일중학교),362,258,104,1,42,68,107,79,65,0,23,39,78,64,54,1,19,29,29,15,11
20204,A,골목상권,3110729,가산동우체국,151,112,39,0,19,30,40,39,23,0,14,19,30,30,19,0,5,11,10,9,4
20204,A,골목상권,3110723,가산디지털단지역 1번 출입구,286,247,39,0,6,10,37,130,103,0,6,5,26,113,97,0,0,5,11,17,6
20204,A,골목상권,3110742,KT금천빌딩(금천구시설관리공단),426,237,189,0,42,83,106,125,70,0,21,57,71,54,34,0,21,26,35,71,36
20204,A,골목상권,3110748,백산초등학교,102,64,38,0,6,19,21,26,30,0,2,9,11,22,20,0,4,10,10,4,10
20204,A,골목상권,3110749,금산초등학교(금천고등학교),418,255,163,0,51,99,100,118,50,0,26,61,51,81,36,0,25,38,49,37,14
20204,A,골목상권,3110750,시흥4동주민센터(서울신흥초등학교),397,221,176,4,78,83,80,104,48,4,47,62,43,33,32,0,31,21,37,71,16
20204,D,발달상권,3120141,영등포청과시장교차로,601,418,183,2,71,137,188,115,88,1,36,85,133,86,77,1,35,52,55,29,11
20204,R,전통시장,3130240,영등포유통상가,1400,893,507,0,128,296,347,287,342,0,68,168,226,194,237,0,60,128,121,93,105
20204,A,골목상권,3110763,영등포구청역 2번,480,353,127,2,84,147,107,84,56,0,53,100,79,72,49,2,31,47,28,12,7
20204,A,골목상권,3110786,당산역 8번,271,179,92,2,20,41,60,51,97,2,8,21,42,38,68,0,12,20,18,13,29
20204,R,전통시장,3130247,우리시장,19,15,4,0,3,4,4,3,5,0,1,3,4,3,4,0,2,1,0,0,1
20204,A,골목상권,3110817,대방역 4번,26,19,7,0,2,6,6,6,6,0,0,4,4,6,5,0,2,2,2,0,1
20204,R,전통시장,3130256,신동시장,2,2,0,0,0,0,0,1,1,0,0,0,0,1,1,0,0,0,0,0,0
20204,A,골목상권,3110757,양평역 2번,1501,1114,387,1,111,230,356,424,379,0,51,176,286,314,287,1,60,54,70,110,92
20204,A,골목상권,3110762,선유도역 1번,3139,2286,853,6,392,669,739,809,524,4,217,459,529,629,448,2,175,210,210,180,76
20204,A,골목상권,3110807,신길역 3번,102,70,32,0,6,16,23,27,30,0,4,8,18,19,21,0,2,8,5,8,9
20204,R,전통시장,3130250,삼구시장(로타리상가),1,0,1,0,0,0,0,1,0,0,0,0,0,0,0,0,0,0,0,1,0
20204,A,골목상권,3110803,신길2동우편취급국,312,224,88,0,17,27,58,67,143,0,6,14,33,43,128,0,11,13,25,24,15
20204,A,골목상권,3110847,예술인마을,443,216,227,3,52,135,137,77,39,3,13,60,74,37,29,0,39,75,63,40,10
20204,R,전통시장,3130272,사당시장,45,20,25,0,4,6,10,11,14,0,0,1,4,6,9,0,4,5,6,5,5
20204,A,골목상권,3110843,사당5동주민센터,181,135,46,1,22,25,55,52,26,0,16,17,34,44,24,1,6,8,21,8,2
20204,A,골목상권,3110835,상도역 1번,296,170,126,0,81,95,59,38,23,0,32,61,37,19,21,0,49,34,22,19,2
20204,A,골목상권,3110830,상도초등학교,281,152,129,0,22,61,73,85,40,0,7,29,36,54,26,0,15,32,37,31,14
20204,D,발달상권,3120154,장승배기역,497,214,283,1,64,124,128,111,69,0,19,58,68,39,30,1,45,66,60,72,39
20204,D,발달상권,3120151,보라매공원,2417,1455,962,6,401,736,707,383,184,4,194,433,450,237,137,2,207,303,257,146,47
20204,A,골목상권,3110863,난우초등학교,319,179,140,6,40,61,63,79,70,5,23,30,38,36,47,1,17,31,25,43,23
20204,A,골목상권,3110867,국제신학대학원대학교(남서울중학교),202,117,85,0,8,34,39,53,68,0,2,15,21,32,47,0,6,19,18,21,21
20204,A,골목상권,3110882,신성초등학교,733,444,289,1,95,131,215,168,123,0,52,67,122,109,94,1,43,64,93,59,29
20204,A,골목상권,3110864,신림우방아파트,236,161,75,0,31,48,53,60,44,0,21,31,37,43,29,0,10,17,16,17,15
20204,A,골목상권,3110871,신원동주민센터,64,32,32,1,6,13,19,12,13,0,4,6,8,7,7,1,2,7,11,5,6
20204,R,전통시장,3130283,신원시장,25,11,14,0,3,3,10,5,4,0,1,1,3,3,3,0,2,2,7,2,1
20204,A,골목상권,3110854,조원동주민센터,55,39,16,0,4,5,17,21,8,0,3,5,9,15,7,0,1,0,8,6,1
20204,A,골목상권,3110898,청림동주민센터(상도중학교),66,27,39,0,16,14,14,16,6,0,5,3,8,7,4,0,11,11,6,9,2
20204,D,발달상권,3120170,삼호가든사거리,2026,1161,865,8,279,587,623,346,183,7,113,333,412,168,128,1,166,254,211,178,55
20204,A,골목상권,3110917,서초소방서,1505,939,566,6,157,432,402,355,153,2,72,281,295,181,108,4,85,151,107,174,45
20204,A,골목상권,3110918,방배역 3번,682,438,244,3,98,127,164,142,148,2,59,85,108,86,98,1,39,42,56,56,50
20204,A,골목상권,3110903,방배아이파크아파트,7222,2653,4569,7,1242,1778,2487,1322,386,1,333,597,951,599,172,6,909,1181,1536,723,214
20204,A,골목상권,3110915,서래초등학교,3011,2335,676,14,441,940,1066,421,129,11,286,683,868,373,114,3,155,257,198,48,15
20204,A,골목상권,3110926,신중초등학교,1610,1175,435,6,193,359,463,382,207,3,114,263,355,292,148,3,79,96,108,90,59
20204,A,골목상권,3110928,서초우방유쉘아파트,596,491,105,1,57,109,125,205,99,1,29,76,109,190,86,0,28,33,16,15,13
20204,D,발달상권,3120184,포이사거리(삼호물산),10139,7003,3136,20,1553,3044,2666,1705,1151,10,846,2068,2010,1212,857,10,707,976,656,493,294
20204,A,골목상권,3110941,언남고등학교,261,158,103,0,33,46,89,58,35,0,14,26,51,40,27,0,19,20,38,18,8
20204,D,발달상권,3120174,논현역 5번,680,379,301,6,108,196,155,93,122,4,39,108,90,58,80,2,69,88,65,35,42
20204,A,골목상권,3110927,잠원역,745,553,192,2,93,342,198,98,12,2,82,218,159,81,11,0,11,124,39,17,1
20204,A,골목상권,3110977,논현로18길,148,102,46,0,22,32,45,29,20,0,14,20,33,20,15,0,8,12,12,9,5
20204,A,골목상권,3110961,언주역 3번,962,673,289,5,172,286,248,140,111,3,97,184,187,112,90,2,75,102,61,28,21
20204,A,골목상권,3110970,학동초등학교,378,236,142,1,66,98,102,65,46,0,27,49,66,57,37,1,39,49,36,8,9
20204,D,발달상권,3120219,은마아파트,17175,5797,11378,202,3397,3819,3179,4061,2517,83,1254,1872,1374,818,396,119,2143,1947,1805,3243,2121
20204,D,발달상권,3120222,삼성역,43324,24141,19183,244,8091,13641,10294,6385,4669,119,3186,7703,6883,3711,2539,125,4905,5938,3411,2674,2130
20204,D,발달상권,3120201,도곡1동,11549,6381,5168,116,3564,3468,2477,1299,625,31,1365,2018,1727,754,486,85,2199,1450,750,545,139
20204,D,발달상권,3120213,삼성중앙역,8521,5150,3371,50,1869,2485,1911,1070,1136,12,830,1515,1305,716,772,38,1039,970,606,354,364
20204,D,발달상권,3120209,"강남구청(청담역_8번, 강남세무서)",8987,2610,6377,34,2050,2684,2467,1172,580,9,538,752,537,395,379,25,1512,1932,1930,777,201
20204,D,발달상권,3120216,경기고교사거리(경기고교앞사거리),4934,3621,1313,8,712,1628,1666,772,148,5,291,1070,1431,703,121,3,421,558,235,69,27
20204,A,골목상권,3110986,삼성중앙역 7번,90,59,31,0,9,18,36,19,8,0,3,6,29,15,6,0,6,12,7,4,2
20204,D,발달상권,3120224,수서역,12418,6339,6079,23,1900,3177,3167,2346,1805,12,860,1669,1497,1232,1069,11,1040,1508,1670,1114,736
20204,D,발달상권,3120195,성수대교남단,5611,2685,2926,39,1393,2394,1102,426,257,15,487,1194,634,208,147,24,906,1200,468,218,110
20204,D,발달상권,3120198,구역삼세무서,11531,7246,4285,23,2691,3529,2889,1562,837,12,1141,2216,2115,1139,623,11,1550,1313,774,423,214
20204,A,골목상권,3110958,역삼역 4번,997,760,237,1,96,197,300,298,105,1,46,133,254,241,85,0,50,64,46,57,20
20204,A,골목상권,3110956,언주역 8번,1199,758,441,4,361,471,199,87,77,2,158,307,163,70,58,2,203,164,36,17,19
20204,A,골목상권,3111025,경찰병원역 3번,686,412,274,1,84,164,149,157,131,0,45,102,103,88,74,1,39,62,46,69,57
20204,A,골목상권,3111029,오금역 4번,427,314,113,3,71,108,91,79,75,1,51,81,67,55,59,2,20,27,24,24,16
20204,A,골목상권,3111042,거여역 1번(거여공원),872,597,275,3,147,186,251,200,85,3,121,134,159,130,50,0,26,52,92,70,35
20204,D,발달상권,3120235,문정역,954,648,306,1,117,204,211,255,166,0,70,158,152,154,114,1,47,46,59,101,52
20204,A,골목상권,3111023,문정역 1번,939,576,363,2,133,202,263,204,135,0,86,139,184,100,67,2,47,63,79,104,68
20204,D,발달상권,3120232,송파나루역,1056,714,342,0,185,302,235,171,163,0,80,192,163,131,148,0,105,110,72,40,15
20204,U,관광특구,3001495,잠실 관광특구,25240,14855,10385,124,4880,6877,5824,4628,2907,55,2599,4419,3662,2383,1737,69,2281,2458,2162,2245,1170
20204,A,골목상권,3111006,석촌고분역 1번,1112,721,391,0,127,292,337,203,153,0,56,169,242,135,119,0,71,123,95,68,34
20204,R,전통시장,3130312,석촌시장,619,270,349,1,20,40,81,170,307,1,9,23,43,41,153,0,11,17,38,129,154
20204,D,발달상권,3120227,잠실역,45462,24220,21242,163,8142,11830,12761,11282,1284,51,3785,7436,7437,4549,962,112,4357,4394,5324,6733,322
20204,A,골목상권,3111090,강일동주민센터,91,35,56,0,15,30,23,17,6,0,1,10,10,10,4,0,14,20,13,7,2
20204,A,골목상권,3111068,강동성심병원,1570,605,965,0,532,392,271,203,172,0,126,134,114,101,130,0,406,258,157,102,42
20204,R,전통시장,3130323,둔촌역전통시장,171,86,85,0,3,14,23,36,95,0,2,6,8,14,56,0,1,8,15,22,39
20204,D,발달상권,3120244,암사역,916,401,515,0,70,85,103,111,547,0,14,44,49,42,252,0,56,41,54,69,295
20204,A,골목상권,3111054,암사역 4번(삼성광나루아파트),104,42,62,0,14,18,19,12,41,0,4,12,7,5,14,0,10,6,12,7,27
20204,A,골목상권,3111065,천일초등학교,79,38,41,2,6,21,18,23,9,2,5,11,7,6,7,0,1,10,11,17,2
20204,A,골목상권,3111049,천호지구대(천호동자전거거리),507,277,230,2,75,90,96,118,126,0,36,50,40,68,83,2,39,40,56,50,43
20204,A,골목상권,3111060,암사역 2번(서울강동초등학교),872,458,414,1,101,211,241,202,116,1,41,97,131,107,81,0,60,114,110,95,35
20204,A,골목상권,3110007,사직공원(한국사회과학도서관),283,185,98,2,58,88,63,41,31,2,30,62,44,27,20,0,28,26,19,14,11
20204,A,골목상권,3110531,홍지문,141,61,80,0,16,26,24,56,19,0,13,19,13,9,7,0,3,7,11,47,12
20204,A,골목상권,3110013,체부동홍종문가옥,125,71,54,0,8,28,31,26,32,0,2,11,18,14,26,0,6,17,13,12,6
20204,D,발달상권,3120017,동묘앞역(동묘),724,205,519,0,78,151,278,136,81,0,13,47,55,37,53,0,65,104,223,99,28
20204,U,관광특구,3001494,종로·청계 관광특구,32892,17118,15774,68,5350,9954,9473,6395,1652,15,2280,4904,4583,4154,1182,53,3070,5050,4890,2241,470
20204,R,전통시장,3130007,광장시장(광장전통시장),466,310,156,0,39,77,97,129,124,0,22,41,73,77,97,0,17,36,24,52,27
20204,R,전통시장,3130018,동대문문구완구거리(동대문문구완구시장),120,70,50,0,11,18,23,38,30,0,6,10,13,22,19,0,5,8,10,16,11
20204,A,골목상권,3110010,평창동서측,5240,2651,2589,1,324,1250,2239,1231,195,0,76,342,1157,943,133,1,248,908,1082,288,62
20204,D,발달상권,3120035,퇴계로5가,2257,1368,889,7,650,570,525,321,184,3,282,379,388,200,116,4,368,191,137,121,68
20204,D,발달상권,3120038,약수역,2299,1362,937,7,436,740,580,324,212,1,189,452,383,196,141,6,247,288,197,128,71
20204,D,발달상권,3120028,명동(명동거리),12590,7582,5008,41,2103,3542,3628,2206,1070,16,1009,1955,2310,1615,677,25,1094,1587,1318,591,393
20204,D,발달상권,3120030,중부경찰서(영화인의거리),11882,6796,5086,53,2154,3638,3422,1957,658,16,721,2139,2091,1366,463,37,1433,1499,1331,591,195
20204,D,발달상권,3120029,을지로2가,7461,4461,3000,27,1938,2808,1698,798,192,7,787,1650,1165,693,159,20,1151,1158,533,105,33
20204,D,발달상권,3120025,롯데백화점(시청광장 지하쇼핑센터),22643,6274,16369,229,12750,7002,1624,945,93,71,3075,2028,780,249,71,158,9675,4974,844,696,22
20204,A,골목상권,3110051,한양공고앞 교차로,111,82,29,0,17,23,33,26,12,0,12,16,24,20,10,0,5,7,9,6,2
20204,R,전통시장,3130046,team204(팀204),20,13,7,0,1,3,4,2,10,0,0,2,3,1,7,0,1,1,1,1,3
20204,R,전통시장,3130047,테크노상가(엘리시움),158,110,48,0,10,26,33,60,29,0,5,20,20,41,24,0,5,6,13,19,5
20204,R,전통시장,3130048,동평화시장,20,11,9,0,7,8,1,4,0,0,3,4,1,3,0,0,4,4,0,1,0
20204,R,전통시장,3130055,"황학시장(서울중앙시장, 신중앙시장)",203,117,86,0,24,49,47,52,31,0,12,25,24,32,24,0,12,24,23,20,7
20204,R,전통시장,3130025,삼익패션타운(남대문시장),5494,2675,2819,69,1760,1561,1124,794,186,31,674,837,763,292,78,38,1086,724,361,502,108
20204,A,골목상권,3110075,숙대입구역 1번,1630,736,894,9,270,506,417,289,139,5,69,188,182,181,111,4,201,318,235,108,28
20204,A,골목상권,3110094,오산중학교,26,12,14,0,0,1,4,13,8,0,0,0,2,6,4,0,0,1,2,7,4
20204,A,골목상권,3110093,우사단길,2647,1632,1015,2,331,1035,757,359,163,1,106,546,562,321,96,1,225,489,195,38,67
20204,A,골목상권,3110089,서빙고동주민센터,752,503,249,1,94,230,220,107,100,0,33,136,159,88,87,1,61,94,61,19,13
20204,A,골목상권,3110064,효창공원앞역 2번,923,525,398,2,126,275,261,160,99,1,49,160,160,88,67,1,77,115,101,72,32
20204,A,골목상권,3110109,금호삼성래미안아파트,92,39,53,0,7,10,12,42,21,0,2,6,3,15,13,0,5,4,9,27,8
20204,A,골목상권,3110108,성동구립금호도서관,6,1,5,0,0,1,4,1,0,0,0,0,0,1,0,0,0,1,4,0,0
20204,A,골목상권,3110104,신금호역 4번,213,141,72,0,22,33,35,54,69,0,6,17,21,37,60,0,16,16,14,17,9
20204,A,골목상권,3110126,서울숲역 1번,27,18,9,0,0,7,2,12,6,0,0,6,0,7,5,0,0,1,2,5,1
20204,A,골목상권,3110135,성동세무서,401,208,193,0,41,84,107,78,91,0,7,43,49,38,71,0,34,41,58,40,20
20204,A,골목상권,3110115,상왕십리역 3번,945,362,583,10,392,218,156,113,56,0,76,84,93,75,34,10,316,134,63,38,22
20204,A,골목상권,3110133,서울교통공사,122,93,29,0,19,25,33,21,24,0,12,18,29,17,17,0,7,7,4,4,7
20204,R,전통시장,3130072,성동용답상가시장,132,71,61,0,21,19,35,39,18,0,9,9,16,26,11,0,12,10,19,13,7
20204,A,골목상권,3110130,답십리역 6번,105,89,16,0,20,24,38,15,8,0,17,20,35,10,7,0,3,4,3,5,1
20204,A,골목상권,3110170,동대부여고,223,128,95,1,37,51,67,45,22,0,17,21,42,32,16,1,20,30,25,13,6
20204,A,골목상권,3110172,광진초등학교,344,227,117,0,42,72,92,91,47,0,17,48,61,65,36,0,25,24,31,26,11
20204,A,골목상권,3110173,구남초등학교,195,106,89,0,34,50,46,44,21,0,16,28,21,25,16,0,18,22,25,19,5
20204,R,전통시장,3130081,자양골목전통시장(자양골목시장),54,36,18,0,7,17,14,9,7,0,5,12,9,6,4,0,2,5,5,3,3
20204,R,전통시장,3130080,자양종합시장(기능상실),14,10,4,0,0,1,6,6,1,0,0,1,4,4,1,0,0,0,2,2,0
20204,A,골목상권,3110143,뚝섬유원지역 1번,44,18,26,1,4,13,9,13,4,1,0,3,5,6,3,0,4,10,4,7,1
20204,D,발달상권,3120053,건대입구역(건대),892,505,387,5,148,146,178,204,211,2,41,65,97,137,163,3,107,81,81,67,48
20204,R,전통시장,3130075,노룬산시장(노룬산골목시장),17,12,5,0,4,5,6,0,2,0,3,3,5,0,1,0,1,2,1,0,1
20204,A,골목상권,3110165,국립정신건강센터,243,175,68,0,12,32,69,76,54,0,7,23,42,59,44,0,5,9,27,17,10
20204,R,전통시장,3130082,면곡골목시장,20,11,9,0,4,0,1,9,6,0,4,0,0,3,4,0,0,0,1,6,2
20204,R,전통시장,3130078,화양제일골목시장,52,17,35,0,6,15,19,9,3,0,1,5,8,2,1,0,5,10,11,7,2
20204,A,골목상권,3110185,용두초등학교,122,77,45,0,13,22,31,32,24,0,5,13,18,22,19,0,8,9,13,10,5
20204,D,발달상권,3120067,장안동사거리,2595,1173,1422,9,427,580,675,579,325,7,165,280,260,257,204,2,262,300,415,322,121
20204,R,전통시장,3130092,청량리농수산물시장,12,9,3,0,0,1,3,5,3,0,0,0,3,3,3,0,0,1,0,2,0
20204,A,골목상권,3110205,경희대삼거리,82,48,34,0,4,13,23,23,19,0,2,10,7,17,12,0,2,3,16,6,7
20204,A,골목상권,3110265,망우역 1번,198,91,107,1,23,43,54,57,20,0,7,18,21,32,13,1,16,25,33,25,7
20204,R,전통시장,3130110,면목골목시장(면목시장),107,64,43,0,1,9,35,38,24,0,1,6,22,19,16,0,0,3,13,19,8
20204,A,골목상권,3110263,면목역 1번,130,71,59,0,13,27,35,24,31,0,7,12,12,14,26,0,6,15,23,10,5
20204,A,골목상권,3110272,신내1동주민센터,477,319,158,0,45,69,93,152,118,0,15,35,60,103,106,0,30,34,33,49,12
20204,R,전통시장,3130113,신아타운,148,27,121,1,31,31,28,39,18,1,4,9,3,4,6,0,27,22,25,35,12
20204,A,골목상권,3110307,길음역 7번,119,62,57,0,17,25,41,19,17,0,7,17,18,10,10,0,10,8,23,9,7
20204,A,골목상권,3110310,길음역 10번,45,14,31,0,12,8,5,15,5,0,4,1,2,4,3,0,8,7,3,11,2
20204,A,골목상권,3110288,동구여중,216,139,77,1,19,49,52,55,40,0,9,22,35,40,33,1,10,27,17,15,7
20204,A,골목상권,3110313,안암역 3번,2069,1344,725,2,208,552,670,474,163,0,95,310,444,355,140,2,113,242,226,119,23
20204,A,골목상권,3110326,장위동성당,84,40,44,0,2,9,16,13,44,0,1,2,6,5,26,0,1,7,10,8,18
20204,R,전통시장,3130117,정릉시장,121,63,58,0,4,15,34,43,25,0,2,8,20,19,14,0,2,7,14,24,11
20204,A,골목상권,3110282,국민대학교앞,980,789,191,13,185,388,206,75,113,12,134,349,179,57,58,1,51,39,27,18,55
20204,R,전통시장,3130118,정릉골 골목형상점가,67,30,37,0,11,13,11,19,13,0,0,2,6,12,10,0,11,11,5,7,3
20204,R,전통시장,3130141,강북북부골목시장,36,19,17,0,12,4,11,6,3,0,3,2,6,6,2,0,9,2,5,0,1
20204,A,골목상권,3110380,강북문화정보도서관,48,15,33,0,12,10,12,10,4,0,0,3,5,4,3,0,12,7,7,6,1
20204,D,발달상권,3120078,미아사거리역,143,89,54,0,27,28,29,30,29,0,12,16,21,18,22,0,15,12,8,12,7
20204,A,골목상권,3110370,도봉세무서,367,255,112,0,17,61,76,105,108,0,11,31,42,80,91,0,6,30,34,25,17
20204,A,골목상권,3110358,인수동 우편취급국,549,295,254,0,18,34,67,210,220,0,2,18,23,91,161,0,16,16,44,119,59
20204,A,골목상권,3110359,수유시장옆,126,72,54,0,12,26,34,40,14,0,3,12,17,32,8,0,9,14,17,8,6
20204,A,골목상권,3110366,광산사거리,91,64,27,0,17,20,17,22,15,0,13,13,11,16,11,0,4,7,6,6,4
20204,A,골목상권,3110391,샘말어린이공원,219,118,101,0,22,44,64,45,44,0,12,26,37,23,20,0,10,18,27,22,24
20204,A,골목상권,3110386,연산군묘,124,114,10,0,4,3,10,44,63,0,1,3,7,40,63,0,3,0,3,4,0
20204,A,골목상권,3110385,효문고등학교,37,22,15,0,3,9,12,4,9,0,2,5,3,4,8,0,1,4,9,0,1
20204,R,전통시장,3130144,백운시장,21,14,7,0,0,1,7,8,5,0,0,0,5,4,5,0,0,1,2,4,0
20204,A,골목상권,3110396,쌍문역1번(쌍리단길),259,94,165,2,41,49,52,76,39,0,13,15,22,29,15,2,28,34,30,47,24
20204,A,골목상권,3110404,신창초등학교,515,298,217,1,42,93,163,136,80,0,11,56,109,76,46,1,31,37,54,60,34
20204,A,골목상권,3110429,공릉동 국수거리,2074,916,1158,3,224,284,511,689,363,1,91,167,248,234,175,2,133,117,263,455,188
20204,A,골목상권,3110438,경춘선숲길 우측,230,110,120,0,26,54,83,52,15,0,12,21,38,30,9,0,14,33,45,22,6
20204,D,발달상권,3120085,은행사거리,317,121,196,4,51,48,80,78,56,3,11,14,21,40,32,1,40,34,59,38,24
20204,A,골목상권,3110458,선일여고,385,200,185,0,32,79,94,119,61,0,19,46,47,52,36,0,13,33,47,67,25
20204,A,골목상권,3110460,구산역 4번,969,582,387,0,57,184,248,234,246,0,18,124,133,121,186,0,39,60,115,113,60
20204,R,전통시장,3130164,역촌중앙시장,9,3,6,0,0,1,2,2,4,0,0,0,1,1,1,0,0,1,1,1,3
20204,A,골목상권,3110450,시립서북병원,774,421,353,3,138,166,179,154,134,2,80,103,96,70,70,1,58,63,83,84,64
20204,A,골목상권,3110456,구산보건지소,967,544,423,3,284,226,177,147,130,1,123,112,94,97,117,2,161,114,83,50,13
20204,A,골목상권,3110486,은평구청,491,279,212,0,81,100,108,134,68,0,54,70,53,61,41,0,27,30,55,73,27
20204,A,골목상권,3110484,역촌역 3번,499,193,306,6,64,131,129,103,66,5,34,45,41,32,36,1,30,86,88,71,30
20204,D,발달상권,3120092,불광역,274,147,127,0,33,51,83,52,55,0,12,29,44,21,41,0,21,22,39,31,14
20204,A,골목상권,3110472,연신내역 4번,335,156,179,2,52,77,79,68,57,1,16,43,30,37,29,1,36,34,49,31,28
20204,R,전통시장,3130168,연서시장,234,155,79,0,19,50,51,64,50,0,5,23,33,49,45,0,14,27,18,15,5
20204,A,골목상권,3110445,덕산중학교,71,53,18,0,18,15,16,8,14,0,10,9,13,7,14,0,8,6,3,1,0
20204,A,골목상권,3110446,내를건너서숲으로도서관,163,124,39,0,6,14,51,45,47,0,5,9,33,35,42,0,1,5,18,10,5
20204,A,골목상권,3110461,새절역 2번,39,21,18,0,2,8,11,10,8,0,2,2,6,6,5,0,0,6,5,4,3
20204,A,골목상권,3110451,증산역 4번,1267,962,305,2,150,378,365,291,81,2,75,289,305,230,61,0,75,89,60,61,20
20204,A,골목상권,3110502,남가좌파출소,290,147,143,0,29,34,73,92,62,0,14,16,35,47,35,0,15,18,38,45,27
20204,A,골목상권,3110520,경의중앙 신촌역,105,57,48,0,31,22,32,12,8,0,10,15,16,10,6,0,21,7,16,2,2
20204,A,골목상권,3110526,봉원사,211,111,100,1,17,38,50,49,56,1,7,21,24,26,32,0,10,17,26,23,24
20204,A,골목상권,3110511,연희초등학교,3646,3286,360,2,420,731,640,1505,348,1,355,646,532,1425,327,1,65,85,108,80,21
20204,D,발달상권,3120093,연희동,661,351,310,2,60,125,170,195,109,0,27,62,91,103,68,2,33,63,79,92,41
20204,A,골목상권,3110504,명지전문대,170,46,124,1,21,19,35,41,53,0,5,4,10,13,14,1,16,15,25,28,39
20204,D,발달상권,3120095,홍제역,931,525,406,1,73,108,267,363,119,0,16,56,142,223,88,1,57,52,125,140,31
20204,A,골목상권,3110587,공덕동주민센터,264,135,129,1,43,53,75,55,37,1,16,31,47,23,17,0,27,22,28,32,20
20204,A,골목상권,3110578,대흥역 2번,2091,1413,678,2,213,337,391,638,510,1,80,225,309,452,346,1,133,112,82,186,164
20204,A,골목상권,3110574,서강대학교,173,123,50,0,35,41,49,38,10,0,17,30,41,30,5,0,18,11,8,8,5
20204,A,골목상권,3110582,이대역 5번,56,17,39,0,6,11,16,13,10,0,0,4,4,4,5,0,6,7,12,9,5
20204,D,발달상권,3120106,마포역,11485,7110,4375,12,1812,2735,2685,2311,1930,8,917,1662,1891,1437,1195,4,895,1073,794,874,735
20204,A,골목상권,3110544,망리단길,1203,718,485,1,179,248,331,253,191,1,107,153,171,147,139,0,72,95,160,106,52
20204,D,발달상권,3120103,홍대입구역(홍대),9580,5991,3589,87,2167,2434,2066,1613,1213,61,1145,1486,1404,988,907,26,1022,948,662,625,306
20204,A,골목상권,3110566,경의선책거리,1690,934,756,2,359,547,406,290,86,1,137,328,252,157,59,1,222,219,154,133,27
20204,R,전통시장,3130187,영진시장,29,14,15,0,4,5,11,7,2,0,2,2,6,2,2,0,2,3,5,5,0
20204,A,골목상권,3110557,홍대부속여중고앞,760,465,295,1,100,188,196,149,126,1,37,110,137,95,85,0,63,78,59,54,41
20204,A,골목상권,3110548,마포구청역 4번,795,475,320,5,130,185,210,136,129,3,57,95,122,89,109,2,73,90,88,47,20
20204,A,골목상권,3110543,중암중학교,38,25,13,0,6,8,14,7,3,0,3,5,8,6,3,0,3,3,6,1,0
20204,A,골목상권,3110585,마포경찰서,918,790,128,0,192,360,176,181,9,0,150,313,153,166,8,0,42,47,23,15,1
20204,D,발달상권,3120112,등촌역,1633,1138,495,10,223,388,373,358,281,6,100,270,265,265,232,4,123,118,108,93,49
20204,A,골목상권,3110618,강서고등학교,193,135,58,0,19,38,52,52,32,0,10,29,36,34,26,0,9,9,16,18,6
20204,A,골목상권,3110599,신월1파출소,378,268,110,3,50,89,94,93,49,2,34,68,63,65,36,1,16,21,31,28,13
20204,A,골목상권,3110596,서서울호수공원,417,272,145,2,48,90,107,113,57,0,28,56,74,71,43,2,20,34,33,42,14
20204,R,전통시장,3130200,"신월7동 골목시장(약수시장, 우성상가)",27,18,9,0,0,3,9,6,9,0,0,0,7,4,7,0,0,3,2,2,2
20211,D,발달상권,3120204,르네상스호텔사거리,41471,20644,20827,102,8167,11056,10671,10081,1394,54,5016,7567,4988,2062,957,48,3151,3489,5683,8019,437
20211,A,골목상권,3110997,대청초등학교,1724,959,765,4,230,291,391,383,425,2,111,162,200,210,274,2,119,129,191,173,151
20211,A,골목상권,3110979,청담초등학교,3004,1918,1086,4,525,926,768,568,213,4,230,632,535,343,174,0,295,294,233,225,39
20211,A,골목상권,3111027,문정초등학교,1393,771,622,3,146,285,323,246,390,1,67,159,209,125,210,2,79,126,114,121,180
20211,A,골목상권,3111020,방이동고분군(방산고등학교),304,225,79,1,20,103,84,54,42,0,7,73,64,48,33,1,13,30,20,6,9
20211,R,전통시장,3130313,방이시장,3889,1825,2064,10,726,635,634,1135,749,8,362,409,357,377,312,2,364,226,277,758,437
20211,A,골목상권,3111005,삼전역 3번,1865,1358,507,0,320,617,459,302,167,0,215,449,339,222,133,0,105,168,120,80,34
20211,A,골목상권,3111037,Sh수협은행 오금동금융센터(아랫말어린이공원),373,243,130,0,37,103,90,93,50,0,25,84,60,43,31,0,12,19,30,50,19
20211,A,골목상권,3111032,방이역 1번,3878,2552,1326,4,235,340,599,718,1982,3,139,237,411,469,1293,1,96,103,188,249,689
20211,A,골목상권,3111081,둔촌푸르지오아파트,78,50,28,0,8,17,18,18,17,0,4,12,13,6,15,0,4,5,5,12,2
20211,A,골목상권,3111089,상일여고(상일초등학교),750,505,245,0,50,131,180,233,156,0,31,81,127,154,112,0,19,50,53,79,44
20211,A,골목상권,3111059,강동역 4번(강풀만화거리),774,420,354,3,87,144,177,164,199,1,47,73,92,91,116,2,40,71,85,73,83
20211,A,골목상권,3111067,강동구립성내도서관,746,414,332,2,73,149,192,177,153,1,36,98,107,84,88,1,37,51,85,93,65
20211,A,골목상권,3110005,세검정,1057,542,515,6,132,305,306,202,106,2,40,143,167,124,66,4,92,162,139,78,40
20211,A,골목상권,3110008,배화여자대학교(박노수미술관),507,350,157,1,50,79,121,161,95,0,15,45,93,121,76,1,35,34,28,40,19
20211,A,골목상권,3110035,동묘앞역 2번,276,161,115,2,18,43,75,88,50,0,5,18,42,65,31,2,13,25,33,23,19
20211,A,골목상권,3110027,혜화역 1번,598,358,240,1,67,108,127,97,198,0,25,70,64,54,145,1,42,38,63,43,53
20211,D,발달상권,3120015,종로6가,302,153,149,0,49,64,69,65,55,0,17,23,27,42,44,0,32,41,42,23,11
20211,R,전통시장,3130011,충신시장,88,44,44,0,19,19,20,17,13,0,7,11,8,8,10,0,12,8,12,9,3
20211,A,골목상권,3110030,동대문역 3번,7,3,4,0,2,2,2,1,0,0,0,2,1,0,0,0,2,0,1,1,0
20211,A,골목상권,3110015,청와대사랑채,578,345,233,0,64,147,166,126,75,0,16,63,110,91,65,0,48,84,56,35,10
20211,A,골목상권,3110011,청운초등학교,263,188,75,0,21,105,79,43,15,0,21,95,44,16,12,0,0,10,35,27,3
20211,A,골목상권,3110024,혜회동주민센터,928,263,665,0,135,264,294,184,51,0,17,64,90,55,37,0,118,200,204,129,14
20211,D,발달상권,3120032,충무로역,10818,5021,5797,35,1541,2434,3139,2621,1048,15,532,1200,1480,1142,652,20,1009,1234,1659,1479,396
20211,A,골목상권,3110045,동대문역사문화공원역 5번,234,174,60,0,24,54,64,55,37,0,11,38,46,47,32,0,13,16,18,8,5
20211,D,발달상권,3120031,을지로3가역,6147,3450,2697,9,699,1541,1643,1286,969,0,223,730,924,892,681,9,476,811,719,394,288
20211,R,전통시장,3130038,"평화시장(통일상가, 동화상가)",1000,670,330,3,116,301,291,198,91,0,63,167,223,150,67,3,53,134,68,48,24
20211,D,발달상권,3120020,시청역_1번,6561,4672,1889,29,1436,1964,1905,1013,214,17,728,1351,1643,776,157,12,708,613,262,237,57
20211,A,골목상권,3110043,충무초등학교,1202,670,532,12,212,307,331,223,117,7,97,155,169,152,90,5,115,152,162,71,27
20211,D,발달상권,3120018,중림동,2190,1368,822,2,393,736,598,295,166,2,207,425,357,238,139,0,186,311,241,57,27
20211,A,골목상권,3110057,황학코아루아파트,64,44,20,0,8,13,20,10,13,0,4,6,17,8,9,0,4,7,3,2,4
20211,A,골목상권,3110055,황학동벼룩시장,29,19,10,0,1,4,6,11,7,0,1,3,5,6,4,0,0,1,1,5,3
20211,A,골목상권,3110078,이촌동점보아파트,69,29,40,0,12,15,17,13,12,0,3,8,7,5,6,0,9,7,10,8,6
20211,A,골목상권,3110082,용산구청,1618,809,809,5,175,461,427,442,108,4,53,155,206,304,87,1,122,306,221,138,21
20211,D,발달상권,3120041,신용산역(용산역),20372,8281,12091,72,4418,6743,5760,2509,870,25,1460,2533,2359,1337,567,47,2958,4210,3401,1172,303
20211,A,골목상권,3110073,삼각지역 3번,7975,2387,5588,56,2508,2886,1913,505,107,25,861,919,424,119,39,31,1647,1967,1489,386,68
20211,A,골목상권,3110076,삼각지역 14번,537,175,362,0,46,143,158,153,37,0,11,49,61,45,9,0,35,94,97,108,28
20211,A,골목상권,3110099,유엔빌리지길,12646,10311,2335,33,1746,2596,3298,4558,415,25,904,1899,2859,4264,360,8,842,697,439,294,55
20211,A,골목상권,3110588,한겨레신문사,169,92,77,0,34,44,41,33,17,0,14,22,20,21,15,0,20,22,21,12,2
20211,R,전통시장,3130059,후암시장,64,40,24,0,6,12,16,11,19,0,4,5,10,7,14,0,2,7,6,4,5
20211,R,전통시장,3130064,금남시장,36,13,23,0,6,7,8,4,11,0,1,0,5,2,5,0,5,7,3,2,6
20211,A,골목상권,3110107,금호사거리,37,30,7,0,4,8,4,11,10,0,3,5,4,9,9,0,1,3,0,2,1
20211,A,골목상권,3110117,성동구보건소,103,73,30,1,14,27,19,33,9,1,10,20,11,25,6,0,4,7,8,8,3
20211,D,발달상권,3120050,서울숲역,212,159,53,0,33,40,60,52,27,0,19,30,47,41,22,0,14,10,13,11,5
20211,D,발달상권,3120052,성수역,11387,7284,4103,23,2113,2900,2661,2238,1452,12,1170,1971,1783,1298,1050,11,943,929,878,940,402
20211,R,전통시장,3130067,왕십리도선동상점가,1670,335,1335,3,166,202,291,591,417,1,78,98,69,49,40,2,88,104,222,542,377
20211,D,발달상권,3120066,장한평역(장한평),7424,4770,2654,43,1531,1839,1491,1235,1285,10,739,1202,991,818,1010,33,792,637,500,417,275
20211,A,골목상권,3110113,응봉산,77,43,34,0,14,15,14,16,18,0,4,11,7,6,15,0,10,4,7,10,3
20211,A,골목상권,3110112,행당역 2번,207,101,106,0,37,37,38,53,42,0,14,19,16,26,26,0,23,18,22,27,16
20211,A,골목상권,3110169,성동초등학교,253,139,114,1,28,41,73,68,42,0,15,21,36,39,28,1,13,20,37,29,14
20211,A,골목상권,3110156,군자역 5번,621,363,258,0,96,181,173,112,59,0,41,114,101,67,40,0,55,67,72,45,19
20211,A,골목상권,3110157,자양동우체국,1097,891,206,10,352,279,244,141,71,7,300,237,180,106,61,3,52,42,64,35,10
20211,A,골목상권,3110163,성자초등학교,284,143,141,0,39,46,67,77,55,0,14,27,32,31,39,0,25,19,35,46,16
20211,A,골목상권,3110168,대원고등학교,524,374,150,0,64,95,121,160,84,0,36,69,87,110,72,0,28,26,34,50,12
20211,A,골목상권,3110212,답십리초등학교,204,144,60,0,26,37,42,67,32,0,18,26,27,50,23,0,8,11,15,17,9
20211,A,골목상권,3110187,제기동역 6번,3124,2222,902,15,559,867,746,552,385,7,387,605,531,394,298,8,172,262,215,158,87
20211,A,골목상권,3110229,장평중학교,1332,862,470,0,145,164,190,318,515,0,81,103,125,211,342,0,64,61,65,107,173
20211,A,골목상권,3110231,장안교,11,8,3,0,0,1,4,5,1,0,0,1,3,4,0,0,0,0,1,1,1
20211,R,전통시장,3130088,경동시장,126,57,69,0,18,32,24,17,35,0,3,11,11,10,22,0,15,21,13,7,13
20211,A,골목상권,3110194,홍파초등학교,112,85,27,0,6,32,24,36,14,0,4,20,20,31,10,0,2,12,4,5,4
20211,A,골목상권,3110203,떡전교사거리,99,63,36,1,9,15,32,29,13,1,0,7,26,20,9,0,9,8,6,9,4
20211,A,골목상권,3110278,망우본동주민센터,276,166,110,1,32,46,77,81,39,0,10,25,43,56,32,1,22,21,34,25,7
20211,R,전통시장,3130106,중랑동부시장,166,56,110,1,20,40,34,39,32,0,1,8,7,21,19,1,19,32,27,18,13
20211,A,골목상권,3110246,월드순복음교회,431,312,119,0,27,97,158,95,54,0,12,69,122,65,44,0,15,28,36,30,10
20211,A,골목상권,3110261,사가정역 4번,167,90,77,1,16,29,49,50,22,1,8,15,25,26,15,0,8,14,24,24,7
20211,A,골목상권,3110242,면목5동주민센터,164,112,52,0,21,28,56,30,29,0,12,23,31,22,24,0,9,5,25,8,5
20211,A,골목상권,3110241,먹골역 5번,415,213,202,0,61,87,97,117,53,0,17,49,46,63,38,0,44,38,51,54,15
20211,D,발달상권,3120069,상봉역,1012,728,284,3,69,146,222,270,302,1,40,71,131,216,269,2,29,75,91,54,33
20211,A,골목상권,3110233,중랑역 1번,142,46,96,1,23,27,50,35,6,1,6,7,16,11,5,0,17,20,34,24,1
20211,A,골목상권,3110281,길상사,13818,12089,1729,12,1418,3093,4061,4964,270,1,960,2426,3678,4823,201,11,458,667,383,141,69
20211,A,골목상권,3110309,대광초등학교,376,266,110,0,38,63,108,103,64,0,19,44,71,78,54,0,19,19,37,25,10
20211,A,골목상권,3110318,KT월곡지사,148,78,70,0,21,29,45,36,17,0,10,19,22,14,13,0,11,10,23,22,4
20211,A,골목상권,3110379,KT&G 북부지사,12,3,9,1,1,1,3,3,3,0,0,0,1,1,1,1,1,1,2,2,2
20211,A,골목상권,3110373,수유역 2번,891,705,186,0,129,255,172,236,99,0,90,208,134,205,68,0,39,47,38,31,31
20211,R,전통시장,3130132,삼양골목시장(삼양시장),61,19,42,0,10,14,13,15,9,0,0,4,5,5,5,0,10,10,8,10,4
20211,A,골목상권,3110377,미아사거리역 3번,21,14,7,0,2,2,2,9,6,0,2,2,1,4,5,0,0,0,1,5,1
20211,A,골목상권,3110345,솔밭공원역 2번,114,47,67,1,14,18,26,37,18,0,3,6,8,17,13,1,11,12,18,20,5
20211,A,골목상권,3110342,국립재활원,60,45,15,0,5,11,20,15,9,0,3,8,14,13,7,0,2,3,6,2,2
20211,A,골목상권,3110348,강북문화예술회관,343,174,169,0,27,59,108,96,53,0,4,31,63,43,33,0,23,28,45,53,20
20211,A,골목상권,3110338,인수초등학교,263,192,71,0,34,67,61,63,38,0,18,49,44,48,33,0,16,18,17,15,5
20211,A,골목상권,3110402,도봉구 정병원,471,221,250,1,85,98,98,106,83,0,24,38,54,59,46,1,61,60,44,47,37
20211,A,골목상권,3110383,덕성여대시반거리,33,21,12,0,0,3,13,10,7,0,0,2,9,5,5,0,0,1,4,5,2
20211,R,전통시장,3130145,쌍문역둘리상점가,244,202,42,0,39,44,77,62,22,0,28,35,65,56,18,0,11,9,12,6,4
20211,A,골목상권,3110392,발바닥공원,43,17,26,0,2,8,7,10,16,0,0,0,3,3,11,0,2,8,4,7,5
20211,A,골목상권,3110416,노원초등학교,468,244,224,4,61,110,118,126,49,2,24,73,58,58,29,2,37,37,60,68,20
20211,A,골목상권,3110428,상계5동주민센터,491,217,274,1,43,52,106,158,131,0,14,25,45,70,63,1,29,27,61,88,68
20211,D,발달상권,3120080,마들역,180,46,134,0,30,45,46,36,23,0,2,7,9,13,15,0,28,38,37,23,8
20211,A,골목상권,3110464,연신내역 5번,301,170,131,4,32,53,93,85,34,4,18,28,44,49,27,0,14,25,49,36,7
20211,A,골목상권,3110457,예일여고,482,283,199,1,60,88,88,132,113,0,27,46,47,71,92,1,33,42,41,61,21
20211,D,발달상권,3120091,본서부병원,516,192,324,1,51,69,119,165,111,0,20,28,51,55,38,1,31,41,68,110,73
20211,A,골목상권,3110485,연신내우체국,1259,678,581,0,7,24,35,160,1033,0,4,5,15,70,584,0,3,19,20,90,449
20211,A,골목상권,3110488,우리은행응암동지점,174,104,70,1,14,24,41,38,56,0,8,16,19,15,46,1,6,8,22,23,10
20211,R,전통시장,3130163,응암오거리상점가,182,49,133,0,24,28,44,50,36,0,4,8,11,12,14,0,20,20,33,38,22
20211,A,골목상권,3110449,증산역 3번,709,410,299,0,104,160,182,147,116,0,47,98,96,84,85,0,57,62,86,63,31
20211,D,발달상권,3120094,"신촌역(신촌역, 신촌로터리)",5328,2411,2917,67,2381,1182,676,592,430,23,994,579,296,278,241,44,1387,603,380,314,189
20211,R,전통시장,3130175,신촌 상인회(신촌상점가),13,5,8,0,1,3,5,4,0,0,1,0,1,3,0,0,0,3,4,1,0
20211,D,발달상권,3120097,충정로역,2246,1354,892,0,321,658,631,407,229,0,172,390,397,254,141,0,149,268,234,153,88
20211,R,전통시장,3130176,유진상가,38,23,15,0,20,16,1,1,0,0,9,13,1,0,0,0,11,3,0,1,0
20211,A,골목상권,3110523,홍제성원아파트,21,9,12,0,0,4,5,7,5,0,0,0,2,5,2,0,0,4,3,2,3
20211,D,발달상권,3120107,공덕역(공덕오거리),13077,7619,5458,43,2471,3470,3552,3026,515,9,1021,2002,2300,1900,387,34,1450,1468,1252,1126,128
20211,A,골목상권,3110586,서울서부지방법원,1855,953,902,2,423,499,464,293,174,1,233,283,196,130,110,1,190,216,268,163,64
20211,A,골목상권,3110540,망원나들목체육관,238,107,131,0,39,63,70,47,19,0,19,28,26,23,11,0,20,35,44,24,8
20211,A,골목상권,3110567,광흥창역 6번,91,61,30,0,16,26,27,12,10,0,8,20,13,11,9,0,8,6,14,1,1
20211,A,골목상권,3110565,홍익대,110,66,44,0,16,34,34,19,7,0,8,16,23,13,6,0,8,18,11,6,1
20211,A,골목상권,3110560,마포FM,292,140,152,0,26,64,87,77,38,0,10,26,40,36,28,0,16,38,47,41,10
20211,A,골목상권,3110549,새터산,357,165,192,1,57,79,100,64,56,1,24,39,47,22,32,0,33,40,53,42,24
20211,D,발달상권,3120099,월드컵경기장역(월드컵경기장),84,57,27,0,11,20,26,14,13,0,6,16,21,7,7,0,5,4,5,7,6
20211,A,골목상권,3110581,염리초등학교,16,11,5,0,0,0,2,6,8,0,0,0,2,3,6,0,0,0,0,3,2
20211,D,발달상권,3120113,오목교역,641,380,261,2,98,147,163,141,90,1,45,81,95,95,63,1,53,66,68,46,27
20211,D,발달상권,3120110,목동역 8번출구,1858,1400,458,2,142,216,286,247,965,1,42,102,166,181,908,1,100,114,120,66,57
20211,A,골목상권,3110617,등촌역 4번,262,188,74,0,47,75,73,48,19,0,37,55,50,31,15,0,10,20,23,17,4
20211,A,골목상권,3110597,신월1동주민센터,517,302,215,0,30,68,111,150,158,0,14,36,54,84,114,0,16,32,57,66,44
20211,R,전통시장,3130199,신월3동 골목시장,18,8,10,0,1,4,4,9,0,0,0,1,3,4,0,0,1,3,1,5,0
20211,A,골목상권,3110615,신서초등학교,87,63,24,0,20,21,27,13,6,0,14,18,18,8,5,0,6,3,9,5,1
20211,A,골목상권,3110674,강서구청가양동별관,260,189,71,0,21,55,61,47,76,0,14,46,35,29,65,0,7,9,26,18,11
20211,A,골목상권,3110677,등촌역 1번,410,321,89,1,50,80,83,91,105,1,24,51,70,76,99,0,26,29,13,15,6
20211,A,골목상권,3110676,등촌역 7번,228,138,90,0,31,34,61,56,46,0,13,20,36,37,32,0,18,14,25,19,14
20211,D,발달상권,3120117,강서농산물도매시장,451,280,171,0,12,62,127,153,97,0,9,48,78,89,56,0,3,14,49,64,41
20211,A,골목상권,3110636,방화역 2번,152,76,76,1,25,49,41,21,15,0,9,26,27,4,10,1,16,23,14,17,5
20211,A,골목상권,3110631,방화초등학교,335,161,174,2,32,63,68,100,70,2,19,34,37,37,32,0,13,29,31,63,38
20211,D,발달상권,3120120,화곡역,927,405,522,1,177,218,193,196,142,0,46,109,84,81,85,1,131,109,109,115,57
20211,A,골목상권,3110656,까치산역 3번,829,493,336,13,89,206,249,190,82,12,52,128,151,91,59,1,37,78,98,99,23
20211,D,발달상권,3120121,까치산역,365,145,220,2,51,46,72,106,88,2,12,18,29,43,41,0,39,28,43,63,47
20211,A,골목상권,3110654,까치산역 4번,1027,687,340,2,68,149,252,380,176,1,38,81,139,281,147,1,30,68,113,99,29
20211,A,골목상권,3110665,곰달래도서관,469,285,184,0,36,92,123,138,80,0,25,60,79,74,47,0,11,32,44,64,33
20211,A,골목상권,3110662,까치산역 1번,1480,885,595,4,245,501,396,234,100,4,129,301,207,171,73,0,116,200,189,63,27
20211,R,전통시장,3130217,화곡본동시장,36,16,20,0,3,5,10,13,5,0,1,3,5,6,1,0,2,2,5,7,4
20211,A,골목상권,3110691,개봉중학교,395,205,190,0,37,65,119,115,59,0,20,38,49,52,46,0,17,27,70,63,13
20211,A,골목상권,3110705,고산초등학교,33,19,14,0,3,2,8,7,13,0,3,1,8,2,5,0,0,1,0,5,8
20211,R,전통시장,3130229,남구로시장,249,139,110,1,16,53,61,62,56,0,7,30,31,32,39,1,9,23,30,30,17
20211,A,골목상권,3110680,온수역 5번(온수산업단지),901,770,131,15,129,129,157,274,197,15,105,106,127,234,183,0,24,23,30,40,14
20211,A,골목상권,3110685,금강수목원아파트,56,39,17,0,10,12,12,11,11,0,7,10,5,7,10,0,3,2,7,4,1
20211,D,발달상권,3120132,독산동,4203,2884,1319,13,512,908,1016,1074,680,12,350,650,695,701,476,1,162,258,321,373,204
20211,A,골목상권,3110732,가산초등학교(세일중학교),362,258,104,1,42,68,107,79,65,0,23,39,78,64,54,1,19,29,29,15,11
20211,A,골목상권,3110729,가산동우체국,151,112,39,0,19,30,40,39,23,0,14,19,30,30,19,0,5,11,10,9,4
20211,A,골목상권,3110723,가산디지털단지역 1번 출입구,286,247,39,0,6,10,37,130,103,0,6,5,26,113,97,0,0,5,11,17,6
20211,A,골목상권,3110742,KT금천빌딩(금천구시설관리공단),426,237,189,0,42,83,106,125,70,0,21,57,71,54,34,0,21,26,35,71,36
20211,A,골목상권,3110748,백산초등학교,102,64,38,0,6,19,21,26,30,0,2,9,11,22,20,0,4,10,10,4,10
20211,A,골목상권,3110749,금산초등학교(금천고등학교),418,255,163,0,51,99,100,118,50,0,26,61,51,81,36,0,25,38,49,37,14
20211,A,골목상권,3110750,시흥4동주민센터(서울신흥초등학교),397,221,176,4,78,83,80,104,48,4,47,62,43,33,32,0,31,21,37,71,16
20211,D,발달상권,3120141,영등포청과시장교차로,601,418,183,2,71,137,188,115,88,1,36,85,133,86,77,1,35,52,55,29,11
20211,R,전통시장,3130240,영등포유통상가,1400,893,507,0,128,296,347,287,342,0,68,168,226,194,237,0,60,128,121,93,105
20211,A,골목상권,3110763,영등포구청역 2번,480,353,127,2,84,147,107,84,56,0,53,100,79,72,49,2,31,47,28,12,7
20211,A,골목상권,3110786,당산역 8번,271,179,92,2,20,41,60,51,97,2,8,21,42,38,68,0,12,20,18,13,29
20211,R,전통시장,3130247,우리시장,19,15,4,0,3,4,4,3,5,0,1,3,4,3,4,0,2,1,0,0,1
20211,A,골목상권,3110817,대방역 4번,26,19,7,0,2,6,6,6,6,0,0,4,4,6,5,0,2,2,2,0,1
20211,R,전통시장,3130256,신동시장,2,2,0,0,0,0,0,1,1,0,0,0,0,1,1,0,0,0,0,0,0
20211,A,골목상권,3110757,양평역 2번,1501,1114,387,1,111,230,356,424,379,0,51,176,286,314,287,1,60,54,70,110,92
20211,A,골목상권,3110762,선유도역 1번,3139,2286,853,6,392,669,739,809,524,4,217,459,529,629,448,2,175,210,210,180,76
20211,A,골목상권,3110807,신길역 3번,102,70,32,0,6,16,23,27,30,0,4,8,18,19,21,0,2,8,5,8,9
20211,R,전통시장,3130250,삼구시장(로타리상가),1,0,1,0,0,0,0,1,0,0,0,0,0,0,0,0,0,0,0,1,0
20211,A,골목상권,3110803,신길2동우편취급국,312,224,88,0,17,27,58,67,143,0,6,14,33,43,128,0,11,13,25,24,15
20211,A,골목상권,3110847,예술인마을,443,216,227,3,52,135,137,77,39,3,13,60,74,37,29,0,39,75,63,40,10
20211,R,전통시장,3130272,사당시장,45,20,25,0,4,6,10,11,14,0,0,1,4,6,9,0,4,5,6,5,5
20211,A,골목상권,3110843,사당5동주민센터,181,135,46,1,22,25,55,52,26,0,16,17,34,44,24,1,6,8,21,8,2
20211,A,골목상권,3110835,상도역 1번,296,170,126,0,81,95,59,38,23,0,32,61,37,19,21,0,49,34,22,19,2
20211,A,골목상권,3110830,상도초등학교,281,152,129,0,22,61,73,85,40,0,7,29,36,54,26,0,15,32,37,31,14
20211,D,발달상권,3120154,장승배기역,497,214,283,1,64,124,128,111,69,0,19,58,68,39,30,1,45,66,60,72,39
20211,D,발달상권,3120151,보라매공원,2417,1455,962,6,401,736,707,383,184,4,194,433,450,237,137,2,207,303,257,146,47
20211,A,골목상권,3110863,난우초등학교,319,179,140,6,40,61,63,79,70,5,23,30,38,36,47,1,17,31,25,43,23
20211,A,골목상권,3110867,국제신학대학원대학교(남서울중학교),202,117,85,0,8,34,39,53,68,0,2,15,21,32,47,0,6,19,18,21,21
20211,A,골목상권,3110882,신성초등학교,733,444,289,1,95,131,215,168,123,0,52,67,122,109,94,1,43,64,93,59,29
20211,A,골목상권,3110864,신림우방아파트,236,161,75,0,31,48,53,60,44,0,21,31,37,43,29,0,10,17,16,17,15
20211,A,골목상권,3110871,신원동주민센터,64,32,32,1,6,13,19,12,13,0,4,6,8,7,7,1,2,7,11,5,6
20211,R,전통시장,3130283,신원시장,25,11,14,0,3,3,10,5,4,0,1,1,3,3,3,0,2,2,7,2,1
20211,A,골목상권,3110854,조원동주민센터,55,39,16,0,4,5,17,21,8,0,3,5,9,15,7,0,1,0,8,6,1
20211,A,골목상권,3110898,청림동주민센터(상도중학교),66,27,39,0,16,14,14,16,6,0,5,3,8,7,4,0,11,11,6,9,2
20211,D,발달상권,3120170,삼호가든사거리,2026,1161,865,8,279,587,623,346,183,7,113,333,412,168,128,1,166,254,211,178,55
20211,A,골목상권,3110917,서초소방서,1505,939,566,6,157,432,402,355,153,2,72,281,295,181,108,4,85,151,107,174,45
20211,A,골목상권,3110918,방배역 3번,682,438,244,3,98,127,164,142,148,2,59,85,108,86,98,1,39,42,56,56,50
20211,A,골목상권,3110903,방배아이파크아파트,7222,2653,4569,7,1242,1778,2487,1322,386,1,333,597,951,599,172,6,909,1181,1536,723,214
20211,A,골목상권,3110915,서래초등학교,3011,2335,676,14,441,940,1066,421,129,11,286,683,868,373,114,3,155,257,198,48,15
20211,A,골목상권,3110926,신중초등학교,1610,1175,435,6,193,359,463,382,207,3,114,263,355,292,148,3,79,96,108,90,59
20211,A,골목상권,3110928,서초우방유쉘아파트,596,491,105,1,57,109,125,205,99,1,29,76,109,190,86,0,28,33,16,15,13
20211,D,발달상권,3120184,포이사거리(삼호물산),10139,7003,3136,20,1553,3044,2666,1705,1151,10,846,2068,2010,1212,857,10,707,976,656,493,294
20211,A,골목상권,3110941,언남고등학교,261,158,103,0,33,46,89,58,35,0,14,26,51,40,27,0,19,20,38,18,8
20211,D,발달상권,3120174,논현역 5번,680,379,301,6,108,196,155,93,122,4,39,108,90,58,80,2,69,88,65,35,42
20211,A,골목상권,3110927,잠원역,745,553,192,2,93,342,198,98,12,2,82,218,159,81,11,0,11,124,39,17,1
20211,A,골목상권,3110977,논현로18길,148,102,46,0,22,32,45,29,20,0,14,20,33,20,15,0,8,12,12,9,5
20211,A,골목상권,3110961,언주역 3번,962,673,289,5,172,286,248,140,111,3,97,184,187,112,90,2,75,102,61,28,21
20211,A,골목상권,3110970,학동초등학교,378,236,142,1,66,98,102,65,46,0,27,49,66,57,37,1,39,49,36,8,9
20211,D,발달상권,3120219,은마아파트,17175,5797,11378,202,3397,3819,3179,4061,2517,83,1254,1872,1374,818,396,119,2143,1947,1805,3243,2121
20211,D,발달상권,3120222,삼성역,43324,24141,19183,244,8091,13641,10294,6385,4669,119,3186,7703,6883,3711,2539,125,4905,5938,3411,2674,2130
20211,D,발달상권,3120201,도곡1동,11549,6381,5168,116,3564,3468,2477,1299,625,31,1365,2018,1727,754,486,85,2199,1450,750,545,139
20211,D,발달상권,3120213,삼성중앙역,8521,5150,3371,50,1869,2485,1911,1070,1136,12,830,1515,1305,716,772,38,1039,970,606,354,364
20211,D,발달상권,3120209,"강남구청(청담역_8번, 강남세무서)",8987,2610,6377,34,2050,2684,2467,1172,580,9,538,752,537,395,379,25,1512,1932,1930,777,201
20211,D,발달상권,3120216,경기고교사거리(경기고교앞사거리),4934,3621,1313,8,712,1628,1666,772,148,5,291,1070,1431,703,121,3,421,558,235,69,27
20211,A,골목상권,3110986,삼성중앙역 7번,90,59,31,0,9,18,36,19,8,0,3,6,29,15,6,0,6,12,7,4,2
20211,D,발달상권,3120224,수서역,12418,6339,6079,23,1900,3177,3167,2346,1805,12,860,1669,1497,1232,1069,11,1040,1508,1670,1114,736
20211,D,발달상권,3120195,성수대교남단,5611,2685,2926,39,1393,2394,1102,426,257,15,487,1194,634,208,147,24,906,1200,468,218,110
20211,D,발달상권,3120198,구역삼세무서,11531,7246,4285,23,2691,3529,2889,1562,837,12,1141,2216,2115,1139,623,11,1550,1313,774,423,214
20211,A,골목상권,3110958,역삼역 4번,997,760,237,1,96,197,300,298,105,1,46,133,254,241,85,0,50,64,46,57,20
20211,A,골목상권,3110956,언주역 8번,1199,758,441,4,361,471,199,87,77,2,158,307,163,70,58,2,203,164,36,17,19
20211,A,골목상권,3111025,경찰병원역 3번,686,412,274,1,84,164,149,157,131,0,45,102,103,88,74,1,39,62,46,69,57
20211,A,골목상권,3111029,오금역 4번,427,314,113,3,71,108,91,79,75,1,51,81,67,55,59,2,20,27,24,24,16
20211,A,골목상권,3111042,거여역 1번(거여공원),872,597,275,3,147,186,251,200,85,3,121,134,159,130,50,0,26,52,92,70,35
20211,D,발달상권,3120235,문정역,954,648,306,1,117,204,211,255,166,0,70,158,152,154,114,1,47,46,59,101,52
20211,A,골목상권,3111023,문정역 1번,939,576,363,2,133,202,263,204,135,0,86,139,184,100,67,2,47,63,79,104,68
20211,D,발달상권,3120232,송파나루역,1056,714,342,0,185,302,235,171,163,0,80,192,163,131,148,0,105,110,72,40,15
20211,U,관광특구,3001495,잠실 관광특구,25240,14855,10385,124,4880,6877,5824,4628,2907,55,2599,4419,3662,2383,1737,69,2281,2458,2162,2245,1170
20211,A,골목상권,3111006,석촌고분역 1번,1112,721,391,0,127,292,337,203,153,0,56,169,242,135,119,0,71,123,95,68,34
20211,R,전통시장,3130312,석촌시장,619,270,349,1,20,40,81,170,307,1,9,23,43,41,153,0,11,17,38,129,154
20211,D,발달상권,3120227,잠실역,45462,24220,21242,163,8142,11830,12761,11282,1284,51,3785,7436,7437,4549,962,112,4357,4394,5324,6733,322
20211,A,골목상권,3111090,강일동주민센터,91,35,56,0,15,30,23,17,6,0,1,10,10,10,4,0,14,20,13,7,2
20211,A,골목상권,3111068,강동성심병원,1570,605,965,0,532,392,271,203,172,0,126,134,114,101,130,0,406,258,157,102,42
20211,R,전통시장,3130323,둔촌역전통시장,171,86,85,0,3,14,23,36,95,0,2,6,8,14,56,0,1,8,15,22,39
20211,D,발달상권,3120244,암사역,916,401,515,0,70,85,103,111,547,0,14,44,49,42,252,0,56,41,54,69,295
20211,A,골목상권,3111054,암사역 4번(삼성광나루아파트),104,42,62,0,14,18,19,12,41,0,4,12,7,5,14,0,10,6,12,7,27
20211,A,골목상권,3111065,천일초등학교,79,38,41,2,6,21,18,23,9,2,5,11,7,6,7,0,1,10,11,17,2
20211,A,골목상권,3111049,천호지구대(천호동자전거거리),507,277,230,2,75,90,96,118,126,0,36,50,40,68,83,2,39,40,56,50,43
20211,A,골목상권,3111060,암사역 2번(서울강동초등학교),872,458,414,1,101,211,241,202,116,1,41,97,131,107,81,0,60,114,110,95,35
20211,A,골목상권,3110007,사직공원(한국사회과학도서관),283,185,98,2,58,88,63,41,31,2,30,62,44,27,20,0,28,26,19,14,11
20211,A,골목상권,3110531,홍지문,141,61,80,0,16,26,24,56,19,0,13,19,13,9,7,0,3,7,11,47,12
20211,A,골목상권,3110013,체부동홍종문가옥,125,71,54,0,8,28,31,26,32,0,2,11,18,14,26,0,6,17,13,12,6
20211,D,발달상권,3120017,동묘앞역(동묘),724,205,519,0,78,151,278,136,81,0,13,47,55,37,53,0,65,104,223,99,28
20211,U,관광특구,3001494,종로·청계 관광특구,32892,17118,15774,68,5350,9954,9473,6395,1652,15,2280,4904,4583,4154,1182,53,3070,5050,4890,2241,470
20211,R,전통시장,3130007,광장시장(광장전통시장),466,310,156,0,39,77,97,129,124,0,22,41,73,77,97,0,17,36,24,52,27
20211,R,전통시장,3130018,동대문문구완구거리(동대문문구완구시장),120,70,50,0,11,18,23,38,30,0,6,10,13,22,19,0,5,8,10,16,11
20211,A,골목상권,3110010,평창동서측,5240,2651,2589,1,324,1250,2239,1231,195,0,76,342,1157,943,133,1,248,908,1082,288,62
20211,D,발달상권,3120035,퇴계로5가,2257,1368,889,7,650,570,525,321,184,3,282,379,388,200,116,4,368,191,137,121,68
20211,D,발달상권,3120038,약수역,2299,1362,937,7,436,740,580,324,212,1,189,452,383,196,141,6,247,288,197,128,71
20211,D,발달상권,3120028,명동(명동거리),12590,7582,5008,41,2103,3542,3628,2206,1070,16,1009,1955,2310,1615,677,25,1094,1587,1318,591,393
20211,D,발달상권,3120030,중부경찰서(영화인의거리),11882,6796,5086,53,2154,3638,3422,1957,658,16,721,2139,2091,1366,463,37,1433,1499,1331,591,195
20211,D,발달상권,3120029,을지로2가,7461,4461,3000,27,1938,2808,1698,798,192,7,787,1650,1165,693,159,20,1151,1158,533,105,33
20211,D,발달상권,3120025,롯데백화점(시청광장 지하쇼핑센터),22643,6274,16369,229,12750,7002,1624,945,93,71,3075,2028,780,249,71,158,9675,4974,844,696,22
20211,A,골목상권,3110051,한양공고앞 교차로,111,82,29,0,17,23,33,26,12,0,12,16,24,20,10,0,5,7,9,6,2
20211,R,전통시장,3130046,team204(팀204),20,13,7,0,1,3,4,2,10,0,0,2,3,1,7,0,1,1,1,1,3
20213,A,골목상권,3110882,신성초등학교,733,444,289,1,95,131,215,168,123,0,52,67,122,109,94,1,43,64,93,59,29
20213,A,골목상권,3110864,신림우방아파트,236,161,75,0,31,48,53,60,44,0,21,31,37,43,29,0,10,17,16,17,15
20213,A,골목상권,3110871,신원동주민센터,64,32,32,1,6,13,19,12,13,0,4,6,8,7,7,1,2,7,11,5,6
20213,R,전통시장,3130283,신원시장,25,11,14,0,3,3,10,5,4,0,1,1,3,3,3,0,2,2,7,2,1
20213,A,골목상권,3110854,조원동주민센터,55,39,16,0,4,5,17,21,8,0,3,5,9,15,7,0,1,0,8,6,1
20213,A,골목상권,3110898,청림동주민센터(상도중학교),66,27,39,0,16,14,14,16,6,0,5,3,8,7,4,0,11,11,6,9,2
20213,D,발달상권,3120170,삼호가든사거리,2026,1161,865,8,279,587,623,346,183,7,113,333,412,168,128,1,166,254,211,178,55
20213,A,골목상권,3110917,서초소방서,1505,939,566,6,157,432,402,355,153,2,72,281,295,181,108,4,85,151,107,174,45
20213,A,골목상권,3110918,방배역 3번,682,438,244,3,98,127,164,142,148,2,59,85,108,86,98,1,39,42,56,56,50
20213,A,골목상권,3110903,방배아이파크아파트,7222,2653,4569,7,1242,1778,2487,1322,386,1,333,597,951,599,172,6,909,1181,1536,723,214
20213,A,골목상권,3110915,서래초등학교,3011,2335,676,14,441,940,1066,421,129,11,286,683,868,373,114,3,155,257,198,48,15
20213,A,골목상권,3110926,신중초등학교,1610,1175,435,6,193,359,463,382,207,3,114,263,355,292,148,3,79,96,108,90,59
20213,A,골목상권,3110928,서초우방유쉘아파트,596,491,105,1,57,109,125,205,99,1,29,76,109,190,86,0,28,33,16,15,13
20213,D,발달상권,3120184,포이사거리(삼호물산),10139,7003,3136,20,1553,3044,2666,1705,1151,10,846,2068,2010,1212,857,10,707,976,656,493,294
20213,A,골목상권,3110941,언남고등학교,261,158,103,0,33,46,89,58,35,0,14,26,51,40,27,0,19,20,38,18,8
20213,D,발달상권,3120174,논현역 5번,680,379,301,6,108,196,155,93,122,4,39,108,90,58,80,2,69,88,65,35,42
20213,A,골목상권,3110927,잠원역,745,553,192,2,93,342,198,98,12,2,82,218,159,81,11,0,11,124,39,17,1
20213,A,골목상권,3110977,논현로18길,148,102,46,0,22,32,45,29,20,0,14,20,33,20,15,0,8,12,12,9,5
20213,A,골목상권,3110961,언주역 3번,962,673,289,5,172,286,248,140,111,3,97,184,187,112,90,2,75,102,61,28,21
20213,A,골목상권,3110970,학동초등학교,378,236,142,1,66,98,102,65,46,0,27,49,66,57,37,1,39,49,36,8,9
20213,D,발달상권,3120219,은마아파트,17175,5797,11378,202,3397,3819,3179,4061,2517,83,1254,1872,1374,818,396,119,2143,1947,1805,3243,2121
20213,D,발달상권,3120222,삼성역,43324,24141,19183,244,8091,13641,10294,6385,4669,119,3186,7703,6883,3711,2539,125,4905,5938,3411,2674,2130
20213,D,발달상권,3120201,도곡1동,11549,6381,5168,116,3564,3468,2477,1299,625,31,1365,2018,1727,754,486,85,2199,1450,750,545,139
20213,D,발달상권,3120213,삼성중앙역,8521,5150,3371,50,1869,2485,1911,1070,1136,12,830,1515,1305,716,772,38,1039,970,606,354,364
20213,D,발달상권,3120209,"강남구청(청담역_8번, 강남세무서)",8987,2610,6377,34,2050,2684,2467,1172,580,9,538,752,537,395,379,25,1512,1932,1930,777,201
20213,D,발달상권,3120216,경기고교사거리(경기고교앞사거리),4934,3621,1313,8,712,1628,1666,772,148,5,291,1070,1431,703,121,3,421,558,235,69,27
20213,A,골목상권,3110986,삼성중앙역 7번,90,59,31,0,9,18,36,19,8,0,3,6,29,15,6,0,6,12,7,4,2
20213,D,발달상권,3120224,수서역,12418,6339,6079,23,1900,3177,3167,2346,1805,12,860,1669,1497,1232,1069,11,1040,1508,1670,1114,736
20213,D,발달상권,3120195,성수대교남단,5611,2685,2926,39,1393,2394,1102,426,257,15,487,1194,634,208,147,24,906,1200,468,218,110
20213,D,발달상권,3120198,구역삼세무서,11531,7246,4285,23,2691,3529,2889,1562,837,12,1141,2216,2115,1139,623,11,1550,1313,774,423,214
20213,A,골목상권,3110958,역삼역 4번,997,760,237,1,96,197,300,298,105,1,46,133,254,241,85,0,50,64,46,57,20
20213,A,골목상권,3110956,언주역 8번,1199,758,441,4,361,471,199,87,77,2,158,307,163,70,58,2,203,164,36,17,19
20213,A,골목상권,3111025,경찰병원역 3번,686,412,274,1,84,164,149,157,131,0,45,102,103,88,74,1,39,62,46,69,57
20213,A,골목상권,3111029,오금역 4번,427,314,113,3,71,108,91,79,75,1,51,81,67,55,59,2,20,27,24,24,16
20213,A,골목상권,3111042,거여역 1번(거여공원),872,597,275,3,147,186,251,200,85,3,121,134,159,130,50,0,26,52,92,70,35
20213,D,발달상권,3120235,문정역,954,648,306,1,117,204,211,255,166,0,70,158,152,154,114,1,47,46,59,101,52
20213,A,골목상권,3111023,문정역 1번,939,576,363,2,133,202,263,204,135,0,86,139,184,100,67,2,47,63,79,104,68
20213,D,발달상권,3120232,송파나루역,1056,714,342,0,185,302,235,171,163,0,80,192,163,131,148,0,105,110,72,40,15
20213,U,관광특구,3001495,잠실 관광특구,25240,14855,10385,124,4880,6877,5824,4628,2907,55,2599,4419,3662,2383,1737,69,2281,2458,2162,2245,1170
20213,A,골목상권,3111006,석촌고분역 1번,1112,721,391,0,127,292,337,203,153,0,56,169,242,135,119,0,71,123,95,68,34
20213,R,전통시장,3130312,석촌시장,619,270,349,1,20,40,81,170,307,1,9,23,43,41,153,0,11,17,38,129,154
20213,D,발달상권,3120227,잠실역,45462,24220,21242,163,8142,11830,12761,11282,1284,51,3785,7436,7437,4549,962,112,4357,4394,5324,6733,322
20213,A,골목상권,3111090,강일동주민센터,91,35,56,0,15,30,23,17,6,0,1,10,10,10,4,0,14,20,13,7,2
20213,A,골목상권,3111068,강동성심병원,1570,605,965,0,532,392,271,203,172,0,126,134,114,101,130,0,406,258,157,102,42
20213,R,전통시장,3130323,둔촌역전통시장,171,86,85,0,3,14,23,36,95,0,2,6,8,14,56,0,1,8,15,22,39
20213,D,발달상권,3120244,암사역,916,401,515,0,70,85,103,111,547,0,14,44,49,42,252,0,56,41,54,69,295
20213,A,골목상권,3111054,암사역 4번(삼성광나루아파트),104,42,62,0,14,18,19,12,41,0,4,12,7,5,14,0,10,6,12,7,27
20213,A,골목상권,3111065,천일초등학교,79,38,41,2,6,21,18,23,9,2,5,11,7,6,7,0,1,10,11,17,2
20213,A,골목상권,3111049,천호지구대(천호동자전거거리),507,277,230,2,75,90,96,118,126,0,36,50,40,68,83,2,39,40,56,50,43
20213,A,골목상권,3111060,암사역 2번(서울강동초등학교),872,458,414,1,101,211,241,202,116,1,41,97,131,107,81,0,60,114,110,95,35
20213,A,골목상권,3110007,사직공원(한국사회과학도서관),283,185,98,2,58,88,63,41,31,2,30,62,44,27,20,0,28,26,19,14,11
20213,A,골목상권,3110531,홍지문,141,61,80,0,16,26,24,56,19,0,13,19,13,9,7,0,3,7,11,47,12
20213,A,골목상권,3110013,체부동홍종문가옥,125,71,54,0,8,28,31,26,32,0,2,11,18,14,26,0,6,17,13,12,6
20213,D,발달상권,3120017,동묘앞역(동묘),724,205,519,0,78,151,278,136,81,0,13,47,55,37,53,0,65,104,223,99,28
20213,U,관광특구,3001494,종로·청계 관광특구,32892,17118,15774,68,5350,9954,9473,6395,1652,15,2280,4904,4583,4154,1182,53,3070,5050,4890,2241,470
20213,R,전통시장,3130007,광장시장(광장전통시장),466,310,156,0,39,77,97,129,124,0,22,41,73,77,97,0,17,36,24,52,27
20213,R,전통시장,3130018,동대문문구완구거리(동대문문구완구시장),120,70,50,0,11,18,23,38,30,0,6,10,13,22,19,0,5,8,10,16,11
20213,A,골목상권,3110010,평창동서측,5240,2651,2589,1,324,1250,2239,1231,195,0,76,342,1157,943,133,1,248,908,1082,288,62
20213,D,발달상권,3120035,퇴계로5가,2257,1368,889,7,650,570,525,321,184,3,282,379,388,200,116,4,368,191,137,121,68
20213,D,발달상권,3120038,약수역,2299,1362,937,7,436,740,580,324,212,1,189,452,383,196,141,6,247,288,197,128,71
20213,D,발달상권,3120028,명동(명동거리),12590,7582,5008,41,2103,3542,3628,2206,1070,16,1009,1955,2310,1615,677,25,1094,1587,1318,591,393
20213,D,발달상권,3120030,중부경찰서(영화인의거리),11882,6796,5086,53,2154,3638,3422,1957,658,16,721,2139,2091,1366,463,37,1433,1499,1331,591,195
20213,D,발달상권,3120029,을지로2가,7461,4461,3000,27,1938,2808,1698,798,192,7,787,1650,1165,693,159,20,1151,1158,533,105,33
20213,D,발달상권,3120025,롯데백화점(시청광장 지하쇼핑센터),22643,6274,16369,229,12750,7002,1624,945,93,71,3075,2028,780,249,71,158,9675,4974,844,696,22
20213,A,골목상권,3110051,한양공고앞 교차로,111,82,29,0,17,23,33,26,12,0,12,16,24,20,10,0,5,7,9,6,2
20213,R,전통시장,3130046,team204(팀204),20,13,7,0,1,3,4,2,10,0,0,2,3,1,7,0,1,1,1,1,3
20213,R,전통시장,3130047,테크노상가(엘리시움),158,110,48,0,10,26,33,60,29,0,5,20,20,41,24,0,5,6,13,19,5
20213,R,전통시장,3130048,동평화시장,20,11,9,0,7,8,1,4,0,0,3,4,1,3,0,0,4,4,0,1,0
20213,R,전통시장,3130055,"황학시장(서울중앙시장, 신중앙시장)",203,117,86,0,24,49,47,52,31,0,12,25,24,32,24,0,12,24,23,20,7
20213,R,전통시장,3130025,삼익패션타운(남대문시장),5494,2675,2819,69,1760,1561,1124,794,186,31,674,837,763,292,78,38,1086,724,361,502,108
20213,A,골목상권,3110075,숙대입구역 1번,1630,736,894,9,270,506,417,289,139,5,69,188,182,181,111,4,201,318,235,108,28
20213,A,골목상권,3110094,오산중학교,26,12,14,0,0,1,4,13,8,0,0,0,2,6,4,0,0,1,2,7,4
20213,A,골목상권,3110093,우사단길,2647,1632,1015,2,331,1035,757,359,163,1,106,546,562,321,96,1,225,489,195,38,67
20213,A,골목상권,3110089,서빙고동주민센터,752,503,249,1,94,230,220,107,100,0,33,136,159,88,87,1,61,94,61,19,13
20213,A,골목상권,3110064,효창공원앞역 2번,923,525,398,2,126,275,261,160,99,1,49,160,160,88,67,1,77,115,101,72,32
20213,A,골목상권,3110109,금호삼성래미안아파트,92,39,53,0,7,10,12,42,21,0,2,6,3,15,13,0,5,4,9,27,8
20213,A,골목상권,3110108,성동구립금호도서관,6,1,5,0,0,1,4,1,0,0,0,0,0,1,0,0,0,1,4,0,0
20213,A,골목상권,3110104,신금호역 4번,213,141,72,0,22,33,35,54,69,0,6,17,21,37,60,0,16,16,14,17,9
20213,A,골목상권,3110126,서울숲역 1번,27,18,9,0,0,7,2,12,6,0,0,6,0,7,5,0,0,1,2,5,1
20213,A,골목상권,3110135,성동세무서,401,208,193,0,41,84,107,78,91,0,7,43,49,38,71,0,34,41,58,40,20
20213,A,골목상권,3110115,상왕십리역 3번,945,362,583,10,392,218,156,113,56,0,76,84,93,75,34,10,316,134,63,38,22
20213,A,골목상권,3110133,서울교통공사,122,93,29,0,19,25,33,21,24,0,12,18,29,17,17,0,7,7,4,4,7
20213,R,전통시장,3130072,성동용답상가시장,132,71,61,0,21,19,35,39,18,0,9,9,16,26,11,0,12,10,19,13,7
20213,A,골목상권,3110130,답십리역 6번,105,89,16,0,20,24,38,15,8,0,17,20,35,10,7,0,3,4,3,5,1
20213,A,골목상권,3110170,동대부여고,223,128,95,1,37,51,67,45,22,0,17,21,42,32,16,1,20,30,25,13,6
20213,A,골목상권,3110172,광진초등학교,344,227,117,0,42,72,92,91,47,0,17,48,61,65,36,0,25,24,31,26,11
20213,A,골목상권,3110173,구남초등학교,195,106,89,0,34,50,46,44,21,0,16,28,21,25,16,0,18,22,25,19,5
20213,R,전통시장,3130081,자양골목전통시장(자양골목시장),54,36,18,0,7,17,14,9,7,0,5,12,9,6,4,0,2,5,5,3,3
20213,R,전통시장,3130080,자양종합시장(기능상실),14,10,4,0,0,1,6,6,1,0,0,1,4,4,1,0,0,0,2,2,0
20213,A,골목상권,3110143,뚝섬유원지역 1번,44,18,26,1,4,13,9,13,4,1,0,3,5,6,3,0,4,10,4,7,1
20213,D,발달상권,3120053,건대입구역(건대),892,505,387,5,148,146,178,204,211,2,41,65,97,137,163,3,107,81,81,67,48
20213,R,전통시장,3130075,노룬산시장(노룬산골목시장),17,12,5,0,4,5,6,0,2,0,3,3,5,0,1,0,1,2,1,0,1
20213,A,골목상권,3110165,국립정신건강센터,243,175,68,0,12,32,69,76,54,0,7,23,42,59,44,0,5,9,27,17,10
20213,R,전통시장,3130082,면곡골목시장,20,11,9,0,4,0,1,9,6,0,4,0,0,3,4,0,0,0,1,6,2
20213,R,전통시장,3130078,화양제일골목시장,52,17,35,0,6,15,19,9,3,0,1,5,8,2,1,0,5,10,11,7,2
20213,A,골목상권,3110185,용두초등학교,122,77,45,0,13,22,31,32,24,0,5,13,18,22,19,0,8,9,13,10,5
20213,D,발달상권,3120067,장안동사거리,2595,1173,1422,9,427,580,675,579,325,7,165,280,260,257,204,2,262,300,415,322,121
20213,R,전통시장,3130092,청량리농수산물시장,12,9,3,0,0,1,3,5,3,0,0,0,3,3,3,0,0,1,0,2,0
20213,A,골목상권,3110205,경희대삼거리,82,48,34,0,4,13,23,23,19,0,2,10,7,17,12,0,2,3,16,6,7
20213,A,골목상권,3110265,망우역 1번,198,91,107,1,23,43,54,57,20,0,7,18,21,32,13,1,16,25,33,25,7
20213,R,전통시장,3130110,면목골목시장(면목시장),107,64,43,0,1,9,35,38,24,0,1,6,22,19,16,0,0,3,13,19,8
20213,A,골목상권,3110263,면목역 1번,130,71,59,0,13,27,35,24,31,0,7,12,12,14,26,0,6,15,23,10,5
20213,A,골목상권,3110272,신내1동주민센터,477,319,158,0,45,69,93,152,118,0,15,35,60,103,106,0,30,34,33,49,12
20213,R,전통시장,3130113,신아타운,148,27,121,1,31,31,28,39,18,1,4,9,3,4,6,0,27,22,25,35,12
20213,A,골목상권,3110307,길음역 7번,119,62,57,0,17,25,41,19,17,0,7,17,18,10,10,0,10,8,23,9,7
20213,A,골목상권,3110310,길음역 10번,45,14,31,0,12,8,5,15,5,0,4,1,2,4,3,0,8,7,3,11,2
20213,A,골목상권,3110288,동구여중,216,139,77,1,19,49,52,55,40,0,9,22,35,40,33,1,10,27,17,15,7
20213,A,골목상권,3110313,안암역 3번,2069,1344,725,2,208,552,670,474,163,0,95,310,444,355,140,2,113,242,226,119,23
20213,A,골목상권,3110326,장위동성당,84,40,44,0,2,9,16,13,44,0,1,2,6,5,26,0,1,7,10,8,18
20213,R,전통시장,3130117,정릉시장,121,63,58,0,4,15,34,43,25,0,2,8,20,19,14,0,2,7,14,24,11
20213,A,골목상권,3110282,국민대학교앞,980,789,191,13,185,388,206,75,113,12,134,349,179,57,58,1,51,39,27,18,55
20213,R,전통시장,3130118,정릉골 골목형상점가,67,30,37,0,11,13,11,19,13,0,0,2,6,12,10,0,11,11,5,7,3
20213,R,전통시장,3130141,강북북부골목시장,36,19,17,0,12,4,11,6,3,0,3,2,6,6,2,0,9,2,5,0,1
20213,A,골목상권,3110380,강북문화정보도서관,48,15,33,0,12,10,12,10,4,0,0,3,5,4,3,0,12,7,7,6,1
20213,D,발달상권,3120078,미아사거리역,143,89,54,0,27,28,29,30,29,0,12,16,21,18,22,0,15,12,8,12,7
20213,A,골목상권,3110370,도봉세무서,367,255,112,0,17,61,76,105,108,0,11,31,42,80,91,0,6,30,34,25,17
20213,A,골목상권,3110358,인수동 우편취급국,549,295,254,0,18,34,67,210,220,0,2,18,23,91,161,0,16,16,44,119,59
20213,A,골목상권,3110359,수유시장옆,126,72,54,0,12,26,34,40,14,0,3,12,17,32,8,0,9,14,17,8,6
20213,A,골목상권,3110366,광산사거리,91,64,27,0,17,20,17,22,15,0,13,13,11,16,11,0,4,7,6,6,4
20213,A,골목상권,3110391,샘말어린이공원,219,118,101,0,22,44,64,45,44,0,12,26,37,23,20,0,10,18,27,22,24
20213,A,골목상권,3110386,연산군묘,124,114,10,0,4,3,10,44,63,0,1,3,7,40,63,0,3,0,3,4,0
20213,A,골목상권,3110385,효문고등학교,37,22,15,0,3,9,12,4,9,0,2,5,3,4,8,0,1,4,9,0,1
20213,R,전통시장,3130144,백운시장,21,14,7,0,0,1,7,8,5,0,0,0,5,4,5,0,0,1,2,4,0
20213,A,골목상권,3110396,쌍문역1번(쌍리단길),259,94,165,2,41,49,52,76,39,0,13,15,22,29,15,2,28,34,30,47,24
20213,A,골목상권,3110404,신창초등학교,515,298,217,1,42,93,163,136,80,0,11,56,109,76,46,1,31,37,54,60,34
20213,A,골목상권,3110429,공릉동 국수거리,2074,916,1158,3,224,284,511,689,363,1,91,167,248,234,175,2,133,117,263,455,188
20213,A,골목상권,3110438,경춘선숲길 우측,230,110,120,0,26,54,83,52,15,0,12,21,38,30,9,0,14,33,45,22,6
20213,D,발달상권,3120085,은행사거리,317,121,196,4,51,48,80,78,56,3,11,14,21,40,32,1,40,34,59,38,24
20213,A,골목상권,3110458,선일여고,385,200,185,0,32,79,94,119,61,0,19,46,47,52,36,0,13,33,47,67,25
20213,A,골목상권,3110460,구산역 4번,969,582,387,0,57,184,248,234,246,0,18,124,133,121,186,0,39,60,115,113,60
20213,R,전통시장,3130164,역촌중앙시장,9,3,6,0,0,1,2,2,4,0,0,0,1,1,1,0,0,1,1,1,3
20213,A,골목상권,3110450,시립서북병원,774,421,353,3,138,166,179,154,134,2,80,103,96,70,70,1,58,63,83,84,64
20213,A,골목상권,3110456,구산보건지소,967,544,423,3,284,226,177,147,130,1,123,112,94,97,117,2,161,114,83,50,13
20213,A,골목상권,3110486,은평구청,491,279,212,0,81,100,108,134,68,0,54,70,53,61,41,0,27,30,55,73,27
20213,A,골목상권,3110484,역촌역 3번,499,193,306,6,64,131,129,103,66,5,34,45,41,32,36,1,30,86,88,71,30
20213,D,발달상권,3120092,불광역,274,147,127,0,33,51,83,52,55,0,12,29,44,21,41,0,21,22,39,31,14
20213,A,골목상권,3110472,연신내역 4번,335,156,179,2,52,77,79,68,57,1,16,43,30,37,29,1,36,34,49,31,28
20213,R,전통시장,3130168,연서시장,234,155,79,0,19,50,51,64,50,0,5,23,33,49,45,0,14,27,18,15,5
20213,A,골목상권,3110445,덕산중학교,71,53,18,0,18,15,16,8,14,0,10,9,13,7,14,0,8,6,3,1,0
20213,A,골목상권,3110446,내를건너서숲으로도서관,163,124,39,0,6,14,51,45,47,0,5,9,33,35,42,0,1,5,18,10,5
20213,A,골목상권,3110461,새절역 2번,39,21,18,0,2,8,11,10,8,0,2,2,6,6,5,0,0,6,5,4,3
20213,A,골목상권,3110451,증산역 4번,1267,962,305,2,150,378,365,291,81,2,75,289,305,230,61,0,75,89,60,61,20
20213,A,골목상권,3110502,남가좌파출소,290,147,143,0,29,34,73,92,62,0,14,16,35,47,35,0,15,18,38,45,27
20213,A,골목상권,3110520,경의중앙 신촌역,105,57,48,0,31,22,32,12,8,0,10,15,16,10,6,0,21,7,16,2,2
20213,A,골목상권,3110526,봉원사,211,111,100,1,17,38,50,49,56,1,7,21,24,26,32,0,10,17,26,23,24
20213,A,골목상권,3110511,연희초등학교,3646,3286,360,2,420,731,640,1505,348,1,355,646,532,1425,327,1,65,85,108,80,21
20213,D,발달상권,3120093,연희동,661,351,310,2,60,125,170,195,109,0,27,62,91,103,68,2,33,63,79,92,41
20213,A,골목상권,3110504,명지전문대,170,46,124,1,21,19,35,41,53,0,5,4,10,13,14,1,16,15,25,28,39
20213,D,발달상권,3120095,홍제역,931,525,406,1,73,108,267,363,119,0,16,56,142,223,88,1,57,52,125,140,31
20213,A,골목상권,3110587,공덕동주민센터,264,135,129,1,43,53,75,55,37,1,16,31,47,23,17,0,27,22,28,32,20
20213,A,골목상권,3110578,대흥역 2번,2091,1413,678,2,213,337,391,638,510,1,80,225,309,452,346,1,133,112,82,186,164
20213,A,골목상권,3110574,서강대학교,173,123,50,0,35,41,49,38,10,0,17,30,41,30,5,0,18,11,8,8,5
20213,A,골목상권,3110582,이대역 5번,56,17,39,0,6,11,16,13,10,0,0,4,4,4,5,0,6,7,12,9,5
20213,D,발달상권,3120106,마포역,11485,7110,4375,12,1812,2735,2685,2311,1930,8,917,1662,1891,1437,1195,4,895,1073,794,874,735
20213,A,골목상권,3110544,망리단길,1203,718,485,1,179,248,331,253,191,1,107,153,171,147,139,0,72,95,160,106,52
20213,D,발달상권,3120103,홍대입구역(홍대),9580,5991,3589,87,2167,2434,2066,1613,1213,61,1145,1486,1404,988,907,26,1022,948,662,625,306
20213,A,골목상권,3110566,경의선책거리,1690,934,756,2,359,547,406,290,86,1,137,328,252,157,59,1,222,219,154,133,27
20213,R,전통시장,3130187,영진시장,29,14,15,0,4,5,11,7,2,0,2,2,6,2,2,0,2,3,5,5,0
20213,A,골목상권,3110557,홍대부속여중고앞,760,465,295,1,100,188,196,149,126,1,37,110,137,95,85,0,63,78,59,54,41
20213,A,골목상권,3110548,마포구청역 4번,795,475,320,5,130,185,210,136,129,3,57,95,122,89,109,2,73,90,88,47,20
20213,A,골목상권,3110543,중암중학교,38,25,13,0,6,8,14,7,3,0,3,5,8,6,3,0,3,3,6,1,0
20213,A,골목상권,3110585,마포경찰서,918,790,128,0,192,360,176,181,9,0,150,313,153,166,8,0,42,47,23,15,1
20213,D,발달상권,3120112,등촌역,1633,1138,495,10,223,388,373,358,281,6,100,270,265,265,232,4,123,118,108,93,49
20213,A,골목상권,3110618,강서고등학교,193,135,58,0,19,38,52,52,32,0,10,29,36,34,26,0,9,9,16,18,6
20213,A,골목상권,3110599,신월1파출소,378,268,110,3,50,89,94,93,49,2,34,68,63,65,36,1,16,21,31,28,13
20213,A,골목상권,3110596,서서울호수공원,417,272,145,2,48,90,107,113,57,0,28,56,74,71,43,2,20,34,33,42,14
20213,R,전통시장,3130200,"신월7동 골목시장(약수시장, 우성상가)",27,18,9,0,0,3,9,6,9,0,0,0,7,4,7,0,0,3,2,2,2
20213,A,골목상권,3110623,갈산공원,130,99,31,0,27,34,27,31,11,0,23,27,21,21,7,0,4,7,6,10,4
20213,R,전통시장,3130218,신월중앙시장,118,53,65,0,28,34,26,13,17,0,8,12,11,9,13,0,20,22,15,4,4
20213,A,골목상권,3110632,방화역 3번,1075,887,188,2,42,127,400,334,170,1,21,90,353,281,141,1,21,37,47,53,29
20213,A,골목상권,3110651,화원중학교,377,214,163,2,29,50,102,105,89,1,19,31,68,52,43,1,10,19,34,53,46
20213,A,골목상권,3110659,화곡역 4번,844,496,348,11,102,181,234,180,136,9,52,114,140,105,76,2,50,67,94,75,60
20213,A,골목상권,3110696,오류동역 1번,2424,1658,766,32,831,942,326,216,77,16,483,735,235,131,58,16,348,207,91,85,19
20213,A,골목상권,3110697,개봉3동주민센터,230,142,88,1,55,64,49,41,20,1,27,41,31,29,13,0,28,23,18,12,7
20213,A,골목상권,3110698,개웅초등학교(개웅중학교),276,176,100,3,50,50,53,63,57,3,25,32,31,39,46,0,25,18,22,24,11
20213,A,골목상권,3110722,G타워,837,574,263,4,152,296,249,99,37,4,95,205,191,55,24,0,57,91,58,44,13
20213,A,골목상권,3110682,온수역 8번,25,11,14,0,2,4,13,5,1,0,2,2,6,1,0,0,0,2,7,4,1
20213,A,골목상권,3110684,서울공연예술고등학교,251,136,115,2,50,78,61,36,24,0,19,54,34,19,10,2,31,24,27,17,14
20213,A,골목상권,3110688,오류지구대,169,59,110,1,18,18,40,59,33,0,7,10,15,19,8,1,11,8,25,40,25
20213,A,골목상권,3110730,서울축산농협 독산역지점(독산파출소),660,376,284,1,80,105,117,201,156,1,30,58,54,113,120,0,50,47,63,88,36
20213,A,골목상권,3110728,두산초등학교,4560,2778,1782,8,88,138,245,530,3551,8,64,86,123,279,2218,0,24,52,122,251,1333
20213,A,골목상권,3110752,한울중학교,269,117,152,2,25,46,81,79,36,2,13,16,34,33,19,0,12,30,47,46,17
20213,R,전통시장,3130234,푸른터시장(기능상실),7,3,4,0,1,1,0,3,2,0,0,1,0,1,1,0,1,0,0,2,1
20213,R,전통시장,3130235,대명여울빛거리시장(대명시장),298,80,218,0,39,52,77,82,48,0,11,14,25,19,11,0,28,38,52,63,37
20213,A,골목상권,3110743,시흥초등학교(시흥1동우체국),191,130,61,0,18,31,48,50,44,0,10,20,32,37,31,0,8,11,16,13,13
20213,A,골목상권,3110731,금천구청역 1번 출입구,1044,564,480,7,306,385,206,96,44,2,149,230,102,55,26,5,157,155,104,41,18
20213,A,골목상권,3110753,시흥동 은행나무사거리,617,387,230,0,69,100,149,166,133,0,28,68,90,96,105,0,41,32,59,70,28
20213,A,골목상권,3110764,문래역 3번,541,223,318,0,93,127,159,102,60,0,27,39,54,54,49,0,66,88,105,48,11
20213,A,골목상권,3110779,대림갑을명가아파트,33,24,9,0,2,5,13,7,6,0,1,4,10,4,5,0,1,1,3,3,1
20213,R,전통시장,3130242,대림중앙 골목형상점가,66,20,46,0,3,17,17,24,5,0,1,6,5,5,3,0,2,11,12,19,2
20213,A,골목상권,3110765,문래동사거리,889,619,270,2,80,133,209,175,290,1,38,78,140,126,236,1,42,55,69,49,54
20213,A,골목상권,3110810,영신초등학교,403,183,220,0,58,147,59,78,61,0,24,67,27,43,22,0,34,80,32,35,39
20213,A,골목상권,3110813,보라매역 6번,286,167,119,3,22,37,50,74,100,3,15,21,24,39,65,0,7,16,26,35,35
20213,D,발달상권,3120135,양평역,5072,3013,2059,32,1300,1280,1187,776,497,11,626,825,676,441,434,21,674,455,511,335,63
20213,D,발달상권,3120146,한강성심병원,5066,2882,2184,18,1252,1255,1097,821,623,8,405,669,729,584,487,10,847,586,368,237,136
20213,R,전통시장,3130253,영신상가(제일상가),9,7,2,0,2,3,0,2,2,0,2,3,0,1,1,0,0,0,0,1,1
20213,R,전통시장,3130249,동남상가,10,8,2,0,2,0,0,4,4,0,1,0,0,4,3,0,1,0,0,0,1
20213,A,골목상권,3110782,영등포시장역 4번,127,87,40,1,13,24,48,27,14,1,5,16,36,17,12,0,8,8,12,10,2
20213,A,골목상권,3110809,장훈고등학교,112,61,51,0,7,15,30,23,37,0,3,5,11,17,25,0,4,10,19,6,12
20213,A,골목상권,3110834,동작구자원봉사센터,41,25,16,0,3,5,8,11,14,0,2,2,8,6,7,0,1,3,0,5,7
20213,A,골목상권,3110828,노량진역 6번,3010,2066,944,9,471,1047,854,467,162,3,252,711,639,357,104,6,219,336,215,110,58
20213,A,골목상권,3110824,대방역 3번,296,102,194,1,48,91,92,42,22,0,11,26,29,23,13,1,37,65,63,19,9
20213,A,골목상권,3110852,이수역 9번,198,121,77,0,26,35,54,38,45,0,12,20,30,23,36,0,14,15,24,15,9
20213,A,골목상권,3110851,경문고등학교(동작동성당),493,236,257,0,79,137,141,105,31,0,32,53,66,67,18,0,47,84,75,38,13
20213,A,골목상권,3110831,상도4동주민센터,72,40,32,0,3,13,14,29,13,0,3,6,6,18,7,0,0,7,8,11,6
20213,A,골목상권,3110827,NH농협은행 상도동지점,262,93,169,0,39,51,73,65,34,0,11,18,20,28,16,0,28,33,53,37,18
20213,A,골목상권,3110841,중대부중,75,34,41,0,7,12,14,23,19,0,4,7,5,10,8,0,3,5,9,13,11
20213,A,골목상권,3110900,낙성대역 1번(관악구민 종합체육센터),444,246,198,1,94,123,115,88,23,1,48,64,62,53,18,0,46,59,53,35,5
20213,D,발달상권,3120159,서울대입구역,1430,763,667,12,289,320,321,238,250,6,116,164,174,133,170,6,173,156,147,105,80
20213,A,골목상권,3110866,난우중학교,184,101,83,0,23,36,41,65,19,0,14,20,19,32,16,0,9,16,22,33,3
20213,D,발달상권,3120158,녹두거리(대학동),695,550,145,2,31,73,200,279,110,0,7,41,163,241,98,2,24,32,37,38,12
20213,A,골목상권,3110857,미성동주민센터,431,229,202,9,60,64,70,108,120,9,34,48,41,46,51,0,26,16,29,62,69
20213,R,전통시장,3130278,미성동 도깨비시장 골목형상점가,75,16,59,0,0,16,28,24,7,0,0,7,5,2,2,0,0,9,23,22,5
20213,A,골목상권,3110875,보라매동주민센터(당곡고등학교),19,15,4,0,4,2,5,6,2,0,2,2,3,6,2,0,2,0,2,0,0
20213,A,골목상권,3110873,당곡중학교,348,167,181,0,70,79,87,76,36,0,29,39,39,37,23,0,41,40,48,39,13
20213,R,전통시장,3130285,서원동상점가,615,316,299,4,28,56,85,160,282,1,17,38,45,60,155,3,11,18,40,100,127
20213,A,골목상권,3110891,구암초등학교,47,22,25,0,5,1,22,16,3,0,1,0,11,8,2,0,4,1,11,8,1
20213,R,전통시장,3130280,신림종합시장,22,17,5,0,0,1,2,7,12,0,0,0,0,5,12,0,0,1,2,2,0
20213,R,전통시장,3130279,관악신사시장,2159,1727,432,0,365,671,738,355,30,0,172,530,669,333,23,0,193,141,69,22,7
20213,R,전통시장,3130295,인헌시장(원당종합시장),122,48,74,0,20,27,38,23,14,0,3,9,16,12,8,0,17,18,22,11,6
20213,A,골목상권,3110892,관악구 중앙길,709,341,368,0,69,110,159,221,150,0,25,55,76,105,80,0,44,55,83,116,70
20213,A,골목상권,3110899,낙성대역 5번(관악중학교),681,442,239,0,167,178,164,123,49,0,107,130,95,71,39,0,60,48,69,52,10
20213,A,골목상권,3110944,서울나래학교(염곡어린이공원),933,632,301,10,116,213,161,196,237,8,88,169,114,118,135,2,28,44,47,78,102
20213,A,골목상권,3110905,방배노인종합복지관(이수중학교),287,176,111,1,36,71,71,63,45,0,18,38,45,41,34,1,18,33,26,22,11
20213,A,골목상권,3110920,방배역 2번(백석예술대학교),359,205,154,0,23,53,125,118,40,0,5,29,65,75,31,0,18,24,60,43,9
20213,A,골목상권,3110910,내방역 5번,614,240,374,5,72,124,157,176,80,3,30,69,52,49,37,2,42,55,105,127,43
20213,A,골목상권,3110906,서문여고,683,362,321,2,217,106,119,106,133,0,59,58,72,62,111,2,158,48,47,44,22
20214,A,골목상권,3110540,망원나들목체육관,238,107,131,0,39,63,70,47,19,0,19,28,26,23,11,0,20,35,44,24,8
20214,A,골목상권,3110567,광흥창역 6번,91,61,30,0,16,26,27,12,10,0,8,20,13,11,9,0,8,6,14,1,1
20214,A,골목상권,3110565,홍익대,110,66,44,0,16,34,34,19,7,0,8,16,23,13,6,0,8,18,11,6,1
20214,A,골목상권,3110560,마포FM,292,140,152,0,26,64,87,77,38,0,10,26,40,36,28,0,16,38,47,41,10
20214,A,골목상권,3110549,새터산,357,165,192,1,57,79,100,64,56,1,24,39,47,22,32,0,33,40,53,42,24
20214,D,발달상권,3120099,월드컵경기장역(월드컵경기장),84,57,27,0,11,20,26,14,13,0,6,16,21,7,7,0,5,4,5,7,6
20214,A,골목상권,3110581,염리초등학교,16,11,5,0,0,0,2,6,8,0,0,0,2,3,6,0,0,0,0,3,2
20214,D,발달상권,3120113,오목교역,641,380,261,2,98,147,163,141,90,1,45,81,95,95,63,1,53,66,68,46,27
20214,D,발달상권,3120110,목동역 8번출구,1858,1400,458,2,142,216,286,247,965,1,42,102,166,181,908,1,100,114,120,66,57
20214,A,골목상권,3110617,등촌역 4번,262,188,74,0,47,75,73,48,19,0,37,55,50,31,15,0,10,20,23,17,4
20214,A,골목상권,3110597,신월1동주민센터,517,302,215,0,30,68,111,150,158,0,14,36,54,84,114,0,16,32,57,66,44
20214,R,전통시장,3130199,신월3동 골목시장,18,8,10,0,1,4,4,9,0,0,0,1,3,4,0,0,1,3,1,5,0
20214,A,골목상권,3110615,신서초등학교,87,63,24,0,20,21,27,13,6,0,14,18,18,8,5,0,6,3,9,5,1
20214,A,골목상권,3110674,강서구청가양동별관,260,189,71,0,21,55,61,47,76,0,14,46,35,29,65,0,7,9,26,18,11
20214,A,골목상권,3110677,등촌역 1번,410,321,89,1,50,80,83,91,105,1,24,51,70,76,99,0,26,29,13,15,6
20214,A,골목상권,3110676,등촌역 7번,228,138,90,0,31,34,61,56,46,0,13,20,36,37,32,0,18,14,25,19,14
20214,D,발달상권,3120117,강서농산물도매시장,451,280,171,0,12,62,127,153,97,0,9,48,78,89,56,0,3,14,49,64,41
20214,A,골목상권,3110636,방화역 2번,152,76,76,1,25,49,41,21,15,0,9,26,27,4,10,1,16,23,14,17,5
20214,A,골목상권,3110631,방화초등학교,335,161,174,2,32,63,68,100,70,2,19,34,37,37,32,0,13,29,31,63,38
20214,D,발달상권,3120120,화곡역,927,405,522,1,177,218,193,196,142,0,46,109,84,81,85,1,131,109,109,115,57
20214,A,골목상권,3110656,까치산역 3번,829,493,336,13,89,206,249,190,82,12,52,128,151,91,59,1,37,78,98,99,23
20214,D,발달상권,3120121,까치산역,365,145,220,2,51,46,72,106,88,2,12,18,29,43,41,0,39,28,43,63,47
20214,A,골목상권,3110654,까치산역 4번,1027,687,340,2,68,149,252,380,176,1,38,81,139,281,147,1,30,68,113,99,29
20214,A,골목상권,3110665,곰달래도서관,469,285,184,0,36,92,123,138,80,0,25,60,79,74,47,0,11,32,44,64,33
20214,A,골목상권,3110662,까치산역 1번,1480,885,595,4,245,501,396,234,100,4,129,301,207,171,73,0,116,200,189,63,27
20214,R,전통시장,3130217,화곡본동시장,36,16,20,0,3,5,10,13,5,0,1,3,5,6,1,0,2,2,5,7,4
20214,A,골목상권,3110691,개봉중학교,395,205,190,0,37,65,119,115,59,0,20,38,49,52,46,0,17,27,70,63,13
20214,A,골목상권,3110705,고산초등학교,33,19,14,0,3,2,8,7,13,0,3,1,8,2,5,0,0,1,0,5,8
20214,R,전통시장,3130229,남구로시장,249,139,110,1,16,53,61,62,56,0,7,30,31,32,39,1,9,23,30,30,17
20214,A,골목상권,3110680,온수역 5번(온수산업단지),901,770,131,15,129,129,157,274,197,15,105,106,127,234,183,0,24,23,30,40,14
20214,A,골목상권,3110685,금강수목원아파트,56,39,17,0,10,12,12,11,11,0,7,10,5,7,10,0,3,2,7,4,1
20214,D,발달상권,3120132,독산동,4203,2884,1319,13,512,908,1016,1074,680,12,350,650,695,701,476,1,162,258,321,373,204
20214,A,골목상권,3110732,가산초등학교(세일중학교),362,258,104,1,42,68,107,79,65,0,23,39,78,64,54,1,19,29,29,15,11
20214,A,골목상권,3110729,가산동우체국,151,112,39,0,19,30,40,39,23,0,14,19,30,30,19,0,5,11,10,9,4
20214,A,골목상권,3110723,가산디지털단지역 1번 출입구,286,247,39,0,6,10,37,130,103,0,6,5,26,113,97,0,0,5,11,17,6
20214,A,골목상권,3110742,KT금천빌딩(금천구시설관리공단),426,237,189,0,42,83,106,125,70,0,21,57,71,54,34,0,21,26,35,71,36
20214,A,골목상권,3110748,백산초등학교,102,64,38,0,6,19,21,26,30,0,2,9,11,22,20,0,4,10,10,4,10
20214,A,골목상권,3110749,금산초등학교(금천고등학교),418,255,163,0,51,99,100,118,50,0,26,61,51,81,36,0,25,38,49,37,14
20214,A,골목상권,3110750,시흥4동주민센터(서울신흥초등학교),397,221,176,4,78,83,80,104,48,4,47,62,43,33,32,0,31,21,37,71,16
20214,D,발달상권,3120141,영등포청과시장교차로,601,418,183,2,71,137,188,115,88,1,36,85,133,86,77,1,35,52,55,29,11
20214,R,전통시장,3130240,영등포유통상가,1400,893,507,0,128,296,347,287,342,0,68,168,226,194,237,0,60,128,121,93,105
20214,A,골목상권,3110763,영등포구청역 2번,480,353,127,2,84,147,107,84,56,0,53,100,79,72,49,2,31,47,28,12,7
20214,A,골목상권,3110786,당산역 8번,271,179,92,2,20,41,60,51,97,2,8,21,42,38,68,0,12,20,18,13,29
20214,R,전통시장,3130247,우리시장,19,15,4,0,3,4,4,3,5,0,1,3,4,3,4,0,2,1,0,0,1
20214,A,골목상권,3110817,대방역 4번,26,19,7,0,2,6,6,6,6,0,0,4,4,6,5,0,2,2,2,0,1
20214,R,전통시장,3130256,신동시장,2,2,0,0,0,0,0,1,1,0,0,0,0,1,1,0,0,0,0,0,0
20214,A,골목상권,3110757,양평역 2번,1501,1114,387,1,111,230,356,424,379,0,51,176,286,314,287,1,60,54,70,110,92
20214,A,골목상권,3110762,선유도역 1번,3139,2286,853,6,392,669,739,809,524,4,217,459,529,629,448,2,175,210,210,180,76
20214,A,골목상권,3110807,신길역 3번,102,70,32,0,6,16,23,27,30,0,4,8,18,19,21,0,2,8,5,8,9
20214,R,전통시장,3130250,삼구시장(로타리상가),1,0,1,0,0,0,0,1,0,0,0,0,0,0,0,0,0,0,0,1,0
20214,A,골목상권,3110803,신길2동우편취급국,312,224,88,0,17,27,58,67,143,0,6,14,33,43,128,0,11,13,25,24,15
20214,A,골목상권,3110847,예술인마을,443,216,227,3,52,135,137,77,39,3,13,60,74,37,29,0,39,75,63,40,10
20214,R,전통시장,3130272,사당시장,45,20,25,0,4,6,10,11,14,0,0,1,4,6,9,0,4,5,6,5,5
20214,A,골목상권,3110843,사당5동주민센터,181,135,46,1,22,25,55,52,26,0,16,17,34,44,24,1,6,8,21,8,2
20214,A,골목상권,3110835,상도역 1번,296,170,126,0,81,95,59,38,23,0,32,61,37,19,21,0,49,34,22,19,2
20214,A,골목상권,3110830,상도초등학교,281,152,129,0,22,61,73,85,40,0,7,29,36,54,26,0,15,32,37,31,14
20214,D,발달상권,3120154,장승배기역,497,214,283,1,64,124,128,111,69,0,19,58,68,39,30,1,45,66,60,72,39
20214,D,발달상권,3120151,보라매공원,2417,1455,962,6,401,736,707,383,184,4,194,433,450,237,137,2,207,303,257,146,47
20214,A,골목상권,3110863,난우초등학교,319,179,140,6,40,61,63,79,70,5,23,30,38,36,47,1,17,31,25,43,23
20214,A,골목상권,3110867,국제신학대학원대학교(남서울중학교),202,117,85,0,8,34,39,53,68,0,2,15,21,32,47,0,6,19,18,21,21
20214,A,골목상권,3110882,신성초등학교,733,444,289,1,95,131,215,168,123,0,52,67,122,109,94,1,43,64,93,59,29
20214,A,골목상권,3110864,신림우방아파트,236,161,75,0,31,48,53,60,44,0,21,31,37,43,29,0,10,17,16,17,15
20214,A,골목상권,3110871,신원동주민센터,64,32,32,1,6,13,19,12,13,0,4,6,8,7,7,1,2,7,11,5,6
20214,R,전통시장,3130283,신원시장,25,11,14,0,3,3,10,5,4,0,1,1,3,3,3,0,2,2,7,2,1
20214,A,골목상권,3110854,조원동주민센터,55,39,16,0,4,5,17,21,8,0,3,5,9,15,7,0,1,0,8,6,1
20214,A,골목상권,3110898,청림동주민센터(상도중학교),66,27,39,0,16,14,14,16,6,0,5,3,8,7,4,0,11,11,6,9,2
20214,D,발달상권,3120170,삼호가든사거리,2026,1161,865,8,279,587,623,346,183,7,113,333,412,168,128,1,166,254,211,178,55
20214,A,골목상권,3110917,서초소방서,1505,939,566,6,157,432,402,355,153,2,72,281,295,181,108,4,85,151,107,174,45
20214,A,골목상권,3110918,방배역 3번,682,438,244,3,98,127,164,142,148,2,59,85,108,86,98,1,39,42,56,56,50
20214,A,골목상권,3110903,방배아이파크아파트,7222,2653,4569,7,1242,1778,2487,1322,386,1,333,597,951,599,172,6,909,1181,1536,723,214
20214,A,골목상권,3110915,서래초등학교,3011,2335,676,14,441,940,1066,421,129,11,286,683,868,373,114,3,155,257,198,48,15
20214,A,골목상권,3110926,신중초등학교,1610,1175,435,6,193,359,463,382,207,3,114,263,355,292,148,3,79,96,108,90,59
20214,A,골목상권,3110928,서초우방유쉘아파트,596,491,105,1,57,109,125,205,99,1,29,76,109,190,86,0,28,33,16,15,13
20214,D,발달상권,3120184,포이사거리(삼호물산),10139,7003,3136,20,1553,3044,2666,1705,1151,10,846,2068,2010,1212,857,10,707,976,656,493,294
20214,A,골목상권,3110941,언남고등학교,261,158,103,0,33,46,89,58,35,0,14,26,51,40,27,0,19,20,38,18,8
20214,D,발달상권,3120174,논현역 5번,680,379,301,6,108,196,155,93,122,4,39,108,90,58,80,2,69,88,65,35,42
20214,A,골목상권,3110927,잠원역,745,553,192,2,93,342,198,98,12,2,82,218,159,81,11,0,11,124,39,17,1
20214,A,골목상권,3110977,논현로18길,148,102,46,0,22,32,45,29,20,0,14,20,33,20,15,0,8,12,12,9,5
20214,A,골목상권,3110961,언주역 3번,962,673,289,5,172,286,248,140,111,3,97,184,187,112,90,2,75,102,61,28,21
20214,A,골목상권,3110970,학동초등학교,378,236,142,1,66,98,102,65,46,0,27,49,66,57,37,1,39,49,36,8,9
20214,D,발달상권,3120219,은마아파트,17175,5797,11378,202,3397,3819,3179,4061,2517,83,1254,1872,1374,818,396,119,2143,1947,1805,3243,2121
20214,D,발달상권,3120222,삼성역,43324,24141,19183,244,8091,13641,10294,6385,4669,119,3186,7703,6883,3711,2539,125,4905,5938,3411,2674,2130
20214,D,발달상권,3120201,도곡1동,11549,6381,5168,116,3564,3468,2477,1299,625,31,1365,2018,1727,754,486,85,2199,1450,750,545,139
20214,D,발달상권,3120213,삼성중앙역,8521,5150,3371,50,1869,2485,1911,1070,1136,12,830,1515,1305,716,772,38,1039,970,606,354,364
20214,D,발달상권,3120209,"강남구청(청담역_8번, 강남세무서)",8987,2610,6377,34,2050,2684,2467,1172,580,9,538,752,537,395,379,25,1512,1932,1930,777,201
20214,D,발달상권,3120216,경기고교사거리(경기고교앞사거리),4934,3621,1313,8,712,1628,1666,772,148,5,291,1070,1431,703,121,3,421,558,235,69,27
20214,A,골목상권,3110986,삼성중앙역 7번,90,59,31,0,9,18,36,19,8,0,3,6,29,15,6,0,6,12,7,4,2
20214,D,발달상권,3120224,수서역,12418,6339,6079,23,1900,3177,3167,2346,1805,12,860,1669,1497,1232,1069,11,1040,1508,1670,1114,736
20214,D,발달상권,3120195,성수대교남단,5611,2685,2926,39,1393,2394,1102,426,257,15,487,1194,634,208,147,24,906,1200,468,218,110
20214,D,발달상권,3120198,구역삼세무서,11531,7246,4285,23,2691,3529,2889,1562,837,12,1141,2216,2115,1139,623,11,1550,1313,774,423,214
20214,A,골목상권,3110958,역삼역 4번,997,760,237,1,96,197,300,298,105,1,46,133,254,241,85,0,50,64,46,57,20
20214,A,골목상권,3110956,언주역 8번,1199,758,441,4,361,471,199,87,77,2,158,307,163,70,58,2,203,164,36,17,19
20214,A,골목상권,3111025,경찰병원역 3번,686,412,274,1,84,164,149,157,131,0,45,102,103,88,74,1,39,62,46,69,57
20214,A,골목상권,3111029,오금역 4번,427,314,113,3,71,108,91,79,75,1,51,81,67,55,59,2,20,27,24,24,16
20214,A,골목상권,3111042,거여역 1번(거여공원),872,597,275,3,147,186,251,200,85,3,121,134,159,130,50,0,26,52,92,70,35
20214,D,발달상권,3120235,문정역,954,648,306,1,117,204,211,255,166,0,70,158,152,154,114,1,47,46,59,101,52
20214,A,골목상권,3111023,문정역 1번,939,576,363,2,133,202,263,204,135,0,86,139,184,100,67,2,47,63,79,104,68
20214,D,발달상권,3120232,송파나루역,1056,714,342,0,185,302,235,171,163,0,80,192,163,131,148,0,105,110,72,40,15
20214,U,관광특구,3001495,잠실 관광특구,25240,14855,10385,124,4880,6877,5824,4628,2907,55,2599,4419,3662,2383,1737,69,2281,2458,2162,2245,1170
20214,A,골목상권,3111006,석촌고분역 1번,1112,721,391,0,127,292,337,203,153,0,56,169,242,135,119,0,71,123,95,68,34
20214,R,전통시장,3130312,석촌시장,619,270,349,1,20,40,81,170,307,1,9,23,43,41,153,0,11,17,38,129,154
20214,D,발달상권,3120227,잠실역,45462,24220,21242,163,8142,11830,12761,11282,1284,51,3785,7436,7437,4549,962,112,4357,4394,5324,6733,322
20214,A,골목상권,3111090,강일동주민센터,91,35,56,0,15,30,23,17,6,0,1,10,10,10,4,0,14,20,13,7,2
20214,A,골목상권,3111068,강동성심병원,1570,605,965,0,532,392,271,203,172,0,126,134,114,101,130,0,406,258,157,102,42
20214,R,전통시장,3130323,둔촌역전통시장,171,86,85,0,3,14,23,36,95,0,2,6,8,14,56,0,1,8,15,22,39
20214,D,발달상권,3120244,암사역,916,401,515,0,70,85,103,111,547,0,14,44,49,42,252,0,56,41,54,69,295
20214,A,골목상권,3111054,암사역 4번(삼성광나루아파트),104,42,62,0,14,18,19,12,41,0,4,12,7,5,14,0,10,6,12,7,27
20214,A,골목상권,3111065,천일초등학교,79,38,41,2,6,21,18,23,9,2,5,11,7,6,7,0,1,10,11,17,2
20214,A,골목상권,3111049,천호지구대(천호동자전거거리),507,277,230,2,75,90,96,118,126,0,36,50,40,68,83,2,39,40,56,50,43
20214,A,골목상권,3111060,암사역 2번(서울강동초등학교),872,458,414,1,101,211,241,202,116,1,41,97,131,107,81,0,60,114,110,95,35
20214,A,골목상권,3110007,사직공원(한국사회과학도서관),283,185,98,2,58,88,63,41,31,2,30,62,44,27,20,0,28,26,19,14,11
20214,A,골목상권,3110531,홍지문,141,61,80,0,16,26,24,56,19,0,13,19,13,9,7,0,3,7,11,47,12
20214,A,골목상권,3110013,체부동홍종문가옥,125,71,54,0,8,28,31,26,32,0,2,11,18,14,26,0,6,17,13,12,6
20214,D,발달상권,3120017,동묘앞역(동묘),724,205,519,0,78,151,278,136,81,0,13,47,55,37,53,0,65,104,223,99,28
20214,U,관광특구,3001494,종로·청계 관광특구,32892,17118,15774,68,5350,9954,9473,6395,1652,15,2280,4904,4583,4154,1182,53,3070,5050,4890,2241,470
20214,R,전통시장,3130007,광장시장(광장전통시장),466,310,156,0,39,77,97,129,124,0,22,41,73,77,97,0,17,36,24,52,27
20214,R,전통시장,3130018,동대문문구완구거리(동대문문구완구시장),120,70,50,0,11,18,23,38,30,0,6,10,13,22,19,0,5,8,10,16,11
20214,A,골목상권,3110010,평창동서측,5240,2651,2589,1,324,1250,2239,1231,195,0,76,342,1157,943,133,1,248,908,1082,288,62
20214,D,발달상권,3120035,퇴계로5가,2257,1368,889,7,650,570,525,321,184,3,282,379,388,200,116,4,368,191,137,121,68
20214,D,발달상권,3120038,약수역,2299,1362,937,7,436,740,580,324,212,1,189,452,383,196,141,6,247,288,197,128,71
20214,D,발달상권,3120028,명동(명동거리),12590,7582,5008,41,2103,3542,3628,2206,1070,16,1009,1955,2310,1615,677,25,1094,1587,1318,591,393
20214,D,발달상권,3120030,중부경찰서(영화인의거리),11882,6796,5086,53,2154,3638,3422,1957,658,16,721,2139,2091,1366,463,37,1433,1499,1331,591,195
20214,D,발달상권,3120029,을지로2가,7461,4461,3000,27,1938,2808,1698,798,192,7,787,1650,1165,693,159,20,1151,1158,533,105,33
20214,D,발달상권,3120025,롯데백화점(시청광장 지하쇼핑센터),22643,6274,16369,229,12750,7002,1624,945,93,71,3075,2028,780,249,71,158,9675,4974,844,696,22
20214,A,골목상권,3110051,한양공고앞 교차로,111,82,29,0,17,23,33,26,12,0,12,16,24,20,10,0,5,7,9,6,2
20214,R,전통시장,3130046,team204(팀204),20,13,7,0,1,3,4,2,10,0,0,2,3,1,7,0,1,1,1,1,3
20214,R,전통시장,3130047,테크노상가(엘리시움),158,110,48,0,10,26,33,60,29,0,5,20,20,41,24,0,5,6,13,19,5
20214,R,전통시장,3130048,동평화시장,20,11,9,0,7,8,1,4,0,0,3,4,1,3,0,0,4,4,0,1,0
20214,R,전통시장,3130055,"황학시장(서울중앙시장, 신중앙시장)",203,117,86,0,24,49,47,52,31,0,12,25,24,32,24,0,12,24,23,20,7
20214,R,전통시장,3130025,삼익패션타운(남대문시장),5494,2675,2819,69,1760,1561,1124,794,186,31,674,837,763,292,78,38,1086,724,361,502,108
20214,A,골목상권,3110075,숙대입구역 1번,1630,736,894,9,270,506,417,289,139,5,69,188,182,181,111,4,201,318,235,108,28
20214,A,골목상권,3110094,오산중학교,26,12,14,0,0,1,4,13,8,0,0,0,2,6,4,0,0,1,2,7,4
20214,A,골목상권,3110093,우사단길,2647,1632,1015,2,331,1035,757,359,163,1,106,546,562,321,96,1,225,489,195,38,67
20214,A,골목상권,3110089,서빙고동주민센터,752,503,249,1,94,230,220,107,100,0,33,136,159,88,87,1,61,94,61,19,13
20214,A,골목상권,3110064,효창공원앞역 2번,923,525,398,2,126,275,261,160,99,1,49,160,160,88,67,1,77,115,101,72,32
20214,A,골목상권,3110109,금호삼성래미안아파트,92,39,53,0,7,10,12,42,21,0,2,6,3,15,13,0,5,4,9,27,8
20214,A,골목상권,3110108,성동구립금호도서관,6,1,5,0,0,1,4,1,0,0,0,0,0,1,0,0,0,1,4,0,0
20214,A,골목상권,3110104,신금호역 4번,213,141,72,0,22,33,35,54,69,0,6,17,21,37,60,0,16,16,14,17,9
20214,A,골목상권,3110126,서울숲역 1번,27,18,9,0,0,7,2,12,6,0,0,6,0,7,5,0,0,1,2,5,1
20214,A,골목상권,3110135,성동세무서,401,208,193,0,41,84,107,78,91,0,7,43,49,38,71,0,34,41,58,40,20
20214,A,골목상권,3110115,상왕십리역 3번,945,362,583,10,392,218,156,113,56,0,76,84,93,75,34,10,316,134,63,38,22
20214,A,골목상권,3110133,서울교통공사,122,93,29,0,19,25,33,21,24,0,12,18,29,17,17,0,7,7,4,4,7
20214,R,전통시장,3130072,성동용답상가시장,132,71,61,0,21,19,35,39,18,0,9,9,16,26,11,0,12,10,19,13,7
20214,A,골목상권,3110130,답십리역 6번,105,89,16,0,20,24,38,15,8,0,17,20,35,10,7,0,3,4,3,5,1
20214,A,골목상권,3110170,동대부여고,223,128,95,1,37,51,67,45,22,0,17,21,42,32,16,1,20,30,25,13,6
20214,A,골목상권,3110172,광진초등학교,344,227,117,0,42,72,92,91,47,0,17,48,61,65,36,0,25,24,31,26,11
20214,A,골목상권,3110173,구남초등학교,195,106,89,0,34,50,46,44,21,0,16,28,21,25,16,0,18,22,25,19,5
20214,R,전통시장,3130081,자양골목전통시장(자양골목시장),54,36,18,0,7,17,14,9,7,0,5,12,9,6,4,0,2,5,5,3,3
20214,R,전통시장,3130080,자양종합시장(기능상실),14,10,4,0,0,1,6,6,1,0,0,1,4,4,1,0,0,0,2,2,0
20214,A,골목상권,3110143,뚝섬유원지역 1번,44,18,26,1,4,13,9,13,4,1,0,3,5,6,3,0,4,10,4,7,1
20214,D,발달상권,3120053,건대입구역(건대),892,505,387,5,148,146,178,204,211,2,41,65,97,137,163,3,107,81,81,67,48
20214,R,전통시장,3130075,노룬산시장(노룬산골목시장),17,12,5,0,4,5,6,0,2,0,3,3,5,0,1,0,1,2,1,0,1
20214,A,골목상권,3110165,국립정신건강센터,243,175,68,0,12,32,69,76,54,0,7,23,42,59,44,0,5,9,27,17,10
20214,R,전통시장,3130082,면곡골목시장,20,11,9,0,4,0,1,9,6,0,4,0,0,3,4,0,0,0,1,6,2
20214,R,전통시장,3130078,화양제일골목시장,52,17,35,0,6,15,19,9,3,0,1,5,8,2,1,0,5,10,11,7,2
20214,A,골목상권,3110185,용두초등학교,122,77,45,0,13,22,31,32,24,0,5,13,18,22,19,0,8,9,13,10,5
20214,D,발달상권,3120067,장안동사거리,2595,1173,1422,9,427,580,675,579,325,7,165,280,260,257,204,2,262,300,415,322,121
20214,R,전통시장,3130092,청량리농수산물시장,12,9,3,0,0,1,3,5,3,0,0,0,3,3,3,0,0,1,0,2,0
20214,A,골목상권,3110205,경희대삼거리,82,48,34,0,4,13,23,23,19,0,2,10,7,17,12,0,2,3,16,6,7
20214,A,골목상권,3110265,망우역 1번,198,91,107,1,23,43,54,57,20,0,7,18,21,32,13,1,16,25,33,25,7
20214,R,전통시장,3130110,면목골목시장(면목시장),107,64,43,0,1,9,35,38,24,0,1,6,22,19,16,0,0,3,13,19,8
20214,A,골목상권,3110263,면목역 1번,130,71,59,0,13,27,35,24,31,0,7,12,12,14,26,0,6,15,23,10,5
20214,A,골목상권,3110272,신내1동주민센터,477,319,158,0,45,69,93,152,118,0,15,35,60,103,106,0,30,34,33,49,12
20214,R,전통시장,3130113,신아타운,148,27,121,1,31,31,28,39,18,1,4,9,3,4,6,0,27,22,25,35,12
20214,A,골목상권,3110307,길음역 7번,119,62,57,0,17,25,41,19,17,0,7,17,18,10,10,0,10,8,23,9,7
20214,A,골목상권,3110310,길음역 10번,45,14,31,0,12,8,5,15,5,0,4,1,2,4,3,0,8,7,3,11,2
20214,A,골목상권,3110288,동구여중,216,139,77,1,19,49,52,55,40,0,9,22,35,40,33,1,10,27,17,15,7
20214,A,골목상권,3110313,안암역 3번,2069,1344,725,2,208,552,670,474,163,0,95,310,444,355,140,2,113,242,226,119,23
20214,A,골목상권,3110326,장위동성당,84,40,44,0,2,9,16,13,44,0,1,2,6,5,26,0,1,7,10,8,18
20214,R,전통시장,3130117,정릉시장,121,63,58,0,4,15,34,43,25,0,2,8,20,19,14,0,2,7,14,24,11
20214,A,골목상권,3110282,국민대학교앞,980,789,191,13,185,388,206,75,113,12,134,349,179,57,58,1,51,39,27,18,55
20214,R,전통시장,3130118,정릉골 골목형상점가,67,30,37,0,11,13,11,19,13,0,0,2,6,12,10,0,11,11,5,7,3
20214,R,전통시장,3130141,강북북부골목시장,36,19,17,0,12,4,11,6,3,0,3,2,6,6,2,0,9,2,5,0,1
20214,A,골목상권,3110380,강북문화정보도서관,48,15,33,0,12,10,12,10,4,0,0,3,5,4,3,0,12,7,7,6,1
20214,D,발달상권,3120078,미아사거리역,143,89,54,0,27,28,29,30,29,0,12,16,21,18,22,0,15,12,8,12,7
20214,A,골목상권,3110370,도봉세무서,367,255,112,0,17,61,76,105,108,0,11,31,42,80,91,0,6,30,34,25,17
20214,A,골목상권,3110358,인수동 우편취급국,549,295,254,0,18,34,67,210,220,0,2,18,23,91,161,0,16,16,44,119,59
20214,A,골목상권,3110359,수유시장옆,126,72,54,0,12,26,34,40,14,0,3,12,17,32,8,0,9,14,17,8,6
20214,A,골목상권,3110366,광산사거리,91,64,27,0,17,20,17,22,15,0,13,13,11,16,11,0,4,7,6,6,4
20214,A,골목상권,3110391,샘말어린이공원,219,118,101,0,22,44,64,45,44,0,12,26,37,23,20,0,10,18,27,22,24
20214,A,골목상권,3110386,연산군묘,124,114,10,0,4,3,10,44,63,0,1,3,7,40,63,0,3,0,3,4,0
20214,A,골목상권,3110385,효문고등학교,37,22,15,0,3,9,12,4,9,0,2,5,3,4,8,0,1,4,9,0,1
20214,R,전통시장,3130144,백운시장,21,14,7,0,0,1,7,8,5,0,0,0,5,4,5,0,0,1,2,4,0
20214,A,골목상권,3110396,쌍문역1번(쌍리단길),259,94,165,2,41,49,52,76,39,0,13,15,22,29,15,2,28,34,30,47,24
20214,A,골목상권,3110404,신창초등학교,515,298,217,1,42,93,163,136,80,0,11,56,109,76,46,1,31,37,54,60,34
20214,A,골목상권,3110429,공릉동 국수거리,2074,916,1158,3,224,284,511,689,363,1,91,167,248,234,175,2,133,117,263,455,188
20214,A,골목상권,3110438,경춘선숲길 우측,230,110,120,0,26,54,83,52,15,0,12,21,38,30,9,0,14,33,45,22,6
20214,D,발달상권,3120085,은행사거리,317,121,196,4,51,48,80,78,56,3,11,14,21,40,32,1,40,34,59,38,24
20214,A,골목상권,3110458,선일여고,385,200,185,0,32,79,94,119,61,0,19,46,47,52,36,0,13,33,47,67,25
20214,A,골목상권,3110460,구산역 4번,969,582,387,0,57,184,248,234,246,0,18,124,133,121,186,0,39,60,115,113,60
20214,R,전통시장,3130164,역촌중앙시장,9,3,6,0,0,1,2,2,4,0,0,0,1,1,1,0,0,1,1,1,3
20214,A,골목상권,3110450,시립서북병원,774,421,353,3,138,166,179,154,134,2,80,103,96,70,70,1,58,63,83,84,64
20214,A,골목상권,3110456,구산보건지소,967,544,423,3,284,226,177,147,130,1,123,112,94,97,117,2,161,114,83,50,13
20214,A,골목상권,3110486,은평구청,491,279,212,0,81,100,108,134,68,0,54,70,53,61,41,0,27,30,55,73,27
20214,A,골목상권,3110484,역촌역 3번,499,193,306,6,64,131,129,103,66,5,34,45,41,32,36,1,30,86,88,71,30
20214,D,발달상권,3120092,불광역,274,147,127,0,33,51,83,52,55,0,12,29,44,21,41,0,21,22,39,31,14
20214,A,골목상권,3110472,연신내역 4번,335,156,179,2,52,77,79,68,57,1,16,43,30,37,29,1,36,34,49,31,28
20214,R,전통시장,3130168,연서시장,234,155,79,0,19,50,51,64,50,0,5,23,33,49,45,0,14,27,18,15,5
20214,A,골목상권,3110445,덕산중학교,71,53,18,0,18,15,16,8,14,0,10,9,13,7,14,0,8,6,3,1,0
20214,A,골목상권,3110446,내를건너서숲으로도서관,163,124,39,0,6,14,51,45,47,0,5,9,33,35,42,0,1,5,18,10,5
20214,A,골목상권,3110461,새절역 2번,39,21,18,0,2,8,11,10,8,0,2,2,6,6,5,0,0,6,5,4,3
20214,A,골목상권,3110451,증산역 4번,1267,962,305,2,150,378,365,291,81,2,75,289,305,230,61,0,75,89,60,61,20
20214,A,골목상권,3110502,남가좌파출소,290,147,143,0,29,34,73,92,62,0,14,16,35,47,35,0,15,18,38,45,27
20214,A,골목상권,3110520,경의중앙 신촌역,105,57,48,0,31,22,32,12,8,0,10,15,16,10,6,0,21,7,16,2,2
20214,A,골목상권,3110526,봉원사,211,111,100,1,17,38,50,49,56,1,7,21,24,26,32,0,10,17,26,23,24
20214,A,골목상권,3110511,연희초등학교,3646,3286,360,2,420,731,640,1505,348,1,355,646,532,1425,327,1,65,85,108,80,21
20214,D,발달상권,3120093,연희동,661,351,310,2,60,125,170,195,109,0,27,62,91,103,68,2,33,63,79,92,41
20214,A,골목상권,3110504,명지전문대,170,46,124,1,21,19,35,41,53,0,5,4,10,13,14,1,16,15,25,28,39
20214,D,발달상권,3120095,홍제역,931,525,406,1,73,108,267,363,119,0,16,56,142,223,88,1,57,52,125,140,31
20214,A,골목상권,3110587,공덕동주민센터,264,135,129,1,43,53,75,55,37,1,16,31,47,23,17,0,27,22,28,32,20
20214,A,골목상권,3110578,대흥역 2번,2091,1413,678,2,213,337,391,638,510,1,80,225,309,452,346,1,133,112,82,186,164
20214,A,골목상권,3110574,서강대학교,173,123,50,0,35,41,49,38,10,0,17,30,41,30,5,0,18,11,8,8,5
20214,A,골목상권,3110582,이대역 5번,56,17,39,0,6,11,16,13,10,0,0,4,4,4,5,0,6,7,12,9,5
20214,D,발달상권,3120106,마포역,11485,7110,4375,12,1812,2735,2685,2311,1930,8,917,1662,1891,1437,1195,4,895,1073,794,874,735
20214,A,골목상권,3110544,망리단길,1203,718,485,1,179,248,331,253,191,1,107,153,171,147,139,0,72,95,160,106,52
20214,D,발달상권,3120103,홍대입구역(홍대),9580,5991,3589,87,2167,2434,2066,1613,1213,61,1145,1486,1404,988,907,26,1022,948,662,625,306
20214,A,골목상권,3110566,경의선책거리,1690,934,756,2,359,547,406,290,86,1,137,328,252,157,59,1,222,219,154,133,27
20214,R,전통시장,3130187,영진시장,29,14,15,0,4,5,11,7,2,0,2,2,6,2,2,0,2,3,5,5,0
20214,A,골목상권,3110557,홍대부속여중고앞,760,465,295,1,100,188,196,149,126,1,37,110,137,95,85,0,63,78,59,54,41
20214,A,골목상권,3110548,마포구청역 4번,795,475,320,5,130,185,210,136,129,3,57,95,122,89,109,2,73,90,88,47,20
20214,A,골목상권,3110543,중암중학교,38,25,13,0,6,8,14,7,3,0,3,5,8,6,3,0,3,3,6,1,0
20214,A,골목상권,3110585,마포경찰서,918,790,128,0,192,360,176,181,9,0,150,313,153,166,8,0,42,47,23,15,1
20214,D,발달상권,3120112,등촌역,1633,1138,495,10,223,388,373,358,281,6,100,270,265,265,232,4,123,118,108,93,49
20214,A,골목상권,3110618,강서고등학교,193,135,58,0,19,38,52,52,32,0,10,29,36,34,26,0,9,9,16,18,6
20214,A,골목상권,3110599,신월1파출소,378,268,110,3,50,89,94,93,49,2,34,68,63,65,36,1,16,21,31,28,13
20214,A,골목상권,3110596,서서울호수공원,417,272,145,2,48,90,107,113,57,0,28,56,74,71,43,2,20,34,33,42,14
20214,R,전통시장,3130200,"신월7동 골목시장(약수시장, 우성상가)",27,18,9,0,0,3,9,6,9,0,0,0,7,4,7,0,0,3,2,2,2
20194,D,발달상권,3120028,명동(명동거리),12590,7582,5008,41,2103,3542,3628,2206,1070,16,1009,1955,2310,1615,677,25,1094,1587,1318,591,393
20194,D,발달상권,3120030,중부경찰서(영화인의거리),11882,6796,5086,53,2154,3638,3422,1957,658,16,721,2139,2091,1366,463,37,1433,1499,1331,591,195
20194,D,발달상권,3120029,을지로2가,7461,4461,3000,27,1938,2808,1698,798,192,7,787,1650,1165,693,159,20,1151,1158,533,105,33
20194,D,발달상권,3120025,롯데백화점(시청광장 지하쇼핑센터),22643,6274,16369,229,12750,7002,1624,945,93,71,3075,2028,780,249,71,158,9675,4974,844,696,22
20194,A,골목상권,3110051,한양공고앞 교차로,111,82,29,0,17,23,33,26,12,0,12,16,24,20,10,0,5,7,9,6,2
20194,R,전통시장,3130046,team204(팀204),20,13,7,0,1,3,4,2,10,0,0,2,3,1,7,0,1,1,1,1,3
20194,R,전통시장,3130047,테크노상가(엘리시움),158,110,48,0,10,26,33,60,29,0,5,20,20,41,24,0,5,6,13,19,5
20194,R,전통시장,3130048,동평화시장,20,11,9,0,7,8,1,4,0,0,3,4,1,3,0,0,4,4,0,1,0
20194,R,전통시장,3130055,"황학시장(서울중앙시장, 신중앙시장)",203,117,86,0,24,49,47,52,31,0,12,25,24,32,24,0,12,24,23,20,7
20194,R,전통시장,3130025,삼익패션타운(남대문시장),5494,2675,2819,69,1760,1561,1124,794,186,31,674,837,763,292,78,38,1086,724,361,502,108
20194,A,골목상권,3110075,숙대입구역 1번,1630,736,894,9,270,506,417,289,139,5,69,188,182,181,111,4,201,318,235,108,28
20194,A,골목상권,3110094,오산중학교,26,12,14,0,0,1,4,13,8,0,0,0,2,6,4,0,0,1,2,7,4
20194,A,골목상권,3110093,우사단길,2647,1632,1015,2,331,1035,757,359,163,1,106,546,562,321,96,1,225,489,195,38,67
20194,A,골목상권,3110089,서빙고동주민센터,752,503,249,1,94,230,220,107,100,0,33,136,159,88,87,1,61,94,61,19,13
20194,A,골목상권,3110064,효창공원앞역 2번,923,525,398,2,126,275,261,160,99,1,49,160,160,88,67,1,77,115,101,72,32
20194,A,골목상권,3110109,금호삼성래미안아파트,92,39,53,0,7,10,12,42,21,0,2,6,3,15,13,0,5,4,9,27,8
20194,A,골목상권,3110108,성동구립금호도서관,6,1,5,0,0,1,4,1,0,0,0,0,0,1,0,0,0,1,4,0,0
20194,A,골목상권,3110104,신금호역 4번,213,141,72,0,22,33,35,54,69,0,6,17,21,37,60,0,16,16,14,17,9
20194,A,골목상권,3110126,서울숲역 1번,27,18,9,0,0,7,2,12,6,0,0,6,0,7,5,0,0,1,2,5,1
20194,A,골목상권,3110135,성동세무서,401,208,193,0,41,84,107,78,91,0,7,43,49,38,71,0,34,41,58,40,20
20194,A,골목상권,3110115,상왕십리역 3번,945,362,583,10,392,218,156,113,56,0,76,84,93,75,34,10,316,134,63,38,22
20194,A,골목상권,3110133,서울교통공사,122,93,29,0,19,25,33,21,24,0,12,18,29,17,17,0,7,7,4,4,7
20194,R,전통시장,3130072,성동용답상가시장,132,71,61,0,21,19,35,39,18,0,9,9,16,26,11,0,12,10,19,13,7
20194,A,골목상권,3110130,답십리역 6번,105,89,16,0,20,24,38,15,8,0,17,20,35,10,7,0,3,4,3,5,1
20194,A,골목상권,3110170,동대부여고,223,128,95,1,37,51,67,45,22,0,17,21,42,32,16,1,20,30,25,13,6
20194,A,골목상권,3110172,광진초등학교,344,227,117,0,42,72,92,91,47,0,17,48,61,65,36,0,25,24,31,26,11
20194,A,골목상권,3110173,구남초등학교,195,106,89,0,34,50,46,44,21,0,16,28,21,25,16,0,18,22,25,19,5
20194,R,전통시장,3130081,자양골목전통시장(자양골목시장),54,36,18,0,7,17,14,9,7,0,5,12,9,6,4,0,2,5,5,3,3
20194,R,전통시장,3130080,자양종합시장(기능상실),14,10,4,0,0,1,6,6,1,0,0,1,4,4,1,0,0,0,2,2,0
20194,A,골목상권,3110143,뚝섬유원지역 1번,44,18,26,1,4,13,9,13,4,1,0,3,5,6,3,0,4,10,4,7,1
20194,D,발달상권,3120053,건대입구역(건대),892,505,387,5,148,146,178,204,211,2,41,65,97,137,163,3,107,81,81,67,48
20194,R,전통시장,3130075,노룬산시장(노룬산골목시장),17,12,5,0,4,5,6,0,2,0,3,3,5,0,1,0,1,2,1,0,1
20194,A,골목상권,3110165,국립정신건강센터,243,175,68,0,12,32,69,76,54,0,7,23,42,59,44,0,5,9,27,17,10
20194,R,전통시장,3130082,면곡골목시장,20,11,9,0,4,0,1,9,6,0,4,0,0,3,4,0,0,0,1,6,2
20194,R,전통시장,3130078,화양제일골목시장,52,17,35,0,6,15,19,9,3,0,1,5,8,2,1,0,5,10,11,7,2
20194,A,골목상권,3110185,용두초등학교,122,77,45,0,13,22,31,32,24,0,5,13,18,22,19,0,8,9,13,10,5
20194,D,발달상권,3120067,장안동사거리,2595,1173,1422,9,427,580,675,579,325,7,165,280,260,257,204,2,262,300,415,322,121
20194,R,전통시장,3130092,청량리농수산물시장,12,9,3,0,0,1,3,5,3,0,0,0,3,3,3,0,0,1,0,2,0
20194,A,골목상권,3110205,경희대삼거리,82,48,34,0,4,13,23,23,19,0,2,10,7,17,12,0,2,3,16,6,7
20194,A,골목상권,3110265,망우역 1번,198,91,107,1,23,43,54,57,20,0,7,18,21,32,13,1,16,25,33,25,7
20194,R,전통시장,3130110,면목골목시장(면목시장),107,64,43,0,1,9,35,38,24,0,1,6,22,19,16,0,0,3,13,19,8
20194,A,골목상권,3110263,면목역 1번,130,71,59,0,13,27,35,24,31,0,7,12,12,14,26,0,6,15,23,10,5
20194,A,골목상권,3110272,신내1동주민센터,477,319,158,0,45,69,93,152,118,0,15,35,60,103,106,0,30,34,33,49,12
20194,R,전통시장,3130113,신아타운,148,27,121,1,31,31,28,39,18,1,4,9,3,4,6,0,27,22,25,35,12
20194,A,골목상권,3110307,길음역 7번,119,62,57,0,17,25,41,19,17,0,7,17,18,10,10,0,10,8,23,9,7
20194,A,골목상권,3110310,길음역 10번,45,14,31,0,12,8,5,15,5,0,4,1,2,4,3,0,8,7,3,11,2
20194,A,골목상권,3110288,동구여중,216,139,77,1,19,49,52,55,40,0,9,22,35,40,33,1,10,27,17,15,7
20194,A,골목상권,3110313,안암역 3번,2069,1344,725,2,208,552,670,474,163,0,95,310,444,355,140,2,113,242,226,119,23
20194,A,골목상권,3110326,장위동성당,84,40,44,0,2,9,16,13,44,0,1,2,6,5,26,0,1,7,10,8,18
20194,R,전통시장,3130117,정릉시장,121,63,58,0,4,15,34,43,25,0,2,8,20,19,14,0,2,7,14,24,11
20194,A,골목상권,3110282,국민대학교앞,980,789,191,13,185,388,206,75,113,12,134,349,179,57,58,1,51,39,27,18,55
20194,R,전통시장,3130118,정릉골 골목형상점가,67,30,37,0,11,13,11,19,13,0,0,2,6,12,10,0,11,11,5,7,3
20194,R,전통시장,3130141,강북북부골목시장,36,19,17,0,12,4,11,6,3,0,3,2,6,6,2,0,9,2,5,0,1
20194,A,골목상권,3110380,강북문화정보도서관,48,15,33,0,12,10,12,10,4,0,0,3,5,4,3,0,12,7,7,6,1
20194,D,발달상권,3120078,미아사거리역,143,89,54,0,27,28,29,30,29,0,12,16,21,18,22,0,15,12,8,12,7
20194,A,골목상권,3110370,도봉세무서,367,255,112,0,17,61,76,105,108,0,11,31,42,80,91,0,6,30,34,25,17
20194,A,골목상권,3110358,인수동 우편취급국,549,295,254,0,18,34,67,210,220,0,2,18,23,91,161,0,16,16,44,119,59
20194,A,골목상권,3110359,수유시장옆,126,72,54,0,12,26,34,40,14,0,3,12,17,32,8,0,9,14,17,8,6
20194,A,골목상권,3110366,광산사거리,91,64,27,0,17,20,17,22,15,0,13,13,11,16,11,0,4,7,6,6,4
20194,A,골목상권,3110391,샘말어린이공원,219,118,101,0,22,44,64,45,44,0,12,26,37,23,20,0,10,18,27,22,24
20194,A,골목상권,3110386,연산군묘,124,114,10,0,4,3,10,44,63,0,1,3,7,40,63,0,3,0,3,4,0
20194,A,골목상권,3110385,효문고등학교,37,22,15,0,3,9,12,4,9,0,2,5,3,4,8,0,1,4,9,0,1
20194,R,전통시장,3130144,백운시장,21,14,7,0,0,1,7,8,5,0,0,0,5,4,5,0,0,1,2,4,0
20194,A,골목상권,3110396,쌍문역1번(쌍리단길),259,94,165,2,41,49,52,76,39,0,13,15,22,29,15,2,28,34,30,47,24
20194,A,골목상권,3110404,신창초등학교,515,298,217,1,42,93,163,136,80,0,11,56,109,76,46,1,31,37,54,60,34
20194,A,골목상권,3110429,공릉동 국수거리,2074,916,1158,3,224,284,511,689,363,1,91,167,248,234,175,2,133,117,263,455,188
20194,A,골목상권,3110438,경춘선숲길 우측,230,110,120,0,26,54,83,52,15,0,12,21,38,30,9,0,14,33,45,22,6
20194,D,발달상권,3120085,은행사거리,317,121,196,4,51,48,80,78,56,3,11,14,21,40,32,1,40,34,59,38,24
20194,A,골목상권,3110458,선일여고,385,200,185,0,32,79,94,119,61,0,19,46,47,52,36,0,13,33,47,67,25
20194,A,골목상권,3110460,구산역 4번,969,582,387,0,57,184,248,234,246,0,18,124,133,121,186,0,39,60,115,113,60
20194,R,전통시장,3130164,역촌중앙시장,9,3,6,0,0,1,2,2,4,0,0,0,1,1,1,0,0,1,1,1,3
20194,A,골목상권,3110450,시립서북병원,774,421,353,3,138,166,179,154,134,2,80,103,96,70,70,1,58,63,83,84,64
20194,A,골목상권,3110456,구산보건지소,967,544,423,3,284,226,177,147,130,1,123,112,94,97,117,2,161,114,83,50,13
20194,A,골목상권,3110486,은평구청,491,279,212,0,81,100,108,134,68,0,54,70,53,61,41,0,27,30,55,73,27
20194,A,골목상권,3110484,역촌역 3번,499,193,306,6,64,131,129,103,66,5,34,45,41,32,36,1,30,86,88,71,30
20194,D,발달상권,3120092,불광역,274,147,127,0,33,51,83,52,55,0,12,29,44,21,41,0,21,22,39,31,14
20194,A,골목상권,3110472,연신내역 4번,335,156,179,2,52,77,79,68,57,1,16,43,30,37,29,1,36,34,49,31,28
20194,R,전통시장,3130168,연서시장,234,155,79,0,19,50,51,64,50,0,5,23,33,49,45,0,14,27,18,15,5
20194,A,골목상권,3110445,덕산중학교,71,53,18,0,18,15,16,8,14,0,10,9,13,7,14,0,8,6,3,1,0
20194,A,골목상권,3110446,내를건너서숲으로도서관,163,124,39,0,6,14,51,45,47,0,5,9,33,35,42,0,1,5,18,10,5
20194,A,골목상권,3110461,새절역 2번,39,21,18,0,2,8,11,10,8,0,2,2,6,6,5,0,0,6,5,4,3
20194,A,골목상권,3110451,증산역 4번,1267,962,305,2,150,378,365,291,81,2,75,289,305,230,61,0,75,89,60,61,20
20194,A,골목상권,3110502,남가좌파출소,290,147,143,0,29,34,73,92,62,0,14,16,35,47,35,0,15,18,38,45,27
20194,A,골목상권,3110520,경의중앙 신촌역,105,57,48,0,31,22,32,12,8,0,10,15,16,10,6,0,21,7,16,2,2
20194,A,골목상권,3110526,봉원사,211,111,100,1,17,38,50,49,56,1,7,21,24,26,32,0,10,17,26,23,24
20194,A,골목상권,3110511,연희초등학교,3646,3286,360,2,420,731,640,1505,348,1,355,646,532,1425,327,1,65,85,108,80,21
20194,D,발달상권,3120093,연희동,661,351,310,2,60,125,170,195,109,0,27,62,91,103,68,2,33,63,79,92,41
20194,A,골목상권,3110504,명지전문대,170,46,124,1,21,19,35,41,53,0,5,4,10,13,14,1,16,15,25,28,39
20194,D,발달상권,3120095,홍제역,931,525,406,1,73,108,267,363,119,0,16,56,142,223,88,1,57,52,125,140,31
20194,A,골목상권,3110587,공덕동주민센터,264,135,129,1,43,53,75,55,37,1,16,31,47,23,17,0,27,22,28,32,20
20194,A,골목상권,3110578,대흥역 2번,2091,1413,678,2,213,337,391,638,510,1,80,225,309,452,346,1,133,112,82,186,164
20194,A,골목상권,3110574,서강대학교,173,123,50,0,35,41,49,38,10,0,17,30,41,30,5,0,18,11,8,8,5
20194,A,골목상권,3110582,이대역 5번,56,17,39,0,6,11,16,13,10,0,0,4,4,4,5,0,6,7,12,9,5
20194,D,발달상권,3120106,마포역,11485,7110,4375,12,1812,2735,2685,2311,1930,8,917,1662,1891,1437,1195,4,895,1073,794,874,735
20194,A,골목상권,3110544,망리단길,1203,718,485,1,179,248,331,253,191,1,107,153,171,147,139,0,72,95,160,106,52
20194,D,발달상권,3120103,홍대입구역(홍대),9580,5991,3589,87,2167,2434,2066,1613,1213,61,1145,1486,1404,988,907,26,1022,948,662,625,306
20194,A,골목상권,3110566,경의선책거리,1690,934,756,2,359,547,406,290,86,1,137,328,252,157,59,1,222,219,154,133,27
20194,R,전통시장,3130187,영진시장,29,14,15,0,4,5,11,7,2,0,2,2,6,2,2,0,2,3,5,5,0
20194,A,골목상권,3110557,홍대부속여중고앞,760,465,295,1,100,188,196,149,126,1,37,110,137,95,85,0,63,78,59,54,41
20194,A,골목상권,3110548,마포구청역 4번,795,475,320,5,130,185,210,136,129,3,57,95,122,89,109,2,73,90,88,47,20
20194,A,골목상권,3110543,중암중학교,38,25,13,0,6,8,14,7,3,0,3,5,8,6,3,0,3,3,6,1,0
20194,A,골목상권,3110585,마포경찰서,918,790,128,0,192,360,176,181,9,0,150,313,153,166,8,0,42,47,23,15,1
20194,D,발달상권,3120112,등촌역,1633,1138,495,10,223,388,373,358,281,6,100,270,265,265,232,4,123,118,108,93,49
20194,A,골목상권,3110618,강서고등학교,193,135,58,0,19,38,52,52,32,0,10,29,36,34,26,0,9,9,16,18,6
20194,A,골목상권,3110599,신월1파출소,378,268,110,3,50,89,94,93,49,2,34,68,63,65,36,1,16,21,31,28,13
20194,A,골목상권,3110596,서서울호수공원,417,272,145,2,48,90,107,113,57,0,28,56,74,71,43,2,20,34,33,42,14
20194,R,전통시장,3130200,"신월7동 골목시장(약수시장, 우성상가)",27,18,9,0,0,3,9,6,9,0,0,0,7,4,7,0,0,3,2,2,2
20194,A,골목상권,3110623,갈산공원,130,99,31,0,27,34,27,31,11,0,23,27,21,21,7,0,4,7,6,10,4
20194,R,전통시장,3130218,신월중앙시장,118,53,65,0,28,34,26,13,17,0,8,12,11,9,13,0,20,22,15,4,4
20194,A,골목상권,3110632,방화역 3번,1075,887,188,2,42,127,400,334,170,1,21,90,353,281,141,1,21,37,47,53,29
20194,A,골목상권,3110651,화원중학교,377,214,163,2,29,50,102,105,89,1,19,31,68,52,43,1,10,19,34,53,46
20194,A,골목상권,3110659,화곡역 4번,844,496,348,11,102,181,234,180,136,9,52,114,140,105,76,2,50,67,94,75,60
20194,A,골목상권,3110696,오류동역 1번,2424,1658,766,32,831,942,326,216,77,16,483,735,235,131,58,16,348,207,91,85,19
20194,A,골목상권,3110697,개봉3동주민센터,230,142,88,1,55,64,49,41,20,1,27,41,31,29,13,0,28,23,18,12,7
20194,A,골목상권,3110698,개웅초등학교(개웅중학교),276,176,100,3,50,50,53,63,57,3,25,32,31,39,46,0,25,18,22,24,11
20194,A,골목상권,3110722,G타워,837,574,263,4,152,296,249,99,37,4,95,205,191,55,24,0,57,91,58,44,13
20194,A,골목상권,3110682,온수역 8번,25,11,14,0,2,4,13,5,1,0,2,2,6,1,0,0,0,2,7,4,1
20194,A,골목상권,3110684,서울공연예술고등학교,251,136,115,2,50,78,61,36,24,0,19,54,34,19,10,2,31,24,27,17,14
20194,A,골목상권,3110688,오류지구대,169,59,110,1,18,18,40,59,33,0,7,10,15,19,8,1,11,8,25,40,25
20194,A,골목상권,3110730,서울축산농협 독산역지점(독산파출소),660,376,284,1,80,105,117,201,156,1,30,58,54,113,120,0,50,47,63,88,36
20194,A,골목상권,3110728,두산초등학교,4560,2778,1782,8,88,138,245,530,3551,8,64,86,123,279,2218,0,24,52,122,251,1333
20194,A,골목상권,3110752,한울중학교,269,117,152,2,25,46,81,79,36,2,13,16,34,33,19,0,12,30,47,46,17
20194,R,전통시장,3130234,푸른터시장(기능상실),7,3,4,0,1,1,0,3,2,0,0,1,0,1,1,0,1,0,0,2,1
20194,R,전통시장,3130235,대명여울빛거리시장(대명시장),298,80,218,0,39,52,77,82,48,0,11,14,25,19,11,0,28,38,52,63,37
20194,A,골목상권,3110743,시흥초등학교(시흥1동우체국),191,130,61,0,18,31,48,50,44,0,10,20,32,37,31,0,8,11,16,13,13
20194,A,골목상권,3110731,금천구청역 1번 출입구,1044,564,480,7,306,385,206,96,44,2,149,230,102,55,26,5,157,155,104,41,18
20194,A,골목상권,3110753,시흥동 은행나무사거리,617,387,230,0,69,100,149,166,133,0,28,68,90,96,105,0,41,32,59,70,28
20194,A,골목상권,3110764,문래역 3번,541,223,318,0,93,127,159,102,60,0,27,39,54,54,49,0,66,88,105,48,11
20194,A,골목상권,3110779,대림갑을명가아파트,33,24,9,0,2,5,13,7,6,0,1,4,10,4,5,0,1,1,3,3,1
20194,R,전통시장,3130242,대림중앙 골목형상점가,66,20,46,0,3,17,17,24,5,0,1,6,5,5,3,0,2,11,12,19,2
20194,A,골목상권,3110765,문래동사거리,889,619,270,2,80,133,209,175,290,1,38,78,140,126,236,1,42,55,69,49,54
20194,A,골목상권,3110810,영신초등학교,403,183,220,0,58,147,59,78,61,0,24,67,27,43,22,0,34,80,32,35,39
20194,A,골목상권,3110813,보라매역 6번,286,167,119,3,22,37,50,74,100,3,15,21,24,39,65,0,7,16,26,35,35
20194,D,발달상권,3120135,양평역,5072,3013,2059,32,1300,1280,1187,776,497,11,626,825,676,441,434,21,674,455,511,335,63
20194,D,발달상권,3120146,한강성심병원,5066,2882,2184,18,1252,1255,1097,821,623,8,405,669,729,584,487,10,847,586,368,237,136
20194,R,전통시장,3130253,영신상가(제일상가),9,7,2,0,2,3,0,2,2,0,2,3,0,1,1,0,0,0,0,1,1
20194,R,전통시장,3130249,동남상가,10,8,2,0,2,0,0,4,4,0,1,0,0,4,3,0,1,0,0,0,1
20194,A,골목상권,3110782,영등포시장역 4번,127,87,40,1,13,24,48,27,14,1,5,16,36,17,12,0,8,8,12,10,2
20194,A,골목상권,3110809,장훈고등학교,112,61,51,0,7,15,30,23,37,0,3,5,11,17,25,0,4,10,19,6,12
20194,A,골목상권,3110834,동작구자원봉사센터,41,25,16,0,3,5,8,11,14,0,2,2,8,6,7,0,1,3,0,5,7
20194,A,골목상권,3110828,노량진역 6번,3010,2066,944,9,471,1047,854,467,162,3,252,711,639,357,104,6,219,336,215,110,58
20194,A,골목상권,3110824,대방역 3번,296,102,194,1,48,91,92,42,22,0,11,26,29,23,13,1,37,65,63,19,9
20194,A,골목상권,3110852,이수역 9번,198,121,77,0,26,35,54,38,45,0,12,20,30,23,36,0,14,15,24,15,9
20194,A,골목상권,3110851,경문고등학교(동작동성당),493,236,257,0,79,137,141,105,31,0,32,53,66,67,18,0,47,84,75,38,13
20194,A,골목상권,3110831,상도4동주민센터,72,40,32,0,3,13,14,29,13,0,3,6,6,18,7,0,0,7,8,11,6
20194,A,골목상권,3110827,NH농협은행 상도동지점,262,93,169,0,39,51,73,65,34,0,11,18,20,28,16,0,28,33,53,37,18
20194,A,골목상권,3110841,중대부중,75,34,41,0,7,12,14,23,19,0,4,7,5,10,8,0,3,5,9,13,11
20194,A,골목상권,3110900,낙성대역 1번(관악구민 종합체육센터),444,246,198,1,94,123,115,88,23,1,48,64,62,53,18,0,46,59,53,35,5
20194,D,발달상권,3120159,서울대입구역,1430,763,667,12,289,320,321,238,250,6,116,164,174,133,170,6,173,156,147,105,80
20194,A,골목상권,3110866,난우중학교,184,101,83,0,23,36,41,65,19,0,14,20,19,32,16,0,9,16,22,33,3
20194,D,발달상권,3120158,녹두거리(대학동),695,550,145,2,31,73,200,279,110,0,7,41,163,241,98,2,24,32,37,38,12
20194,A,골목상권,3110857,미성동주민센터,431,229,202,9,60,64,70,108,120,9,34,48,41,46,51,0,26,16,29,62,69
20194,R,전통시장,3130278,미성동 도깨비시장 골목형상점가,75,16,59,0,0,16,28,24,7,0,0,7,5,2,2,0,0,9,23,22,5
20194,A,골목상권,3110875,보라매동주민센터(당곡고등학교),19,15,4,0,4,2,5,6,2,0,2,2,3,6,2,0,2,0,2,0,0
20194,A,골목상권,3110873,당곡중학교,348,167,181,0,70,79,87,76,36,0,29,39,39,37,23,0,41,40,48,39,13
20194,R,전통시장,3130285,서원동상점가,615,316,299,4,28,56,85,160,282,1,17,38,45,60,155,3,11,18,40,100,127
20194,A,골목상권,3110891,구암초등학교,47,22,25,0,5,1,22,16,3,0,1,0,11,8,2,0,4,1,11,8,1
20194,R,전통시장,3130280,신림종합시장,22,17,5,0,0,1,2,7,12,0,0,0,0,5,12,0,0,1,2,2,0
20194,R,전통시장,3130279,관악신사시장,2159,1727,432,0,365,671,738,355,30,0,172,530,669,333,23,0,193,141,69,22,7
20194,R,전통시장,3130295,인헌시장(원당종합시장),122,48,74,0,20,27,38,23,14,0,3,9,16,12,8,0,17,18,22,11,6
20194,A,골목상권,3110892,관악구 중앙길,709,341,368,0,69,110,159,221,150,0,25,55,76,105,80,0,44,55,83,116,70
20194,A,골목상권,3110899,낙성대역 5번(관악중학교),681,442,239,0,167,178,164,123,49,0,107,130,95,71,39,0,60,48,69,52,10
20194,A,골목상권,3110944,서울나래학교(염곡어린이공원),933,632,301,10,116,213,161,196,237,8,88,169,114,118,135,2,28,44,47,78,102
20194,A,골목상권,3110905,방배노인종합복지관(이수중학교),287,176,111,1,36,71,71,63,45,0,18,38,45,41,34,1,18,33,26,22,11
20194,A,골목상권,3110920,방배역 2번(백석예술대학교),359,205,154,0,23,53,125,118,40,0,5,29,65,75,31,0,18,24,60,43,9
20194,A,골목상권,3110910,내방역 5번,614,240,374,5,72,124,157,176,80,3,30,69,52,49,37,2,42,55,105,127,43
20194,A,골목상권,3110906,서문여고,683,362,321,2,217,106,119,106,133,0,59,58,72,62,111,2,158,48,47,44,22
20194,D,발달상권,3120161,방배동가구거리(사당동가구거리),2517,1833,684,3,187,342,315,347,1323,2,78,178,165,202,1208,1,109,164,150,145,115
20194,R,전통시장,3130296,남부종합시장,85,63,22,0,2,8,25,35,15,0,1,8,16,24,14,0,1,0,9,11,1
20194,D,발달상권,3120175,남부터미널역,8254,5320,2934,32,1703,2482,1996,1297,744,6,856,1692,1362,856,548,26,847,790,634,441,196
20194,A,골목상권,3110932,서울시인재개발원,532,384,148,2,128,170,127,64,41,2,76,116,100,54,36,0,52,54,27,10,5
20194,A,골목상권,3110930,서초동성당,2178,1774,404,8,284,588,694,433,171,2,190,448,591,393,150,6,94,140,103,40,21
20194,A,골목상권,3110931,삼성전자서울R&D(서울우면초등학교),94,47,47,0,36,30,16,6,6,0,11,15,10,6,5,0,25,15,6,0,1
20194,A,골목상권,3110938,바우뫼공원,1522,927,595,0,253,457,423,297,92,0,147,314,251,143,72,0,106,143,172,154,20
20194,A,골목상권,3110942,염곡동 구룡사(포이동성당),3242,1952,1290,7,578,932,791,613,321,3,328,587,461,351,222,4,250,345,330,262,99
20194,A,골목상권,3110943,법제교육센터(버들어린이공원),1122,578,544,1,67,165,357,323,209,1,36,99,151,140,151,0,31,66,206,183,58
20194,A,골목상권,3110994,개포고등학교,494,382,112,7,65,161,123,110,28,4,47,134,103,73,21,3,18,27,20,37,7
20194,R,전통시장,3130305,논현종합시장,85,43,42,0,21,14,14,19,17,0,7,7,6,14,9,0,14,7,8,5,8
20194,D,발달상권,3120193,도산공원교차로,6384,3798,2586,15,1278,1918,1493,983,697,6,466,1071,1021,696,538,9,812,847,472,287,159
20194,D,발달상권,3120220,대치역,5716,3394,2322,26,1854,2307,1022,333,174,2,774,1495,752,234,137,24,1080,812,270,99,37
20194,D,발달상권,3120210,선릉역,48780,26797,21983,117,11358,13636,11065,7952,4652,54,5356,8026,6479,4158,2724,63,6002,5610,4586,3794,1928
20194,D,발달상권,3120221,봉은사역,17557,12129,5428,22,3154,5248,3562,2734,2837,8,2167,4087,2812,1669,1386,14,987,1161,750,1065,1451
20194,A,골목상권,3110988,청담역 3번,1594,1016,578,1,243,425,364,346,215,1,82,247,247,262,177,0,161,178,117,84,38
20194,R,전통시장,3130304,신사상가,24,13,11,0,3,4,6,7,4,0,1,1,3,5,3,0,2,3,3,2,1
20194,D,발달상권,3120197,역삼역,58731,38593,20138,93,10093,18065,15897,10840,3743,43,5229,11924,11872,7083,2442,50,4864,6141,4025,3757,1301
20194,D,발달상권,3120237,경찰병원역,9922,5579,4343,59,1236,1684,1762,1665,3516,25,543,1068,1140,766,2037,34,693,616,622,899,1479
20194,A,골목상권,3111045,개미어린이공원,36,18,18,0,2,7,12,12,3,0,1,1,7,7,2,0,1,6,5,5,1
20194,A,골목상권,3111047,마천1치안센터,111,73,38,0,9,17,34,34,17,0,6,14,19,22,12,0,3,3,15,12,5
20194,A,골목상권,3111043,마천공원,32,13,19,0,1,3,7,12,9,0,0,0,1,6,6,0,1,3,6,6,3
20194,D,발달상권,3120238,방이역,430,260,170,5,53,101,116,79,76,4,25,48,61,57,65,1,28,53,55,22,11
20194,D,발달상권,3120226,석촌고분역,2344,1748,596,6,272,329,431,334,972,5,128,199,262,228,926,1,144,130,169,106,46
20194,A,골목상권,3111012,석촌역 6번,732,332,400,2,91,127,180,183,149,2,23,56,83,93,75,0,68,71,97,90,74
20194,D,발달상권,3120228,석촌역(석촌호수),4494,2725,1769,7,707,1306,1038,695,741,1,288,851,680,410,495,6,419,455,358,285,246
20194,A,골목상권,3111035,오금공원(오주중학교),531,398,133,0,41,90,148,148,104,0,32,66,121,102,77,0,9,24,27,46,27
20194,A,골목상권,3111028,문현중학교(장지역 1번),424,194,230,0,54,66,132,116,56,0,29,36,49,50,30,0,25,30,83,66,26
20194,A,골목상권,3111087,고덕중학교(고덕2동주민센터),197,89,108,0,26,46,62,36,27,0,5,21,26,17,20,0,21,25,36,19,7
20194,D,발달상권,3120246,길동역,3415,1545,1870,14,385,562,837,913,704,8,169,318,417,302,331,6,216,244,420,611,373
20194,A,골목상권,3111083,GS강동자이아파트,411,245,166,0,67,62,70,100,112,0,47,43,41,44,70,0,20,19,29,56,42
20194,R,전통시장,3130325,명일전통시장,89,30,59,0,8,10,13,28,30,0,3,6,5,8,8,0,5,4,8,20,22
20194,A,골목상권,3111074,명일역 1번,147,77,70,2,31,38,40,16,20,1,9,23,23,10,11,1,22,15,17,6,9
20194,A,골목상권,3111053,성내천어린이공원(하니사랑길),6288,4564,1724,6,799,940,1025,1564,1954,3,542,693,750,1053,1523,3,257,247,275,511,431
20194,A,골목상권,3111061,암사역 1번,831,551,280,0,149,186,182,170,144,0,82,128,126,125,90,0,67,58,56,45,54
20194,R,전통시장,3130318,로데오거리상점가,266,132,134,0,31,43,49,55,88,0,9,12,19,26,66,0,22,31,30,29,22
20194,A,골목상권,3111056,천호태영아파트,191,53,138,0,27,35,64,36,29,0,4,5,19,15,10,0,23,30,45,21,19
20194,A,골목상권,3110036,동묘앞역 3번,52,34,18,0,3,6,16,12,15,0,1,3,9,11,10,0,2,3,7,1,5
20194,A,골목상권,3110028,이화달팽이길,704,279,425,1,177,179,137,123,87,0,56,60,56,65,42,1,121,119,81,58,45
20194,D,발달상권,3120010,원남동사거리,4095,2287,1808,50,1544,1304,651,377,169,2,585,792,484,292,132,48,959,512,167,85,37
20194,R,전통시장,3130017,동대문상가C동,12,9,3,0,1,4,4,2,1,0,1,4,3,0,1,0,0,0,1,2,0
20194,D,발달상권,3120016,동대문역,182,115,67,1,10,24,42,40,65,0,6,12,20,28,49,1,4,12,22,12,16
20194,A,골목상권,3110034,창신1동주민센터,41,35,6,0,2,1,14,13,11,0,2,1,10,11,11,0,0,0,4,2,0
20194,A,골목상권,3110014,경복고등학교,194,82,112,0,28,54,40,44,28,0,4,14,21,24,19,0,24,40,19,20,9
20194,A,골목상권,3110001,이북5도청사,1048,625,423,4,130,286,237,257,134,0,48,170,160,167,80,4,82,116,77,90,54
20194,A,골목상권,3110286,한성대입구역 5번,986,472,514,17,187,285,318,122,57,8,70,127,144,83,40,9,117,158,174,39,17
20194,R,전통시장,3130036,중부시장(신중부시장),3089,921,2168,8,1868,593,250,198,172,3,316,189,171,120,122,5,1552,404,79,78,50
20194,D,발달상권,3120033,을지로4가역,867,437,430,7,127,212,194,201,126,1,44,107,99,89,97,6,83,105,95,112,29
20194,U,관광특구,3001492,명동 남대문 북창동 다동 무교동 관광특구,104830,53674,51156,423,27134,34007,23384,15726,4156,137,8860,16080,15133,10824,2640,286,18274,17927,8251,4902,1516
20194,D,발달상권,3120023,서울시청,10242,5534,4708,15,2234,3260,2778,1425,530,4,852,1657,1658,983,380,11,1382,1603,1120,442,150
20194,R,전통시장,3130031,청계천공구상가,921,698,223,2,101,281,234,159,144,1,64,230,181,104,118,1,37,51,53,55,26
20194,D,발달상권,3120021,시청역_8번,23737,14953,8784,73,4071,8120,7087,3484,902,13,1699,4433,5165,2993,650,60,2372,3687,1922,491,252
20194,A,골목상권,3110053,청구역 1번,281,166,115,0,52,69,69,54,37,0,23,45,43,27,28,0,29,24,26,27,9
20194,R,전통시장,3130049,신당 미래유산 먹거리 골목형상점가,42,19,23,0,3,5,9,13,12,0,1,3,0,7,8,0,2,2,9,6,4
20194,D,발달상권,3120043,서울역,22578,15322,7256,58,4087,7782,5513,3664,1474,27,2087,4897,4201,3033,1077,31,2000,2885,1312,631,397
20194,A,골목상권,3110040,중구회현체육센터(정화예술대남산캠퍼스),165,78,87,0,33,30,40,37,25,0,14,15,17,13,19,0,19,15,23,24,6
20194,D,발달상권,3120024,회현역,2167,1364,803,2,341,795,582,250,197,1,146,473,416,192,136,1,195,322,166,58,61
20194,A,골목상권,3110039,회현역 1번,49,26,23,0,2,8,12,14,13,0,0,4,9,8,5,0,2,4,3,6,8
20194,R,전통시장,3130024,남대문시장(자유상가),732,426,306,2,54,129,172,177,198,1,15,75,95,108,132,1,39,54,77,69,66
20194,R,전통시장,3130022,숭례문수입상가(남대문시장),1907,850,1057,0,330,855,598,113,11,0,55,378,338,70,9,0,275,477,260,43,2
20201,A,골목상권,3110689,오류동역 3번,287,200,87,3,44,47,56,75,62,3,25,32,41,52,47,0,19,15,15,23,15
20201,A,골목상권,3110690,오류2동버들시장,577,275,302,1,101,192,133,94,56,0,39,104,64,36,32,1,62,88,69,58,24
20201,A,골목상권,3110725,가산동주민센터,85,59,26,0,6,20,22,20,17,0,3,15,16,12,13,0,3,5,6,8,4
20201,A,골목상권,3110735,말미고개,520,330,190,0,64,115,140,140,61,0,31,79,94,79,47,0,33,36,46,61,14
20201,R,전통시장,3130233,남문시장,76,47,29,0,5,8,18,22,23,0,2,3,9,12,21,0,3,5,9,10,2
20201,A,골목상권,3110736,독산119안전센터,461,199,262,0,46,55,76,118,166,0,21,32,35,42,69,0,25,23,41,76,97
20201,A,골목상권,3110746,금천금빛공원(은행나무사거리서측),76,53,23,0,5,11,23,22,15,0,3,9,13,16,12,0,2,2,10,6,3
20201,R,전통시장,3130237,박미시장(기능상실),39,26,13,0,1,6,11,9,12,0,0,2,7,8,9,0,1,4,4,1,3
20201,A,골목상권,3110766,대림역 5번,360,205,155,0,30,82,85,99,64,0,15,54,42,56,38,0,15,28,43,43,26
20201,A,골목상권,3110777,구로세무서,282,210,72,0,36,41,47,83,75,0,13,30,32,66,69,0,23,11,15,17,6
20201,R,전통시장,3130255,영등포전통시장,45,29,16,0,1,7,5,10,22,0,1,5,3,4,16,0,0,2,2,6,6
20201,A,골목상권,3110788,영등포시장역 3번,28,22,6,0,4,5,7,9,3,0,3,5,6,6,2,0,1,0,1,3,1
20201,A,골목상권,3110783,영등포시장역 1번,292,154,138,1,26,37,35,67,126,1,19,27,16,33,58,0,7,10,19,34,68
20201,A,골목상권,3110799,영등포본동주민센터,119,86,33,5,21,16,11,22,44,3,12,10,6,15,40,2,9,6,5,7,4
20201,R,전통시장,3130265,노량진중앙시장,115,82,33,0,17,48,34,8,8,0,12,42,23,3,2,0,5,6,11,5,6
20201,R,전통시장,3130263,신노량진시장(기능상실),13,4,9,0,0,3,4,6,0,0,0,0,1,3,0,0,0,3,3,3,0
20201,A,골목상권,3110821,보라매역 2번,599,356,243,0,73,109,142,137,138,0,34,65,80,89,88,0,39,44,62,48,50
20201,D,발달상권,3120155,총신대학교,107,54,53,0,13,27,24,25,18,0,7,8,13,14,12,0,6,19,11,11,6
20201,R,전통시장,3130268,상도전통시장,239,104,135,0,33,60,53,58,35,0,12,23,23,24,22,0,21,37,30,34,13
20201,A,골목상권,3110836,상도역 5번,3057,1846,1211,9,550,798,701,647,352,2,238,486,453,447,220,7,312,312,248,200,132
20201,A,골목상권,3110840,중앙대학교,175,99,76,0,24,25,57,45,24,0,12,13,37,22,15,0,12,12,20,23,9
20201,A,골목상권,3110878,미림여고,368,218,150,3,43,114,101,78,29,0,19,63,68,43,25,3,24,51,33,35,4
20201,A,골목상권,3110861,관악구신사동주민센터,1168,598,570,1,215,376,261,204,111,1,71,194,161,101,70,0,144,182,100,103,41
20201,A,골목상권,3110893,관악소방서(문영여고),353,303,50,0,39,110,66,113,25,0,29,96,57,99,22,0,10,14,9,14,3
20201,A,골목상권,3110890,봉천역 1번(관악초등학교),249,148,101,1,17,43,92,67,29,0,4,22,58,43,21,1,13,21,34,24,8
20201,R,전통시장,3130294,관악중부시장,102,40,62,1,5,10,22,39,25,0,2,3,7,16,12,1,3,7,15,23,13
20201,D,발달상권,3120166,방배역,5465,3280,2185,90,1234,1594,1033,699,815,26,523,920,713,451,647,64,711,674,320,248,168
20201,D,발달상권,3120164,내방역,8579,5975,2604,56,1923,2822,1862,1129,787,48,1160,1998,1383,799,587,8,763,824,479,330,200
20201,D,발달상권,3120162,방배동카페골목,1253,717,536,61,207,200,219,215,351,57,126,142,110,93,189,4,81,58,109,122,162
20201,D,발달상권,3120169,서초역,15771,7185,8586,70,3824,4195,3945,2657,1080,30,1313,1990,1801,1235,816,40,2511,2205,2144,1422,264
20201,A,골목상권,3110936,더케이호텔(양재리본타워2단지아파트),832,552,280,3,109,260,215,175,70,0,53,154,159,131,55,3,56,106,56,44,15
20201,A,골목상권,3110940,양재근린공원(양재2동주민센터),956,699,257,8,168,323,238,137,82,8,109,243,178,97,64,0,59,80,60,40,18
20201,D,발달상권,3120178,신사역,11093,6014,5079,34,2556,2878,2400,1866,1359,13,875,1596,1501,1005,1024,21,1681,1282,899,861,335
20201,A,골목상권,3110993,개포지하차도 북측,70,53,17,0,3,9,19,23,16,0,2,7,16,18,10,0,1,2,3,5,6
20201,A,골목상권,3110983,국립국악고등학교,783,534,249,6,126,212,125,145,169,2,44,137,94,111,146,4,82,75,31,34,23
20201,A,골목상권,3110950,논현역 7번,2981,1929,1052,1,829,1305,518,230,98,0,418,886,383,173,69,1,411,419,135,57,29
20201,D,발달상권,3120199,경복아파트교차로,3427,2023,1404,9,720,1059,682,508,449,3,273,627,441,345,334,6,447,432,241,163,115
20201,D,발달상권,3120212,한티역,753,394,359,1,118,182,201,143,108,1,37,87,119,80,70,0,81,95,82,63,38
20201,D,발달상권,3120211,도성초등학교,984,516,468,7,180,282,189,161,165,3,68,120,112,117,96,4,112,162,77,44,69
20201,A,골목상권,3110960,은광여고,1601,749,852,5,219,282,389,522,184,4,60,131,203,227,124,1,159,151,186,295,60
20201,A,골목상권,3110964,싸리고개근린공원,217,124,93,0,29,60,59,34,35,0,8,32,36,23,25,0,21,28,23,11,10
20201,U,관광특구,3001496,강남 마이스 관광특구,15904,8904,7000,59,3513,6185,4248,1596,303,25,1160,3361,2887,1246,225,34,2353,2824,1361,350,78
20201,A,골목상권,3110995,봉은사역 4번,5085,3711,1374,9,978,2002,1271,637,188,2,575,1477,990,523,144,7,403,525,281,114,44
20201,A,골목상권,3110998,은곡마을(은곡마을공원),17,11,6,0,2,6,4,3,2,0,0,4,3,3,1,0,2,2,1,0,1
20201,A,골목상권,3111001,아래방죽마을공원(율현초등학교),58,43,15,0,2,9,14,18,15,0,1,7,12,13,10,0,1,2,2,5,5
20201,A,골목상권,3110949,한남IC,1683,1193,490,5,288,565,435,305,85,2,112,398,347,261,73,3,176,167,88,44,12
20201,A,골목상권,3110959,신구중학교,271,140,131,0,14,66,82,79,30,0,7,36,49,29,19,0,7,30,33,50,11
20201,A,골목상권,3110962,도산공원북측,53,27,26,0,20,11,10,8,4,0,11,7,6,3,0,0,9,4,4,5,4
20201,A,골목상권,3110954,국기원,636,445,191,0,89,142,187,94,124,0,35,97,161,74,78,0,54,45,26,20,46
20201,D,발달상권,3120204,르네상스호텔사거리,41471,20644,20827,102,8167,11056,10671,10081,1394,54,5016,7567,4988,2062,957,48,3151,3489,5683,8019,437
20201,A,골목상권,3110997,대청초등학교,1724,959,765,4,230,291,391,383,425,2,111,162,200,210,274,2,119,129,191,173,151
20201,A,골목상권,3110979,청담초등학교,3004,1918,1086,4,525,926,768,568,213,4,230,632,535,343,174,0,295,294,233,225,39
20201,A,골목상권,3111027,문정초등학교,1393,771,622,3,146,285,323,246,390,1,67,159,209,125,210,2,79,126,114,121,180
20201,A,골목상권,3111020,방이동고분군(방산고등학교),304,225,79,1,20,103,84,54,42,0,7,73,64,48,33,1,13,30,20,6,9
20201,R,전통시장,3130313,방이시장,3889,1825,2064,10,726,635,634,1135,749,8,362,409,357,377,312,2,364,226,277,758,437
20201,A,골목상권,3111005,삼전역 3번,1865,1358,507,0,320,617,459,302,167,0,215,449,339,222,133,0,105,168,120,80,34
20201,A,골목상권,3111037,Sh수협은행 오금동금융센터(아랫말어린이공원),373,243,130,0,37,103,90,93,50,0,25,84,60,43,31,0,12,19,30,50,19
20201,A,골목상권,3111032,방이역 1번,3878,2552,1326,4,235,340,599,718,1982,3,139,237,411,469,1293,1,96,103,188,249,689
20201,A,골목상권,3111081,둔촌푸르지오아파트,78,50,28,0,8,17,18,18,17,0,4,12,13,6,15,0,4,5,5,12,2
20201,A,골목상권,3111089,상일여고(상일초등학교),750,505,245,0,50,131,180,233,156,0,31,81,127,154,112,0,19,50,53,79,44
20201,A,골목상권,3111059,강동역 4번(강풀만화거리),774,420,354,3,87,144,177,164,199,1,47,73,92,91,116,2,40,71,85,73,83
20201,A,골목상권,3111067,강동구립성내도서관,746,414,332,2,73,149,192,177,153,1,36,98,107,84,88,1,37,51,85,93,65
20201,A,골목상권,3110005,세검정,1057,542,515,6,132,305,306,202,106,2,40,143,167,124,66,4,92,162,139,78,40
20201,A,골목상권,3110008,배화여자대학교(박노수미술관),507,350,157,1,50,79,121,161,95,0,15,45,93,121,76,1,35,34,28,40,19
20201,A,골목상권,3110035,동묘앞역 2번,276,161,115,2,18,43,75,88,50,0,5,18,42,65,31,2,13,25,33,23,19
20201,A,골목상권,3110027,혜화역 1번,598,358,240,1,67,108,127,97,198,0,25,70,64,54,145,1,42,38,63,43,53
20201,D,발달상권,3120015,종로6가,302,153,149,0,49,64,69,65,55,0,17,23,27,42,44,0,32,41,42,23,11
20201,R,전통시장,3130011,충신시장,88,44,44,0,19,19,20,17,13,0,7,11,8,8,10,0,12,8,12,9,3
20201,A,골목상권,3110030,동대문역 3번,7,3,4,0,2,2,2,1,0,0,0,2,1,0,0,0,2,0,1,1,0
20201,A,골목상권,3110015,청와대사랑채,578,345,233,0,64,147,166,126,75,0,16,63,110,91,65,0,48,84,56,35,10
20201,A,골목상권,3110011,청운초등학교,263,188,75,0,21,105,79,43,15,0,21,95,44,16,12,0,0,10,35,27,3
20201,A,골목상권,3110024,혜회동주민센터,928,263,665,0,135,264,294,184,51,0,17,64,90,55,37,0,118,200,204,129,14
20201,D,발달상권,3120032,충무로역,10818,5021,5797,35,1541,2434,3139,2621,1048,15,532,1200,1480,1142,652,20,1009,1234,1659,1479,396
20201,A,골목상권,3110045,동대문역사문화공원역 5번,234,174,60,0,24,54,64,55,37,0,11,38,46,47,32,0,13,16,18,8,5
20201,D,발달상권,3120031,을지로3가역,6147,3450,2697,9,699,1541,1643,1286,969,0,223,730,924,892,681,9,476,811,719,394,288
20201,R,전통시장,3130038,"평화시장(통일상가, 동화상가)",1000,670,330,3,116,301,291,198,91,0,63,167,223,150,67,3,53,134,68,48,24
20201,D,발달상권,3120020,시청역_1번,6561,4672,1889,29,1436,1964,1905,1013,214,17,728,1351,1643,776,157,12,708,613,262,237,57
20201,A,골목상권,3110043,충무초등학교,1202,670,532,12,212,307,331,223,117,7,97,155,169,152,90,5,115,152,162,71,27
20201,D,발달상권,3120018,중림동,2190,1368,822,2,393,736,598,295,166,2,207,425,357,238,139,0,186,311,241,57,27
20201,A,골목상권,3110057,황학코아루아파트,64,44,20,0,8,13,20,10,13,0,4,6,17,8,9,0,4,7,3,2,4
20201,A,골목상권,3110055,황학동벼룩시장,29,19,10,0,1,4,6,11,7,0,1,3,5,6,4,0,0,1,1,5,3
20201,A,골목상권,3110078,이촌동점보아파트,69,29,40,0,12,15,17,13,12,0,3,8,7,5,6,0,9,7,10,8,6
20201,A,골목상권,3110082,용산구청,1618,809,809,5,175,461,427,442,108,4,53,155,206,304,87,1,122,306,221,138,21
20201,D,발달상권,3120041,신용산역(용산역),20372,8281,12091,72,4418,6743,5760,2509,870,25,1460,2533,2359,1337,567,47,2958,4210,3401,1172,303
20201,A,골목상권,3110073,삼각지역 3번,7975,2387,5588,56,2508,2886,1913,505,107,25,861,919,424,119,39,31,1647,1967,1489,386,68
20201,A,골목상권,3110076,삼각지역 14번,537,175,362,0,46,143,158,153,37,0,11,49,61,45,9,0,35,94,97,108,28
20201,A,골목상권,3110099,유엔빌리지길,12646,10311,2335,33,1746,2596,3298,4558,415,25,904,1899,2859,4264,360,8,842,697,439,294,55
20201,A,골목상권,3110588,한겨레신문사,169,92,77,0,34,44,41,33,17,0,14,22,20,21,15,0,20,22,21,12,2
20201,R,전통시장,3130059,후암시장,64,40,24,0,6,12,16,11,19,0,4,5,10,7,14,0,2,7,6,4,5
20201,R,전통시장,3130064,금남시장,36,13,23,0,6,7,8,4,11,0,1,0,5,2,5,0,5,7,3,2,6
20201,A,골목상권,3110107,금호사거리,37,30,7,0,4,8,4,11,10,0,3,5,4,9,9,0,1,3,0,2,1
20201,A,골목상권,3110117,성동구보건소,103,73,30,1,14,27,19,33,9,1,10,20,11,25,6,0,4,7,8,8,3
20201,D,발달상권,3120050,서울숲역,212,159,53,0,33,40,60,52,27,0,19,30,47,41,22,0,14,10,13,11,5
20201,D,발달상권,3120052,성수역,11387,7284,4103,23,2113,2900,2661,2238,1452,12,1170,1971,1783,1298,1050,11,943,929,878,940,402
20201,R,전통시장,3130067,왕십리도선동상점가,1670,335,1335,3,166,202,291,591,417,1,78,98,69,49,40,2,88,104,222,542,377
20201,D,발달상권,3120066,장한평역(장한평),7424,4770,2654,43,1531,1839,1491,1235,1285,10,739,1202,991,818,1010,33,792,637,500,417,275
20201,A,골목상권,3110113,응봉산,77,43,34,0,14,15,14,16,18,0,4,11,7,6,15,0,10,4,7,10,3
20201,A,골목상권,3110112,행당역 2번,207,101,106,0,37,37,38,53,42,0,14,19,16,26,26,0,23,18,22,27,16
20201,A,골목상권,3110169,성동초등학교,253,139,114,1,28,41,73,68,42,0,15,21,36,39,28,1,13,20,37,29,14
20201,A,골목상권,3110156,군자역 5번,621,363,258,0,96,181,173,112,59,0,41,114,101,67,40,0,55,67,72,45,19
20201,A,골목상권,3110157,자양동우체국,1097,891,206,10,352,279,244,141,71,7,300,237,180,106,61,3,52,42,64,35,10
20201,A,골목상권,3110163,성자초등학교,284,143,141,0,39,46,67,77,55,0,14,27,32,31,39,0,25,19,35,46,16
20201,A,골목상권,3110168,대원고등학교,524,374,150,0,64,95,121,160,84,0,36,69,87,110,72,0,28,26,34,50,12
20201,A,골목상권,3110212,답십리초등학교,204,144,60,0,26,37,42,67,32,0,18,26,27,50,23,0,8,11,15,17,9
20201,A,골목상권,3110187,제기동역 6번,3124,2222,902,15,559,867,746,552,385,7,387,605,531,394,298,8,172,262,215,158,87
20201,A,골목상권,3110229,장평중학교,1332,862,470,0,145,164,190,318,515,0,81,103,125,211,342,0,64,61,65,107,173
20201,A,골목상권,3110231,장안교,11,8,3,0,0,1,4,5,1,0,0,1,3,4,0,0,0,0,1,1,1
20201,R,전통시장,3130088,경동시장,126,57,69,0,18,32,24,17,35,0,3,11,11,10,22,0,15,21,13,7,13
20201,A,골목상권,3110194,홍파초등학교,112,85,27,0,6,32,24,36,14,0,4,20,20,31,10,0,2,12,4,5,4
20201,A,골목상권,3110203,떡전교사거리,99,63,36,1,9,15,32,29,13,1,0,7,26,20,9,0,9,8,6,9,4
20201,A,골목상권,3110278,망우본동주민센터,276,166,110,1,32,46,77,81,39,0,10,25,43,56,32,1,22,21,34,25,7
20201,R,전통시장,3130106,중랑동부시장,166,56,110,1,20,40,34,39,32,0,1,8,7,21,19,1,19,32,27,18,13
20201,A,골목상권,3110246,월드순복음교회,431,312,119,0,27,97,158,95,54,0,12,69,122,65,44,0,15,28,36,30,10
20201,A,골목상권,3110261,사가정역 4번,167,90,77,1,16,29,49,50,22,1,8,15,25,26,15,0,8,14,24,24,7
20201,A,골목상권,3110242,면목5동주민센터,164,112,52,0,21,28,56,30,29,0,12,23,31,22,24,0,9,5,25,8,5
20201,A,골목상권,3110241,먹골역 5번,415,213,202,0,61,87,97,117,53,0,17,49,46,63,38,0,44,38,51,54,15
20201,D,발달상권,3120069,상봉역,1012,728,284,3,69,146,222,270,302,1,40,71,131,216,269,2,29,75,91,54,33
20201,A,골목상권,3110233,중랑역 1번,142,46,96,1,23,27,50,35,6,1,6,7,16,11,5,0,17,20,34,24,1
20201,A,골목상권,3110281,길상사,13818,12089,1729,12,1418,3093,4061,4964,270,1,960,2426,3678,4823,201,11,458,667,383,141,69
20201,A,골목상권,3110309,대광초등학교,376,266,110,0,38,63,108,103,64,0,19,44,71,78,54,0,19,19,37,25,10
20201,A,골목상권,3110318,KT월곡지사,148,78,70,0,21,29,45,36,17,0,10,19,22,14,13,0,11,10,23,22,4
20201,A,골목상권,3110379,KT&G 북부지사,12,3,9,1,1,1,3,3,3,0,0,0,1,1,1,1,1,1,2,2,2
20201,A,골목상권,3110373,수유역 2번,891,705,186,0,129,255,172,236,99,0,90,208,134,205,68,0,39,47,38,31,31
20201,R,전통시장,3130132,삼양골목시장(삼양시장),61,19,42,0,10,14,13,15,9,0,0,4,5,5,5,0,10,10,8,10,4
20201,A,골목상권,3110377,미아사거리역 3번,21,14,7,0,2,2,2,9,6,0,2,2,1,4,5,0,0,0,1,5,1
20201,A,골목상권,3110345,솔밭공원역 2번,114,47,67,1,14,18,26,37,18,0,3,6,8,17,13,1,11,12,18,20,5
20201,A,골목상권,3110342,국립재활원,60,45,15,0,5,11,20,15,9,0,3,8,14,13,7,0,2,3,6,2,2
20201,A,골목상권,3110348,강북문화예술회관,343,174,169,0,27,59,108,96,53,0,4,31,63,43,33,0,23,28,45,53,20
20201,A,골목상권,3110338,인수초등학교,263,192,71,0,34,67,61,63,38,0,18,49,44,48,33,0,16,18,17,15,5
20201,A,골목상권,3110402,도봉구 정병원,471,221,250,1,85,98,98,106,83,0,24,38,54,59,46,1,61,60,44,47,37
20201,A,골목상권,3110383,덕성여대시반거리,33,21,12,0,0,3,13,10,7,0,0,2,9,5,5,0,0,1,4,5,2
20201,R,전통시장,3130145,쌍문역둘리상점가,244,202,42,0,39,44,77,62,22,0,28,35,65,56,18,0,11,9,12,6,4
20201,A,골목상권,3110392,발바닥공원,43,17,26,0,2,8,7,10,16,0,0,0,3,3,11,0,2,8,4,7,5
20201,A,골목상권,3110416,노원초등학교,468,244,224,4,61,110,118,126,49,2,24,73,58,58,29,2,37,37,60,68,20
20201,A,골목상권,3110428,상계5동주민센터,491,217,274,1,43,52,106,158,131,0,14,25,45,70,63,1,29,27,61,88,68
20201,D,발달상권,3120080,마들역,180,46,134,0,30,45,46,36,23,0,2,7,9,13,15,0,28,38,37,23,8
20201,A,골목상권,3110464,연신내역 5번,301,170,131,4,32,53,93,85,34,4,18,28,44,49,27,0,14,25,49,36,7
20201,A,골목상권,3110457,예일여고,482,283,199,1,60,88,88,132,113,0,27,46,47,71,92,1,33,42,41,61,21
20201,D,발달상권,3120091,본서부병원,516,192,324,1,51,69,119,165,111,0,20,28,51,55,38,1,31,41,68,110,73
20201,A,골목상권,3110485,연신내우체국,1259,678,581,0,7,24,35,160,1033,0,4,5,15,70,584,0,3,19,20,90,449
20201,A,골목상권,3110488,우리은행응암동지점,174,104,70,1,14,24,41,38,56,0,8,16,19,15,46,1,6,8,22,23,10
20201,R,전통시장,3130163,응암오거리상점가,182,49,133,0,24,28,44,50,36,0,4,8,11,12,14,0,20,20,33,38,22
20201,A,골목상권,3110449,증산역 3번,709,410,299,0,104,160,182,147,116,0,47,98,96,84,85,0,57,62,86,63,31
20201,D,발달상권,3120094,"신촌역(신촌역, 신촌로터리)",5328,2411,2917,67,2381,1182,676,592,430,23,994,579,296,278,241,44,1387,603,380,314,189
20201,R,전통시장,3130175,신촌 상인회(신촌상점가),13,5,8,0,1,3,5,4,0,0,1,0,1,3,0,0,0,3,4,1,0
20201,D,발달상권,3120097,충정로역,2246,1354,892,0,321,658,631,407,229,0,172,390,397,254,141,0,149,268,234,153,88
20201,R,전통시장,3130176,유진상가,38,23,15,0,20,16,1,1,0,0,9,13,1,0,0,0,11,3,0,1,0
20201,A,골목상권,3110523,홍제성원아파트,21,9,12,0,0,4,5,7,5,0,0,0,2,5,2,0,0,4,3,2,3
20201,D,발달상권,3120107,공덕역(공덕오거리),13077,7619,5458,43,2471,3470,3552,3026,515,9,1021,2002,2300,1900,387,34,1450,1468,1252,1126,128
20201,A,골목상권,3110586,서울서부지방법원,1855,953,902,2,423,499,464,293,174,1,233,283,196,130,110,1,190,216,268,163,64
20201,A,골목상권,3110540,망원나들목체육관,238,107,131,0,39,63,70,47,19,0,19,28,26,23,11,0,20,35,44,24,8
20201,A,골목상권,3110567,광흥창역 6번,91,61,30,0,16,26,27,12,10,0,8,20,13,11,9,0,8,6,14,1,1
20201,A,골목상권,3110565,홍익대,110,66,44,0,16,34,34,19,7,0,8,16,23,13,6,0,8,18,11,6,1
20201,A,골목상권,3110560,마포FM,292,140,152,0,26,64,87,77,38,0,10,26,40,36,28,0,16,38,47,41,10
20201,A,골목상권,3110549,새터산,357,165,192,1,57,79,100,64,56,1,24,39,47,22,32,0,33,40,53,42,24
20201,D,발달상권,3120099,월드컵경기장역(월드컵경기장),84,57,27,0,11,20,26,14,13,0,6,16,21,7,7,0,5,4,5,7,6
20201,A,골목상권,3110581,염리초등학교,16,11,5,0,0,0,2,6,8,0,0,0,2,3,6,0,0,0,0,3,2
20201,D,발달상권,3120113,오목교역,641,380,261,2,98,147,163,141,90,1,45,81,95,95,63,1,53,66,68,46,27
20201,D,발달상권,3120110,목동역 8번출구,1858,1400,458,2,142,216,286,247,965,1,42,102,166,181,908,1,100,114,120,66,57
20201,A,골목상권,3110617,등촌역 4번,262,188,74,0,47,75,73,48,19,0,37,55,50,31,15,0,10,20,23,17,4
20201,A,골목상권,3110597,신월1동주민센터,517,302,215,0,30,68,111,150,158,0,14,36,54,84,114,0,16,32,57,66,44
20201,R,전통시장,3130199,신월3동 골목시장,18,8,10,0,1,4,4,9,0,0,0,1,3,4,0,0,1,3,1,5,0
20201,A,골목상권,3110615,신서초등학교,87,63,24,0,20,21,27,13,6,0,14,18,18,8,5,0,6,3,9,5,1
20201,A,골목상권,3110674,강서구청가양동별관,260,189,71,0,21,55,61,47,76,0,14,46,35,29,65,0,7,9,26,18,11
20201,A,골목상권,3110677,등촌역 1번,410,321,89,1,50,80,83,91,105,1,24,51,70,76,99,0,26,29,13,15,6
20201,A,골목상권,3110676,등촌역 7번,228,138,90,0,31,34,61,56,46,0,13,20,36,37,32,0,18,14,25,19,14
20201,D,발달상권,3120117,강서농산물도매시장,451,280,171,0,12,62,127,153,97,0,9,48,78,89,56,0,3,14,49,64,41
20201,A,골목상권,3110636,방화역 2번,152,76,76,1,25,49,41,21,15,0,9,26,27,4,10,1,16,23,14,17,5
20201,A,골목상권,3110631,방화초등학교,335,161,174,2,32,63,68,100,70,2,19,34,37,37,32,0,13,29,31,63,38
20201,D,발달상권,3120120,화곡역,927,405,522,1,177,218,193,196,142,0,46,109,84,81,85,1,131,109,109,115,57
20201,A,골목상권,3110656,까치산역 3번,829,493,336,13,89,206,249,190,82,12,52,128,151,91,59,1,37,78,98,99,23
20201,D,발달상권,3120121,까치산역,365,145,220,2,51,46,72,106,88,2,12,18,29,43,41,0,39,28,43,63,47
20201,A,골목상권,3110654,까치산역 4번,1027,687,340,2,68,149,252,380,176,1,38,81,139,281,147,1,30,68,113,99,29
20201,A,골목상권,3110665,곰달래도서관,469,285,184,0,36,92,123,138,80,0,25,60,79,74,47,0,11,32,44,64,33
20201,A,골목상권,3110662,까치산역 1번,1480,885,595,4,245,501,396,234,100,4,129,301,207,171,73,0,116,200,189,63,27
20201,R,전통시장,3130217,화곡본동시장,36,16,20,0,3,5,10,13,5,0,1,3,5,6,1,0,2,2,5,7,4
20201,A,골목상권,3110691,개봉중학교,395,205,190,0,37,65,119,115,59,0,20,38,49,52,46,0,17,27,70,63,13
20201,A,골목상권,3110705,고산초등학교,33,19,14,0,3,2,8,7,13,0,3,1,8,2,5,0,0,1,0,5,8
20201,R,전통시장,3130229,남구로시장,249,139,110,1,16,53,61,62,56,0,7,30,31,32,39,1,9,23,30,30,17
20201,A,골목상권,3110680,온수역 5번(온수산업단지),901,770,131,15,129,129,157,274,197,15,105,106,127,234,183,0,24,23,30,40,14
20201,A,골목상권,3110685,금강수목원아파트,56,39,17,0,10,12,12,11,11,0,7,10,5,7,10,0,3,2,7,4,1
20201,D,발달상권,3120132,독산동,4203,2884,1319,13,512,908,1016,1074,680,12,350,650,695,701,476,1,162,258,321,373,204
20201,A,골목상권,3110732,가산초등학교(세일중학교),362,258,104,1,42,68,107,79,65,0,23,39,78,64,54,1,19,29,29,15,11
20201,A,골목상권,3110729,가산동우체국,151,112,39,0,19,30,40,39,23,0,14,19,30,30,19,0,5,11,10,9,4
20201,A,골목상권,3110723,가산디지털단지역 1번 출입구,286,247,39,0,6,10,37,130,103,0,6,5,26,113,97,0,0,5,11,17,6
20201,A,골목상권,3110742,KT금천빌딩(금천구시설관리공단),426,237,189,0,42,83,106,125,70,0,21,57,71,54,34,0,21,26,35,71,36
20201,A,골목상권,3110748,백산초등학교,102,64,38,0,6,19,21,26,30,0,2,9,11,22,20,0,4,10,10,4,10
20201,A,골목상권,3110749,금산초등학교(금천고등학교),418,255,163,0,51,99,100,118,50,0,26,61,51,81,36,0,25,38,49,37,14
20201,A,골목상권,3110750,시흥4동주민센터(서울신흥초등학교),397,221,176,4,78,83,80,104,48,4,47,62,43,33,32,0,31,21,37,71,16
20201,D,발달상권,3120141,영등포청과시장교차로,601,418,183,2,71,137,188,115,88,1,36,85,133,86,77,1,35,52,55,29,11
20201,R,전통시장,3130240,영등포유통상가,1400,893,507,0,128,296,347,287,342,0,68,168,226,194,237,0,60,128,121,93,105
20201,A,골목상권,3110763,영등포구청역 2번,480,353,127,2,84,147,107,84,56,0,53,100,79,72,49,2,31,47,28,12,7
20201,A,골목상권,3110786,당산역 8번,271,179,92,2,20,41,60,51,97,2,8,21,42,38,68,0,12,20,18,13,29
20201,R,전통시장,3130247,우리시장,19,15,4,0,3,4,4,3,5,0,1,3,4,3,4,0,2,1,0,0,1
20201,A,골목상권,3110817,대방역 4번,26,19,7,0,2,6,6,6,6,0,0,4,4,6,5,0,2,2,2,0,1
20201,R,전통시장,3130256,신동시장,2,2,0,0,0,0,0,1,1,0,0,0,0,1,1,0,0,0,0,0,0
20201,A,골목상권,3110757,양평역 2번,1501,1114,387,1,111,230,356,424,379,0,51,176,286,314,287,1,60,54,70,110,92
20201,A,골목상권,3110762,선유도역 1번,3139,2286,853,6,392,669,739,809,524,4,217,459,529,629,448,2,175,210,210,180,76
20201,A,골목상권,3110807,신길역 3번,102,70,32,0,6,16,23,27,30,0,4,8,18,19,21,0,2,8,5,8,9
20201,R,전통시장,3130250,삼구시장(로타리상가),1,0,1,0,0,0,0,1,0,0,0,0,0,0,0,0,0,0,0,1,0
20201,A,골목상권,3110803,신길2동우편취급국,312,224,88,0,17,27,58,67,143,0,6,14,33,43,128,0,11,13,25,24,15
20201,A,골목상권,3110847,예술인마을,443,216,227,3,52,135,137,77,39,3,13,60,74,37,29,0,39,75,63,40,10
20201,R,전통시장,3130272,사당시장,45,20,25,0,4,6,10,11,14,0,0,1,4,6,9,0,4,5,6,5,5
20201,A,골목상권,3110843,사당5동주민센터,181,135,46,1,22,25,55,52,26,0,16,17,34,44,24,1,6,8,21,8,2
20201,A,골목상권,3110835,상도역 1번,296,170,126,0,81,95,59,38,23,0,32,61,37,19,21,0,49,34,22,19,2
20201,A,골목상권,3110830,상도초등학교,281,152,129,0,22,61,73,85,40,0,7,29,36,54,26,0,15,32,37,31,14
20201,D,발달상권,3120154,장승배기역,497,214,283,1,64,124,128,111,69,0,19,58,68,39,30,1,45,66,60,72,39
20201,D,발달상권,3120151,보라매공원,2417,1455,962,6,401,736,707,383,184,4,194,433,450,237,137,2,207,303,257,146,47
20201,A,골목상권,3110863,난우초등학교,319,179,140,6,40,61,63,79,70,5,23,30,38,36,47,1,17,31,25,43,23
20201,A,골목상권,3110867,국제신학대학원대학교(남서울중학교),202,117,85,0,8,34,39,53,68,0,2,15,21,32,47,0,6,19,18,21,21
20201,A,골목상권,3110882,신성초등학교,733,444,289,1,95,131,215,168,123,0,52,67,122,109,94,1,43,64,93,59,29
20201,A,골목상권,3110864,신림우방아파트,236,161,75,0,31,48,53,60,44,0,21,31,37,43,29,0,10,17,16,17,15
20201,A,골목상권,3110871,신원동주민센터,64,32,32,1,6,13,19,12,13,0,4,6,8,7,7,1,2,7,11,5,6
20201,R,전통시장,3130283,신원시장,25,11,14,0,3,3,10,5,4,0,1,1,3,3,3,0,2,2,7,2,1
20201,A,골목상권,3110854,조원동주민센터,55,39,16,0,4,5,17,21,8,0,3,5,9,15,7,0,1,0,8,6,1
20201,A,골목상권,3110898,청림동주민센터(상도중학교),66,27,39,0,16,14,14,16,6,0,5,3,8,7,4,0,11,11,6,9,2
20201,D,발달상권,3120170,삼호가든사거리,2026,1161,865,8,279,587,623,346,183,7,113,333,412,168,128,1,166,254,211,178,55
20201,A,골목상권,3110917,서초소방서,1505,939,566,6,157,432,402,355,153,2,72,281,295,181,108,4,85,151,107,174,45
20201,A,골목상권,3110918,방배역 3번,682,438,244,3,98,127,164,142,148,2,59,85,108,86,98,1,39,42,56,56,50
20201,A,골목상권,3110903,방배아이파크아파트,7222,2653,4569,7,1242,1778,2487,1322,386,1,333,597,951,599,172,6,909,1181,1536,723,214
20201,A,골목상권,3110915,서래초등학교,3011,2335,676,14,441,940,1066,421,129,11,286,683,868,373,114,3,155,257,198,48,15
20201,A,골목상권,3110926,신중초등학교,1610,1175,435,6,193,359,463,382,207,3,114,263,355,292,148,3,79,96,108,90,59
20201,A,골목상권,3110928,서초우방유쉘아파트,596,491,105,1,57,109,125,205,99,1,29,76,109,190,86,0,28,33,16,15,13
20201,D,발달상권,3120184,포이사거리(삼호물산),10139,7003,3136,20,1553,3044,2666,1705,1151,10,846,2068,2010,1212,857,10,707,976,656,493,294
20201,A,골목상권,3110941,언남고등학교,261,158,103,0,33,46,89,58,35,0,14,26,51,40,27,0,19,20,38,18,8
20201,D,발달상권,3120174,논현역 5번,680,379,301,6,108,196,155,93,122,4,39,108,90,58,80,2,69,88,65,35,42
20201,A,골목상권,3110927,잠원역,745,553,192,2,93,342,198,98,12,2,82,218,159,81,11,0,11,124,39,17,1
20202,D,발달상권,3120107,공덕역(공덕오거리),13077,7619,5458,43,2471,3470,3552,3026,515,9,1021,2002,2300,1900,387,34,1450,1468,1252,1126,128
20202,A,골목상권,3110586,서울서부지방법원,1855,953,902,2,423,499,464,293,174,1,233,283,196,130,110,1,190,216,268,163,64
20202,A,골목상권,3110540,망원나들목체육관,238,107,131,0,39,63,70,47,19,0,19,28,26,23,11,0,20,35,44,24,8
20202,A,골목상권,3110567,광흥창역 6번,91,61,30,0,16,26,27,12,10,0,8,20,13,11,9,0,8,6,14,1,1
20202,A,골목상권,3110565,홍익대,110,66,44,0,16,34,34,19,7,0,8,16,23,13,6,0,8,18,11,6,1
20202,A,골목상권,3110560,마포FM,292,140,152,0,26,64,87,77,38,0,10,26,40,36,28,0,16,38,47,41,10
20202,A,골목상권,3110549,새터산,357,165,192,1,57,79,100,64,56,1,24,39,47,22,32,0,33,40,53,42,24
20202,D,발달상권,3120099,월드컵경기장역(월드컵경기장),84,57,27,0,11,20,26,14,13,0,6,16,21,7,7,0,5,4,5,7,6
20202,A,골목상권,3110581,염리초등학교,16,11,5,0,0,0,2,6,8,0,0,0,2,3,6,0,0,0,0,3,2
20202,D,발달상권,3120113,오목교역,641,380,261,2,98,147,163,141,90,1,45,81,95,95,63,1,53,66,68,46,27
20202,D,발달상권,3120110,목동역 8번출구,1858,1400,458,2,142,216,286,247,965,1,42,102,166,181,908,1,100,114,120,66,57
20202,A,골목상권,3110617,등촌역 4번,262,188,74,0,47,75,73,48,19,0,37,55,50,31,15,0,10,20,23,17,4
20202,A,골목상권,3110597,신월1동주민센터,517,302,215,0,30,68,111,150,158,0,14,36,54,84,114,0,16,32,57,66,44
20202,R,전통시장,3130199,신월3동 골목시장,18,8,10,0,1,4,4,9,0,0,0,1,3,4,0,0,1,3,1,5,0
20202,A,골목상권,3110615,신서초등학교,87,63,24,0,20,21,27,13,6,0,14,18,18,8,5,0,6,3,9,5,1
20202,A,골목상권,3110674,강서구청가양동별관,260,189,71,0,21,55,61,47,76,0,14,46,35,29,65,0,7,9,26,18,11
20202,A,골목상권,3110677,등촌역 1번,410,321,89,1,50,80,83,91,105,1,24,51,70,76,99,0,26,29,13,15,6
20202,A,골목상권,3110676,등촌역 7번,228,138,90,0,31,34,61,56,46,0,13,20,36,37,32,0,18,14,25,19,14
20202,D,발달상권,3120117,강서농산물도매시장,451,280,171,0,12,62,127,153,97,0,9,48,78,89,56,0,3,14,49,64,41
20202,A,골목상권,3110636,방화역 2번,152,76,76,1,25,49,41,21,15,0,9,26,27,4,10,1,16,23,14,17,5
20202,A,골목상권,3110631,방화초등학교,335,161,174,2,32,63,68,100,70,2,19,34,37,37,32,0,13,29,31,63,38
20202,D,발달상권,3120120,화곡역,927,405,522,1,177,218,193,196,142,0,46,109,84,81,85,1,131,109,109,115,57
20202,A,골목상권,3110656,까치산역 3번,829,493,336,13,89,206,249,190,82,12,52,128,151,91,59,1,37,78,98,99,23
20202,D,발달상권,3120121,까치산역,365,145,220,2,51,46,72,106,88,2,12,18,29,43,41,0,39,28,43,63,47
20202,A,골목상권,3110654,까치산역 4번,1027,687,340,2,68,149,252,380,176,1,38,81,139,281,147,1,30,68,113,99,29
20202,A,골목상권,3110665,곰달래도서관,469,285,184,0,36,92,123,138,80,0,25,60,79,74,47,0,11,32,44,64,33
20202,A,골목상권,3110662,까치산역 1번,1480,885,595,4,245,501,396,234,100,4,129,301,207,171,73,0,116,200,189,63,27
20202,R,전통시장,3130217,화곡본동시장,36,16,20,0,3,5,10,13,5,0,1,3,5,6,1,0,2,2,5,7,4
20202,A,골목상권,3110691,개봉중학교,395,205,190,0,37,65,119,115,59,0,20,38,49,52,46,0,17,27,70,63,13
20202,A,골목상권,3110705,고산초등학교,33,19,14,0,3,2,8,7,13,0,3,1,8,2,5,0,0,1,0,5,8
20202,R,전통시장,3130229,남구로시장,249,139,110,1,16,53,61,62,56,0,7,30,31,32,39,1,9,23,30,30,17
20202,A,골목상권,3110680,온수역 5번(온수산업단지),901,770,131,15,129,129,157,274,197,15,105,106,127,234,183,0,24,23,30,40,14
20202,A,골목상권,3110685,금강수목원아파트,56,39,17,0,10,12,12,11,11,0,7,10,5,7,10,0,3,2,7,4,1
20202,D,발달상권,3120132,독산동,4203,2884,1319,13,512,908,1016,1074,680,12,350,650,695,701,476,1,162,258,321,373,204
20202,A,골목상권,3110732,가산초등학교(세일중학교),362,258,104,1,42,68,107,79,65,0,23,39,78,64,54,1,19,29,29,15,11
20202,A,골목상권,3110729,가산동우체국,151,112,39,0,19,30,40,39,23,0,14,19,30,30,19,0,5,11,10,9,4
20202,A,골목상권,3110723,가산디지털단지역 1번 출입구,286,247,39,0,6,10,37,130,103,0,6,5,26,113,97,0,0,5,11,17,6
20202,A,골목상권,3110742,KT금천빌딩(금천구시설관리공단),426,237,189,0,42,83,106,125,70,0,21,57,71,54,34,0,21,26,35,71,36
20202,A,골목상권,3110748,백산초등학교,102,64,38,0,6,19,21,26,30,0,2,9,11,22,20,0,4,10,10,4,10
20202,A,골목상권,3110749,금산초등학교(금천고등학교),418,255,163,0,51,99,100,118,50,0,26,61,51,81,36,0,25,38,49,37,14
20202,A,골목상권,3110750,시흥4동주민센터(서울신흥초등학교),397,221,176,4,78,83,80,104,48,4,47,62,43,33,32,0,31,21,37,71,16
20202,D,발달상권,3120141,영등포청과시장교차로,601,418,183,2,71,137,188,115,88,1,36,85,133,86,77,1,35,52,55,29,11
20202,R,전통시장,3130240,영등포유통상가,1400,893,507,0,128,296,347,287,342,0,68,168,226,194,237,0,60,128,121,93,105
20202,A,골목상권,3110763,영등포구청역 2번,480,353,127,2,84,147,107,84,56,0,53,100,79,72,49,2,31,47,28,12,7
20202,A,골목상권,3110786,당산역 8번,271,179,92,2,20,41,60,51,97,2,8,21,42,38,68,0,12,20,18,13,29
20202,R,전통시장,3130247,우리시장,19,15,4,0,3,4,4,3,5,0,1,3,4,3,4,0,2,1,0,0,1
20202,A,골목상권,3110817,대방역 4번,26,19,7,0,2,6,6,6,6,0,0,4,4,6,5,0,2,2,2,0,1
20202,R,전통시장,3130256,신동시장,2,2,0,0,0,0,0,1,1,0,0,0,0,1,1,0,0,0,0,0,0
20202,A,골목상권,3110757,양평역 2번,1501,1114,387,1,111,230,356,424,379,0,51,176,286,314,287,1,60,54,70,110,92
20202,A,골목상권,3110762,선유도역 1번,3139,2286,853,6,392,669,739,809,524,4,217,459,529,629,448,2,175,210,210,180,76
20202,A,골목상권,3110807,신길역 3번,102,70,32,0,6,16,23,27,30,0,4,8,18,19,21,0,2,8,5,8,9
20202,R,전통시장,3130250,삼구시장(로타리상가),1,0,1,0,0,0,0,1,0,0,0,0,0,0,0,0,0,0,0,1,0
20202,A,골목상권,3110803,신길2동우편취급국,312,224,88,0,17,27,58,67,143,0,6,14,33,43,128,0,11,13,25,24,15
20202,A,골목상권,3110847,예술인마을,443,216,227,3,52,135,137,77,39,3,13,60,74,37,29,0,39,75,63,40,10
20202,R,전통시장,3130272,사당시장,45,20,25,0,4,6,10,11,14,0,0,1,4,6,9,0,4,5,6,5,5
20202,A,골목상권,3110843,사당5동주민센터,181,135,46,1,22,25,55,52,26,0,16,17,34,44,24,1,6,8,21,8,2
20202,A,골목상권,3110835,상도역 1번,296,170,126,0,81,95,59,38,23,0,32,61,37,19,21,0,49,34,22,19,2
20202,A,골목상권,3110830,상도초등학교,281,152,129,0,22,61,73,85,40,0,7,29,36,54,26,0,15,32,37,31,14
20202,D,발달상권,3120154,장승배기역,497,214,283,1,64,124,128,111,69,0,19,58,68,39,30,1,45,66,60,72,39
20202,D,발달상권,3120151,보라매공원,2417,1455,962,6,401,736,707,383,184,4,194,433,450,237,137,2,207,303,257,146,47
20202,A,골목상권,3110863,난우초등학교,319,179,140,6,40,61,63,79,70,5,23,30,38,36,47,1,17,31,25,43,23
20202,A,골목상권,3110867,국제신학대학원대학교(남서울중학교),202,117,85,0,8,34,39,53,68,0,2,15,21,32,47,0,6,19,18,21,21
20202,A,골목상권,3110882,신성초등학교,733,444,289,1,95,131,215,168,123,0,52,67,122,109,94,1,43,64,93,59,29
20202,A,골목상권,3110864,신림우방아파트,236,161,75,0,31,48,53,60,44,0,21,31,37,43,29,0,10,17,16,17,15
20202,A,골목상권,3110871,신원동주민센터,64,32,32,1,6,13,19,12,13,0,4,6,8,7,7,1,2,7,11,5,6
20202,R,전통시장,3130283,신원시장,25,11,14,0,3,3,10,5,4,0,1,1,3,3,3,0,2,2,7,2,1
20202,A,골목상권,3110854,조원동주민센터,55,39,16,0,4,5,17,21,8,0,3,5,9,15,7,0,1,0,8,6,1
20202,A,골목상권,3110898,청림동주민센터(상도중학교),66,27,39,0,16,14,14,16,6,0,5,3,8,7,4,0,11,11,6,9,2
20202,D,발달상권,3120170,삼호가든사거리,2026,1161,865,8,279,587,623,346,183,7,113,333,412,168,128,1,166,254,211,178,55
20202,A,골목상권,3110917,서초소방서,1505,939,566,6,157,432,402,355,153,2,72,281,295,181,108,4,85,151,107,174,45
20202,A,골목상권,3110918,방배역 3번,682,438,244,3,98,127,164,142,148,2,59,85,108,86,98,1,39,42,56,56,50
20202,A,골목상권,3110903,방배아이파크아파트,7222,2653,4569,7,1242,1778,2487,1322,386,1,333,597,951,599,172,6,909,1181,1536,723,214
20202,A,골목상권,3110915,서래초등학교,3011,2335,676,14,441,940,1066,421,129,11,286,683,868,373,114,3,155,257,198,48,15
20202,A,골목상권,3110926,신중초등학교,1610,1175,435,6,193,359,463,382,207,3,114,263,355,292,148,3,79,96,108,90,59
20202,A,골목상권,3110928,서초우방유쉘아파트,596,491,105,1,57,109,125,205,99,1,29,76,109,190,86,0,28,33,16,15,13
20202,D,발달상권,3120184,포이사거리(삼호물산),10139,7003,3136,20,1553,3044,2666,1705,1151,10,846,2068,2010,1212,857,10,707,976,656,493,294
20202,A,골목상권,3110941,언남고등학교,261,158,103,0,33,46,89,58,35,0,14,26,51,40,27,0,19,20,38,18,8
20202,D,발달상권,3120174,논현역 5번,680,379,301,6,108,196,155,93,122,4,39,108,90,58,80,2,69,88,65,35,42
20202,A,골목상권,3110927,잠원역,745,553,192,2,93,342,198,98,12,2,82,218,159,81,11,0,11,124,39,17,1
20202,A,골목상권,3110977,논현로18길,148,102,46,0,22,32,45,29,20,0,14,20,33,20,15,0,8,12,12,9,5
20202,A,골목상권,3110961,언주역 3번,962,673,289,5,172,286,248,140,111,3,97,184,187,112,90,2,75,102,61,28,21
20202,A,골목상권,3110970,학동초등학교,378,236,142,1,66,98,102,65,46,0,27,49,66,57,37,1,39,49,36,8,9
20202,D,발달상권,3120219,은마아파트,17175,5797,11378,202,3397,3819,3179,4061,2517,83,1254,1872,1374,818,396,119,2143,1947,1805,3243,2121
20202,D,발달상권,3120222,삼성역,43324,24141,19183,244,8091,13641,10294,6385,4669,119,3186,7703,6883,3711,2539,125,4905,5938,3411,2674,2130
20202,D,발달상권,3120201,도곡1동,11549,6381,5168,116,3564,3468,2477,1299,625,31,1365,2018,1727,754,486,85,2199,1450,750,545,139
20202,D,발달상권,3120213,삼성중앙역,8521,5150,3371,50,1869,2485,1911,1070,1136,12,830,1515,1305,716,772,38,1039,970,606,354,364
20202,D,발달상권,3120209,"강남구청(청담역_8번, 강남세무서)",8987,2610,6377,34,2050,2684,2467,1172,580,9,538,752,537,395,379,25,1512,1932,1930,777,201
20202,D,발달상권,3120216,경기고교사거리(경기고교앞사거리),4934,3621,1313,8,712,1628,1666,772,148,5,291,1070,1431,703,121,3,421,558,235,69,27
20202,A,골목상권,3110986,삼성중앙역 7번,90,59,31,0,9,18,36,19,8,0,3,6,29,15,6,0,6,12,7,4,2
20202,D,발달상권,3120224,수서역,12418,6339,6079,23,1900,3177,3167,2346,1805,12,860,1669,1497,1232,1069,11,1040,1508,1670,1114,736
20202,D,발달상권,3120195,성수대교남단,5611,2685,2926,39,1393,2394,1102,426,257,15,487,1194,634,208,147,24,906,1200,468,218,110
20202,D,발달상권,3120198,구역삼세무서,11531,7246,4285,23,2691,3529,2889,1562,837,12,1141,2216,2115,1139,623,11,1550,1313,774,423,214
20202,A,골목상권,3110958,역삼역 4번,997,760,237,1,96,197,300,298,105,1,46,133,254,241,85,0,50,64,46,57,20
20202,A,골목상권,3110956,언주역 8번,1199,758,441,4,361,471,199,87,77,2,158,307,163,70,58,2,203,164,36,17,19
20202,A,골목상권,3111025,경찰병원역 3번,686,412,274,1,84,164,149,157,131,0,45,102,103,88,74,1,39,62,46,69,57
20202,A,골목상권,3111029,오금역 4번,427,314,113,3,71,108,91,79,75,1,51,81,67,55,59,2,20,27,24,24,16
20202,A,골목상권,3111042,거여역 1번(거여공원),872,597,275,3,147,186,251,200,85,3,121,134,159,130,50,0,26,52,92,70,35
20202,D,발달상권,3120235,문정역,954,648,306,1,117,204,211,255,166,0,70,158,152,154,114,1,47,46,59,101,52
20202,A,골목상권,3111023,문정역 1번,939,576,363,2,133,202,263,204,135,0,86,139,184,100,67,2,47,63,79,104,68
20202,D,발달상권,3120232,송파나루역,1056,714,342,0,185,302,235,171,163,0,80,192,163,131,148,0,105,110,72,40,15
20202,U,관광특구,3001495,잠실 관광특구,25240,14855,10385,124,4880,6877,5824,4628,2907,55,2599,4419,3662,2383,1737,69,2281,2458,2162,2245,1170
20202,A,골목상권,3111006,석촌고분역 1번,1112,721,391,0,127,292,337,203,153,0,56,169,242,135,119,0,71,123,95,68,34
20202,R,전통시장,3130312,석촌시장,619,270,349,1,20,40,81,170,307,1,9,23,43,41,153,0,11,17,38,129,154
20202,D,발달상권,3120227,잠실역,45462,24220,21242,163,8142,11830,12761,11282,1284,51,3785,7436,7437,4549,962,112,4357,4394,5324,6733,322
20202,A,골목상권,3111090,강일동주민센터,91,35,56,0,15,30,23,17,6,0,1,10,10,10,4,0,14,20,13,7,2
20202,A,골목상권,3111068,강동성심병원,1570,605,965,0,532,392,271,203,172,0,126,134,114,101,130,0,406,258,157,102,42
20202,R,전통시장,3130323,둔촌역전통시장,171,86,85,0,3,14,23,36,95,0,2,6,8,14,56,0,1,8,15,22,39
20202,D,발달상권,3120244,암사역,916,401,515,0,70,85,103,111,547,0,14,44,49,42,252,0,56,41,54,69,295
20202,A,골목상권,3111054,암사역 4번(삼성광나루아파트),104,42,62,0,14,18,19,12,41,0,4,12,7,5,14,0,10,6,12,7,27
20202,A,골목상권,3111065,천일초등학교,79,38,41,2,6,21,18,23,9,2,5,11,7,6,7,0,1,10,11,17,2
20202,A,골목상권,3111049,천호지구대(천호동자전거거리),507,277,230,2,75,90,96,118,126,0,36,50,40,68,83,2,39,40,56,50,43
20202,A,골목상권,3111060,암사역 2번(서울강동초등학교),872,458,414,1,101,211,241,202,116,1,41,97,131,107,81,0,60,114,110,95,35
20202,A,골목상권,3110007,사직공원(한국사회과학도서관),283,185,98,2,58,88,63,41,31,2,30,62,44,27,20,0,28,26,19,14,11
20202,A,골목상권,3110531,홍지문,141,61,80,0,16,26,24,56,19,0,13,19,13,9,7,0,3,7,11,47,12
20202,A,골목상권,3110013,체부동홍종문가옥,125,71,54,0,8,28,31,26,32,0,2,11,18,14,26,0,6,17,13,12,6
20202,D,발달상권,3120017,동묘앞역(동묘),724,205,519,0,78,151,278,136,81,0,13,47,55,37,53,0,65,104,223,99,28
20202,U,관광특구,3001494,종로·청계 관광특구,32892,17118,15774,68,5350,9954,9473,6395,1652,15,2280,4904,4583,4154,1182,53,3070,5050,4890,2241,470
20202,R,전통시장,3130007,광장시장(광장전통시장),466,310,156,0,39,77,97,129,124,0,22,41,73,77,97,0,17,36,24,52,27
20202,R,전통시장,3130018,동대문문구완구거리(동대문문구완구시장),120,70,50,0,11,18,23,38,30,0,6,10,13,22,19,0,5,8,10,16,11
20202,A,골목상권,3110010,평창동서측,5240,2651,2589,1,324,1250,2239,1231,195,0,76,342,1157,943,133,1,248,908,1082,288,62
20202,D,발달상권,3120035,퇴계로5가,2257,1368,889,7,650,570,525,321,184,3,282,379,388,200,116,4,368,191,137,121,68
20202,D,발달상권,3120038,약수역,2299,1362,937,7,436,740,580,324,212,1,189,452,383,196,141,6,247,288,197,128,71
20202,D,발달상권,3120028,명동(명동거리),12590,7582,5008,41,2103,3542,3628,2206,1070,16,1009,1955,2310,1615,677,25,1094,1587,1318,591,393
20202,D,발달상권,3120030,중부경찰서(영화인의거리),11882,6796,5086,53,2154,3638,3422,1957,658,16,721,2139,2091,1366,463,37,1433,1499,1331,591,195
20202,D,발달상권,3120029,을지로2가,7461,4461,3000,27,1938,2808,1698,798,192,7,787,1650,1165,693,159,20,1151,1158,533,105,33
20202,D,발달상권,3120025,롯데백화점(시청광장 지하쇼핑센터),22643,6274,16369,229,12750,7002,1624,945,93,71,3075,2028,780,249,71,158,9675,4974,844,696,22
20202,A,골목상권,3110051,한양공고앞 교차로,111,82,29,0,17,23,33,26,12,0,12,16,24,20,10,0,5,7,9,6,2
20202,R,전통시장,3130046,team204(팀204),20,13,7,0,1,3,4,2,10,0,0,2,3,1,7,0,1,1,1,1,3
20202,R,전통시장,3130047,테크노상가(엘리시움),158,110,48,0,10,26,33,60,29,0,5,20,20,41,24,0,5,6,13,19,5
20202,R,전통시장,3130048,동평화시장,20,11,9,0,7,8,1,4,0,0,3,4,1,3,0,0,4,4,0,1,0
20202,R,전통시장,3130055,"황학시장(서울중앙시장, 신중앙시장)",203,117,86,0,24,49,47,52,31,0,12,25,24,32,24,0,12,24,23,20,7
20202,R,전통시장,3130025,삼익패션타운(남대문시장),5494,2675,2819,69,1760,1561,1124,794,186,31,674,837,763,292,78,38,1086,724,361,502,108
20202,A,골목상권,3110075,숙대입구역 1번,1630,736,894,9,270,506,417,289,139,5,69,188,182,181,111,4,201,318,235,108,28
20202,A,골목상권,3110094,오산중학교,26,12,14,0,0,1,4,13,8,0,0,0,2,6,4,0,0,1,2,7,4
20202,A,골목상권,3110093,우사단길,2647,1632,1015,2,331,1035,757,359,163,1,106,546,562,321,96,1,225,489,195,38,67
20202,A,골목상권,3110089,서빙고동주민센터,752,503,249,1,94,230,220,107,100,0,33,136,159,88,87,1,61,94,61,19,13
20202,A,골목상권,3110064,효창공원앞역 2번,923,525,398,2,126,275,261,160,99,1,49,160,160,88,67,1,77,115,101,72,32
20202,A,골목상권,3110109,금호삼성래미안아파트,92,39,53,0,7,10,12,42,21,0,2,6,3,15,13,0,5,4,9,27,8
20202,A,골목상권,3110108,성동구립금호도서관,6,1,5,0,0,1,4,1,0,0,0,0,0,1,0,0,0,1,4,0,0
20202,A,골목상권,3110104,신금호역 4번,213,141,72,0,22,33,35,54,69,0,6,17,21,37,60,0,16,16,14,17,9
20202,A,골목상권,3110126,서울숲역 1번,27,18,9,0,0,7,2,12,6,0,0,6,0,7,5,0,0,1,2,5,1
20202,A,골목상권,3110135,성동세무서,401,208,193,0,41,84,107,78,91,0,7,43,49,38,71,0,34,41,58,40,20
20202,A,골목상권,3110115,상왕십리역 3번,945,362,583,10,392,218,156,113,56,0,76,84,93,75,34,10,316,134,63,38,22
20202,A,골목상권,3110133,서울교통공사,122,93,29,0,19,25,33,21,24,0,12,18,29,17,17,0,7,7,4,4,7
20202,R,전통시장,3130072,성동용답상가시장,132,71,61,0,21,19,35,39,18,0,9,9,16,26,11,0,12,10,19,13,7
20202,A,골목상권,3110130,답십리역 6번,105,89,16,0,20,24,38,15,8,0,17,20,35,10,7,0,3,4,3,5,1
20202,A,골목상권,3110170,동대부여고,223,128,95,1,37,51,67,45,22,0,17,21,42,32,16,1,20,30,25,13,6
20202,A,골목상권,3110172,광진초등학교,344,227,117,0,42,72,92,91,47,0,17,48,61,65,36,0,25,24,31,26,11
20202,A,골목상권,3110173,구남초등학교,195,106,89,0,34,50,46,44,21,0,16,28,21,25,16,0,18,22,25,19,5
20202,R,전통시장,3130081,자양골목전통시장(자양골목시장),54,36,18,0,7,17,14,9,7,0,5,12,9,6,4,0,2,5,5,3,3
20202,R,전통시장,3130080,자양종합시장(기능상실),14,10,4,0,0,1,6,6,1,0,0,1,4,4,1,0,0,0,2,2,0
20202,A,골목상권,3110143,뚝섬유원지역 1번,44,18,26,1,4,13,9,13,4,1,0,3,5,6,3,0,4,10,4,7,1
20202,D,발달상권,3120053,건대입구역(건대),892,505,387,5,148,146,178,204,211,2,41,65,97,137,163,3,107,81,81,67,48
20202,R,전통시장,3130075,노룬산시장(노룬산골목시장),17,12,5,0,4,5,6,0,2,0,3,3,5,0,1,0,1,2,1,0,1
20202,A,골목상권,3110165,국립정신건강센터,243,175,68,0,12,32,69,76,54,0,7,23,42,59,44,0,5,9,27,17,10
20202,R,전통시장,3130082,면곡골목시장,20,11,9,0,4,0,1,9,6,0,4,0,0,3,4,0,0,0,1,6,2
20202,R,전통시장,3130078,화양제일골목시장,52,17,35,0,6,15,19,9,3,0,1,5,8,2,1,0,5,10,11,7,2
20202,A,골목상권,3110185,용두초등학교,122,77,45,0,13,22,31,32,24,0,5,13,18,22,19,0,8,9,13,10,5
20202,D,발달상권,3120067,장안동사거리,2595,1173,1422,9,427,580,675,579,325,7,165,280,260,257,204,2,262,300,415,322,121
20202,R,전통시장,3130092,청량리농수산물시장,12,9,3,0,0,1,3,5,3,0,0,0,3,3,3,0,0,1,0,2,0
20202,A,골목상권,3110205,경희대삼거리,82,48,34,0,4,13,23,23,19,0,2,10,7,17,12,0,2,3,16,6,7
20202,A,골목상권,3110265,망우역 1번,198,91,107,1,23,43,54,57,20,0,7,18,21,32,13,1,16,25,33,25,7
20202,R,전통시장,3130110,면목골목시장(면목시장),107,64,43,0,1,9,35,38,24,0,1,6,22,19,16,0,0,3,13,19,8
20202,A,골목상권,3110263,면목역 1번,130,71,59,0,13,27,35,24,31,0,7,12,12,14,26,0,6,15,23,10,5
20202,A,골목상권,3110272,신내1동주민센터,477,319,158,0,45,69,93,152,118,0,15,35,60,103,106,0,30,34,33,49,12
20202,R,전통시장,3130113,신아타운,148,27,121,1,31,31,28,39,18,1,4,9,3,4,6,0,27,22,25,35,12
20202,A,골목상권,3110307,길음역 7번,119,62,57,0,17,25,41,19,17,0,7,17,18,10,10,0,10,8,23,9,7
20202,A,골목상권,3110310,길음역 10번,45,14,31,0,12,8,5,15,5,0,4,1,2,4,3,0,8,7,3,11,2
20202,A,골목상권,3110288,동구여중,216,139,77,1,19,49,52,55,40,0,9,22,35,40,33,1,10,27,17,15,7
20202,A,골목상권,3110313,안암역 3번,2069,1344,725,2,208,552,670,474,163,0,95,310,444,355,140,2,113,242,226,119,23
20202,A,골목상권,3110326,장위동성당,84,40,44,0,2,9,16,13,44,0,1,2,6,5,26,0,1,7,10,8,18
20202,R,전통시장,3130117,정릉시장,121,63,58,0,4,15,34,43,25,0,2,8,20,19,14,0,2,7,14,24,11
20202,A,골목상권,3110282,국민대학교앞,980,789,191,13,185,388,206,75,113,12,134,349,179,57,58,1,51,39,27,18,55
20202,R,전통시장,3130118,정릉골 골목형상점가,67,30,37,0,11,13,11,19,13,0,0,2,6,12,10,0,11,11,5,7,3
20202,R,전통시장,3130141,강북북부골목시장,36,19,17,0,12,4,11,6,3,0,3,2,6,6,2,0,9,2,5,0,1
20202,A,골목상권,3110380,강북문화정보도서관,48,15,33,0,12,10,12,10,4,0,0,3,5,4,3,0,12,7,7,6,1
20202,D,발달상권,3120078,미아사거리역,143,89,54,0,27,28,29,30,29,0,12,16,21,18,22,0,15,12,8,12,7
20202,A,골목상권,3110370,도봉세무서,367,255,112,0,17,61,76,105,108,0,11,31,42,80,91,0,6,30,34,25,17
20202,A,골목상권,3110358,인수동 우편취급국,549,295,254,0,18,34,67,210,220,0,2,18,23,91,161,0,16,16,44,119,59
20202,A,골목상권,3110359,수유시장옆,126,72,54,0,12,26,34,40,14,0,3,12,17,32,8,0,9,14,17,8,6
20202,A,골목상권,3110366,광산사거리,91,64,27,0,17,20,17,22,15,0,13,13,11,16,11,0,4,7,6,6,4
20202,A,골목상권,3110391,샘말어린이공원,219,118,101,0,22,44,64,45,44,0,12,26,37,23,20,0,10,18,27,22,24
20202,A,골목상권,3110386,연산군묘,124,114,10,0,4,3,10,44,63,0,1,3,7,40,63,0,3,0,3,4,0
20202,A,골목상권,3110385,효문고등학교,37,22,15,0,3,9,12,4,9,0,2,5,3,4,8,0,1,4,9,0,1
20202,R,전통시장,3130144,백운시장,21,14,7,0,0,1,7,8,5,0,0,0,5,4,5,0,0,1,2,4,0
20202,A,골목상권,3110396,쌍문역1번(쌍리단길),259,94,165,2,41,49,52,76,39,0,13,15,22,29,15,2,28,34,30,47,24
20202,A,골목상권,3110404,신창초등학교,515,298,217,1,42,93,163,136,80,0,11,56,109,76,46,1,31,37,54,60,34
20202,A,골목상권,3110429,공릉동 국수거리,2074,916,1158,3,224,284,511,689,363,1,91,167,248,234,175,2,133,117,263,455,188
20202,A,골목상권,3110438,경춘선숲길 우측,230,110,120,0,26,54,83,52,15,0,12,21,38,30,9,0,14,33,45,22,6
20202,D,발달상권,3120085,은행사거리,317,121,196,4,51,48,80,78,56,3,11,14,21,40,32,1,40,34,59,38,24
20202,A,골목상권,3110458,선일여고,385,200,185,0,32,79,94,119,61,0,19,46,47,52,36,0,13,33,47,67,25
20202,A,골목상권,3110460,구산역 4번,969,582,387,0,57,184,248,234,246,0,18,124,133,121,186,0,39,60,115,113,60
20202,R,전통시장,3130164,역촌중앙시장,9,3,6,0,0,1,2,2,4,0,0,0,1,1,1,0,0,1,1,1,3
20202,A,골목상권,3110450,시립서북병원,774,421,353,3,138,166,179,154,134,2,80,103,96,70,70,1,58,63,83,84,64
20202,A,골목상권,3110456,구산보건지소,967,544,423,3,284,226,177,147,130,1,123,112,94,97,117,2,161,114,83,50,13
20202,A,골목상권,3110486,은평구청,491,279,212,0,81,100,108,134,68,0,54,70,53,61,41,0,27,30,55,73,27
20202,A,골목상권,3110484,역촌역 3번,499,193,306,6,64,131,129,103,66,5,34,45,41,32,36,1,30,86,88,71,30
20202,D,발달상권,3120092,불광역,274,147,127,0,33,51,83,52,55,0,12,29,44,21,41,0,21,22,39,31,14
20202,A,골목상권,3110472,연신내역 4번,335,156,179,2,52,77,79,68,57,1,16,43,30,37,29,1,36,34,49,31,28
20202,R,전통시장,3130168,연서시장,234,155,79,0,19,50,51,64,50,0,5,23,33,49,45,0,14,27,18,15,5
20202,A,골목상권,3110445,덕산중학교,71,53,18,0,18,15,16,8,14,0,10,9,13,7,14,0,8,6,3,1,0
20202,A,골목상권,3110446,내를건너서숲으로도서관,163,124,39,0,6,14,51,45,47,0,5,9,33,35,42,0,1,5,18,10,5
20202,A,골목상권,3110461,새절역 2번,39,21,18,0,2,8,11,10,8,0,2,2,6,6,5,0,0,6,5,4,3
20202,A,골목상권,3110451,증산역 4번,1267,962,305,2,150,378,365,291,81,2,75,289,305,230,61,0,75,89,60,61,20
20202,A,골목상권,3110502,남가좌파출소,290,147,143,0,29,34,73,92,62,0,14,16,35,47,35,0,15,18,38,45,27
20202,A,골목상권,3110520,경의중앙 신촌역,105,57,48,0,31,22,32,12,8,0,10,15,16,10,6,0,21,7,16,2,2
20202,A,골목상권,3110526,봉원사,211,111,100,1,17,38,50,49,56,1,7,21,24,26,32,0,10,17,26,23,24
20202,A,골목상권,3110511,연희초등학교,3646,3286,360,2,420,731,640,1505,348,1,355,646,532,1425,327,1,65,85,108,80,21
20202,D,발달상권,3120093,연희동,661,351,310,2,60,125,170,195,109,0,27,62,91,103,68,2,33,63,79,92,41
20202,A,골목상권,3110504,명지전문대,170,46,124,1,21,19,35,41,53,0,5,4,10,13,14,1,16,15,25,28,39
20202,D,발달상권,3120095,홍제역,931,525,406,1,73,108,267,363,119,0,16,56,142,223,88,1,57,52,125,140,31
20202,A,골목상권,3110587,공덕동주민센터,264,135,129,1,43,53,75,55,37,1,16,31,47,23,17,0,27,22,28,32,20
20202,A,골목상권,3110578,대흥역 2번,2091,1413,678,2,213,337,391,638,510,1,80,225,309,452,346,1,133,112,82,186,164
20202,A,골목상권,3110574,서강대학교,173,123,50,0,35,41,49,38,10,0,17,30,41,30,5,0,18,11,8,8,5
20202,A,골목상권,3110582,이대역 5번,56,17,39,0,6,11,16,13,10,0,0,4,4,4,5,0,6,7,12,9,5
20202,D,발달상권,3120106,마포역,11485,7110,4375,12,1812,2735,2685,2311,1930,8,917,1662,1891,1437,1195,4,895,1073,794,874,735
20202,A,골목상권,3110544,망리단길,1203,718,485,1,179,248,331,253,191,1,107,153,171,147,139,0,72,95,160,106,52
20202,D,발달상권,3120103,홍대입구역(홍대),9580,5991,3589,87,2167,2434,2066,1613,1213,61,1145,1486,1404,988,907,26,1022,948,662,625,306
20202,A,골목상권,3110566,경의선책거리,1690,934,756,2,359,547,406,290,86,1,137,328,252,157,59,1,222,219,154,133,27
20202,R,전통시장,3130187,영진시장,29,14,15,0,4,5,11,7,2,0,2,2,6,2,2,0,2,3,5,5,0
20202,A,골목상권,3110557,홍대부속여중고앞,760,465,295,1,100,188,196,149,126,1,37,110,137,95,85,0,63,78,59,54,41
20202,A,골목상권,3110548,마포구청역 4번,795,475,320,5,130,185,210,136,129,3,57,95,122,89,109,2,73,90,88,47,20
20202,A,골목상권,3110543,중암중학교,38,25,13,0,6,8,14,7,3,0,3,5,8,6,3,0,3,3,6,1,0
20202,A,골목상권,3110585,마포경찰서,918,790,128,0,192,360,176,181,9,0,150,313,153,166,8,0,42,47,23,15,1
20202,D,발달상권,3120112,등촌역,1633,1138,495,10,223,388,373,358,281,6,100,270,265,265,232,4,123,118,108,93,49
20202,A,골목상권,3110618,강서고등학교,193,135,58,0,19,38,52,52,32,0,10,29,36,34,26,0,9,9,16,18,6
20202,A,골목상권,3110599,신월1파출소,378,268,110,3,50,89,94,93,49,2,34,68,63,65,36,1,16,21,31,28,13
20203,A,골목상권,3110241,먹골역 5번,415,213,202,0,61,87,97,117,53,0,17,49,46,63,38,0,44,38,51,54,15
20203,D,발달상권,3120069,상봉역,1012,728,284,3,69,146,222,270,302,1,40,71,131,216,269,2,29,75,91,54,33
20203,A,골목상권,3110233,중랑역 1번,142,46,96,1,23,27,50,35,6,1,6,7,16,11,5,0,17,20,34,24,1
20203,A,골목상권,3110281,길상사,13818,12089,1729,12,1418,3093,4061,4964,270,1,960,2426,3678,4823,201,11,458,667,383,141,69
20203,A,골목상권,3110309,대광초등학교,376,266,110,0,38,63,108,103,64,0,19,44,71,78,54,0,19,19,37,25,10
20203,A,골목상권,3110318,KT월곡지사,148,78,70,0,21,29,45,36,17,0,10,19,22,14,13,0,11,10,23,22,4
20203,A,골목상권,3110379,KT&G 북부지사,12,3,9,1,1,1,3,3,3,0,0,0,1,1,1,1,1,1,2,2,2
20203,A,골목상권,3110373,수유역 2번,891,705,186,0,129,255,172,236,99,0,90,208,134,205,68,0,39,47,38,31,31
20203,R,전통시장,3130132,삼양골목시장(삼양시장),61,19,42,0,10,14,13,15,9,0,0,4,5,5,5,0,10,10,8,10,4
20203,A,골목상권,3110377,미아사거리역 3번,21,14,7,0,2,2,2,9,6,0,2,2,1,4,5,0,0,0,1,5,1
20203,A,골목상권,3110345,솔밭공원역 2번,114,47,67,1,14,18,26,37,18,0,3,6,8,17,13,1,11,12,18,20,5
20203,A,골목상권,3110342,국립재활원,60,45,15,0,5,11,20,15,9,0,3,8,14,13,7,0,2,3,6,2,2
20203,A,골목상권,3110348,강북문화예술회관,343,174,169,0,27,59,108,96,53,0,4,31,63,43,33,0,23,28,45,53,20
20203,A,골목상권,3110338,인수초등학교,263,192,71,0,34,67,61,63,38,0,18,49,44,48,33,0,16,18,17,15,5
20203,A,골목상권,3110402,도봉구 정병원,471,221,250,1,85,98,98,106,83,0,24,38,54,59,46,1,61,60,44,47,37
20203,A,골목상권,3110383,덕성여대시반거리,33,21,12,0,0,3,13,10,7,0,0,2,9,5,5,0,0,1,4,5,2
20203,R,전통시장,3130145,쌍문역둘리상점가,244,202,42,0,39,44,77,62,22,0,28,35,65,56,18,0,11,9,12,6,4
20203,A,골목상권,3110392,발바닥공원,43,17,26,0,2,8,7,10,16,0,0,0,3,3,11,0,2,8,4,7,5
20203,A,골목상권,3110416,노원초등학교,468,244,224,4,61,110,118,126,49,2,24,73,58,58,29,2,37,37,60,68,20
20203,A,골목상권,3110428,상계5동주민센터,491,217,274,1,43,52,106,158,131,0,14,25,45,70,63,1,29,27,61,88,68
20203,D,발달상권,3120080,마들역,180,46,134,0,30,45,46,36,23,0,2,7,9,13,15,0,28,38,37,23,8
20203,A,골목상권,3110464,연신내역 5번,301,170,131,4,32,53,93,85,34,4,18,28,44,49,27,0,14,25,49,36,7
20203,A,골목상권,3110457,예일여고,482,283,199,1,60,88,88,132,113,0,27,46,47,71,92,1,33,42,41,61,21
20203,D,발달상권,3120091,본서부병원,516,192,324,1,51,69,119,165,111,0,20,28,51,55,38,1,31,41,68,110,73
20203,A,골목상권,3110485,연신내우체국,1259,678,581,0,7,24,35,160,1033,0,4,5,15,70,584,0,3,19,20,90,449
20203,A,골목상권,3110488,우리은행응암동지점,174,104,70,1,14,24,41,38,56,0,8,16,19,15,46,1,6,8,22,23,10
20203,R,전통시장,3130163,응암오거리상점가,182,49,133,0,24,28,44,50,36,0,4,8,11,12,14,0,20,20,33,38,22
20203,A,골목상권,3110449,증산역 3번,709,410,299,0,104,160,182,147,116,0,47,98,96,84,85,0,57,62,86,63,31
20203,D,발달상권,3120094,"신촌역(신촌역, 신촌로터리)",5328,2411,2917,67,2381,1182,676,592,430,23,994,579,296,278,241,44,1387,603,380,314,189
20203,R,전통시장,3130175,신촌 상인회(신촌상점가),13,5,8,0,1,3,5,4,0,0,1,0,1,3,0,0,0,3,4,1,0
20203,D,발달상권,3120097,충정로역,2246,1354,892,0,321,658,631,407,229,0,172,390,397,254,141,0,149,268,234,153,88
20203,R,전통시장,3130176,유진상가,38,23,15,0,20,16,1,1,0,0,9,13,1,0,0,0,11,3,0,1,0
20203,A,골목상권,3110523,홍제성원아파트,21,9,12,0,0,4,5,7,5,0,0,0,2,5,2,0,0,4,3,2,3
20203,D,발달상권,3120107,공덕역(공덕오거리),13077,7619,5458,43,2471,3470,3552,3026,515,9,1021,2002,2300,1900,387,34,1450,1468,1252,1126,128
20203,A,골목상권,3110586,서울서부지방법원,1855,953,902,2,423,499,464,293,174,1,233,283,196,130,110,1,190,216,268,163,64
20203,A,골목상권,3110540,망원나들목체육관,238,107,131,0,39,63,70,47,19,0,19,28,26,23,11,0,20,35,44,24,8
20203,A,골목상권,3110567,광흥창역 6번,91,61,30,0,16,26,27,12,10,0,8,20,13,11,9,0,8,6,14,1,1
20203,A,골목상권,3110565,홍익대,110,66,44,0,16,34,34,19,7,0,8,16,23,13,6,0,8,18,11,6,1
20203,A,골목상권,3110560,마포FM,292,140,152,0,26,64,87,77,38,0,10,26,40,36,28,0,16,38,47,41,10
20203,A,골목상권,3110549,새터산,357,165,192,1,57,79,100,64,56,1,24,39,47,22,32,0,33,40,53,42,24
20203,D,발달상권,3120099,월드컵경기장역(월드컵경기장),84,57,27,0,11,20,26,14,13,0,6,16,21,7,7,0,5,4,5,7,6
20203,A,골목상권,3110581,염리초등학교,16,11,5,0,0,0,2,6,8,0,0,0,2,3,6,0,0,0,0,3,2
20203,D,발달상권,3120113,오목교역,641,380,261,2,98,147,163,141,90,1,45,81,95,95,63,1,53,66,68,46,27
20203,D,발달상권,3120110,목동역 8번출구,1858,1400,458,2,142,216,286,247,965,1,42,102,166,181,908,1,100,114,120,66,57
20203,A,골목상권,3110617,등촌역 4번,262,188,74,0,47,75,73,48,19,0,37,55,50,31,15,0,10,20,23,17,4
20203,A,골목상권,3110597,신월1동주민센터,517,302,215,0,30,68,111,150,158,0,14,36,54,84,114,0,16,32,57,66,44
20203,R,전통시장,3130199,신월3동 골목시장,18,8,10,0,1,4,4,9,0,0,0,1,3,4,0,0,1,3,1,5,0
20203,A,골목상권,3110615,신서초등학교,87,63,24,0,20,21,27,13,6,0,14,18,18,8,5,0,6,3,9,5,1
20203,A,골목상권,3110674,강서구청가양동별관,260,189,71,0,21,55,61,47,76,0,14,46,35,29,65,0,7,9,26,18,11
20203,A,골목상권,3110677,등촌역 1번,410,321,89,1,50,80,83,91,105,1,24,51,70,76,99,0,26,29,13,15,6
20203,A,골목상권,3110676,등촌역 7번,228,138,90,0,31,34,61,56,46,0,13,20,36,37,32,0,18,14,25,19,14
20203,D,발달상권,3120117,강서농산물도매시장,451,280,171,0,12,62,127,153,97,0,9,48,78,89,56,0,3,14,49,64,41
20203,A,골목상권,3110636,방화역 2번,152,76,76,1,25,49,41,21,15,0,9,26,27,4,10,1,16,23,14,17,5
20203,A,골목상권,3110631,방화초등학교,335,161,174,2,32,63,68,100,70,2,19,34,37,37,32,0,13,29,31,63,38
20203,D,발달상권,3120120,화곡역,927,405,522,1,177,218,193,196,142,0,46,109,84,81,85,1,131,109,109,115,57
20203,A,골목상권,3110656,까치산역 3번,829,493,336,13,89,206,249,190,82,12,52,128,151,91,59,1,37,78,98,99,23
20203,D,발달상권,3120121,까치산역,365,145,220,2,51,46,72,106,88,2,12,18,29,43,41,0,39,28,43,63,47
20203,A,골목상권,3110654,까치산역 4번,1027,687,340,2,68,149,252,380,176,1,38,81,139,281,147,1,30,68,113,99,29
20203,A,골목상권,3110665,곰달래도서관,469,285,184,0,36,92,123,138,80,0,25,60,79,74,47,0,11,32,44,64,33
20203,A,골목상권,3110662,까치산역 1번,1480,885,595,4,245,501,396,234,100,4,129,301,207,171,73,0,116,200,189,63,27
20203,R,전통시장,3130217,화곡본동시장,36,16,20,0,3,5,10,13,5,0,1,3,5,6,1,0,2,2,5,7,4
20203,A,골목상권,3110691,개봉중학교,395,205,190,0,37,65,119,115,59,0,20,38,49,52,46,0,17,27,70,63,13
20203,A,골목상권,3110705,고산초등학교,33,19,14,0,3,2,8,7,13,0,3,1,8,2,5,0,0,1,0,5,8
20203,R,전통시장,3130229,남구로시장,249,139,110,1,16,53,61,62,56,0,7,30,31,32,39,1,9,23,30,30,17
20203,A,골목상권,3110680,온수역 5번(온수산업단지),901,770,131,15,129,129,157,274,197,15,105,106,127,234,183,0,24,23,30,40,14
20203,A,골목상권,3110685,금강수목원아파트,56,39,17,0,10,12,12,11,11,0,7,10,5,7,10,0,3,2,7,4,1
20203,D,발달상권,3120132,독산동,4203,2884,1319,13,512,908,1016,1074,680,12,350,650,695,701,476,1,162,258,321,373,204
20203,A,골목상권,3110732,가산초등학교(세일중학교),362,258,104,1,42,68,107,79,65,0,23,39,78,64,54,1,19,29,29,15,11
20203,A,골목상권,3110729,가산동우체국,151,112,39,0,19,30,40,39,23,0,14,19,30,30,19,0,5,11,10,9,4
20203,A,골목상권,3110723,가산디지털단지역 1번 출입구,286,247,39,0,6,10,37,130,103,0,6,5,26,113,97,0,0,5,11,17,6
20203,A,골목상권,3110742,KT금천빌딩(금천구시설관리공단),426,237,189,0,42,83,106,125,70,0,21,57,71,54,34,0,21,26,35,71,36
20203,A,골목상권,3110748,백산초등학교,102,64,38,0,6,19,21,26,30,0,2,9,11,22,20,0,4,10,10,4,10
20203,A,골목상권,3110749,금산초등학교(금천고등학교),418,255,163,0,51,99,100,118,50,0,26,61,51,81,36,0,25,38,49,37,14
20203,A,골목상권,3110750,시흥4동주민센터(서울신흥초등학교),397,221,176,4,78,83,80,104,48,4,47,62,43,33,32,0,31,21,37,71,16
20203,D,발달상권,3120141,영등포청과시장교차로,601,418,183,2,71,137,188,115,88,1,36,85,133,86,77,1,35,52,55,29,11
20203,R,전통시장,3130240,영등포유통상가,1400,893,507,0,128,296,347,287,342,0,68,168,226,194,237,0,60,128,121,93,105
20203,A,골목상권,3110763,영등포구청역 2번,480,353,127,2,84,147,107,84,56,0,53,100,79,72,49,2,31,47,28,12,7
20203,A,골목상권,3110786,당산역 8번,271,179,92,2,20,41,60,51,97,2,8,21,42,38,68,0,12,20,18,13,29
20203,R,전통시장,3130247,우리시장,19,15,4,0,3,4,4,3,5,0,1,3,4,3,4,0,2,1,0,0,1
20203,A,골목상권,3110817,대방역 4번,26,19,7,0,2,6,6,6,6,0,0,4,4,6,5,0,2,2,2,0,1
20203,R,전통시장,3130256,신동시장,2,2,0,0,0,0,0,1,1,0,0,0,0,1,1,0,0,0,0,0,0
20203,A,골목상권,3110757,양평역 2번,1501,1114,387,1,111,230,356,424,379,0,51,176,286,314,287,1,60,54,70,110,92
20203,A,골목상권,3110762,선유도역 1번,3139,2286,853,6,392,669,739,809,524,4,217,459,529,629,448,2,175,210,210,180,76
20203,A,골목상권,3110807,신길역 3번,102,70,32,0,6,16,23,27,30,0,4,8,18,19,21,0,2,8,5,8,9
20203,R,전통시장,3130250,삼구시장(로타리상가),1,0,1,0,0,0,0,1,0,0,0,0,0,0,0,0,0,0,0,1,0
20203,A,골목상권,3110803,신길2동우편취급국,312,224,88,0,17,27,58,67,143,0,6,14,33,43,128,0,11,13,25,24,15
20203,A,골목상권,3110847,예술인마을,443,216,227,3,52,135,137,77,39,3,13,60,74,37,29,0,39,75,63,40,10
20203,R,전통시장,3130272,사당시장,45,20,25,0,4,6,10,11,14,0,0,1,4,6,9,0,4,5,6,5,5
20203,A,골목상권,3110843,사당5동주민센터,181,135,46,1,22,25,55,52,26,0,16,17,34,44,24,1,6,8,21,8,2
20203,A,골목상권,3110835,상도역 1번,296,170,126,0,81,95,59,38,23,0,32,61,37,19,21,0,49,34,22,19,2
20203,A,골목상권,3110830,상도초등학교,281,152,129,0,22,61,73,85,40,0,7,29,36,54,26,0,15,32,37,31,14
20203,D,발달상권,3120154,장승배기역,497,214,283,1,64,124,128,111,69,0,19,58,68,39,30,1,45,66,60,72,39
20203,D,발달상권,3120151,보라매공원,2417,1455,962,6,401,736,707,383,184,4,194,433,450,237,137,2,207,303,257,146,47
20203,A,골목상권,3110863,난우초등학교,319,179,140,6,40,61,63,79,70,5,23,30,38,36,47,1,17,31,25,43,23
20203,A,골목상권,3110867,국제신학대학원대학교(남서울중학교),202,117,85,0,8,34,39,53,68,0,2,15,21,32,47,0,6,19,18,21,21
20203,A,골목상권,3110882,신성초등학교,733,444,289,1,95,131,215,168,123,0,52,67,122,109,94,1,43,64,93,59,29
20203,A,골목상권,3110864,신림우방아파트,236,161,75,0,31,48,53,60,44,0,21,31,37,43,29,0,10,17,16,17,15
20203,A,골목상권,3110871,신원동주민센터,64,32,32,1,6,13,19,12,13,0,4,6,8,7,7,1,2,7,11,5,6
20203,R,전통시장,3130283,신원시장,25,11,14,0,3,3,10,5,4,0,1,1,3,3,3,0,2,2,7,2,1
20203,A,골목상권,3110854,조원동주민센터,55,39,16,0,4,5,17,21,8,0,3,5,9,15,7,0,1,0,8,6,1
20203,A,골목상권,3110898,청림동주민센터(상도중학교),66,27,39,0,16,14,14,16,6,0,5,3,8,7,4,0,11,11,6,9,2
20203,D,발달상권,3120170,삼호가든사거리,2026,1161,865,8,279,587,623,346,183,7,113,333,412,168,128,1,166,254,211,178,55
20203,A,골목상권,3110917,서초소방서,1505,939,566,6,157,432,402,355,153,2,72,281,295,181,108,4,85,151,107,174,45
20203,A,골목상권,3110918,방배역 3번,682,438,244,3,98,127,164,142,148,2,59,85,108,86,98,1,39,42,56,56,50
20203,A,골목상권,3110903,방배아이파크아파트,7222,2653,4569,7,1242,1778,2487,1322,386,1,333,597,951,599,172,6,909,1181,1536,723,214
20203,A,골목상권,3110915,서래초등학교,3011,2335,676,14,441,940,1066,421,129,11,286,683,868,373,114,3,155,257,198,48,15
20203,A,골목상권,3110926,신중초등학교,1610,1175,435,6,193,359,463,382,207,3,114,263,355,292,148,3,79,96,108,90,59
20203,A,골목상권,3110928,서초우방유쉘아파트,596,491,105,1,57,109,125,205,99,1,29,76,109,190,86,0,28,33,16,15,13
20203,D,발달상권,3120184,포이사거리(삼호물산),10139,7003,3136,20,1553,3044,2666,1705,1151,10,846,2068,2010,1212,857,10,707,976,656,493,294
20203,A,골목상권,3110941,언남고등학교,261,158,103,0,33,46,89,58,35,0,14,26,51,40,27,0,19,20,38,18,8
20203,D,발달상권,3120174,논현역 5번,680,379,301,6,108,196,155,93,122,4,39,108,90,58,80,2,69,88,65,35,42
20203,A,골목상권,3110927,잠원역,745,553,192,2,93,342,198,98,12,2,82,218,159,81,11,0,11,124,39,17,1
20203,A,골목상권,3110977,논현로18길,148,102,46,0,22,32,45,29,20,0,14,20,33,20,15,0,8,12,12,9,5
20203,A,골목상권,3110961,언주역 3번,962,673,289,5,172,286,248,140,111,3,97,184,187,112,90,2,75,102,61,28,21
20203,A,골목상권,3110970,학동초등학교,378,236,142,1,66,98,102,65,46,0,27,49,66,57,37,1,39,49,36,8,9
20203,D,발달상권,3120219,은마아파트,17175,5797,11378,202,3397,3819,3179,4061,2517,83,1254,1872,1374,818,396,119,2143,1947,1805,3243,2121
20203,D,발달상권,3120222,삼성역,43324,24141,19183,244,8091,13641,10294,6385,4669,119,3186,7703,6883,3711,2539,125,4905,5938,3411,2674,2130
20203,D,발달상권,3120201,도곡1동,11549,6381,5168,116,3564,3468,2477,1299,625,31,1365,2018,1727,754,486,85,2199,1450,750,545,139
20203,D,발달상권,3120213,삼성중앙역,8521,5150,3371,50,1869,2485,1911,1070,1136,12,830,1515,1305,716,772,38,1039,970,606,354,364
20203,D,발달상권,3120209,"강남구청(청담역_8번, 강남세무서)",8987,2610,6377,34,2050,2684,2467,1172,580,9,538,752,537,395,379,25,1512,1932,1930,777,201
20203,D,발달상권,3120216,경기고교사거리(경기고교앞사거리),4934,3621,1313,8,712,1628,1666,772,148,5,291,1070,1431,703,121,3,421,558,235,69,27
20203,A,골목상권,3110986,삼성중앙역 7번,90,59,31,0,9,18,36,19,8,0,3,6,29,15,6,0,6,12,7,4,2
20203,D,발달상권,3120224,수서역,12418,6339,6079,23,1900,3177,3167,2346,1805,12,860,1669,1497,1232,1069,11,1040,1508,1670,1114,736
20203,D,발달상권,3120195,성수대교남단,5611,2685,2926,39,1393,2394,1102,426,257,15,487,1194,634,208,147,24,906,1200,468,218,110
20203,D,발달상권,3120198,구역삼세무서,11531,7246,4285,23,2691,3529,2889,1562,837,12,1141,2216,2115,1139,623,11,1550,1313,774,423,214
20203,A,골목상권,3110958,역삼역 4번,997,760,237,1,96,197,300,298,105,1,46,133,254,241,85,0,50,64,46,57,20
20203,A,골목상권,3110956,언주역 8번,1199,758,441,4,361,471,199,87,77,2,158,307,163,70,58,2,203,164,36,17,19
20203,A,골목상권,3111025,경찰병원역 3번,686,412,274,1,84,164,149,157,131,0,45,102,103,88,74,1,39,62,46,69,57
20203,A,골목상권,3111029,오금역 4번,427,314,113,3,71,108,91,79,75,1,51,81,67,55,59,2,20,27,24,24,16
20203,A,골목상권,3111042,거여역 1번(거여공원),872,597,275,3,147,186,251,200,85,3,121,134,159,130,50,0,26,52,92,70,35
20203,D,발달상권,3120235,문정역,954,648,306,1,117,204,211,255,166,0,70,158,152,154,114,1,47,46,59,101,52
20203,A,골목상권,3111023,문정역 1번,939,576,363,2,133,202,263,204,135,0,86,139,184,100,67,2,47,63,79,104,68
20203,D,발달상권,3120232,송파나루역,1056,714,342,0,185,302,235,171,163,0,80,192,163,131,148,0,105,110,72,40,15
20203,U,관광특구,3001495,잠실 관광특구,25240,14855,10385,124,4880,6877,5824,4628,2907,55,2599,4419,3662,2383,1737,69,2281,2458,2162,2245,1170
20203,A,골목상권,3111006,석촌고분역 1번,1112,721,391,0,127,292,337,203,153,0,56,169,242,135,119,0,71,123,95,68,34
20203,R,전통시장,3130312,석촌시장,619,270,349,1,20,40,81,170,307,1,9,23,43,41,153,0,11,17,38,129,154
20203,D,발달상권,3120227,잠실역,45462,24220,21242,163,8142,11830,12761,11282,1284,51,3785,7436,7437,4549,962,112,4357,4394,5324,6733,322
20203,A,골목상권,3111090,강일동주민센터,91,35,56,0,15,30,23,17,6,0,1,10,10,10,4,0,14,20,13,7,2
20203,A,골목상권,3111068,강동성심병원,1570,605,965,0,532,392,271,203,172,0,126,134,114,101,130,0,406,258,157,102,42
20203,R,전통시장,3130323,둔촌역전통시장,171,86,85,0,3,14,23,36,95,0,2,6,8,14,56,0,1,8,15,22,39
20203,D,발달상권,3120244,암사역,916,401,515,0,70,85,103,111,547,0,14,44,49,42,252,0,56,41,54,69,295
20203,A,골목상권,3111054,암사역 4번(삼성광나루아파트),104,42,62,0,14,18,19,12,41,0,4,12,7,5,14,0,10,6,12,7,27
20203,A,골목상권,3111065,천일초등학교,79,38,41,2,6,21,18,23,9,2,5,11,7,6,7,0,1,10,11,17,2
20203,A,골목상권,3111049,천호지구대(천호동자전거거리),507,277,230,2,75,90,96,118,126,0,36,50,40,68,83,2,39,40,56,50,43
20203,A,골목상권,3111060,암사역 2번(서울강동초등학교),872,458,414,1,101,211,241,202,116,1,41,97,131,107,81,0,60,114,110,95,35
20203,A,골목상권,3110007,사직공원(한국사회과학도서관),283,185,98,2,58,88,63,41,31,2,30,62,44,27,20,0,28,26,19,14,11
20203,A,골목상권,3110531,홍지문,141,61,80,0,16,26,24,56,19,0,13,19,13,9,7,0,3,7,11,47,12
20203,A,골목상권,3110013,체부동홍종문가옥,125,71,54,0,8,28,31,26,32,0,2,11,18,14,26,0,6,17,13,12,6
20203,D,발달상권,3120017,동묘앞역(동묘),724,205,519,0,78,151,278,136,81,0,13,47,55,37,53,0,65,104,223,99,28
20203,U,관광특구,3001494,종로·청계 관광특구,32892,17118,15774,68,5350,9954,9473,6395,1652,15,2280,4904,4583,4154,1182,53,3070,5050,4890,2241,470
20203,R,전통시장,3130007,광장시장(광장전통시장),466,310,156,0,39,77,97,129,124,0,22,41,73,77,97,0,17,36,24,52,27
20203,R,전통시장,3130018,동대문문구완구거리(동대문문구완구시장),120,70,50,0,11,18,23,38,30,0,6,10,13,22,19,0,5,8,10,16,11
20203,A,골목상권,3110010,평창동서측,5240,2651,2589,1,324,1250,2239,1231,195,0,76,342,1157,943,133,1,248,908,1082,288,62
20203,D,발달상권,3120035,퇴계로5가,2257,1368,889,7,650,570,525,321,184,3,282,379,388,200,116,4,368,191,137,121,68
20203,D,발달상권,3120038,약수역,2299,1362,937,7,436,740,580,324,212,1,189,452,383,196,141,6,247,288,197,128,71
20203,D,발달상권,3120028,명동(명동거리),12590,7582,5008,41,2103,3542,3628,2206,1070,16,1009,1955,2310,1615,677,25,1094,1587,1318,591,393
20203,D,발달상권,3120030,중부경찰서(영화인의거리),11882,6796,5086,53,2154,3638,3422,1957,658,16,721,2139,2091,1366,463,37,1433,1499,1331,591,195
20203,D,발달상권,3120029,을지로2가,7461,4461,3000,27,1938,2808,1698,798,192,7,787,1650,1165,693,159,20,1151,1158,533,105,33
20203,D,발달상권,3120025,롯데백화점(시청광장 지하쇼핑센터),22643,6274,16369,229,12750,7002,1624,945,93,71,3075,2028,780,249,71,158,9675,4974,844,696,22
20203,A,골목상권,3110051,한양공고앞 교차로,111,82,29,0,17,23,33,26,12,0,12,16,24,20,10,0,5,7,9,6,2
20203,R,전통시장,3130046,team204(팀204),20,13,7,0,1,3,4,2,10,0,0,2,3,1,7,0,1,1,1,1,3
20203,R,전통시장,3130047,테크노상가(엘리시움),158,110,48,0,10,26,33,60,29,0,5,20,20,41,24,0,5,6,13,19,5
20203,R,전통시장,3130048,동평화시장,20,11,9,0,7,8,1,4,0,0,3,4,1,3,0,0,4,4,0,1,0
20203,R,전통시장,3130055,"황학시장(서울중앙시장, 신중앙시장)",203,117,86,0,24,49,47,52,31,0,12,25,24,32,24,0,12,24,23,20,7
20203,R,전통시장,3130025,삼익패션타운(남대문시장),5494,2675,2819,69,1760,1561,1124,794,186,31,674,837,763,292,78,38,1086,724,361,502,108
20203,A,골목상권,3110075,숙대입구역 1번,1630,736,894,9,270,506,417,289,139,5,69,188,182,181,111,4,201,318,235,108,28
20203,A,골목상권,3110094,오산중학교,26,12,14,0,0,1,4,13,8,0,0,0,2,6,4,0,0,1,2,7,4
20203,A,골목상권,3110093,우사단길,2647,1632,1015,2,331,1035,757,359,163,1,106,546,562,321,96,1,225,489,195,38,67
20203,A,골목상권,3110089,서빙고동주민센터,752,503,249,1,94,230,220,107,100,0,33,136,159,88,87,1,61,94,61,19,13
20203,A,골목상권,3110064,효창공원앞역 2번,923,525,398,2,126,275,261,160,99,1,49,160,160,88,67,1,77,115,101,72,32
20203,A,골목상권,3110109,금호삼성래미안아파트,92,39,53,0,7,10,12,42,21,0,2,6,3,15,13,0,5,4,9,27,8
20203,A,골목상권,3110108,성동구립금호도서관,6,1,5,0,0,1,4,1,0,0,0,0,0,1,0,0,0,1,4,0,0
20203,A,골목상권,3110104,신금호역 4번,213,141,72,0,22,33,35,54,69,0,6,17,21,37,60,0,16,16,14,17,9
20203,A,골목상권,3110126,서울숲역 1번,27,18,9,0,0,7,2,12,6,0,0,6,0,7,5,0,0,1,2,5,1
20203,A,골목상권,3110135,성동세무서,401,208,193,0,41,84,107,78,91,0,7,43,49,38,71,0,34,41,58,40,20
20203,A,골목상권,3110115,상왕십리역 3번,945,362,583,10,392,218,156,113,56,0,76,84,93,75,34,10,316,134,63,38,22
20203,A,골목상권,3110133,서울교통공사,122,93,29,0,19,25,33,21,24,0,12,18,29,17,17,0,7,7,4,4,7
20203,R,전통시장,3130072,성동용답상가시장,132,71,61,0,21,19,35,39,18,0,9,9,16,26,11,0,12,10,19,13,7
20203,A,골목상권,3110130,답십리역 6번,105,89,16,0,20,24,38,15,8,0,17,20,35,10,7,0,3,4,3,5,1
20203,A,골목상권,3110170,동대부여고,223,128,95,1,37,51,67,45,22,0,17,21,42,32,16,1,20,30,25,13,6
20203,A,골목상권,3110172,광진초등학교,344,227,117,0,42,72,92,91,47,0,17,48,61,65,36,0,25,24,31,26,11
20203,A,골목상권,3110173,구남초등학교,195,106,89,0,34,50,46,44,21,0,16,28,21,25,16,0,18,22,25,19,5
20203,R,전통시장,3130081,자양골목전통시장(자양골목시장),54,36,18,0,7,17,14,9,7,0,5,12,9,6,4,0,2,5,5,3,3
20203,R,전통시장,3130080,자양종합시장(기능상실),14,10,4,0,0,1,6,6,1,0,0,1,4,4,1,0,0,0,2,2,0
20203,A,골목상권,3110143,뚝섬유원지역 1번,44,18,26,1,4,13,9,13,4,1,0,3,5,6,3,0,4,10,4,7,1
20203,D,발달상권,3120053,건대입구역(건대),892,505,387,5,148,146,178,204,211,2,41,65,97,137,163,3,107,81,81,67,48
20203,R,전통시장,3130075,노룬산시장(노룬산골목시장),17,12,5,0,4,5,6,0,2,0,3,3,5,0,1,0,1,2,1,0,1
20203,A,골목상권,3110165,국립정신건강센터,243,175,68,0,12,32,69,76,54,0,7,23,42,59,44,0,5,9,27,17,10
20203,R,전통시장,3130082,면곡골목시장,20,11,9,0,4,0,1,9,6,0,4,0,0,3,4,0,0,0,1,6,2
20203,R,전통시장,3130078,화양제일골목시장,52,17,35,0,6,15,19,9,3,0,1,5,8,2,1,0,5,10,11,7,2
20203,A,골목상권,3110185,용두초등학교,122,77,45,0,13,22,31,32,24,0,5,13,18,22,19,0,8,9,13,10,5
20203,D,발달상권,3120067,장안동사거리,2595,1173,1422,9,427,580,675,579,325,7,165,280,260,257,204,2,262,300,415,322,121
20203,R,전통시장,3130092,청량리농수산물시장,12,9,3,0,0,1,3,5,3,0,0,0,3,3,3,0,0,1,0,2,0
20203,A,골목상권,3110205,경희대삼거리,82,48,34,0,4,13,23,23,19,0,2,10,7,17,12,0,2,3,16,6,7
20203,A,골목상권,3110265,망우역 1번,198,91,107,1,23,43,54,57,20,0,7,18,21,32,13,1,16,25,33,25,7
20203,R,전통시장,3130110,면목골목시장(면목시장),107,64,43,0,1,9,35,38,24,0,1,6,22,19,16,0,0,3,13,19,8
20203,A,골목상권,3110263,면목역 1번,130,71,59,0,13,27,35,24,31,0,7,12,12,14,26,0,6,15,23,10,5
20203,A,골목상권,3110272,신내1동주민센터,477,319,158,0,45,69,93,152,118,0,15,35,60,103,106,0,30,34,33,49,12
20203,R,전통시장,3130113,신아타운,148,27,121,1,31,31,28,39,18,1,4,9,3,4,6,0,27,22,25,35,12
20203,A,골목상권,3110307,길음역 7번,119,62,57,0,17,25,41,19,17,0,7,17,18,10,10,0,10,8,23,9,7
20203,A,골목상권,3110310,길음역 10번,45,14,31,0,12,8,5,15,5,0,4,1,2,4,3,0,8,7,3,11,2
20203,A,골목상권,3110288,동구여중,216,139,77,1,19,49,52,55,40,0,9,22,35,40,33,1,10,27,17,15,7
20203,A,골목상권,3110313,안암역 3번,2069,1344,725,2,208,552,670,474,163,0,95,310,444,355,140,2,113,242,226,119,23
20203,A,골목상권,3110326,장위동성당,84,40,44,0,2,9,16,13,44,0,1,2,6,5,26,0,1,7,10,8,18
20203,R,전통시장,3130117,정릉시장,121,63,58,0,4,15,34,43,25,0,2,8,20,19,14,0,2,7,14,24,11
20203,A,골목상권,3110282,국민대학교앞,980,789,191,13,185,388,206,75,113,12,134,349,179,57,58,1,51,39,27,18,55
20203,R,전통시장,3130118,정릉골 골목형상점가,67,30,37,0,11,13,11,19,13,0,0,2,6,12,10,0,11,11,5,7,3
20203,R,전통시장,3130141,강북북부골목시장,36,19,17,0,12,4,11,6,3,0,3,2,6,6,2,0,9,2,5,0,1
20203,A,골목상권,3110380,강북문화정보도서관,48,15,33,0,12,10,12,10,4,0,0,3,5,4,3,0,12,7,7,6,1
20203,D,발달상권,3120078,미아사거리역,143,89,54,0,27,28,29,30,29,0,12,16,21,18,22,0,15,12,8,12,7
20203,A,골목상권,3110370,도봉세무서,367,255,112,0,17,61,76,105,108,0,11,31,42,80,91,0,6,30,34,25,17
20203,A,골목상권,3110358,인수동 우편취급국,549,295,254,0,18,34,67,210,220,0,2,18,23,91,161,0,16,16,44,119,59
20203,A,골목상권,3110359,수유시장옆,126,72,54,0,12,26,34,40,14,0,3,12,17,32,8,0,9,14,17,8,6
20203,A,골목상권,3110366,광산사거리,91,64,27,0,17,20,17,22,15,0,13,13,11,16,11,0,4,7,6,6,4
20203,A,골목상권,3110391,샘말어린이공원,219,118,101,0,22,44,64,45,44,0,12,26,37,23,20,0,10,18,27,22,24
20203,A,골목상권,3110386,연산군묘,124,114,10,0,4,3,10,44,63,0,1,3,7,40,63,0,3,0,3,4,0
20203,A,골목상권,3110385,효문고등학교,37,22,15,0,3,9,12,4,9,0,2,5,3,4,8,0,1,4,9,0,1
20203,R,전통시장,3130144,백운시장,21,14,7,0,0,1,7,8,5,0,0,0,5,4,5,0,0,1,2,4,0
20203,A,골목상권,3110396,쌍문역1번(쌍리단길),259,94,165,2,41,49,52,76,39,0,13,15,22,29,15,2,28,34,30,47,24
20203,A,골목상권,3110404,신창초등학교,515,298,217,1,42,93,163,136,80,0,11,56,109,76,46,1,31,37,54,60,34
20203,A,골목상권,3110429,공릉동 국수거리,2074,916,1158,3,224,284,511,689,363,1,91,167,248,234,175,2,133,117,263,455,188
20203,A,골목상권,3110438,경춘선숲길 우측,230,110,120,0,26,54,83,52,15,0,12,21,38,30,9,0,14,33,45,22,6
20203,D,발달상권,3120085,은행사거리,317,121,196,4,51,48,80,78,56,3,11,14,21,40,32,1,40,34,59,38,24
20203,A,골목상권,3110458,선일여고,385,200,185,0,32,79,94,119,61,0,19,46,47,52,36,0,13,33,47,67,25
20203,A,골목상권,3110460,구산역 4번,969,582,387,0,57,184,248,234,246,0,18,124,133,121,186,0,39,60,115,113,60
20203,R,전통시장,3130164,역촌중앙시장,9,3,6,0,0,1,2,2,4,0,0,0,1,1,1,0,0,1,1,1,3
20203,A,골목상권,3110450,시립서북병원,774,421,353,3,138,166,179,154,134,2,80,103,96,70,70,1,58,63,83,84,64
20203,A,골목상권,3110456,구산보건지소,967,544,423,3,284,226,177,147,130,1,123,112,94,97,117,2,161,114,83,50,13
20203,A,골목상권,3110486,은평구청,491,279,212,0,81,100,108,134,68,0,54,70,53,61,41,0,27,30,55,73,27
20203,A,골목상권,3110484,역촌역 3번,499,193,306,6,64,131,129,103,66,5,34,45,41,32,36,1,30,86,88,71,30
20203,D,발달상권,3120092,불광역,274,147,127,0,33,51,83,52,55,0,12,29,44,21,41,0,21,22,39,31,14
20203,A,골목상권,3110472,연신내역 4번,335,156,179,2,52,77,79,68,57,1,16,43,30,37,29,1,36,34,49,31,28
20203,R,전통시장,3130168,연서시장,234,155,79,0,19,50,51,64,50,0,5,23,33,49,45,0,14,27,18,15,5
20203,A,골목상권,3110445,덕산중학교,71,53,18,0,18,15,16,8,14,0,10,9,13,7,14,0,8,6,3,1,0
20203,A,골목상권,3110446,내를건너서숲으로도서관,163,124,39,0,6,14,51,45,47,0,5,9,33,35,42,0,1,5,18,10,5
20203,A,골목상권,3110461,새절역 2번,39,21,18,0,2,8,11,10,8,0,2,2,6,6,5,0,0,6,5,4,3
20203,A,골목상권,3110451,증산역 4번,1267,962,305,2,150,378,365,291,81,2,75,289,305,230,61,0,75,89,60,61,20
20203,A,골목상권,3110502,남가좌파출소,290,147,143,0,29,34,73,92,62,0,14,16,35,47,35,0,15,18,38,45,27
20203,A,골목상권,3110520,경의중앙 신촌역,105,57,48,0,31,22,32,12,8,0,10,15,16,10,6,0,21,7,16,2,2
20203,A,골목상권,3110526,봉원사,211,111,100,1,17,38,50,49,56,1,7,21,24,26,32,0,10,17,26,23,24
20203,A,골목상권,3110511,연희초등학교,3646,3286,360,2,420,731,640,1505,348,1,355,646,532,1425,327,1,65,85,108,80,21
20203,D,발달상권,3120093,연희동,661,351,310,2,60,125,170,195,109,0,27,62,91,103,68,2,33,63,79,92,41
20203,A,골목상권,3110504,명지전문대,170,46,124,1,21,19,35,41,53,0,5,4,10,13,14,1,16,15,25,28,39
20203,D,발달상권,3120095,홍제역,931,525,406,1,73,108,267,363,119,0,16,56,142,223,88,1,57,52,125,140,31
20203,A,골목상권,3110587,공덕동주민센터,264,135,129,1,43,53,75,55,37,1,16,31,47,23,17,0,27,22,28,32,20
20203,A,골목상권,3110578,대흥역 2번,2091,1413,678,2,213,337,391,638,510,1,80,225,309,452,346,1,133,112,82,186,164
20203,A,골목상권,3110574,서강대학교,173,123,50,0,35,41,49,38,10,0,17,30,41,30,5,0,18,11,8,8,5
20203,A,골목상권,3110582,이대역 5번,56,17,39,0,6,11,16,13,10,0,0,4,4,4,5,0,6,7,12,9,5
20203,D,발달상권,3120106,마포역,11485,7110,4375,12,1812,2735,2685,2311,1930,8,917,1662,1891,1437,1195,4,895,1073,794,874,735
20203,A,골목상권,3110544,망리단길,1203,718,485,1,179,248,331,253,191,1,107,153,171,147,139,0,72,95,160,106,52
20203,D,발달상권,3120103,홍대입구역(홍대),9580,5991,3589,87,2167,2434,2066,1613,1213,61,1145,1486,1404,988,907,26,1022,948,662,625,306
20203,A,골목상권,3110566,경의선책거리,1690,934,756,2,359,547,406,290,86,1,137,328,252,157,59,1,222,219,154,133,27
20203,R,전통시장,3130187,영진시장,29,14,15,0,4,5,11,7,2,0,2,2,6,2,2,0,2,3,5,5,0
20203,A,골목상권,3110557,홍대부속여중고앞,760,465,295,1,100,188,196,149,126,1,37,110,137,95,85,0,63,78,59,54,41
20203,A,골목상권,3110548,마포구청역 4번,795,475,320,5,130,185,210,136,129,3,57,95,122,89,109,2,73,90,88,47,20
20203,A,골목상권,3110543,중암중학교,38,25,13,0,6,8,14,7,3,0,3,5,8,6,3,0,3,3,6,1,0
20203,A,골목상권,3110585,마포경찰서,918,790,128,0,192,360,176,181,9,0,150,313,153,166,8,0,42,47,23,15,1
20203,D,발달상권,3120112,등촌역,1633,1138,495,10,223,388,373,358,281,6,100,270,265,265,232,4,123,118,108,93,49
20203,A,골목상권,3110618,강서고등학교,193,135,58,0,19,38,52,52,32,0,10,29,36,34,26,0,9,9,16,18,6
20203,A,골목상권,3110599,신월1파출소,378,268,110,3,50,89,94,93,49,2,34,68,63,65,36,1,16,21,31,28,13
20203,A,골목상권,3110596,서서울호수공원,417,272,145,2,48,90,107,113,57,0,28,56,74,71,43,2,20,34,33,42,14
20203,R,전통시장,3130200,"신월7동 골목시장(약수시장, 우성상가)",27,18,9,0,0,3,9,6,9,0,0,0,7,4,7,0,0,3,2,2,2
20203,A,골목상권,3110623,갈산공원,130,99,31,0,27,34,27,31,11,0,23,27,21,21,7,0,4,7,6,10,4
20203,R,전통시장,3130218,신월중앙시장,118,53,65,0,28,34,26,13,17,0,8,12,11,9,13,0,20,22,15,4,4
20203,A,골목상권,3110632,방화역 3번,1075,887,188,2,42,127,400,334,170,1,21,90,353,281,141,1,21,37,47,53,29
20203,A,골목상권,3110651,화원중학교,377,214,163,2,29,50,102,105,89,1,19,31,68,52,43,1,10,19,34,53,46
20203,A,골목상권,3110659,화곡역 4번,844,496,348,11,102,181,234,180,136,9,52,114,140,105,76,2,50,67,94,75,60
20203,A,골목상권,3110696,오류동역 1번,2424,1658,766,32,831,942,326,216,77,16,483,735,235,131,58,16,348,207,91,85,19
20203,A,골목상권,3110697,개봉3동주민센터,230,142,88,1,55,64,49,41,20,1,27,41,31,29,13,0,28,23,18,12,7
20203,A,골목상권,3110698,개웅초등학교(개웅중학교),276,176,100,3,50,50,53,63,57,3,25,32,31,39,46,0,25,18,22,24,11
20203,A,골목상권,3110722,G타워,837,574,263,4,152,296,249,99,37,4,95,205,191,55,24,0,57,91,58,44,13
20203,A,골목상권,3110682,온수역 8번,25,11,14,0,2,4,13,5,1,0,2,2,6,1,0,0,0,2,7,4,1
20203,A,골목상권,3110684,서울공연예술고등학교,251,136,115,2,50,78,61,36,24,0,19,54,34,19,10,2,31,24,27,17,14
20203,A,골목상권,3110688,오류지구대,169,59,110,1,18,18,40,59,33,0,7,10,15,19,8,1,11,8,25,40,25
20203,A,골목상권,3110730,서울축산농협 독산역지점(독산파출소),660,376,284,1,80,105,117,201,156,1,30,58,54,113,120,0,50,47,63,88,36
20203,A,골목상권,3110728,두산초등학교,4560,2778,1782,8,88,138,245,530,3551,8,64,86,123,279,2218,0,24,52,122,251,1333
20203,A,골목상권,3110752,한울중학교,269,117,152,2,25,46,81,79,36,2,13,16,34,33,19,0,12,30,47,46,17
20203,R,전통시장,3130234,푸른터시장(기능상실),7,3,4,0,1,1,0,3,2,0,0,1,0,1,1,0,1,0,0,2,1
20203,R,전통시장,3130235,대명여울빛거리시장(대명시장),298,80,218,0,39,52,77,82,48,0,11,14,25,19,11,0,28,38,52,63,37
20203,A,골목상권,3110743,시흥초등학교(시흥1동우체국),191,130,61,0,18,31,48,50,44,0,10,20,32,37,31,0,8,11,16,13,13
20203,A,골목상권,3110731,금천구청역 1번 출입구,1044,564,480,7,306,385,206,96,44,2,149,230,102,55,26,5,157,155,104,41,18
20203,A,골목상권,3110753,시흥동 은행나무사거리,617,387,230,0,69,100,149,166,133,0,28,68,90,96,105,0,41,32,59,70,28
20203,A,골목상권,3110764,문래역 3번,541,223,318,0,93,127,159,102,60,0,27,39,54,54,49,0,66,88,105,48,11
20203,A,골목상권,3110779,대림갑을명가아파트,33,24,9,0,2,5,13,7,6,0,1,4,10,4,5,0,1,1,3,3,1
20203,R,전통시장,3130242,대림중앙 골목형상점가,66,20,46,0,3,17,17,24,5,0,1,6,5,5,3,0,2,11,12,19,2
20203,A,골목상권,3110765,문래동사거리,889,619,270,2,80,133,209,175,290,1,38,78,140,126,236,1,42,55,69,49,54
20203,A,골목상권,3110810,영신초등학교,403,183,220,0,58,147,59,78,61,0,24,67,27,43,22,0,34,80,32,35,39
20203,A,골목상권,3110813,보라매역 6번,286,167,119,3,22,37,50,74,100,3,15,21,24,39,65,0,7,16,26,35,35
20203,D,발달상권,3120135,양평역,5072,3013,2059,32,1300,1280,1187,776,497,11,626,825,676,441,434,21,674,455,511,335,63
20203,D,발달상권,3120146,한강성심병원,5066,2882,2184,18,1252,1255,1097,821,623,8,405,669,729,584,487,10,847,586,368,237,136
20203,R,전통시장,3130253,영신상가(제일상가),9,7,2,0,2,3,0,2,2,0,2,3,0,1,1,0,0,0,0,1,1
20203,R,전통시장,3130249,동남상가,10,8,2,0,2,0,0,4,4,0,1,0,0,4,3,0,1,0,0,0,1
20203,A,골목상권,3110782,영등포시장역 4번,127,87,40,1,13,24,48,27,14,1,5,16,36,17,12,0,8,8,12,10,2
20203,A,골목상권,3110809,장훈고등학교,112,61,51,0,7,15,30,23,37,0,3,5,11,17,25,0,4,10,19,6,12
20203,A,골목상권,3110834,동작구자원봉사센터,41,25,16,0,3,5,8,11,14,0,2,2,8,6,7,0,1,3,0,5,7
20203,A,골목상권,3110828,노량진역 6번,3010,2066,944,9,471,1047,854,467,162,3,252,711,639,357,104,6,219,336,215,110,58
20203,A,골목상권,3110824,대방역 3번,296,102,194,1,48,91,92,42,22,0,11,26,29,23,13,1,37,65,63,19,9
20203,A,골목상권,3110852,이수역 9번,198,121,77,0,26,35,54,38,45,0,12,20,30,23,36,0,14,15,24,15,9
20203,A,골목상권,3110851,경문고등학교(동작동성당),493,236,257,0,79,137,141,105,31,0,32,53,66,67,18,0,47,84,75,38,13
20203,A,골목상권,3110831,상도4동주민센터,72,40,32,0,3,13,14,29,13,0,3,6,6,18,7,0,0,7,8,11,6
20203,A,골목상권,3110827,NH농협은행 상도동지점,262,93,169,0,39,51,73,65,34,0,11,18,20,28,16,0,28,33,53,37,18
20203,A,골목상권,3110841,중대부중,75,34,41,0,7,12,14,23,19,0,4,7,5,10,8,0,3,5,9,13,11
20203,A,골목상권,3110900,낙성대역 1번(관악구민 종합체육센터),444,246,198,1,94,123,115,88,23,1,48,64,62,53,18,0,46,59,53,35,5
20203,D,발달상권,3120159,서울대입구역,1430,763,667,12,289,320,321,238,250,6,116,164,174,133,170,6,173,156,147,105,80
20203,A,골목상권,3110866,난우중학교,184,101,83,0,23,36,41,65,19,0,14,20,19,32,16,0,9,16,22,33,3
20203,D,발달상권,3120158,녹두거리(대학동),695,550,145,2,31,73,200,279,110,0,7,41,163,241,98,2,24,32,37,38,12
20203,A,골목상권,3110857,미성동주민센터,431,229,202,9,60,64,70,108,120,9,34,48,41,46,51,0,26,16,29,62,69
20203,R,전통시장,3130278,미성동 도깨비시장 골목형상점가,75,16,59,0,0,16,28,24,7,0,0,7,5,2,2,0,0,9,23,22,5
20203,A,골목상권,3110875,보라매동주민센터(당곡고등학교),19,15,4,0,4,2,5,6,2,0,2,2,3,6,2,0,2,0,2,0,0
20203,A,골목상권,3110873,당곡중학교,348,167,181,0,70,79,87,76,36,0,29,39,39,37,23,0,41,40,48,39,13
20203,R,전통시장,3130285,서원동상점가,615,316,299,4,28,56,85,160,282,1,17,38,45,60,155,3,11,18,40,100,127
20203,A,골목상권,3110891,구암초등학교,47,22,25,0,5,1,22,16,3,0,1,0,11,8,2,0,4,1,11,8,1
20203,R,전통시장,3130280,신림종합시장,22,17,5,0,0,1,2,7,12,0,0,0,0,5,12,0,0,1,2,2,0
20203,R,전통시장,3130279,관악신사시장,2159,1727,432,0,365,671,738,355,30,0,172,530,669,333,23,0,193,141,69,22,7
20203,R,전통시장,3130295,인헌시장(원당종합시장),122,48,74,0,20,27,38,23,14,0,3,9,16,12,8,0,17,18,22,11,6
20203,A,골목상권,3110892,관악구 중앙길,709,341,368,0,69,110,159,221,150,0,25,55,76,105,80,0,44,55,83,116,70
20203,A,골목상권,3110899,낙성대역 5번(관악중학교),681,442,239,0,167,178,164,123,49,0,107,130,95,71,39,0,60,48,69,52,10
20203,A,골목상권,3110944,서울나래학교(염곡어린이공원),933,632,301,10,116,213,161,196,237,8,88,169,114,118,135,2,28,44,47,78,102
20203,A,골목상권,3110905,방배노인종합복지관(이수중학교),287,176,111,1,36,71,71,63,45,0,18,38,45,41,34,1,18,33,26,22,11
20203,A,골목상권,3110920,방배역 2번(백석예술대학교),359,205,154,0,23,53,125,118,40,0,5,29,65,75,31,0,18,24,60,43,9
20203,A,골목상권,3110910,내방역 5번,614,240,374,5,72,124,157,176,80,3,30,69,52,49,37,2,42,55,105,127,43
20203,A,골목상권,3110906,서문여고,683,362,321,2,217,106,119,106,133,0,59,58,72,62,111,2,158,48,47,44,22
20203,D,발달상권,3120161,방배동가구거리(사당동가구거리),2517,1833,684,3,187,342,315,347,1323,2,78,178,165,202,1208,1,109,164,150,145,115
20203,R,전통시장,3130296,남부종합시장,85,63,22,0,2,8,25,35,15,0,1,8,16,24,14,0,1,0,9,11,1
20203,D,발달상권,3120175,남부터미널역,8254,5320,2934,32,1703,2482,1996,1297,744,6,856,1692,1362,856,548,26,847,790,634,441,196
20203,A,골목상권,3110932,서울시인재개발원,532,384,148,2,128,170,127,64,41,2,76,116,100,54,36,0,52,54,27,10,5
20203,A,골목상권,3110930,서초동성당,2178,1774,404,8,284,588,694,433,171,2,190,448,591,393,150,6,94,140,103,40,21
20203,A,골목상권,3110931,삼성전자서울R&D(서울우면초등학교),94,47,47,0,36,30,16,6,6,0,11,15,10,6,5,0,25,15,6,0,1
20203,A,골목상권,3110938,바우뫼공원,1522,927,595,0,253,457,423,297,92,0,147,314,251,143,72,0,106,143,172,154,20
20203,A,골목상권,3110942,염곡동 구룡사(포이동성당),3242,1952,1290,7,578,932,791,613,321,3,328,587,461,351,222,4,250,345,330,262,99
20203,A,골목상권,3110943,법제교육센터(버들어린이공원),1122,578,544,1,67,165,357,323,209,1,36,99,151,140,151,0,31,66,206,183,58
20203,A,골목상권,3110994,개포고등학교,494,382,112,7,65,161,123,110,28,4,47,134,103,73,21,3,18,27,20,37,7
20203,R,전통시장,3130305,논현종합시장,85,43,42,0,21,14,14,19,17,0,7,7,6,14,9,0,14,7,8,5,8
20203,D,발달상권,3120193,도산공원교차로,6384,3798,2586,15,1278,1918,1493,983,697,6,466,1071,1021,696,538,9,812,847,472,287,159
20203,D,발달상권,3120220,대치역,5716,3394,2322,26,1854,2307,1022,333,174,2,774,1495,752,234,137,24,1080,812,270,99,37
20203,D,발달상권,3120210,선릉역,48780,26797,21983,117,11358,13636,11065,7952,4652,54,5356,8026,6479,4158,2724,63,6002,5610,4586,3794,1928
20203,D,발달상권,3120221,봉은사역,17557,12129,5428,22,3154,5248,3562,2734,2837,8,2167,4087,2812,1669,1386,14,987,1161,750,1065,1451
20203,A,골목상권,3110988,청담역 3번,1594,1016,578,1,243,425,364,346,215,1,82,247,247,262,177,0,161,178,117,84,38
20203,R,전통시장,3130304,신사상가,24,13,11,0,3,4,6,7,4,0,1,1,3,5,3,0,2,3,3,2,1
20203,D,발달상권,3120197,역삼역,58731,38593,20138,93,10093,18065,15897,10840,3743,43,5229,11924,11872,7083,2442,50,4864,6141,4025,3757,1301
20203,D,발달상권,3120237,경찰병원역,9922,5579,4343,59,1236,1684,1762,1665,3516,25,543,1068,1140,766,2037,34,693,616,622,899,1479
20203,A,골목상권,3111045,개미어린이공원,36,18,18,0,2,7,12,12,3,0,1,1,7,7,2,0,1,6,5,5,1
20203,A,골목상권,3111047,마천1치안센터,111,73,38,0,9,17,34,34,17,0,6,14,19,22,12,0,3,3,15,12,5
20203,A,골목상권,3111043,마천공원,32,13,19,0,1,3,7,12,9,0,0,0,1,6,6,0,1,3,6,6,3
20203,D,발달상권,3120238,방이역,430,260,170,5,53,101,116,79,76,4,25,48,61,57,65,1,28,53,55,22,11
20203,D,발달상권,3120226,석촌고분역,2344,1748,596,6,272,329,431,334,972,5,128,199,262,228,926,1,144,130,169,106,46
20203,A,골목상권,3111012,석촌역 6번,732,332,400,2,91,127,180,183,149,2,23,56,83,93,75,0,68,71,97,90,74
20203,D,발달상권,3120228,석촌역(석촌호수),4494,2725,1769,7,707,1306,1038,695,741,1,288,851,680,410,495,6,419,455,358,285,246
20203,A,골목상권,3111035,오금공원(오주중학교),531,398,133,0,41,90,148,148,104,0,32,66,121,102,77,0,9,24,27,46,27
20203,A,골목상권,3111028,문현중학교(장지역 1번),424,194,230,0,54,66,132,116,56,0,29,36,49,50,30,0,25,30,83,66,26
20203,A,골목상권,3111087,고덕중학교(고덕2동주민센터),197,89,108,0,26,46,62,36,27,0,5,21,26,17,20,0,21,25,36,19,7
20203,D,발달상권,3120246,길동역,3415,1545,1870,14,385,562,837,913,704,8,169,318,417,302,331,6,216,244,420,611,373
20203,A,골목상권,3111083,GS강동자이아파트,411,245,166,0,67,62,70,100,112,0,47,43,41,44,70,0,20,19,29,56,42
20203,R,전통시장,3130325,명일전통시장,89,30,59,0,8,10,13,28,30,0,3,6,5,8,8,0,5,4,8,20,22
20203,A,골목상권,3111074,명일역 1번,147,77,70,2,31,38,40,16,20,1,9,23,23,10,11,1,22,15,17,6,9
20203,A,골목상권,3111053,성내천어린이공원(하니사랑길),6288,4564,1724,6,799,940,1025,1564,1954,3,542,693,750,1053,1523,3,257,247,275,511,431
20203,A,골목상권,3111061,암사역 1번,831,551,280,0,149,186,182,170,144,0,82,128,126,125,90,0,67,58,56,45,54
20203,R,전통시장,3130318,로데오거리상점가,266,132,134,0,31,43,49,55,88,0,9,12,19,26,66,0,22,31,30,29,22
20203,A,골목상권,3111056,천호태영아파트,191,53,138,0,27,35,64,36,29,0,4,5,19,15,10,0,23,30,45,21,19
20203,A,골목상권,3110036,동묘앞역 3번,52,34,18,0,3,6,16,12,15,0,1,3,9,11,10,0,2,3,7,1,5
20203,A,골목상권,3110028,이화달팽이길,704,279,425,1,177,179,137,123,87,0,56,60,56,65,42,1,121,119,81,58,45
20203,D,발달상권,3120010,원남동사거리,4095,2287,1808,50,1544,1304,651,377,169,2,585,792,484,292,132,48,959,512,167,85,37
20203,R,전통시장,3130017,동대문상가C동,12,9,3,0,1,4,4,2,1,0,1,4,3,0,1,0,0,0,1,2,0
20203,D,발달상권,3120016,동대문역,182,115,67,1,10,24,42,40,65,0,6,12,20,28,49,1,4,12,22,12,16
20203,A,골목상권,3110034,창신1동주민센터,41,35,6,0,2,1,14,13,11,0,2,1,10,11,11,0,0,0,4,2,0
20203,A,골목상권,3110014,경복고등학교,194,82,112,0,28,54,40,44,28,0,4,14,21,24,19,0,24,40,19,20,9
20203,A,골목상권,3110001,이북5도청사,1048,625,423,4,130,286,237,257,134,0,48,170,160,167,80,4,82,116,77,90,54
20203,A,골목상권,3110286,한성대입구역 5번,986,472,514,17,187,285,318,122,57,8,70,127,144,83,40,9,117,158,174,39,17
20203,R,전통시장,3130036,중부시장(신중부시장),3089,921,2168,8,1868,593,250,198,172,3,316,189,171,120,122,5,1552,404,79,78,50
20203,D,발달상권,3120033,을지로4가역,867,437,430,7,127,212,194,201,126,1,44,107,99,89,97,6,83,105,95,112,29
20203,U,관광특구,3001492,명동 남대문 북창동 다동 무교동 관광특구,104830,53674,51156,423,27134,34007,23384,15726,4156,137,8860,16080,15133,10824,2640,286,18274,17927,8251,4902,1516
20203,D,발달상권,3120023,서울시청,10242,5534,4708,15,2234,3260,2778,1425,530,4,852,1657,1658,983,380,11,1382,1603,1120,442,150
20203,R,전통시장,3130031,청계천공구상가,921,698,223,2,101,281,234,159,144,1,64,230,181,104,118,1,37,51,53,55,26
20203,D,발달상권,3120021,시청역_8번,23737,14953,8784,73,4071,8120,7087,3484,902,13,1699,4433,5165,2993,650,60,2372,3687,1922,491,252
20203,A,골목상권,3110053,청구역 1번,281,166,115,0,52,69,69,54,37,0,23,45,43,27,28,0,29,24,26,27,9
20203,R,전통시장,3130049,신당 미래유산 먹거리 골목형상점가,42,19,23,0,3,5,9,13,12,0,1,3,0,7,8,0,2,2,9,6,4
20203,D,발달상권,3120043,서울역,22578,15322,7256,58,4087,7782,5513,3664,1474,27,2087,4897,4201,3033,1077,31,2000,2885,1312,631,397
20203,A,골목상권,3110040,중구회현체육센터(정화예술대남산캠퍼스),165,78,87,0,33,30,40,37,25,0,14,15,17,13,19,0,19,15,23,24,6
20203,D,발달상권,3120024,회현역,2167,1364,803,2,341,795,582,250,197,1,146,473,416,192,136,1,195,322,166,58,61
20203,A,골목상권,3110039,회현역 1번,49,26,23,0,2,8,12,14,13,0,0,4,9,8,5,0,2,4,3,6,8
20203,R,전통시장,3130024,남대문시장(자유상가),732,426,306,2,54,129,172,177,198,1,15,75,95,108,132,1,39,54,77,69,66
20203,R,전통시장,3130022,숭례문수입상가(남대문시장),1907,850,1057,0,330,855,598,113,11,0,55,378,338,70,9,0,275,477,260,43,2
20203,D,발달상권,3120045,남영동 먹자골목,4044,1580,2464,7,424,908,1421,1162,122,1,257,576,502,205,39,6,167,332,919,957,83
20203,R,전통시장,3130060,신흥시장,4,1,3,0,0,2,0,2,0,0,0,1,0,0,0,0,0,1,0,2,0
20203,A,골목상권,3110072,열정도,374,244,130,6,108,96,78,51,35,0,51,71,62,37,23,6,57,25,16,14,12
20203,A,골목상권,3110059,새남터성지,385,307,78,0,38,71,113,138,25,0,21,48,99,124,15,0,17,23,14,14,10
20213,U,관광특구,3001491,이태원 관광특구,5839,3064,2775,28,1377,2065,1290,768,311,18,514,986,777,541,228,10,863,1079,513,227,83
20203,A,골목상권,3110069,숙대입구,825,291,534,3,200,296,163,87,76,3,34,92,77,40,45,0,166,204,86,47,31
20203,A,골목상권,3110095,한강진역 3번,1186,801,385,16,160,326,321,298,65,8,61,235,227,226,44,8,99,91,94,72,21
20203,A,골목상권,3110097,한남초등학교,7,4,3,0,2,3,2,0,0,0,0,2,2,0,0,0,2,1,0,0,0
20203,A,골목상권,3110077,삼광초등학교,385,317,68,0,37,86,148,98,16,0,21,66,130,88,12,0,16,20,18,10,4
20203,A,골목상권,3110103,옥수터널,13,11,2,1,0,2,2,6,2,0,0,2,2,5,2,1,0,0,0,1,0
20203,R,전통시장,3130073,뚝도시장,45,17,28,1,3,10,9,11,11,0,0,2,4,5,6,1,3,8,5,6,5
20203,A,골목상권,3110137,성수초등학교,6605,4295,2310,31,1016,1740,1836,1344,638,22,557,1152,1250,828,486,9,459,588,586,516,152
20203,A,골목상권,3110138,송정체육공원,160,79,81,0,15,27,53,41,24,0,4,12,21,23,19,0,11,15,32,18,5
20203,D,발달상권,3120057,아차산역,2218,1220,998,52,412,432,503,468,351,19,236,257,289,206,213,33,176,175,214,262,138
20203,A,골목상권,3110177,동의초등학교,112,81,31,0,6,25,28,32,21,0,3,14,19,26,19,0,3,11,9,6,2
20203,A,골목상권,3110175,푸른동산공원,367,233,134,0,41,73,108,86,59,0,24,48,69,53,39,0,17,25,39,33,20
20203,A,골목상권,3110146,신자초등학교,742,537,205,0,50,81,212,276,123,0,25,45,160,209,98,0,25,36,52,67,25
20203,A,골목상권,3110150,중곡1동 마을마당,1179,698,481,1,197,352,252,217,160,1,83,194,161,132,127,0,114,158,91,85,33
20203,A,골목상권,3110195,동대문구청,221,115,106,0,41,58,47,40,35,0,12,28,23,27,25,0,29,30,24,13,10
20203,A,골목상권,3110189,제기동역 1번,1538,1086,452,1,233,490,342,167,305,0,98,349,286,136,217,1,135,141,56,31,88
20203,A,골목상권,3110214,경희대후문,86,42,44,0,18,17,24,17,10,0,6,6,13,10,7,0,12,11,11,7,3
20203,A,골목상권,3110224,외대앞역 2번,96,41,55,0,9,14,16,29,28,0,2,4,9,18,8,0,7,10,7,11,20
20203,A,골목상권,3110232,동대부고,579,413,166,0,41,71,119,175,173,0,14,38,80,134,147,0,27,33,39,41,26
20203,A,골목상권,3110201,전농119안전센터,27,11,16,0,2,1,9,10,5,0,1,0,3,4,3,0,1,1,6,6,2
20203,R,전통시장,3130099,전농로터리시장,7,3,4,0,1,0,2,3,1,0,0,0,1,1,1,0,1,0,1,2,0
20203,R,전통시장,3130090,청량리종합시장,19,13,6,0,1,4,3,5,6,0,1,2,3,3,4,0,0,2,0,2,2
20203,R,전통시장,3130093,동서시장,5,3,2,0,0,0,1,2,2,0,0,0,1,0,2,0,0,0,0,2,0
20203,A,골목상권,3110190,고대앞사거리,195,92,103,0,22,34,34,45,60,0,4,18,22,19,29,0,18,16,12,26,31
20203,A,골목상권,3110196,홍릉근린공원,23,12,11,0,1,6,8,5,3,0,1,4,3,2,2,0,0,2,5,3,1
20203,D,발달상권,3120065,회기역,323,205,118,3,48,55,87,76,54,1,27,39,48,49,41,2,21,16,39,27,13
20203,A,골목상권,3110215,회기역 1번,28,18,10,0,3,4,9,7,5,0,3,2,6,3,4,0,0,2,3,4,1
20203,A,골목상권,3110222,회기역 2번,20,17,3,0,0,3,2,6,9,0,0,2,2,4,9,0,0,1,0,2,0
20203,A,골목상권,3110273,장스여성병원,610,446,164,7,31,37,75,209,251,0,4,8,37,168,229,7,27,29,38,41,22
20203,A,골목상권,3110260,면목역 3번,126,74,52,0,24,21,24,29,28,0,14,8,12,20,20,0,10,13,12,9,8
20203,R,전통시장,3130105,장미제일시장(중화동제일시장),63,27,36,0,8,14,22,11,8,0,3,6,14,3,1,0,5,8,8,8,7
20203,A,골목상권,3110257,상봉역 7번,397,330,67,0,17,18,50,133,179,0,6,11,34,118,161,0,11,7,16,15,18
20203,A,골목상권,3110238,배꽃어린이공원,66,48,18,0,6,7,15,23,15,0,4,5,9,15,15,0,2,2,6,8,0
20203,A,골목상권,3110303,성신여대입구역 1번,139,98,41,1,7,35,44,27,25,0,2,22,28,25,21,1,5,13,16,2,4
20203,A,골목상권,3110305,보문역 5번,883,661,222,3,165,255,173,133,154,1,99,199,129,103,130,2,66,56,44,30,24
20203,D,발달상권,3120070,한성대입구역,466,180,286,2,83,69,78,113,121,2,21,31,37,38,51,0,62,38,41,75,70
20203,A,골목상권,3110331,돌곶이역 8번,441,297,144,3,54,146,113,78,47,0,17,105,83,55,37,3,37,41,30,23,10
20203,A,골목상권,3110334,석관중앙교회,170,105,65,0,21,43,31,41,34,0,8,19,19,29,30,0,13,24,12,12,4
20203,A,골목상권,3110293,삼선중학교,1730,860,870,4,248,467,527,319,165,3,116,277,268,111,85,1,132,190,259,208,80
20203,A,골목상권,3110283,성북초등학교앞,203,78,125,0,16,33,56,80,18,0,8,10,23,27,10,0,8,23,33,53,8
20203,A,골목상권,3110285,홍대부중,814,559,255,9,219,220,210,100,56,6,118,172,163,69,31,3,101,48,47,31,25
20203,A,골목상권,3110312,안암역 2번,150,81,69,0,13,19,47,46,25,0,7,14,24,22,14,0,6,5,23,24,11
20203,A,골목상권,3110316,숭곡초등학교,439,217,222,2,68,114,129,88,38,2,19,58,73,42,23,0,49,56,56,46,15
20203,A,골목상권,3110322,장위1동주민센터,319,224,95,1,33,37,59,95,94,0,25,31,44,66,58,1,8,6,15,29,36
20203,A,골목상권,3110294,서경대학교,391,262,129,0,35,30,93,120,113,0,18,14,46,87,97,0,17,16,47,33,16
20203,A,골목상권,3110319,종암동주민센터,454,111,343,1,46,51,89,146,121,0,8,19,24,32,28,1,38,32,65,114,93
20203,A,골목상권,3110364,미아역 8번,146,75,71,0,9,26,51,39,21,0,3,9,25,23,15,0,6,17,26,16,6
20203,A,골목상권,3110381,번동주공2단지,171,88,83,5,31,28,38,55,14,4,11,14,21,30,8,1,20,14,17,25,6
20203,R,전통시장,3130131,동북프라자,121,49,72,0,9,23,37,29,23,0,4,8,17,9,11,0,5,15,20,20,12
20203,A,골목상권,3110374,송중초등학교,491,272,219,5,33,60,145,140,108,5,9,29,73,70,86,0,24,31,72,70,22
20203,A,골목상권,3110371,삼양입구사거리,49,23,26,0,2,7,10,19,11,0,0,3,5,10,5,0,2,4,5,9,6
20203,A,골목상권,3110363,송천동주민센터,19,12,7,0,0,4,3,7,5,0,0,3,1,4,4,0,0,1,2,3,1
20203,A,골목상권,3110361,삼양사거리역 1번,101,29,72,0,9,12,19,28,33,0,2,4,3,7,13,0,7,8,16,21,20
20203,A,골목상권,3110360,수유초등학교,321,222,99,0,34,61,63,67,96,0,7,43,42,44,86,0,27,18,21,23,10
20203,A,골목상권,3110357,가오리역 1번,725,611,114,0,25,36,171,340,153,0,4,18,146,310,133,0,21,18,25,30,20
20203,A,골목상권,3110340,인수중학교,176,99,77,0,24,55,50,29,18,0,8,43,31,7,10,0,16,12,19,22,8
20203,A,골목상권,3110341,북한산우이역 2번,496,411,85,0,15,25,80,258,118,0,4,10,52,237,108,0,11,15,28,21,10
20203,A,골목상권,3110390,방학초등학교,231,110,121,0,18,63,68,58,24,0,7,36,28,27,12,0,11,27,40,31,12
20203,A,골목상권,3110408,가인초등학교,355,105,250,0,66,70,100,85,34,0,12,24,32,21,16,0,54,46,68,64,18
20203,A,골목상권,3110433,공릉역 2번,401,137,264,1,30,41,46,46,237,1,17,30,25,18,46,0,13,11,21,28,191
20203,R,전통시장,3130157,상계중앙시장,68,35,33,0,14,17,13,15,9,0,8,13,6,6,2,0,6,4,7,9,7
20203,A,골목상권,3110423,석계역 2번,280,104,176,0,27,29,65,73,86,0,9,15,31,29,20,0,18,14,34,44,66
20203,D,발달상권,3120090,연신내역,796,297,499,5,187,160,183,154,107,1,65,66,64,53,48,4,122,94,119,101,59
20203,A,골목상권,3110462,갈현건영아파트,335,216,119,1,40,61,100,72,61,1,23,36,61,48,47,0,17,25,39,24,14
20203,R,전통시장,3130170,제일시장,58,26,32,1,7,9,13,19,9,1,2,2,5,11,5,0,5,7,8,8,4
20203,A,골목상권,3110481,불광역 7번,199,89,110,0,13,44,41,60,41,0,2,23,11,25,28,0,11,21,30,35,13
20203,A,골목상권,3110443,수색역 1번,20,12,8,0,1,2,7,6,4,0,0,2,2,4,4,0,1,0,5,2,0
20203,A,골목상권,3110459,응암역 2번,547,198,349,1,50,105,159,154,78,0,9,38,77,41,33,1,41,67,82,113,45
20204,A,골목상권,3110623,갈산공원,130,99,31,0,27,34,27,31,11,0,23,27,21,21,7,0,4,7,6,10,4
20204,R,전통시장,3130218,신월중앙시장,118,53,65,0,28,34,26,13,17,0,8,12,11,9,13,0,20,22,15,4,4
20204,A,골목상권,3110632,방화역 3번,1075,887,188,2,42,127,400,334,170,1,21,90,353,281,141,1,21,37,47,53,29
20204,A,골목상권,3110651,화원중학교,377,214,163,2,29,50,102,105,89,1,19,31,68,52,43,1,10,19,34,53,46
20204,A,골목상권,3110659,화곡역 4번,844,496,348,11,102,181,234,180,136,9,52,114,140,105,76,2,50,67,94,75,60
20204,A,골목상권,3110696,오류동역 1번,2424,1658,766,32,831,942,326,216,77,16,483,735,235,131,58,16,348,207,91,85,19
20204,A,골목상권,3110697,개봉3동주민센터,230,142,88,1,55,64,49,41,20,1,27,41,31,29,13,0,28,23,18,12,7
20204,A,골목상권,3110698,개웅초등학교(개웅중학교),276,176,100,3,50,50,53,63,57,3,25,32,31,39,46,0,25,18,22,24,11
20204,A,골목상권,3110722,G타워,837,574,263,4,152,296,249,99,37,4,95,205,191,55,24,0,57,91,58,44,13
20204,A,골목상권,3110682,온수역 8번,25,11,14,0,2,4,13,5,1,0,2,2,6,1,0,0,0,2,7,4,1
20204,A,골목상권,3110684,서울공연예술고등학교,251,136,115,2,50,78,61,36,24,0,19,54,34,19,10,2,31,24,27,17,14
20204,A,골목상권,3110688,오류지구대,169,59,110,1,18,18,40,59,33,0,7,10,15,19,8,1,11,8,25,40,25
20204,A,골목상권,3110730,서울축산농협 독산역지점(독산파출소),660,376,284,1,80,105,117,201,156,1,30,58,54,113,120,0,50,47,63,88,36
20204,A,골목상권,3110728,두산초등학교,4560,2778,1782,8,88,138,245,530,3551,8,64,86,123,279,2218,0,24,52,122,251,1333
20204,A,골목상권,3110752,한울중학교,269,117,152,2,25,46,81,79,36,2,13,16,34,33,19,0,12,30,47,46,17
20204,R,전통시장,3130234,푸른터시장(기능상실),7,3,4,0,1,1,0,3,2,0,0,1,0,1,1,0,1,0,0,2,1
20204,R,전통시장,3130235,대명여울빛거리시장(대명시장),298,80,218,0,39,52,77,82,48,0,11,14,25,19,11,0,28,38,52,63,37
20204,A,골목상권,3110743,시흥초등학교(시흥1동우체국),191,130,61,0,18,31,48,50,44,0,10,20,32,37,31,0,8,11,16,13,13
20204,A,골목상권,3110731,금천구청역 1번 출입구,1044,564,480,7,306,385,206,96,44,2,149,230,102,55,26,5,157,155,104,41,18
20204,A,골목상권,3110753,시흥동 은행나무사거리,617,387,230,0,69,100,149,166,133,0,28,68,90,96,105,0,41,32,59,70,28
20204,A,골목상권,3110764,문래역 3번,541,223,318,0,93,127,159,102,60,0,27,39,54,54,49,0,66,88,105,48,11
20204,A,골목상권,3110779,대림갑을명가아파트,33,24,9,0,2,5,13,7,6,0,1,4,10,4,5,0,1,1,3,3,1
20204,R,전통시장,3130242,대림중앙 골목형상점가,66,20,46,0,3,17,17,24,5,0,1,6,5,5,3,0,2,11,12,19,2
20204,A,골목상권,3110765,문래동사거리,889,619,270,2,80,133,209,175,290,1,38,78,140,126,236,1,42,55,69,49,54
20204,A,골목상권,3110810,영신초등학교,403,183,220,0,58,147,59,78,61,0,24,67,27,43,22,0,34,80,32,35,39
20204,A,골목상권,3110813,보라매역 6번,286,167,119,3,22,37,50,74,100,3,15,21,24,39,65,0,7,16,26,35,35
20204,D,발달상권,3120135,양평역,5072,3013,2059,32,1300,1280,1187,776,497,11,626,825,676,441,434,21,674,455,511,335,63
20204,D,발달상권,3120146,한강성심병원,5066,2882,2184,18,1252,1255,1097,821,623,8,405,669,729,584,487,10,847,586,368,237,136
20204,R,전통시장,3130253,영신상가(제일상가),9,7,2,0,2,3,0,2,2,0,2,3,0,1,1,0,0,0,0,1,1
20204,R,전통시장,3130249,동남상가,10,8,2,0,2,0,0,4,4,0,1,0,0,4,3,0,1,0,0,0,1
20204,A,골목상권,3110782,영등포시장역 4번,127,87,40,1,13,24,48,27,14,1,5,16,36,17,12,0,8,8,12,10,2
20204,A,골목상권,3110809,장훈고등학교,112,61,51,0,7,15,30,23,37,0,3,5,11,17,25,0,4,10,19,6,12
20204,A,골목상권,3110834,동작구자원봉사센터,41,25,16,0,3,5,8,11,14,0,2,2,8,6,7,0,1,3,0,5,7
20204,A,골목상권,3110828,노량진역 6번,3010,2066,944,9,471,1047,854,467,162,3,252,711,639,357,104,6,219,336,215,110,58
20204,A,골목상권,3110824,대방역 3번,296,102,194,1,48,91,92,42,22,0,11,26,29,23,13,1,37,65,63,19,9
20204,A,골목상권,3110852,이수역 9번,198,121,77,0,26,35,54,38,45,0,12,20,30,23,36,0,14,15,24,15,9
20204,A,골목상권,3110851,경문고등학교(동작동성당),493,236,257,0,79,137,141,105,31,0,32,53,66,67,18,0,47,84,75,38,13
20204,A,골목상권,3110831,상도4동주민센터,72,40,32,0,3,13,14,29,13,0,3,6,6,18,7,0,0,7,8,11,6
20204,A,골목상권,3110827,NH농협은행 상도동지점,262,93,169,0,39,51,73,65,34,0,11,18,20,28,16,0,28,33,53,37,18
20204,A,골목상권,3110841,중대부중,75,34,41,0,7,12,14,23,19,0,4,7,5,10,8,0,3,5,9,13,11
20204,A,골목상권,3110900,낙성대역 1번(관악구민 종합체육센터),444,246,198,1,94,123,115,88,23,1,48,64,62,53,18,0,46,59,53,35,5
20204,D,발달상권,3120159,서울대입구역,1430,763,667,12,289,320,321,238,250,6,116,164,174,133,170,6,173,156,147,105,80
20204,A,골목상권,3110866,난우중학교,184,101,83,0,23,36,41,65,19,0,14,20,19,32,16,0,9,16,22,33,3
20204,D,발달상권,3120158,녹두거리(대학동),695,550,145,2,31,73,200,279,110,0,7,41,163,241,98,2,24,32,37,38,12
20204,A,골목상권,3110857,미성동주민센터,431,229,202,9,60,64,70,108,120,9,34,48,41,46,51,0,26,16,29,62,69
20204,R,전통시장,3130278,미성동 도깨비시장 골목형상점가,75,16,59,0,0,16,28,24,7,0,0,7,5,2,2,0,0,9,23,22,5
20204,A,골목상권,3110875,보라매동주민센터(당곡고등학교),19,15,4,0,4,2,5,6,2,0,2,2,3,6,2,0,2,0,2,0,0
20204,A,골목상권,3110873,당곡중학교,348,167,181,0,70,79,87,76,36,0,29,39,39,37,23,0,41,40,48,39,13
20204,R,전통시장,3130285,서원동상점가,615,316,299,4,28,56,85,160,282,1,17,38,45,60,155,3,11,18,40,100,127
20204,A,골목상권,3110891,구암초등학교,47,22,25,0,5,1,22,16,3,0,1,0,11,8,2,0,4,1,11,8,1
20204,R,전통시장,3130280,신림종합시장,22,17,5,0,0,1,2,7,12,0,0,0,0,5,12,0,0,1,2,2,0
20204,R,전통시장,3130279,관악신사시장,2159,1727,432,0,365,671,738,355,30,0,172,530,669,333,23,0,193,141,69,22,7
20204,R,전통시장,3130295,인헌시장(원당종합시장),122,48,74,0,20,27,38,23,14,0,3,9,16,12,8,0,17,18,22,11,6
20204,A,골목상권,3110892,관악구 중앙길,709,341,368,0,69,110,159,221,150,0,25,55,76,105,80,0,44,55,83,116,70
20204,A,골목상권,3110899,낙성대역 5번(관악중학교),681,442,239,0,167,178,164,123,49,0,107,130,95,71,39,0,60,48,69,52,10
20204,A,골목상권,3110944,서울나래학교(염곡어린이공원),933,632,301,10,116,213,161,196,237,8,88,169,114,118,135,2,28,44,47,78,102
20204,A,골목상권,3110905,방배노인종합복지관(이수중학교),287,176,111,1,36,71,71,63,45,0,18,38,45,41,34,1,18,33,26,22,11
20204,A,골목상권,3110920,방배역 2번(백석예술대학교),359,205,154,0,23,53,125,118,40,0,5,29,65,75,31,0,18,24,60,43,9
20204,A,골목상권,3110910,내방역 5번,614,240,374,5,72,124,157,176,80,3,30,69,52,49,37,2,42,55,105,127,43
20204,A,골목상권,3110906,서문여고,683,362,321,2,217,106,119,106,133,0,59,58,72,62,111,2,158,48,47,44,22
20204,D,발달상권,3120161,방배동가구거리(사당동가구거리),2517,1833,684,3,187,342,315,347,1323,2,78,178,165,202,1208,1,109,164,150,145,115
20204,R,전통시장,3130296,남부종합시장,85,63,22,0,2,8,25,35,15,0,1,8,16,24,14,0,1,0,9,11,1
20204,D,발달상권,3120175,남부터미널역,8254,5320,2934,32,1703,2482,1996,1297,744,6,856,1692,1362,856,548,26,847,790,634,441,196
20204,A,골목상권,3110932,서울시인재개발원,532,384,148,2,128,170,127,64,41,2,76,116,100,54,36,0,52,54,27,10,5
20204,A,골목상권,3110930,서초동성당,2178,1774,404,8,284,588,694,433,171,2,190,448,591,393,150,6,94,140,103,40,21
20204,A,골목상권,3110931,삼성전자서울R&D(서울우면초등학교),94,47,47,0,36,30,16,6,6,0,11,15,10,6,5,0,25,15,6,0,1
20204,A,골목상권,3110938,바우뫼공원,1522,927,595,0,253,457,423,297,92,0,147,314,251,143,72,0,106,143,172,154,20
20204,A,골목상권,3110942,염곡동 구룡사(포이동성당),3242,1952,1290,7,578,932,791,613,321,3,328,587,461,351,222,4,250,345,330,262,99
20204,A,골목상권,3110943,법제교육센터(버들어린이공원),1122,578,544,1,67,165,357,323,209,1,36,99,151,140,151,0,31,66,206,183,58
20204,A,골목상권,3110994,개포고등학교,494,382,112,7,65,161,123,110,28,4,47,134,103,73,21,3,18,27,20,37,7
20204,R,전통시장,3130305,논현종합시장,85,43,42,0,21,14,14,19,17,0,7,7,6,14,9,0,14,7,8,5,8
20204,D,발달상권,3120193,도산공원교차로,6384,3798,2586,15,1278,1918,1493,983,697,6,466,1071,1021,696,538,9,812,847,472,287,159
20204,D,발달상권,3120220,대치역,5716,3394,2322,26,1854,2307,1022,333,174,2,774,1495,752,234,137,24,1080,812,270,99,37
20204,D,발달상권,3120210,선릉역,48780,26797,21983,117,11358,13636,11065,7952,4652,54,5356,8026,6479,4158,2724,63,6002,5610,4586,3794,1928
20204,D,발달상권,3120221,봉은사역,17557,12129,5428,22,3154,5248,3562,2734,2837,8,2167,4087,2812,1669,1386,14,987,1161,750,1065,1451
20204,A,골목상권,3110988,청담역 3번,1594,1016,578,1,243,425,364,346,215,1,82,247,247,262,177,0,161,178,117,84,38
20204,R,전통시장,3130304,신사상가,24,13,11,0,3,4,6,7,4,0,1,1,3,5,3,0,2,3,3,2,1
20204,D,발달상권,3120197,역삼역,58731,38593,20138,93,10093,18065,15897,10840,3743,43,5229,11924,11872,7083,2442,50,4864,6141,4025,3757,1301
20204,D,발달상권,3120237,경찰병원역,9922,5579,4343,59,1236,1684,1762,1665,3516,25,543,1068,1140,766,2037,34,693,616,622,899,1479
20204,A,골목상권,3111045,개미어린이공원,36,18,18,0,2,7,12,12,3,0,1,1,7,7,2,0,1,6,5,5,1
20204,A,골목상권,3111047,마천1치안센터,111,73,38,0,9,17,34,34,17,0,6,14,19,22,12,0,3,3,15,12,5
20204,A,골목상권,3111043,마천공원,32,13,19,0,1,3,7,12,9,0,0,0,1,6,6,0,1,3,6,6,3
20204,D,발달상권,3120238,방이역,430,260,170,5,53,101,116,79,76,4,25,48,61,57,65,1,28,53,55,22,11
20204,D,발달상권,3120226,석촌고분역,2344,1748,596,6,272,329,431,334,972,5,128,199,262,228,926,1,144,130,169,106,46
20204,A,골목상권,3111012,석촌역 6번,732,332,400,2,91,127,180,183,149,2,23,56,83,93,75,0,68,71,97,90,74
20204,D,발달상권,3120228,석촌역(석촌호수),4494,2725,1769,7,707,1306,1038,695,741,1,288,851,680,410,495,6,419,455,358,285,246
20204,A,골목상권,3111035,오금공원(오주중학교),531,398,133,0,41,90,148,148,104,0,32,66,121,102,77,0,9,24,27,46,27
20204,A,골목상권,3111028,문현중학교(장지역 1번),424,194,230,0,54,66,132,116,56,0,29,36,49,50,30,0,25,30,83,66,26
20204,A,골목상권,3111087,고덕중학교(고덕2동주민센터),197,89,108,0,26,46,62,36,27,0,5,21,26,17,20,0,21,25,36,19,7
20204,D,발달상권,3120246,길동역,3415,1545,1870,14,385,562,837,913,704,8,169,318,417,302,331,6,216,244,420,611,373
20204,A,골목상권,3111083,GS강동자이아파트,411,245,166,0,67,62,70,100,112,0,47,43,41,44,70,0,20,19,29,56,42
20204,R,전통시장,3130325,명일전통시장,89,30,59,0,8,10,13,28,30,0,3,6,5,8,8,0,5,4,8,20,22
20204,A,골목상권,3111074,명일역 1번,147,77,70,2,31,38,40,16,20,1,9,23,23,10,11,1,22,15,17,6,9
20204,A,골목상권,3111053,성내천어린이공원(하니사랑길),6288,4564,1724,6,799,940,1025,1564,1954,3,542,693,750,1053,1523,3,257,247,275,511,431
20204,A,골목상권,3111061,암사역 1번,831,551,280,0,149,186,182,170,144,0,82,128,126,125,90,0,67,58,56,45,54
20204,R,전통시장,3130318,로데오거리상점가,266,132,134,0,31,43,49,55,88,0,9,12,19,26,66,0,22,31,30,29,22
20204,A,골목상권,3111056,천호태영아파트,191,53,138,0,27,35,64,36,29,0,4,5,19,15,10,0,23,30,45,21,19
20204,A,골목상권,3110036,동묘앞역 3번,52,34,18,0,3,6,16,12,15,0,1,3,9,11,10,0,2,3,7,1,5
20204,A,골목상권,3110028,이화달팽이길,704,279,425,1,177,179,137,123,87,0,56,60,56,65,42,1,121,119,81,58,45
20204,D,발달상권,3120010,원남동사거리,4095,2287,1808,50,1544,1304,651,377,169,2,585,792,484,292,132,48,959,512,167,85,37
20204,R,전통시장,3130017,동대문상가C동,12,9,3,0,1,4,4,2,1,0,1,4,3,0,1,0,0,0,1,2,0
20204,D,발달상권,3120016,동대문역,182,115,67,1,10,24,42,40,65,0,6,12,20,28,49,1,4,12,22,12,16
20204,A,골목상권,3110034,창신1동주민센터,41,35,6,0,2,1,14,13,11,0,2,1,10,11,11,0,0,0,4,2,0
20204,A,골목상권,3110014,경복고등학교,194,82,112,0,28,54,40,44,28,0,4,14,21,24,19,0,24,40,19,20,9
20204,A,골목상권,3110001,이북5도청사,1048,625,423,4,130,286,237,257,134,0,48,170,160,167,80,4,82,116,77,90,54
20204,A,골목상권,3110286,한성대입구역 5번,986,472,514,17,187,285,318,122,57,8,70,127,144,83,40,9,117,158,174,39,17
20204,R,전통시장,3130036,중부시장(신중부시장),3089,921,2168,8,1868,593,250,198,172,3,316,189,171,120,122,5,1552,404,79,78,50
20204,D,발달상권,3120033,을지로4가역,867,437,430,7,127,212,194,201,126,1,44,107,99,89,97,6,83,105,95,112,29
20204,U,관광특구,3001492,명동 남대문 북창동 다동 무교동 관광특구,104830,53674,51156,423,27134,34007,23384,15726,4156,137,8860,16080,15133,10824,2640,286,18274,17927,8251,4902,1516
20204,D,발달상권,3120023,서울시청,10242,5534,4708,15,2234,3260,2778,1425,530,4,852,1657,1658,983,380,11,1382,1603,1120,442,150
20204,R,전통시장,3130031,청계천공구상가,921,698,223,2,101,281,234,159,144,1,64,230,181,104,118,1,37,51,53,55,26
20204,D,발달상권,3120021,시청역_8번,23737,14953,8784,73,4071,8120,7087,3484,902,13,1699,4433,5165,2993,650,60,2372,3687,1922,491,252
20204,A,골목상권,3110053,청구역 1번,281,166,115,0,52,69,69,54,37,0,23,45,43,27,28,0,29,24,26,27,9
20204,R,전통시장,3130049,신당 미래유산 먹거리 골목형상점가,42,19,23,0,3,5,9,13,12,0,1,3,0,7,8,0,2,2,9,6,4
20204,D,발달상권,3120043,서울역,22578,15322,7256,58,4087,7782,5513,3664,1474,27,2087,4897,4201,3033,1077,31,2000,2885,1312,631,397
20204,A,골목상권,3110040,중구회현체육센터(정화예술대남산캠퍼스),165,78,87,0,33,30,40,37,25,0,14,15,17,13,19,0,19,15,23,24,6
20204,D,발달상권,3120024,회현역,2167,1364,803,2,341,795,582,250,197,1,146,473,416,192,136,1,195,322,166,58,61
20204,A,골목상권,3110039,회현역 1번,49,26,23,0,2,8,12,14,13,0,0,4,9,8,5,0,2,4,3,6,8
20204,R,전통시장,3130024,남대문시장(자유상가),732,426,306,2,54,129,172,177,198,1,15,75,95,108,132,1,39,54,77,69,66
20204,R,전통시장,3130022,숭례문수입상가(남대문시장),1907,850,1057,0,330,855,598,113,11,0,55,378,338,70,9,0,275,477,260,43,2
20204,D,발달상권,3120045,남영동 먹자골목,4044,1580,2464,7,424,908,1421,1162,122,1,257,576,502,205,39,6,167,332,919,957,83
20204,R,전통시장,3130060,신흥시장,4,1,3,0,0,2,0,2,0,0,0,1,0,0,0,0,0,1,0,2,0
20204,A,골목상권,3110072,열정도,374,244,130,6,108,96,78,51,35,0,51,71,62,37,23,6,57,25,16,14,12
20204,A,골목상권,3110059,새남터성지,385,307,78,0,38,71,113,138,25,0,21,48,99,124,15,0,17,23,14,14,10
20214,U,관광특구,3001491,이태원 관광특구,5839,3064,2775,28,1377,2065,1290,768,311,18,514,986,777,541,228,10,863,1079,513,227,83
20204,A,골목상권,3110069,숙대입구,825,291,534,3,200,296,163,87,76,3,34,92,77,40,45,0,166,204,86,47,31
20204,A,골목상권,3110095,한강진역 3번,1186,801,385,16,160,326,321,298,65,8,61,235,227,226,44,8,99,91,94,72,21
20204,A,골목상권,3110097,한남초등학교,7,4,3,0,2,3,2,0,0,0,0,2,2,0,0,0,2,1,0,0,0
20204,A,골목상권,3110077,삼광초등학교,385,317,68,0,37,86,148,98,16,0,21,66,130,88,12,0,16,20,18,10,4
20204,A,골목상권,3110103,옥수터널,13,11,2,1,0,2,2,6,2,0,0,2,2,5,2,1,0,0,0,1,0
20204,R,전통시장,3130073,뚝도시장,45,17,28,1,3,10,9,11,11,0,0,2,4,5,6,1,3,8,5,6,5
20204,A,골목상권,3110137,성수초등학교,6605,4295,2310,31,1016,1740,1836,1344,638,22,557,1152,1250,828,486,9,459,588,586,516,152
20204,A,골목상권,3110138,송정체육공원,160,79,81,0,15,27,53,41,24,0,4,12,21,23,19,0,11,15,32,18,5
20204,D,발달상권,3120057,아차산역,2218,1220,998,52,412,432,503,468,351,19,236,257,289,206,213,33,176,175,214,262,138
20204,A,골목상권,3110177,동의초등학교,112,81,31,0,6,25,28,32,21,0,3,14,19,26,19,0,3,11,9,6,2
20204,A,골목상권,3110175,푸른동산공원,367,233,134,0,41,73,108,86,59,0,24,48,69,53,39,0,17,25,39,33,20
20204,A,골목상권,3110146,신자초등학교,742,537,205,0,50,81,212,276,123,0,25,45,160,209,98,0,25,36,52,67,25
20204,A,골목상권,3110150,중곡1동 마을마당,1179,698,481,1,197,352,252,217,160,1,83,194,161,132,127,0,114,158,91,85,33
20204,A,골목상권,3110195,동대문구청,221,115,106,0,41,58,47,40,35,0,12,28,23,27,25,0,29,30,24,13,10
20204,A,골목상권,3110189,제기동역 1번,1538,1086,452,1,233,490,342,167,305,0,98,349,286,136,217,1,135,141,56,31,88
20204,A,골목상권,3110214,경희대후문,86,42,44,0,18,17,24,17,10,0,6,6,13,10,7,0,12,11,11,7,3
20204,A,골목상권,3110224,외대앞역 2번,96,41,55,0,9,14,16,29,28,0,2,4,9,18,8,0,7,10,7,11,20
20204,A,골목상권,3110232,동대부고,579,413,166,0,41,71,119,175,173,0,14,38,80,134,147,0,27,33,39,41,26
20204,A,골목상권,3110201,전농119안전센터,27,11,16,0,2,1,9,10,5,0,1,0,3,4,3,0,1,1,6,6,2
20204,R,전통시장,3130099,전농로터리시장,7,3,4,0,1,0,2,3,1,0,0,0,1,1,1,0,1,0,1,2,0
20204,R,전통시장,3130090,청량리종합시장,19,13,6,0,1,4,3,5,6,0,1,2,3,3,4,0,0,2,0,2,2
20204,R,전통시장,3130093,동서시장,5,3,2,0,0,0,1,2,2,0,0,0,1,0,2,0,0,0,0,2,0
20204,A,골목상권,3110190,고대앞사거리,195,92,103,0,22,34,34,45,60,0,4,18,22,19,29,0,18,16,12,26,31
20204,A,골목상권,3110196,홍릉근린공원,23,12,11,0,1,6,8,5,3,0,1,4,3,2,2,0,0,2,5,3,1
20204,D,발달상권,3120065,회기역,323,205,118,3,48,55,87,76,54,1,27,39,48,49,41,2,21,16,39,27,13
20204,A,골목상권,3110215,회기역 1번,28,18,10,0,3,4,9,7,5,0,3,2,6,3,4,0,0,2,3,4,1
20204,A,골목상권,3110222,회기역 2번,20,17,3,0,0,3,2,6,9,0,0,2,2,4,9,0,0,1,0,2,0
20204,A,골목상권,3110273,장스여성병원,610,446,164,7,31,37,75,209,251,0,4,8,37,168,229,7,27,29,38,41,22
20204,A,골목상권,3110260,면목역 3번,126,74,52,0,24,21,24,29,28,0,14,8,12,20,20,0,10,13,12,9,8
20204,R,전통시장,3130105,장미제일시장(중화동제일시장),63,27,36,0,8,14,22,11,8,0,3,6,14,3,1,0,5,8,8,8,7
20204,A,골목상권,3110257,상봉역 7번,397,330,67,0,17,18,50,133,179,0,6,11,34,118,161,0,11,7,16,15,18
20204,A,골목상권,3110238,배꽃어린이공원,66,48,18,0,6,7,15,23,15,0,4,5,9,15,15,0,2,2,6,8,0
20204,A,골목상권,3110303,성신여대입구역 1번,139,98,41,1,7,35,44,27,25,0,2,22,28,25,21,1,5,13,16,2,4
20204,A,골목상권,3110305,보문역 5번,883,661,222,3,165,255,173,133,154,1,99,199,129,103,130,2,66,56,44,30,24
20204,D,발달상권,3120070,한성대입구역,466,180,286,2,83,69,78,113,121,2,21,31,37,38,51,0,62,38,41,75,70
20204,A,골목상권,3110331,돌곶이역 8번,441,297,144,3,54,146,113,78,47,0,17,105,83,55,37,3,37,41,30,23,10
20204,A,골목상권,3110334,석관중앙교회,170,105,65,0,21,43,31,41,34,0,8,19,19,29,30,0,13,24,12,12,4
20204,A,골목상권,3110293,삼선중학교,1730,860,870,4,248,467,527,319,165,3,116,277,268,111,85,1,132,190,259,208,80
20204,A,골목상권,3110283,성북초등학교앞,203,78,125,0,16,33,56,80,18,0,8,10,23,27,10,0,8,23,33,53,8
20204,A,골목상권,3110285,홍대부중,814,559,255,9,219,220,210,100,56,6,118,172,163,69,31,3,101,48,47,31,25
20204,A,골목상권,3110312,안암역 2번,150,81,69,0,13,19,47,46,25,0,7,14,24,22,14,0,6,5,23,24,11
20204,A,골목상권,3110316,숭곡초등학교,439,217,222,2,68,114,129,88,38,2,19,58,73,42,23,0,49,56,56,46,15
20204,A,골목상권,3110322,장위1동주민센터,319,224,95,1,33,37,59,95,94,0,25,31,44,66,58,1,8,6,15,29,36
20204,A,골목상권,3110294,서경대학교,391,262,129,0,35,30,93,120,113,0,18,14,46,87,97,0,17,16,47,33,16
20204,A,골목상권,3110319,종암동주민센터,454,111,343,1,46,51,89,146,121,0,8,19,24,32,28,1,38,32,65,114,93
20204,A,골목상권,3110364,미아역 8번,146,75,71,0,9,26,51,39,21,0,3,9,25,23,15,0,6,17,26,16,6
20204,A,골목상권,3110381,번동주공2단지,171,88,83,5,31,28,38,55,14,4,11,14,21,30,8,1,20,14,17,25,6
20204,R,전통시장,3130131,동북프라자,121,49,72,0,9,23,37,29,23,0,4,8,17,9,11,0,5,15,20,20,12
20204,A,골목상권,3110374,송중초등학교,491,272,219,5,33,60,145,140,108,5,9,29,73,70,86,0,24,31,72,70,22
20204,A,골목상권,3110371,삼양입구사거리,49,23,26,0,2,7,10,19,11,0,0,3,5,10,5,0,2,4,5,9,6
20204,A,골목상권,3110363,송천동주민센터,19,12,7,0,0,4,3,7,5,0,0,3,1,4,4,0,0,1,2,3,1
20204,A,골목상권,3110361,삼양사거리역 1번,101,29,72,0,9,12,19,28,33,0,2,4,3,7,13,0,7,8,16,21,20
20204,A,골목상권,3110360,수유초등학교,321,222,99,0,34,61,63,67,96,0,7,43,42,44,86,0,27,18,21,23,10
20204,A,골목상권,3110357,가오리역 1번,725,611,114,0,25,36,171,340,153,0,4,18,146,310,133,0,21,18,25,30,20
20204,A,골목상권,3110340,인수중학교,176,99,77,0,24,55,50,29,18,0,8,43,31,7,10,0,16,12,19,22,8
20204,A,골목상권,3110341,북한산우이역 2번,496,411,85,0,15,25,80,258,118,0,4,10,52,237,108,0,11,15,28,21,10
20204,A,골목상권,3110390,방학초등학교,231,110,121,0,18,63,68,58,24,0,7,36,28,27,12,0,11,27,40,31,12
20204,A,골목상권,3110408,가인초등학교,355,105,250,0,66,70,100,85,34,0,12,24,32,21,16,0,54,46,68,64,18
20204,A,골목상권,3110433,공릉역 2번,401,137,264,1,30,41,46,46,237,1,17,30,25,18,46,0,13,11,21,28,191
20204,R,전통시장,3130157,상계중앙시장,68,35,33,0,14,17,13,15,9,0,8,13,6,6,2,0,6,4,7,9,7
20204,A,골목상권,3110423,석계역 2번,280,104,176,0,27,29,65,73,86,0,9,15,31,29,20,0,18,14,34,44,66
20204,D,발달상권,3120090,연신내역,796,297,499,5,187,160,183,154,107,1,65,66,64,53,48,4,122,94,119,101,59
20204,A,골목상권,3110462,갈현건영아파트,335,216,119,1,40,61,100,72,61,1,23,36,61,48,47,0,17,25,39,24,14
20204,R,전통시장,3130170,제일시장,58,26,32,1,7,9,13,19,9,1,2,2,5,11,5,0,5,7,8,8,4
20204,A,골목상권,3110481,불광역 7번,199,89,110,0,13,44,41,60,41,0,2,23,11,25,28,0,11,21,30,35,13
20204,A,골목상권,3110443,수색역 1번,20,12,8,0,1,2,7,6,4,0,0,2,2,4,4,0,1,0,5,2,0
20204,A,골목상권,3110459,응암역 2번,547,198,349,1,50,105,159,154,78,0,9,38,77,41,33,1,41,67,82,113,45
20204,A,골목상권,3110468,응암역 3번,1202,526,676,2,142,266,324,272,196,0,45,119,142,116,104,2,97,147,182,156,92
20204,A,골목상권,3110478,응암1동주민센터,355,220,135,2,26,37,56,56,178,2,16,23,28,32,119,0,10,14,28,24,59
20204,A,골목상권,3110463,응암3동주민센터,123,54,69,0,7,23,36,26,31,0,3,6,14,11,20,0,4,17,22,15,11
20204,R,전통시장,3130161,증산종합시장,8,5,3,0,0,1,2,2,3,0,0,0,1,2,2,0,0,1,1,0,1
20204,A,골목상권,3110507,명지대학교,1537,1156,381,29,392,636,318,129,33,26,257,481,282,83,27,3,135,155,36,46,6
20204,A,골목상권,3110495,북가좌2동주민센터,501,372,129,0,28,67,125,185,96,0,11,45,88,152,76,0,17,22,37,33,20
20204,R,전통시장,3130179,"이화여대 3,5,7길 상점가",147,65,82,3,34,15,41,31,23,1,12,3,14,17,18,2,22,12,27,14,5
20204,A,골목상권,3110528,서울여자간호대학교,324,160,164,0,11,25,38,72,178,0,10,14,20,24,92,0,1,11,18,48,86
20204,A,골목상권,3110580,양원초등학교,78,20,58,0,3,6,16,25,28,0,0,1,3,11,5,0,3,5,13,14,23
20204,A,골목상권,3110568,광흥창역 1번,67,32,35,0,12,21,14,15,5,0,4,10,6,9,3,0,8,11,8,6,2
20204,A,골목상권,3110545,마포구청역 1번,789,460,329,1,64,151,210,235,128,1,24,92,106,146,91,0,40,59,104,89,37
20204,A,골목상권,3110584,아현역 4번,49,13,36,0,4,7,14,13,11,0,0,0,2,5,6,0,4,7,12,8,5
20204,A,골목상권,3110556,절두산순교성지,176,112,64,3,17,42,58,39,17,3,8,27,39,24,11,0,9,15,19,15,6
20204,A,골목상권,3110622,달마을공원,458,261,197,0,58,90,102,138,70,0,26,47,63,65,60,0,32,43,39,73,10
20204,A,골목상권,3110601,신월1동우편취급국,1200,814,386,3,116,180,274,437,190,1,61,115,183,309,145,2,55,65,91,128,45
20204,A,골목상권,3110598,신월문화체육센터,381,174,207,0,16,50,101,131,83,0,4,22,40,60,48,0,12,28,61,71,35
20204,D,발달상권,3120109,서울남부지방법원,608,342,266,2,56,104,110,170,166,1,18,40,50,104,129,1,38,64,60,66,37
20204,A,골목상권,3110609,신정네거리역 2번,1377,1358,19,0,14,15,52,171,1125,0,10,11,45,168,1124,0,4,4,7,3,1
20204,A,골목상권,3110652,양천향교역 2번,643,483,160,0,70,131,146,169,127,0,32,102,104,139,106,0,38,29,42,30,21
20204,A,골목상권,3110675,화곡4동주민센터,235,161,74,0,13,45,60,59,58,0,6,28,34,46,47,0,7,17,26,13,11
20204,A,골목상권,3110672,백석중학교,168,91,77,1,26,41,35,49,16,1,19,23,14,23,11,0,7,18,21,26,5
20204,A,골목상권,3110660,등촌3동주민센터,4614,2039,2575,10,469,707,766,1291,1371,5,197,427,424,447,539,5,272,280,342,844,832
20204,A,골목상권,3110645,우장산역 4번,782,381,401,0,63,120,238,219,142,0,32,60,86,88,115,0,31,60,152,131,27
20204,R,전통시장,3130213,방신전통시장,112,77,35,0,13,20,25,29,25,0,10,18,14,14,21,0,3,2,11,15,4
20204,A,골목상권,3110630,공항시장역 1번,1472,1008,464,0,157,294,298,328,395,0,67,180,202,240,319,0,90,114,96,88,76
20204,R,전통시장,3130212,공항시장,8,6,2,0,1,0,3,2,2,0,1,0,3,0,2,0,0,0,0,2,0
20204,A,골목상권,3110640,방화역 1번,1019,638,381,3,139,292,240,195,150,3,62,119,167,158,129,0,77,173,73,37,21
20204,A,골목상권,3110655,발산역 5번,589,356,233,0,97,156,148,113,75,0,29,94,98,77,58,0,68,62,50,36,17
20204,D,발달상권,3120126,디지털단지오거리,135,86,49,0,11,30,48,26,20,0,2,16,38,15,15,0,9,14,10,11,5
20204,A,골목상권,3110692,큰굴다리,233,148,85,0,12,52,54,66,49,0,7,19,35,49,38,0,5,33,19,17,11
20204,A,골목상권,3110695,개봉1동주민센터,537,312,225,1,56,150,140,121,69,1,31,97,72,64,47,0,25,53,68,57,22
20204,R,전통시장,3130226,고척프라자,2,2,0,0,1,1,0,0,0,0,1,1,0,0,0,0,0,0,0,0,0
20204,A,골목상권,3110714,구로4동주민센터,261,149,112,0,32,43,54,76,56,0,7,18,31,50,43,0,25,25,23,26,13
20204,A,골목상권,3110708,화원어린이공원,71,33,38,0,10,12,15,24,10,0,3,4,7,10,9,0,7,8,8,14,1
20204,A,골목상권,3110715,구로구민회관,84,59,25,0,12,13,29,23,7,0,5,10,19,19,6,0,7,3,10,4,1
20211,R,전통시장,3130047,테크노상가(엘리시움),158,110,48,0,10,26,33,60,29,0,5,20,20,41,24,0,5,6,13,19,5
20211,R,전통시장,3130048,동평화시장,20,11,9,0,7,8,1,4,0,0,3,4,1,3,0,0,4,4,0,1,0
20211,R,전통시장,3130055,"황학시장(서울중앙시장, 신중앙시장)",203,117,86,0,24,49,47,52,31,0,12,25,24,32,24,0,12,24,23,20,7
20211,R,전통시장,3130025,삼익패션타운(남대문시장),5494,2675,2819,69,1760,1561,1124,794,186,31,674,837,763,292,78,38,1086,724,361,502,108
20211,A,골목상권,3110075,숙대입구역 1번,1630,736,894,9,270,506,417,289,139,5,69,188,182,181,111,4,201,318,235,108,28
20211,A,골목상권,3110094,오산중학교,26,12,14,0,0,1,4,13,8,0,0,0,2,6,4,0,0,1,2,7,4
20211,A,골목상권,3110093,우사단길,2647,1632,1015,2,331,1035,757,359,163,1,106,546,562,321,96,1,225,489,195,38,67
20211,A,골목상권,3110089,서빙고동주민센터,752,503,249,1,94,230,220,107,100,0,33,136,159,88,87,1,61,94,61,19,13
20211,A,골목상권,3110064,효창공원앞역 2번,923,525,398,2,126,275,261,160,99,1,49,160,160,88,67,1,77,115,101,72,32
20211,A,골목상권,3110109,금호삼성래미안아파트,92,39,53,0,7,10,12,42,21,0,2,6,3,15,13,0,5,4,9,27,8
20211,A,골목상권,3110108,성동구립금호도서관,6,1,5,0,0,1,4,1,0,0,0,0,0,1,0,0,0,1,4,0,0
20211,A,골목상권,3110104,신금호역 4번,213,141,72,0,22,33,35,54,69,0,6,17,21,37,60,0,16,16,14,17,9
20211,A,골목상권,3110126,서울숲역 1번,27,18,9,0,0,7,2,12,6,0,0,6,0,7,5,0,0,1,2,5,1
20211,A,골목상권,3110135,성동세무서,401,208,193,0,41,84,107,78,91,0,7,43,49,38,71,0,34,41,58,40,20
20211,A,골목상권,3110115,상왕십리역 3번,945,362,583,10,392,218,156,113,56,0,76,84,93,75,34,10,316,134,63,38,22
20211,A,골목상권,3110133,서울교통공사,122,93,29,0,19,25,33,21,24,0,12,18,29,17,17,0,7,7,4,4,7
20211,R,전통시장,3130072,성동용답상가시장,132,71,61,0,21,19,35,39,18,0,9,9,16,26,11,0,12,10,19,13,7
20211,A,골목상권,3110130,답십리역 6번,105,89,16,0,20,24,38,15,8,0,17,20,35,10,7,0,3,4,3,5,1
20211,A,골목상권,3110170,동대부여고,223,128,95,1,37,51,67,45,22,0,17,21,42,32,16,1,20,30,25,13,6
20211,A,골목상권,3110172,광진초등학교,344,227,117,0,42,72,92,91,47,0,17,48,61,65,36,0,25,24,31,26,11
20211,A,골목상권,3110173,구남초등학교,195,106,89,0,34,50,46,44,21,0,16,28,21,25,16,0,18,22,25,19,5
20211,R,전통시장,3130081,자양골목전통시장(자양골목시장),54,36,18,0,7,17,14,9,7,0,5,12,9,6,4,0,2,5,5,3,3
20211,R,전통시장,3130080,자양종합시장(기능상실),14,10,4,0,0,1,6,6,1,0,0,1,4,4,1,0,0,0,2,2,0
20211,A,골목상권,3110143,뚝섬유원지역 1번,44,18,26,1,4,13,9,13,4,1,0,3,5,6,3,0,4,10,4,7,1
20211,D,발달상권,3120053,건대입구역(건대),892,505,387,5,148,146,178,204,211,2,41,65,97,137,163,3,107,81,81,67,48
20211,R,전통시장,3130075,노룬산시장(노룬산골목시장),17,12,5,0,4,5,6,0,2,0,3,3,5,0,1,0,1,2,1,0,1
20211,A,골목상권,3110165,국립정신건강센터,243,175,68,0,12,32,69,76,54,0,7,23,42,59,44,0,5,9,27,17,10
20211,R,전통시장,3130082,면곡골목시장,20,11,9,0,4,0,1,9,6,0,4,0,0,3,4,0,0,0,1,6,2
20211,R,전통시장,3130078,화양제일골목시장,52,17,35,0,6,15,19,9,3,0,1,5,8,2,1,0,5,10,11,7,2
20211,A,골목상권,3110185,용두초등학교,122,77,45,0,13,22,31,32,24,0,5,13,18,22,19,0,8,9,13,10,5
20211,D,발달상권,3120067,장안동사거리,2595,1173,1422,9,427,580,675,579,325,7,165,280,260,257,204,2,262,300,415,322,121
20211,R,전통시장,3130092,청량리농수산물시장,12,9,3,0,0,1,3,5,3,0,0,0,3,3,3,0,0,1,0,2,0
20211,A,골목상권,3110205,경희대삼거리,82,48,34,0,4,13,23,23,19,0,2,10,7,17,12,0,2,3,16,6,7
20211,A,골목상권,3110265,망우역 1번,198,91,107,1,23,43,54,57,20,0,7,18,21,32,13,1,16,25,33,25,7
20211,R,전통시장,3130110,면목골목시장(면목시장),107,64,43,0,1,9,35,38,24,0,1,6,22,19,16,0,0,3,13,19,8
20211,A,골목상권,3110263,면목역 1번,130,71,59,0,13,27,35,24,31,0,7,12,12,14,26,0,6,15,23,10,5
20211,A,골목상권,3110272,신내1동주민센터,477,319,158,0,45,69,93,152,118,0,15,35,60,103,106,0,30,34,33,49,12
20211,R,전통시장,3130113,신아타운,148,27,121,1,31,31,28,39,18,1,4,9,3,4,6,0,27,22,25,35,12
20211,A,골목상권,3110307,길음역 7번,119,62,57,0,17,25,41,19,17,0,7,17,18,10,10,0,10,8,23,9,7
20211,A,골목상권,3110310,길음역 10번,45,14,31,0,12,8,5,15,5,0,4,1,2,4,3,0,8,7,3,11,2
20211,A,골목상권,3110288,동구여중,216,139,77,1,19,49,52,55,40,0,9,22,35,40,33,1,10,27,17,15,7
20211,A,골목상권,3110313,안암역 3번,2069,1344,725,2,208,552,670,474,163,0,95,310,444,355,140,2,113,242,226,119,23
20211,A,골목상권,3110326,장위동성당,84,40,44,0,2,9,16,13,44,0,1,2,6,5,26,0,1,7,10,8,18
20211,R,전통시장,3130117,정릉시장,121,63,58,0,4,15,34,43,25,0,2,8,20,19,14,0,2,7,14,24,11
20211,A,골목상권,3110282,국민대학교앞,980,789,191,13,185,388,206,75,113,12,134,349,179,57,58,1,51,39,27,18,55
20211,R,전통시장,3130118,정릉골 골목형상점가,67,30,37,0,11,13,11,19,13,0,0,2,6,12,10,0,11,11,5,7,3
20211,R,전통시장,3130141,강북북부골목시장,36,19,17,0,12,4,11,6,3,0,3,2,6,6,2,0,9,2,5,0,1
20211,A,골목상권,3110380,강북문화정보도서관,48,15,33,0,12,10,12,10,4,0,0,3,5,4,3,0,12,7,7,6,1
20211,D,발달상권,3120078,미아사거리역,143,89,54,0,27,28,29,30,29,0,12,16,21,18,22,0,15,12,8,12,7
20211,A,골목상권,3110370,도봉세무서,367,255,112,0,17,61,76,105,108,0,11,31,42,80,91,0,6,30,34,25,17
20211,A,골목상권,3110358,인수동 우편취급국,549,295,254,0,18,34,67,210,220,0,2,18,23,91,161,0,16,16,44,119,59
20211,A,골목상권,3110359,수유시장옆,126,72,54,0,12,26,34,40,14,0,3,12,17,32,8,0,9,14,17,8,6
20211,A,골목상권,3110366,광산사거리,91,64,27,0,17,20,17,22,15,0,13,13,11,16,11,0,4,7,6,6,4
20211,A,골목상권,3110391,샘말어린이공원,219,118,101,0,22,44,64,45,44,0,12,26,37,23,20,0,10,18,27,22,24
20211,A,골목상권,3110386,연산군묘,124,114,10,0,4,3,10,44,63,0,1,3,7,40,63,0,3,0,3,4,0
20211,A,골목상권,3110385,효문고등학교,37,22,15,0,3,9,12,4,9,0,2,5,3,4,8,0,1,4,9,0,1
20211,R,전통시장,3130144,백운시장,21,14,7,0,0,1,7,8,5,0,0,0,5,4,5,0,0,1,2,4,0
20211,A,골목상권,3110396,쌍문역1번(쌍리단길),259,94,165,2,41,49,52,76,39,0,13,15,22,29,15,2,28,34,30,47,24
20211,A,골목상권,3110404,신창초등학교,515,298,217,1,42,93,163,136,80,0,11,56,109,76,46,1,31,37,54,60,34
20211,A,골목상권,3110429,공릉동 국수거리,2074,916,1158,3,224,284,511,689,363,1,91,167,248,234,175,2,133,117,263,455,188
20211,A,골목상권,3110438,경춘선숲길 우측,230,110,120,0,26,54,83,52,15,0,12,21,38,30,9,0,14,33,45,22,6
20211,D,발달상권,3120085,은행사거리,317,121,196,4,51,48,80,78,56,3,11,14,21,40,32,1,40,34,59,38,24
20211,A,골목상권,3110458,선일여고,385,200,185,0,32,79,94,119,61,0,19,46,47,52,36,0,13,33,47,67,25
20211,A,골목상권,3110460,구산역 4번,969,582,387,0,57,184,248,234,246,0,18,124,133,121,186,0,39,60,115,113,60
20211,R,전통시장,3130164,역촌중앙시장,9,3,6,0,0,1,2,2,4,0,0,0,1,1,1,0,0,1,1,1,3
20211,A,골목상권,3110450,시립서북병원,774,421,353,3,138,166,179,154,134,2,80,103,96,70,70,1,58,63,83,84,64
20211,A,골목상권,3110456,구산보건지소,967,544,423,3,284,226,177,147,130,1,123,112,94,97,117,2,161,114,83,50,13
20211,A,골목상권,3110486,은평구청,491,279,212,0,81,100,108,134,68,0,54,70,53,61,41,0,27,30,55,73,27
20211,A,골목상권,3110484,역촌역 3번,499,193,306,6,64,131,129,103,66,5,34,45,41,32,36,1,30,86,88,71,30
20211,D,발달상권,3120092,불광역,274,147,127,0,33,51,83,52,55,0,12,29,44,21,41,0,21,22,39,31,14
20211,A,골목상권,3110472,연신내역 4번,335,156,179,2,52,77,79,68,57,1,16,43,30,37,29,1,36,34,49,31,28
20211,R,전통시장,3130168,연서시장,234,155,79,0,19,50,51,64,50,0,5,23,33,49,45,0,14,27,18,15,5
20211,A,골목상권,3110445,덕산중학교,71,53,18,0,18,15,16,8,14,0,10,9,13,7,14,0,8,6,3,1,0
20211,A,골목상권,3110446,내를건너서숲으로도서관,163,124,39,0,6,14,51,45,47,0,5,9,33,35,42,0,1,5,18,10,5
20211,A,골목상권,3110461,새절역 2번,39,21,18,0,2,8,11,10,8,0,2,2,6,6,5,0,0,6,5,4,3
20211,A,골목상권,3110451,증산역 4번,1267,962,305,2,150,378,365,291,81,2,75,289,305,230,61,0,75,89,60,61,20
20211,A,골목상권,3110502,남가좌파출소,290,147,143,0,29,34,73,92,62,0,14,16,35,47,35,0,15,18,38,45,27
20211,A,골목상권,3110520,경의중앙 신촌역,105,57,48,0,31,22,32,12,8,0,10,15,16,10,6,0,21,7,16,2,2
20211,A,골목상권,3110526,봉원사,211,111,100,1,17,38,50,49,56,1,7,21,24,26,32,0,10,17,26,23,24
20211,A,골목상권,3110511,연희초등학교,3646,3286,360,2,420,731,640,1505,348,1,355,646,532,1425,327,1,65,85,108,80,21
20211,D,발달상권,3120093,연희동,661,351,310,2,60,125,170,195,109,0,27,62,91,103,68,2,33,63,79,92,41
20211,A,골목상권,3110504,명지전문대,170,46,124,1,21,19,35,41,53,0,5,4,10,13,14,1,16,15,25,28,39
20211,D,발달상권,3120095,홍제역,931,525,406,1,73,108,267,363,119,0,16,56,142,223,88,1,57,52,125,140,31
20211,A,골목상권,3110587,공덕동주민센터,264,135,129,1,43,53,75,55,37,1,16,31,47,23,17,0,27,22,28,32,20
20211,A,골목상권,3110578,대흥역 2번,2091,1413,678,2,213,337,391,638,510,1,80,225,309,452,346,1,133,112,82,186,164
20211,A,골목상권,3110574,서강대학교,173,123,50,0,35,41,49,38,10,0,17,30,41,30,5,0,18,11,8,8,5
20211,A,골목상권,3110582,이대역 5번,56,17,39,0,6,11,16,13,10,0,0,4,4,4,5,0,6,7,12,9,5
20211,D,발달상권,3120106,마포역,11485,7110,4375,12,1812,2735,2685,2311,1930,8,917,1662,1891,1437,1195,4,895,1073,794,874,735
20211,A,골목상권,3110544,망리단길,1203,718,485,1,179,248,331,253,191,1,107,153,171,147,139,0,72,95,160,106,52
20211,D,발달상권,3120103,홍대입구역(홍대),9580,5991,3589,87,2167,2434,2066,1613,1213,61,1145,1486,1404,988,907,26,1022,948,662,625,306
20211,A,골목상권,3110566,경의선책거리,1690,934,756,2,359,547,406,290,86,1,137,328,252,157,59,1,222,219,154,133,27
20211,R,전통시장,3130187,영진시장,29,14,15,0,4,5,11,7,2,0,2,2,6,2,2,0,2,3,5,5,0
20211,A,골목상권,3110557,홍대부속여중고앞,760,465,295,1,100,188,196,149,126,1,37,110,137,95,85,0,63,78,59,54,41
20211,A,골목상권,3110548,마포구청역 4번,795,475,320,5,130,185,210,136,129,3,57,95,122,89,109,2,73,90,88,47,20
20211,A,골목상권,3110543,중암중학교,38,25,13,0,6,8,14,7,3,0,3,5,8,6,3,0,3,3,6,1,0
20211,A,골목상권,3110585,마포경찰서,918,790,128,0,192,360,176,181,9,0,150,313,153,166,8,0,42,47,23,15,1
20211,D,발달상권,3120112,등촌역,1633,1138,495,10,223,388,373,358,281,6,100,270,265,265,232,4,123,118,108,93,49
20211,A,골목상권,3110618,강서고등학교,193,135,58,0,19,38,52,52,32,0,10,29,36,34,26,0,9,9,16,18,6
20211,A,골목상권,3110599,신월1파출소,378,268,110,3,50,89,94,93,49,2,34,68,63,65,36,1,16,21,31,28,13
20211,A,골목상권,3110596,서서울호수공원,417,272,145,2,48,90,107,113,57,0,28,56,74,71,43,2,20,34,33,42,14
20211,R,전통시장,3130200,"신월7동 골목시장(약수시장, 우성상가)",27,18,9,0,0,3,9,6,9,0,0,0,7,4,7,0,0,3,2,2,2
20211,A,골목상권,3110623,갈산공원,130,99,31,0,27,34,27,31,11,0,23,27,21,21,7,0,4,7,6,10,4
20211,R,전통시장,3130218,신월중앙시장,118,53,65,0,28,34,26,13,17,0,8,12,11,9,13,0,20,22,15,4,4
20211,A,골목상권,3110632,방화역 3번,1075,887,188,2,42,127,400,334,170,1,21,90,353,281,141,1,21,37,47,53,29
20211,A,골목상권,3110651,화원중학교,377,214,163,2,29,50,102,105,89,1,19,31,68,52,43,1,10,19,34,53,46
20211,A,골목상권,3110659,화곡역 4번,844,496,348,11,102,181,234,180,136,9,52,114,140,105,76,2,50,67,94,75,60
20211,A,골목상권,3110696,오류동역 1번,2424,1658,766,32,831,942,326,216,77,16,483,735,235,131,58,16,348,207,91,85,19
20211,A,골목상권,3110697,개봉3동주민센터,230,142,88,1,55,64,49,41,20,1,27,41,31,29,13,0,28,23,18,12,7
20211,A,골목상권,3110698,개웅초등학교(개웅중학교),276,176,100,3,50,50,53,63,57,3,25,32,31,39,46,0,25,18,22,24,11
20211,A,골목상권,3110722,G타워,837,574,263,4,152,296,249,99,37,4,95,205,191,55,24,0,57,91,58,44,13
20211,A,골목상권,3110682,온수역 8번,25,11,14,0,2,4,13,5,1,0,2,2,6,1,0,0,0,2,7,4,1
20211,A,골목상권,3110684,서울공연예술고등학교,251,136,115,2,50,78,61,36,24,0,19,54,34,19,10,2,31,24,27,17,14
20211,A,골목상권,3110688,오류지구대,169,59,110,1,18,18,40,59,33,0,7,10,15,19,8,1,11,8,25,40,25
20211,A,골목상권,3110730,서울축산농협 독산역지점(독산파출소),660,376,284,1,80,105,117,201,156,1,30,58,54,113,120,0,50,47,63,88,36
20211,A,골목상권,3110728,두산초등학교,4560,2778,1782,8,88,138,245,530,3551,8,64,86,123,279,2218,0,24,52,122,251,1333
20211,A,골목상권,3110752,한울중학교,269,117,152,2,25,46,81,79,36,2,13,16,34,33,19,0,12,30,47,46,17
20211,R,전통시장,3130234,푸른터시장(기능상실),7,3,4,0,1,1,0,3,2,0,0,1,0,1,1,0,1,0,0,2,1
20211,R,전통시장,3130235,대명여울빛거리시장(대명시장),298,80,218,0,39,52,77,82,48,0,11,14,25,19,11,0,28,38,52,63,37
20211,A,골목상권,3110743,시흥초등학교(시흥1동우체국),191,130,61,0,18,31,48,50,44,0,10,20,32,37,31,0,8,11,16,13,13
20211,A,골목상권,3110731,금천구청역 1번 출입구,1044,564,480,7,306,385,206,96,44,2,149,230,102,55,26,5,157,155,104,41,18
20211,A,골목상권,3110753,시흥동 은행나무사거리,617,387,230,0,69,100,149,166,133,0,28,68,90,96,105,0,41,32,59,70,28
20211,A,골목상권,3110764,문래역 3번,541,223,318,0,93,127,159,102,60,0,27,39,54,54,49,0,66,88,105,48,11
20211,A,골목상권,3110779,대림갑을명가아파트,33,24,9,0,2,5,13,7,6,0,1,4,10,4,5,0,1,1,3,3,1
20211,R,전통시장,3130242,대림중앙 골목형상점가,66,20,46,0,3,17,17,24,5,0,1,6,5,5,3,0,2,11,12,19,2
20211,A,골목상권,3110765,문래동사거리,889,619,270,2,80,133,209,175,290,1,38,78,140,126,236,1,42,55,69,49,54
20211,A,골목상권,3110810,영신초등학교,403,183,220,0,58,147,59,78,61,0,24,67,27,43,22,0,34,80,32,35,39
20211,A,골목상권,3110813,보라매역 6번,286,167,119,3,22,37,50,74,100,3,15,21,24,39,65,0,7,16,26,35,35
20211,D,발달상권,3120135,양평역,5072,3013,2059,32,1300,1280,1187,776,497,11,626,825,676,441,434,21,674,455,511,335,63
20211,D,발달상권,3120146,한강성심병원,5066,2882,2184,18,1252,1255,1097,821,623,8,405,669,729,584,487,10,847,586,368,237,136
20211,R,전통시장,3130253,영신상가(제일상가),9,7,2,0,2,3,0,2,2,0,2,3,0,1,1,0,0,0,0,1,1
20211,R,전통시장,3130249,동남상가,10,8,2,0,2,0,0,4,4,0,1,0,0,4,3,0,1,0,0,0,1
20211,A,골목상권,3110782,영등포시장역 4번,127,87,40,1,13,24,48,27,14,1,5,16,36,17,12,0,8,8,12,10,2
20211,A,골목상권,3110809,장훈고등학교,112,61,51,0,7,15,30,23,37,0,3,5,11,17,25,0,4,10,19,6,12
20211,A,골목상권,3110834,동작구자원봉사센터,41,25,16,0,3,5,8,11,14,0,2,2,8,6,7,0,1,3,0,5,7
20211,A,골목상권,3110828,노량진역 6번,3010,2066,944,9,471,1047,854,467,162,3,252,711,639,357,104,6,219,336,215,110,58
20211,A,골목상권,3110824,대방역 3번,296,102,194,1,48,91,92,42,22,0,11,26,29,23,13,1,37,65,63,19,9
20211,A,골목상권,3110852,이수역 9번,198,121,77,0,26,35,54,38,45,0,12,20,30,23,36,0,14,15,24,15,9
20211,A,골목상권,3110851,경문고등학교(동작동성당),493,236,257,0,79,137,141,105,31,0,32,53,66,67,18,0,47,84,75,38,13
20211,A,골목상권,3110831,상도4동주민센터,72,40,32,0,3,13,14,29,13,0,3,6,6,18,7,0,0,7,8,11,6
20211,A,골목상권,3110827,NH농협은행 상도동지점,262,93,169,0,39,51,73,65,34,0,11,18,20,28,16,0,28,33,53,37,18
20211,A,골목상권,3110841,중대부중,75,34,41,0,7,12,14,23,19,0,4,7,5,10,8,0,3,5,9,13,11
20211,A,골목상권,3110900,낙성대역 1번(관악구민 종합체육센터),444,246,198,1,94,123,115,88,23,1,48,64,62,53,18,0,46,59,53,35,5
20211,D,발달상권,3120159,서울대입구역,1430,763,667,12,289,320,321,238,250,6,116,164,174,133,170,6,173,156,147,105,80
20211,A,골목상권,3110866,난우중학교,184,101,83,0,23,36,41,65,19,0,14,20,19,32,16,0,9,16,22,33,3
20211,D,발달상권,3120158,녹두거리(대학동),695,550,145,2,31,73,200,279,110,0,7,41,163,241,98,2,24,32,37,38,12
20211,A,골목상권,3110857,미성동주민센터,431,229,202,9,60,64,70,108,120,9,34,48,41,46,51,0,26,16,29,62,69
20211,R,전통시장,3130278,미성동 도깨비시장 골목형상점가,75,16,59,0,0,16,28,24,7,0,0,7,5,2,2,0,0,9,23,22,5
20211,A,골목상권,3110875,보라매동주민센터(당곡고등학교),19,15,4,0,4,2,5,6,2,0,2,2,3,6,2,0,2,0,2,0,0
20211,A,골목상권,3110873,당곡중학교,348,167,181,0,70,79,87,76,36,0,29,39,39,37,23,0,41,40,48,39,13
20211,R,전통시장,3130285,서원동상점가,615,316,299,4,28,56,85,160,282,1,17,38,45,60,155,3,11,18,40,100,127
20211,A,골목상권,3110891,구암초등학교,47,22,25,0,5,1,22,16,3,0,1,0,11,8,2,0,4,1,11,8,1
20211,R,전통시장,3130280,신림종합시장,22,17,5,0,0,1,2,7,12,0,0,0,0,5,12,0,0,1,2,2,0
20211,R,전통시장,3130279,관악신사시장,2159,1727,432,0,365,671,738,355,30,0,172,530,669,333,23,0,193,141,69,22,7
20211,R,전통시장,3130295,인헌시장(원당종합시장),122,48,74,0,20,27,38,23,14,0,3,9,16,12,8,0,17,18,22,11,6
20211,A,골목상권,3110892,관악구 중앙길,709,341,368,0,69,110,159,221,150,0,25,55,76,105,80,0,44,55,83,116,70
20211,A,골목상권,3110899,낙성대역 5번(관악중학교),681,442,239,0,167,178,164,123,49,0,107,130,95,71,39,0,60,48,69,52,10
20211,A,골목상권,3110944,서울나래학교(염곡어린이공원),933,632,301,10,116,213,161,196,237,8,88,169,114,118,135,2,28,44,47,78,102
20211,A,골목상권,3110905,방배노인종합복지관(이수중학교),287,176,111,1,36,71,71,63,45,0,18,38,45,41,34,1,18,33,26,22,11
20211,A,골목상권,3110920,방배역 2번(백석예술대학교),359,205,154,0,23,53,125,118,40,0,5,29,65,75,31,0,18,24,60,43,9
20211,A,골목상권,3110910,내방역 5번,614,240,374,5,72,124,157,176,80,3,30,69,52,49,37,2,42,55,105,127,43
20211,A,골목상권,3110906,서문여고,683,362,321,2,217,106,119,106,133,0,59,58,72,62,111,2,158,48,47,44,22
20211,D,발달상권,3120161,방배동가구거리(사당동가구거리),2517,1833,684,3,187,342,315,347,1323,2,78,178,165,202,1208,1,109,164,150,145,115
20211,R,전통시장,3130296,남부종합시장,85,63,22,0,2,8,25,35,15,0,1,8,16,24,14,0,1,0,9,11,1
20211,D,발달상권,3120175,남부터미널역,8254,5320,2934,32,1703,2482,1996,1297,744,6,856,1692,1362,856,548,26,847,790,634,441,196
20211,A,골목상권,3110932,서울시인재개발원,532,384,148,2,128,170,127,64,41,2,76,116,100,54,36,0,52,54,27,10,5
20211,A,골목상권,3110930,서초동성당,2178,1774,404,8,284,588,694,433,171,2,190,448,591,393,150,6,94,140,103,40,21
20211,A,골목상권,3110931,삼성전자서울R&D(서울우면초등학교),94,47,47,0,36,30,16,6,6,0,11,15,10,6,5,0,25,15,6,0,1
20211,A,골목상권,3110938,바우뫼공원,1522,927,595,0,253,457,423,297,92,0,147,314,251,143,72,0,106,143,172,154,20
20211,A,골목상권,3110942,염곡동 구룡사(포이동성당),3242,1952,1290,7,578,932,791,613,321,3,328,587,461,351,222,4,250,345,330,262,99
20211,A,골목상권,3110943,법제교육센터(버들어린이공원),1122,578,544,1,67,165,357,323,209,1,36,99,151,140,151,0,31,66,206,183,58
20211,A,골목상권,3110994,개포고등학교,494,382,112,7,65,161,123,110,28,4,47,134,103,73,21,3,18,27,20,37,7
20211,R,전통시장,3130305,논현종합시장,85,43,42,0,21,14,14,19,17,0,7,7,6,14,9,0,14,7,8,5,8
20211,D,발달상권,3120193,도산공원교차로,6384,3798,2586,15,1278,1918,1493,983,697,6,466,1071,1021,696,538,9,812,847,472,287,159
20211,D,발달상권,3120220,대치역,5716,3394,2322,26,1854,2307,1022,333,174,2,774,1495,752,234,137,24,1080,812,270,99,37
20211,D,발달상권,3120210,선릉역,48780,26797,21983,117,11358,13636,11065,7952,4652,54,5356,8026,6479,4158,2724,63,6002,5610,4586,3794,1928
20211,D,발달상권,3120221,봉은사역,17557,12129,5428,22,3154,5248,3562,2734,2837,8,2167,4087,2812,1669,1386,14,987,1161,750,1065,1451
20211,A,골목상권,3110988,청담역 3번,1594,1016,578,1,243,425,364,346,215,1,82,247,247,262,177,0,161,178,117,84,38
20211,R,전통시장,3130304,신사상가,24,13,11,0,3,4,6,7,4,0,1,1,3,5,3,0,2,3,3,2,1
20211,D,발달상권,3120197,역삼역,58731,38593,20138,93,10093,18065,15897,10840,3743,43,5229,11924,11872,7083,2442,50,4864,6141,4025,3757,1301
20211,D,발달상권,3120237,경찰병원역,9922,5579,4343,59,1236,1684,1762,1665,3516,25,543,1068,1140,766,2037,34,693,616,622,899,1479
20211,A,골목상권,3111045,개미어린이공원,36,18,18,0,2,7,12,12,3,0,1,1,7,7,2,0,1,6,5,5,1
20211,A,골목상권,3111047,마천1치안센터,111,73,38,0,9,17,34,34,17,0,6,14,19,22,12,0,3,3,15,12,5
20211,A,골목상권,3111043,마천공원,32,13,19,0,1,3,7,12,9,0,0,0,1,6,6,0,1,3,6,6,3
20211,D,발달상권,3120238,방이역,430,260,170,5,53,101,116,79,76,4,25,48,61,57,65,1,28,53,55,22,11
20211,D,발달상권,3120226,석촌고분역,2344,1748,596,6,272,329,431,334,972,5,128,199,262,228,926,1,144,130,169,106,46
20211,A,골목상권,3111012,석촌역 6번,732,332,400,2,91,127,180,183,149,2,23,56,83,93,75,0,68,71,97,90,74
20211,D,발달상권,3120228,석촌역(석촌호수),4494,2725,1769,7,707,1306,1038,695,741,1,288,851,680,410,495,6,419,455,358,285,246
20211,A,골목상권,3111035,오금공원(오주중학교),531,398,133,0,41,90,148,148,104,0,32,66,121,102,77,0,9,24,27,46,27
20211,A,골목상권,3111028,문현중학교(장지역 1번),424,194,230,0,54,66,132,116,56,0,29,36,49,50,30,0,25,30,83,66,26
20211,A,골목상권,3111087,고덕중학교(고덕2동주민센터),197,89,108,0,26,46,62,36,27,0,5,21,26,17,20,0,21,25,36,19,7
20211,D,발달상권,3120246,길동역,3415,1545,1870,14,385,562,837,913,704,8,169,318,417,302,331,6,216,244,420,611,373
20211,A,골목상권,3111083,GS강동자이아파트,411,245,166,0,67,62,70,100,112,0,47,43,41,44,70,0,20,19,29,56,42
20211,R,전통시장,3130325,명일전통시장,89,30,59,0,8,10,13,28,30,0,3,6,5,8,8,0,5,4,8,20,22
20211,A,골목상권,3111074,명일역 1번,147,77,70,2,31,38,40,16,20,1,9,23,23,10,11,1,22,15,17,6,9
20211,A,골목상권,3111053,성내천어린이공원(하니사랑길),6288,4564,1724,6,799,940,1025,1564,1954,3,542,693,750,1053,1523,3,257,247,275,511,431
20211,A,골목상권,3111061,암사역 1번,831,551,280,0,149,186,182,170,144,0,82,128,126,125,90,0,67,58,56,45,54
20211,R,전통시장,3130318,로데오거리상점가,266,132,134,0,31,43,49,55,88,0,9,12,19,26,66,0,22,31,30,29,22
20211,A,골목상권,3111056,천호태영아파트,191,53,138,0,27,35,64,36,29,0,4,5,19,15,10,0,23,30,45,21,19
20211,A,골목상권,3110036,동묘앞역 3번,52,34,18,0,3,6,16,12,15,0,1,3,9,11,10,0,2,3,7,1,5
20211,A,골목상권,3110028,이화달팽이길,704,279,425,1,177,179,137,123,87,0,56,60,56,65,42,1,121,119,81,58,45
20211,D,발달상권,3120010,원남동사거리,4095,2287,1808,50,1544,1304,651,377,169,2,585,792,484,292,132,48,959,512,167,85,37
20211,R,전통시장,3130017,동대문상가C동,12,9,3,0,1,4,4,2,1,0,1,4,3,0,1,0,0,0,1,2,0
20211,D,발달상권,3120016,동대문역,182,115,67,1,10,24,42,40,65,0,6,12,20,28,49,1,4,12,22,12,16
20211,A,골목상권,3110034,창신1동주민센터,41,35,6,0,2,1,14,13,11,0,2,1,10,11,11,0,0,0,4,2,0
20211,A,골목상권,3110014,경복고등학교,194,82,112,0,28,54,40,44,28,0,4,14,21,24,19,0,24,40,19,20,9
20211,A,골목상권,3110001,이북5도청사,1048,625,423,4,130,286,237,257,134,0,48,170,160,167,80,4,82,116,77,90,54
20211,A,골목상권,3110286,한성대입구역 5번,986,472,514,17,187,285,318,122,57,8,70,127,144,83,40,9,117,158,174,39,17
20211,R,전통시장,3130036,중부시장(신중부시장),3089,921,2168,8,1868,593,250,198,172,3,316,189,171,120,122,5,1552,404,79,78,50
20211,D,발달상권,3120033,을지로4가역,867,437,430,7,127,212,194,201,126,1,44,107,99,89,97,6,83,105,95,112,29
20211,U,관광특구,3001492,명동 남대문 북창동 다동 무교동 관광특구,104830,53674,51156,423,27134,34007,23384,15726,4156,137,8860,16080,15133,10824,2640,286,18274,17927,8251,4902,1516
20211,D,발달상권,3120023,서울시청,10242,5534,4708,15,2234,3260,2778,1425,530,4,852,1657,1658,983,380,11,1382,1603,1120,442,150
20211,R,전통시장,3130031,청계천공구상가,921,698,223,2,101,281,234,159,144,1,64,230,181,104,118,1,37,51,53,55,26
20211,D,발달상권,3120021,시청역_8번,23737,14953,8784,73,4071,8120,7087,3484,902,13,1699,4433,5165,2993,650,60,2372,3687,1922,491,252
20211,A,골목상권,3110053,청구역 1번,281,166,115,0,52,69,69,54,37,0,23,45,43,27,28,0,29,24,26,27,9
20211,R,전통시장,3130049,신당 미래유산 먹거리 골목형상점가,42,19,23,0,3,5,9,13,12,0,1,3,0,7,8,0,2,2,9,6,4
20211,D,발달상권,3120043,서울역,22578,15322,7256,58,4087,7782,5513,3664,1474,27,2087,4897,4201,3033,1077,31,2000,2885,1312,631,397
20211,A,골목상권,3110040,중구회현체육센터(정화예술대남산캠퍼스),165,78,87,0,33,30,40,37,25,0,14,15,17,13,19,0,19,15,23,24,6
20211,D,발달상권,3120024,회현역,2167,1364,803,2,341,795,582,250,197,1,146,473,416,192,136,1,195,322,166,58,61
20211,A,골목상권,3110039,회현역 1번,49,26,23,0,2,8,12,14,13,0,0,4,9,8,5,0,2,4,3,6,8
20211,R,전통시장,3130024,남대문시장(자유상가),732,426,306,2,54,129,172,177,198,1,15,75,95,108,132,1,39,54,77,69,66
20211,R,전통시장,3130022,숭례문수입상가(남대문시장),1907,850,1057,0,330,855,598,113,11,0,55,378,338,70,9,0,275,477,260,43,2
20211,D,발달상권,3120045,남영동 먹자골목,4044,1580,2464,7,424,908,1421,1162,122,1,257,576,502,205,39,6,167,332,919,957,83
20211,R,전통시장,3130060,신흥시장,4,1,3,0,0,2,0,2,0,0,0,1,0,0,0,0,0,1,0,2,0
20211,A,골목상권,3110072,열정도,374,244,130,6,108,96,78,51,35,0,51,71,62,37,23,6,57,25,16,14,12
20211,A,골목상권,3110059,새남터성지,385,307,78,0,38,71,113,138,25,0,21,48,99,124,15,0,17,23,14,14,10
20221,U,관광특구,3001491,이태원 관광특구,5839,3064,2775,28,1377,2065,1290,768,311,18,514,986,777,541,228,10,863,1079,513,227,83
20211,A,골목상권,3110069,숙대입구,825,291,534,3,200,296,163,87,76,3,34,92,77,40,45,0,166,204,86,47,31
20213,D,발달상권,3120161,방배동가구거리(사당동가구거리),2517,1833,684,3,187,342,315,347,1323,2,78,178,165,202,1208,1,109,164,150,145,115
20213,R,전통시장,3130296,남부종합시장,85,63,22,0,2,8,25,35,15,0,1,8,16,24,14,0,1,0,9,11,1
20213,D,발달상권,3120175,남부터미널역,8254,5320,2934,32,1703,2482,1996,1297,744,6,856,1692,1362,856,548,26,847,790,634,441,196
20213,A,골목상권,3110932,서울시인재개발원,532,384,148,2,128,170,127,64,41,2,76,116,100,54,36,0,52,54,27,10,5
20213,A,골목상권,3110930,서초동성당,2178,1774,404,8,284,588,694,433,171,2,190,448,591,393,150,6,94,140,103,40,21
20213,A,골목상권,3110931,삼성전자서울R&D(서울우면초등학교),94,47,47,0,36,30,16,6,6,0,11,15,10,6,5,0,25,15,6,0,1
20213,A,골목상권,3110938,바우뫼공원,1522,927,595,0,253,457,423,297,92,0,147,314,251,143,72,0,106,143,172,154,20
20213,A,골목상권,3110942,염곡동 구룡사(포이동성당),3242,1952,1290,7,578,932,791,613,321,3,328,587,461,351,222,4,250,345,330,262,99
20213,A,골목상권,3110943,법제교육센터(버들어린이공원),1122,578,544,1,67,165,357,323,209,1,36,99,151,140,151,0,31,66,206,183,58
20213,A,골목상권,3110994,개포고등학교,494,382,112,7,65,161,123,110,28,4,47,134,103,73,21,3,18,27,20,37,7
20213,R,전통시장,3130305,논현종합시장,85,43,42,0,21,14,14,19,17,0,7,7,6,14,9,0,14,7,8,5,8
20213,D,발달상권,3120193,도산공원교차로,6384,3798,2586,15,1278,1918,1493,983,697,6,466,1071,1021,696,538,9,812,847,472,287,159
20213,D,발달상권,3120220,대치역,5716,3394,2322,26,1854,2307,1022,333,174,2,774,1495,752,234,137,24,1080,812,270,99,37
20213,D,발달상권,3120210,선릉역,48780,26797,21983,117,11358,13636,11065,7952,4652,54,5356,8026,6479,4158,2724,63,6002,5610,4586,3794,1928
20213,D,발달상권,3120221,봉은사역,17557,12129,5428,22,3154,5248,3562,2734,2837,8,2167,4087,2812,1669,1386,14,987,1161,750,1065,1451
20213,A,골목상권,3110988,청담역 3번,1594,1016,578,1,243,425,364,346,215,1,82,247,247,262,177,0,161,178,117,84,38
20213,R,전통시장,3130304,신사상가,24,13,11,0,3,4,6,7,4,0,1,1,3,5,3,0,2,3,3,2,1
20213,D,발달상권,3120197,역삼역,58731,38593,20138,93,10093,18065,15897,10840,3743,43,5229,11924,11872,7083,2442,50,4864,6141,4025,3757,1301
20213,D,발달상권,3120237,경찰병원역,9922,5579,4343,59,1236,1684,1762,1665,3516,25,543,1068,1140,766,2037,34,693,616,622,899,1479
20213,A,골목상권,3111045,개미어린이공원,36,18,18,0,2,7,12,12,3,0,1,1,7,7,2,0,1,6,5,5,1
20213,A,골목상권,3111047,마천1치안센터,111,73,38,0,9,17,34,34,17,0,6,14,19,22,12,0,3,3,15,12,5
20213,A,골목상권,3111043,마천공원,32,13,19,0,1,3,7,12,9,0,0,0,1,6,6,0,1,3,6,6,3
20213,D,발달상권,3120238,방이역,430,260,170,5,53,101,116,79,76,4,25,48,61,57,65,1,28,53,55,22,11
20213,D,발달상권,3120226,석촌고분역,2344,1748,596,6,272,329,431,334,972,5,128,199,262,228,926,1,144,130,169,106,46
20213,A,골목상권,3111012,석촌역 6번,732,332,400,2,91,127,180,183,149,2,23,56,83,93,75,0,68,71,97,90,74
20213,D,발달상권,3120228,석촌역(석촌호수),4494,2725,1769,7,707,1306,1038,695,741,1,288,851,680,410,495,6,419,455,358,285,246
20213,A,골목상권,3111035,오금공원(오주중학교),531,398,133,0,41,90,148,148,104,0,32,66,121,102,77,0,9,24,27,46,27
20213,A,골목상권,3111028,문현중학교(장지역 1번),424,194,230,0,54,66,132,116,56,0,29,36,49,50,30,0,25,30,83,66,26
20213,A,골목상권,3111087,고덕중학교(고덕2동주민센터),197,89,108,0,26,46,62,36,27,0,5,21,26,17,20,0,21,25,36,19,7
20213,D,발달상권,3120246,길동역,3415,1545,1870,14,385,562,837,913,704,8,169,318,417,302,331,6,216,244,420,611,373
20213,A,골목상권,3111083,GS강동자이아파트,411,245,166,0,67,62,70,100,112,0,47,43,41,44,70,0,20,19,29,56,42
20213,R,전통시장,3130325,명일전통시장,89,30,59,0,8,10,13,28,30,0,3,6,5,8,8,0,5,4,8,20,22
20213,A,골목상권,3111074,명일역 1번,147,77,70,2,31,38,40,16,20,1,9,23,23,10,11,1,22,15,17,6,9
20213,A,골목상권,3111053,성내천어린이공원(하니사랑길),6288,4564,1724,6,799,940,1025,1564,1954,3,542,693,750,1053,1523,3,257,247,275,511,431
20213,A,골목상권,3111061,암사역 1번,831,551,280,0,149,186,182,170,144,0,82,128,126,125,90,0,67,58,56,45,54
20213,R,전통시장,3130318,로데오거리상점가,266,132,134,0,31,43,49,55,88,0,9,12,19,26,66,0,22,31,30,29,22
20213,A,골목상권,3111056,천호태영아파트,191,53,138,0,27,35,64,36,29,0,4,5,19,15,10,0,23,30,45,21,19
20213,A,골목상권,3110036,동묘앞역 3번,52,34,18,0,3,6,16,12,15,0,1,3,9,11,10,0,2,3,7,1,5
20213,A,골목상권,3110028,이화달팽이길,704,279,425,1,177,179,137,123,87,0,56,60,56,65,42,1,121,119,81,58,45
20213,D,발달상권,3120010,원남동사거리,4095,2287,1808,50,1544,1304,651,377,169,2,585,792,484,292,132,48,959,512,167,85,37
20213,R,전통시장,3130017,동대문상가C동,12,9,3,0,1,4,4,2,1,0,1,4,3,0,1,0,0,0,1,2,0
20213,D,발달상권,3120016,동대문역,182,115,67,1,10,24,42,40,65,0,6,12,20,28,49,1,4,12,22,12,16
20213,A,골목상권,3110034,창신1동주민센터,41,35,6,0,2,1,14,13,11,0,2,1,10,11,11,0,0,0,4,2,0
20213,A,골목상권,3110014,경복고등학교,194,82,112,0,28,54,40,44,28,0,4,14,21,24,19,0,24,40,19,20,9
20213,A,골목상권,3110001,이북5도청사,1048,625,423,4,130,286,237,257,134,0,48,170,160,167,80,4,82,116,77,90,54
20213,A,골목상권,3110286,한성대입구역 5번,986,472,514,17,187,285,318,122,57,8,70,127,144,83,40,9,117,158,174,39,17
20213,R,전통시장,3130036,중부시장(신중부시장),3089,921,2168,8,1868,593,250,198,172,3,316,189,171,120,122,5,1552,404,79,78,50
20213,D,발달상권,3120033,을지로4가역,867,437,430,7,127,212,194,201,126,1,44,107,99,89,97,6,83,105,95,112,29
20213,U,관광특구,3001492,명동 남대문 북창동 다동 무교동 관광특구,104830,53674,51156,423,27134,34007,23384,15726,4156,137,8860,16080,15133,10824,2640,286,18274,17927,8251,4902,1516
20213,D,발달상권,3120023,서울시청,10242,5534,4708,15,2234,3260,2778,1425,530,4,852,1657,1658,983,380,11,1382,1603,1120,442,150
20213,R,전통시장,3130031,청계천공구상가,921,698,223,2,101,281,234,159,144,1,64,230,181,104,118,1,37,51,53,55,26
20213,D,발달상권,3120021,시청역_8번,23737,14953,8784,73,4071,8120,7087,3484,902,13,1699,4433,5165,2993,650,60,2372,3687,1922,491,252
20213,A,골목상권,3110053,청구역 1번,281,166,115,0,52,69,69,54,37,0,23,45,43,27,28,0,29,24,26,27,9
20213,R,전통시장,3130049,신당 미래유산 먹거리 골목형상점가,42,19,23,0,3,5,9,13,12,0,1,3,0,7,8,0,2,2,9,6,4
20213,D,발달상권,3120043,서울역,22578,15322,7256,58,4087,7782,5513,3664,1474,27,2087,4897,4201,3033,1077,31,2000,2885,1312,631,397
20213,A,골목상권,3110040,중구회현체육센터(정화예술대남산캠퍼스),165,78,87,0,33,30,40,37,25,0,14,15,17,13,19,0,19,15,23,24,6
20213,D,발달상권,3120024,회현역,2167,1364,803,2,341,795,582,250,197,1,146,473,416,192,136,1,195,322,166,58,61
20213,A,골목상권,3110039,회현역 1번,49,26,23,0,2,8,12,14,13,0,0,4,9,8,5,0,2,4,3,6,8
20213,R,전통시장,3130024,남대문시장(자유상가),732,426,306,2,54,129,172,177,198,1,15,75,95,108,132,1,39,54,77,69,66
20213,R,전통시장,3130022,숭례문수입상가(남대문시장),1907,850,1057,0,330,855,598,113,11,0,55,378,338,70,9,0,275,477,260,43,2
20213,D,발달상권,3120045,남영동 먹자골목,4044,1580,2464,7,424,908,1421,1162,122,1,257,576,502,205,39,6,167,332,919,957,83
20213,R,전통시장,3130060,신흥시장,4,1,3,0,0,2,0,2,0,0,0,1,0,0,0,0,0,1,0,2,0
20213,A,골목상권,3110072,열정도,374,244,130,6,108,96,78,51,35,0,51,71,62,37,23,6,57,25,16,14,12
20213,A,골목상권,3110059,새남터성지,385,307,78,0,38,71,113,138,25,0,21,48,99,124,15,0,17,23,14,14,10
20222,U,관광특구,3001491,이태원 관광특구,5839,3064,2775,28,1377,2065,1290,768,311,18,514,986,777,541,228,10,863,1079,513,227,83
20213,A,골목상권,3110069,숙대입구,825,291,534,3,200,296,163,87,76,3,34,92,77,40,45,0,166,204,86,47,31
20213,A,골목상권,3110095,한강진역 3번,1186,801,385,16,160,326,321,298,65,8,61,235,227,226,44,8,99,91,94,72,21
20213,A,골목상권,3110097,한남초등학교,7,4,3,0,2,3,2,0,0,0,0,2,2,0,0,0,2,1,0,0,0
20213,A,골목상권,3110077,삼광초등학교,385,317,68,0,37,86,148,98,16,0,21,66,130,88,12,0,16,20,18,10,4
20213,A,골목상권,3110103,옥수터널,13,11,2,1,0,2,2,6,2,0,0,2,2,5,2,1,0,0,0,1,0
20213,R,전통시장,3130073,뚝도시장,45,17,28,1,3,10,9,11,11,0,0,2,4,5,6,1,3,8,5,6,5
20213,A,골목상권,3110137,성수초등학교,6605,4295,2310,31,1016,1740,1836,1344,638,22,557,1152,1250,828,486,9,459,588,586,516,152
20213,A,골목상권,3110138,송정체육공원,160,79,81,0,15,27,53,41,24,0,4,12,21,23,19,0,11,15,32,18,5
20213,D,발달상권,3120057,아차산역,2218,1220,998,52,412,432,503,468,351,19,236,257,289,206,213,33,176,175,214,262,138
20213,A,골목상권,3110177,동의초등학교,112,81,31,0,6,25,28,32,21,0,3,14,19,26,19,0,3,11,9,6,2
20213,A,골목상권,3110175,푸른동산공원,367,233,134,0,41,73,108,86,59,0,24,48,69,53,39,0,17,25,39,33,20
20213,A,골목상권,3110146,신자초등학교,742,537,205,0,50,81,212,276,123,0,25,45,160,209,98,0,25,36,52,67,25
20213,A,골목상권,3110150,중곡1동 마을마당,1179,698,481,1,197,352,252,217,160,1,83,194,161,132,127,0,114,158,91,85,33
20213,A,골목상권,3110195,동대문구청,221,115,106,0,41,58,47,40,35,0,12,28,23,27,25,0,29,30,24,13,10
20213,A,골목상권,3110189,제기동역 1번,1538,1086,452,1,233,490,342,167,305,0,98,349,286,136,217,1,135,141,56,31,88
20213,A,골목상권,3110214,경희대후문,86,42,44,0,18,17,24,17,10,0,6,6,13,10,7,0,12,11,11,7,3
20213,A,골목상권,3110224,외대앞역 2번,96,41,55,0,9,14,16,29,28,0,2,4,9,18,8,0,7,10,7,11,20
20213,A,골목상권,3110232,동대부고,579,413,166,0,41,71,119,175,173,0,14,38,80,134,147,0,27,33,39,41,26
20213,A,골목상권,3110201,전농119안전센터,27,11,16,0,2,1,9,10,5,0,1,0,3,4,3,0,1,1,6,6,2
20213,R,전통시장,3130099,전농로터리시장,7,3,4,0,1,0,2,3,1,0,0,0,1,1,1,0,1,0,1,2,0
20213,R,전통시장,3130090,청량리종합시장,19,13,6,0,1,4,3,5,6,0,1,2,3,3,4,0,0,2,0,2,2
20213,R,전통시장,3130093,동서시장,5,3,2,0,0,0,1,2,2,0,0,0,1,0,2,0,0,0,0,2,0
20213,A,골목상권,3110190,고대앞사거리,195,92,103,0,22,34,34,45,60,0,4,18,22,19,29,0,18,16,12,26,31
20213,A,골목상권,3110196,홍릉근린공원,23,12,11,0,1,6,8,5,3,0,1,4,3,2,2,0,0,2,5,3,1
20213,D,발달상권,3120065,회기역,323,205,118,3,48,55,87,76,54,1,27,39,48,49,41,2,21,16,39,27,13
20213,A,골목상권,3110215,회기역 1번,28,18,10,0,3,4,9,7,5,0,3,2,6,3,4,0,0,2,3,4,1
20213,A,골목상권,3110273,장스여성병원,610,446,164,7,31,37,75,209,251,0,4,8,37,168,229,7,27,29,38,41,22
20213,A,골목상권,3110260,면목역 3번,126,74,52,0,24,21,24,29,28,0,14,8,12,20,20,0,10,13,12,9,8
20213,R,전통시장,3130105,장미제일시장(중화동제일시장),63,27,36,0,8,14,22,11,8,0,3,6,14,3,1,0,5,8,8,8,7
20213,A,골목상권,3110257,상봉역 7번,397,330,67,0,17,18,50,133,179,0,6,11,34,118,161,0,11,7,16,15,18
20213,A,골목상권,3110238,배꽃어린이공원,66,48,18,0,6,7,15,23,15,0,4,5,9,15,15,0,2,2,6,8,0
20213,A,골목상권,3110303,성신여대입구역 1번,139,98,41,1,7,35,44,27,25,0,2,22,28,25,21,1,5,13,16,2,4
20213,A,골목상권,3110305,보문역 5번,883,661,222,3,165,255,173,133,154,1,99,199,129,103,130,2,66,56,44,30,24
20213,D,발달상권,3120070,한성대입구역,466,180,286,2,83,69,78,113,121,2,21,31,37,38,51,0,62,38,41,75,70
20213,A,골목상권,3110331,돌곶이역 8번,441,297,144,3,54,146,113,78,47,0,17,105,83,55,37,3,37,41,30,23,10
20213,A,골목상권,3110334,석관중앙교회,170,105,65,0,21,43,31,41,34,0,8,19,19,29,30,0,13,24,12,12,4
20213,A,골목상권,3110293,삼선중학교,1730,860,870,4,248,467,527,319,165,3,116,277,268,111,85,1,132,190,259,208,80
20213,A,골목상권,3110283,성북초등학교앞,203,78,125,0,16,33,56,80,18,0,8,10,23,27,10,0,8,23,33,53,8
20213,A,골목상권,3110285,홍대부중,814,559,255,9,219,220,210,100,56,6,118,172,163,69,31,3,101,48,47,31,25
20213,A,골목상권,3110312,안암역 2번,150,81,69,0,13,19,47,46,25,0,7,14,24,22,14,0,6,5,23,24,11
20213,A,골목상권,3110316,숭곡초등학교,439,217,222,2,68,114,129,88,38,2,19,58,73,42,23,0,49,56,56,46,15
20213,A,골목상권,3110322,장위1동주민센터,319,224,95,1,33,37,59,95,94,0,25,31,44,66,58,1,8,6,15,29,36
20213,A,골목상권,3110294,서경대학교,391,262,129,0,35,30,93,120,113,0,18,14,46,87,97,0,17,16,47,33,16
20213,A,골목상권,3110319,종암동주민센터,454,111,343,1,46,51,89,146,121,0,8,19,24,32,28,1,38,32,65,114,93
20213,A,골목상권,3110364,미아역 8번,146,75,71,0,9,26,51,39,21,0,3,9,25,23,15,0,6,17,26,16,6
20213,A,골목상권,3110381,번동주공2단지,171,88,83,5,31,28,38,55,14,4,11,14,21,30,8,1,20,14,17,25,6
20213,R,전통시장,3130131,동북프라자,121,49,72,0,9,23,37,29,23,0,4,8,17,9,11,0,5,15,20,20,12
20213,A,골목상권,3110374,송중초등학교,491,272,219,5,33,60,145,140,108,5,9,29,73,70,86,0,24,31,72,70,22
20213,A,골목상권,3110371,삼양입구사거리,49,23,26,0,2,7,10,19,11,0,0,3,5,10,5,0,2,4,5,9,6
20213,A,골목상권,3110363,송천동주민센터,19,12,7,0,0,4,3,7,5,0,0,3,1,4,4,0,0,1,2,3,1
20213,A,골목상권,3110361,삼양사거리역 1번,101,29,72,0,9,12,19,28,33,0,2,4,3,7,13,0,7,8,16,21,20
20213,A,골목상권,3110360,수유초등학교,321,222,99,0,34,61,63,67,96,0,7,43,42,44,86,0,27,18,21,23,10
20213,A,골목상권,3110357,가오리역 1번,725,611,114,0,25,36,171,340,153,0,4,18,146,310,133,0,21,18,25,30,20
20213,A,골목상권,3110340,인수중학교,176,99,77,0,24,55,50,29,18,0,8,43,31,7,10,0,16,12,19,22,8
20213,A,골목상권,3110341,북한산우이역 2번,496,411,85,0,15,25,80,258,118,0,4,10,52,237,108,0,11,15,28,21,10
20213,A,골목상권,3110390,방학초등학교,231,110,121,0,18,63,68,58,24,0,7,36,28,27,12,0,11,27,40,31,12
20213,A,골목상권,3110408,가인초등학교,355,105,250,0,66,70,100,85,34,0,12,24,32,21,16,0,54,46,68,64,18
20213,A,골목상권,3110433,공릉역 2번,401,137,264,1,30,41,46,46,237,1,17,30,25,18,46,0,13,11,21,28,191
20213,R,전통시장,3130157,상계중앙시장,68,35,33,0,14,17,13,15,9,0,8,13,6,6,2,0,6,4,7,9,7
20213,A,골목상권,3110423,석계역 2번,280,104,176,0,27,29,65,73,86,0,9,15,31,29,20,0,18,14,34,44,66
20213,D,발달상권,3120090,연신내역,796,297,499,5,187,160,183,154,107,1,65,66,64,53,48,4,122,94,119,101,59
20213,A,골목상권,3110462,갈현건영아파트,335,216,119,1,40,61,100,72,61,1,23,36,61,48,47,0,17,25,39,24,14
20213,R,전통시장,3130170,제일시장,58,26,32,1,7,9,13,19,9,1,2,2,5,11,5,0,5,7,8,8,4
20213,A,골목상권,3110481,불광역 7번,199,89,110,0,13,44,41,60,41,0,2,23,11,25,28,0,11,21,30,35,13
20213,A,골목상권,3110443,수색역 1번,20,12,8,0,1,2,7,6,4,0,0,2,2,4,4,0,1,0,5,2,0
20213,A,골목상권,3110459,응암역 2번,547,198,349,1,50,105,159,154,78,0,9,38,77,41,33,1,41,67,82,113,45
20213,A,골목상권,3110468,응암역 3번,1202,526,676,2,142,266,324,272,196,0,45,119,142,116,104,2,97,147,182,156,92
20213,A,골목상권,3110478,응암1동주민센터,355,220,135,2,26,37,56,56,178,2,16,23,28,32,119,0,10,14,28,24,59
20213,A,골목상권,3110463,응암3동주민센터,123,54,69,0,7,23,36,26,31,0,3,6,14,11,20,0,4,17,22,15,11
20213,R,전통시장,3130161,증산종합시장,8,5,3,0,0,1,2,2,3,0,0,0,1,2,2,0,0,1,1,0,1
20213,A,골목상권,3110507,명지대학교,1537,1156,381,29,392,636,318,129,33,26,257,481,282,83,27,3,135,155,36,46,6
20213,A,골목상권,3110495,북가좌2동주민센터,501,372,129,0,28,67,125,185,96,0,11,45,88,152,76,0,17,22,37,33,20
20213,R,전통시장,3130179,"이화여대 3,5,7길 상점가",147,65,82,3,34,15,41,31,23,1,12,3,14,17,18,2,22,12,27,14,5
20213,A,골목상권,3110528,서울여자간호대학교,324,160,164,0,11,25,38,72,178,0,10,14,20,24,92,0,1,11,18,48,86
20213,A,골목상권,3110580,양원초등학교,78,20,58,0,3,6,16,25,28,0,0,1,3,11,5,0,3,5,13,14,23
20213,A,골목상권,3110568,광흥창역 1번,67,32,35,0,12,21,14,15,5,0,4,10,6,9,3,0,8,11,8,6,2
20213,A,골목상권,3110545,마포구청역 1번,789,460,329,1,64,151,210,235,128,1,24,92,106,146,91,0,40,59,104,89,37
20213,A,골목상권,3110584,아현역 4번,49,13,36,0,4,7,14,13,11,0,0,0,2,5,6,0,4,7,12,8,5
20213,A,골목상권,3110556,절두산순교성지,176,112,64,3,17,42,58,39,17,3,8,27,39,24,11,0,9,15,19,15,6
20213,A,골목상권,3110622,달마을공원,458,261,197,0,58,90,102,138,70,0,26,47,63,65,60,0,32,43,39,73,10
20213,A,골목상권,3110601,신월1동우편취급국,1200,814,386,3,116,180,274,437,190,1,61,115,183,309,145,2,55,65,91,128,45
20213,A,골목상권,3110598,신월문화체육센터,381,174,207,0,16,50,101,131,83,0,4,22,40,60,48,0,12,28,61,71,35
20213,D,발달상권,3120109,서울남부지방법원,608,342,266,2,56,104,110,170,166,1,18,40,50,104,129,1,38,64,60,66,37
20213,A,골목상권,3110609,신정네거리역 2번,1377,1358,19,0,14,15,52,171,1125,0,10,11,45,168,1124,0,4,4,7,3,1
20213,A,골목상권,3110652,양천향교역 2번,643,483,160,0,70,131,146,169,127,0,32,102,104,139,106,0,38,29,42,30,21
20213,A,골목상권,3110675,화곡4동주민센터,235,161,74,0,13,45,60,59,58,0,6,28,34,46,47,0,7,17,26,13,11
20213,A,골목상권,3110672,백석중학교,168,91,77,1,26,41,35,49,16,1,19,23,14,23,11,0,7,18,21,26,5
20213,A,골목상권,3110660,등촌3동주민센터,4614,2039,2575,10,469,707,766,1291,1371,5,197,427,424,447,539,5,272,280,342,844,832
20213,A,골목상권,3110645,우장산역 4번,782,381,401,0,63,120,238,219,142,0,32,60,86,88,115,0,31,60,152,131,27
20213,R,전통시장,3130213,방신전통시장,112,77,35,0,13,20,25,29,25,0,10,18,14,14,21,0,3,2,11,15,4
20213,A,골목상권,3110630,공항시장역 1번,1472,1008,464,0,157,294,298,328,395,0,67,180,202,240,319,0,90,114,96,88,76
20213,R,전통시장,3130212,공항시장,8,6,2,0,1,0,3,2,2,0,1,0,3,0,2,0,0,0,0,2,0
20213,A,골목상권,3110640,방화역 1번,1019,638,381,3,139,292,240,195,150,3,62,119,167,158,129,0,77,173,73,37,21
20213,A,골목상권,3110655,발산역 5번,589,356,233,0,97,156,148,113,75,0,29,94,98,77,58,0,68,62,50,36,17
20213,D,발달상권,3120126,디지털단지오거리,135,86,49,0,11,30,48,26,20,0,2,16,38,15,15,0,9,14,10,11,5
20213,A,골목상권,3110692,큰굴다리,233,148,85,0,12,52,54,66,49,0,7,19,35,49,38,0,5,33,19,17,11
20213,A,골목상권,3110695,개봉1동주민센터,537,312,225,1,56,150,140,121,69,1,31,97,72,64,47,0,25,53,68,57,22
20213,R,전통시장,3130226,고척프라자,2,2,0,0,1,1,0,0,0,0,1,1,0,0,0,0,0,0,0,0,0
20213,A,골목상권,3110714,구로4동주민센터,261,149,112,0,32,43,54,76,56,0,7,18,31,50,43,0,25,25,23,26,13
20213,A,골목상권,3110708,화원어린이공원,71,33,38,0,10,12,15,24,10,0,3,4,7,10,9,0,7,8,8,14,1
20213,A,골목상권,3110715,구로구민회관,84,59,25,0,12,13,29,23,7,0,5,10,19,19,6,0,7,3,10,4,1
20213,A,골목상권,3110713,구로보건소,2668,1817,851,5,474,650,706,533,300,3,323,472,514,332,173,2,151,178,192,201,127
20213,A,골목상권,3110718,한국SGI본부,1614,1061,553,3,308,462,397,336,108,3,167,313,292,220,66,0,141,149,105,116,42
20213,A,골목상권,3110707,구로창업지원센터,1045,760,285,4,141,266,246,253,135,3,78,195,185,186,113,1,63,71,61,67,22
20213,D,발달상권,3120123,오류동역,2120,1645,475,1,313,413,505,594,294,0,276,331,389,425,224,1,37,82,116,169,70
20213,A,골목상권,3110726,금천철쭉어린이공원(금하마을),222,172,50,0,19,25,41,62,75,0,17,16,22,45,72,0,2,9,19,17,3
20213,A,골목상권,3110727,독산역 1번 출입구,659,514,145,4,72,152,169,191,71,4,48,118,128,165,51,0,24,34,41,26,20
20213,A,골목상권,3110738,문성초등학교,249,125,124,0,17,27,65,90,50,0,12,14,34,40,25,0,5,13,31,50,25
20213,A,골목상권,3110744,독산동성당,486,292,194,0,31,86,125,152,92,0,22,53,69,89,59,0,9,33,56,63,33
20213,R,전통시장,3130232,독산동 맛나는거리상점가(독산동 맛나는거리),33,24,9,0,3,12,5,10,3,0,2,9,4,6,3,0,1,3,1,4,0
20213,D,발달상권,3120133,서울시흥동우체국(홈플러스시흥점),154,66,88,1,16,23,31,43,40,1,7,11,15,12,20,0,9,12,16,31,20
20213,A,골목상권,3110734,금천파출소,92,47,45,0,7,11,21,29,24,0,3,5,14,13,12,0,4,6,7,16,12
20213,R,전통시장,3130236,비단길현대시장(현대시장),139,42,97,0,13,23,49,40,14,0,4,3,12,17,6,0,9,20,37,23,8
20213,A,골목상권,3110747,석수역 1번 출입구,813,612,201,0,46,81,166,224,296,0,27,52,102,165,266,0,19,29,64,59,30
20213,A,골목상권,3110754,삼성산자연공원(서울금천초등학교),202,76,126,1,21,41,48,41,50,0,6,18,29,10,13,1,15,23,19,31,37
20213,D,발달상권,3120138,당산2동(영등포우체국),2754,1653,1101,23,745,579,479,488,440,15,395,347,312,309,275,8,350,232,167,179,165
20213,A,골목상권,3110781,대림한신아파트,182,112,70,0,23,29,51,38,41,0,8,16,34,23,31,0,15,13,17,15,10
20213,A,골목상권,3110776,도신초등학교,168,106,62,0,12,20,48,63,25,0,11,10,35,34,16,0,1,10,13,29,9
20213,A,골목상권,3110792,영등포역 2번,3343,1737,1606,28,554,856,830,851,224,11,223,385,459,526,133,17,331,471,371,325,91
20213,D,발달상권,3120137,문래역(문래로데오거리),50,21,29,2,11,8,13,12,4,0,4,1,7,7,2,2,7,7,6,5,2
20213,A,골목상권,3110812,신길6동주민센터,363,245,118,0,69,115,106,50,23,0,34,78,85,29,19,0,35,37,21,21,4
20213,A,골목상권,3110798,신풍역 2번,53,20,33,0,2,13,14,13,11,0,0,3,3,6,8,0,2,10,11,7,3
20213,A,골목상권,3110811,보라매역 4번,187,94,93,0,22,41,49,52,23,0,8,22,18,27,19,0,14,19,31,25,4
20213,A,골목상권,3110756,문래중학교,275,179,96,0,48,79,78,35,35,0,21,58,52,21,27,0,27,21,26,14,8
20213,R,전통시장,3130257,영등포시장기계공구상가,158,116,42,0,11,26,33,47,41,0,7,16,22,37,34,0,4,10,11,10,7
20213,A,골목상권,3110800,영등포동성당,227,153,74,0,26,34,61,66,40,0,13,22,37,46,35,0,13,12,24,20,5
20213,A,골목상권,3110806,서울시립영등포장애인복지관,76,42,34,0,18,30,13,13,2,0,5,16,9,11,1,0,13,14,4,2,1
20213,A,골목상권,3110820,성남고등학교,3101,2470,631,1,651,742,555,991,161,0,438,581,448,879,124,1,213,161,107,112,37
20213,D,발달상권,3120156,"총신대입구역(이수, 총신대)",3366,1461,1905,14,640,802,748,644,518,7,213,337,380,258,266,7,427,465,368,386,252
20213,A,골목상권,3110839,숭실대입구역 4번,187,67,120,0,10,51,57,46,23,0,2,14,22,11,18,0,8,37,35,35,5
20213,A,골목상권,3110833,상도역 2번,255,163,92,2,20,61,74,74,24,0,17,49,47,34,16,2,3,12,27,40,8
20213,A,골목상권,3110819,신대방역 4번,456,226,230,0,62,93,114,73,114,0,14,33,50,48,81,0,48,60,64,25,33
20213,A,골목상권,3110876,서원동주민센터(신관중학교),49,29,20,0,5,9,16,9,10,0,2,4,10,4,9,0,3,5,6,5,1
20213,R,전통시장,3130284,관악종합시장(신원시장),17,10,7,0,0,1,3,10,3,0,0,1,1,6,2,0,0,0,2,4,1
20213,A,골목상권,3110889,봉천역 6번,376,317,59,0,29,36,69,136,106,0,18,20,47,130,102,0,11,16,22,6,4
20213,A,골목상권,3110901,인헌고등학교(인헌중학교),245,143,102,3,39,58,73,51,21,3,21,35,38,30,16,0,18,23,35,21,5
20213,R,전통시장,3130275,강남골목시장,164,121,43,0,17,38,46,34,29,0,15,32,30,23,21,0,2,6,16,11,8
20213,D,발달상권,3120185,논현역,12723,7377,5346,29,2723,4108,3218,1875,770,10,1037,2421,2225,1194,490,19,1686,1687,993,681,280
20213,A,골목상권,3110908,구반포역,1517,376,1141,0,66,110,396,804,141,0,42,53,71,141,69,0,24,57,325,663,72
20213,A,골목상권,3110916,내방역 4번,1152,592,560,9,216,272,301,208,146,6,58,167,187,91,83,3,158,105,114,117,63
20213,A,골목상권,3110914,내방역 6번,146,116,30,0,26,31,37,26,26,0,17,26,26,24,23,0,9,5,11,2,3
20213,A,골목상권,3110919,내방역 8번,1289,936,353,3,122,279,365,332,188,1,51,165,297,279,143,2,71,114,68,53,45
20213,D,발달상권,3120179,양재역,20226,15999,4227,55,2836,6941,4949,3795,1650,32,1949,5811,4124,2895,1188,23,887,1130,825,900,462
20213,A,골목상권,3110981,국악고교사거리,361,216,145,2,57,77,110,81,34,0,27,36,72,56,25,2,30,41,38,25,9
20213,D,발달상권,3120191,학동역,13888,8123,5765,40,2898,3769,2969,1869,2343,17,1128,2152,2012,1134,1680,23,1770,1617,957,735,663
20213,A,골목상권,3110952,논현목련공원,117,65,52,0,21,23,27,22,24,0,9,13,13,14,16,0,12,10,14,8,8
20213,A,골목상권,3110953,학동근린공원,2487,1583,904,15,679,891,571,218,113,0,336,572,409,180,86,15,343,319,162,38,27
20213,A,골목상권,3110968,강남구청역 2번,1023,596,427,7,327,204,133,121,231,4,177,117,81,68,149,3,150,87,52,53,82
20213,D,발달상권,3120203,강남구청역,7726,4602,3124,27,1589,2070,1890,1381,769,8,650,1218,1293,882,551,19,939,852,597,499,218
20213,A,골목상권,3110966,논현2동주민센터,1634,1016,618,18,470,498,299,216,133,7,256,298,200,146,109,11,214,200,99,70,24
20213,A,골목상권,3110996,대치2동주민센터,1940,1218,722,2,81,274,345,337,901,0,47,206,276,245,444,2,34,68,69,92,457
20213,A,골목상권,3110982,강남구보훈회관,166,74,92,0,31,34,41,41,19,0,7,13,25,14,15,0,24,21,16,27,4
20213,A,골목상권,3111002,한국교통안전공단 강남자동차검사소,317,115,202,0,22,63,65,96,71,0,7,31,21,26,30,0,15,32,44,70,41
20213,A,골목상권,3110973,강남구청역 4번,1448,784,664,4,275,332,289,269,279,1,146,203,162,128,144,3,129,129,127,141,135
20213,A,골목상권,3110987,영동대교남단,410,201,209,1,80,64,74,101,90,1,40,36,31,40,53,0,40,28,43,61,37
20213,A,골목상권,3111022,석촌중학교(방이육교),686,344,342,1,59,145,176,222,83,0,37,95,98,70,44,1,22,50,78,152,39
20213,A,골목상권,3111041,거여역 8번,411,336,75,1,102,118,81,62,47,1,84,93,67,50,41,0,18,25,14,12,6
20213,D,발달상권,3120236,장지역(가든파이브),4622,3221,1401,15,678,1056,1076,989,808,10,373,711,778,710,639,5,305,345,298,279,169
20213,A,골목상권,3111014,송파나루역 2번,521,273,248,1,42,75,119,190,94,0,21,42,67,83,60,1,21,33,52,107,34
20213,A,골목상권,3111031,장지동주민센터(한림연예예술고교),3127,2317,810,8,263,415,651,857,933,2,170,330,497,648,670,6,93,85,154,209,263
20213,R,전통시장,3130314,풍납시장,203,100,103,1,24,42,50,61,25,1,15,27,22,19,16,0,9,15,28,42,9
20214,A,골목상권,3110623,갈산공원,130,99,31,0,27,34,27,31,11,0,23,27,21,21,7,0,4,7,6,10,4
20214,R,전통시장,3130218,신월중앙시장,118,53,65,0,28,34,26,13,17,0,8,12,11,9,13,0,20,22,15,4,4
20214,A,골목상권,3110632,방화역 3번,1075,887,188,2,42,127,400,334,170,1,21,90,353,281,141,1,21,37,47,53,29
20214,A,골목상권,3110651,화원중학교,377,214,163,2,29,50,102,105,89,1,19,31,68,52,43,1,10,19,34,53,46
20214,A,골목상권,3110659,화곡역 4번,844,496,348,11,102,181,234,180,136,9,52,114,140,105,76,2,50,67,94,75,60
20214,A,골목상권,3110696,오류동역 1번,2424,1658,766,32,831,942,326,216,77,16,483,735,235,131,58,16,348,207,91,85,19
20214,A,골목상권,3110697,개봉3동주민센터,230,142,88,1,55,64,49,41,20,1,27,41,31,29,13,0,28,23,18,12,7
20214,A,골목상권,3110698,개웅초등학교(개웅중학교),276,176,100,3,50,50,53,63,57,3,25,32,31,39,46,0,25,18,22,24,11
20214,A,골목상권,3110722,G타워,837,574,263,4,152,296,249,99,37,4,95,205,191,55,24,0,57,91,58,44,13
20214,A,골목상권,3110682,온수역 8번,25,11,14,0,2,4,13,5,1,0,2,2,6,1,0,0,0,2,7,4,1
20214,A,골목상권,3110684,서울공연예술고등학교,251,136,115,2,50,78,61,36,24,0,19,54,34,19,10,2,31,24,27,17,14
20214,A,골목상권,3110688,오류지구대,169,59,110,1,18,18,40,59,33,0,7,10,15,19,8,1,11,8,25,40,25
20214,A,골목상권,3110730,서울축산농협 독산역지점(독산파출소),660,376,284,1,80,105,117,201,156,1,30,58,54,113,120,0,50,47,63,88,36
20214,A,골목상권,3110728,두산초등학교,4560,2778,1782,8,88,138,245,530,3551,8,64,86,123,279,2218,0,24,52,122,251,1333
20214,A,골목상권,3110752,한울중학교,269,117,152,2,25,46,81,79,36,2,13,16,34,33,19,0,12,30,47,46,17
20214,R,전통시장,3130234,푸른터시장(기능상실),7,3,4,0,1,1,0,3,2,0,0,1,0,1,1,0,1,0,0,2,1
20214,R,전통시장,3130235,대명여울빛거리시장(대명시장),298,80,218,0,39,52,77,82,48,0,11,14,25,19,11,0,28,38,52,63,37
20214,A,골목상권,3110743,시흥초등학교(시흥1동우체국),191,130,61,0,18,31,48,50,44,0,10,20,32,37,31,0,8,11,16,13,13
20214,A,골목상권,3110731,금천구청역 1번 출입구,1044,564,480,7,306,385,206,96,44,2,149,230,102,55,26,5,157,155,104,41,18
20214,A,골목상권,3110753,시흥동 은행나무사거리,617,387,230,0,69,100,149,166,133,0,28,68,90,96,105,0,41,32,59,70,28
20214,A,골목상권,3110764,문래역 3번,541,223,318,0,93,127,159,102,60,0,27,39,54,54,49,0,66,88,105,48,11
20214,A,골목상권,3110779,대림갑을명가아파트,33,24,9,0,2,5,13,7,6,0,1,4,10,4,5,0,1,1,3,3,1
20214,R,전통시장,3130242,대림중앙 골목형상점가,66,20,46,0,3,17,17,24,5,0,1,6,5,5,3,0,2,11,12,19,2
20214,A,골목상권,3110765,문래동사거리,889,619,270,2,80,133,209,175,290,1,38,78,140,126,236,1,42,55,69,49,54
20214,A,골목상권,3110810,영신초등학교,403,183,220,0,58,147,59,78,61,0,24,67,27,43,22,0,34,80,32,35,39
20214,A,골목상권,3110813,보라매역 6번,286,167,119,3,22,37,50,74,100,3,15,21,24,39,65,0,7,16,26,35,35
20214,D,발달상권,3120135,양평역,5072,3013,2059,32,1300,1280,1187,776,497,11,626,825,676,441,434,21,674,455,511,335,63
20214,D,발달상권,3120146,한강성심병원,5066,2882,2184,18,1252,1255,1097,821,623,8,405,669,729,584,487,10,847,586,368,237,136
20214,R,전통시장,3130253,영신상가(제일상가),9,7,2,0,2,3,0,2,2,0,2,3,0,1,1,0,0,0,0,1,1
20214,R,전통시장,3130249,동남상가,10,8,2,0,2,0,0,4,4,0,1,0,0,4,3,0,1,0,0,0,1
20214,A,골목상권,3110782,영등포시장역 4번,127,87,40,1,13,24,48,27,14,1,5,16,36,17,12,0,8,8,12,10,2
20214,A,골목상권,3110809,장훈고등학교,112,61,51,0,7,15,30,23,37,0,3,5,11,17,25,0,4,10,19,6,12
20214,A,골목상권,3110834,동작구자원봉사센터,41,25,16,0,3,5,8,11,14,0,2,2,8,6,7,0,1,3,0,5,7
20214,A,골목상권,3110828,노량진역 6번,3010,2066,944,9,471,1047,854,467,162,3,252,711,639,357,104,6,219,336,215,110,58
20214,A,골목상권,3110824,대방역 3번,296,102,194,1,48,91,92,42,22,0,11,26,29,23,13,1,37,65,63,19,9
20214,A,골목상권,3110852,이수역 9번,198,121,77,0,26,35,54,38,45,0,12,20,30,23,36,0,14,15,24,15,9
20214,A,골목상권,3110851,경문고등학교(동작동성당),493,236,257,0,79,137,141,105,31,0,32,53,66,67,18,0,47,84,75,38,13
20214,A,골목상권,3110831,상도4동주민센터,72,40,32,0,3,13,14,29,13,0,3,6,6,18,7,0,0,7,8,11,6
20214,A,골목상권,3110827,NH농협은행 상도동지점,262,93,169,0,39,51,73,65,34,0,11,18,20,28,16,0,28,33,53,37,18
20214,A,골목상권,3110841,중대부중,75,34,41,0,7,12,14,23,19,0,4,7,5,10,8,0,3,5,9,13,11
20214,A,골목상권,3110900,낙성대역 1번(관악구민 종합체육센터),444,246,198,1,94,123,115,88,23,1,48,64,62,53,18,0,46,59,53,35,5
20214,D,발달상권,3120159,서울대입구역,1430,763,667,12,289,320,321,238,250,6,116,164,174,133,170,6,173,156,147,105,80
20214,A,골목상권,3110866,난우중학교,184,101,83,0,23,36,41,65,19,0,14,20,19,32,16,0,9,16,22,33,3
20214,D,발달상권,3120158,녹두거리(대학동),695,550,145,2,31,73,200,279,110,0,7,41,163,241,98,2,24,32,37,38,12
20214,A,골목상권,3110857,미성동주민센터,431,229,202,9,60,64,70,108,120,9,34,48,41,46,51,0,26,16,29,62,69
20214,R,전통시장,3130278,미성동 도깨비시장 골목형상점가,75,16,59,0,0,16,28,24,7,0,0,7,5,2,2,0,0,9,23,22,5
20214,A,골목상권,3110875,보라매동주민센터(당곡고등학교),19,15,4,0,4,2,5,6,2,0,2,2,3,6,2,0,2,0,2,0,0
20214,A,골목상권,3110873,당곡중학교,348,167,181,0,70,79,87,76,36,0,29,39,39,37,23,0,41,40,48,39,13
20214,R,전통시장,3130285,서원동상점가,615,316,299,4,28,56,85,160,282,1,17,38,45,60,155,3,11,18,40,100,127
20214,A,골목상권,3110891,구암초등학교,47,22,25,0,5,1,22,16,3,0,1,0,11,8,2,0,4,1,11,8,1
20214,R,전통시장,3130280,신림종합시장,22,17,5,0,0,1,2,7,12,0,0,0,0,5,12,0,0,1,2,2,0
20214,R,전통시장,3130279,관악신사시장,2159,1727,432,0,365,671,738,355,30,0,172,530,669,333,23,0,193,141,69,22,7
20214,R,전통시장,3130295,인헌시장(원당종합시장),122,48,74,0,20,27,38,23,14,0,3,9,16,12,8,0,17,18,22,11,6
20214,A,골목상권,3110892,관악구 중앙길,709,341,368,0,69,110,159,221,150,0,25,55,76,105,80,0,44,55,83,116,70
20214,A,골목상권,3110899,낙성대역 5번(관악중학교),681,442,239,0,167,178,164,123,49,0,107,130,95,71,39,0,60,48,69,52,10
20214,A,골목상권,3110944,서울나래학교(염곡어린이공원),933,632,301,10,116,213,161,196,237,8,88,169,114,118,135,2,28,44,47,78,102
20214,A,골목상권,3110905,방배노인종합복지관(이수중학교),287,176,111,1,36,71,71,63,45,0,18,38,45,41,34,1,18,33,26,22,11
20214,A,골목상권,3110920,방배역 2번(백석예술대학교),359,205,154,0,23,53,125,118,40,0,5,29,65,75,31,0,18,24,60,43,9
20214,A,골목상권,3110910,내방역 5번,614,240,374,5,72,124,157,176,80,3,30,69,52,49,37,2,42,55,105,127,43
20214,A,골목상권,3110906,서문여고,683,362,321,2,217,106,119,106,133,0,59,58,72,62,111,2,158,48,47,44,22
20214,D,발달상권,3120161,방배동가구거리(사당동가구거리),2517,1833,684,3,187,342,315,347,1323,2,78,178,165,202,1208,1,109,164,150,145,115
20214,R,전통시장,3130296,남부종합시장,85,63,22,0,2,8,25,35,15,0,1,8,16,24,14,0,1,0,9,11,1
20214,D,발달상권,3120175,남부터미널역,8254,5320,2934,32,1703,2482,1996,1297,744,6,856,1692,1362,856,548,26,847,790,634,441,196
20214,A,골목상권,3110932,서울시인재개발원,532,384,148,2,128,170,127,64,41,2,76,116,100,54,36,0,52,54,27,10,5
20214,A,골목상권,3110930,서초동성당,2178,1774,404,8,284,588,694,433,171,2,190,448,591,393,150,6,94,140,103,40,21
20214,A,골목상권,3110931,삼성전자서울R&D(서울우면초등학교),94,47,47,0,36,30,16,6,6,0,11,15,10,6,5,0,25,15,6,0,1
20214,A,골목상권,3110938,바우뫼공원,1522,927,595,0,253,457,423,297,92,0,147,314,251,143,72,0,106,143,172,154,20
20214,A,골목상권,3110942,염곡동 구룡사(포이동성당),3242,1952,1290,7,578,932,791,613,321,3,328,587,461,351,222,4,250,345,330,262,99
20214,A,골목상권,3110943,법제교육센터(버들어린이공원),1122,578,544,1,67,165,357,323,209,1,36,99,151,140,151,0,31,66,206,183,58
20214,A,골목상권,3110994,개포고등학교,494,382,112,7,65,161,123,110,28,4,47,134,103,73,21,3,18,27,20,37,7
20214,R,전통시장,3130305,논현종합시장,85,43,42,0,21,14,14,19,17,0,7,7,6,14,9,0,14,7,8,5,8
20214,D,발달상권,3120193,도산공원교차로,6384,3798,2586,15,1278,1918,1493,983,697,6,466,1071,1021,696,538,9,812,847,472,287,159
20214,D,발달상권,3120220,대치역,5716,3394,2322,26,1854,2307,1022,333,174,2,774,1495,752,234,137,24,1080,812,270,99,37
20214,D,발달상권,3120210,선릉역,48780,26797,21983,117,11358,13636,11065,7952,4652,54,5356,8026,6479,4158,2724,63,6002,5610,4586,3794,1928
20214,D,발달상권,3120221,봉은사역,17557,12129,5428,22,3154,5248,3562,2734,2837,8,2167,4087,2812,1669,1386,14,987,1161,750,1065,1451
20214,A,골목상권,3110988,청담역 3번,1594,1016,578,1,243,425,364,346,215,1,82,247,247,262,177,0,161,178,117,84,38
20214,R,전통시장,3130304,신사상가,24,13,11,0,3,4,6,7,4,0,1,1,3,5,3,0,2,3,3,2,1
20214,D,발달상권,3120197,역삼역,58731,38593,20138,93,10093,18065,15897,10840,3743,43,5229,11924,11872,7083,2442,50,4864,6141,4025,3757,1301
20214,D,발달상권,3120237,경찰병원역,9922,5579,4343,59,1236,1684,1762,1665,3516,25,543,1068,1140,766,2037,34,693,616,622,899,1479
20214,A,골목상권,3111045,개미어린이공원,36,18,18,0,2,7,12,12,3,0,1,1,7,7,2,0,1,6,5,5,1
20214,A,골목상권,3111047,마천1치안센터,111,73,38,0,9,17,34,34,17,0,6,14,19,22,12,0,3,3,15,12,5
20214,A,골목상권,3111043,마천공원,32,13,19,0,1,3,7,12,9,0,0,0,1,6,6,0,1,3,6,6,3
20214,D,발달상권,3120238,방이역,430,260,170,5,53,101,116,79,76,4,25,48,61,57,65,1,28,53,55,22,11
20214,D,발달상권,3120226,석촌고분역,2344,1748,596,6,272,329,431,334,972,5,128,199,262,228,926,1,144,130,169,106,46
20214,A,골목상권,3111012,석촌역 6번,732,332,400,2,91,127,180,183,149,2,23,56,83,93,75,0,68,71,97,90,74
20214,D,발달상권,3120228,석촌역(석촌호수),4494,2725,1769,7,707,1306,1038,695,741,1,288,851,680,410,495,6,419,455,358,285,246
20214,A,골목상권,3111035,오금공원(오주중학교),531,398,133,0,41,90,148,148,104,0,32,66,121,102,77,0,9,24,27,46,27
20214,A,골목상권,3111028,문현중학교(장지역 1번),424,194,230,0,54,66,132,116,56,0,29,36,49,50,30,0,25,30,83,66,26
20214,A,골목상권,3111087,고덕중학교(고덕2동주민센터),197,89,108,0,26,46,62,36,27,0,5,21,26,17,20,0,21,25,36,19,7
20214,D,발달상권,3120246,길동역,3415,1545,1870,14,385,562,837,913,704,8,169,318,417,302,331,6,216,244,420,611,373
20214,A,골목상권,3111083,GS강동자이아파트,411,245,166,0,67,62,70,100,112,0,47,43,41,44,70,0,20,19,29,56,42
20214,R,전통시장,3130325,명일전통시장,89,30,59,0,8,10,13,28,30,0,3,6,5,8,8,0,5,4,8,20,22
20214,A,골목상권,3111074,명일역 1번,147,77,70,2,31,38,40,16,20,1,9,23,23,10,11,1,22,15,17,6,9
20214,A,골목상권,3111053,성내천어린이공원(하니사랑길),6288,4564,1724,6,799,940,1025,1564,1954,3,542,693,750,1053,1523,3,257,247,275,511,431
20214,A,골목상권,3111061,암사역 1번,831,551,280,0,149,186,182,170,144,0,82,128,126,125,90,0,67,58,56,45,54
20214,R,전통시장,3130318,로데오거리상점가,266,132,134,0,31,43,49,55,88,0,9,12,19,26,66,0,22,31,30,29,22
20214,A,골목상권,3111056,천호태영아파트,191,53,138,0,27,35,64,36,29,0,4,5,19,15,10,0,23,30,45,21,19
20214,A,골목상권,3110036,동묘앞역 3번,52,34,18,0,3,6,16,12,15,0,1,3,9,11,10,0,2,3,7,1,5
20214,A,골목상권,3110028,이화달팽이길,704,279,425,1,177,179,137,123,87,0,56,60,56,65,42,1,121,119,81,58,45
20214,D,발달상권,3120010,원남동사거리,4095,2287,1808,50,1544,1304,651,377,169,2,585,792,484,292,132,48,959,512,167,85,37
20214,R,전통시장,3130017,동대문상가C동,12,9,3,0,1,4,4,2,1,0,1,4,3,0,1,0,0,0,1,2,0
20214,D,발달상권,3120016,동대문역,182,115,67,1,10,24,42,40,65,0,6,12,20,28,49,1,4,12,22,12,16
20214,A,골목상권,3110034,창신1동주민센터,41,35,6,0,2,1,14,13,11,0,2,1,10,11,11,0,0,0,4,2,0
20214,A,골목상권,3110014,경복고등학교,194,82,112,0,28,54,40,44,28,0,4,14,21,24,19,0,24,40,19,20,9
20214,A,골목상권,3110001,이북5도청사,1048,625,423,4,130,286,237,257,134,0,48,170,160,167,80,4,82,116,77,90,54
20214,A,골목상권,3110286,한성대입구역 5번,986,472,514,17,187,285,318,122,57,8,70,127,144,83,40,9,117,158,174,39,17
20214,R,전통시장,3130036,중부시장(신중부시장),3089,921,2168,8,1868,593,250,198,172,3,316,189,171,120,122,5,1552,404,79,78,50
20214,D,발달상권,3120033,을지로4가역,867,437,430,7,127,212,194,201,126,1,44,107,99,89,97,6,83,105,95,112,29
20214,U,관광특구,3001492,명동 남대문 북창동 다동 무교동 관광특구,104830,53674,51156,423,27134,34007,23384,15726,4156,137,8860,16080,15133,10824,2640,286,18274,17927,8251,4902,1516
20214,D,발달상권,3120023,서울시청,10242,5534,4708,15,2234,3260,2778,1425,530,4,852,1657,1658,983,380,11,1382,1603,1120,442,150
20214,R,전통시장,3130031,청계천공구상가,921,698,223,2,101,281,234,159,144,1,64,230,181,104,118,1,37,51,53,55,26
20214,D,발달상권,3120021,시청역_8번,23737,14953,8784,73,4071,8120,7087,3484,902,13,1699,4433,5165,2993,650,60,2372,3687,1922,491,252
20214,A,골목상권,3110053,청구역 1번,281,166,115,0,52,69,69,54,37,0,23,45,43,27,28,0,29,24,26,27,9
20214,R,전통시장,3130049,신당 미래유산 먹거리 골목형상점가,42,19,23,0,3,5,9,13,12,0,1,3,0,7,8,0,2,2,9,6,4
20214,D,발달상권,3120043,서울역,22578,15322,7256,58,4087,7782,5513,3664,1474,27,2087,4897,4201,3033,1077,31,2000,2885,1312,631,397
20214,A,골목상권,3110040,중구회현체육센터(정화예술대남산캠퍼스),165,78,87,0,33,30,40,37,25,0,14,15,17,13,19,0,19,15,23,24,6
20214,D,발달상권,3120024,회현역,2167,1364,803,2,341,795,582,250,197,1,146,473,416,192,136,1,195,322,166,58,61
20214,A,골목상권,3110039,회현역 1번,49,26,23,0,2,8,12,14,13,0,0,4,9,8,5,0,2,4,3,6,8
20214,R,전통시장,3130024,남대문시장(자유상가),732,426,306,2,54,129,172,177,198,1,15,75,95,108,132,1,39,54,77,69,66
20214,R,전통시장,3130022,숭례문수입상가(남대문시장),1907,850,1057,0,330,855,598,113,11,0,55,378,338,70,9,0,275,477,260,43,2
20214,D,발달상권,3120045,남영동 먹자골목,4044,1580,2464,7,424,908,1421,1162,122,1,257,576,502,205,39,6,167,332,919,957,83
20214,R,전통시장,3130060,신흥시장,4,1,3,0,0,2,0,2,0,0,0,1,0,0,0,0,0,1,0,2,0
20214,A,골목상권,3110072,열정도,374,244,130,6,108,96,78,51,35,0,51,71,62,37,23,6,57,25,16,14,12
20214,A,골목상권,3110059,새남터성지,385,307,78,0,38,71,113,138,25,0,21,48,99,124,15,0,17,23,14,14,10
20223,U,관광특구,3001491,이태원 관광특구,5839,3064,2775,28,1377,2065,1290,768,311,18,514,986,777,541,228,10,863,1079,513,227,83
20214,A,골목상권,3110069,숙대입구,825,291,534,3,200,296,163,87,76,3,34,92,77,40,45,0,166,204,86,47,31
20214,A,골목상권,3110095,한강진역 3번,1186,801,385,16,160,326,321,298,65,8,61,235,227,226,44,8,99,91,94,72,21
20214,A,골목상권,3110097,한남초등학교,7,4,3,0,2,3,2,0,0,0,0,2,2,0,0,0,2,1,0,0,0
20214,A,골목상권,3110077,삼광초등학교,385,317,68,0,37,86,148,98,16,0,21,66,130,88,12,0,16,20,18,10,4
20214,R,전통시장,3130073,뚝도시장,45,17,28,1,3,10,9,11,11,0,0,2,4,5,6,1,3,8,5,6,5
20214,A,골목상권,3110137,성수초등학교,6605,4295,2310,31,1016,1740,1836,1344,638,22,557,1152,1250,828,486,9,459,588,586,516,152
20214,A,골목상권,3110138,송정체육공원,160,79,81,0,15,27,53,41,24,0,4,12,21,23,19,0,11,15,32,18,5
20214,D,발달상권,3120057,아차산역,2218,1220,998,52,412,432,503,468,351,19,236,257,289,206,213,33,176,175,214,262,138
20214,A,골목상권,3110177,동의초등학교,112,81,31,0,6,25,28,32,21,0,3,14,19,26,19,0,3,11,9,6,2
20214,A,골목상권,3110175,푸른동산공원,367,233,134,0,41,73,108,86,59,0,24,48,69,53,39,0,17,25,39,33,20
20214,A,골목상권,3110146,신자초등학교,742,537,205,0,50,81,212,276,123,0,25,45,160,209,98,0,25,36,52,67,25
20214,A,골목상권,3110150,중곡1동 마을마당,1179,698,481,1,197,352,252,217,160,1,83,194,161,132,127,0,114,158,91,85,33
20214,A,골목상권,3110195,동대문구청,221,115,106,0,41,58,47,40,35,0,12,28,23,27,25,0,29,30,24,13,10
20214,A,골목상권,3110189,제기동역 1번,1538,1086,452,1,233,490,342,167,305,0,98,349,286,136,217,1,135,141,56,31,88
20214,A,골목상권,3110214,경희대후문,86,42,44,0,18,17,24,17,10,0,6,6,13,10,7,0,12,11,11,7,3
20214,A,골목상권,3110224,외대앞역 2번,96,41,55,0,9,14,16,29,28,0,2,4,9,18,8,0,7,10,7,11,20
20214,A,골목상권,3110232,동대부고,579,413,166,0,41,71,119,175,173,0,14,38,80,134,147,0,27,33,39,41,26
20214,A,골목상권,3110201,전농119안전센터,27,11,16,0,2,1,9,10,5,0,1,0,3,4,3,0,1,1,6,6,2
20214,R,전통시장,3130099,전농로터리시장,7,3,4,0,1,0,2,3,1,0,0,0,1,1,1,0,1,0,1,2,0
20214,R,전통시장,3130090,청량리종합시장,19,13,6,0,1,4,3,5,6,0,1,2,3,3,4,0,0,2,0,2,2
20214,R,전통시장,3130093,동서시장,5,3,2,0,0,0,1,2,2,0,0,0,1,0,2,0,0,0,0,2,0
20214,A,골목상권,3110190,고대앞사거리,195,92,103,0,22,34,34,45,60,0,4,18,22,19,29,0,18,16,12,26,31
20214,A,골목상권,3110196,홍릉근린공원,23,12,11,0,1,6,8,5,3,0,1,4,3,2,2,0,0,2,5,3,1
20214,D,발달상권,3120065,회기역,323,205,118,3,48,55,87,76,54,1,27,39,48,49,41,2,21,16,39,27,13
20214,A,골목상권,3110215,회기역 1번,28,18,10,0,3,4,9,7,5,0,3,2,6,3,4,0,0,2,3,4,1
20214,A,골목상권,3110222,회기역 2번,20,17,3,0,0,3,2,6,9,0,0,2,2,4,9,0,0,1,0,2,0
20214,A,골목상권,3110273,장스여성병원,610,446,164,7,31,37,75,209,251,0,4,8,37,168,229,7,27,29,38,41,22
20214,A,골목상권,3110260,면목역 3번,126,74,52,0,24,21,24,29,28,0,14,8,12,20,20,0,10,13,12,9,8
20214,R,전통시장,3130105,장미제일시장(중화동제일시장),63,27,36,0,8,14,22,11,8,0,3,6,14,3,1,0,5,8,8,8,7
20214,A,골목상권,3110257,상봉역 7번,397,330,67,0,17,18,50,133,179,0,6,11,34,118,161,0,11,7,16,15,18
20214,A,골목상권,3110238,배꽃어린이공원,66,48,18,0,6,7,15,23,15,0,4,5,9,15,15,0,2,2,6,8,0
20214,A,골목상권,3110303,성신여대입구역 1번,139,98,41,1,7,35,44,27,25,0,2,22,28,25,21,1,5,13,16,2,4
20214,A,골목상권,3110305,보문역 5번,883,661,222,3,165,255,173,133,154,1,99,199,129,103,130,2,66,56,44,30,24
20214,D,발달상권,3120070,한성대입구역,466,180,286,2,83,69,78,113,121,2,21,31,37,38,51,0,62,38,41,75,70
20214,A,골목상권,3110331,돌곶이역 8번,441,297,144,3,54,146,113,78,47,0,17,105,83,55,37,3,37,41,30,23,10
20214,A,골목상권,3110334,석관중앙교회,170,105,65,0,21,43,31,41,34,0,8,19,19,29,30,0,13,24,12,12,4
20214,A,골목상권,3110293,삼선중학교,1730,860,870,4,248,467,527,319,165,3,116,277,268,111,85,1,132,190,259,208,80
20214,A,골목상권,3110283,성북초등학교앞,203,78,125,0,16,33,56,80,18,0,8,10,23,27,10,0,8,23,33,53,8
20214,A,골목상권,3110285,홍대부중,814,559,255,9,219,220,210,100,56,6,118,172,163,69,31,3,101,48,47,31,25
20214,A,골목상권,3110312,안암역 2번,150,81,69,0,13,19,47,46,25,0,7,14,24,22,14,0,6,5,23,24,11
20214,A,골목상권,3110316,숭곡초등학교,439,217,222,2,68,114,129,88,38,2,19,58,73,42,23,0,49,56,56,46,15
20214,A,골목상권,3110322,장위1동주민센터,319,224,95,1,33,37,59,95,94,0,25,31,44,66,58,1,8,6,15,29,36
20214,A,골목상권,3110294,서경대학교,391,262,129,0,35,30,93,120,113,0,18,14,46,87,97,0,17,16,47,33,16
20214,A,골목상권,3110319,종암동주민센터,454,111,343,1,46,51,89,146,121,0,8,19,24,32,28,1,38,32,65,114,93
20214,A,골목상권,3110364,미아역 8번,146,75,71,0,9,26,51,39,21,0,3,9,25,23,15,0,6,17,26,16,6
20214,A,골목상권,3110381,번동주공2단지,171,88,83,5,31,28,38,55,14,4,11,14,21,30,8,1,20,14,17,25,6
20214,R,전통시장,3130131,동북프라자,121,49,72,0,9,23,37,29,23,0,4,8,17,9,11,0,5,15,20,20,12
20214,A,골목상권,3110374,송중초등학교,491,272,219,5,33,60,145,140,108,5,9,29,73,70,86,0,24,31,72,70,22
20214,A,골목상권,3110371,삼양입구사거리,49,23,26,0,2,7,10,19,11,0,0,3,5,10,5,0,2,4,5,9,6
20214,A,골목상권,3110363,송천동주민센터,19,12,7,0,0,4,3,7,5,0,0,3,1,4,4,0,0,1,2,3,1
20214,A,골목상권,3110361,삼양사거리역 1번,101,29,72,0,9,12,19,28,33,0,2,4,3,7,13,0,7,8,16,21,20
20214,A,골목상권,3110360,수유초등학교,321,222,99,0,34,61,63,67,96,0,7,43,42,44,86,0,27,18,21,23,10
20214,A,골목상권,3110357,가오리역 1번,725,611,114,0,25,36,171,340,153,0,4,18,146,310,133,0,21,18,25,30,20
20214,A,골목상권,3110340,인수중학교,176,99,77,0,24,55,50,29,18,0,8,43,31,7,10,0,16,12,19,22,8
20214,A,골목상권,3110341,북한산우이역 2번,496,411,85,0,15,25,80,258,118,0,4,10,52,237,108,0,11,15,28,21,10
20214,A,골목상권,3110390,방학초등학교,231,110,121,0,18,63,68,58,24,0,7,36,28,27,12,0,11,27,40,31,12
20214,A,골목상권,3110408,가인초등학교,355,105,250,0,66,70,100,85,34,0,12,24,32,21,16,0,54,46,68,64,18
20214,A,골목상권,3110433,공릉역 2번,401,137,264,1,30,41,46,46,237,1,17,30,25,18,46,0,13,11,21,28,191
20214,R,전통시장,3130157,상계중앙시장,68,35,33,0,14,17,13,15,9,0,8,13,6,6,2,0,6,4,7,9,7
20214,A,골목상권,3110423,석계역 2번,280,104,176,0,27,29,65,73,86,0,9,15,31,29,20,0,18,14,34,44,66
20214,D,발달상권,3120090,연신내역,796,297,499,5,187,160,183,154,107,1,65,66,64,53,48,4,122,94,119,101,59
20214,A,골목상권,3110462,갈현건영아파트,335,216,119,1,40,61,100,72,61,1,23,36,61,48,47,0,17,25,39,24,14
20214,R,전통시장,3130170,제일시장,58,26,32,1,7,9,13,19,9,1,2,2,5,11,5,0,5,7,8,8,4
20214,A,골목상권,3110481,불광역 7번,199,89,110,0,13,44,41,60,41,0,2,23,11,25,28,0,11,21,30,35,13
20214,A,골목상권,3110443,수색역 1번,20,12,8,0,1,2,7,6,4,0,0,2,2,4,4,0,1,0,5,2,0
20214,A,골목상권,3110459,응암역 2번,547,198,349,1,50,105,159,154,78,0,9,38,77,41,33,1,41,67,82,113,45
20214,A,골목상권,3110468,응암역 3번,1202,526,676,2,142,266,324,272,196,0,45,119,142,116,104,2,97,147,182,156,92
20214,A,골목상권,3110478,응암1동주민센터,355,220,135,2,26,37,56,56,178,2,16,23,28,32,119,0,10,14,28,24,59
20214,A,골목상권,3110463,응암3동주민센터,123,54,69,0,7,23,36,26,31,0,3,6,14,11,20,0,4,17,22,15,11
20214,R,전통시장,3130161,증산종합시장,8,5,3,0,0,1,2,2,3,0,0,0,1,2,2,0,0,1,1,0,1
20214,A,골목상권,3110507,명지대학교,1537,1156,381,29,392,636,318,129,33,26,257,481,282,83,27,3,135,155,36,46,6
20214,A,골목상권,3110495,북가좌2동주민센터,501,372,129,0,28,67,125,185,96,0,11,45,88,152,76,0,17,22,37,33,20
20214,R,전통시장,3130179,"이화여대 3,5,7길 상점가",147,65,82,3,34,15,41,31,23,1,12,3,14,17,18,2,22,12,27,14,5
20214,A,골목상권,3110528,서울여자간호대학교,324,160,164,0,11,25,38,72,178,0,10,14,20,24,92,0,1,11,18,48,86
20214,A,골목상권,3110580,양원초등학교,78,20,58,0,3,6,16,25,28,0,0,1,3,11,5,0,3,5,13,14,23
20214,A,골목상권,3110568,광흥창역 1번,67,32,35,0,12,21,14,15,5,0,4,10,6,9,3,0,8,11,8,6,2
20214,A,골목상권,3110545,마포구청역 1번,789,460,329,1,64,151,210,235,128,1,24,92,106,146,91,0,40,59,104,89,37
20214,A,골목상권,3110584,아현역 4번,49,13,36,0,4,7,14,13,11,0,0,0,2,5,6,0,4,7,12,8,5
20214,A,골목상권,3110556,절두산순교성지,176,112,64,3,17,42,58,39,17,3,8,27,39,24,11,0,9,15,19,15,6
20214,A,골목상권,3110622,달마을공원,458,261,197,0,58,90,102,138,70,0,26,47,63,65,60,0,32,43,39,73,10
20214,A,골목상권,3110601,신월1동우편취급국,1200,814,386,3,116,180,274,437,190,1,61,115,183,309,145,2,55,65,91,128,45
20214,A,골목상권,3110598,신월문화체육센터,381,174,207,0,16,50,101,131,83,0,4,22,40,60,48,0,12,28,61,71,35
20214,D,발달상권,3120109,서울남부지방법원,608,342,266,2,56,104,110,170,166,1,18,40,50,104,129,1,38,64,60,66,37
20214,A,골목상권,3110609,신정네거리역 2번,1377,1358,19,0,14,15,52,171,1125,0,10,11,45,168,1124,0,4,4,7,3,1
20214,A,골목상권,3110652,양천향교역 2번,643,483,160,0,70,131,146,169,127,0,32,102,104,139,106,0,38,29,42,30,21
20214,A,골목상권,3110675,화곡4동주민센터,235,161,74,0,13,45,60,59,58,0,6,28,34,46,47,0,7,17,26,13,11
20214,A,골목상권,3110672,백석중학교,168,91,77,1,26,41,35,49,16,1,19,23,14,23,11,0,7,18,21,26,5
20214,A,골목상권,3110660,등촌3동주민센터,4614,2039,2575,10,469,707,766,1291,1371,5,197,427,424,447,539,5,272,280,342,844,832
20214,A,골목상권,3110645,우장산역 4번,782,381,401,0,63,120,238,219,142,0,32,60,86,88,115,0,31,60,152,131,27
20214,R,전통시장,3130213,방신전통시장,112,77,35,0,13,20,25,29,25,0,10,18,14,14,21,0,3,2,11,15,4
20214,A,골목상권,3110630,공항시장역 1번,1472,1008,464,0,157,294,298,328,395,0,67,180,202,240,319,0,90,114,96,88,76
20214,R,전통시장,3130212,공항시장,8,6,2,0,1,0,3,2,2,0,1,0,3,0,2,0,0,0,0,2,0
20214,A,골목상권,3110640,방화역 1번,1019,638,381,3,139,292,240,195,150,3,62,119,167,158,129,0,77,173,73,37,21
20214,A,골목상권,3110655,발산역 5번,589,356,233,0,97,156,148,113,75,0,29,94,98,77,58,0,68,62,50,36,17
20214,D,발달상권,3120126,디지털단지오거리,135,86,49,0,11,30,48,26,20,0,2,16,38,15,15,0,9,14,10,11,5
20214,A,골목상권,3110692,큰굴다리,233,148,85,0,12,52,54,66,49,0,7,19,35,49,38,0,5,33,19,17,11
20214,A,골목상권,3110695,개봉1동주민센터,537,312,225,1,56,150,140,121,69,1,31,97,72,64,47,0,25,53,68,57,22
20214,R,전통시장,3130226,고척프라자,2,2,0,0,1,1,0,0,0,0,1,1,0,0,0,0,0,0,0,0,0
20214,A,골목상권,3110714,구로4동주민센터,261,149,112,0,32,43,54,76,56,0,7,18,31,50,43,0,25,25,23,26,13
20214,A,골목상권,3110708,화원어린이공원,71,33,38,0,10,12,15,24,10,0,3,4,7,10,9,0,7,8,8,14,1
20214,A,골목상권,3110715,구로구민회관,84,59,25,0,12,13,29,23,7,0,5,10,19,19,6,0,7,3,10,4,1
20194,D,발달상권,3120045,남영동 먹자골목,4044,1580,2464,7,424,908,1421,1162,122,1,257,576,502,205,39,6,167,332,919,957,83
20194,R,전통시장,3130060,신흥시장,4,1,3,0,0,2,0,2,0,0,0,1,0,0,0,0,0,1,0,2,0
20194,A,골목상권,3110072,열정도,374,244,130,6,108,96,78,51,35,0,51,71,62,37,23,6,57,25,16,14,12
20194,A,골목상권,3110059,새남터성지,385,307,78,0,38,71,113,138,25,0,21,48,99,124,15,0,17,23,14,14,10
20224,U,관광특구,3001491,이태원 관광특구,5839,3064,2775,28,1377,2065,1290,768,311,18,514,986,777,541,228,10,863,1079,513,227,83
20194,A,골목상권,3110069,숙대입구,825,291,534,3,200,296,163,87,76,3,34,92,77,40,45,0,166,204,86,47,31
20194,A,골목상권,3110095,한강진역 3번,1186,801,385,16,160,326,321,298,65,8,61,235,227,226,44,8,99,91,94,72,21
20194,A,골목상권,3110097,한남초등학교,7,4,3,0,2,3,2,0,0,0,0,2,2,0,0,0,2,1,0,0,0
20194,A,골목상권,3110077,삼광초등학교,385,317,68,0,37,86,148,98,16,0,21,66,130,88,12,0,16,20,18,10,4
20194,A,골목상권,3110103,옥수터널,13,11,2,1,0,2,2,6,2,0,0,2,2,5,2,1,0,0,0,1,0
20194,R,전통시장,3130073,뚝도시장,45,17,28,1,3,10,9,11,11,0,0,2,4,5,6,1,3,8,5,6,5
20194,A,골목상권,3110137,성수초등학교,6605,4295,2310,31,1016,1740,1836,1344,638,22,557,1152,1250,828,486,9,459,588,586,516,152
20194,A,골목상권,3110138,송정체육공원,160,79,81,0,15,27,53,41,24,0,4,12,21,23,19,0,11,15,32,18,5
20194,D,발달상권,3120057,아차산역,2218,1220,998,52,412,432,503,468,351,19,236,257,289,206,213,33,176,175,214,262,138
20194,A,골목상권,3110177,동의초등학교,112,81,31,0,6,25,28,32,21,0,3,14,19,26,19,0,3,11,9,6,2
20194,A,골목상권,3110175,푸른동산공원,367,233,134,0,41,73,108,86,59,0,24,48,69,53,39,0,17,25,39,33,20
20194,A,골목상권,3110146,신자초등학교,742,537,205,0,50,81,212,276,123,0,25,45,160,209,98,0,25,36,52,67,25
20194,A,골목상권,3110150,중곡1동 마을마당,1179,698,481,1,197,352,252,217,160,1,83,194,161,132,127,0,114,158,91,85,33
20194,A,골목상권,3110195,동대문구청,221,115,106,0,41,58,47,40,35,0,12,28,23,27,25,0,29,30,24,13,10
20194,A,골목상권,3110189,제기동역 1번,1538,1086,452,1,233,490,342,167,305,0,98,349,286,136,217,1,135,141,56,31,88
20194,A,골목상권,3110214,경희대후문,86,42,44,0,18,17,24,17,10,0,6,6,13,10,7,0,12,11,11,7,3
20194,A,골목상권,3110224,외대앞역 2번,96,41,55,0,9,14,16,29,28,0,2,4,9,18,8,0,7,10,7,11,20
20194,A,골목상권,3110232,동대부고,579,413,166,0,41,71,119,175,173,0,14,38,80,134,147,0,27,33,39,41,26
20194,A,골목상권,3110201,전농119안전센터,27,11,16,0,2,1,9,10,5,0,1,0,3,4,3,0,1,1,6,6,2
20194,R,전통시장,3130099,전농로터리시장,7,3,4,0,1,0,2,3,1,0,0,0,1,1,1,0,1,0,1,2,0
20194,R,전통시장,3130090,청량리종합시장,19,13,6,0,1,4,3,5,6,0,1,2,3,3,4,0,0,2,0,2,2
20194,R,전통시장,3130093,동서시장,5,3,2,0,0,0,1,2,2,0,0,0,1,0,2,0,0,0,0,2,0
20194,A,골목상권,3110190,고대앞사거리,195,92,103,0,22,34,34,45,60,0,4,18,22,19,29,0,18,16,12,26,31
20194,A,골목상권,3110196,홍릉근린공원,23,12,11,0,1,6,8,5,3,0,1,4,3,2,2,0,0,2,5,3,1
20194,D,발달상권,3120065,회기역,323,205,118,3,48,55,87,76,54,1,27,39,48,49,41,2,21,16,39,27,13
20194,A,골목상권,3110215,회기역 1번,28,18,10,0,3,4,9,7,5,0,3,2,6,3,4,0,0,2,3,4,1
20194,A,골목상권,3110222,회기역 2번,20,17,3,0,0,3,2,6,9,0,0,2,2,4,9,0,0,1,0,2,0
20194,A,골목상권,3110273,장스여성병원,610,446,164,7,31,37,75,209,251,0,4,8,37,168,229,7,27,29,38,41,22
20194,A,골목상권,3110260,면목역 3번,126,74,52,0,24,21,24,29,28,0,14,8,12,20,20,0,10,13,12,9,8
20194,R,전통시장,3130105,장미제일시장(중화동제일시장),63,27,36,0,8,14,22,11,8,0,3,6,14,3,1,0,5,8,8,8,7
20194,A,골목상권,3110257,상봉역 7번,397,330,67,0,17,18,50,133,179,0,6,11,34,118,161,0,11,7,16,15,18
20194,A,골목상권,3110238,배꽃어린이공원,66,48,18,0,6,7,15,23,15,0,4,5,9,15,15,0,2,2,6,8,0
20194,A,골목상권,3110303,성신여대입구역 1번,139,98,41,1,7,35,44,27,25,0,2,22,28,25,21,1,5,13,16,2,4
20194,A,골목상권,3110305,보문역 5번,883,661,222,3,165,255,173,133,154,1,99,199,129,103,130,2,66,56,44,30,24
20194,D,발달상권,3120070,한성대입구역,466,180,286,2,83,69,78,113,121,2,21,31,37,38,51,0,62,38,41,75,70
20194,A,골목상권,3110331,돌곶이역 8번,441,297,144,3,54,146,113,78,47,0,17,105,83,55,37,3,37,41,30,23,10
20194,A,골목상권,3110334,석관중앙교회,170,105,65,0,21,43,31,41,34,0,8,19,19,29,30,0,13,24,12,12,4
20194,A,골목상권,3110293,삼선중학교,1730,860,870,4,248,467,527,319,165,3,116,277,268,111,85,1,132,190,259,208,80
20194,A,골목상권,3110283,성북초등학교앞,203,78,125,0,16,33,56,80,18,0,8,10,23,27,10,0,8,23,33,53,8
20194,A,골목상권,3110285,홍대부중,814,559,255,9,219,220,210,100,56,6,118,172,163,69,31,3,101,48,47,31,25
20194,A,골목상권,3110312,안암역 2번,150,81,69,0,13,19,47,46,25,0,7,14,24,22,14,0,6,5,23,24,11
20194,A,골목상권,3110316,숭곡초등학교,439,217,222,2,68,114,129,88,38,2,19,58,73,42,23,0,49,56,56,46,15
20194,A,골목상권,3110322,장위1동주민센터,319,224,95,1,33,37,59,95,94,0,25,31,44,66,58,1,8,6,15,29,36
20194,A,골목상권,3110294,서경대학교,391,262,129,0,35,30,93,120,113,0,18,14,46,87,97,0,17,16,47,33,16
20194,A,골목상권,3110319,종암동주민센터,454,111,343,1,46,51,89,146,121,0,8,19,24,32,28,1,38,32,65,114,93
20194,A,골목상권,3110364,미아역 8번,146,75,71,0,9,26,51,39,21,0,3,9,25,23,15,0,6,17,26,16,6
20194,A,골목상권,3110381,번동주공2단지,171,88,83,5,31,28,38,55,14,4,11,14,21,30,8,1,20,14,17,25,6
20194,R,전통시장,3130131,동북프라자,121,49,72,0,9,23,37,29,23,0,4,8,17,9,11,0,5,15,20,20,12
20194,A,골목상권,3110374,송중초등학교,491,272,219,5,33,60,145,140,108,5,9,29,73,70,86,0,24,31,72,70,22
20194,A,골목상권,3110371,삼양입구사거리,49,23,26,0,2,7,10,19,11,0,0,3,5,10,5,0,2,4,5,9,6
20194,A,골목상권,3110363,송천동주민센터,19,12,7,0,0,4,3,7,5,0,0,3,1,4,4,0,0,1,2,3,1
20194,A,골목상권,3110361,삼양사거리역 1번,101,29,72,0,9,12,19,28,33,0,2,4,3,7,13,0,7,8,16,21,20
20194,A,골목상권,3110360,수유초등학교,321,222,99,0,34,61,63,67,96,0,7,43,42,44,86,0,27,18,21,23,10
20194,A,골목상권,3110357,가오리역 1번,725,611,114,0,25,36,171,340,153,0,4,18,146,310,133,0,21,18,25,30,20
20194,A,골목상권,3110340,인수중학교,176,99,77,0,24,55,50,29,18,0,8,43,31,7,10,0,16,12,19,22,8
20194,A,골목상권,3110341,북한산우이역 2번,496,411,85,0,15,25,80,258,118,0,4,10,52,237,108,0,11,15,28,21,10
20194,A,골목상권,3110390,방학초등학교,231,110,121,0,18,63,68,58,24,0,7,36,28,27,12,0,11,27,40,31,12
20194,A,골목상권,3110408,가인초등학교,355,105,250,0,66,70,100,85,34,0,12,24,32,21,16,0,54,46,68,64,18
20194,A,골목상권,3110433,공릉역 2번,401,137,264,1,30,41,46,46,237,1,17,30,25,18,46,0,13,11,21,28,191
20194,R,전통시장,3130157,상계중앙시장,68,35,33,0,14,17,13,15,9,0,8,13,6,6,2,0,6,4,7,9,7
20194,A,골목상권,3110423,석계역 2번,280,104,176,0,27,29,65,73,86,0,9,15,31,29,20,0,18,14,34,44,66
20194,D,발달상권,3120090,연신내역,796,297,499,5,187,160,183,154,107,1,65,66,64,53,48,4,122,94,119,101,59
20194,A,골목상권,3110462,갈현건영아파트,335,216,119,1,40,61,100,72,61,1,23,36,61,48,47,0,17,25,39,24,14
20194,R,전통시장,3130170,제일시장,58,26,32,1,7,9,13,19,9,1,2,2,5,11,5,0,5,7,8,8,4
20194,A,골목상권,3110481,불광역 7번,199,89,110,0,13,44,41,60,41,0,2,23,11,25,28,0,11,21,30,35,13
20194,A,골목상권,3110443,수색역 1번,20,12,8,0,1,2,7,6,4,0,0,2,2,4,4,0,1,0,5,2,0
20194,A,골목상권,3110459,응암역 2번,547,198,349,1,50,105,159,154,78,0,9,38,77,41,33,1,41,67,82,113,45
20194,A,골목상권,3110468,응암역 3번,1202,526,676,2,142,266,324,272,196,0,45,119,142,116,104,2,97,147,182,156,92
20194,A,골목상권,3110478,응암1동주민센터,355,220,135,2,26,37,56,56,178,2,16,23,28,32,119,0,10,14,28,24,59
20194,A,골목상권,3110463,응암3동주민센터,123,54,69,0,7,23,36,26,31,0,3,6,14,11,20,0,4,17,22,15,11
20194,R,전통시장,3130161,증산종합시장,8,5,3,0,0,1,2,2,3,0,0,0,1,2,2,0,0,1,1,0,1
20194,A,골목상권,3110507,명지대학교,1537,1156,381,29,392,636,318,129,33,26,257,481,282,83,27,3,135,155,36,46,6
20194,A,골목상권,3110495,북가좌2동주민센터,501,372,129,0,28,67,125,185,96,0,11,45,88,152,76,0,17,22,37,33,20
20194,R,전통시장,3130179,"이화여대 3,5,7길 상점가",147,65,82,3,34,15,41,31,23,1,12,3,14,17,18,2,22,12,27,14,5
20194,A,골목상권,3110528,서울여자간호대학교,324,160,164,0,11,25,38,72,178,0,10,14,20,24,92,0,1,11,18,48,86
20194,A,골목상권,3110580,양원초등학교,78,20,58,0,3,6,16,25,28,0,0,1,3,11,5,0,3,5,13,14,23
20194,A,골목상권,3110568,광흥창역 1번,67,32,35,0,12,21,14,15,5,0,4,10,6,9,3,0,8,11,8,6,2
20194,A,골목상권,3110545,마포구청역 1번,789,460,329,1,64,151,210,235,128,1,24,92,106,146,91,0,40,59,104,89,37
20194,A,골목상권,3110584,아현역 4번,49,13,36,0,4,7,14,13,11,0,0,0,2,5,6,0,4,7,12,8,5
20194,A,골목상권,3110556,절두산순교성지,176,112,64,3,17,42,58,39,17,3,8,27,39,24,11,0,9,15,19,15,6
20194,A,골목상권,3110622,달마을공원,458,261,197,0,58,90,102,138,70,0,26,47,63,65,60,0,32,43,39,73,10
20194,A,골목상권,3110601,신월1동우편취급국,1200,814,386,3,116,180,274,437,190,1,61,115,183,309,145,2,55,65,91,128,45
20194,A,골목상권,3110598,신월문화체육센터,381,174,207,0,16,50,101,131,83,0,4,22,40,60,48,0,12,28,61,71,35
20194,D,발달상권,3120109,서울남부지방법원,608,342,266,2,56,104,110,170,166,1,18,40,50,104,129,1,38,64,60,66,37
20194,A,골목상권,3110609,신정네거리역 2번,1377,1358,19,0,14,15,52,171,1125,0,10,11,45,168,1124,0,4,4,7,3,1
20194,A,골목상권,3110652,양천향교역 2번,643,483,160,0,70,131,146,169,127,0,32,102,104,139,106,0,38,29,42,30,21
20194,A,골목상권,3110675,화곡4동주민센터,235,161,74,0,13,45,60,59,58,0,6,28,34,46,47,0,7,17,26,13,11
20194,A,골목상권,3110672,백석중학교,168,91,77,1,26,41,35,49,16,1,19,23,14,23,11,0,7,18,21,26,5
20194,A,골목상권,3110660,등촌3동주민센터,4614,2039,2575,10,469,707,766,1291,1371,5,197,427,424,447,539,5,272,280,342,844,832
20194,A,골목상권,3110645,우장산역 4번,782,381,401,0,63,120,238,219,142,0,32,60,86,88,115,0,31,60,152,131,27
20194,R,전통시장,3130213,방신전통시장,112,77,35,0,13,20,25,29,25,0,10,18,14,14,21,0,3,2,11,15,4
20194,A,골목상권,3110630,공항시장역 1번,1472,1008,464,0,157,294,298,328,395,0,67,180,202,240,319,0,90,114,96,88,76
20194,R,전통시장,3130212,공항시장,8,6,2,0,1,0,3,2,2,0,1,0,3,0,2,0,0,0,0,2,0
20194,A,골목상권,3110640,방화역 1번,1019,638,381,3,139,292,240,195,150,3,62,119,167,158,129,0,77,173,73,37,21
20194,A,골목상권,3110655,발산역 5번,589,356,233,0,97,156,148,113,75,0,29,94,98,77,58,0,68,62,50,36,17
20194,D,발달상권,3120126,디지털단지오거리,135,86,49,0,11,30,48,26,20,0,2,16,38,15,15,0,9,14,10,11,5
20194,A,골목상권,3110692,큰굴다리,233,148,85,0,12,52,54,66,49,0,7,19,35,49,38,0,5,33,19,17,11
20194,A,골목상권,3110695,개봉1동주민센터,537,312,225,1,56,150,140,121,69,1,31,97,72,64,47,0,25,53,68,57,22
20194,R,전통시장,3130226,고척프라자,2,2,0,0,1,1,0,0,0,0,1,1,0,0,0,0,0,0,0,0,0
20194,A,골목상권,3110714,구로4동주민센터,261,149,112,0,32,43,54,76,56,0,7,18,31,50,43,0,25,25,23,26,13
20194,A,골목상권,3110708,화원어린이공원,71,33,38,0,10,12,15,24,10,0,3,4,7,10,9,0,7,8,8,14,1
20194,A,골목상권,3110715,구로구민회관,84,59,25,0,12,13,29,23,7,0,5,10,19,19,6,0,7,3,10,4,1
20194,A,골목상권,3110713,구로보건소,2668,1817,851,5,474,650,706,533,300,3,323,472,514,332,173,2,151,178,192,201,127
20194,A,골목상권,3110718,한국SGI본부,1614,1061,553,3,308,462,397,336,108,3,167,313,292,220,66,0,141,149,105,116,42
20194,A,골목상권,3110707,구로창업지원센터,1045,760,285,4,141,266,246,253,135,3,78,195,185,186,113,1,63,71,61,67,22
20194,D,발달상권,3120123,오류동역,2120,1645,475,1,313,413,505,594,294,0,276,331,389,425,224,1,37,82,116,169,70
20194,A,골목상권,3110726,금천철쭉어린이공원(금하마을),222,172,50,0,19,25,41,62,75,0,17,16,22,45,72,0,2,9,19,17,3
20194,A,골목상권,3110727,독산역 1번 출입구,659,514,145,4,72,152,169,191,71,4,48,118,128,165,51,0,24,34,41,26,20
20194,A,골목상권,3110738,문성초등학교,249,125,124,0,17,27,65,90,50,0,12,14,34,40,25,0,5,13,31,50,25
20194,A,골목상권,3110744,독산동성당,486,292,194,0,31,86,125,152,92,0,22,53,69,89,59,0,9,33,56,63,33
20194,R,전통시장,3130232,독산동 맛나는거리상점가(독산동 맛나는거리),33,24,9,0,3,12,5,10,3,0,2,9,4,6,3,0,1,3,1,4,0
20194,D,발달상권,3120133,서울시흥동우체국(홈플러스시흥점),154,66,88,1,16,23,31,43,40,1,7,11,15,12,20,0,9,12,16,31,20
20194,A,골목상권,3110734,금천파출소,92,47,45,0,7,11,21,29,24,0,3,5,14,13,12,0,4,6,7,16,12
20194,R,전통시장,3130236,비단길현대시장(현대시장),139,42,97,0,13,23,49,40,14,0,4,3,12,17,6,0,9,20,37,23,8
20194,A,골목상권,3110747,석수역 1번 출입구,813,612,201,0,46,81,166,224,296,0,27,52,102,165,266,0,19,29,64,59,30
20194,A,골목상권,3110754,삼성산자연공원(서울금천초등학교),202,76,126,1,21,41,48,41,50,0,6,18,29,10,13,1,15,23,19,31,37
20194,D,발달상권,3120138,당산2동(영등포우체국),2754,1653,1101,23,745,579,479,488,440,15,395,347,312,309,275,8,350,232,167,179,165
20194,A,골목상권,3110781,대림한신아파트,182,112,70,0,23,29,51,38,41,0,8,16,34,23,31,0,15,13,17,15,10
20194,A,골목상권,3110776,도신초등학교,168,106,62,0,12,20,48,63,25,0,11,10,35,34,16,0,1,10,13,29,9
20194,A,골목상권,3110792,영등포역 2번,3343,1737,1606,28,554,856,830,851,224,11,223,385,459,526,133,17,331,471,371,325,91
20194,D,발달상권,3120137,문래역(문래로데오거리),50,21,29,2,11,8,13,12,4,0,4,1,7,7,2,2,7,7,6,5,2
20194,A,골목상권,3110812,신길6동주민센터,363,245,118,0,69,115,106,50,23,0,34,78,85,29,19,0,35,37,21,21,4
20194,A,골목상권,3110798,신풍역 2번,53,20,33,0,2,13,14,13,11,0,0,3,3,6,8,0,2,10,11,7,3
20194,A,골목상권,3110811,보라매역 4번,187,94,93,0,22,41,49,52,23,0,8,22,18,27,19,0,14,19,31,25,4
20194,A,골목상권,3110756,문래중학교,275,179,96,0,48,79,78,35,35,0,21,58,52,21,27,0,27,21,26,14,8
20194,R,전통시장,3130257,영등포시장기계공구상가,158,116,42,0,11,26,33,47,41,0,7,16,22,37,34,0,4,10,11,10,7
20194,A,골목상권,3110800,영등포동성당,227,153,74,0,26,34,61,66,40,0,13,22,37,46,35,0,13,12,24,20,5
20194,A,골목상권,3110806,서울시립영등포장애인복지관,76,42,34,0,18,30,13,13,2,0,5,16,9,11,1,0,13,14,4,2,1
20194,A,골목상권,3110820,성남고등학교,3101,2470,631,1,651,742,555,991,161,0,438,581,448,879,124,1,213,161,107,112,37
20194,D,발달상권,3120156,"총신대입구역(이수, 총신대)",3366,1461,1905,14,640,802,748,644,518,7,213,337,380,258,266,7,427,465,368,386,252
20194,A,골목상권,3110839,숭실대입구역 4번,187,67,120,0,10,51,57,46,23,0,2,14,22,11,18,0,8,37,35,35,5
20194,A,골목상권,3110833,상도역 2번,255,163,92,2,20,61,74,74,24,0,17,49,47,34,16,2,3,12,27,40,8
20194,A,골목상권,3110819,신대방역 4번,456,226,230,0,62,93,114,73,114,0,14,33,50,48,81,0,48,60,64,25,33
20194,A,골목상권,3110876,서원동주민센터(신관중학교),49,29,20,0,5,9,16,9,10,0,2,4,10,4,9,0,3,5,6,5,1
20194,R,전통시장,3130284,관악종합시장(신원시장),17,10,7,0,0,1,3,10,3,0,0,1,1,6,2,0,0,0,2,4,1
20194,A,골목상권,3110889,봉천역 6번,376,317,59,0,29,36,69,136,106,0,18,20,47,130,102,0,11,16,22,6,4
20194,A,골목상권,3110901,인헌고등학교(인헌중학교),245,143,102,3,39,58,73,51,21,3,21,35,38,30,16,0,18,23,35,21,5
20194,R,전통시장,3130275,강남골목시장,164,121,43,0,17,38,46,34,29,0,15,32,30,23,21,0,2,6,16,11,8
20194,D,발달상권,3120185,논현역,12723,7377,5346,29,2723,4108,3218,1875,770,10,1037,2421,2225,1194,490,19,1686,1687,993,681,280
20194,A,골목상권,3110908,구반포역,1517,376,1141,0,66,110,396,804,141,0,42,53,71,141,69,0,24,57,325,663,72
20194,A,골목상권,3110916,내방역 4번,1152,592,560,9,216,272,301,208,146,6,58,167,187,91,83,3,158,105,114,117,63
20194,A,골목상권,3110914,내방역 6번,146,116,30,0,26,31,37,26,26,0,17,26,26,24,23,0,9,5,11,2,3
20194,A,골목상권,3110919,내방역 8번,1289,936,353,3,122,279,365,332,188,1,51,165,297,279,143,2,71,114,68,53,45
20194,D,발달상권,3120179,양재역,20226,15999,4227,55,2836,6941,4949,3795,1650,32,1949,5811,4124,2895,1188,23,887,1130,825,900,462
20194,A,골목상권,3110981,국악고교사거리,361,216,145,2,57,77,110,81,34,0,27,36,72,56,25,2,30,41,38,25,9
20194,D,발달상권,3120191,학동역,13888,8123,5765,40,2898,3769,2969,1869,2343,17,1128,2152,2012,1134,1680,23,1770,1617,957,735,663
20194,A,골목상권,3110952,논현목련공원,117,65,52,0,21,23,27,22,24,0,9,13,13,14,16,0,12,10,14,8,8
20194,A,골목상권,3110953,학동근린공원,2487,1583,904,15,679,891,571,218,113,0,336,572,409,180,86,15,343,319,162,38,27
20194,A,골목상권,3110968,강남구청역 2번,1023,596,427,7,327,204,133,121,231,4,177,117,81,68,149,3,150,87,52,53,82
20194,D,발달상권,3120203,강남구청역,7726,4602,3124,27,1589,2070,1890,1381,769,8,650,1218,1293,882,551,19,939,852,597,499,218
20194,A,골목상권,3110966,논현2동주민센터,1634,1016,618,18,470,498,299,216,133,7,256,298,200,146,109,11,214,200,99,70,24
20194,A,골목상권,3110996,대치2동주민센터,1940,1218,722,2,81,274,345,337,901,0,47,206,276,245,444,2,34,68,69,92,457
20194,A,골목상권,3110982,강남구보훈회관,166,74,92,0,31,34,41,41,19,0,7,13,25,14,15,0,24,21,16,27,4
20194,A,골목상권,3111002,한국교통안전공단 강남자동차검사소,317,115,202,0,22,63,65,96,71,0,7,31,21,26,30,0,15,32,44,70,41
20194,A,골목상권,3110973,강남구청역 4번,1448,784,664,4,275,332,289,269,279,1,146,203,162,128,144,3,129,129,127,141,135
20194,A,골목상권,3110987,영동대교남단,410,201,209,1,80,64,74,101,90,1,40,36,31,40,53,0,40,28,43,61,37
20194,A,골목상권,3111022,석촌중학교(방이육교),686,344,342,1,59,145,176,222,83,0,37,95,98,70,44,1,22,50,78,152,39
20194,A,골목상권,3111041,거여역 8번,411,336,75,1,102,118,81,62,47,1,84,93,67,50,41,0,18,25,14,12,6
20194,D,발달상권,3120236,장지역(가든파이브),4622,3221,1401,15,678,1056,1076,989,808,10,373,711,778,710,639,5,305,345,298,279,169
20194,A,골목상권,3111014,송파나루역 2번,521,273,248,1,42,75,119,190,94,0,21,42,67,83,60,1,21,33,52,107,34
20194,A,골목상권,3111031,장지동주민센터(한림연예예술고교),3127,2317,810,8,263,415,651,857,933,2,170,330,497,648,670,6,93,85,154,209,263
20194,R,전통시장,3130314,풍납시장,203,100,103,1,24,42,50,61,25,1,15,27,22,19,16,0,9,15,28,42,9
20194,D,발달상권,3120242,강동구청역,4533,2940,1593,33,536,1064,1057,894,949,13,287,678,696,560,706,20,249,386,361,334,243
20194,A,골목상권,3111084,길동신동아아파트,169,104,65,2,27,32,37,58,13,2,21,23,24,25,9,0,6,9,13,33,4
20194,A,골목상권,3111073,둔촌동역 1번(한산중학교),973,578,395,1,134,224,250,206,158,1,58,122,160,124,113,0,76,102,90,82,45
20194,D,발달상권,3120248,명일역,859,331,528,4,114,141,223,203,174,2,41,59,84,68,77,2,73,82,139,135,97
20194,D,발달상권,3120249,고덕역,1359,916,443,3,172,305,337,317,225,1,75,198,249,221,172,2,97,107,88,96,53
20194,R,전통시장,3130319,성내전통시장,47,31,16,0,3,8,14,10,12,0,3,4,9,7,8,0,0,4,5,3,4
20194,A,골목상권,3111072,굽은다리역 1번(십자성마을),747,473,274,1,59,119,201,187,180,0,20,70,116,127,140,1,39,49,85,60,40
20194,R,전통시장,3130322,고분다리전통시장,7,4,3,0,0,0,2,4,1,0,0,0,1,2,1,0,0,0,1,2,0
20194,A,골목상권,3110017,정독도서관,650,322,328,0,133,273,152,58,34,0,26,130,93,43,30,0,107,143,59,15,4
20194,D,발달상권,3120001,서대문역,1510,1022,488,1,265,530,359,278,77,1,106,344,272,237,62,0,159,186,87,41,15
20194,A,골목상권,3110004,대신고등학교,32,14,18,0,3,4,8,14,3,0,1,0,3,8,2,0,2,4,5,6,1
20194,A,골목상권,3110002,독립문역 1번,475,121,354,1,146,140,118,44,26,1,25,25,41,14,15,0,121,115,77,30,11
20194,D,발달상권,3120062,신설동역,12648,5435,7213,13,1214,2604,3451,3483,1883,2,444,1433,1624,1125,807,11,770,1171,1827,2358,1076
20194,A,골목상권,3110025,충신시장옆,213,129,84,2,17,46,63,56,29,0,6,23,43,33,24,2,11,23,20,23,5
20194,D,발달상권,3120011,종로4가,2984,1666,1318,5,420,1022,880,515,142,0,165,497,518,378,108,5,255,525,362,137,34
20194,D,발달상권,3120008,인사동,22070,13019,9051,1263,7895,5069,3940,2756,1147,589,4005,3077,2666,2006,676,674,3890,1992,1274,750,471
20194,R,전통시장,3130012,"동대문종합시장(동대문종합시장 신관, 동대문종합시장D동상가)",1319,965,354,2,156,325,348,339,149,0,116,251,238,247,113,2,40,74,110,92,36
20194,A,골목상권,3110026,종로5가역 4번,190,120,70,0,22,41,73,27,27,0,9,28,47,14,22,0,13,13,26,13,5
20194,R,전통시장,3130014,동문시장,17,8,9,0,0,6,4,4,3,0,0,2,1,3,2,0,0,4,3,1,1
20194,R,전통시장,3130015,창신골목시장,22,12,10,0,0,2,8,9,3,0,0,2,6,2,2,0,0,0,2,7,1
20194,A,골목상권,3110031,창신역 1번,72,57,15,0,11,17,12,21,11,0,8,11,11,17,10,0,3,6,1,4,1
20194,A,골목상권,3110016,평창동동측,2303,1051,1252,9,318,614,663,433,266,4,126,304,354,163,100,5,192,310,309,270,166
20194,A,골목상권,3110020,서울국제고등학교,593,291,302,1,141,279,101,49,22,1,41,139,70,26,14,0,100,140,31,23,8
20194,A,골목상권,3110048,장충동주민센터,5315,2706,2609,21,867,1339,1513,1367,208,5,338,768,756,707,132,16,529,571,757,660,76
20194,A,골목상권,3110046,버티고개,104,74,30,0,6,23,40,28,7,0,3,17,28,20,6,0,3,6,12,8,1
20194,A,골목상권,3110047,다산성곽길,160,89,71,0,36,43,36,27,18,0,23,29,21,7,9,0,13,14,15,20,9
20194,R,전통시장,3130051,동화동 골목형상점가,391,156,235,1,82,94,98,66,50,1,18,25,43,36,33,0,64,69,55,30,17
20194,R,전통시장,3130053,백학시장,160,69,91,0,22,24,46,37,31,0,8,8,20,15,18,0,14,16,26,22,13
20194,A,골목상권,3110110,상왕십리역 6번,87,54,33,1,12,16,24,18,16,1,7,11,13,10,12,0,5,5,11,8,4
20194,R,전통시장,3130042,약수시장,158,67,91,2,36,30,40,21,29,2,9,9,19,8,20,0,27,21,21,13,9
20194,A,골목상권,3110591,충정로역 6번,87,48,39,0,15,19,21,28,4,0,9,9,11,16,3,0,6,10,10,12,1
20194,R,전통시장,3130062,보광시장,39,16,23,0,1,7,11,15,5,0,0,3,4,6,3,0,1,4,7,9,2
20194,A,골목상권,3110086,이태원역 북측,9244,3609,5635,12,3187,3891,1654,428,72,3,733,1558,905,355,55,9,2454,2333,749,73,17
20194,A,골목상권,3110085,경리단길남측,532,260,272,4,98,163,148,67,52,2,40,59,78,41,40,2,58,104,70,26,12
20194,A,골목상권,3110066,서울역 15번,748,467,281,6,152,227,156,125,82,3,81,151,104,66,62,3,71,76,52,59,20
20194,A,골목상권,3110105,금동어린이공원,38,17,21,0,1,7,11,10,9,0,0,2,3,6,6,0,1,5,8,4,3
20194,A,골목상권,3110116,청계천박물관,4825,3644,1181,29,323,769,1077,1762,865,26,206,565,875,1315,657,3,117,204,202,447,208
20194,A,골목상권,3110128,성원중학교,911,573,338,1,98,165,255,266,126,1,53,94,157,170,98,0,45,71,98,96,28
20194,A,골목상권,3110120,서울숲카페거리,79,49,30,0,8,12,35,18,6,0,3,8,23,10,5,0,5,4,12,8,1
20194,A,골목상권,3110124,뚝섬역교차로,1253,1006,247,7,170,155,222,312,387,6,94,111,169,268,358,1,76,44,53,44,29
20194,A,골목상권,3110129,성원어린이공원,640,405,235,1,65,118,131,180,145,0,35,70,86,107,107,1,30,48,45,73,38
20194,A,골목상권,3110132,성수2가3동주민센터,786,521,265,0,97,182,220,197,90,0,67,133,145,108,68,0,30,49,75,89,22
20194,A,골목상권,3110111,대현산장미원,51,40,11,0,6,7,6,17,15,0,6,4,4,13,13,0,0,3,2,4,2
20194,A,골목상권,3110166,구의1동주민센터,552,292,260,1,70,121,177,115,68,1,20,59,99,60,53,0,50,62,78,55,15
20194,A,골목상권,3110160,광진경찰서,819,680,139,0,149,322,180,157,11,0,110,261,150,149,10,0,39,61,30,8,1
20194,D,발달상권,3120054,어린이대공원역,1196,805,391,0,61,141,304,441,249,0,17,79,201,322,186,0,44,62,103,119,63
20194,A,골목상권,3110145,장안초등학교,7,4,3,0,0,1,2,3,1,0,0,0,1,3,0,0,0,1,1,0,1
20194,D,발달상권,3120055,군자역,4255,2030,2225,33,1138,780,911,991,402,23,548,430,436,330,263,10,590,350,475,661,139
20194,A,골목상권,3110164,아차산역 5번,731,494,237,3,111,126,143,164,184,0,61,77,101,112,143,3,50,49,42,52,41
20194,R,전통시장,3130076,능동로골목시장,93,70,23,0,2,11,16,17,47,0,1,4,14,11,40,0,1,7,2,6,7
20194,A,골목상권,3110158,중곡3동주민센터,715,518,197,1,113,210,184,138,69,0,73,168,123,104,50,1,40,42,61,34,19
20194,R,전통시장,3130100,답십리시장,93,40,53,2,19,25,23,11,13,2,4,9,11,6,8,0,15,16,12,5,5
20194,A,골목상권,3110227,답십리공원,229,93,136,0,16,30,77,84,22,0,13,16,27,23,14,0,3,14,50,61,8
20194,A,골목상권,3110181,신설동역 9번,1864,1212,652,12,209,232,286,440,685,12,150,162,188,282,418,0,59,70,98,158,267
20194,A,골목상권,3110192,동의보감타워,70,45,25,0,7,10,25,16,12,0,2,6,17,10,10,0,5,4,8,6,2
20194,R,전통시장,3130085,용두시장,4,2,2,0,0,0,1,2,1,0,0,0,0,1,1,0,0,0,1,1,0
20194,A,골목상권,3110182,용두희망어린이공원,370,249,121,0,38,71,108,87,66,0,20,47,67,64,51,0,18,24,41,23,15
20194,A,골목상권,3110223,군자초등학교,94,56,38,0,13,17,26,24,14,0,4,10,17,15,10,0,9,7,9,9,4
20194,A,골목상권,3110191,고려대역 6번,48,41,7,0,1,12,14,9,12,0,1,10,11,8,11,0,0,2,3,1,1
20194,A,골목상권,3110193,고려대역 4번,48,37,11,0,5,11,11,10,11,0,3,5,10,10,9,0,2,6,1,0,2
20201,A,골목상권,3110977,논현로18길,148,102,46,0,22,32,45,29,20,0,14,20,33,20,15,0,8,12,12,9,5
20201,A,골목상권,3110961,언주역 3번,962,673,289,5,172,286,248,140,111,3,97,184,187,112,90,2,75,102,61,28,21
20201,A,골목상권,3110970,학동초등학교,378,236,142,1,66,98,102,65,46,0,27,49,66,57,37,1,39,49,36,8,9
20201,D,발달상권,3120219,은마아파트,17175,5797,11378,202,3397,3819,3179,4061,2517,83,1254,1872,1374,818,396,119,2143,1947,1805,3243,2121
20201,D,발달상권,3120222,삼성역,43324,24141,19183,244,8091,13641,10294,6385,4669,119,3186,7703,6883,3711,2539,125,4905,5938,3411,2674,2130
20201,D,발달상권,3120201,도곡1동,11549,6381,5168,116,3564,3468,2477,1299,625,31,1365,2018,1727,754,486,85,2199,1450,750,545,139
20201,D,발달상권,3120213,삼성중앙역,8521,5150,3371,50,1869,2485,1911,1070,1136,12,830,1515,1305,716,772,38,1039,970,606,354,364
20201,D,발달상권,3120209,"강남구청(청담역_8번, 강남세무서)",8987,2610,6377,34,2050,2684,2467,1172,580,9,538,752,537,395,379,25,1512,1932,1930,777,201
20201,D,발달상권,3120216,경기고교사거리(경기고교앞사거리),4934,3621,1313,8,712,1628,1666,772,148,5,291,1070,1431,703,121,3,421,558,235,69,27
20201,A,골목상권,3110986,삼성중앙역 7번,90,59,31,0,9,18,36,19,8,0,3,6,29,15,6,0,6,12,7,4,2
20201,D,발달상권,3120224,수서역,12418,6339,6079,23,1900,3177,3167,2346,1805,12,860,1669,1497,1232,1069,11,1040,1508,1670,1114,736
20201,D,발달상권,3120195,성수대교남단,5611,2685,2926,39,1393,2394,1102,426,257,15,487,1194,634,208,147,24,906,1200,468,218,110
20201,D,발달상권,3120198,구역삼세무서,11531,7246,4285,23,2691,3529,2889,1562,837,12,1141,2216,2115,1139,623,11,1550,1313,774,423,214
20201,A,골목상권,3110958,역삼역 4번,997,760,237,1,96,197,300,298,105,1,46,133,254,241,85,0,50,64,46,57,20
20201,A,골목상권,3110956,언주역 8번,1199,758,441,4,361,471,199,87,77,2,158,307,163,70,58,2,203,164,36,17,19
20201,A,골목상권,3111025,경찰병원역 3번,686,412,274,1,84,164,149,157,131,0,45,102,103,88,74,1,39,62,46,69,57
20201,A,골목상권,3111029,오금역 4번,427,314,113,3,71,108,91,79,75,1,51,81,67,55,59,2,20,27,24,24,16
20201,A,골목상권,3111042,거여역 1번(거여공원),872,597,275,3,147,186,251,200,85,3,121,134,159,130,50,0,26,52,92,70,35
20201,D,발달상권,3120235,문정역,954,648,306,1,117,204,211,255,166,0,70,158,152,154,114,1,47,46,59,101,52
20201,A,골목상권,3111023,문정역 1번,939,576,363,2,133,202,263,204,135,0,86,139,184,100,67,2,47,63,79,104,68
20201,D,발달상권,3120232,송파나루역,1056,714,342,0,185,302,235,171,163,0,80,192,163,131,148,0,105,110,72,40,15
20201,U,관광특구,3001495,잠실 관광특구,25240,14855,10385,124,4880,6877,5824,4628,2907,55,2599,4419,3662,2383,1737,69,2281,2458,2162,2245,1170
20201,A,골목상권,3111006,석촌고분역 1번,1112,721,391,0,127,292,337,203,153,0,56,169,242,135,119,0,71,123,95,68,34
20201,R,전통시장,3130312,석촌시장,619,270,349,1,20,40,81,170,307,1,9,23,43,41,153,0,11,17,38,129,154
20201,D,발달상권,3120227,잠실역,45462,24220,21242,163,8142,11830,12761,11282,1284,51,3785,7436,7437,4549,962,112,4357,4394,5324,6733,322
20201,A,골목상권,3111090,강일동주민센터,91,35,56,0,15,30,23,17,6,0,1,10,10,10,4,0,14,20,13,7,2
20201,A,골목상권,3111068,강동성심병원,1570,605,965,0,532,392,271,203,172,0,126,134,114,101,130,0,406,258,157,102,42
20201,R,전통시장,3130323,둔촌역전통시장,171,86,85,0,3,14,23,36,95,0,2,6,8,14,56,0,1,8,15,22,39
20201,D,발달상권,3120244,암사역,916,401,515,0,70,85,103,111,547,0,14,44,49,42,252,0,56,41,54,69,295
20201,A,골목상권,3111054,암사역 4번(삼성광나루아파트),104,42,62,0,14,18,19,12,41,0,4,12,7,5,14,0,10,6,12,7,27
20201,A,골목상권,3111065,천일초등학교,79,38,41,2,6,21,18,23,9,2,5,11,7,6,7,0,1,10,11,17,2
20201,A,골목상권,3111049,천호지구대(천호동자전거거리),507,277,230,2,75,90,96,118,126,0,36,50,40,68,83,2,39,40,56,50,43
20201,A,골목상권,3111060,암사역 2번(서울강동초등학교),872,458,414,1,101,211,241,202,116,1,41,97,131,107,81,0,60,114,110,95,35
20201,A,골목상권,3110007,사직공원(한국사회과학도서관),283,185,98,2,58,88,63,41,31,2,30,62,44,27,20,0,28,26,19,14,11
20201,A,골목상권,3110531,홍지문,141,61,80,0,16,26,24,56,19,0,13,19,13,9,7,0,3,7,11,47,12
20201,A,골목상권,3110013,체부동홍종문가옥,125,71,54,0,8,28,31,26,32,0,2,11,18,14,26,0,6,17,13,12,6
20201,D,발달상권,3120017,동묘앞역(동묘),724,205,519,0,78,151,278,136,81,0,13,47,55,37,53,0,65,104,223,99,28
20201,U,관광특구,3001494,종로·청계 관광특구,32892,17118,15774,68,5350,9954,9473,6395,1652,15,2280,4904,4583,4154,1182,53,3070,5050,4890,2241,470
20201,R,전통시장,3130007,광장시장(광장전통시장),466,310,156,0,39,77,97,129,124,0,22,41,73,77,97,0,17,36,24,52,27
20201,R,전통시장,3130018,동대문문구완구거리(동대문문구완구시장),120,70,50,0,11,18,23,38,30,0,6,10,13,22,19,0,5,8,10,16,11
20201,A,골목상권,3110010,평창동서측,5240,2651,2589,1,324,1250,2239,1231,195,0,76,342,1157,943,133,1,248,908,1082,288,62
20201,D,발달상권,3120035,퇴계로5가,2257,1368,889,7,650,570,525,321,184,3,282,379,388,200,116,4,368,191,137,121,68
20201,D,발달상권,3120038,약수역,2299,1362,937,7,436,740,580,324,212,1,189,452,383,196,141,6,247,288,197,128,71
20201,D,발달상권,3120028,명동(명동거리),12590,7582,5008,41,2103,3542,3628,2206,1070,16,1009,1955,2310,1615,677,25,1094,1587,1318,591,393
20201,D,발달상권,3120030,중부경찰서(영화인의거리),11882,6796,5086,53,2154,3638,3422,1957,658,16,721,2139,2091,1366,463,37,1433,1499,1331,591,195
20201,D,발달상권,3120029,을지로2가,7461,4461,3000,27,1938,2808,1698,798,192,7,787,1650,1165,693,159,20,1151,1158,533,105,33
20201,D,발달상권,3120025,롯데백화점(시청광장 지하쇼핑센터),22643,6274,16369,229,12750,7002,1624,945,93,71,3075,2028,780,249,71,158,9675,4974,844,696,22
20201,A,골목상권,3110051,한양공고앞 교차로,111,82,29,0,17,23,33,26,12,0,12,16,24,20,10,0,5,7,9,6,2
20201,R,전통시장,3130046,team204(팀204),20,13,7,0,1,3,4,2,10,0,0,2,3,1,7,0,1,1,1,1,3
20201,R,전통시장,3130047,테크노상가(엘리시움),158,110,48,0,10,26,33,60,29,0,5,20,20,41,24,0,5,6,13,19,5
20201,R,전통시장,3130048,동평화시장,20,11,9,0,7,8,1,4,0,0,3,4,1,3,0,0,4,4,0,1,0
20201,R,전통시장,3130055,"황학시장(서울중앙시장, 신중앙시장)",203,117,86,0,24,49,47,52,31,0,12,25,24,32,24,0,12,24,23,20,7
20201,R,전통시장,3130025,삼익패션타운(남대문시장),5494,2675,2819,69,1760,1561,1124,794,186,31,674,837,763,292,78,38,1086,724,361,502,108
20201,A,골목상권,3110075,숙대입구역 1번,1630,736,894,9,270,506,417,289,139,5,69,188,182,181,111,4,201,318,235,108,28
20201,A,골목상권,3110094,오산중학교,26,12,14,0,0,1,4,13,8,0,0,0,2,6,4,0,0,1,2,7,4
20201,A,골목상권,3110093,우사단길,2647,1632,1015,2,331,1035,757,359,163,1,106,546,562,321,96,1,225,489,195,38,67
20201,A,골목상권,3110089,서빙고동주민센터,752,503,249,1,94,230,220,107,100,0,33,136,159,88,87,1,61,94,61,19,13
20201,A,골목상권,3110064,효창공원앞역 2번,923,525,398,2,126,275,261,160,99,1,49,160,160,88,67,1,77,115,101,72,32
20201,A,골목상권,3110109,금호삼성래미안아파트,92,39,53,0,7,10,12,42,21,0,2,6,3,15,13,0,5,4,9,27,8
20201,A,골목상권,3110108,성동구립금호도서관,6,1,5,0,0,1,4,1,0,0,0,0,0,1,0,0,0,1,4,0,0
20201,A,골목상권,3110104,신금호역 4번,213,141,72,0,22,33,35,54,69,0,6,17,21,37,60,0,16,16,14,17,9
20201,A,골목상권,3110126,서울숲역 1번,27,18,9,0,0,7,2,12,6,0,0,6,0,7,5,0,0,1,2,5,1
20201,A,골목상권,3110135,성동세무서,401,208,193,0,41,84,107,78,91,0,7,43,49,38,71,0,34,41,58,40,20
20201,A,골목상권,3110115,상왕십리역 3번,945,362,583,10,392,218,156,113,56,0,76,84,93,75,34,10,316,134,63,38,22
20201,A,골목상권,3110133,서울교통공사,122,93,29,0,19,25,33,21,24,0,12,18,29,17,17,0,7,7,4,4,7
20201,R,전통시장,3130072,성동용답상가시장,132,71,61,0,21,19,35,39,18,0,9,9,16,26,11,0,12,10,19,13,7
20201,A,골목상권,3110130,답십리역 6번,105,89,16,0,20,24,38,15,8,0,17,20,35,10,7,0,3,4,3,5,1
20201,A,골목상권,3110170,동대부여고,223,128,95,1,37,51,67,45,22,0,17,21,42,32,16,1,20,30,25,13,6
20201,A,골목상권,3110172,광진초등학교,344,227,117,0,42,72,92,91,47,0,17,48,61,65,36,0,25,24,31,26,11
20201,A,골목상권,3110173,구남초등학교,195,106,89,0,34,50,46,44,21,0,16,28,21,25,16,0,18,22,25,19,5
20201,R,전통시장,3130081,자양골목전통시장(자양골목시장),54,36,18,0,7,17,14,9,7,0,5,12,9,6,4,0,2,5,5,3,3
20201,R,전통시장,3130080,자양종합시장(기능상실),14,10,4,0,0,1,6,6,1,0,0,1,4,4,1,0,0,0,2,2,0
20201,A,골목상권,3110143,뚝섬유원지역 1번,44,18,26,1,4,13,9,13,4,1,0,3,5,6,3,0,4,10,4,7,1
20201,D,발달상권,3120053,건대입구역(건대),892,505,387,5,148,146,178,204,211,2,41,65,97,137,163,3,107,81,81,67,48
20201,R,전통시장,3130075,노룬산시장(노룬산골목시장),17,12,5,0,4,5,6,0,2,0,3,3,5,0,1,0,1,2,1,0,1
20201,A,골목상권,3110165,국립정신건강센터,243,175,68,0,12,32,69,76,54,0,7,23,42,59,44,0,5,9,27,17,10
20201,R,전통시장,3130082,면곡골목시장,20,11,9,0,4,0,1,9,6,0,4,0,0,3,4,0,0,0,1,6,2
20201,R,전통시장,3130078,화양제일골목시장,52,17,35,0,6,15,19,9,3,0,1,5,8,2,1,0,5,10,11,7,2
20201,A,골목상권,3110185,용두초등학교,122,77,45,0,13,22,31,32,24,0,5,13,18,22,19,0,8,9,13,10,5
20201,D,발달상권,3120067,장안동사거리,2595,1173,1422,9,427,580,675,579,325,7,165,280,260,257,204,2,262,300,415,322,121
20201,R,전통시장,3130092,청량리농수산물시장,12,9,3,0,0,1,3,5,3,0,0,0,3,3,3,0,0,1,0,2,0
20201,A,골목상권,3110205,경희대삼거리,82,48,34,0,4,13,23,23,19,0,2,10,7,17,12,0,2,3,16,6,7
20201,A,골목상권,3110265,망우역 1번,198,91,107,1,23,43,54,57,20,0,7,18,21,32,13,1,16,25,33,25,7
20201,R,전통시장,3130110,면목골목시장(면목시장),107,64,43,0,1,9,35,38,24,0,1,6,22,19,16,0,0,3,13,19,8
20201,A,골목상권,3110263,면목역 1번,130,71,59,0,13,27,35,24,31,0,7,12,12,14,26,0,6,15,23,10,5
20201,A,골목상권,3110272,신내1동주민센터,477,319,158,0,45,69,93,152,118,0,15,35,60,103,106,0,30,34,33,49,12
20201,R,전통시장,3130113,신아타운,148,27,121,1,31,31,28,39,18,1,4,9,3,4,6,0,27,22,25,35,12
20201,A,골목상권,3110307,길음역 7번,119,62,57,0,17,25,41,19,17,0,7,17,18,10,10,0,10,8,23,9,7
20201,A,골목상권,3110310,길음역 10번,45,14,31,0,12,8,5,15,5,0,4,1,2,4,3,0,8,7,3,11,2
20201,A,골목상권,3110288,동구여중,216,139,77,1,19,49,52,55,40,0,9,22,35,40,33,1,10,27,17,15,7
20201,A,골목상권,3110313,안암역 3번,2069,1344,725,2,208,552,670,474,163,0,95,310,444,355,140,2,113,242,226,119,23
20201,A,골목상권,3110326,장위동성당,84,40,44,0,2,9,16,13,44,0,1,2,6,5,26,0,1,7,10,8,18
20201,R,전통시장,3130117,정릉시장,121,63,58,0,4,15,34,43,25,0,2,8,20,19,14,0,2,7,14,24,11
20201,A,골목상권,3110282,국민대학교앞,980,789,191,13,185,388,206,75,113,12,134,349,179,57,58,1,51,39,27,18,55
20201,R,전통시장,3130118,정릉골 골목형상점가,67,30,37,0,11,13,11,19,13,0,0,2,6,12,10,0,11,11,5,7,3
20201,R,전통시장,3130141,강북북부골목시장,36,19,17,0,12,4,11,6,3,0,3,2,6,6,2,0,9,2,5,0,1
20201,A,골목상권,3110380,강북문화정보도서관,48,15,33,0,12,10,12,10,4,0,0,3,5,4,3,0,12,7,7,6,1
20201,D,발달상권,3120078,미아사거리역,143,89,54,0,27,28,29,30,29,0,12,16,21,18,22,0,15,12,8,12,7
20201,A,골목상권,3110370,도봉세무서,367,255,112,0,17,61,76,105,108,0,11,31,42,80,91,0,6,30,34,25,17
20201,A,골목상권,3110358,인수동 우편취급국,549,295,254,0,18,34,67,210,220,0,2,18,23,91,161,0,16,16,44,119,59
20201,A,골목상권,3110359,수유시장옆,126,72,54,0,12,26,34,40,14,0,3,12,17,32,8,0,9,14,17,8,6
20201,A,골목상권,3110366,광산사거리,91,64,27,0,17,20,17,22,15,0,13,13,11,16,11,0,4,7,6,6,4
20201,A,골목상권,3110391,샘말어린이공원,219,118,101,0,22,44,64,45,44,0,12,26,37,23,20,0,10,18,27,22,24
20201,A,골목상권,3110386,연산군묘,124,114,10,0,4,3,10,44,63,0,1,3,7,40,63,0,3,0,3,4,0
20201,A,골목상권,3110385,효문고등학교,37,22,15,0,3,9,12,4,9,0,2,5,3,4,8,0,1,4,9,0,1
20201,R,전통시장,3130144,백운시장,21,14,7,0,0,1,7,8,5,0,0,0,5,4,5,0,0,1,2,4,0
20201,A,골목상권,3110396,쌍문역1번(쌍리단길),259,94,165,2,41,49,52,76,39,0,13,15,22,29,15,2,28,34,30,47,24
20201,A,골목상권,3110404,신창초등학교,515,298,217,1,42,93,163,136,80,0,11,56,109,76,46,1,31,37,54,60,34
20201,A,골목상권,3110429,공릉동 국수거리,2074,916,1158,3,224,284,511,689,363,1,91,167,248,234,175,2,133,117,263,455,188
20201,A,골목상권,3110438,경춘선숲길 우측,230,110,120,0,26,54,83,52,15,0,12,21,38,30,9,0,14,33,45,22,6
20201,D,발달상권,3120085,은행사거리,317,121,196,4,51,48,80,78,56,3,11,14,21,40,32,1,40,34,59,38,24
20201,A,골목상권,3110458,선일여고,385,200,185,0,32,79,94,119,61,0,19,46,47,52,36,0,13,33,47,67,25
20201,A,골목상권,3110460,구산역 4번,969,582,387,0,57,184,248,234,246,0,18,124,133,121,186,0,39,60,115,113,60
20201,R,전통시장,3130164,역촌중앙시장,9,3,6,0,0,1,2,2,4,0,0,0,1,1,1,0,0,1,1,1,3
20201,A,골목상권,3110450,시립서북병원,774,421,353,3,138,166,179,154,134,2,80,103,96,70,70,1,58,63,83,84,64
20201,A,골목상권,3110456,구산보건지소,967,544,423,3,284,226,177,147,130,1,123,112,94,97,117,2,161,114,83,50,13
20201,A,골목상권,3110486,은평구청,491,279,212,0,81,100,108,134,68,0,54,70,53,61,41,0,27,30,55,73,27
20201,A,골목상권,3110484,역촌역 3번,499,193,306,6,64,131,129,103,66,5,34,45,41,32,36,1,30,86,88,71,30
20201,D,발달상권,3120092,불광역,274,147,127,0,33,51,83,52,55,0,12,29,44,21,41,0,21,22,39,31,14
20201,A,골목상권,3110472,연신내역 4번,335,156,179,2,52,77,79,68,57,1,16,43,30,37,29,1,36,34,49,31,28
20201,R,전통시장,3130168,연서시장,234,155,79,0,19,50,51,64,50,0,5,23,33,49,45,0,14,27,18,15,5
20201,A,골목상권,3110445,덕산중학교,71,53,18,0,18,15,16,8,14,0,10,9,13,7,14,0,8,6,3,1,0
20201,A,골목상권,3110446,내를건너서숲으로도서관,163,124,39,0,6,14,51,45,47,0,5,9,33,35,42,0,1,5,18,10,5
20201,A,골목상권,3110461,새절역 2번,39,21,18,0,2,8,11,10,8,0,2,2,6,6,5,0,0,6,5,4,3
20201,A,골목상권,3110451,증산역 4번,1267,962,305,2,150,378,365,291,81,2,75,289,305,230,61,0,75,89,60,61,20
20201,A,골목상권,3110502,남가좌파출소,290,147,143,0,29,34,73,92,62,0,14,16,35,47,35,0,15,18,38,45,27
20201,A,골목상권,3110520,경의중앙 신촌역,105,57,48,0,31,22,32,12,8,0,10,15,16,10,6,0,21,7,16,2,2
20201,A,골목상권,3110526,봉원사,211,111,100,1,17,38,50,49,56,1,7,21,24,26,32,0,10,17,26,23,24
20201,A,골목상권,3110511,연희초등학교,3646,3286,360,2,420,731,640,1505,348,1,355,646,532,1425,327,1,65,85,108,80,21
20201,D,발달상권,3120093,연희동,661,351,310,2,60,125,170,195,109,0,27,62,91,103,68,2,33,63,79,92,41
20201,A,골목상권,3110504,명지전문대,170,46,124,1,21,19,35,41,53,0,5,4,10,13,14,1,16,15,25,28,39
20201,D,발달상권,3120095,홍제역,931,525,406,1,73,108,267,363,119,0,16,56,142,223,88,1,57,52,125,140,31
20201,A,골목상권,3110587,공덕동주민센터,264,135,129,1,43,53,75,55,37,1,16,31,47,23,17,0,27,22,28,32,20
20201,A,골목상권,3110578,대흥역 2번,2091,1413,678,2,213,337,391,638,510,1,80,225,309,452,346,1,133,112,82,186,164
20201,A,골목상권,3110574,서강대학교,173,123,50,0,35,41,49,38,10,0,17,30,41,30,5,0,18,11,8,8,5
20201,A,골목상권,3110582,이대역 5번,56,17,39,0,6,11,16,13,10,0,0,4,4,4,5,0,6,7,12,9,5
20201,D,발달상권,3120106,마포역,11485,7110,4375,12,1812,2735,2685,2311,1930,8,917,1662,1891,1437,1195,4,895,1073,794,874,735
20201,A,골목상권,3110544,망리단길,1203,718,485,1,179,248,331,253,191,1,107,153,171,147,139,0,72,95,160,106,52
20201,D,발달상권,3120103,홍대입구역(홍대),9580,5991,3589,87,2167,2434,2066,1613,1213,61,1145,1486,1404,988,907,26,1022,948,662,625,306
20201,A,골목상권,3110566,경의선책거리,1690,934,756,2,359,547,406,290,86,1,137,328,252,157,59,1,222,219,154,133,27
20201,R,전통시장,3130187,영진시장,29,14,15,0,4,5,11,7,2,0,2,2,6,2,2,0,2,3,5,5,0
20201,A,골목상권,3110557,홍대부속여중고앞,760,465,295,1,100,188,196,149,126,1,37,110,137,95,85,0,63,78,59,54,41
20201,A,골목상권,3110548,마포구청역 4번,795,475,320,5,130,185,210,136,129,3,57,95,122,89,109,2,73,90,88,47,20
20201,A,골목상권,3110543,중암중학교,38,25,13,0,6,8,14,7,3,0,3,5,8,6,3,0,3,3,6,1,0
20201,A,골목상권,3110585,마포경찰서,918,790,128,0,192,360,176,181,9,0,150,313,153,166,8,0,42,47,23,15,1
20201,D,발달상권,3120112,등촌역,1633,1138,495,10,223,388,373,358,281,6,100,270,265,265,232,4,123,118,108,93,49
20201,A,골목상권,3110618,강서고등학교,193,135,58,0,19,38,52,52,32,0,10,29,36,34,26,0,9,9,16,18,6
20201,A,골목상권,3110599,신월1파출소,378,268,110,3,50,89,94,93,49,2,34,68,63,65,36,1,16,21,31,28,13
20201,A,골목상권,3110596,서서울호수공원,417,272,145,2,48,90,107,113,57,0,28,56,74,71,43,2,20,34,33,42,14
20201,R,전통시장,3130200,"신월7동 골목시장(약수시장, 우성상가)",27,18,9,0,0,3,9,6,9,0,0,0,7,4,7,0,0,3,2,2,2
20201,A,골목상권,3110623,갈산공원,130,99,31,0,27,34,27,31,11,0,23,27,21,21,7,0,4,7,6,10,4
20201,R,전통시장,3130218,신월중앙시장,118,53,65,0,28,34,26,13,17,0,8,12,11,9,13,0,20,22,15,4,4
20201,A,골목상권,3110632,방화역 3번,1075,887,188,2,42,127,400,334,170,1,21,90,353,281,141,1,21,37,47,53,29
20201,A,골목상권,3110651,화원중학교,377,214,163,2,29,50,102,105,89,1,19,31,68,52,43,1,10,19,34,53,46
20201,A,골목상권,3110659,화곡역 4번,844,496,348,11,102,181,234,180,136,9,52,114,140,105,76,2,50,67,94,75,60
20201,A,골목상권,3110696,오류동역 1번,2424,1658,766,32,831,942,326,216,77,16,483,735,235,131,58,16,348,207,91,85,19
20201,A,골목상권,3110697,개봉3동주민센터,230,142,88,1,55,64,49,41,20,1,27,41,31,29,13,0,28,23,18,12,7
20201,A,골목상권,3110698,개웅초등학교(개웅중학교),276,176,100,3,50,50,53,63,57,3,25,32,31,39,46,0,25,18,22,24,11
20201,A,골목상권,3110722,G타워,837,574,263,4,152,296,249,99,37,4,95,205,191,55,24,0,57,91,58,44,13
20201,A,골목상권,3110682,온수역 8번,25,11,14,0,2,4,13,5,1,0,2,2,6,1,0,0,0,2,7,4,1
20201,A,골목상권,3110684,서울공연예술고등학교,251,136,115,2,50,78,61,36,24,0,19,54,34,19,10,2,31,24,27,17,14
20201,A,골목상권,3110688,오류지구대,169,59,110,1,18,18,40,59,33,0,7,10,15,19,8,1,11,8,25,40,25
20201,A,골목상권,3110730,서울축산농협 독산역지점(독산파출소),660,376,284,1,80,105,117,201,156,1,30,58,54,113,120,0,50,47,63,88,36
20201,A,골목상권,3110728,두산초등학교,4560,2778,1782,8,88,138,245,530,3551,8,64,86,123,279,2218,0,24,52,122,251,1333
20201,A,골목상권,3110752,한울중학교,269,117,152,2,25,46,81,79,36,2,13,16,34,33,19,0,12,30,47,46,17
20201,R,전통시장,3130234,푸른터시장(기능상실),7,3,4,0,1,1,0,3,2,0,0,1,0,1,1,0,1,0,0,2,1
20201,R,전통시장,3130235,대명여울빛거리시장(대명시장),298,80,218,0,39,52,77,82,48,0,11,14,25,19,11,0,28,38,52,63,37
20201,A,골목상권,3110743,시흥초등학교(시흥1동우체국),191,130,61,0,18,31,48,50,44,0,10,20,32,37,31,0,8,11,16,13,13
20201,A,골목상권,3110731,금천구청역 1번 출입구,1044,564,480,7,306,385,206,96,44,2,149,230,102,55,26,5,157,155,104,41,18
20201,A,골목상권,3110753,시흥동 은행나무사거리,617,387,230,0,69,100,149,166,133,0,28,68,90,96,105,0,41,32,59,70,28
20201,A,골목상권,3110764,문래역 3번,541,223,318,0,93,127,159,102,60,0,27,39,54,54,49,0,66,88,105,48,11
20201,A,골목상권,3110779,대림갑을명가아파트,33,24,9,0,2,5,13,7,6,0,1,4,10,4,5,0,1,1,3,3,1
20201,R,전통시장,3130242,대림중앙 골목형상점가,66,20,46,0,3,17,17,24,5,0,1,6,5,5,3,0,2,11,12,19,2
20201,A,골목상권,3110765,문래동사거리,889,619,270,2,80,133,209,175,290,1,38,78,140,126,236,1,42,55,69,49,54
20201,A,골목상권,3110810,영신초등학교,403,183,220,0,58,147,59,78,61,0,24,67,27,43,22,0,34,80,32,35,39
20201,A,골목상권,3110813,보라매역 6번,286,167,119,3,22,37,50,74,100,3,15,21,24,39,65,0,7,16,26,35,35
20201,D,발달상권,3120135,양평역,5072,3013,2059,32,1300,1280,1187,776,497,11,626,825,676,441,434,21,674,455,511,335,63
20201,D,발달상권,3120146,한강성심병원,5066,2882,2184,18,1252,1255,1097,821,623,8,405,669,729,584,487,10,847,586,368,237,136
20201,R,전통시장,3130253,영신상가(제일상가),9,7,2,0,2,3,0,2,2,0,2,3,0,1,1,0,0,0,0,1,1
20201,R,전통시장,3130249,동남상가,10,8,2,0,2,0,0,4,4,0,1,0,0,4,3,0,1,0,0,0,1
20201,A,골목상권,3110782,영등포시장역 4번,127,87,40,1,13,24,48,27,14,1,5,16,36,17,12,0,8,8,12,10,2
20201,A,골목상권,3110809,장훈고등학교,112,61,51,0,7,15,30,23,37,0,3,5,11,17,25,0,4,10,19,6,12
20201,A,골목상권,3110834,동작구자원봉사센터,41,25,16,0,3,5,8,11,14,0,2,2,8,6,7,0,1,3,0,5,7
20201,A,골목상권,3110828,노량진역 6번,3010,2066,944,9,471,1047,854,467,162,3,252,711,639,357,104,6,219,336,215,110,58
20201,A,골목상권,3110824,대방역 3번,296,102,194,1,48,91,92,42,22,0,11,26,29,23,13,1,37,65,63,19,9
20201,A,골목상권,3110852,이수역 9번,198,121,77,0,26,35,54,38,45,0,12,20,30,23,36,0,14,15,24,15,9
20201,A,골목상권,3110851,경문고등학교(동작동성당),493,236,257,0,79,137,141,105,31,0,32,53,66,67,18,0,47,84,75,38,13
20201,A,골목상권,3110831,상도4동주민센터,72,40,32,0,3,13,14,29,13,0,3,6,6,18,7,0,0,7,8,11,6
20201,A,골목상권,3110827,NH농협은행 상도동지점,262,93,169,0,39,51,73,65,34,0,11,18,20,28,16,0,28,33,53,37,18
20201,A,골목상권,3110841,중대부중,75,34,41,0,7,12,14,23,19,0,4,7,5,10,8,0,3,5,9,13,11
20201,A,골목상권,3110900,낙성대역 1번(관악구민 종합체육센터),444,246,198,1,94,123,115,88,23,1,48,64,62,53,18,0,46,59,53,35,5
20201,D,발달상권,3120159,서울대입구역,1430,763,667,12,289,320,321,238,250,6,116,164,174,133,170,6,173,156,147,105,80
20201,A,골목상권,3110866,난우중학교,184,101,83,0,23,36,41,65,19,0,14,20,19,32,16,0,9,16,22,33,3
20201,D,발달상권,3120158,녹두거리(대학동),695,550,145,2,31,73,200,279,110,0,7,41,163,241,98,2,24,32,37,38,12
20201,A,골목상권,3110857,미성동주민센터,431,229,202,9,60,64,70,108,120,9,34,48,41,46,51,0,26,16,29,62,69
20201,R,전통시장,3130278,미성동 도깨비시장 골목형상점가,75,16,59,0,0,16,28,24,7,0,0,7,5,2,2,0,0,9,23,22,5
20201,A,골목상권,3110875,보라매동주민센터(당곡고등학교),19,15,4,0,4,2,5,6,2,0,2,2,3,6,2,0,2,0,2,0,0
20201,A,골목상권,3110873,당곡중학교,348,167,181,0,70,79,87,76,36,0,29,39,39,37,23,0,41,40,48,39,13
20201,R,전통시장,3130285,서원동상점가,615,316,299,4,28,56,85,160,282,1,17,38,45,60,155,3,11,18,40,100,127
20201,A,골목상권,3110891,구암초등학교,47,22,25,0,5,1,22,16,3,0,1,0,11,8,2,0,4,1,11,8,1
20201,R,전통시장,3130280,신림종합시장,22,17,5,0,0,1,2,7,12,0,0,0,0,5,12,0,0,1,2,2,0
20201,R,전통시장,3130279,관악신사시장,2159,1727,432,0,365,671,738,355,30,0,172,530,669,333,23,0,193,141,69,22,7
20201,R,전통시장,3130295,인헌시장(원당종합시장),122,48,74,0,20,27,38,23,14,0,3,9,16,12,8,0,17,18,22,11,6
20201,A,골목상권,3110892,관악구 중앙길,709,341,368,0,69,110,159,221,150,0,25,55,76,105,80,0,44,55,83,116,70
20201,A,골목상권,3110899,낙성대역 5번(관악중학교),681,442,239,0,167,178,164,123,49,0,107,130,95,71,39,0,60,48,69,52,10
20201,A,골목상권,3110944,서울나래학교(염곡어린이공원),933,632,301,10,116,213,161,196,237,8,88,169,114,118,135,2,28,44,47,78,102
20201,A,골목상권,3110905,방배노인종합복지관(이수중학교),287,176,111,1,36,71,71,63,45,0,18,38,45,41,34,1,18,33,26,22,11
20201,A,골목상권,3110920,방배역 2번(백석예술대학교),359,205,154,0,23,53,125,118,40,0,5,29,65,75,31,0,18,24,60,43,9
20201,A,골목상권,3110910,내방역 5번,614,240,374,5,72,124,157,176,80,3,30,69,52,49,37,2,42,55,105,127,43
20201,A,골목상권,3110906,서문여고,683,362,321,2,217,106,119,106,133,0,59,58,72,62,111,2,158,48,47,44,22
20201,D,발달상권,3120161,방배동가구거리(사당동가구거리),2517,1833,684,3,187,342,315,347,1323,2,78,178,165,202,1208,1,109,164,150,145,115
20201,R,전통시장,3130296,남부종합시장,85,63,22,0,2,8,25,35,15,0,1,8,16,24,14,0,1,0,9,11,1
20201,D,발달상권,3120175,남부터미널역,8254,5320,2934,32,1703,2482,1996,1297,744,6,856,1692,1362,856,548,26,847,790,634,441,196
20201,A,골목상권,3110932,서울시인재개발원,532,384,148,2,128,170,127,64,41,2,76,116,100,54,36,0,52,54,27,10,5
20201,A,골목상권,3110930,서초동성당,2178,1774,404,8,284,588,694,433,171,2,190,448,591,393,150,6,94,140,103,40,21
20201,A,골목상권,3110931,삼성전자서울R&D(서울우면초등학교),94,47,47,0,36,30,16,6,6,0,11,15,10,6,5,0,25,15,6,0,1
20201,A,골목상권,3110938,바우뫼공원,1522,927,595,0,253,457,423,297,92,0,147,314,251,143,72,0,106,143,172,154,20
20201,A,골목상권,3110942,염곡동 구룡사(포이동성당),3242,1952,1290,7,578,932,791,613,321,3,328,587,461,351,222,4,250,345,330,262,99
20201,A,골목상권,3110943,법제교육센터(버들어린이공원),1122,578,544,1,67,165,357,323,209,1,36,99,151,140,151,0,31,66,206,183,58
20201,A,골목상권,3110994,개포고등학교,494,382,112,7,65,161,123,110,28,4,47,134,103,73,21,3,18,27,20,37,7
20201,R,전통시장,3130305,논현종합시장,85,43,42,0,21,14,14,19,17,0,7,7,6,14,9,0,14,7,8,5,8
20201,D,발달상권,3120193,도산공원교차로,6384,3798,2586,15,1278,1918,1493,983,697,6,466,1071,1021,696,538,9,812,847,472,287,159
20201,D,발달상권,3120220,대치역,5716,3394,2322,26,1854,2307,1022,333,174,2,774,1495,752,234,137,24,1080,812,270,99,37
20201,D,발달상권,3120210,선릉역,48780,26797,21983,117,11358,13636,11065,7952,4652,54,5356,8026,6479,4158,2724,63,6002,5610,4586,3794,1928
20201,D,발달상권,3120221,봉은사역,17557,12129,5428,22,3154,5248,3562,2734,2837,8,2167,4087,2812,1669,1386,14,987,1161,750,1065,1451
20202,A,골목상권,3110596,서서울호수공원,417,272,145,2,48,90,107,113,57,0,28,56,74,71,43,2,20,34,33,42,14
20202,R,전통시장,3130200,"신월7동 골목시장(약수시장, 우성상가)",27,18,9,0,0,3,9,6,9,0,0,0,7,4,7,0,0,3,2,2,2
20202,A,골목상권,3110623,갈산공원,130,99,31,0,27,34,27,31,11,0,23,27,21,21,7,0,4,7,6,10,4
20202,R,전통시장,3130218,신월중앙시장,118,53,65,0,28,34,26,13,17,0,8,12,11,9,13,0,20,22,15,4,4
20202,A,골목상권,3110632,방화역 3번,1075,887,188,2,42,127,400,334,170,1,21,90,353,281,141,1,21,37,47,53,29
20202,A,골목상권,3110651,화원중학교,377,214,163,2,29,50,102,105,89,1,19,31,68,52,43,1,10,19,34,53,46
20202,A,골목상권,3110659,화곡역 4번,844,496,348,11,102,181,234,180,136,9,52,114,140,105,76,2,50,67,94,75,60
20202,A,골목상권,3110696,오류동역 1번,2424,1658,766,32,831,942,326,216,77,16,483,735,235,131,58,16,348,207,91,85,19
20202,A,골목상권,3110697,개봉3동주민센터,230,142,88,1,55,64,49,41,20,1,27,41,31,29,13,0,28,23,18,12,7
20202,A,골목상권,3110698,개웅초등학교(개웅중학교),276,176,100,3,50,50,53,63,57,3,25,32,31,39,46,0,25,18,22,24,11
20202,A,골목상권,3110722,G타워,837,574,263,4,152,296,249,99,37,4,95,205,191,55,24,0,57,91,58,44,13
20202,A,골목상권,3110682,온수역 8번,25,11,14,0,2,4,13,5,1,0,2,2,6,1,0,0,0,2,7,4,1
20202,A,골목상권,3110684,서울공연예술고등학교,251,136,115,2,50,78,61,36,24,0,19,54,34,19,10,2,31,24,27,17,14
20202,A,골목상권,3110688,오류지구대,169,59,110,1,18,18,40,59,33,0,7,10,15,19,8,1,11,8,25,40,25
20202,A,골목상권,3110730,서울축산농협 독산역지점(독산파출소),660,376,284,1,80,105,117,201,156,1,30,58,54,113,120,0,50,47,63,88,36
20202,A,골목상권,3110728,두산초등학교,4560,2778,1782,8,88,138,245,530,3551,8,64,86,123,279,2218,0,24,52,122,251,1333
20202,A,골목상권,3110752,한울중학교,269,117,152,2,25,46,81,79,36,2,13,16,34,33,19,0,12,30,47,46,17
20202,R,전통시장,3130234,푸른터시장(기능상실),7,3,4,0,1,1,0,3,2,0,0,1,0,1,1,0,1,0,0,2,1
20202,R,전통시장,3130235,대명여울빛거리시장(대명시장),298,80,218,0,39,52,77,82,48,0,11,14,25,19,11,0,28,38,52,63,37
20202,A,골목상권,3110743,시흥초등학교(시흥1동우체국),191,130,61,0,18,31,48,50,44,0,10,20,32,37,31,0,8,11,16,13,13
20202,A,골목상권,3110731,금천구청역 1번 출입구,1044,564,480,7,306,385,206,96,44,2,149,230,102,55,26,5,157,155,104,41,18
20202,A,골목상권,3110753,시흥동 은행나무사거리,617,387,230,0,69,100,149,166,133,0,28,68,90,96,105,0,41,32,59,70,28
20202,A,골목상권,3110764,문래역 3번,541,223,318,0,93,127,159,102,60,0,27,39,54,54,49,0,66,88,105,48,11
20202,A,골목상권,3110779,대림갑을명가아파트,33,24,9,0,2,5,13,7,6,0,1,4,10,4,5,0,1,1,3,3,1
20202,R,전통시장,3130242,대림중앙 골목형상점가,66,20,46,0,3,17,17,24,5,0,1,6,5,5,3,0,2,11,12,19,2
20202,A,골목상권,3110765,문래동사거리,889,619,270,2,80,133,209,175,290,1,38,78,140,126,236,1,42,55,69,49,54
20202,A,골목상권,3110810,영신초등학교,403,183,220,0,58,147,59,78,61,0,24,67,27,43,22,0,34,80,32,35,39
20202,A,골목상권,3110813,보라매역 6번,286,167,119,3,22,37,50,74,100,3,15,21,24,39,65,0,7,16,26,35,35
20202,D,발달상권,3120135,양평역,5072,3013,2059,32,1300,1280,1187,776,497,11,626,825,676,441,434,21,674,455,511,335,63
20202,D,발달상권,3120146,한강성심병원,5066,2882,2184,18,1252,1255,1097,821,623,8,405,669,729,584,487,10,847,586,368,237,136
20202,R,전통시장,3130253,영신상가(제일상가),9,7,2,0,2,3,0,2,2,0,2,3,0,1,1,0,0,0,0,1,1
20202,R,전통시장,3130249,동남상가,10,8,2,0,2,0,0,4,4,0,1,0,0,4,3,0,1,0,0,0,1
20202,A,골목상권,3110782,영등포시장역 4번,127,87,40,1,13,24,48,27,14,1,5,16,36,17,12,0,8,8,12,10,2
20202,A,골목상권,3110809,장훈고등학교,112,61,51,0,7,15,30,23,37,0,3,5,11,17,25,0,4,10,19,6,12
20202,A,골목상권,3110834,동작구자원봉사센터,41,25,16,0,3,5,8,11,14,0,2,2,8,6,7,0,1,3,0,5,7
20202,A,골목상권,3110828,노량진역 6번,3010,2066,944,9,471,1047,854,467,162,3,252,711,639,357,104,6,219,336,215,110,58
20202,A,골목상권,3110824,대방역 3번,296,102,194,1,48,91,92,42,22,0,11,26,29,23,13,1,37,65,63,19,9
20202,A,골목상권,3110852,이수역 9번,198,121,77,0,26,35,54,38,45,0,12,20,30,23,36,0,14,15,24,15,9
20202,A,골목상권,3110851,경문고등학교(동작동성당),493,236,257,0,79,137,141,105,31,0,32,53,66,67,18,0,47,84,75,38,13
20202,A,골목상권,3110831,상도4동주민센터,72,40,32,0,3,13,14,29,13,0,3,6,6,18,7,0,0,7,8,11,6
20202,A,골목상권,3110827,NH농협은행 상도동지점,262,93,169,0,39,51,73,65,34,0,11,18,20,28,16,0,28,33,53,37,18
20202,A,골목상권,3110841,중대부중,75,34,41,0,7,12,14,23,19,0,4,7,5,10,8,0,3,5,9,13,11
20202,A,골목상권,3110900,낙성대역 1번(관악구민 종합체육센터),444,246,198,1,94,123,115,88,23,1,48,64,62,53,18,0,46,59,53,35,5
20202,D,발달상권,3120159,서울대입구역,1430,763,667,12,289,320,321,238,250,6,116,164,174,133,170,6,173,156,147,105,80
20202,A,골목상권,3110866,난우중학교,184,101,83,0,23,36,41,65,19,0,14,20,19,32,16,0,9,16,22,33,3
20202,D,발달상권,3120158,녹두거리(대학동),695,550,145,2,31,73,200,279,110,0,7,41,163,241,98,2,24,32,37,38,12
20202,A,골목상권,3110857,미성동주민센터,431,229,202,9,60,64,70,108,120,9,34,48,41,46,51,0,26,16,29,62,69
20202,R,전통시장,3130278,미성동 도깨비시장 골목형상점가,75,16,59,0,0,16,28,24,7,0,0,7,5,2,2,0,0,9,23,22,5
20202,A,골목상권,3110875,보라매동주민센터(당곡고등학교),19,15,4,0,4,2,5,6,2,0,2,2,3,6,2,0,2,0,2,0,0
20202,A,골목상권,3110873,당곡중학교,348,167,181,0,70,79,87,76,36,0,29,39,39,37,23,0,41,40,48,39,13
20202,R,전통시장,3130285,서원동상점가,615,316,299,4,28,56,85,160,282,1,17,38,45,60,155,3,11,18,40,100,127
20202,A,골목상권,3110891,구암초등학교,47,22,25,0,5,1,22,16,3,0,1,0,11,8,2,0,4,1,11,8,1
20202,R,전통시장,3130280,신림종합시장,22,17,5,0,0,1,2,7,12,0,0,0,0,5,12,0,0,1,2,2,0
20202,R,전통시장,3130279,관악신사시장,2159,1727,432,0,365,671,738,355,30,0,172,530,669,333,23,0,193,141,69,22,7
20202,R,전통시장,3130295,인헌시장(원당종합시장),122,48,74,0,20,27,38,23,14,0,3,9,16,12,8,0,17,18,22,11,6
20202,A,골목상권,3110892,관악구 중앙길,709,341,368,0,69,110,159,221,150,0,25,55,76,105,80,0,44,55,83,116,70
20202,A,골목상권,3110899,낙성대역 5번(관악중학교),681,442,239,0,167,178,164,123,49,0,107,130,95,71,39,0,60,48,69,52,10
20202,A,골목상권,3110944,서울나래학교(염곡어린이공원),933,632,301,10,116,213,161,196,237,8,88,169,114,118,135,2,28,44,47,78,102
20202,A,골목상권,3110905,방배노인종합복지관(이수중학교),287,176,111,1,36,71,71,63,45,0,18,38,45,41,34,1,18,33,26,22,11
20202,A,골목상권,3110920,방배역 2번(백석예술대학교),359,205,154,0,23,53,125,118,40,0,5,29,65,75,31,0,18,24,60,43,9
20202,A,골목상권,3110910,내방역 5번,614,240,374,5,72,124,157,176,80,3,30,69,52,49,37,2,42,55,105,127,43
20202,A,골목상권,3110906,서문여고,683,362,321,2,217,106,119,106,133,0,59,58,72,62,111,2,158,48,47,44,22
20202,D,발달상권,3120161,방배동가구거리(사당동가구거리),2517,1833,684,3,187,342,315,347,1323,2,78,178,165,202,1208,1,109,164,150,145,115
20202,R,전통시장,3130296,남부종합시장,85,63,22,0,2,8,25,35,15,0,1,8,16,24,14,0,1,0,9,11,1
20202,D,발달상권,3120175,남부터미널역,8254,5320,2934,32,1703,2482,1996,1297,744,6,856,1692,1362,856,548,26,847,790,634,441,196
20202,A,골목상권,3110932,서울시인재개발원,532,384,148,2,128,170,127,64,41,2,76,116,100,54,36,0,52,54,27,10,5
20202,A,골목상권,3110930,서초동성당,2178,1774,404,8,284,588,694,433,171,2,190,448,591,393,150,6,94,140,103,40,21
20202,A,골목상권,3110931,삼성전자서울R&D(서울우면초등학교),94,47,47,0,36,30,16,6,6,0,11,15,10,6,5,0,25,15,6,0,1
20202,A,골목상권,3110938,바우뫼공원,1522,927,595,0,253,457,423,297,92,0,147,314,251,143,72,0,106,143,172,154,20
20202,A,골목상권,3110942,염곡동 구룡사(포이동성당),3242,1952,1290,7,578,932,791,613,321,3,328,587,461,351,222,4,250,345,330,262,99
20202,A,골목상권,3110943,법제교육센터(버들어린이공원),1122,578,544,1,67,165,357,323,209,1,36,99,151,140,151,0,31,66,206,183,58
20202,A,골목상권,3110994,개포고등학교,494,382,112,7,65,161,123,110,28,4,47,134,103,73,21,3,18,27,20,37,7
20202,R,전통시장,3130305,논현종합시장,85,43,42,0,21,14,14,19,17,0,7,7,6,14,9,0,14,7,8,5,8
20202,D,발달상권,3120193,도산공원교차로,6384,3798,2586,15,1278,1918,1493,983,697,6,466,1071,1021,696,538,9,812,847,472,287,159
20202,D,발달상권,3120220,대치역,5716,3394,2322,26,1854,2307,1022,333,174,2,774,1495,752,234,137,24,1080,812,270,99,37
20202,D,발달상권,3120210,선릉역,48780,26797,21983,117,11358,13636,11065,7952,4652,54,5356,8026,6479,4158,2724,63,6002,5610,4586,3794,1928
20202,D,발달상권,3120221,봉은사역,17557,12129,5428,22,3154,5248,3562,2734,2837,8,2167,4087,2812,1669,1386,14,987,1161,750,1065,1451
20202,A,골목상권,3110988,청담역 3번,1594,1016,578,1,243,425,364,346,215,1,82,247,247,262,177,0,161,178,117,84,38
20202,R,전통시장,3130304,신사상가,24,13,11,0,3,4,6,7,4,0,1,1,3,5,3,0,2,3,3,2,1
20202,D,발달상권,3120197,역삼역,58731,38593,20138,93,10093,18065,15897,10840,3743,43,5229,11924,11872,7083,2442,50,4864,6141,4025,3757,1301
20202,D,발달상권,3120237,경찰병원역,9922,5579,4343,59,1236,1684,1762,1665,3516,25,543,1068,1140,766,2037,34,693,616,622,899,1479
20202,A,골목상권,3111045,개미어린이공원,36,18,18,0,2,7,12,12,3,0,1,1,7,7,2,0,1,6,5,5,1
20202,A,골목상권,3111047,마천1치안센터,111,73,38,0,9,17,34,34,17,0,6,14,19,22,12,0,3,3,15,12,5
20202,A,골목상권,3111043,마천공원,32,13,19,0,1,3,7,12,9,0,0,0,1,6,6,0,1,3,6,6,3
20202,D,발달상권,3120238,방이역,430,260,170,5,53,101,116,79,76,4,25,48,61,57,65,1,28,53,55,22,11
20202,D,발달상권,3120226,석촌고분역,2344,1748,596,6,272,329,431,334,972,5,128,199,262,228,926,1,144,130,169,106,46
20202,A,골목상권,3111012,석촌역 6번,732,332,400,2,91,127,180,183,149,2,23,56,83,93,75,0,68,71,97,90,74
20202,D,발달상권,3120228,석촌역(석촌호수),4494,2725,1769,7,707,1306,1038,695,741,1,288,851,680,410,495,6,419,455,358,285,246
20202,A,골목상권,3111035,오금공원(오주중학교),531,398,133,0,41,90,148,148,104,0,32,66,121,102,77,0,9,24,27,46,27
20202,A,골목상권,3111028,문현중학교(장지역 1번),424,194,230,0,54,66,132,116,56,0,29,36,49,50,30,0,25,30,83,66,26
20202,A,골목상권,3111087,고덕중학교(고덕2동주민센터),197,89,108,0,26,46,62,36,27,0,5,21,26,17,20,0,21,25,36,19,7
20202,D,발달상권,3120246,길동역,3415,1545,1870,14,385,562,837,913,704,8,169,318,417,302,331,6,216,244,420,611,373
20202,A,골목상권,3111083,GS강동자이아파트,411,245,166,0,67,62,70,100,112,0,47,43,41,44,70,0,20,19,29,56,42
20202,R,전통시장,3130325,명일전통시장,89,30,59,0,8,10,13,28,30,0,3,6,5,8,8,0,5,4,8,20,22
20202,A,골목상권,3111074,명일역 1번,147,77,70,2,31,38,40,16,20,1,9,23,23,10,11,1,22,15,17,6,9
20202,A,골목상권,3111053,성내천어린이공원(하니사랑길),6288,4564,1724,6,799,940,1025,1564,1954,3,542,693,750,1053,1523,3,257,247,275,511,431
20202,A,골목상권,3111061,암사역 1번,831,551,280,0,149,186,182,170,144,0,82,128,126,125,90,0,67,58,56,45,54
20202,R,전통시장,3130318,로데오거리상점가,266,132,134,0,31,43,49,55,88,0,9,12,19,26,66,0,22,31,30,29,22
20202,A,골목상권,3111056,천호태영아파트,191,53,138,0,27,35,64,36,29,0,4,5,19,15,10,0,23,30,45,21,19
20202,A,골목상권,3110036,동묘앞역 3번,52,34,18,0,3,6,16,12,15,0,1,3,9,11,10,0,2,3,7,1,5
20202,A,골목상권,3110028,이화달팽이길,704,279,425,1,177,179,137,123,87,0,56,60,56,65,42,1,121,119,81,58,45
20202,D,발달상권,3120010,원남동사거리,4095,2287,1808,50,1544,1304,651,377,169,2,585,792,484,292,132,48,959,512,167,85,37
20202,R,전통시장,3130017,동대문상가C동,12,9,3,0,1,4,4,2,1,0,1,4,3,0,1,0,0,0,1,2,0
20202,D,발달상권,3120016,동대문역,182,115,67,1,10,24,42,40,65,0,6,12,20,28,49,1,4,12,22,12,16
20202,A,골목상권,3110034,창신1동주민센터,41,35,6,0,2,1,14,13,11,0,2,1,10,11,11,0,0,0,4,2,0
20202,A,골목상권,3110014,경복고등학교,194,82,112,0,28,54,40,44,28,0,4,14,21,24,19,0,24,40,19,20,9
20202,A,골목상권,3110001,이북5도청사,1048,625,423,4,130,286,237,257,134,0,48,170,160,167,80,4,82,116,77,90,54
20202,A,골목상권,3110286,한성대입구역 5번,986,472,514,17,187,285,318,122,57,8,70,127,144,83,40,9,117,158,174,39,17
20202,R,전통시장,3130036,중부시장(신중부시장),3089,921,2168,8,1868,593,250,198,172,3,316,189,171,120,122,5,1552,404,79,78,50
20202,D,발달상권,3120033,을지로4가역,867,437,430,7,127,212,194,201,126,1,44,107,99,89,97,6,83,105,95,112,29
20202,U,관광특구,3001492,명동 남대문 북창동 다동 무교동 관광특구,104830,53674,51156,423,27134,34007,23384,15726,4156,137,8860,16080,15133,10824,2640,286,18274,17927,8251,4902,1516
20202,D,발달상권,3120023,서울시청,10242,5534,4708,15,2234,3260,2778,1425,530,4,852,1657,1658,983,380,11,1382,1603,1120,442,150
20202,R,전통시장,3130031,청계천공구상가,921,698,223,2,101,281,234,159,144,1,64,230,181,104,118,1,37,51,53,55,26
20202,D,발달상권,3120021,시청역_8번,23737,14953,8784,73,4071,8120,7087,3484,902,13,1699,4433,5165,2993,650,60,2372,3687,1922,491,252
20202,A,골목상권,3110053,청구역 1번,281,166,115,0,52,69,69,54,37,0,23,45,43,27,28,0,29,24,26,27,9
20202,R,전통시장,3130049,신당 미래유산 먹거리 골목형상점가,42,19,23,0,3,5,9,13,12,0,1,3,0,7,8,0,2,2,9,6,4
20202,D,발달상권,3120043,서울역,22578,15322,7256,58,4087,7782,5513,3664,1474,27,2087,4897,4201,3033,1077,31,2000,2885,1312,631,397
20202,A,골목상권,3110040,중구회현체육센터(정화예술대남산캠퍼스),165,78,87,0,33,30,40,37,25,0,14,15,17,13,19,0,19,15,23,24,6
20202,D,발달상권,3120024,회현역,2167,1364,803,2,341,795,582,250,197,1,146,473,416,192,136,1,195,322,166,58,61
20202,A,골목상권,3110039,회현역 1번,49,26,23,0,2,8,12,14,13,0,0,4,9,8,5,0,2,4,3,6,8
20202,R,전통시장,3130024,남대문시장(자유상가),732,426,306,2,54,129,172,177,198,1,15,75,95,108,132,1,39,54,77,69,66
20202,R,전통시장,3130022,숭례문수입상가(남대문시장),1907,850,1057,0,330,855,598,113,11,0,55,378,338,70,9,0,275,477,260,43,2
20202,D,발달상권,3120045,남영동 먹자골목,4044,1580,2464,7,424,908,1421,1162,122,1,257,576,502,205,39,6,167,332,919,957,83
20202,R,전통시장,3130060,신흥시장,4,1,3,0,0,2,0,2,0,0,0,1,0,0,0,0,0,1,0,2,0
20202,A,골목상권,3110072,열정도,374,244,130,6,108,96,78,51,35,0,51,71,62,37,23,6,57,25,16,14,12
20202,A,골목상권,3110059,새남터성지,385,307,78,0,38,71,113,138,25,0,21,48,99,124,15,0,17,23,14,14,10
20231,U,관광특구,3001491,이태원 관광특구,5839,3064,2775,28,1377,2065,1290,768,311,18,514,986,777,541,228,10,863,1079,513,227,83
20202,A,골목상권,3110069,숙대입구,825,291,534,3,200,296,163,87,76,3,34,92,77,40,45,0,166,204,86,47,31
20202,A,골목상권,3110095,한강진역 3번,1186,801,385,16,160,326,321,298,65,8,61,235,227,226,44,8,99,91,94,72,21
20202,A,골목상권,3110097,한남초등학교,7,4,3,0,2,3,2,0,0,0,0,2,2,0,0,0,2,1,0,0,0
20202,A,골목상권,3110077,삼광초등학교,385,317,68,0,37,86,148,98,16,0,21,66,130,88,12,0,16,20,18,10,4
20202,A,골목상권,3110103,옥수터널,13,11,2,1,0,2,2,6,2,0,0,2,2,5,2,1,0,0,0,1,0
20202,R,전통시장,3130073,뚝도시장,45,17,28,1,3,10,9,11,11,0,0,2,4,5,6,1,3,8,5,6,5
20202,A,골목상권,3110137,성수초등학교,6605,4295,2310,31,1016,1740,1836,1344,638,22,557,1152,1250,828,486,9,459,588,586,516,152
20202,A,골목상권,3110138,송정체육공원,160,79,81,0,15,27,53,41,24,0,4,12,21,23,19,0,11,15,32,18,5
20202,D,발달상권,3120057,아차산역,2218,1220,998,52,412,432,503,468,351,19,236,257,289,206,213,33,176,175,214,262,138
20202,A,골목상권,3110177,동의초등학교,112,81,31,0,6,25,28,32,21,0,3,14,19,26,19,0,3,11,9,6,2
20202,A,골목상권,3110175,푸른동산공원,367,233,134,0,41,73,108,86,59,0,24,48,69,53,39,0,17,25,39,33,20
20202,A,골목상권,3110146,신자초등학교,742,537,205,0,50,81,212,276,123,0,25,45,160,209,98,0,25,36,52,67,25
20202,A,골목상권,3110150,중곡1동 마을마당,1179,698,481,1,197,352,252,217,160,1,83,194,161,132,127,0,114,158,91,85,33
20202,A,골목상권,3110195,동대문구청,221,115,106,0,41,58,47,40,35,0,12,28,23,27,25,0,29,30,24,13,10
20202,A,골목상권,3110189,제기동역 1번,1538,1086,452,1,233,490,342,167,305,0,98,349,286,136,217,1,135,141,56,31,88
20202,A,골목상권,3110214,경희대후문,86,42,44,0,18,17,24,17,10,0,6,6,13,10,7,0,12,11,11,7,3
20202,A,골목상권,3110224,외대앞역 2번,96,41,55,0,9,14,16,29,28,0,2,4,9,18,8,0,7,10,7,11,20
20202,A,골목상권,3110232,동대부고,579,413,166,0,41,71,119,175,173,0,14,38,80,134,147,0,27,33,39,41,26
20202,A,골목상권,3110201,전농119안전센터,27,11,16,0,2,1,9,10,5,0,1,0,3,4,3,0,1,1,6,6,2
20202,R,전통시장,3130099,전농로터리시장,7,3,4,0,1,0,2,3,1,0,0,0,1,1,1,0,1,0,1,2,0
20202,R,전통시장,3130090,청량리종합시장,19,13,6,0,1,4,3,5,6,0,1,2,3,3,4,0,0,2,0,2,2
20202,R,전통시장,3130093,동서시장,5,3,2,0,0,0,1,2,2,0,0,0,1,0,2,0,0,0,0,2,0
20202,A,골목상권,3110190,고대앞사거리,195,92,103,0,22,34,34,45,60,0,4,18,22,19,29,0,18,16,12,26,31
20202,A,골목상권,3110196,홍릉근린공원,23,12,11,0,1,6,8,5,3,0,1,4,3,2,2,0,0,2,5,3,1
20202,D,발달상권,3120065,회기역,323,205,118,3,48,55,87,76,54,1,27,39,48,49,41,2,21,16,39,27,13
20202,A,골목상권,3110215,회기역 1번,28,18,10,0,3,4,9,7,5,0,3,2,6,3,4,0,0,2,3,4,1
20202,A,골목상권,3110222,회기역 2번,20,17,3,0,0,3,2,6,9,0,0,2,2,4,9,0,0,1,0,2,0
20202,A,골목상권,3110273,장스여성병원,610,446,164,7,31,37,75,209,251,0,4,8,37,168,229,7,27,29,38,41,22
20202,A,골목상권,3110260,면목역 3번,126,74,52,0,24,21,24,29,28,0,14,8,12,20,20,0,10,13,12,9,8
20202,R,전통시장,3130105,장미제일시장(중화동제일시장),63,27,36,0,8,14,22,11,8,0,3,6,14,3,1,0,5,8,8,8,7
20202,A,골목상권,3110257,상봉역 7번,397,330,67,0,17,18,50,133,179,0,6,11,34,118,161,0,11,7,16,15,18
20202,A,골목상권,3110238,배꽃어린이공원,66,48,18,0,6,7,15,23,15,0,4,5,9,15,15,0,2,2,6,8,0
20202,A,골목상권,3110303,성신여대입구역 1번,139,98,41,1,7,35,44,27,25,0,2,22,28,25,21,1,5,13,16,2,4
20202,A,골목상권,3110305,보문역 5번,883,661,222,3,165,255,173,133,154,1,99,199,129,103,130,2,66,56,44,30,24
20202,D,발달상권,3120070,한성대입구역,466,180,286,2,83,69,78,113,121,2,21,31,37,38,51,0,62,38,41,75,70
20202,A,골목상권,3110331,돌곶이역 8번,441,297,144,3,54,146,113,78,47,0,17,105,83,55,37,3,37,41,30,23,10
20202,A,골목상권,3110334,석관중앙교회,170,105,65,0,21,43,31,41,34,0,8,19,19,29,30,0,13,24,12,12,4
20202,A,골목상권,3110293,삼선중학교,1730,860,870,4,248,467,527,319,165,3,116,277,268,111,85,1,132,190,259,208,80
20202,A,골목상권,3110283,성북초등학교앞,203,78,125,0,16,33,56,80,18,0,8,10,23,27,10,0,8,23,33,53,8
20202,A,골목상권,3110285,홍대부중,814,559,255,9,219,220,210,100,56,6,118,172,163,69,31,3,101,48,47,31,25
20202,A,골목상권,3110312,안암역 2번,150,81,69,0,13,19,47,46,25,0,7,14,24,22,14,0,6,5,23,24,11
20202,A,골목상권,3110316,숭곡초등학교,439,217,222,2,68,114,129,88,38,2,19,58,73,42,23,0,49,56,56,46,15
20202,A,골목상권,3110322,장위1동주민센터,319,224,95,1,33,37,59,95,94,0,25,31,44,66,58,1,8,6,15,29,36
20202,A,골목상권,3110294,서경대학교,391,262,129,0,35,30,93,120,113,0,18,14,46,87,97,0,17,16,47,33,16
20202,A,골목상권,3110319,종암동주민센터,454,111,343,1,46,51,89,146,121,0,8,19,24,32,28,1,38,32,65,114,93
20202,A,골목상권,3110364,미아역 8번,146,75,71,0,9,26,51,39,21,0,3,9,25,23,15,0,6,17,26,16,6
20202,A,골목상권,3110381,번동주공2단지,171,88,83,5,31,28,38,55,14,4,11,14,21,30,8,1,20,14,17,25,6
20202,R,전통시장,3130131,동북프라자,121,49,72,0,9,23,37,29,23,0,4,8,17,9,11,0,5,15,20,20,12
20202,A,골목상권,3110374,송중초등학교,491,272,219,5,33,60,145,140,108,5,9,29,73,70,86,0,24,31,72,70,22
20202,A,골목상권,3110371,삼양입구사거리,49,23,26,0,2,7,10,19,11,0,0,3,5,10,5,0,2,4,5,9,6
20202,A,골목상권,3110363,송천동주민센터,19,12,7,0,0,4,3,7,5,0,0,3,1,4,4,0,0,1,2,3,1
20202,A,골목상권,3110361,삼양사거리역 1번,101,29,72,0,9,12,19,28,33,0,2,4,3,7,13,0,7,8,16,21,20
20202,A,골목상권,3110360,수유초등학교,321,222,99,0,34,61,63,67,96,0,7,43,42,44,86,0,27,18,21,23,10
20202,A,골목상권,3110357,가오리역 1번,725,611,114,0,25,36,171,340,153,0,4,18,146,310,133,0,21,18,25,30,20
20202,A,골목상권,3110340,인수중학교,176,99,77,0,24,55,50,29,18,0,8,43,31,7,10,0,16,12,19,22,8
20202,A,골목상권,3110341,북한산우이역 2번,496,411,85,0,15,25,80,258,118,0,4,10,52,237,108,0,11,15,28,21,10
20202,A,골목상권,3110390,방학초등학교,231,110,121,0,18,63,68,58,24,0,7,36,28,27,12,0,11,27,40,31,12
20202,A,골목상권,3110408,가인초등학교,355,105,250,0,66,70,100,85,34,0,12,24,32,21,16,0,54,46,68,64,18
20202,A,골목상권,3110433,공릉역 2번,401,137,264,1,30,41,46,46,237,1,17,30,25,18,46,0,13,11,21,28,191
20202,R,전통시장,3130157,상계중앙시장,68,35,33,0,14,17,13,15,9,0,8,13,6,6,2,0,6,4,7,9,7
20202,A,골목상권,3110423,석계역 2번,280,104,176,0,27,29,65,73,86,0,9,15,31,29,20,0,18,14,34,44,66
20202,D,발달상권,3120090,연신내역,796,297,499,5,187,160,183,154,107,1,65,66,64,53,48,4,122,94,119,101,59
20202,A,골목상권,3110462,갈현건영아파트,335,216,119,1,40,61,100,72,61,1,23,36,61,48,47,0,17,25,39,24,14
20202,R,전통시장,3130170,제일시장,58,26,32,1,7,9,13,19,9,1,2,2,5,11,5,0,5,7,8,8,4
20202,A,골목상권,3110481,불광역 7번,199,89,110,0,13,44,41,60,41,0,2,23,11,25,28,0,11,21,30,35,13
20202,A,골목상권,3110443,수색역 1번,20,12,8,0,1,2,7,6,4,0,0,2,2,4,4,0,1,0,5,2,0
20202,A,골목상권,3110459,응암역 2번,547,198,349,1,50,105,159,154,78,0,9,38,77,41,33,1,41,67,82,113,45
20202,A,골목상권,3110468,응암역 3번,1202,526,676,2,142,266,324,272,196,0,45,119,142,116,104,2,97,147,182,156,92
20202,A,골목상권,3110478,응암1동주민센터,355,220,135,2,26,37,56,56,178,2,16,23,28,32,119,0,10,14,28,24,59
20202,A,골목상권,3110463,응암3동주민센터,123,54,69,0,7,23,36,26,31,0,3,6,14,11,20,0,4,17,22,15,11
20202,R,전통시장,3130161,증산종합시장,8,5,3,0,0,1,2,2,3,0,0,0,1,2,2,0,0,1,1,0,1
20202,A,골목상권,3110507,명지대학교,1537,1156,381,29,392,636,318,129,33,26,257,481,282,83,27,3,135,155,36,46,6
20202,A,골목상권,3110495,북가좌2동주민센터,501,372,129,0,28,67,125,185,96,0,11,45,88,152,76,0,17,22,37,33,20
20202,R,전통시장,3130179,"이화여대 3,5,7길 상점가",147,65,82,3,34,15,41,31,23,1,12,3,14,17,18,2,22,12,27,14,5
20202,A,골목상권,3110528,서울여자간호대학교,324,160,164,0,11,25,38,72,178,0,10,14,20,24,92,0,1,11,18,48,86
20202,A,골목상권,3110580,양원초등학교,78,20,58,0,3,6,16,25,28,0,0,1,3,11,5,0,3,5,13,14,23
20202,A,골목상권,3110568,광흥창역 1번,67,32,35,0,12,21,14,15,5,0,4,10,6,9,3,0,8,11,8,6,2
20202,A,골목상권,3110545,마포구청역 1번,789,460,329,1,64,151,210,235,128,1,24,92,106,146,91,0,40,59,104,89,37
20202,A,골목상권,3110584,아현역 4번,49,13,36,0,4,7,14,13,11,0,0,0,2,5,6,0,4,7,12,8,5
20202,A,골목상권,3110556,절두산순교성지,176,112,64,3,17,42,58,39,17,3,8,27,39,24,11,0,9,15,19,15,6
20202,A,골목상권,3110622,달마을공원,458,261,197,0,58,90,102,138,70,0,26,47,63,65,60,0,32,43,39,73,10
20202,A,골목상권,3110601,신월1동우편취급국,1200,814,386,3,116,180,274,437,190,1,61,115,183,309,145,2,55,65,91,128,45
20202,A,골목상권,3110598,신월문화체육센터,381,174,207,0,16,50,101,131,83,0,4,22,40,60,48,0,12,28,61,71,35
20202,D,발달상권,3120109,서울남부지방법원,608,342,266,2,56,104,110,170,166,1,18,40,50,104,129,1,38,64,60,66,37
20202,A,골목상권,3110609,신정네거리역 2번,1377,1358,19,0,14,15,52,171,1125,0,10,11,45,168,1124,0,4,4,7,3,1
20202,A,골목상권,3110652,양천향교역 2번,643,483,160,0,70,131,146,169,127,0,32,102,104,139,106,0,38,29,42,30,21
20202,A,골목상권,3110675,화곡4동주민센터,235,161,74,0,13,45,60,59,58,0,6,28,34,46,47,0,7,17,26,13,11
20202,A,골목상권,3110672,백석중학교,168,91,77,1,26,41,35,49,16,1,19,23,14,23,11,0,7,18,21,26,5
20202,A,골목상권,3110660,등촌3동주민센터,4614,2039,2575,10,469,707,766,1291,1371,5,197,427,424,447,539,5,272,280,342,844,832
20202,A,골목상권,3110645,우장산역 4번,782,381,401,0,63,120,238,219,142,0,32,60,86,88,115,0,31,60,152,131,27
20202,R,전통시장,3130213,방신전통시장,112,77,35,0,13,20,25,29,25,0,10,18,14,14,21,0,3,2,11,15,4
20202,A,골목상권,3110630,공항시장역 1번,1472,1008,464,0,157,294,298,328,395,0,67,180,202,240,319,0,90,114,96,88,76
20202,R,전통시장,3130212,공항시장,8,6,2,0,1,0,3,2,2,0,1,0,3,0,2,0,0,0,0,2,0
20202,A,골목상권,3110640,방화역 1번,1019,638,381,3,139,292,240,195,150,3,62,119,167,158,129,0,77,173,73,37,21
20202,A,골목상권,3110655,발산역 5번,589,356,233,0,97,156,148,113,75,0,29,94,98,77,58,0,68,62,50,36,17
20202,D,발달상권,3120126,디지털단지오거리,135,86,49,0,11,30,48,26,20,0,2,16,38,15,15,0,9,14,10,11,5
20202,A,골목상권,3110692,큰굴다리,233,148,85,0,12,52,54,66,49,0,7,19,35,49,38,0,5,33,19,17,11
20202,A,골목상권,3110695,개봉1동주민센터,537,312,225,1,56,150,140,121,69,1,31,97,72,64,47,0,25,53,68,57,22
20202,R,전통시장,3130226,고척프라자,2,2,0,0,1,1,0,0,0,0,1,1,0,0,0,0,0,0,0,0,0
20202,A,골목상권,3110714,구로4동주민센터,261,149,112,0,32,43,54,76,56,0,7,18,31,50,43,0,25,25,23,26,13
20202,A,골목상권,3110708,화원어린이공원,71,33,38,0,10,12,15,24,10,0,3,4,7,10,9,0,7,8,8,14,1
20202,A,골목상권,3110715,구로구민회관,84,59,25,0,12,13,29,23,7,0,5,10,19,19,6,0,7,3,10,4,1
20202,A,골목상권,3110713,구로보건소,2668,1817,851,5,474,650,706,533,300,3,323,472,514,332,173,2,151,178,192,201,127
20202,A,골목상권,3110718,한국SGI본부,1614,1061,553,3,308,462,397,336,108,3,167,313,292,220,66,0,141,149,105,116,42
20202,A,골목상권,3110707,구로창업지원센터,1045,760,285,4,141,266,246,253,135,3,78,195,185,186,113,1,63,71,61,67,22
20202,D,발달상권,3120123,오류동역,2120,1645,475,1,313,413,505,594,294,0,276,331,389,425,224,1,37,82,116,169,70
20202,A,골목상권,3110726,금천철쭉어린이공원(금하마을),222,172,50,0,19,25,41,62,75,0,17,16,22,45,72,0,2,9,19,17,3
20202,A,골목상권,3110727,독산역 1번 출입구,659,514,145,4,72,152,169,191,71,4,48,118,128,165,51,0,24,34,41,26,20
20202,A,골목상권,3110738,문성초등학교,249,125,124,0,17,27,65,90,50,0,12,14,34,40,25,0,5,13,31,50,25
20202,A,골목상권,3110744,독산동성당,486,292,194,0,31,86,125,152,92,0,22,53,69,89,59,0,9,33,56,63,33
20202,R,전통시장,3130232,독산동 맛나는거리상점가(독산동 맛나는거리),33,24,9,0,3,12,5,10,3,0,2,9,4,6,3,0,1,3,1,4,0
20202,D,발달상권,3120133,서울시흥동우체국(홈플러스시흥점),154,66,88,1,16,23,31,43,40,1,7,11,15,12,20,0,9,12,16,31,20
20202,A,골목상권,3110734,금천파출소,92,47,45,0,7,11,21,29,24,0,3,5,14,13,12,0,4,6,7,16,12
20202,R,전통시장,3130236,비단길현대시장(현대시장),139,42,97,0,13,23,49,40,14,0,4,3,12,17,6,0,9,20,37,23,8
20202,A,골목상권,3110747,석수역 1번 출입구,813,612,201,0,46,81,166,224,296,0,27,52,102,165,266,0,19,29,64,59,30
20202,A,골목상권,3110754,삼성산자연공원(서울금천초등학교),202,76,126,1,21,41,48,41,50,0,6,18,29,10,13,1,15,23,19,31,37
20202,D,발달상권,3120138,당산2동(영등포우체국),2754,1653,1101,23,745,579,479,488,440,15,395,347,312,309,275,8,350,232,167,179,165
20202,A,골목상권,3110781,대림한신아파트,182,112,70,0,23,29,51,38,41,0,8,16,34,23,31,0,15,13,17,15,10
20202,A,골목상권,3110776,도신초등학교,168,106,62,0,12,20,48,63,25,0,11,10,35,34,16,0,1,10,13,29,9
20202,A,골목상권,3110792,영등포역 2번,3343,1737,1606,28,554,856,830,851,224,11,223,385,459,526,133,17,331,471,371,325,91
20202,D,발달상권,3120137,문래역(문래로데오거리),50,21,29,2,11,8,13,12,4,0,4,1,7,7,2,2,7,7,6,5,2
20202,A,골목상권,3110812,신길6동주민센터,363,245,118,0,69,115,106,50,23,0,34,78,85,29,19,0,35,37,21,21,4
20202,A,골목상권,3110798,신풍역 2번,53,20,33,0,2,13,14,13,11,0,0,3,3,6,8,0,2,10,11,7,3
20202,A,골목상권,3110811,보라매역 4번,187,94,93,0,22,41,49,52,23,0,8,22,18,27,19,0,14,19,31,25,4
20202,A,골목상권,3110756,문래중학교,275,179,96,0,48,79,78,35,35,0,21,58,52,21,27,0,27,21,26,14,8
20202,R,전통시장,3130257,영등포시장기계공구상가,158,116,42,0,11,26,33,47,41,0,7,16,22,37,34,0,4,10,11,10,7
20202,A,골목상권,3110800,영등포동성당,227,153,74,0,26,34,61,66,40,0,13,22,37,46,35,0,13,12,24,20,5
20202,A,골목상권,3110806,서울시립영등포장애인복지관,76,42,34,0,18,30,13,13,2,0,5,16,9,11,1,0,13,14,4,2,1
20202,A,골목상권,3110820,성남고등학교,3101,2470,631,1,651,742,555,991,161,0,438,581,448,879,124,1,213,161,107,112,37
20202,D,발달상권,3120156,"총신대입구역(이수, 총신대)",3366,1461,1905,14,640,802,748,644,518,7,213,337,380,258,266,7,427,465,368,386,252
20202,A,골목상권,3110839,숭실대입구역 4번,187,67,120,0,10,51,57,46,23,0,2,14,22,11,18,0,8,37,35,35,5
20202,A,골목상권,3110833,상도역 2번,255,163,92,2,20,61,74,74,24,0,17,49,47,34,16,2,3,12,27,40,8
20202,A,골목상권,3110819,신대방역 4번,456,226,230,0,62,93,114,73,114,0,14,33,50,48,81,0,48,60,64,25,33
20202,A,골목상권,3110876,서원동주민센터(신관중학교),49,29,20,0,5,9,16,9,10,0,2,4,10,4,9,0,3,5,6,5,1
20202,R,전통시장,3130284,관악종합시장(신원시장),17,10,7,0,0,1,3,10,3,0,0,1,1,6,2,0,0,0,2,4,1
20202,A,골목상권,3110889,봉천역 6번,376,317,59,0,29,36,69,136,106,0,18,20,47,130,102,0,11,16,22,6,4
20202,A,골목상권,3110901,인헌고등학교(인헌중학교),245,143,102,3,39,58,73,51,21,3,21,35,38,30,16,0,18,23,35,21,5
20202,R,전통시장,3130275,강남골목시장,164,121,43,0,17,38,46,34,29,0,15,32,30,23,21,0,2,6,16,11,8
20202,D,발달상권,3120185,논현역,12723,7377,5346,29,2723,4108,3218,1875,770,10,1037,2421,2225,1194,490,19,1686,1687,993,681,280
20202,A,골목상권,3110908,구반포역,1517,376,1141,0,66,110,396,804,141,0,42,53,71,141,69,0,24,57,325,663,72
20202,A,골목상권,3110916,내방역 4번,1152,592,560,9,216,272,301,208,146,6,58,167,187,91,83,3,158,105,114,117,63
20202,A,골목상권,3110914,내방역 6번,146,116,30,0,26,31,37,26,26,0,17,26,26,24,23,0,9,5,11,2,3
20202,A,골목상권,3110919,내방역 8번,1289,936,353,3,122,279,365,332,188,1,51,165,297,279,143,2,71,114,68,53,45
20202,D,발달상권,3120179,양재역,20226,15999,4227,55,2836,6941,4949,3795,1650,32,1949,5811,4124,2895,1188,23,887,1130,825,900,462
20202,A,골목상권,3110981,국악고교사거리,361,216,145,2,57,77,110,81,34,0,27,36,72,56,25,2,30,41,38,25,9
20202,D,발달상권,3120191,학동역,13888,8123,5765,40,2898,3769,2969,1869,2343,17,1128,2152,2012,1134,1680,23,1770,1617,957,735,663
20202,A,골목상권,3110952,논현목련공원,117,65,52,0,21,23,27,22,24,0,9,13,13,14,16,0,12,10,14,8,8
20202,A,골목상권,3110953,학동근린공원,2487,1583,904,15,679,891,571,218,113,0,336,572,409,180,86,15,343,319,162,38,27
20202,A,골목상권,3110968,강남구청역 2번,1023,596,427,7,327,204,133,121,231,4,177,117,81,68,149,3,150,87,52,53,82
20202,D,발달상권,3120203,강남구청역,7726,4602,3124,27,1589,2070,1890,1381,769,8,650,1218,1293,882,551,19,939,852,597,499,218
20202,A,골목상권,3110966,논현2동주민센터,1634,1016,618,18,470,498,299,216,133,7,256,298,200,146,109,11,214,200,99,70,24
20202,A,골목상권,3110996,대치2동주민센터,1940,1218,722,2,81,274,345,337,901,0,47,206,276,245,444,2,34,68,69,92,457
20202,A,골목상권,3110982,강남구보훈회관,166,74,92,0,31,34,41,41,19,0,7,13,25,14,15,0,24,21,16,27,4
20202,A,골목상권,3111002,한국교통안전공단 강남자동차검사소,317,115,202,0,22,63,65,96,71,0,7,31,21,26,30,0,15,32,44,70,41
20202,A,골목상권,3110973,강남구청역 4번,1448,784,664,4,275,332,289,269,279,1,146,203,162,128,144,3,129,129,127,141,135
20202,A,골목상권,3110987,영동대교남단,410,201,209,1,80,64,74,101,90,1,40,36,31,40,53,0,40,28,43,61,37
20202,A,골목상권,3111022,석촌중학교(방이육교),686,344,342,1,59,145,176,222,83,0,37,95,98,70,44,1,22,50,78,152,39
20202,A,골목상권,3111041,거여역 8번,411,336,75,1,102,118,81,62,47,1,84,93,67,50,41,0,18,25,14,12,6
20202,D,발달상권,3120236,장지역(가든파이브),4622,3221,1401,15,678,1056,1076,989,808,10,373,711,778,710,639,5,305,345,298,279,169
20202,A,골목상권,3111014,송파나루역 2번,521,273,248,1,42,75,119,190,94,0,21,42,67,83,60,1,21,33,52,107,34
20202,A,골목상권,3111031,장지동주민센터(한림연예예술고교),3127,2317,810,8,263,415,651,857,933,2,170,330,497,648,670,6,93,85,154,209,263
20202,R,전통시장,3130314,풍납시장,203,100,103,1,24,42,50,61,25,1,15,27,22,19,16,0,9,15,28,42,9
20202,D,발달상권,3120242,강동구청역,4533,2940,1593,33,536,1064,1057,894,949,13,287,678,696,560,706,20,249,386,361,334,243
20202,A,골목상권,3111084,길동신동아아파트,169,104,65,2,27,32,37,58,13,2,21,23,24,25,9,0,6,9,13,33,4
20202,A,골목상권,3111073,둔촌동역 1번(한산중학교),973,578,395,1,134,224,250,206,158,1,58,122,160,124,113,0,76,102,90,82,45
20202,D,발달상권,3120248,명일역,859,331,528,4,114,141,223,203,174,2,41,59,84,68,77,2,73,82,139,135,97
20202,D,발달상권,3120249,고덕역,1359,916,443,3,172,305,337,317,225,1,75,198,249,221,172,2,97,107,88,96,53
20202,R,전통시장,3130319,성내전통시장,47,31,16,0,3,8,14,10,12,0,3,4,9,7,8,0,0,4,5,3,4
20202,A,골목상권,3111072,굽은다리역 1번(십자성마을),747,473,274,1,59,119,201,187,180,0,20,70,116,127,140,1,39,49,85,60,40
20202,R,전통시장,3130322,고분다리전통시장,7,4,3,0,0,0,2,4,1,0,0,0,1,2,1,0,0,0,1,2,0
20202,A,골목상권,3110017,정독도서관,650,322,328,0,133,273,152,58,34,0,26,130,93,43,30,0,107,143,59,15,4
20202,D,발달상권,3120001,서대문역,1510,1022,488,1,265,530,359,278,77,1,106,344,272,237,62,0,159,186,87,41,15
20202,A,골목상권,3110004,대신고등학교,32,14,18,0,3,4,8,14,3,0,1,0,3,8,2,0,2,4,5,6,1
20202,A,골목상권,3110002,독립문역 1번,475,121,354,1,146,140,118,44,26,1,25,25,41,14,15,0,121,115,77,30,11
20202,D,발달상권,3120062,신설동역,12648,5435,7213,13,1214,2604,3451,3483,1883,2,444,1433,1624,1125,807,11,770,1171,1827,2358,1076
20202,A,골목상권,3110025,충신시장옆,213,129,84,2,17,46,63,56,29,0,6,23,43,33,24,2,11,23,20,23,5
20202,D,발달상권,3120011,종로4가,2984,1666,1318,5,420,1022,880,515,142,0,165,497,518,378,108,5,255,525,362,137,34
20202,D,발달상권,3120008,인사동,22070,13019,9051,1263,7895,5069,3940,2756,1147,589,4005,3077,2666,2006,676,674,3890,1992,1274,750,471
20202,R,전통시장,3130012,"동대문종합시장(동대문종합시장 신관, 동대문종합시장D동상가)",1319,965,354,2,156,325,348,339,149,0,116,251,238,247,113,2,40,74,110,92,36
20202,A,골목상권,3110026,종로5가역 4번,190,120,70,0,22,41,73,27,27,0,9,28,47,14,22,0,13,13,26,13,5
20202,R,전통시장,3130014,동문시장,17,8,9,0,0,6,4,4,3,0,0,2,1,3,2,0,0,4,3,1,1
20202,R,전통시장,3130015,창신골목시장,22,12,10,0,0,2,8,9,3,0,0,2,6,2,2,0,0,0,2,7,1
20202,A,골목상권,3110031,창신역 1번,72,57,15,0,11,17,12,21,11,0,8,11,11,17,10,0,3,6,1,4,1
20202,A,골목상권,3110016,평창동동측,2303,1051,1252,9,318,614,663,433,266,4,126,304,354,163,100,5,192,310,309,270,166
20202,A,골목상권,3110020,서울국제고등학교,593,291,302,1,141,279,101,49,22,1,41,139,70,26,14,0,100,140,31,23,8
20202,A,골목상권,3110048,장충동주민센터,5315,2706,2609,21,867,1339,1513,1367,208,5,338,768,756,707,132,16,529,571,757,660,76
20202,A,골목상권,3110046,버티고개,104,74,30,0,6,23,40,28,7,0,3,17,28,20,6,0,3,6,12,8,1
20202,A,골목상권,3110047,다산성곽길,160,89,71,0,36,43,36,27,18,0,23,29,21,7,9,0,13,14,15,20,9
20202,R,전통시장,3130051,동화동 골목형상점가,391,156,235,1,82,94,98,66,50,1,18,25,43,36,33,0,64,69,55,30,17
20202,R,전통시장,3130053,백학시장,160,69,91,0,22,24,46,37,31,0,8,8,20,15,18,0,14,16,26,22,13
20202,A,골목상권,3110110,상왕십리역 6번,87,54,33,1,12,16,24,18,16,1,7,11,13,10,12,0,5,5,11,8,4
20202,R,전통시장,3130042,약수시장,158,67,91,2,36,30,40,21,29,2,9,9,19,8,20,0,27,21,21,13,9
20202,A,골목상권,3110591,충정로역 6번,87,48,39,0,15,19,21,28,4,0,9,9,11,16,3,0,6,10,10,12,1
20202,R,전통시장,3130062,보광시장,39,16,23,0,1,7,11,15,5,0,0,3,4,6,3,0,1,4,7,9,2
20202,A,골목상권,3110086,이태원역 북측,9244,3609,5635,12,3187,3891,1654,428,72,3,733,1558,905,355,55,9,2454,2333,749,73,17
20202,A,골목상권,3110085,경리단길남측,532,260,272,4,98,163,148,67,52,2,40,59,78,41,40,2,58,104,70,26,12
20202,A,골목상권,3110066,서울역 15번,748,467,281,6,152,227,156,125,82,3,81,151,104,66,62,3,71,76,52,59,20
20202,A,골목상권,3110105,금동어린이공원,38,17,21,0,1,7,11,10,9,0,0,2,3,6,6,0,1,5,8,4,3
20202,A,골목상권,3110116,청계천박물관,4825,3644,1181,29,323,769,1077,1762,865,26,206,565,875,1315,657,3,117,204,202,447,208
20202,A,골목상권,3110128,성원중학교,911,573,338,1,98,165,255,266,126,1,53,94,157,170,98,0,45,71,98,96,28
20202,A,골목상권,3110120,서울숲카페거리,79,49,30,0,8,12,35,18,6,0,3,8,23,10,5,0,5,4,12,8,1
20202,A,골목상권,3110124,뚝섬역교차로,1253,1006,247,7,170,155,222,312,387,6,94,111,169,268,358,1,76,44,53,44,29
20202,A,골목상권,3110129,성원어린이공원,640,405,235,1,65,118,131,180,145,0,35,70,86,107,107,1,30,48,45,73,38
20202,A,골목상권,3110132,성수2가3동주민센터,786,521,265,0,97,182,220,197,90,0,67,133,145,108,68,0,30,49,75,89,22
20202,A,골목상권,3110111,대현산장미원,51,40,11,0,6,7,6,17,15,0,6,4,4,13,13,0,0,3,2,4,2
20202,A,골목상권,3110166,구의1동주민센터,552,292,260,1,70,121,177,115,68,1,20,59,99,60,53,0,50,62,78,55,15
20202,A,골목상권,3110160,광진경찰서,819,680,139,0,149,322,180,157,11,0,110,261,150,149,10,0,39,61,30,8,1
20202,D,발달상권,3120054,어린이대공원역,1196,805,391,0,61,141,304,441,249,0,17,79,201,322,186,0,44,62,103,119,63
20202,A,골목상권,3110145,장안초등학교,7,4,3,0,0,1,2,3,1,0,0,0,1,3,0,0,0,1,1,0,1
20202,D,발달상권,3120055,군자역,4255,2030,2225,33,1138,780,911,991,402,23,548,430,436,330,263,10,590,350,475,661,139
20202,A,골목상권,3110164,아차산역 5번,731,494,237,3,111,126,143,164,184,0,61,77,101,112,143,3,50,49,42,52,41
20202,R,전통시장,3130076,능동로골목시장,93,70,23,0,2,11,16,17,47,0,1,4,14,11,40,0,1,7,2,6,7
20202,A,골목상권,3110158,중곡3동주민센터,715,518,197,1,113,210,184,138,69,0,73,168,123,104,50,1,40,42,61,34,19
20202,R,전통시장,3130100,답십리시장,93,40,53,2,19,25,23,11,13,2,4,9,11,6,8,0,15,16,12,5,5
20202,A,골목상권,3110227,답십리공원,229,93,136,0,16,30,77,84,22,0,13,16,27,23,14,0,3,14,50,61,8
20202,A,골목상권,3110181,신설동역 9번,1864,1212,652,12,209,232,286,440,685,12,150,162,188,282,418,0,59,70,98,158,267
20202,A,골목상권,3110192,동의보감타워,70,45,25,0,7,10,25,16,12,0,2,6,17,10,10,0,5,4,8,6,2
20202,R,전통시장,3130085,용두시장,4,2,2,0,0,0,1,2,1,0,0,0,0,1,1,0,0,0,1,1,0
20202,A,골목상권,3110182,용두희망어린이공원,370,249,121,0,38,71,108,87,66,0,20,47,67,64,51,0,18,24,41,23,15
20202,A,골목상권,3110223,군자초등학교,94,56,38,0,13,17,26,24,14,0,4,10,17,15,10,0,9,7,9,9,4
20202,A,골목상권,3110191,고려대역 6번,48,41,7,0,1,12,14,9,12,0,1,10,11,8,11,0,0,2,3,1,1
20202,A,골목상권,3110193,고려대역 4번,48,37,11,0,5,11,11,10,11,0,3,5,10,10,9,0,2,6,1,0,2
20202,A,골목상권,3110208,시조사삼거리,75,56,19,0,2,14,7,17,35,0,1,7,2,11,35,0,1,7,5,6,0
20202,R,전통시장,3130103,이경시장,16,8,8,0,0,1,2,2,11,0,0,1,1,1,5,0,0,0,1,1,6
20202,A,골목상권,3110270,혜원여고,168,148,20,0,4,5,7,70,82,0,4,3,6,59,76,0,0,2,1,11,6
20202,A,골목상권,3110274,서일대학교,523,360,163,0,46,59,135,146,137,0,8,37,89,115,111,0,38,22,46,31,26
20202,A,골목상권,3110277,러스크서울병원,145,78,67,0,12,30,29,43,31,0,4,13,16,23,22,0,8,17,13,20,9
20202,D,발달상권,3120068,사가정역,145,45,100,3,38,31,25,22,26,0,1,5,12,12,15,3,37,26,13,10,11
20202,A,골목상권,3110253,중곡초등학교,181,106,75,0,31,31,44,49,26,0,10,17,23,35,21,0,21,14,21,14,5
20202,A,골목상권,3110249,중화역 1번,764,479,285,0,68,129,205,203,159,0,31,61,105,139,143,0,37,68,100,64,16
20202,A,골목상권,3110250,화랑대역 7번,111,69,42,0,7,20,32,34,18,0,5,12,15,23,14,0,2,8,17,11,4
20202,R,전통시장,3130116,동성타워프라자,31,22,9,0,2,9,7,8,5,0,2,4,4,7,5,0,0,5,3,1,0
20202,A,골목상권,3110235,세화어린이공원,17,12,5,0,6,3,1,5,2,0,5,1,1,3,2,0,1,2,0,2,0
20202,A,골목상권,3110306,미아초등학교,317,218,99,2,13,50,81,77,94,0,3,29,53,50,83,2,10,21,28,27,11
20202,A,골목상권,3110304,보문역 4번,248,146,102,0,40,77,61,48,22,0,10,46,35,37,18,0,30,31,26,11,4
20202,A,골목상권,3110291,한성대입구역 3번,342,172,170,2,27,49,94,91,79,0,14,24,49,51,34,2,13,25,45,40,45
20202,A,골목상권,3110336,석관고등학교,94,84,10,0,3,17,16,37,21,0,3,15,13,34,19,0,0,2,3,3,2
20202,A,골목상권,3110335,석계역 7번,249,172,77,1,19,32,66,64,67,0,13,18,34,45,62,1,6,14,32,19,5
20202,A,골목상권,3110327,상월곡역 2번,118,60,58,0,8,17,42,31,20,0,3,8,24,14,11,0,5,9,18,17,9
20202,A,골목상권,3110330,돌곶이역 1번,220,172,48,0,12,18,33,31,126,0,4,12,20,23,113,0,8,6,13,8,13
20202,A,골목상권,3110332,돌곶이역 3번,164,63,101,0,28,29,42,47,18,0,6,18,19,14,6,0,22,11,23,33,12
20202,A,골목상권,3110347,구세군강북종합사회복지관,38,17,21,0,10,7,5,9,7,0,1,5,1,5,5,0,9,2,4,4,2
20202,R,전통시장,3130137,"수유전통시장(수유시장, 수유골목시장)",86,29,57,0,5,10,18,25,28,0,0,3,8,7,11,0,5,7,10,18,17
20202,A,골목상권,3110344,화계중학교,12,10,2,0,7,1,1,2,1,0,5,1,1,2,1,0,2,0,0,0,0
20202,A,골목상권,3110353,수유동우체국,187,91,96,0,4,18,48,60,57,0,1,12,33,27,18,0,3,6,15,33,39
20202,A,골목상권,3110337,아카데미하우스,512,368,144,6,70,69,94,159,114,6,43,58,60,98,103,0,27,11,34,61,11
20202,A,골목상권,3110397,도봉산입구,469,257,212,0,31,56,101,131,150,0,6,34,39,73,105,0,25,22,62,58,45
20202,A,골목상권,3110406,도봉산역 1번,634,573,61,0,10,29,139,292,164,0,3,17,126,276,151,0,7,12,13,16,13
20202,A,골목상권,3110387,쌍문초등학교,307,169,138,0,37,47,91,75,57,0,13,24,49,39,44,0,24,23,42,36,13
20202,A,골목상권,3110389,한일병원,209,120,89,0,23,37,57,53,39,0,10,19,35,30,26,0,13,18,22,23,13
20202,D,발달상권,3120079,창동역,1326,796,530,0,151,232,320,304,319,0,54,108,172,195,267,0,97,124,148,109,52
20202,A,골목상권,3110435,서울과학기술대,73,40,33,0,5,12,18,25,13,0,3,4,8,14,11,0,2,8,10,11,2
20202,A,골목상권,3110415,수락산역 4번,635,386,249,5,82,110,155,174,109,5,46,71,85,110,69,0,36,39,70,64,40
20202,A,골목상권,3110436,상계제일중학교,93,60,33,0,15,21,33,20,4,0,5,13,23,15,4,0,10,8,10,5,0
20202,A,골목상권,3110432,대진고등학교,894,734,160,0,55,146,248,343,102,0,27,96,214,311,86,0,28,50,34,32,16
20202,A,골목상권,3110483,연천초등학교,119,74,45,0,11,16,34,17,41,0,3,9,26,10,26,0,8,7,8,7,15
20202,A,골목상권,3110491,불광중학교,43,14,29,0,3,5,13,9,13,0,1,1,5,3,4,0,2,4,8,6,9
20202,D,발달상권,3120087,응암역,425,258,167,0,45,82,110,105,83,0,17,49,75,59,58,0,28,33,35,46,25
20202,A,골목상권,3110452,새절역 3번,373,317,56,1,10,36,63,123,140,1,7,25,47,107,130,0,3,11,16,16,10
20202,A,골목상권,3110471,응암동우체국,263,117,146,0,34,61,73,70,25,0,11,21,28,35,22,0,23,40,45,35,3
20202,A,골목상권,3110469,응암정보도서관,344,188,156,1,38,58,104,104,39,0,11,29,61,57,30,1,27,29,43,47,9
20202,R,전통시장,3130172,모래내시장(서중시장),19,8,11,0,1,4,5,6,3,0,0,1,2,4,1,0,1,3,3,2,2
20202,A,골목상권,3110497,가좌역 3번,325,253,72,0,17,43,89,123,53,0,3,17,75,115,43,0,14,26,14,8,10
20202,A,골목상권,3110500,남가좌동현대아파트,74,54,20,0,12,13,23,22,4,0,8,9,17,17,3,0,4,4,6,5,1
20202,A,골목상권,3110494,증산3교남측,31,24,7,0,1,8,7,9,6,0,0,7,5,7,5,0,1,1,2,2,1
20202,A,골목상권,3110530,아현역 1번,36,20,16,0,5,5,7,15,4,0,2,5,4,6,3,0,3,0,3,9,1
20202,A,골목상권,3110509,연희대우아파트앞,391,210,181,0,39,105,101,88,58,0,13,52,51,53,41,0,26,53,50,35,17
20202,A,골목상권,3110524,연희세브란스병원,51,23,28,0,10,13,15,8,5,0,5,6,6,3,3,0,5,7,9,5,2
20202,A,골목상권,3110501,연희어린이공원,214,82,132,0,12,33,40,75,54,0,3,20,15,18,26,0,9,13,25,57,28
20202,R,전통시장,3130182,영천시장,78,35,43,0,13,8,24,22,11,0,3,4,10,12,6,0,10,4,14,10,5
20202,A,골목상권,3110539,미근동,2792,1821,971,13,225,688,889,822,155,9,167,550,547,424,124,4,58,138,342,398,31
20202,A,골목상권,3110519,서대문구보건소별관,341,156,185,0,42,73,79,94,53,0,14,33,44,37,28,0,28,40,35,57,25
20202,R,전통시장,3130197,마포시장,15,5,10,0,0,1,5,4,5,0,0,1,0,2,2,0,0,0,5,2,3
20202,A,골목상권,3110576,대흥역 3번,1605,1112,493,71,503,480,308,163,80,27,310,365,253,111,46,44,193,115,55,52,34
20202,A,골목상권,3110573,신촌역 6번,28,10,18,0,7,3,6,6,6,0,2,0,3,1,4,0,5,3,3,5,2
20202,A,골목상권,3110563,상수역 3번,309,246,63,11,75,122,61,17,23,9,60,95,50,13,19,2,15,27,11,4,4
20202,D,발달상권,3120105,상수역(홍대),524,273,251,4,126,153,122,71,48,2,51,74,70,42,34,2,75,79,52,29,14
20202,D,발달상권,3120101,합정역,1932,1048,884,2,302,520,515,399,194,2,89,236,312,266,143,0,213,284,203,133,51
20202,R,전통시장,3130189,서교시장,24,10,14,0,2,1,7,6,8,0,0,1,2,3,4,0,2,0,5,3,4
20202,D,발달상권,3120104,연남동(홍대),5955,3176,2779,20,1117,1491,1289,1103,935,12,428,824,772,620,520,8,689,667,517,483,415
20202,A,골목상권,3110564,홍대입구역 3번,471,211,260,0,54,125,161,78,53,0,19,47,103,22,20,0,35,78,58,56,33
20202,A,골목상권,3110621,목동역 5번,163,78,85,0,19,44,33,45,22,0,1,21,19,23,14,0,18,23,14,22,8
20202,R,전통시장,3130208,목동깨비시장(목3동시장),148,67,81,0,13,20,55,37,23,0,7,6,18,19,17,0,6,14,37,18,6
20202,R,전통시장,3130209,목사랑시장(목4동시장),113,62,51,0,7,15,23,43,25,0,2,13,10,20,17,0,5,2,13,23,8
20202,A,골목상권,3110592,서울금융고등학교,431,337,94,0,18,34,71,147,161,0,9,13,44,124,147,0,9,21,27,23,14
20202,A,골목상권,3110604,신월4동주민센터,635,526,109,0,13,50,120,232,220,0,6,29,87,191,213,0,7,21,33,41,7
20202,A,골목상권,3110595,메디힐병원,731,459,272,0,80,148,163,185,155,0,34,85,86,136,118,0,46,63,77,49,37
20202,A,골목상권,3110603,지향초등학교,187,104,83,0,12,54,55,38,28,0,5,28,33,19,19,0,7,26,22,19,9
20202,R,전통시장,3130207,신정1동 골목시장(신정제일시장),38,21,17,0,8,9,10,7,4,0,3,5,6,4,3,0,5,4,4,3,1
20202,A,골목상권,3110625,신정2동주민센터,726,454,272,2,98,196,215,155,60,0,51,124,146,94,39,2,47,72,69,61,21
20202,R,전통시장,3130211,신정2동 골목시장(오목교중앙시장),15,10,5,0,1,1,5,7,1,0,1,1,3,4,1,0,0,0,2,3,0
20202,A,골목상권,3110694,세곡초등학교,438,243,195,2,55,148,88,96,49,0,24,75,49,59,36,2,31,73,39,37,13
20202,A,골목상권,3110614,목동로데오거리,596,292,304,0,69,85,114,216,112,0,42,44,58,103,45,0,27,41,56,113,67
20202,D,발달상권,3120119,발산역(마곡),1427,686,741,2,184,339,416,350,136,1,54,148,211,174,98,1,130,191,205,176,38
20202,A,골목상권,3110643,강서구다솔마을,653,413,240,1,97,165,199,139,52,0,47,101,136,93,36,1,50,64,63,46,16
20202,A,골목상권,3110667,가양역 10번,177,126,51,0,33,32,56,36,20,0,21,20,38,29,18,0,12,12,18,7,2
20202,A,골목상권,3110639,신방화역 8번,534,376,158,1,76,67,89,155,146,1,18,26,52,140,139,0,58,41,37,15,7
20202,A,골목상권,3110641,공항고등학교,345,236,109,2,46,95,100,79,23,1,30,72,61,52,20,1,16,23,39,27,3
20202,A,골목상권,3110633,개화산역 1번,28,14,14,0,0,6,10,7,5,0,0,1,5,3,5,0,0,5,5,4,0
20202,A,골목상권,3110642,정곡초등학교,193,163,30,2,8,14,35,69,65,1,4,10,30,58,60,1,4,4,5,11,5
20202,A,골목상권,3110678,염창무학아파트,285,214,71,1,34,65,92,60,33,1,17,53,72,47,24,0,17,12,20,13,9
20202,A,골목상권,3110653,화곡역 2번,917,494,423,1,191,273,240,171,41,0,79,137,119,135,24,1,112,136,121,36,17
20202,R,전통시장,3130216,화곡중앙시장,75,32,43,0,4,11,21,22,17,0,2,2,9,8,11,0,2,9,12,14,6
20202,R,전통시장,3130215,대원종합시장,9,7,2,0,0,1,0,3,5,0,0,1,0,2,4,0,0,0,0,1,1
20202,A,골목상권,3110661,강서새말어린이공원,126,48,78,0,3,13,30,38,42,0,2,8,10,9,19,0,1,5,20,29,23
20202,A,골목상권,3110664,강서구청옆,111,48,63,0,14,10,31,43,13,0,11,7,10,9,11,0,3,3,21,34,2
20202,A,골목상권,3110663,우장산롯데캐슬아파트앞,279,217,62,0,6,19,48,106,100,0,3,13,26,82,93,0,3,6,22,24,7
20202,R,전통시장,3130219,까치산시장,114,35,79,0,16,17,35,29,17,0,4,6,8,9,8,0,12,11,27,20,9
20202,A,골목상권,3110710,남구로역 3번,606,370,236,3,83,96,105,121,198,3,46,63,63,68,127,0,37,33,42,53,71
20202,R,전통시장,3130223,고척근린시장,42,12,30,0,2,10,12,14,4,0,0,1,1,7,3,0,2,9,11,7,1
20202,R,전통시장,3130224,개봉프라자(고척근린시장),5,4,1,0,0,0,1,2,2,0,0,0,1,1,2,0,0,0,0,1,0
20202,D,발달상권,3120130,구로디지털단지역,1136,620,516,1,169,376,236,212,142,0,59,208,125,125,103,1,110,168,111,87,39
20202,A,골목상권,3110683,오류고등학교,75,46,29,0,12,15,23,18,7,0,9,8,14,8,7,0,3,7,9,10,0
20202,R,전통시장,3130222,오류시장,132,21,111,0,10,26,46,43,7,0,5,1,4,5,6,0,5,25,42,38,1
20202,A,골목상권,3110687,"천왕역 3번(오류2동주민센터, 서울오류남초등학교)",21,16,5,0,2,3,5,6,5,0,1,3,4,4,4,0,1,0,1,2,1
20202,D,발달상권,3120131,가산디지털단지,81127,53423,27704,289,16342,25688,20130,11589,7089,184,8639,17233,14526,7698,5143,105,7703,8455,5604,3891,1946
20202,A,골목상권,3110740,금천해태공원,646,280,366,1,135,134,136,170,70,1,47,54,56,71,51,0,88,80,80,99,19
20202,A,골목상권,3110733,금천어울림복지센터,374,293,81,3,34,89,74,90,84,3,22,67,59,66,76,0,12,22,15,24,8
20202,A,골목상권,3110739,시흥3동 우편취급국,99,77,22,0,4,22,30,27,16,0,1,16,26,21,13,0,3,6,4,6,3
20202,R,전통시장,3130246,영등포청과시장(조광시장),237,126,111,0,24,33,47,77,56,0,9,11,28,39,39,0,15,22,19,38,17
20202,D,발달상권,3120136,영등포구청역,6456,3190,3266,20,1167,1451,1361,1429,1028,12,562,814,730,580,492,8,605,637,631,849,536
20202,A,골목상권,3110794,영동초등학교,622,482,140,0,72,112,182,170,86,0,37,84,150,136,75,0,35,28,32,34,11
20202,A,골목상권,3110775,대동초등학교,59,28,31,0,4,13,20,14,8,0,1,6,6,9,6,0,3,7,14,5,2
20202,D,발달상권,3120140,문래동주민센터,6184,3312,2872,22,1447,1843,1639,925,308,11,558,994,994,525,230,11,889,849,645,400,78
20202,A,골목상권,3110814,서울지방병무청,673,364,309,1,51,117,155,236,113,1,23,79,97,104,60,0,28,38,58,132,53
20202,R,전통시장,3130259,대신시장,14,10,4,0,1,0,5,4,4,0,1,0,3,3,3,0,0,0,2,1,1
20202,A,골목상권,3110802,신길동홍어거리,336,159,177,1,59,113,86,61,16,0,18,45,44,40,12,1,41,68,42,21,4
20203,A,골목상권,3110468,응암역 3번,1202,526,676,2,142,266,324,272,196,0,45,119,142,116,104,2,97,147,182,156,92
20203,A,골목상권,3110478,응암1동주민센터,355,220,135,2,26,37,56,56,178,2,16,23,28,32,119,0,10,14,28,24,59
20203,A,골목상권,3110463,응암3동주민센터,123,54,69,0,7,23,36,26,31,0,3,6,14,11,20,0,4,17,22,15,11
20203,R,전통시장,3130161,증산종합시장,8,5,3,0,0,1,2,2,3,0,0,0,1,2,2,0,0,1,1,0,1
20203,A,골목상권,3110507,명지대학교,1537,1156,381,29,392,636,318,129,33,26,257,481,282,83,27,3,135,155,36,46,6
20203,A,골목상권,3110495,북가좌2동주민센터,501,372,129,0,28,67,125,185,96,0,11,45,88,152,76,0,17,22,37,33,20
20203,R,전통시장,3130179,"이화여대 3,5,7길 상점가",147,65,82,3,34,15,41,31,23,1,12,3,14,17,18,2,22,12,27,14,5
20203,A,골목상권,3110528,서울여자간호대학교,324,160,164,0,11,25,38,72,178,0,10,14,20,24,92,0,1,11,18,48,86
20203,A,골목상권,3110580,양원초등학교,78,20,58,0,3,6,16,25,28,0,0,1,3,11,5,0,3,5,13,14,23
20203,A,골목상권,3110568,광흥창역 1번,67,32,35,0,12,21,14,15,5,0,4,10,6,9,3,0,8,11,8,6,2
20203,A,골목상권,3110545,마포구청역 1번,789,460,329,1,64,151,210,235,128,1,24,92,106,146,91,0,40,59,104,89,37
20203,A,골목상권,3110584,아현역 4번,49,13,36,0,4,7,14,13,11,0,0,0,2,5,6,0,4,7,12,8,5
20203,A,골목상권,3110556,절두산순교성지,176,112,64,3,17,42,58,39,17,3,8,27,39,24,11,0,9,15,19,15,6
20203,A,골목상권,3110622,달마을공원,458,261,197,0,58,90,102,138,70,0,26,47,63,65,60,0,32,43,39,73,10
20203,A,골목상권,3110601,신월1동우편취급국,1200,814,386,3,116,180,274,437,190,1,61,115,183,309,145,2,55,65,91,128,45
20203,A,골목상권,3110598,신월문화체육센터,381,174,207,0,16,50,101,131,83,0,4,22,40,60,48,0,12,28,61,71,35
20203,D,발달상권,3120109,서울남부지방법원,608,342,266,2,56,104,110,170,166,1,18,40,50,104,129,1,38,64,60,66,37
20203,A,골목상권,3110609,신정네거리역 2번,1377,1358,19,0,14,15,52,171,1125,0,10,11,45,168,1124,0,4,4,7,3,1
20203,A,골목상권,3110652,양천향교역 2번,643,483,160,0,70,131,146,169,127,0,32,102,104,139,106,0,38,29,42,30,21
20203,A,골목상권,3110675,화곡4동주민센터,235,161,74,0,13,45,60,59,58,0,6,28,34,46,47,0,7,17,26,13,11
20203,A,골목상권,3110672,백석중학교,168,91,77,1,26,41,35,49,16,1,19,23,14,23,11,0,7,18,21,26,5
20203,A,골목상권,3110660,등촌3동주민센터,4614,2039,2575,10,469,707,766,1291,1371,5,197,427,424,447,539,5,272,280,342,844,832
20203,A,골목상권,3110645,우장산역 4번,782,381,401,0,63,120,238,219,142,0,32,60,86,88,115,0,31,60,152,131,27
20203,R,전통시장,3130213,방신전통시장,112,77,35,0,13,20,25,29,25,0,10,18,14,14,21,0,3,2,11,15,4
20203,A,골목상권,3110630,공항시장역 1번,1472,1008,464,0,157,294,298,328,395,0,67,180,202,240,319,0,90,114,96,88,76
20203,R,전통시장,3130212,공항시장,8,6,2,0,1,0,3,2,2,0,1,0,3,0,2,0,0,0,0,2,0
20203,A,골목상권,3110640,방화역 1번,1019,638,381,3,139,292,240,195,150,3,62,119,167,158,129,0,77,173,73,37,21
20203,A,골목상권,3110655,발산역 5번,589,356,233,0,97,156,148,113,75,0,29,94,98,77,58,0,68,62,50,36,17
20203,D,발달상권,3120126,디지털단지오거리,135,86,49,0,11,30,48,26,20,0,2,16,38,15,15,0,9,14,10,11,5
20203,A,골목상권,3110692,큰굴다리,233,148,85,0,12,52,54,66,49,0,7,19,35,49,38,0,5,33,19,17,11
20203,A,골목상권,3110695,개봉1동주민센터,537,312,225,1,56,150,140,121,69,1,31,97,72,64,47,0,25,53,68,57,22
20203,R,전통시장,3130226,고척프라자,2,2,0,0,1,1,0,0,0,0,1,1,0,0,0,0,0,0,0,0,0
20203,A,골목상권,3110714,구로4동주민센터,261,149,112,0,32,43,54,76,56,0,7,18,31,50,43,0,25,25,23,26,13
20203,A,골목상권,3110708,화원어린이공원,71,33,38,0,10,12,15,24,10,0,3,4,7,10,9,0,7,8,8,14,1
20203,A,골목상권,3110715,구로구민회관,84,59,25,0,12,13,29,23,7,0,5,10,19,19,6,0,7,3,10,4,1
20203,A,골목상권,3110713,구로보건소,2668,1817,851,5,474,650,706,533,300,3,323,472,514,332,173,2,151,178,192,201,127
20203,A,골목상권,3110718,한국SGI본부,1614,1061,553,3,308,462,397,336,108,3,167,313,292,220,66,0,141,149,105,116,42
20203,A,골목상권,3110707,구로창업지원센터,1045,760,285,4,141,266,246,253,135,3,78,195,185,186,113,1,63,71,61,67,22
20203,D,발달상권,3120123,오류동역,2120,1645,475,1,313,413,505,594,294,0,276,331,389,425,224,1,37,82,116,169,70
20203,A,골목상권,3110726,금천철쭉어린이공원(금하마을),222,172,50,0,19,25,41,62,75,0,17,16,22,45,72,0,2,9,19,17,3
20203,A,골목상권,3110727,독산역 1번 출입구,659,514,145,4,72,152,169,191,71,4,48,118,128,165,51,0,24,34,41,26,20
20203,A,골목상권,3110738,문성초등학교,249,125,124,0,17,27,65,90,50,0,12,14,34,40,25,0,5,13,31,50,25
20203,A,골목상권,3110744,독산동성당,486,292,194,0,31,86,125,152,92,0,22,53,69,89,59,0,9,33,56,63,33
20203,R,전통시장,3130232,독산동 맛나는거리상점가(독산동 맛나는거리),33,24,9,0,3,12,5,10,3,0,2,9,4,6,3,0,1,3,1,4,0
20203,D,발달상권,3120133,서울시흥동우체국(홈플러스시흥점),154,66,88,1,16,23,31,43,40,1,7,11,15,12,20,0,9,12,16,31,20
20203,A,골목상권,3110734,금천파출소,92,47,45,0,7,11,21,29,24,0,3,5,14,13,12,0,4,6,7,16,12
20203,R,전통시장,3130236,비단길현대시장(현대시장),139,42,97,0,13,23,49,40,14,0,4,3,12,17,6,0,9,20,37,23,8
20203,A,골목상권,3110747,석수역 1번 출입구,813,612,201,0,46,81,166,224,296,0,27,52,102,165,266,0,19,29,64,59,30
20203,A,골목상권,3110754,삼성산자연공원(서울금천초등학교),202,76,126,1,21,41,48,41,50,0,6,18,29,10,13,1,15,23,19,31,37
20203,D,발달상권,3120138,당산2동(영등포우체국),2754,1653,1101,23,745,579,479,488,440,15,395,347,312,309,275,8,350,232,167,179,165
20203,A,골목상권,3110781,대림한신아파트,182,112,70,0,23,29,51,38,41,0,8,16,34,23,31,0,15,13,17,15,10
20203,A,골목상권,3110776,도신초등학교,168,106,62,0,12,20,48,63,25,0,11,10,35,34,16,0,1,10,13,29,9
20203,A,골목상권,3110792,영등포역 2번,3343,1737,1606,28,554,856,830,851,224,11,223,385,459,526,133,17,331,471,371,325,91
20203,D,발달상권,3120137,문래역(문래로데오거리),50,21,29,2,11,8,13,12,4,0,4,1,7,7,2,2,7,7,6,5,2
20203,A,골목상권,3110812,신길6동주민센터,363,245,118,0,69,115,106,50,23,0,34,78,85,29,19,0,35,37,21,21,4
20203,A,골목상권,3110798,신풍역 2번,53,20,33,0,2,13,14,13,11,0,0,3,3,6,8,0,2,10,11,7,3
20203,A,골목상권,3110811,보라매역 4번,187,94,93,0,22,41,49,52,23,0,8,22,18,27,19,0,14,19,31,25,4
20203,A,골목상권,3110756,문래중학교,275,179,96,0,48,79,78,35,35,0,21,58,52,21,27,0,27,21,26,14,8
20203,R,전통시장,3130257,영등포시장기계공구상가,158,116,42,0,11,26,33,47,41,0,7,16,22,37,34,0,4,10,11,10,7
20203,A,골목상권,3110800,영등포동성당,227,153,74,0,26,34,61,66,40,0,13,22,37,46,35,0,13,12,24,20,5
20203,A,골목상권,3110806,서울시립영등포장애인복지관,76,42,34,0,18,30,13,13,2,0,5,16,9,11,1,0,13,14,4,2,1
20203,A,골목상권,3110820,성남고등학교,3101,2470,631,1,651,742,555,991,161,0,438,581,448,879,124,1,213,161,107,112,37
20203,D,발달상권,3120156,"총신대입구역(이수, 총신대)",3366,1461,1905,14,640,802,748,644,518,7,213,337,380,258,266,7,427,465,368,386,252
20203,A,골목상권,3110839,숭실대입구역 4번,187,67,120,0,10,51,57,46,23,0,2,14,22,11,18,0,8,37,35,35,5
20203,A,골목상권,3110833,상도역 2번,255,163,92,2,20,61,74,74,24,0,17,49,47,34,16,2,3,12,27,40,8
20203,A,골목상권,3110819,신대방역 4번,456,226,230,0,62,93,114,73,114,0,14,33,50,48,81,0,48,60,64,25,33
20203,A,골목상권,3110876,서원동주민센터(신관중학교),49,29,20,0,5,9,16,9,10,0,2,4,10,4,9,0,3,5,6,5,1
20203,R,전통시장,3130284,관악종합시장(신원시장),17,10,7,0,0,1,3,10,3,0,0,1,1,6,2,0,0,0,2,4,1
20203,A,골목상권,3110889,봉천역 6번,376,317,59,0,29,36,69,136,106,0,18,20,47,130,102,0,11,16,22,6,4
20203,A,골목상권,3110901,인헌고등학교(인헌중학교),245,143,102,3,39,58,73,51,21,3,21,35,38,30,16,0,18,23,35,21,5
20203,R,전통시장,3130275,강남골목시장,164,121,43,0,17,38,46,34,29,0,15,32,30,23,21,0,2,6,16,11,8
20203,D,발달상권,3120185,논현역,12723,7377,5346,29,2723,4108,3218,1875,770,10,1037,2421,2225,1194,490,19,1686,1687,993,681,280
20203,A,골목상권,3110908,구반포역,1517,376,1141,0,66,110,396,804,141,0,42,53,71,141,69,0,24,57,325,663,72
20203,A,골목상권,3110916,내방역 4번,1152,592,560,9,216,272,301,208,146,6,58,167,187,91,83,3,158,105,114,117,63
20203,A,골목상권,3110914,내방역 6번,146,116,30,0,26,31,37,26,26,0,17,26,26,24,23,0,9,5,11,2,3
20203,A,골목상권,3110919,내방역 8번,1289,936,353,3,122,279,365,332,188,1,51,165,297,279,143,2,71,114,68,53,45
20203,D,발달상권,3120179,양재역,20226,15999,4227,55,2836,6941,4949,3795,1650,32,1949,5811,4124,2895,1188,23,887,1130,825,900,462
20203,A,골목상권,3110981,국악고교사거리,361,216,145,2,57,77,110,81,34,0,27,36,72,56,25,2,30,41,38,25,9
20203,D,발달상권,3120191,학동역,13888,8123,5765,40,2898,3769,2969,1869,2343,17,1128,2152,2012,1134,1680,23,1770,1617,957,735,663
20203,A,골목상권,3110952,논현목련공원,117,65,52,0,21,23,27,22,24,0,9,13,13,14,16,0,12,10,14,8,8
20203,A,골목상권,3110953,학동근린공원,2487,1583,904,15,679,891,571,218,113,0,336,572,409,180,86,15,343,319,162,38,27
20203,A,골목상권,3110968,강남구청역 2번,1023,596,427,7,327,204,133,121,231,4,177,117,81,68,149,3,150,87,52,53,82
20203,D,발달상권,3120203,강남구청역,7726,4602,3124,27,1589,2070,1890,1381,769,8,650,1218,1293,882,551,19,939,852,597,499,218
20203,A,골목상권,3110966,논현2동주민센터,1634,1016,618,18,470,498,299,216,133,7,256,298,200,146,109,11,214,200,99,70,24
20203,A,골목상권,3110996,대치2동주민센터,1940,1218,722,2,81,274,345,337,901,0,47,206,276,245,444,2,34,68,69,92,457
20203,A,골목상권,3110982,강남구보훈회관,166,74,92,0,31,34,41,41,19,0,7,13,25,14,15,0,24,21,16,27,4
20203,A,골목상권,3111002,한국교통안전공단 강남자동차검사소,317,115,202,0,22,63,65,96,71,0,7,31,21,26,30,0,15,32,44,70,41
20203,A,골목상권,3110973,강남구청역 4번,1448,784,664,4,275,332,289,269,279,1,146,203,162,128,144,3,129,129,127,141,135
20203,A,골목상권,3110987,영동대교남단,410,201,209,1,80,64,74,101,90,1,40,36,31,40,53,0,40,28,43,61,37
20203,A,골목상권,3111022,석촌중학교(방이육교),686,344,342,1,59,145,176,222,83,0,37,95,98,70,44,1,22,50,78,152,39
20203,A,골목상권,3111041,거여역 8번,411,336,75,1,102,118,81,62,47,1,84,93,67,50,41,0,18,25,14,12,6
20203,D,발달상권,3120236,장지역(가든파이브),4622,3221,1401,15,678,1056,1076,989,808,10,373,711,778,710,639,5,305,345,298,279,169
20203,A,골목상권,3111014,송파나루역 2번,521,273,248,1,42,75,119,190,94,0,21,42,67,83,60,1,21,33,52,107,34
20203,A,골목상권,3111031,장지동주민센터(한림연예예술고교),3127,2317,810,8,263,415,651,857,933,2,170,330,497,648,670,6,93,85,154,209,263
20203,R,전통시장,3130314,풍납시장,203,100,103,1,24,42,50,61,25,1,15,27,22,19,16,0,9,15,28,42,9
20203,D,발달상권,3120242,강동구청역,4533,2940,1593,33,536,1064,1057,894,949,13,287,678,696,560,706,20,249,386,361,334,243
20203,A,골목상권,3111084,길동신동아아파트,169,104,65,2,27,32,37,58,13,2,21,23,24,25,9,0,6,9,13,33,4
20203,A,골목상권,3111073,둔촌동역 1번(한산중학교),973,578,395,1,134,224,250,206,158,1,58,122,160,124,113,0,76,102,90,82,45
20203,D,발달상권,3120248,명일역,859,331,528,4,114,141,223,203,174,2,41,59,84,68,77,2,73,82,139,135,97
20203,D,발달상권,3120249,고덕역,1359,916,443,3,172,305,337,317,225,1,75,198,249,221,172,2,97,107,88,96,53
20203,R,전통시장,3130319,성내전통시장,47,31,16,0,3,8,14,10,12,0,3,4,9,7,8,0,0,4,5,3,4
20203,A,골목상권,3111072,굽은다리역 1번(십자성마을),747,473,274,1,59,119,201,187,180,0,20,70,116,127,140,1,39,49,85,60,40
20203,R,전통시장,3130322,고분다리전통시장,7,4,3,0,0,0,2,4,1,0,0,0,1,2,1,0,0,0,1,2,0
20203,A,골목상권,3110017,정독도서관,650,322,328,0,133,273,152,58,34,0,26,130,93,43,30,0,107,143,59,15,4
20203,D,발달상권,3120001,서대문역,1510,1022,488,1,265,530,359,278,77,1,106,344,272,237,62,0,159,186,87,41,15
20203,A,골목상권,3110004,대신고등학교,32,14,18,0,3,4,8,14,3,0,1,0,3,8,2,0,2,4,5,6,1
20203,A,골목상권,3110002,독립문역 1번,475,121,354,1,146,140,118,44,26,1,25,25,41,14,15,0,121,115,77,30,11
20203,D,발달상권,3120062,신설동역,12648,5435,7213,13,1214,2604,3451,3483,1883,2,444,1433,1624,1125,807,11,770,1171,1827,2358,1076
20203,A,골목상권,3110025,충신시장옆,213,129,84,2,17,46,63,56,29,0,6,23,43,33,24,2,11,23,20,23,5
20203,D,발달상권,3120011,종로4가,2984,1666,1318,5,420,1022,880,515,142,0,165,497,518,378,108,5,255,525,362,137,34
20203,D,발달상권,3120008,인사동,22070,13019,9051,1263,7895,5069,3940,2756,1147,589,4005,3077,2666,2006,676,674,3890,1992,1274,750,471
20203,R,전통시장,3130012,"동대문종합시장(동대문종합시장 신관, 동대문종합시장D동상가)",1319,965,354,2,156,325,348,339,149,0,116,251,238,247,113,2,40,74,110,92,36
20203,A,골목상권,3110026,종로5가역 4번,190,120,70,0,22,41,73,27,27,0,9,28,47,14,22,0,13,13,26,13,5
20203,R,전통시장,3130014,동문시장,17,8,9,0,0,6,4,4,3,0,0,2,1,3,2,0,0,4,3,1,1
20203,R,전통시장,3130015,창신골목시장,22,12,10,0,0,2,8,9,3,0,0,2,6,2,2,0,0,0,2,7,1
20203,A,골목상권,3110031,창신역 1번,72,57,15,0,11,17,12,21,11,0,8,11,11,17,10,0,3,6,1,4,1
20203,A,골목상권,3110016,평창동동측,2303,1051,1252,9,318,614,663,433,266,4,126,304,354,163,100,5,192,310,309,270,166
20203,A,골목상권,3110020,서울국제고등학교,593,291,302,1,141,279,101,49,22,1,41,139,70,26,14,0,100,140,31,23,8
20203,A,골목상권,3110048,장충동주민센터,5315,2706,2609,21,867,1339,1513,1367,208,5,338,768,756,707,132,16,529,571,757,660,76
20203,A,골목상권,3110046,버티고개,104,74,30,0,6,23,40,28,7,0,3,17,28,20,6,0,3,6,12,8,1
20203,A,골목상권,3110047,다산성곽길,160,89,71,0,36,43,36,27,18,0,23,29,21,7,9,0,13,14,15,20,9
20203,R,전통시장,3130051,동화동 골목형상점가,391,156,235,1,82,94,98,66,50,1,18,25,43,36,33,0,64,69,55,30,17
20203,R,전통시장,3130053,백학시장,160,69,91,0,22,24,46,37,31,0,8,8,20,15,18,0,14,16,26,22,13
20203,A,골목상권,3110110,상왕십리역 6번,87,54,33,1,12,16,24,18,16,1,7,11,13,10,12,0,5,5,11,8,4
20203,R,전통시장,3130042,약수시장,158,67,91,2,36,30,40,21,29,2,9,9,19,8,20,0,27,21,21,13,9
20203,A,골목상권,3110591,충정로역 6번,87,48,39,0,15,19,21,28,4,0,9,9,11,16,3,0,6,10,10,12,1
20203,R,전통시장,3130062,보광시장,39,16,23,0,1,7,11,15,5,0,0,3,4,6,3,0,1,4,7,9,2
20203,A,골목상권,3110086,이태원역 북측,9244,3609,5635,12,3187,3891,1654,428,72,3,733,1558,905,355,55,9,2454,2333,749,73,17
20203,A,골목상권,3110085,경리단길남측,532,260,272,4,98,163,148,67,52,2,40,59,78,41,40,2,58,104,70,26,12
20203,A,골목상권,3110066,서울역 15번,748,467,281,6,152,227,156,125,82,3,81,151,104,66,62,3,71,76,52,59,20
20203,A,골목상권,3110105,금동어린이공원,38,17,21,0,1,7,11,10,9,0,0,2,3,6,6,0,1,5,8,4,3
20203,A,골목상권,3110116,청계천박물관,4825,3644,1181,29,323,769,1077,1762,865,26,206,565,875,1315,657,3,117,204,202,447,208
20203,A,골목상권,3110128,성원중학교,911,573,338,1,98,165,255,266,126,1,53,94,157,170,98,0,45,71,98,96,28
20203,A,골목상권,3110120,서울숲카페거리,79,49,30,0,8,12,35,18,6,0,3,8,23,10,5,0,5,4,12,8,1
20203,A,골목상권,3110124,뚝섬역교차로,1253,1006,247,7,170,155,222,312,387,6,94,111,169,268,358,1,76,44,53,44,29
20203,A,골목상권,3110129,성원어린이공원,640,405,235,1,65,118,131,180,145,0,35,70,86,107,107,1,30,48,45,73,38
20203,A,골목상권,3110132,성수2가3동주민센터,786,521,265,0,97,182,220,197,90,0,67,133,145,108,68,0,30,49,75,89,22
20203,A,골목상권,3110111,대현산장미원,51,40,11,0,6,7,6,17,15,0,6,4,4,13,13,0,0,3,2,4,2
20203,A,골목상권,3110166,구의1동주민센터,552,292,260,1,70,121,177,115,68,1,20,59,99,60,53,0,50,62,78,55,15
20203,A,골목상권,3110160,광진경찰서,819,680,139,0,149,322,180,157,11,0,110,261,150,149,10,0,39,61,30,8,1
20203,D,발달상권,3120054,어린이대공원역,1196,805,391,0,61,141,304,441,249,0,17,79,201,322,186,0,44,62,103,119,63
20203,A,골목상권,3110145,장안초등학교,7,4,3,0,0,1,2,3,1,0,0,0,1,3,0,0,0,1,1,0,1
20203,D,발달상권,3120055,군자역,4255,2030,2225,33,1138,780,911,991,402,23,548,430,436,330,263,10,590,350,475,661,139
20203,A,골목상권,3110164,아차산역 5번,731,494,237,3,111,126,143,164,184,0,61,77,101,112,143,3,50,49,42,52,41
20203,R,전통시장,3130076,능동로골목시장,93,70,23,0,2,11,16,17,47,0,1,4,14,11,40,0,1,7,2,6,7
20203,A,골목상권,3110158,중곡3동주민센터,715,518,197,1,113,210,184,138,69,0,73,168,123,104,50,1,40,42,61,34,19
20203,R,전통시장,3130100,답십리시장,93,40,53,2,19,25,23,11,13,2,4,9,11,6,8,0,15,16,12,5,5
20203,A,골목상권,3110227,답십리공원,229,93,136,0,16,30,77,84,22,0,13,16,27,23,14,0,3,14,50,61,8
20203,A,골목상권,3110181,신설동역 9번,1864,1212,652,12,209,232,286,440,685,12,150,162,188,282,418,0,59,70,98,158,267
20203,A,골목상권,3110192,동의보감타워,70,45,25,0,7,10,25,16,12,0,2,6,17,10,10,0,5,4,8,6,2
20203,R,전통시장,3130085,용두시장,4,2,2,0,0,0,1,2,1,0,0,0,0,1,1,0,0,0,1,1,0
20203,A,골목상권,3110182,용두희망어린이공원,370,249,121,0,38,71,108,87,66,0,20,47,67,64,51,0,18,24,41,23,15
20203,A,골목상권,3110223,군자초등학교,94,56,38,0,13,17,26,24,14,0,4,10,17,15,10,0,9,7,9,9,4
20203,A,골목상권,3110191,고려대역 6번,48,41,7,0,1,12,14,9,12,0,1,10,11,8,11,0,0,2,3,1,1
20203,A,골목상권,3110193,고려대역 4번,48,37,11,0,5,11,11,10,11,0,3,5,10,10,9,0,2,6,1,0,2
20203,A,골목상권,3110208,시조사삼거리,75,56,19,0,2,14,7,17,35,0,1,7,2,11,35,0,1,7,5,6,0
20203,R,전통시장,3130103,이경시장,16,8,8,0,0,1,2,2,11,0,0,1,1,1,5,0,0,0,1,1,6
20203,A,골목상권,3110270,혜원여고,168,148,20,0,4,5,7,70,82,0,4,3,6,59,76,0,0,2,1,11,6
20203,A,골목상권,3110274,서일대학교,523,360,163,0,46,59,135,146,137,0,8,37,89,115,111,0,38,22,46,31,26
20203,A,골목상권,3110277,러스크서울병원,145,78,67,0,12,30,29,43,31,0,4,13,16,23,22,0,8,17,13,20,9
20203,D,발달상권,3120068,사가정역,145,45,100,3,38,31,25,22,26,0,1,5,12,12,15,3,37,26,13,10,11
20203,A,골목상권,3110253,중곡초등학교,181,106,75,0,31,31,44,49,26,0,10,17,23,35,21,0,21,14,21,14,5
20203,A,골목상권,3110249,중화역 1번,764,479,285,0,68,129,205,203,159,0,31,61,105,139,143,0,37,68,100,64,16
20203,A,골목상권,3110250,화랑대역 7번,111,69,42,0,7,20,32,34,18,0,5,12,15,23,14,0,2,8,17,11,4
20203,R,전통시장,3130116,동성타워프라자,31,22,9,0,2,9,7,8,5,0,2,4,4,7,5,0,0,5,3,1,0
20203,A,골목상권,3110235,세화어린이공원,17,12,5,0,6,3,1,5,2,0,5,1,1,3,2,0,1,2,0,2,0
20203,A,골목상권,3110306,미아초등학교,317,218,99,2,13,50,81,77,94,0,3,29,53,50,83,2,10,21,28,27,11
20203,A,골목상권,3110304,보문역 4번,248,146,102,0,40,77,61,48,22,0,10,46,35,37,18,0,30,31,26,11,4
20203,A,골목상권,3110291,한성대입구역 3번,342,172,170,2,27,49,94,91,79,0,14,24,49,51,34,2,13,25,45,40,45
20203,A,골목상권,3110336,석관고등학교,94,84,10,0,3,17,16,37,21,0,3,15,13,34,19,0,0,2,3,3,2
20203,A,골목상권,3110335,석계역 7번,249,172,77,1,19,32,66,64,67,0,13,18,34,45,62,1,6,14,32,19,5
20203,A,골목상권,3110327,상월곡역 2번,118,60,58,0,8,17,42,31,20,0,3,8,24,14,11,0,5,9,18,17,9
20203,A,골목상권,3110330,돌곶이역 1번,220,172,48,0,12,18,33,31,126,0,4,12,20,23,113,0,8,6,13,8,13
20203,A,골목상권,3110332,돌곶이역 3번,164,63,101,0,28,29,42,47,18,0,6,18,19,14,6,0,22,11,23,33,12
20203,A,골목상권,3110347,구세군강북종합사회복지관,38,17,21,0,10,7,5,9,7,0,1,5,1,5,5,0,9,2,4,4,2
20203,R,전통시장,3130137,"수유전통시장(수유시장, 수유골목시장)",86,29,57,0,5,10,18,25,28,0,0,3,8,7,11,0,5,7,10,18,17
20203,A,골목상권,3110344,화계중학교,12,10,2,0,7,1,1,2,1,0,5,1,1,2,1,0,2,0,0,0,0
20203,A,골목상권,3110353,수유동우체국,187,91,96,0,4,18,48,60,57,0,1,12,33,27,18,0,3,6,15,33,39
20203,A,골목상권,3110337,아카데미하우스,512,368,144,6,70,69,94,159,114,6,43,58,60,98,103,0,27,11,34,61,11
20203,A,골목상권,3110397,도봉산입구,469,257,212,0,31,56,101,131,150,0,6,34,39,73,105,0,25,22,62,58,45
20203,A,골목상권,3110406,도봉산역 1번,634,573,61,0,10,29,139,292,164,0,3,17,126,276,151,0,7,12,13,16,13
20203,A,골목상권,3110387,쌍문초등학교,307,169,138,0,37,47,91,75,57,0,13,24,49,39,44,0,24,23,42,36,13
20203,A,골목상권,3110389,한일병원,209,120,89,0,23,37,57,53,39,0,10,19,35,30,26,0,13,18,22,23,13
20203,D,발달상권,3120079,창동역,1326,796,530,0,151,232,320,304,319,0,54,108,172,195,267,0,97,124,148,109,52
20203,A,골목상권,3110435,서울과학기술대,73,40,33,0,5,12,18,25,13,0,3,4,8,14,11,0,2,8,10,11,2
20203,A,골목상권,3110415,수락산역 4번,635,386,249,5,82,110,155,174,109,5,46,71,85,110,69,0,36,39,70,64,40
20203,A,골목상권,3110436,상계제일중학교,93,60,33,0,15,21,33,20,4,0,5,13,23,15,4,0,10,8,10,5,0
20203,A,골목상권,3110432,대진고등학교,894,734,160,0,55,146,248,343,102,0,27,96,214,311,86,0,28,50,34,32,16
20203,A,골목상권,3110483,연천초등학교,119,74,45,0,11,16,34,17,41,0,3,9,26,10,26,0,8,7,8,7,15
20203,A,골목상권,3110491,불광중학교,43,14,29,0,3,5,13,9,13,0,1,1,5,3,4,0,2,4,8,6,9
20203,D,발달상권,3120087,응암역,425,258,167,0,45,82,110,105,83,0,17,49,75,59,58,0,28,33,35,46,25
20203,A,골목상권,3110452,새절역 3번,373,317,56,1,10,36,63,123,140,1,7,25,47,107,130,0,3,11,16,16,10
20203,A,골목상권,3110471,응암동우체국,263,117,146,0,34,61,73,70,25,0,11,21,28,35,22,0,23,40,45,35,3
20203,A,골목상권,3110469,응암정보도서관,344,188,156,1,38,58,104,104,39,0,11,29,61,57,30,1,27,29,43,47,9
20203,R,전통시장,3130172,모래내시장(서중시장),19,8,11,0,1,4,5,6,3,0,0,1,2,4,1,0,1,3,3,2,2
20203,A,골목상권,3110497,가좌역 3번,325,253,72,0,17,43,89,123,53,0,3,17,75,115,43,0,14,26,14,8,10
20203,A,골목상권,3110500,남가좌동현대아파트,74,54,20,0,12,13,23,22,4,0,8,9,17,17,3,0,4,4,6,5,1
20203,A,골목상권,3110494,증산3교남측,31,24,7,0,1,8,7,9,6,0,0,7,5,7,5,0,1,1,2,2,1
20203,A,골목상권,3110530,아현역 1번,36,20,16,0,5,5,7,15,4,0,2,5,4,6,3,0,3,0,3,9,1
20203,A,골목상권,3110509,연희대우아파트앞,391,210,181,0,39,105,101,88,58,0,13,52,51,53,41,0,26,53,50,35,17
20203,A,골목상권,3110524,연희세브란스병원,51,23,28,0,10,13,15,8,5,0,5,6,6,3,3,0,5,7,9,5,2
20203,A,골목상권,3110501,연희어린이공원,214,82,132,0,12,33,40,75,54,0,3,20,15,18,26,0,9,13,25,57,28
20203,R,전통시장,3130182,영천시장,78,35,43,0,13,8,24,22,11,0,3,4,10,12,6,0,10,4,14,10,5
20203,A,골목상권,3110539,미근동,2792,1821,971,13,225,688,889,822,155,9,167,550,547,424,124,4,58,138,342,398,31
20203,A,골목상권,3110519,서대문구보건소별관,341,156,185,0,42,73,79,94,53,0,14,33,44,37,28,0,28,40,35,57,25
20203,R,전통시장,3130197,마포시장,15,5,10,0,0,1,5,4,5,0,0,1,0,2,2,0,0,0,5,2,3
20203,A,골목상권,3110576,대흥역 3번,1605,1112,493,71,503,480,308,163,80,27,310,365,253,111,46,44,193,115,55,52,34
20203,A,골목상권,3110573,신촌역 6번,28,10,18,0,7,3,6,6,6,0,2,0,3,1,4,0,5,3,3,5,2
20203,A,골목상권,3110563,상수역 3번,309,246,63,11,75,122,61,17,23,9,60,95,50,13,19,2,15,27,11,4,4
20203,D,발달상권,3120105,상수역(홍대),524,273,251,4,126,153,122,71,48,2,51,74,70,42,34,2,75,79,52,29,14
20203,D,발달상권,3120101,합정역,1932,1048,884,2,302,520,515,399,194,2,89,236,312,266,143,0,213,284,203,133,51
20203,R,전통시장,3130189,서교시장,24,10,14,0,2,1,7,6,8,0,0,1,2,3,4,0,2,0,5,3,4
20203,D,발달상권,3120104,연남동(홍대),5955,3176,2779,20,1117,1491,1289,1103,935,12,428,824,772,620,520,8,689,667,517,483,415
20203,A,골목상권,3110564,홍대입구역 3번,471,211,260,0,54,125,161,78,53,0,19,47,103,22,20,0,35,78,58,56,33
20203,A,골목상권,3110621,목동역 5번,163,78,85,0,19,44,33,45,22,0,1,21,19,23,14,0,18,23,14,22,8
20203,R,전통시장,3130208,목동깨비시장(목3동시장),148,67,81,0,13,20,55,37,23,0,7,6,18,19,17,0,6,14,37,18,6
20203,R,전통시장,3130209,목사랑시장(목4동시장),113,62,51,0,7,15,23,43,25,0,2,13,10,20,17,0,5,2,13,23,8
20203,A,골목상권,3110592,서울금융고등학교,431,337,94,0,18,34,71,147,161,0,9,13,44,124,147,0,9,21,27,23,14
20203,A,골목상권,3110604,신월4동주민센터,635,526,109,0,13,50,120,232,220,0,6,29,87,191,213,0,7,21,33,41,7
20203,A,골목상권,3110595,메디힐병원,731,459,272,0,80,148,163,185,155,0,34,85,86,136,118,0,46,63,77,49,37
20203,A,골목상권,3110603,지향초등학교,187,104,83,0,12,54,55,38,28,0,5,28,33,19,19,0,7,26,22,19,9
20203,R,전통시장,3130207,신정1동 골목시장(신정제일시장),38,21,17,0,8,9,10,7,4,0,3,5,6,4,3,0,5,4,4,3,1
20203,A,골목상권,3110625,신정2동주민센터,726,454,272,2,98,196,215,155,60,0,51,124,146,94,39,2,47,72,69,61,21
20203,R,전통시장,3130211,신정2동 골목시장(오목교중앙시장),15,10,5,0,1,1,5,7,1,0,1,1,3,4,1,0,0,0,2,3,0
20203,A,골목상권,3110694,세곡초등학교,438,243,195,2,55,148,88,96,49,0,24,75,49,59,36,2,31,73,39,37,13
20203,A,골목상권,3110614,목동로데오거리,596,292,304,0,69,85,114,216,112,0,42,44,58,103,45,0,27,41,56,113,67
20203,D,발달상권,3120119,발산역(마곡),1427,686,741,2,184,339,416,350,136,1,54,148,211,174,98,1,130,191,205,176,38
20204,A,골목상권,3110713,구로보건소,2668,1817,851,5,474,650,706,533,300,3,323,472,514,332,173,2,151,178,192,201,127
20204,A,골목상권,3110718,한국SGI본부,1614,1061,553,3,308,462,397,336,108,3,167,313,292,220,66,0,141,149,105,116,42
20204,A,골목상권,3110707,구로창업지원센터,1045,760,285,4,141,266,246,253,135,3,78,195,185,186,113,1,63,71,61,67,22
20204,D,발달상권,3120123,오류동역,2120,1645,475,1,313,413,505,594,294,0,276,331,389,425,224,1,37,82,116,169,70
20204,A,골목상권,3110726,금천철쭉어린이공원(금하마을),222,172,50,0,19,25,41,62,75,0,17,16,22,45,72,0,2,9,19,17,3
20204,A,골목상권,3110727,독산역 1번 출입구,659,514,145,4,72,152,169,191,71,4,48,118,128,165,51,0,24,34,41,26,20
20204,A,골목상권,3110738,문성초등학교,249,125,124,0,17,27,65,90,50,0,12,14,34,40,25,0,5,13,31,50,25
20204,A,골목상권,3110744,독산동성당,486,292,194,0,31,86,125,152,92,0,22,53,69,89,59,0,9,33,56,63,33
20204,R,전통시장,3130232,독산동 맛나는거리상점가(독산동 맛나는거리),33,24,9,0,3,12,5,10,3,0,2,9,4,6,3,0,1,3,1,4,0
20204,D,발달상권,3120133,서울시흥동우체국(홈플러스시흥점),154,66,88,1,16,23,31,43,40,1,7,11,15,12,20,0,9,12,16,31,20
20204,A,골목상권,3110734,금천파출소,92,47,45,0,7,11,21,29,24,0,3,5,14,13,12,0,4,6,7,16,12
20204,R,전통시장,3130236,비단길현대시장(현대시장),139,42,97,0,13,23,49,40,14,0,4,3,12,17,6,0,9,20,37,23,8
20204,A,골목상권,3110747,석수역 1번 출입구,813,612,201,0,46,81,166,224,296,0,27,52,102,165,266,0,19,29,64,59,30
20204,A,골목상권,3110754,삼성산자연공원(서울금천초등학교),202,76,126,1,21,41,48,41,50,0,6,18,29,10,13,1,15,23,19,31,37
20204,D,발달상권,3120138,당산2동(영등포우체국),2754,1653,1101,23,745,579,479,488,440,15,395,347,312,309,275,8,350,232,167,179,165
20204,A,골목상권,3110781,대림한신아파트,182,112,70,0,23,29,51,38,41,0,8,16,34,23,31,0,15,13,17,15,10
20204,A,골목상권,3110776,도신초등학교,168,106,62,0,12,20,48,63,25,0,11,10,35,34,16,0,1,10,13,29,9
20204,A,골목상권,3110792,영등포역 2번,3343,1737,1606,28,554,856,830,851,224,11,223,385,459,526,133,17,331,471,371,325,91
20204,D,발달상권,3120137,문래역(문래로데오거리),50,21,29,2,11,8,13,12,4,0,4,1,7,7,2,2,7,7,6,5,2
20204,A,골목상권,3110812,신길6동주민센터,363,245,118,0,69,115,106,50,23,0,34,78,85,29,19,0,35,37,21,21,4
20204,A,골목상권,3110798,신풍역 2번,53,20,33,0,2,13,14,13,11,0,0,3,3,6,8,0,2,10,11,7,3
20204,A,골목상권,3110811,보라매역 4번,187,94,93,0,22,41,49,52,23,0,8,22,18,27,19,0,14,19,31,25,4
20204,A,골목상권,3110756,문래중학교,275,179,96,0,48,79,78,35,35,0,21,58,52,21,27,0,27,21,26,14,8
20204,R,전통시장,3130257,영등포시장기계공구상가,158,116,42,0,11,26,33,47,41,0,7,16,22,37,34,0,4,10,11,10,7
20204,A,골목상권,3110800,영등포동성당,227,153,74,0,26,34,61,66,40,0,13,22,37,46,35,0,13,12,24,20,5
20204,A,골목상권,3110806,서울시립영등포장애인복지관,76,42,34,0,18,30,13,13,2,0,5,16,9,11,1,0,13,14,4,2,1
20204,A,골목상권,3110820,성남고등학교,3101,2470,631,1,651,742,555,991,161,0,438,581,448,879,124,1,213,161,107,112,37
20204,D,발달상권,3120156,"총신대입구역(이수, 총신대)",3366,1461,1905,14,640,802,748,644,518,7,213,337,380,258,266,7,427,465,368,386,252
20204,A,골목상권,3110839,숭실대입구역 4번,187,67,120,0,10,51,57,46,23,0,2,14,22,11,18,0,8,37,35,35,5
20204,A,골목상권,3110833,상도역 2번,255,163,92,2,20,61,74,74,24,0,17,49,47,34,16,2,3,12,27,40,8
20204,A,골목상권,3110819,신대방역 4번,456,226,230,0,62,93,114,73,114,0,14,33,50,48,81,0,48,60,64,25,33
20204,A,골목상권,3110876,서원동주민센터(신관중학교),49,29,20,0,5,9,16,9,10,0,2,4,10,4,9,0,3,5,6,5,1
20204,R,전통시장,3130284,관악종합시장(신원시장),17,10,7,0,0,1,3,10,3,0,0,1,1,6,2,0,0,0,2,4,1
20204,A,골목상권,3110889,봉천역 6번,376,317,59,0,29,36,69,136,106,0,18,20,47,130,102,0,11,16,22,6,4
20204,A,골목상권,3110901,인헌고등학교(인헌중학교),245,143,102,3,39,58,73,51,21,3,21,35,38,30,16,0,18,23,35,21,5
20204,R,전통시장,3130275,강남골목시장,164,121,43,0,17,38,46,34,29,0,15,32,30,23,21,0,2,6,16,11,8
20204,D,발달상권,3120185,논현역,12723,7377,5346,29,2723,4108,3218,1875,770,10,1037,2421,2225,1194,490,19,1686,1687,993,681,280
20204,A,골목상권,3110908,구반포역,1517,376,1141,0,66,110,396,804,141,0,42,53,71,141,69,0,24,57,325,663,72
20204,A,골목상권,3110916,내방역 4번,1152,592,560,9,216,272,301,208,146,6,58,167,187,91,83,3,158,105,114,117,63
20204,A,골목상권,3110914,내방역 6번,146,116,30,0,26,31,37,26,26,0,17,26,26,24,23,0,9,5,11,2,3
20204,A,골목상권,3110919,내방역 8번,1289,936,353,3,122,279,365,332,188,1,51,165,297,279,143,2,71,114,68,53,45
20204,D,발달상권,3120179,양재역,20226,15999,4227,55,2836,6941,4949,3795,1650,32,1949,5811,4124,2895,1188,23,887,1130,825,900,462
20204,A,골목상권,3110981,국악고교사거리,361,216,145,2,57,77,110,81,34,0,27,36,72,56,25,2,30,41,38,25,9
20204,D,발달상권,3120191,학동역,13888,8123,5765,40,2898,3769,2969,1869,2343,17,1128,2152,2012,1134,1680,23,1770,1617,957,735,663
20204,A,골목상권,3110952,논현목련공원,117,65,52,0,21,23,27,22,24,0,9,13,13,14,16,0,12,10,14,8,8
20204,A,골목상권,3110953,학동근린공원,2487,1583,904,15,679,891,571,218,113,0,336,572,409,180,86,15,343,319,162,38,27
20204,A,골목상권,3110968,강남구청역 2번,1023,596,427,7,327,204,133,121,231,4,177,117,81,68,149,3,150,87,52,53,82
20204,D,발달상권,3120203,강남구청역,7726,4602,3124,27,1589,2070,1890,1381,769,8,650,1218,1293,882,551,19,939,852,597,499,218
20204,A,골목상권,3110966,논현2동주민센터,1634,1016,618,18,470,498,299,216,133,7,256,298,200,146,109,11,214,200,99,70,24
20204,A,골목상권,3110996,대치2동주민센터,1940,1218,722,2,81,274,345,337,901,0,47,206,276,245,444,2,34,68,69,92,457
20204,A,골목상권,3110982,강남구보훈회관,166,74,92,0,31,34,41,41,19,0,7,13,25,14,15,0,24,21,16,27,4
20204,A,골목상권,3111002,한국교통안전공단 강남자동차검사소,317,115,202,0,22,63,65,96,71,0,7,31,21,26,30,0,15,32,44,70,41
20204,A,골목상권,3110973,강남구청역 4번,1448,784,664,4,275,332,289,269,279,1,146,203,162,128,144,3,129,129,127,141,135
20204,A,골목상권,3110987,영동대교남단,410,201,209,1,80,64,74,101,90,1,40,36,31,40,53,0,40,28,43,61,37
20204,A,골목상권,3111022,석촌중학교(방이육교),686,344,342,1,59,145,176,222,83,0,37,95,98,70,44,1,22,50,78,152,39
20204,A,골목상권,3111041,거여역 8번,411,336,75,1,102,118,81,62,47,1,84,93,67,50,41,0,18,25,14,12,6
20204,D,발달상권,3120236,장지역(가든파이브),4622,3221,1401,15,678,1056,1076,989,808,10,373,711,778,710,639,5,305,345,298,279,169
20204,A,골목상권,3111014,송파나루역 2번,521,273,248,1,42,75,119,190,94,0,21,42,67,83,60,1,21,33,52,107,34
20204,A,골목상권,3111031,장지동주민센터(한림연예예술고교),3127,2317,810,8,263,415,651,857,933,2,170,330,497,648,670,6,93,85,154,209,263
20204,R,전통시장,3130314,풍납시장,203,100,103,1,24,42,50,61,25,1,15,27,22,19,16,0,9,15,28,42,9
20204,D,발달상권,3120242,강동구청역,4533,2940,1593,33,536,1064,1057,894,949,13,287,678,696,560,706,20,249,386,361,334,243
20204,A,골목상권,3111084,길동신동아아파트,169,104,65,2,27,32,37,58,13,2,21,23,24,25,9,0,6,9,13,33,4
20204,A,골목상권,3111073,둔촌동역 1번(한산중학교),973,578,395,1,134,224,250,206,158,1,58,122,160,124,113,0,76,102,90,82,45
20204,D,발달상권,3120248,명일역,859,331,528,4,114,141,223,203,174,2,41,59,84,68,77,2,73,82,139,135,97
20204,D,발달상권,3120249,고덕역,1359,916,443,3,172,305,337,317,225,1,75,198,249,221,172,2,97,107,88,96,53
20204,R,전통시장,3130319,성내전통시장,47,31,16,0,3,8,14,10,12,0,3,4,9,7,8,0,0,4,5,3,4
20204,A,골목상권,3111072,굽은다리역 1번(십자성마을),747,473,274,1,59,119,201,187,180,0,20,70,116,127,140,1,39,49,85,60,40
20204,R,전통시장,3130322,고분다리전통시장,7,4,3,0,0,0,2,4,1,0,0,0,1,2,1,0,0,0,1,2,0
20204,A,골목상권,3110017,정독도서관,650,322,328,0,133,273,152,58,34,0,26,130,93,43,30,0,107,143,59,15,4
20204,D,발달상권,3120001,서대문역,1510,1022,488,1,265,530,359,278,77,1,106,344,272,237,62,0,159,186,87,41,15
20204,A,골목상권,3110004,대신고등학교,32,14,18,0,3,4,8,14,3,0,1,0,3,8,2,0,2,4,5,6,1
20204,A,골목상권,3110002,독립문역 1번,475,121,354,1,146,140,118,44,26,1,25,25,41,14,15,0,121,115,77,30,11
20204,D,발달상권,3120062,신설동역,12648,5435,7213,13,1214,2604,3451,3483,1883,2,444,1433,1624,1125,807,11,770,1171,1827,2358,1076
20204,A,골목상권,3110025,충신시장옆,213,129,84,2,17,46,63,56,29,0,6,23,43,33,24,2,11,23,20,23,5
20204,D,발달상권,3120011,종로4가,2984,1666,1318,5,420,1022,880,515,142,0,165,497,518,378,108,5,255,525,362,137,34
20204,D,발달상권,3120008,인사동,22070,13019,9051,1263,7895,5069,3940,2756,1147,589,4005,3077,2666,2006,676,674,3890,1992,1274,750,471
20204,R,전통시장,3130012,"동대문종합시장(동대문종합시장 신관, 동대문종합시장D동상가)",1319,965,354,2,156,325,348,339,149,0,116,251,238,247,113,2,40,74,110,92,36
20204,A,골목상권,3110026,종로5가역 4번,190,120,70,0,22,41,73,27,27,0,9,28,47,14,22,0,13,13,26,13,5
20204,R,전통시장,3130014,동문시장,17,8,9,0,0,6,4,4,3,0,0,2,1,3,2,0,0,4,3,1,1
20204,R,전통시장,3130015,창신골목시장,22,12,10,0,0,2,8,9,3,0,0,2,6,2,2,0,0,0,2,7,1
20204,A,골목상권,3110031,창신역 1번,72,57,15,0,11,17,12,21,11,0,8,11,11,17,10,0,3,6,1,4,1
20204,A,골목상권,3110016,평창동동측,2303,1051,1252,9,318,614,663,433,266,4,126,304,354,163,100,5,192,310,309,270,166
20204,A,골목상권,3110020,서울국제고등학교,593,291,302,1,141,279,101,49,22,1,41,139,70,26,14,0,100,140,31,23,8
20204,A,골목상권,3110048,장충동주민센터,5315,2706,2609,21,867,1339,1513,1367,208,5,338,768,756,707,132,16,529,571,757,660,76
20204,A,골목상권,3110046,버티고개,104,74,30,0,6,23,40,28,7,0,3,17,28,20,6,0,3,6,12,8,1
20204,A,골목상권,3110047,다산성곽길,160,89,71,0,36,43,36,27,18,0,23,29,21,7,9,0,13,14,15,20,9
20204,R,전통시장,3130051,동화동 골목형상점가,391,156,235,1,82,94,98,66,50,1,18,25,43,36,33,0,64,69,55,30,17
20204,R,전통시장,3130053,백학시장,160,69,91,0,22,24,46,37,31,0,8,8,20,15,18,0,14,16,26,22,13
20204,A,골목상권,3110110,상왕십리역 6번,87,54,33,1,12,16,24,18,16,1,7,11,13,10,12,0,5,5,11,8,4
20204,R,전통시장,3130042,약수시장,158,67,91,2,36,30,40,21,29,2,9,9,19,8,20,0,27,21,21,13,9
20204,A,골목상권,3110591,충정로역 6번,87,48,39,0,15,19,21,28,4,0,9,9,11,16,3,0,6,10,10,12,1
20204,R,전통시장,3130062,보광시장,39,16,23,0,1,7,11,15,5,0,0,3,4,6,3,0,1,4,7,9,2
20204,A,골목상권,3110086,이태원역 북측,9244,3609,5635,12,3187,3891,1654,428,72,3,733,1558,905,355,55,9,2454,2333,749,73,17
20204,A,골목상권,3110085,경리단길남측,532,260,272,4,98,163,148,67,52,2,40,59,78,41,40,2,58,104,70,26,12
20204,A,골목상권,3110066,서울역 15번,748,467,281,6,152,227,156,125,82,3,81,151,104,66,62,3,71,76,52,59,20
20204,A,골목상권,3110105,금동어린이공원,38,17,21,0,1,7,11,10,9,0,0,2,3,6,6,0,1,5,8,4,3
20204,A,골목상권,3110116,청계천박물관,4825,3644,1181,29,323,769,1077,1762,865,26,206,565,875,1315,657,3,117,204,202,447,208
20204,A,골목상권,3110128,성원중학교,911,573,338,1,98,165,255,266,126,1,53,94,157,170,98,0,45,71,98,96,28
20204,A,골목상권,3110120,서울숲카페거리,79,49,30,0,8,12,35,18,6,0,3,8,23,10,5,0,5,4,12,8,1
20204,A,골목상권,3110124,뚝섬역교차로,1253,1006,247,7,170,155,222,312,387,6,94,111,169,268,358,1,76,44,53,44,29
20204,A,골목상권,3110129,성원어린이공원,640,405,235,1,65,118,131,180,145,0,35,70,86,107,107,1,30,48,45,73,38
20204,A,골목상권,3110132,성수2가3동주민센터,786,521,265,0,97,182,220,197,90,0,67,133,145,108,68,0,30,49,75,89,22
20204,A,골목상권,3110111,대현산장미원,51,40,11,0,6,7,6,17,15,0,6,4,4,13,13,0,0,3,2,4,2
20204,A,골목상권,3110166,구의1동주민센터,552,292,260,1,70,121,177,115,68,1,20,59,99,60,53,0,50,62,78,55,15
20204,A,골목상권,3110160,광진경찰서,819,680,139,0,149,322,180,157,11,0,110,261,150,149,10,0,39,61,30,8,1
20204,D,발달상권,3120054,어린이대공원역,1196,805,391,0,61,141,304,441,249,0,17,79,201,322,186,0,44,62,103,119,63
20204,A,골목상권,3110145,장안초등학교,7,4,3,0,0,1,2,3,1,0,0,0,1,3,0,0,0,1,1,0,1
20204,D,발달상권,3120055,군자역,4255,2030,2225,33,1138,780,911,991,402,23,548,430,436,330,263,10,590,350,475,661,139
20204,A,골목상권,3110164,아차산역 5번,731,494,237,3,111,126,143,164,184,0,61,77,101,112,143,3,50,49,42,52,41
20204,R,전통시장,3130076,능동로골목시장,93,70,23,0,2,11,16,17,47,0,1,4,14,11,40,0,1,7,2,6,7
20204,A,골목상권,3110158,중곡3동주민센터,715,518,197,1,113,210,184,138,69,0,73,168,123,104,50,1,40,42,61,34,19
20204,R,전통시장,3130100,답십리시장,93,40,53,2,19,25,23,11,13,2,4,9,11,6,8,0,15,16,12,5,5
20204,A,골목상권,3110227,답십리공원,229,93,136,0,16,30,77,84,22,0,13,16,27,23,14,0,3,14,50,61,8
20204,A,골목상권,3110181,신설동역 9번,1864,1212,652,12,209,232,286,440,685,12,150,162,188,282,418,0,59,70,98,158,267
20204,A,골목상권,3110192,동의보감타워,70,45,25,0,7,10,25,16,12,0,2,6,17,10,10,0,5,4,8,6,2
20204,R,전통시장,3130085,용두시장,4,2,2,0,0,0,1,2,1,0,0,0,0,1,1,0,0,0,1,1,0
20204,A,골목상권,3110182,용두희망어린이공원,370,249,121,0,38,71,108,87,66,0,20,47,67,64,51,0,18,24,41,23,15
20204,A,골목상권,3110223,군자초등학교,94,56,38,0,13,17,26,24,14,0,4,10,17,15,10,0,9,7,9,9,4
20204,A,골목상권,3110191,고려대역 6번,48,41,7,0,1,12,14,9,12,0,1,10,11,8,11,0,0,2,3,1,1
20204,A,골목상권,3110193,고려대역 4번,48,37,11,0,5,11,11,10,11,0,3,5,10,10,9,0,2,6,1,0,2
20204,A,골목상권,3110208,시조사삼거리,75,56,19,0,2,14,7,17,35,0,1,7,2,11,35,0,1,7,5,6,0
20204,R,전통시장,3130103,이경시장,16,8,8,0,0,1,2,2,11,0,0,1,1,1,5,0,0,0,1,1,6
20204,A,골목상권,3110270,혜원여고,168,148,20,0,4,5,7,70,82,0,4,3,6,59,76,0,0,2,1,11,6
20204,A,골목상권,3110274,서일대학교,523,360,163,0,46,59,135,146,137,0,8,37,89,115,111,0,38,22,46,31,26
20204,A,골목상권,3110277,러스크서울병원,145,78,67,0,12,30,29,43,31,0,4,13,16,23,22,0,8,17,13,20,9
20204,D,발달상권,3120068,사가정역,145,45,100,3,38,31,25,22,26,0,1,5,12,12,15,3,37,26,13,10,11
20204,A,골목상권,3110253,중곡초등학교,181,106,75,0,31,31,44,49,26,0,10,17,23,35,21,0,21,14,21,14,5
20204,A,골목상권,3110249,중화역 1번,764,479,285,0,68,129,205,203,159,0,31,61,105,139,143,0,37,68,100,64,16
20204,A,골목상권,3110250,화랑대역 7번,111,69,42,0,7,20,32,34,18,0,5,12,15,23,14,0,2,8,17,11,4
20204,R,전통시장,3130116,동성타워프라자,31,22,9,0,2,9,7,8,5,0,2,4,4,7,5,0,0,5,3,1,0
20204,A,골목상권,3110235,세화어린이공원,17,12,5,0,6,3,1,5,2,0,5,1,1,3,2,0,1,2,0,2,0
20204,A,골목상권,3110306,미아초등학교,317,218,99,2,13,50,81,77,94,0,3,29,53,50,83,2,10,21,28,27,11
20204,A,골목상권,3110304,보문역 4번,248,146,102,0,40,77,61,48,22,0,10,46,35,37,18,0,30,31,26,11,4
20204,A,골목상권,3110291,한성대입구역 3번,342,172,170,2,27,49,94,91,79,0,14,24,49,51,34,2,13,25,45,40,45
20204,A,골목상권,3110336,석관고등학교,94,84,10,0,3,17,16,37,21,0,3,15,13,34,19,0,0,2,3,3,2
20204,A,골목상권,3110335,석계역 7번,249,172,77,1,19,32,66,64,67,0,13,18,34,45,62,1,6,14,32,19,5
20204,A,골목상권,3110327,상월곡역 2번,118,60,58,0,8,17,42,31,20,0,3,8,24,14,11,0,5,9,18,17,9
20204,A,골목상권,3110330,돌곶이역 1번,220,172,48,0,12,18,33,31,126,0,4,12,20,23,113,0,8,6,13,8,13
20204,A,골목상권,3110332,돌곶이역 3번,164,63,101,0,28,29,42,47,18,0,6,18,19,14,6,0,22,11,23,33,12
20204,A,골목상권,3110347,구세군강북종합사회복지관,38,17,21,0,10,7,5,9,7,0,1,5,1,5,5,0,9,2,4,4,2
20204,R,전통시장,3130137,"수유전통시장(수유시장, 수유골목시장)",86,29,57,0,5,10,18,25,28,0,0,3,8,7,11,0,5,7,10,18,17
20204,A,골목상권,3110344,화계중학교,12,10,2,0,7,1,1,2,1,0,5,1,1,2,1,0,2,0,0,0,0
20204,A,골목상권,3110353,수유동우체국,187,91,96,0,4,18,48,60,57,0,1,12,33,27,18,0,3,6,15,33,39
20204,A,골목상권,3110337,아카데미하우스,512,368,144,6,70,69,94,159,114,6,43,58,60,98,103,0,27,11,34,61,11
20204,A,골목상권,3110397,도봉산입구,469,257,212,0,31,56,101,131,150,0,6,34,39,73,105,0,25,22,62,58,45
20204,A,골목상권,3110406,도봉산역 1번,634,573,61,0,10,29,139,292,164,0,3,17,126,276,151,0,7,12,13,16,13
20204,A,골목상권,3110387,쌍문초등학교,307,169,138,0,37,47,91,75,57,0,13,24,49,39,44,0,24,23,42,36,13
20204,A,골목상권,3110389,한일병원,209,120,89,0,23,37,57,53,39,0,10,19,35,30,26,0,13,18,22,23,13
20204,D,발달상권,3120079,창동역,1326,796,530,0,151,232,320,304,319,0,54,108,172,195,267,0,97,124,148,109,52
20204,A,골목상권,3110435,서울과학기술대,73,40,33,0,5,12,18,25,13,0,3,4,8,14,11,0,2,8,10,11,2
20204,A,골목상권,3110415,수락산역 4번,635,386,249,5,82,110,155,174,109,5,46,71,85,110,69,0,36,39,70,64,40
20204,A,골목상권,3110436,상계제일중학교,93,60,33,0,15,21,33,20,4,0,5,13,23,15,4,0,10,8,10,5,0
20204,A,골목상권,3110432,대진고등학교,894,734,160,0,55,146,248,343,102,0,27,96,214,311,86,0,28,50,34,32,16
20204,A,골목상권,3110483,연천초등학교,119,74,45,0,11,16,34,17,41,0,3,9,26,10,26,0,8,7,8,7,15
20204,A,골목상권,3110491,불광중학교,43,14,29,0,3,5,13,9,13,0,1,1,5,3,4,0,2,4,8,6,9
20204,D,발달상권,3120087,응암역,425,258,167,0,45,82,110,105,83,0,17,49,75,59,58,0,28,33,35,46,25
20204,A,골목상권,3110452,새절역 3번,373,317,56,1,10,36,63,123,140,1,7,25,47,107,130,0,3,11,16,16,10
20204,A,골목상권,3110471,응암동우체국,263,117,146,0,34,61,73,70,25,0,11,21,28,35,22,0,23,40,45,35,3
20204,A,골목상권,3110469,응암정보도서관,344,188,156,1,38,58,104,104,39,0,11,29,61,57,30,1,27,29,43,47,9
20204,R,전통시장,3130172,모래내시장(서중시장),19,8,11,0,1,4,5,6,3,0,0,1,2,4,1,0,1,3,3,2,2
20204,A,골목상권,3110497,가좌역 3번,325,253,72,0,17,43,89,123,53,0,3,17,75,115,43,0,14,26,14,8,10
20204,A,골목상권,3110500,남가좌동현대아파트,74,54,20,0,12,13,23,22,4,0,8,9,17,17,3,0,4,4,6,5,1
20204,A,골목상권,3110494,증산3교남측,31,24,7,0,1,8,7,9,6,0,0,7,5,7,5,0,1,1,2,2,1
20204,A,골목상권,3110530,아현역 1번,36,20,16,0,5,5,7,15,4,0,2,5,4,6,3,0,3,0,3,9,1
20204,A,골목상권,3110509,연희대우아파트앞,391,210,181,0,39,105,101,88,58,0,13,52,51,53,41,0,26,53,50,35,17
20204,A,골목상권,3110524,연희세브란스병원,51,23,28,0,10,13,15,8,5,0,5,6,6,3,3,0,5,7,9,5,2
20204,A,골목상권,3110501,연희어린이공원,214,82,132,0,12,33,40,75,54,0,3,20,15,18,26,0,9,13,25,57,28
20204,R,전통시장,3130182,영천시장,78,35,43,0,13,8,24,22,11,0,3,4,10,12,6,0,10,4,14,10,5
20204,A,골목상권,3110539,미근동,2792,1821,971,13,225,688,889,822,155,9,167,550,547,424,124,4,58,138,342,398,31
20204,A,골목상권,3110519,서대문구보건소별관,341,156,185,0,42,73,79,94,53,0,14,33,44,37,28,0,28,40,35,57,25
20204,R,전통시장,3130197,마포시장,15,5,10,0,0,1,5,4,5,0,0,1,0,2,2,0,0,0,5,2,3
20204,A,골목상권,3110576,대흥역 3번,1605,1112,493,71,503,480,308,163,80,27,310,365,253,111,46,44,193,115,55,52,34
20204,A,골목상권,3110573,신촌역 6번,28,10,18,0,7,3,6,6,6,0,2,0,3,1,4,0,5,3,3,5,2
20204,A,골목상권,3110563,상수역 3번,309,246,63,11,75,122,61,17,23,9,60,95,50,13,19,2,15,27,11,4,4
20204,D,발달상권,3120105,상수역(홍대),524,273,251,4,126,153,122,71,48,2,51,74,70,42,34,2,75,79,52,29,14
20204,D,발달상권,3120101,합정역,1932,1048,884,2,302,520,515,399,194,2,89,236,312,266,143,0,213,284,203,133,51
20204,R,전통시장,3130189,서교시장,24,10,14,0,2,1,7,6,8,0,0,1,2,3,4,0,2,0,5,3,4
20204,D,발달상권,3120104,연남동(홍대),5955,3176,2779,20,1117,1491,1289,1103,935,12,428,824,772,620,520,8,689,667,517,483,415
20204,A,골목상권,3110564,홍대입구역 3번,471,211,260,0,54,125,161,78,53,0,19,47,103,22,20,0,35,78,58,56,33
20204,A,골목상권,3110621,목동역 5번,163,78,85,0,19,44,33,45,22,0,1,21,19,23,14,0,18,23,14,22,8
20204,R,전통시장,3130208,목동깨비시장(목3동시장),148,67,81,0,13,20,55,37,23,0,7,6,18,19,17,0,6,14,37,18,6
20204,R,전통시장,3130209,목사랑시장(목4동시장),113,62,51,0,7,15,23,43,25,0,2,13,10,20,17,0,5,2,13,23,8
20204,A,골목상권,3110592,서울금융고등학교,431,337,94,0,18,34,71,147,161,0,9,13,44,124,147,0,9,21,27,23,14
20204,A,골목상권,3110604,신월4동주민센터,635,526,109,0,13,50,120,232,220,0,6,29,87,191,213,0,7,21,33,41,7
20204,A,골목상권,3110595,메디힐병원,731,459,272,0,80,148,163,185,155,0,34,85,86,136,118,0,46,63,77,49,37
20204,A,골목상권,3110603,지향초등학교,187,104,83,0,12,54,55,38,28,0,5,28,33,19,19,0,7,26,22,19,9
20204,R,전통시장,3130207,신정1동 골목시장(신정제일시장),38,21,17,0,8,9,10,7,4,0,3,5,6,4,3,0,5,4,4,3,1
20204,A,골목상권,3110625,신정2동주민센터,726,454,272,2,98,196,215,155,60,0,51,124,146,94,39,2,47,72,69,61,21
20204,R,전통시장,3130211,신정2동 골목시장(오목교중앙시장),15,10,5,0,1,1,5,7,1,0,1,1,3,4,1,0,0,0,2,3,0
20204,A,골목상권,3110694,세곡초등학교,438,243,195,2,55,148,88,96,49,0,24,75,49,59,36,2,31,73,39,37,13
20204,A,골목상권,3110614,목동로데오거리,596,292,304,0,69,85,114,216,112,0,42,44,58,103,45,0,27,41,56,113,67
20204,D,발달상권,3120119,발산역(마곡),1427,686,741,2,184,339,416,350,136,1,54,148,211,174,98,1,130,191,205,176,38
20204,A,골목상권,3110643,강서구다솔마을,653,413,240,1,97,165,199,139,52,0,47,101,136,93,36,1,50,64,63,46,16
20204,A,골목상권,3110667,가양역 10번,177,126,51,0,33,32,56,36,20,0,21,20,38,29,18,0,12,12,18,7,2
20204,A,골목상권,3110639,신방화역 8번,534,376,158,1,76,67,89,155,146,1,18,26,52,140,139,0,58,41,37,15,7
20204,A,골목상권,3110641,공항고등학교,345,236,109,2,46,95,100,79,23,1,30,72,61,52,20,1,16,23,39,27,3
20204,A,골목상권,3110633,개화산역 1번,28,14,14,0,0,6,10,7,5,0,0,1,5,3,5,0,0,5,5,4,0
20204,A,골목상권,3110642,정곡초등학교,193,163,30,2,8,14,35,69,65,1,4,10,30,58,60,1,4,4,5,11,5
20204,A,골목상권,3110678,염창무학아파트,285,214,71,1,34,65,92,60,33,1,17,53,72,47,24,0,17,12,20,13,9
20204,A,골목상권,3110653,화곡역 2번,917,494,423,1,191,273,240,171,41,0,79,137,119,135,24,1,112,136,121,36,17
20204,R,전통시장,3130216,화곡중앙시장,75,32,43,0,4,11,21,22,17,0,2,2,9,8,11,0,2,9,12,14,6
20204,R,전통시장,3130215,대원종합시장,9,7,2,0,0,1,0,3,5,0,0,1,0,2,4,0,0,0,0,1,1
20204,A,골목상권,3110661,강서새말어린이공원,126,48,78,0,3,13,30,38,42,0,2,8,10,9,19,0,1,5,20,29,23
20204,A,골목상권,3110664,강서구청옆,111,48,63,0,14,10,31,43,13,0,11,7,10,9,11,0,3,3,21,34,2
20204,A,골목상권,3110663,우장산롯데캐슬아파트앞,279,217,62,0,6,19,48,106,100,0,3,13,26,82,93,0,3,6,22,24,7
20204,R,전통시장,3130219,까치산시장,114,35,79,0,16,17,35,29,17,0,4,6,8,9,8,0,12,11,27,20,9
20204,A,골목상권,3110710,남구로역 3번,606,370,236,3,83,96,105,121,198,3,46,63,63,68,127,0,37,33,42,53,71
20204,R,전통시장,3130223,고척근린시장,42,12,30,0,2,10,12,14,4,0,0,1,1,7,3,0,2,9,11,7,1
20204,R,전통시장,3130224,개봉프라자(고척근린시장),5,4,1,0,0,0,1,2,2,0,0,0,1,1,2,0,0,0,0,1,0
20204,D,발달상권,3120130,구로디지털단지역,1136,620,516,1,169,376,236,212,142,0,59,208,125,125,103,1,110,168,111,87,39
20204,A,골목상권,3110683,오류고등학교,75,46,29,0,12,15,23,18,7,0,9,8,14,8,7,0,3,7,9,10,0
20204,R,전통시장,3130222,오류시장,132,21,111,0,10,26,46,43,7,0,5,1,4,5,6,0,5,25,42,38,1
20204,A,골목상권,3110687,"천왕역 3번(오류2동주민센터, 서울오류남초등학교)",21,16,5,0,2,3,5,6,5,0,1,3,4,4,4,0,1,0,1,2,1
20204,D,발달상권,3120131,가산디지털단지,81127,53423,27704,289,16342,25688,20130,11589,7089,184,8639,17233,14526,7698,5143,105,7703,8455,5604,3891,1946
20204,A,골목상권,3110740,금천해태공원,646,280,366,1,135,134,136,170,70,1,47,54,56,71,51,0,88,80,80,99,19
20204,A,골목상권,3110733,금천어울림복지센터,374,293,81,3,34,89,74,90,84,3,22,67,59,66,76,0,12,22,15,24,8
20204,A,골목상권,3110739,시흥3동 우편취급국,99,77,22,0,4,22,30,27,16,0,1,16,26,21,13,0,3,6,4,6,3
20204,R,전통시장,3130246,영등포청과시장(조광시장),237,126,111,0,24,33,47,77,56,0,9,11,28,39,39,0,15,22,19,38,17
20204,D,발달상권,3120136,영등포구청역,6456,3190,3266,20,1167,1451,1361,1429,1028,12,562,814,730,580,492,8,605,637,631,849,536
20204,A,골목상권,3110794,영동초등학교,622,482,140,0,72,112,182,170,86,0,37,84,150,136,75,0,35,28,32,34,11
20204,A,골목상권,3110775,대동초등학교,59,28,31,0,4,13,20,14,8,0,1,6,6,9,6,0,3,7,14,5,2
20204,D,발달상권,3120140,문래동주민센터,6184,3312,2872,22,1447,1843,1639,925,308,11,558,994,994,525,230,11,889,849,645,400,78
20204,A,골목상권,3110814,서울지방병무청,673,364,309,1,51,117,155,236,113,1,23,79,97,104,60,0,28,38,58,132,53
20204,R,전통시장,3130259,대신시장,14,10,4,0,1,0,5,4,4,0,1,0,3,3,3,0,0,0,2,1,1
20204,A,골목상권,3110802,신길동홍어거리,336,159,177,1,59,113,86,61,16,0,18,45,44,40,12,1,41,68,42,21,4
20204,A,골목상권,3110791,신풍역 3번,25,17,8,0,1,5,9,9,1,0,0,2,6,8,1,0,1,3,3,1,0
20204,R,전통시장,3130241,선유도역 골목형상점가,500,253,247,0,95,93,123,136,53,0,39,49,66,67,32,0,56,44,57,69,21
20211,A,골목상권,3110095,한강진역 3번,1186,801,385,16,160,326,321,298,65,8,61,235,227,226,44,8,99,91,94,72,21
20211,A,골목상권,3110097,한남초등학교,7,4,3,0,2,3,2,0,0,0,0,2,2,0,0,0,2,1,0,0,0
20211,A,골목상권,3110077,삼광초등학교,385,317,68,0,37,86,148,98,16,0,21,66,130,88,12,0,16,20,18,10,4
20211,A,골목상권,3110103,옥수터널,13,11,2,1,0,2,2,6,2,0,0,2,2,5,2,1,0,0,0,1,0
20211,R,전통시장,3130073,뚝도시장,45,17,28,1,3,10,9,11,11,0,0,2,4,5,6,1,3,8,5,6,5
20211,A,골목상권,3110137,성수초등학교,6605,4295,2310,31,1016,1740,1836,1344,638,22,557,1152,1250,828,486,9,459,588,586,516,152
20211,A,골목상권,3110138,송정체육공원,160,79,81,0,15,27,53,41,24,0,4,12,21,23,19,0,11,15,32,18,5
20211,D,발달상권,3120057,아차산역,2218,1220,998,52,412,432,503,468,351,19,236,257,289,206,213,33,176,175,214,262,138
20211,A,골목상권,3110177,동의초등학교,112,81,31,0,6,25,28,32,21,0,3,14,19,26,19,0,3,11,9,6,2
20211,A,골목상권,3110175,푸른동산공원,367,233,134,0,41,73,108,86,59,0,24,48,69,53,39,0,17,25,39,33,20
20211,A,골목상권,3110146,신자초등학교,742,537,205,0,50,81,212,276,123,0,25,45,160,209,98,0,25,36,52,67,25
20211,A,골목상권,3110150,중곡1동 마을마당,1179,698,481,1,197,352,252,217,160,1,83,194,161,132,127,0,114,158,91,85,33
20211,A,골목상권,3110195,동대문구청,221,115,106,0,41,58,47,40,35,0,12,28,23,27,25,0,29,30,24,13,10
20211,A,골목상권,3110189,제기동역 1번,1538,1086,452,1,233,490,342,167,305,0,98,349,286,136,217,1,135,141,56,31,88
20211,A,골목상권,3110214,경희대후문,86,42,44,0,18,17,24,17,10,0,6,6,13,10,7,0,12,11,11,7,3
20211,A,골목상권,3110224,외대앞역 2번,96,41,55,0,9,14,16,29,28,0,2,4,9,18,8,0,7,10,7,11,20
20211,A,골목상권,3110232,동대부고,579,413,166,0,41,71,119,175,173,0,14,38,80,134,147,0,27,33,39,41,26
20211,A,골목상권,3110201,전농119안전센터,27,11,16,0,2,1,9,10,5,0,1,0,3,4,3,0,1,1,6,6,2
20211,R,전통시장,3130099,전농로터리시장,7,3,4,0,1,0,2,3,1,0,0,0,1,1,1,0,1,0,1,2,0
20211,R,전통시장,3130090,청량리종합시장,19,13,6,0,1,4,3,5,6,0,1,2,3,3,4,0,0,2,0,2,2
20211,R,전통시장,3130093,동서시장,5,3,2,0,0,0,1,2,2,0,0,0,1,0,2,0,0,0,0,2,0
20211,A,골목상권,3110190,고대앞사거리,195,92,103,0,22,34,34,45,60,0,4,18,22,19,29,0,18,16,12,26,31
20211,A,골목상권,3110196,홍릉근린공원,23,12,11,0,1,6,8,5,3,0,1,4,3,2,2,0,0,2,5,3,1
20211,D,발달상권,3120065,회기역,323,205,118,3,48,55,87,76,54,1,27,39,48,49,41,2,21,16,39,27,13
20211,A,골목상권,3110215,회기역 1번,28,18,10,0,3,4,9,7,5,0,3,2,6,3,4,0,0,2,3,4,1
20211,A,골목상권,3110222,회기역 2번,20,17,3,0,0,3,2,6,9,0,0,2,2,4,9,0,0,1,0,2,0
20211,A,골목상권,3110273,장스여성병원,610,446,164,7,31,37,75,209,251,0,4,8,37,168,229,7,27,29,38,41,22
20211,A,골목상권,3110260,면목역 3번,126,74,52,0,24,21,24,29,28,0,14,8,12,20,20,0,10,13,12,9,8
20211,R,전통시장,3130105,장미제일시장(중화동제일시장),63,27,36,0,8,14,22,11,8,0,3,6,14,3,1,0,5,8,8,8,7
20211,A,골목상권,3110257,상봉역 7번,397,330,67,0,17,18,50,133,179,0,6,11,34,118,161,0,11,7,16,15,18
20211,A,골목상권,3110238,배꽃어린이공원,66,48,18,0,6,7,15,23,15,0,4,5,9,15,15,0,2,2,6,8,0
20211,A,골목상권,3110303,성신여대입구역 1번,139,98,41,1,7,35,44,27,25,0,2,22,28,25,21,1,5,13,16,2,4
20211,A,골목상권,3110305,보문역 5번,883,661,222,3,165,255,173,133,154,1,99,199,129,103,130,2,66,56,44,30,24
20211,D,발달상권,3120070,한성대입구역,466,180,286,2,83,69,78,113,121,2,21,31,37,38,51,0,62,38,41,75,70
20211,A,골목상권,3110331,돌곶이역 8번,441,297,144,3,54,146,113,78,47,0,17,105,83,55,37,3,37,41,30,23,10
20211,A,골목상권,3110334,석관중앙교회,170,105,65,0,21,43,31,41,34,0,8,19,19,29,30,0,13,24,12,12,4
20211,A,골목상권,3110293,삼선중학교,1730,860,870,4,248,467,527,319,165,3,116,277,268,111,85,1,132,190,259,208,80
20211,A,골목상권,3110283,성북초등학교앞,203,78,125,0,16,33,56,80,18,0,8,10,23,27,10,0,8,23,33,53,8
20211,A,골목상권,3110285,홍대부중,814,559,255,9,219,220,210,100,56,6,118,172,163,69,31,3,101,48,47,31,25
20211,A,골목상권,3110312,안암역 2번,150,81,69,0,13,19,47,46,25,0,7,14,24,22,14,0,6,5,23,24,11
20211,A,골목상권,3110316,숭곡초등학교,439,217,222,2,68,114,129,88,38,2,19,58,73,42,23,0,49,56,56,46,15
20211,A,골목상권,3110322,장위1동주민센터,319,224,95,1,33,37,59,95,94,0,25,31,44,66,58,1,8,6,15,29,36
20211,A,골목상권,3110294,서경대학교,391,262,129,0,35,30,93,120,113,0,18,14,46,87,97,0,17,16,47,33,16
20211,A,골목상권,3110319,종암동주민센터,454,111,343,1,46,51,89,146,121,0,8,19,24,32,28,1,38,32,65,114,93
20211,A,골목상권,3110364,미아역 8번,146,75,71,0,9,26,51,39,21,0,3,9,25,23,15,0,6,17,26,16,6
20211,A,골목상권,3110381,번동주공2단지,171,88,83,5,31,28,38,55,14,4,11,14,21,30,8,1,20,14,17,25,6
20211,R,전통시장,3130131,동북프라자,121,49,72,0,9,23,37,29,23,0,4,8,17,9,11,0,5,15,20,20,12
20211,A,골목상권,3110374,송중초등학교,491,272,219,5,33,60,145,140,108,5,9,29,73,70,86,0,24,31,72,70,22
20211,A,골목상권,3110371,삼양입구사거리,49,23,26,0,2,7,10,19,11,0,0,3,5,10,5,0,2,4,5,9,6
20211,A,골목상권,3110363,송천동주민센터,19,12,7,0,0,4,3,7,5,0,0,3,1,4,4,0,0,1,2,3,1
20211,A,골목상권,3110361,삼양사거리역 1번,101,29,72,0,9,12,19,28,33,0,2,4,3,7,13,0,7,8,16,21,20
20211,A,골목상권,3110360,수유초등학교,321,222,99,0,34,61,63,67,96,0,7,43,42,44,86,0,27,18,21,23,10
20211,A,골목상권,3110357,가오리역 1번,725,611,114,0,25,36,171,340,153,0,4,18,146,310,133,0,21,18,25,30,20
20211,A,골목상권,3110340,인수중학교,176,99,77,0,24,55,50,29,18,0,8,43,31,7,10,0,16,12,19,22,8
20211,A,골목상권,3110341,북한산우이역 2번,496,411,85,0,15,25,80,258,118,0,4,10,52,237,108,0,11,15,28,21,10
20211,A,골목상권,3110390,방학초등학교,231,110,121,0,18,63,68,58,24,0,7,36,28,27,12,0,11,27,40,31,12
20211,A,골목상권,3110408,가인초등학교,355,105,250,0,66,70,100,85,34,0,12,24,32,21,16,0,54,46,68,64,18
20211,A,골목상권,3110433,공릉역 2번,401,137,264,1,30,41,46,46,237,1,17,30,25,18,46,0,13,11,21,28,191
20211,R,전통시장,3130157,상계중앙시장,68,35,33,0,14,17,13,15,9,0,8,13,6,6,2,0,6,4,7,9,7
20211,A,골목상권,3110423,석계역 2번,280,104,176,0,27,29,65,73,86,0,9,15,31,29,20,0,18,14,34,44,66
20211,D,발달상권,3120090,연신내역,796,297,499,5,187,160,183,154,107,1,65,66,64,53,48,4,122,94,119,101,59
20211,A,골목상권,3110462,갈현건영아파트,335,216,119,1,40,61,100,72,61,1,23,36,61,48,47,0,17,25,39,24,14
20211,R,전통시장,3130170,제일시장,58,26,32,1,7,9,13,19,9,1,2,2,5,11,5,0,5,7,8,8,4
20211,A,골목상권,3110481,불광역 7번,199,89,110,0,13,44,41,60,41,0,2,23,11,25,28,0,11,21,30,35,13
20211,A,골목상권,3110443,수색역 1번,20,12,8,0,1,2,7,6,4,0,0,2,2,4,4,0,1,0,5,2,0
20211,A,골목상권,3110459,응암역 2번,547,198,349,1,50,105,159,154,78,0,9,38,77,41,33,1,41,67,82,113,45
20211,A,골목상권,3110468,응암역 3번,1202,526,676,2,142,266,324,272,196,0,45,119,142,116,104,2,97,147,182,156,92
20211,A,골목상권,3110478,응암1동주민센터,355,220,135,2,26,37,56,56,178,2,16,23,28,32,119,0,10,14,28,24,59
20211,A,골목상권,3110463,응암3동주민센터,123,54,69,0,7,23,36,26,31,0,3,6,14,11,20,0,4,17,22,15,11
20211,R,전통시장,3130161,증산종합시장,8,5,3,0,0,1,2,2,3,0,0,0,1,2,2,0,0,1,1,0,1
20211,A,골목상권,3110507,명지대학교,1537,1156,381,29,392,636,318,129,33,26,257,481,282,83,27,3,135,155,36,46,6
20211,A,골목상권,3110495,북가좌2동주민센터,501,372,129,0,28,67,125,185,96,0,11,45,88,152,76,0,17,22,37,33,20
20211,R,전통시장,3130179,"이화여대 3,5,7길 상점가",147,65,82,3,34,15,41,31,23,1,12,3,14,17,18,2,22,12,27,14,5
20211,A,골목상권,3110528,서울여자간호대학교,324,160,164,0,11,25,38,72,178,0,10,14,20,24,92,0,1,11,18,48,86
20211,A,골목상권,3110580,양원초등학교,78,20,58,0,3,6,16,25,28,0,0,1,3,11,5,0,3,5,13,14,23
20211,A,골목상권,3110568,광흥창역 1번,67,32,35,0,12,21,14,15,5,0,4,10,6,9,3,0,8,11,8,6,2
20211,A,골목상권,3110545,마포구청역 1번,789,460,329,1,64,151,210,235,128,1,24,92,106,146,91,0,40,59,104,89,37
20211,A,골목상권,3110584,아현역 4번,49,13,36,0,4,7,14,13,11,0,0,0,2,5,6,0,4,7,12,8,5
20211,A,골목상권,3110556,절두산순교성지,176,112,64,3,17,42,58,39,17,3,8,27,39,24,11,0,9,15,19,15,6
20211,A,골목상권,3110622,달마을공원,458,261,197,0,58,90,102,138,70,0,26,47,63,65,60,0,32,43,39,73,10
20211,A,골목상권,3110601,신월1동우편취급국,1200,814,386,3,116,180,274,437,190,1,61,115,183,309,145,2,55,65,91,128,45
20211,A,골목상권,3110598,신월문화체육센터,381,174,207,0,16,50,101,131,83,0,4,22,40,60,48,0,12,28,61,71,35
20211,D,발달상권,3120109,서울남부지방법원,608,342,266,2,56,104,110,170,166,1,18,40,50,104,129,1,38,64,60,66,37
20211,A,골목상권,3110609,신정네거리역 2번,1377,1358,19,0,14,15,52,171,1125,0,10,11,45,168,1124,0,4,4,7,3,1
20211,A,골목상권,3110652,양천향교역 2번,643,483,160,0,70,131,146,169,127,0,32,102,104,139,106,0,38,29,42,30,21
20211,A,골목상권,3110675,화곡4동주민센터,235,161,74,0,13,45,60,59,58,0,6,28,34,46,47,0,7,17,26,13,11
20211,A,골목상권,3110672,백석중학교,168,91,77,1,26,41,35,49,16,1,19,23,14,23,11,0,7,18,21,26,5
20211,A,골목상권,3110660,등촌3동주민센터,4614,2039,2575,10,469,707,766,1291,1371,5,197,427,424,447,539,5,272,280,342,844,832
20211,A,골목상권,3110645,우장산역 4번,782,381,401,0,63,120,238,219,142,0,32,60,86,88,115,0,31,60,152,131,27
20211,R,전통시장,3130213,방신전통시장,112,77,35,0,13,20,25,29,25,0,10,18,14,14,21,0,3,2,11,15,4
20211,A,골목상권,3110630,공항시장역 1번,1472,1008,464,0,157,294,298,328,395,0,67,180,202,240,319,0,90,114,96,88,76
20211,R,전통시장,3130212,공항시장,8,6,2,0,1,0,3,2,2,0,1,0,3,0,2,0,0,0,0,2,0
20211,A,골목상권,3110640,방화역 1번,1019,638,381,3,139,292,240,195,150,3,62,119,167,158,129,0,77,173,73,37,21
20211,A,골목상권,3110655,발산역 5번,589,356,233,0,97,156,148,113,75,0,29,94,98,77,58,0,68,62,50,36,17
20211,D,발달상권,3120126,디지털단지오거리,135,86,49,0,11,30,48,26,20,0,2,16,38,15,15,0,9,14,10,11,5
20211,A,골목상권,3110692,큰굴다리,233,148,85,0,12,52,54,66,49,0,7,19,35,49,38,0,5,33,19,17,11
20211,A,골목상권,3110695,개봉1동주민센터,537,312,225,1,56,150,140,121,69,1,31,97,72,64,47,0,25,53,68,57,22
20211,R,전통시장,3130226,고척프라자,2,2,0,0,1,1,0,0,0,0,1,1,0,0,0,0,0,0,0,0,0
20211,A,골목상권,3110714,구로4동주민센터,261,149,112,0,32,43,54,76,56,0,7,18,31,50,43,0,25,25,23,26,13
20211,A,골목상권,3110708,화원어린이공원,71,33,38,0,10,12,15,24,10,0,3,4,7,10,9,0,7,8,8,14,1
20211,A,골목상권,3110715,구로구민회관,84,59,25,0,12,13,29,23,7,0,5,10,19,19,6,0,7,3,10,4,1
20211,A,골목상권,3110713,구로보건소,2668,1817,851,5,474,650,706,533,300,3,323,472,514,332,173,2,151,178,192,201,127
20211,A,골목상권,3110718,한국SGI본부,1614,1061,553,3,308,462,397,336,108,3,167,313,292,220,66,0,141,149,105,116,42
20211,A,골목상권,3110707,구로창업지원센터,1045,760,285,4,141,266,246,253,135,3,78,195,185,186,113,1,63,71,61,67,22
20211,D,발달상권,3120123,오류동역,2120,1645,475,1,313,413,505,594,294,0,276,331,389,425,224,1,37,82,116,169,70
20211,A,골목상권,3110726,금천철쭉어린이공원(금하마을),222,172,50,0,19,25,41,62,75,0,17,16,22,45,72,0,2,9,19,17,3
20211,A,골목상권,3110727,독산역 1번 출입구,659,514,145,4,72,152,169,191,71,4,48,118,128,165,51,0,24,34,41,26,20
20211,A,골목상권,3110738,문성초등학교,249,125,124,0,17,27,65,90,50,0,12,14,34,40,25,0,5,13,31,50,25
20211,A,골목상권,3110744,독산동성당,486,292,194,0,31,86,125,152,92,0,22,53,69,89,59,0,9,33,56,63,33
20211,R,전통시장,3130232,독산동 맛나는거리상점가(독산동 맛나는거리),33,24,9,0,3,12,5,10,3,0,2,9,4,6,3,0,1,3,1,4,0
20211,D,발달상권,3120133,서울시흥동우체국(홈플러스시흥점),154,66,88,1,16,23,31,43,40,1,7,11,15,12,20,0,9,12,16,31,20
20211,A,골목상권,3110734,금천파출소,92,47,45,0,7,11,21,29,24,0,3,5,14,13,12,0,4,6,7,16,12
20211,R,전통시장,3130236,비단길현대시장(현대시장),139,42,97,0,13,23,49,40,14,0,4,3,12,17,6,0,9,20,37,23,8
20211,A,골목상권,3110747,석수역 1번 출입구,813,612,201,0,46,81,166,224,296,0,27,52,102,165,266,0,19,29,64,59,30
20211,A,골목상권,3110754,삼성산자연공원(서울금천초등학교),202,76,126,1,21,41,48,41,50,0,6,18,29,10,13,1,15,23,19,31,37
20211,D,발달상권,3120138,당산2동(영등포우체국),2754,1653,1101,23,745,579,479,488,440,15,395,347,312,309,275,8,350,232,167,179,165
20211,A,골목상권,3110781,대림한신아파트,182,112,70,0,23,29,51,38,41,0,8,16,34,23,31,0,15,13,17,15,10
20211,A,골목상권,3110776,도신초등학교,168,106,62,0,12,20,48,63,25,0,11,10,35,34,16,0,1,10,13,29,9
20211,A,골목상권,3110792,영등포역 2번,3343,1737,1606,28,554,856,830,851,224,11,223,385,459,526,133,17,331,471,371,325,91
20211,D,발달상권,3120137,문래역(문래로데오거리),50,21,29,2,11,8,13,12,4,0,4,1,7,7,2,2,7,7,6,5,2
20211,A,골목상권,3110812,신길6동주민센터,363,245,118,0,69,115,106,50,23,0,34,78,85,29,19,0,35,37,21,21,4
20211,A,골목상권,3110798,신풍역 2번,53,20,33,0,2,13,14,13,11,0,0,3,3,6,8,0,2,10,11,7,3
20211,A,골목상권,3110811,보라매역 4번,187,94,93,0,22,41,49,52,23,0,8,22,18,27,19,0,14,19,31,25,4
20211,A,골목상권,3110756,문래중학교,275,179,96,0,48,79,78,35,35,0,21,58,52,21,27,0,27,21,26,14,8
20211,R,전통시장,3130257,영등포시장기계공구상가,158,116,42,0,11,26,33,47,41,0,7,16,22,37,34,0,4,10,11,10,7
20211,A,골목상권,3110800,영등포동성당,227,153,74,0,26,34,61,66,40,0,13,22,37,46,35,0,13,12,24,20,5
20211,A,골목상권,3110806,서울시립영등포장애인복지관,76,42,34,0,18,30,13,13,2,0,5,16,9,11,1,0,13,14,4,2,1
20211,A,골목상권,3110820,성남고등학교,3101,2470,631,1,651,742,555,991,161,0,438,581,448,879,124,1,213,161,107,112,37
20211,D,발달상권,3120156,"총신대입구역(이수, 총신대)",3366,1461,1905,14,640,802,748,644,518,7,213,337,380,258,266,7,427,465,368,386,252
20211,A,골목상권,3110839,숭실대입구역 4번,187,67,120,0,10,51,57,46,23,0,2,14,22,11,18,0,8,37,35,35,5
20211,A,골목상권,3110833,상도역 2번,255,163,92,2,20,61,74,74,24,0,17,49,47,34,16,2,3,12,27,40,8
20211,A,골목상권,3110819,신대방역 4번,456,226,230,0,62,93,114,73,114,0,14,33,50,48,81,0,48,60,64,25,33
20211,A,골목상권,3110876,서원동주민센터(신관중학교),49,29,20,0,5,9,16,9,10,0,2,4,10,4,9,0,3,5,6,5,1
20211,R,전통시장,3130284,관악종합시장(신원시장),17,10,7,0,0,1,3,10,3,0,0,1,1,6,2,0,0,0,2,4,1
20211,A,골목상권,3110889,봉천역 6번,376,317,59,0,29,36,69,136,106,0,18,20,47,130,102,0,11,16,22,6,4
20211,A,골목상권,3110901,인헌고등학교(인헌중학교),245,143,102,3,39,58,73,51,21,3,21,35,38,30,16,0,18,23,35,21,5
20211,R,전통시장,3130275,강남골목시장,164,121,43,0,17,38,46,34,29,0,15,32,30,23,21,0,2,6,16,11,8
20211,D,발달상권,3120185,논현역,12723,7377,5346,29,2723,4108,3218,1875,770,10,1037,2421,2225,1194,490,19,1686,1687,993,681,280
20211,A,골목상권,3110908,구반포역,1517,376,1141,0,66,110,396,804,141,0,42,53,71,141,69,0,24,57,325,663,72
20211,A,골목상권,3110916,내방역 4번,1152,592,560,9,216,272,301,208,146,6,58,167,187,91,83,3,158,105,114,117,63
20211,A,골목상권,3110914,내방역 6번,146,116,30,0,26,31,37,26,26,0,17,26,26,24,23,0,9,5,11,2,3
20211,A,골목상권,3110919,내방역 8번,1289,936,353,3,122,279,365,332,188,1,51,165,297,279,143,2,71,114,68,53,45
20211,D,발달상권,3120179,양재역,20226,15999,4227,55,2836,6941,4949,3795,1650,32,1949,5811,4124,2895,1188,23,887,1130,825,900,462
20211,A,골목상권,3110981,국악고교사거리,361,216,145,2,57,77,110,81,34,0,27,36,72,56,25,2,30,41,38,25,9
20211,D,발달상권,3120191,학동역,13888,8123,5765,40,2898,3769,2969,1869,2343,17,1128,2152,2012,1134,1680,23,1770,1617,957,735,663
20211,A,골목상권,3110952,논현목련공원,117,65,52,0,21,23,27,22,24,0,9,13,13,14,16,0,12,10,14,8,8
20211,A,골목상권,3110953,학동근린공원,2487,1583,904,15,679,891,571,218,113,0,336,572,409,180,86,15,343,319,162,38,27
20211,A,골목상권,3110968,강남구청역 2번,1023,596,427,7,327,204,133,121,231,4,177,117,81,68,149,3,150,87,52,53,82
20211,D,발달상권,3120203,강남구청역,7726,4602,3124,27,1589,2070,1890,1381,769,8,650,1218,1293,882,551,19,939,852,597,499,218
20211,A,골목상권,3110966,논현2동주민센터,1634,1016,618,18,470,498,299,216,133,7,256,298,200,146,109,11,214,200,99,70,24
20211,A,골목상권,3110996,대치2동주민센터,1940,1218,722,2,81,274,345,337,901,0,47,206,276,245,444,2,34,68,69,92,457
20211,A,골목상권,3110982,강남구보훈회관,166,74,92,0,31,34,41,41,19,0,7,13,25,14,15,0,24,21,16,27,4
20211,A,골목상권,3111002,한국교통안전공단 강남자동차검사소,317,115,202,0,22,63,65,96,71,0,7,31,21,26,30,0,15,32,44,70,41
20211,A,골목상권,3110973,강남구청역 4번,1448,784,664,4,275,332,289,269,279,1,146,203,162,128,144,3,129,129,127,141,135
20211,A,골목상권,3110987,영동대교남단,410,201,209,1,80,64,74,101,90,1,40,36,31,40,53,0,40,28,43,61,37
20211,A,골목상권,3111022,석촌중학교(방이육교),686,344,342,1,59,145,176,222,83,0,37,95,98,70,44,1,22,50,78,152,39
20211,A,골목상권,3111041,거여역 8번,411,336,75,1,102,118,81,62,47,1,84,93,67,50,41,0,18,25,14,12,6
20211,D,발달상권,3120236,장지역(가든파이브),4622,3221,1401,15,678,1056,1076,989,808,10,373,711,778,710,639,5,305,345,298,279,169
20211,A,골목상권,3111014,송파나루역 2번,521,273,248,1,42,75,119,190,94,0,21,42,67,83,60,1,21,33,52,107,34
20211,A,골목상권,3111031,장지동주민센터(한림연예예술고교),3127,2317,810,8,263,415,651,857,933,2,170,330,497,648,670,6,93,85,154,209,263
20211,R,전통시장,3130314,풍납시장,203,100,103,1,24,42,50,61,25,1,15,27,22,19,16,0,9,15,28,42,9
20211,D,발달상권,3120242,강동구청역,4533,2940,1593,33,536,1064,1057,894,949,13,287,678,696,560,706,20,249,386,361,334,243
20211,A,골목상권,3111084,길동신동아아파트,169,104,65,2,27,32,37,58,13,2,21,23,24,25,9,0,6,9,13,33,4
20211,A,골목상권,3111073,둔촌동역 1번(한산중학교),973,578,395,1,134,224,250,206,158,1,58,122,160,124,113,0,76,102,90,82,45
20211,D,발달상권,3120248,명일역,859,331,528,4,114,141,223,203,174,2,41,59,84,68,77,2,73,82,139,135,97
20211,D,발달상권,3120249,고덕역,1359,916,443,3,172,305,337,317,225,1,75,198,249,221,172,2,97,107,88,96,53
20211,R,전통시장,3130319,성내전통시장,47,31,16,0,3,8,14,10,12,0,3,4,9,7,8,0,0,4,5,3,4
20211,A,골목상권,3111072,굽은다리역 1번(십자성마을),747,473,274,1,59,119,201,187,180,0,20,70,116,127,140,1,39,49,85,60,40
20211,R,전통시장,3130322,고분다리전통시장,7,4,3,0,0,0,2,4,1,0,0,0,1,2,1,0,0,0,1,2,0
20211,A,골목상권,3110017,정독도서관,650,322,328,0,133,273,152,58,34,0,26,130,93,43,30,0,107,143,59,15,4
20211,D,발달상권,3120001,서대문역,1510,1022,488,1,265,530,359,278,77,1,106,344,272,237,62,0,159,186,87,41,15
20211,A,골목상권,3110004,대신고등학교,32,14,18,0,3,4,8,14,3,0,1,0,3,8,2,0,2,4,5,6,1
20211,A,골목상권,3110002,독립문역 1번,475,121,354,1,146,140,118,44,26,1,25,25,41,14,15,0,121,115,77,30,11
20211,D,발달상권,3120062,신설동역,12648,5435,7213,13,1214,2604,3451,3483,1883,2,444,1433,1624,1125,807,11,770,1171,1827,2358,1076
20211,A,골목상권,3110025,충신시장옆,213,129,84,2,17,46,63,56,29,0,6,23,43,33,24,2,11,23,20,23,5
20211,D,발달상권,3120011,종로4가,2984,1666,1318,5,420,1022,880,515,142,0,165,497,518,378,108,5,255,525,362,137,34
20211,D,발달상권,3120008,인사동,22070,13019,9051,1263,7895,5069,3940,2756,1147,589,4005,3077,2666,2006,676,674,3890,1992,1274,750,471
20211,R,전통시장,3130012,"동대문종합시장(동대문종합시장 신관, 동대문종합시장D동상가)",1319,965,354,2,156,325,348,339,149,0,116,251,238,247,113,2,40,74,110,92,36
20211,A,골목상권,3110026,종로5가역 4번,190,120,70,0,22,41,73,27,27,0,9,28,47,14,22,0,13,13,26,13,5
20211,R,전통시장,3130014,동문시장,17,8,9,0,0,6,4,4,3,0,0,2,1,3,2,0,0,4,3,1,1
20211,R,전통시장,3130015,창신골목시장,22,12,10,0,0,2,8,9,3,0,0,2,6,2,2,0,0,0,2,7,1
20211,A,골목상권,3110031,창신역 1번,72,57,15,0,11,17,12,21,11,0,8,11,11,17,10,0,3,6,1,4,1
20211,A,골목상권,3110016,평창동동측,2303,1051,1252,9,318,614,663,433,266,4,126,304,354,163,100,5,192,310,309,270,166
20211,A,골목상권,3110020,서울국제고등학교,593,291,302,1,141,279,101,49,22,1,41,139,70,26,14,0,100,140,31,23,8
20211,A,골목상권,3110048,장충동주민센터,5315,2706,2609,21,867,1339,1513,1367,208,5,338,768,756,707,132,16,529,571,757,660,76
20211,A,골목상권,3110046,버티고개,104,74,30,0,6,23,40,28,7,0,3,17,28,20,6,0,3,6,12,8,1
20211,A,골목상권,3110047,다산성곽길,160,89,71,0,36,43,36,27,18,0,23,29,21,7,9,0,13,14,15,20,9
20211,R,전통시장,3130051,동화동 골목형상점가,391,156,235,1,82,94,98,66,50,1,18,25,43,36,33,0,64,69,55,30,17
20211,R,전통시장,3130053,백학시장,160,69,91,0,22,24,46,37,31,0,8,8,20,15,18,0,14,16,26,22,13
20211,A,골목상권,3110110,상왕십리역 6번,87,54,33,1,12,16,24,18,16,1,7,11,13,10,12,0,5,5,11,8,4
20211,R,전통시장,3130042,약수시장,158,67,91,2,36,30,40,21,29,2,9,9,19,8,20,0,27,21,21,13,9
20211,A,골목상권,3110591,충정로역 6번,87,48,39,0,15,19,21,28,4,0,9,9,11,16,3,0,6,10,10,12,1
20211,R,전통시장,3130062,보광시장,39,16,23,0,1,7,11,15,5,0,0,3,4,6,3,0,1,4,7,9,2
20211,A,골목상권,3110086,이태원역 북측,9244,3609,5635,12,3187,3891,1654,428,72,3,733,1558,905,355,55,9,2454,2333,749,73,17
20211,A,골목상권,3110085,경리단길남측,532,260,272,4,98,163,148,67,52,2,40,59,78,41,40,2,58,104,70,26,12
20211,A,골목상권,3110066,서울역 15번,748,467,281,6,152,227,156,125,82,3,81,151,104,66,62,3,71,76,52,59,20
20211,A,골목상권,3110105,금동어린이공원,38,17,21,0,1,7,11,10,9,0,0,2,3,6,6,0,1,5,8,4,3
20211,A,골목상권,3110116,청계천박물관,4825,3644,1181,29,323,769,1077,1762,865,26,206,565,875,1315,657,3,117,204,202,447,208
20211,A,골목상권,3110128,성원중학교,911,573,338,1,98,165,255,266,126,1,53,94,157,170,98,0,45,71,98,96,28
20211,A,골목상권,3110120,서울숲카페거리,79,49,30,0,8,12,35,18,6,0,3,8,23,10,5,0,5,4,12,8,1
20211,A,골목상권,3110124,뚝섬역교차로,1253,1006,247,7,170,155,222,312,387,6,94,111,169,268,358,1,76,44,53,44,29
20211,A,골목상권,3110129,성원어린이공원,640,405,235,1,65,118,131,180,145,0,35,70,86,107,107,1,30,48,45,73,38
20211,A,골목상권,3110132,성수2가3동주민센터,786,521,265,0,97,182,220,197,90,0,67,133,145,108,68,0,30,49,75,89,22
20211,A,골목상권,3110111,대현산장미원,51,40,11,0,6,7,6,17,15,0,6,4,4,13,13,0,0,3,2,4,2
20211,A,골목상권,3110166,구의1동주민센터,552,292,260,1,70,121,177,115,68,1,20,59,99,60,53,0,50,62,78,55,15
20211,A,골목상권,3110160,광진경찰서,819,680,139,0,149,322,180,157,11,0,110,261,150,149,10,0,39,61,30,8,1
20211,D,발달상권,3120054,어린이대공원역,1196,805,391,0,61,141,304,441,249,0,17,79,201,322,186,0,44,62,103,119,63
20211,A,골목상권,3110145,장안초등학교,7,4,3,0,0,1,2,3,1,0,0,0,1,3,0,0,0,1,1,0,1
20211,D,발달상권,3120055,군자역,4255,2030,2225,33,1138,780,911,991,402,23,548,430,436,330,263,10,590,350,475,661,139
20211,A,골목상권,3110164,아차산역 5번,731,494,237,3,111,126,143,164,184,0,61,77,101,112,143,3,50,49,42,52,41
20211,R,전통시장,3130076,능동로골목시장,93,70,23,0,2,11,16,17,47,0,1,4,14,11,40,0,1,7,2,6,7
20211,A,골목상권,3110158,중곡3동주민센터,715,518,197,1,113,210,184,138,69,0,73,168,123,104,50,1,40,42,61,34,19
20211,R,전통시장,3130100,답십리시장,93,40,53,2,19,25,23,11,13,2,4,9,11,6,8,0,15,16,12,5,5
20211,A,골목상권,3110227,답십리공원,229,93,136,0,16,30,77,84,22,0,13,16,27,23,14,0,3,14,50,61,8
20211,A,골목상권,3110181,신설동역 9번,1864,1212,652,12,209,232,286,440,685,12,150,162,188,282,418,0,59,70,98,158,267
20211,A,골목상권,3110192,동의보감타워,70,45,25,0,7,10,25,16,12,0,2,6,17,10,10,0,5,4,8,6,2
20211,R,전통시장,3130085,용두시장,4,2,2,0,0,0,1,2,1,0,0,0,0,1,1,0,0,0,1,1,0
20211,A,골목상권,3110182,용두희망어린이공원,370,249,121,0,38,71,108,87,66,0,20,47,67,64,51,0,18,24,41,23,15
20211,A,골목상권,3110223,군자초등학교,94,56,38,0,13,17,26,24,14,0,4,10,17,15,10,0,9,7,9,9,4
20211,A,골목상권,3110191,고려대역 6번,48,41,7,0,1,12,14,9,12,0,1,10,11,8,11,0,0,2,3,1,1
20211,A,골목상권,3110193,고려대역 4번,48,37,11,0,5,11,11,10,11,0,3,5,10,10,9,0,2,6,1,0,2
20211,A,골목상권,3110208,시조사삼거리,75,56,19,0,2,14,7,17,35,0,1,7,2,11,35,0,1,7,5,6,0
20211,R,전통시장,3130103,이경시장,16,8,8,0,0,1,2,2,11,0,0,1,1,1,5,0,0,0,1,1,6
20211,A,골목상권,3110270,혜원여고,168,148,20,0,4,5,7,70,82,0,4,3,6,59,76,0,0,2,1,11,6
20211,A,골목상권,3110274,서일대학교,523,360,163,0,46,59,135,146,137,0,8,37,89,115,111,0,38,22,46,31,26
20211,A,골목상권,3110277,러스크서울병원,145,78,67,0,12,30,29,43,31,0,4,13,16,23,22,0,8,17,13,20,9
20211,D,발달상권,3120068,사가정역,145,45,100,3,38,31,25,22,26,0,1,5,12,12,15,3,37,26,13,10,11
20213,D,발달상권,3120242,강동구청역,4533,2940,1593,33,536,1064,1057,894,949,13,287,678,696,560,706,20,249,386,361,334,243
20213,A,골목상권,3111084,길동신동아아파트,169,104,65,2,27,32,37,58,13,2,21,23,24,25,9,0,6,9,13,33,4
20213,A,골목상권,3111073,둔촌동역 1번(한산중학교),973,578,395,1,134,224,250,206,158,1,58,122,160,124,113,0,76,102,90,82,45
20213,D,발달상권,3120248,명일역,859,331,528,4,114,141,223,203,174,2,41,59,84,68,77,2,73,82,139,135,97
20213,D,발달상권,3120249,고덕역,1359,916,443,3,172,305,337,317,225,1,75,198,249,221,172,2,97,107,88,96,53
20213,R,전통시장,3130319,성내전통시장,47,31,16,0,3,8,14,10,12,0,3,4,9,7,8,0,0,4,5,3,4
20213,A,골목상권,3111072,굽은다리역 1번(십자성마을),747,473,274,1,59,119,201,187,180,0,20,70,116,127,140,1,39,49,85,60,40
20213,R,전통시장,3130322,고분다리전통시장,7,4,3,0,0,0,2,4,1,0,0,0,1,2,1,0,0,0,1,2,0
20213,A,골목상권,3110017,정독도서관,650,322,328,0,133,273,152,58,34,0,26,130,93,43,30,0,107,143,59,15,4
20213,D,발달상권,3120001,서대문역,1510,1022,488,1,265,530,359,278,77,1,106,344,272,237,62,0,159,186,87,41,15
20213,A,골목상권,3110004,대신고등학교,32,14,18,0,3,4,8,14,3,0,1,0,3,8,2,0,2,4,5,6,1
20213,A,골목상권,3110002,독립문역 1번,475,121,354,1,146,140,118,44,26,1,25,25,41,14,15,0,121,115,77,30,11
20213,D,발달상권,3120062,신설동역,12648,5435,7213,13,1214,2604,3451,3483,1883,2,444,1433,1624,1125,807,11,770,1171,1827,2358,1076
20213,A,골목상권,3110025,충신시장옆,213,129,84,2,17,46,63,56,29,0,6,23,43,33,24,2,11,23,20,23,5
20213,D,발달상권,3120011,종로4가,2984,1666,1318,5,420,1022,880,515,142,0,165,497,518,378,108,5,255,525,362,137,34
20213,D,발달상권,3120008,인사동,22070,13019,9051,1263,7895,5069,3940,2756,1147,589,4005,3077,2666,2006,676,674,3890,1992,1274,750,471
20213,R,전통시장,3130012,"동대문종합시장(동대문종합시장 신관, 동대문종합시장D동상가)",1319,965,354,2,156,325,348,339,149,0,116,251,238,247,113,2,40,74,110,92,36
20213,A,골목상권,3110026,종로5가역 4번,190,120,70,0,22,41,73,27,27,0,9,28,47,14,22,0,13,13,26,13,5
20213,R,전통시장,3130014,동문시장,17,8,9,0,0,6,4,4,3,0,0,2,1,3,2,0,0,4,3,1,1
20213,R,전통시장,3130015,창신골목시장,22,12,10,0,0,2,8,9,3,0,0,2,6,2,2,0,0,0,2,7,1
20213,A,골목상권,3110031,창신역 1번,72,57,15,0,11,17,12,21,11,0,8,11,11,17,10,0,3,6,1,4,1
20213,A,골목상권,3110016,평창동동측,2303,1051,1252,9,318,614,663,433,266,4,126,304,354,163,100,5,192,310,309,270,166
20213,A,골목상권,3110020,서울국제고등학교,593,291,302,1,141,279,101,49,22,1,41,139,70,26,14,0,100,140,31,23,8
20213,A,골목상권,3110048,장충동주민센터,5315,2706,2609,21,867,1339,1513,1367,208,5,338,768,756,707,132,16,529,571,757,660,76
20213,A,골목상권,3110046,버티고개,104,74,30,0,6,23,40,28,7,0,3,17,28,20,6,0,3,6,12,8,1
20213,A,골목상권,3110047,다산성곽길,160,89,71,0,36,43,36,27,18,0,23,29,21,7,9,0,13,14,15,20,9
20213,R,전통시장,3130051,동화동 골목형상점가,391,156,235,1,82,94,98,66,50,1,18,25,43,36,33,0,64,69,55,30,17
20213,R,전통시장,3130053,백학시장,160,69,91,0,22,24,46,37,31,0,8,8,20,15,18,0,14,16,26,22,13
20213,A,골목상권,3110110,상왕십리역 6번,87,54,33,1,12,16,24,18,16,1,7,11,13,10,12,0,5,5,11,8,4
20213,R,전통시장,3130042,약수시장,158,67,91,2,36,30,40,21,29,2,9,9,19,8,20,0,27,21,21,13,9
20213,A,골목상권,3110591,충정로역 6번,87,48,39,0,15,19,21,28,4,0,9,9,11,16,3,0,6,10,10,12,1
20213,R,전통시장,3130062,보광시장,39,16,23,0,1,7,11,15,5,0,0,3,4,6,3,0,1,4,7,9,2
20213,A,골목상권,3110086,이태원역 북측,9244,3609,5635,12,3187,3891,1654,428,72,3,733,1558,905,355,55,9,2454,2333,749,73,17
20213,A,골목상권,3110085,경리단길남측,532,260,272,4,98,163,148,67,52,2,40,59,78,41,40,2,58,104,70,26,12
20213,A,골목상권,3110066,서울역 15번,748,467,281,6,152,227,156,125,82,3,81,151,104,66,62,3,71,76,52,59,20
20213,A,골목상권,3110105,금동어린이공원,38,17,21,0,1,7,11,10,9,0,0,2,3,6,6,0,1,5,8,4,3
20213,A,골목상권,3110116,청계천박물관,4825,3644,1181,29,323,769,1077,1762,865,26,206,565,875,1315,657,3,117,204,202,447,208
20213,A,골목상권,3110128,성원중학교,911,573,338,1,98,165,255,266,126,1,53,94,157,170,98,0,45,71,98,96,28
20213,A,골목상권,3110120,서울숲카페거리,79,49,30,0,8,12,35,18,6,0,3,8,23,10,5,0,5,4,12,8,1
20213,A,골목상권,3110124,뚝섬역교차로,1253,1006,247,7,170,155,222,312,387,6,94,111,169,268,358,1,76,44,53,44,29
20213,A,골목상권,3110129,성원어린이공원,640,405,235,1,65,118,131,180,145,0,35,70,86,107,107,1,30,48,45,73,38
20213,A,골목상권,3110132,성수2가3동주민센터,786,521,265,0,97,182,220,197,90,0,67,133,145,108,68,0,30,49,75,89,22
20213,A,골목상권,3110111,대현산장미원,51,40,11,0,6,7,6,17,15,0,6,4,4,13,13,0,0,3,2,4,2
20213,A,골목상권,3110166,구의1동주민센터,552,292,260,1,70,121,177,115,68,1,20,59,99,60,53,0,50,62,78,55,15
20213,A,골목상권,3110160,광진경찰서,819,680,139,0,149,322,180,157,11,0,110,261,150,149,10,0,39,61,30,8,1
20213,D,발달상권,3120054,어린이대공원역,1196,805,391,0,61,141,304,441,249,0,17,79,201,322,186,0,44,62,103,119,63
20213,A,골목상권,3110145,장안초등학교,7,4,3,0,0,1,2,3,1,0,0,0,1,3,0,0,0,1,1,0,1
20213,D,발달상권,3120055,군자역,4255,2030,2225,33,1138,780,911,991,402,23,548,430,436,330,263,10,590,350,475,661,139
20213,A,골목상권,3110164,아차산역 5번,731,494,237,3,111,126,143,164,184,0,61,77,101,112,143,3,50,49,42,52,41
20213,R,전통시장,3130076,능동로골목시장,93,70,23,0,2,11,16,17,47,0,1,4,14,11,40,0,1,7,2,6,7
20213,A,골목상권,3110158,중곡3동주민센터,715,518,197,1,113,210,184,138,69,0,73,168,123,104,50,1,40,42,61,34,19
20213,R,전통시장,3130100,답십리시장,93,40,53,2,19,25,23,11,13,2,4,9,11,6,8,0,15,16,12,5,5
20213,A,골목상권,3110227,답십리공원,229,93,136,0,16,30,77,84,22,0,13,16,27,23,14,0,3,14,50,61,8
20213,A,골목상권,3110181,신설동역 9번,1864,1212,652,12,209,232,286,440,685,12,150,162,188,282,418,0,59,70,98,158,267
20213,A,골목상권,3110192,동의보감타워,70,45,25,0,7,10,25,16,12,0,2,6,17,10,10,0,5,4,8,6,2
20213,R,전통시장,3130085,용두시장,4,2,2,0,0,0,1,2,1,0,0,0,0,1,1,0,0,0,1,1,0
20213,A,골목상권,3110182,용두희망어린이공원,370,249,121,0,38,71,108,87,66,0,20,47,67,64,51,0,18,24,41,23,15
20213,A,골목상권,3110223,군자초등학교,94,56,38,0,13,17,26,24,14,0,4,10,17,15,10,0,9,7,9,9,4
20213,A,골목상권,3110191,고려대역 6번,48,41,7,0,1,12,14,9,12,0,1,10,11,8,11,0,0,2,3,1,1
20213,A,골목상권,3110193,고려대역 4번,48,37,11,0,5,11,11,10,11,0,3,5,10,10,9,0,2,6,1,0,2
20213,A,골목상권,3110208,시조사삼거리,75,56,19,0,2,14,7,17,35,0,1,7,2,11,35,0,1,7,5,6,0
20213,R,전통시장,3130103,이경시장,16,8,8,0,0,1,2,2,11,0,0,1,1,1,5,0,0,0,1,1,6
20213,A,골목상권,3110270,혜원여고,168,148,20,0,4,5,7,70,82,0,4,3,6,59,76,0,0,2,1,11,6
20213,A,골목상권,3110274,서일대학교,523,360,163,0,46,59,135,146,137,0,8,37,89,115,111,0,38,22,46,31,26
20213,A,골목상권,3110277,러스크서울병원,145,78,67,0,12,30,29,43,31,0,4,13,16,23,22,0,8,17,13,20,9
20213,D,발달상권,3120068,사가정역,145,45,100,3,38,31,25,22,26,0,1,5,12,12,15,3,37,26,13,10,11
20213,A,골목상권,3110253,중곡초등학교,181,106,75,0,31,31,44,49,26,0,10,17,23,35,21,0,21,14,21,14,5
20213,A,골목상권,3110249,중화역 1번,764,479,285,0,68,129,205,203,159,0,31,61,105,139,143,0,37,68,100,64,16
20213,A,골목상권,3110250,화랑대역 7번,111,69,42,0,7,20,32,34,18,0,5,12,15,23,14,0,2,8,17,11,4
20213,R,전통시장,3130116,동성타워프라자,31,22,9,0,2,9,7,8,5,0,2,4,4,7,5,0,0,5,3,1,0
20213,A,골목상권,3110235,세화어린이공원,17,12,5,0,6,3,1,5,2,0,5,1,1,3,2,0,1,2,0,2,0
20213,A,골목상권,3110306,미아초등학교,317,218,99,2,13,50,81,77,94,0,3,29,53,50,83,2,10,21,28,27,11
20213,A,골목상권,3110304,보문역 4번,248,146,102,0,40,77,61,48,22,0,10,46,35,37,18,0,30,31,26,11,4
20213,A,골목상권,3110291,한성대입구역 3번,342,172,170,2,27,49,94,91,79,0,14,24,49,51,34,2,13,25,45,40,45
20213,A,골목상권,3110336,석관고등학교,94,84,10,0,3,17,16,37,21,0,3,15,13,34,19,0,0,2,3,3,2
20213,A,골목상권,3110335,석계역 7번,249,172,77,1,19,32,66,64,67,0,13,18,34,45,62,1,6,14,32,19,5
20213,A,골목상권,3110327,상월곡역 2번,118,60,58,0,8,17,42,31,20,0,3,8,24,14,11,0,5,9,18,17,9
20213,A,골목상권,3110330,돌곶이역 1번,220,172,48,0,12,18,33,31,126,0,4,12,20,23,113,0,8,6,13,8,13
20213,A,골목상권,3110332,돌곶이역 3번,164,63,101,0,28,29,42,47,18,0,6,18,19,14,6,0,22,11,23,33,12
20213,A,골목상권,3110347,구세군강북종합사회복지관,38,17,21,0,10,7,5,9,7,0,1,5,1,5,5,0,9,2,4,4,2
20213,R,전통시장,3130137,"수유전통시장(수유시장, 수유골목시장)",86,29,57,0,5,10,18,25,28,0,0,3,8,7,11,0,5,7,10,18,17
20213,A,골목상권,3110344,화계중학교,12,10,2,0,7,1,1,2,1,0,5,1,1,2,1,0,2,0,0,0,0
20213,A,골목상권,3110353,수유동우체국,187,91,96,0,4,18,48,60,57,0,1,12,33,27,18,0,3,6,15,33,39
20213,A,골목상권,3110337,아카데미하우스,512,368,144,6,70,69,94,159,114,6,43,58,60,98,103,0,27,11,34,61,11
20213,A,골목상권,3110397,도봉산입구,469,257,212,0,31,56,101,131,150,0,6,34,39,73,105,0,25,22,62,58,45
20213,A,골목상권,3110406,도봉산역 1번,634,573,61,0,10,29,139,292,164,0,3,17,126,276,151,0,7,12,13,16,13
20213,A,골목상권,3110387,쌍문초등학교,307,169,138,0,37,47,91,75,57,0,13,24,49,39,44,0,24,23,42,36,13
20213,A,골목상권,3110389,한일병원,209,120,89,0,23,37,57,53,39,0,10,19,35,30,26,0,13,18,22,23,13
20213,D,발달상권,3120079,창동역,1326,796,530,0,151,232,320,304,319,0,54,108,172,195,267,0,97,124,148,109,52
20213,A,골목상권,3110435,서울과학기술대,73,40,33,0,5,12,18,25,13,0,3,4,8,14,11,0,2,8,10,11,2
20213,A,골목상권,3110415,수락산역 4번,635,386,249,5,82,110,155,174,109,5,46,71,85,110,69,0,36,39,70,64,40
20213,A,골목상권,3110436,상계제일중학교,93,60,33,0,15,21,33,20,4,0,5,13,23,15,4,0,10,8,10,5,0
20213,A,골목상권,3110432,대진고등학교,894,734,160,0,55,146,248,343,102,0,27,96,214,311,86,0,28,50,34,32,16
20213,A,골목상권,3110483,연천초등학교,119,74,45,0,11,16,34,17,41,0,3,9,26,10,26,0,8,7,8,7,15
20213,A,골목상권,3110491,불광중학교,43,14,29,0,3,5,13,9,13,0,1,1,5,3,4,0,2,4,8,6,9
20213,D,발달상권,3120087,응암역,425,258,167,0,45,82,110,105,83,0,17,49,75,59,58,0,28,33,35,46,25
20213,A,골목상권,3110452,새절역 3번,373,317,56,1,10,36,63,123,140,1,7,25,47,107,130,0,3,11,16,16,10
20213,A,골목상권,3110471,응암동우체국,263,117,146,0,34,61,73,70,25,0,11,21,28,35,22,0,23,40,45,35,3
20213,A,골목상권,3110469,응암정보도서관,344,188,156,1,38,58,104,104,39,0,11,29,61,57,30,1,27,29,43,47,9
20213,R,전통시장,3130172,모래내시장(서중시장),19,8,11,0,1,4,5,6,3,0,0,1,2,4,1,0,1,3,3,2,2
20213,A,골목상권,3110497,가좌역 3번,325,253,72,0,17,43,89,123,53,0,3,17,75,115,43,0,14,26,14,8,10
20213,A,골목상권,3110500,남가좌동현대아파트,74,54,20,0,12,13,23,22,4,0,8,9,17,17,3,0,4,4,6,5,1
20213,A,골목상권,3110494,증산3교남측,31,24,7,0,1,8,7,9,6,0,0,7,5,7,5,0,1,1,2,2,1
20213,A,골목상권,3110530,아현역 1번,36,20,16,0,5,5,7,15,4,0,2,5,4,6,3,0,3,0,3,9,1
20213,A,골목상권,3110509,연희대우아파트앞,391,210,181,0,39,105,101,88,58,0,13,52,51,53,41,0,26,53,50,35,17
20213,A,골목상권,3110524,연희세브란스병원,51,23,28,0,10,13,15,8,5,0,5,6,6,3,3,0,5,7,9,5,2
20213,A,골목상권,3110501,연희어린이공원,214,82,132,0,12,33,40,75,54,0,3,20,15,18,26,0,9,13,25,57,28
20213,R,전통시장,3130182,영천시장,78,35,43,0,13,8,24,22,11,0,3,4,10,12,6,0,10,4,14,10,5
20213,A,골목상권,3110539,미근동,2792,1821,971,13,225,688,889,822,155,9,167,550,547,424,124,4,58,138,342,398,31
20213,A,골목상권,3110519,서대문구보건소별관,341,156,185,0,42,73,79,94,53,0,14,33,44,37,28,0,28,40,35,57,25
20213,R,전통시장,3130197,마포시장,15,5,10,0,0,1,5,4,5,0,0,1,0,2,2,0,0,0,5,2,3
20213,A,골목상권,3110576,대흥역 3번,1605,1112,493,71,503,480,308,163,80,27,310,365,253,111,46,44,193,115,55,52,34
20213,A,골목상권,3110573,신촌역 6번,28,10,18,0,7,3,6,6,6,0,2,0,3,1,4,0,5,3,3,5,2
20213,A,골목상권,3110563,상수역 3번,309,246,63,11,75,122,61,17,23,9,60,95,50,13,19,2,15,27,11,4,4
20213,D,발달상권,3120105,상수역(홍대),524,273,251,4,126,153,122,71,48,2,51,74,70,42,34,2,75,79,52,29,14
20213,D,발달상권,3120101,합정역,1932,1048,884,2,302,520,515,399,194,2,89,236,312,266,143,0,213,284,203,133,51
20213,R,전통시장,3130189,서교시장,24,10,14,0,2,1,7,6,8,0,0,1,2,3,4,0,2,0,5,3,4
20213,D,발달상권,3120104,연남동(홍대),5955,3176,2779,20,1117,1491,1289,1103,935,12,428,824,772,620,520,8,689,667,517,483,415
20213,A,골목상권,3110564,홍대입구역 3번,471,211,260,0,54,125,161,78,53,0,19,47,103,22,20,0,35,78,58,56,33
20213,A,골목상권,3110621,목동역 5번,163,78,85,0,19,44,33,45,22,0,1,21,19,23,14,0,18,23,14,22,8
20213,R,전통시장,3130208,목동깨비시장(목3동시장),148,67,81,0,13,20,55,37,23,0,7,6,18,19,17,0,6,14,37,18,6
20213,R,전통시장,3130209,목사랑시장(목4동시장),113,62,51,0,7,15,23,43,25,0,2,13,10,20,17,0,5,2,13,23,8
20213,A,골목상권,3110592,서울금융고등학교,431,337,94,0,18,34,71,147,161,0,9,13,44,124,147,0,9,21,27,23,14
20213,A,골목상권,3110604,신월4동주민센터,635,526,109,0,13,50,120,232,220,0,6,29,87,191,213,0,7,21,33,41,7
20213,A,골목상권,3110595,메디힐병원,731,459,272,0,80,148,163,185,155,0,34,85,86,136,118,0,46,63,77,49,37
20213,A,골목상권,3110603,지향초등학교,187,104,83,0,12,54,55,38,28,0,5,28,33,19,19,0,7,26,22,19,9
20213,R,전통시장,3130207,신정1동 골목시장(신정제일시장),38,21,17,0,8,9,10,7,4,0,3,5,6,4,3,0,5,4,4,3,1
20213,A,골목상권,3110625,신정2동주민센터,726,454,272,2,98,196,215,155,60,0,51,124,146,94,39,2,47,72,69,61,21
20213,R,전통시장,3130211,신정2동 골목시장(오목교중앙시장),15,10,5,0,1,1,5,7,1,0,1,1,3,4,1,0,0,0,2,3,0
20213,A,골목상권,3110694,세곡초등학교,438,243,195,2,55,148,88,96,49,0,24,75,49,59,36,2,31,73,39,37,13
20213,A,골목상권,3110614,목동로데오거리,596,292,304,0,69,85,114,216,112,0,42,44,58,103,45,0,27,41,56,113,67
20213,D,발달상권,3120119,발산역(마곡),1427,686,741,2,184,339,416,350,136,1,54,148,211,174,98,1,130,191,205,176,38
20213,A,골목상권,3110643,강서구다솔마을,653,413,240,1,97,165,199,139,52,0,47,101,136,93,36,1,50,64,63,46,16
20213,A,골목상권,3110667,가양역 10번,177,126,51,0,33,32,56,36,20,0,21,20,38,29,18,0,12,12,18,7,2
20213,A,골목상권,3110639,신방화역 8번,534,376,158,1,76,67,89,155,146,1,18,26,52,140,139,0,58,41,37,15,7
20213,A,골목상권,3110641,공항고등학교,345,236,109,2,46,95,100,79,23,1,30,72,61,52,20,1,16,23,39,27,3
20213,A,골목상권,3110633,개화산역 1번,28,14,14,0,0,6,10,7,5,0,0,1,5,3,5,0,0,5,5,4,0
20213,A,골목상권,3110642,정곡초등학교,193,163,30,2,8,14,35,69,65,1,4,10,30,58,60,1,4,4,5,11,5
20213,A,골목상권,3110678,염창무학아파트,285,214,71,1,34,65,92,60,33,1,17,53,72,47,24,0,17,12,20,13,9
20213,A,골목상권,3110653,화곡역 2번,917,494,423,1,191,273,240,171,41,0,79,137,119,135,24,1,112,136,121,36,17
20213,R,전통시장,3130216,화곡중앙시장,75,32,43,0,4,11,21,22,17,0,2,2,9,8,11,0,2,9,12,14,6
20213,R,전통시장,3130215,대원종합시장,9,7,2,0,0,1,0,3,5,0,0,1,0,2,4,0,0,0,0,1,1
20213,A,골목상권,3110661,강서새말어린이공원,126,48,78,0,3,13,30,38,42,0,2,8,10,9,19,0,1,5,20,29,23
20213,A,골목상권,3110664,강서구청옆,111,48,63,0,14,10,31,43,13,0,11,7,10,9,11,0,3,3,21,34,2
20213,A,골목상권,3110663,우장산롯데캐슬아파트앞,279,217,62,0,6,19,48,106,100,0,3,13,26,82,93,0,3,6,22,24,7
20213,R,전통시장,3130219,까치산시장,114,35,79,0,16,17,35,29,17,0,4,6,8,9,8,0,12,11,27,20,9
20213,A,골목상권,3110710,남구로역 3번,606,370,236,3,83,96,105,121,198,3,46,63,63,68,127,0,37,33,42,53,71
20213,R,전통시장,3130223,고척근린시장,42,12,30,0,2,10,12,14,4,0,0,1,1,7,3,0,2,9,11,7,1
20213,R,전통시장,3130224,개봉프라자(고척근린시장),5,4,1,0,0,0,1,2,2,0,0,0,1,1,2,0,0,0,0,1,0
20213,D,발달상권,3120130,구로디지털단지역,1136,620,516,1,169,376,236,212,142,0,59,208,125,125,103,1,110,168,111,87,39
20213,A,골목상권,3110683,오류고등학교,75,46,29,0,12,15,23,18,7,0,9,8,14,8,7,0,3,7,9,10,0
20213,R,전통시장,3130222,오류시장,132,21,111,0,10,26,46,43,7,0,5,1,4,5,6,0,5,25,42,38,1
20213,A,골목상권,3110687,"천왕역 3번(오류2동주민센터, 서울오류남초등학교)",21,16,5,0,2,3,5,6,5,0,1,3,4,4,4,0,1,0,1,2,1
20213,D,발달상권,3120131,가산디지털단지,81127,53423,27704,289,16342,25688,20130,11589,7089,184,8639,17233,14526,7698,5143,105,7703,8455,5604,3891,1946
20213,A,골목상권,3110740,금천해태공원,646,280,366,1,135,134,136,170,70,1,47,54,56,71,51,0,88,80,80,99,19
20213,A,골목상권,3110733,금천어울림복지센터,374,293,81,3,34,89,74,90,84,3,22,67,59,66,76,0,12,22,15,24,8
20213,A,골목상권,3110739,시흥3동 우편취급국,99,77,22,0,4,22,30,27,16,0,1,16,26,21,13,0,3,6,4,6,3
20213,R,전통시장,3130246,영등포청과시장(조광시장),237,126,111,0,24,33,47,77,56,0,9,11,28,39,39,0,15,22,19,38,17
20213,D,발달상권,3120136,영등포구청역,6456,3190,3266,20,1167,1451,1361,1429,1028,12,562,814,730,580,492,8,605,637,631,849,536
20213,A,골목상권,3110794,영동초등학교,622,482,140,0,72,112,182,170,86,0,37,84,150,136,75,0,35,28,32,34,11
20213,A,골목상권,3110775,대동초등학교,59,28,31,0,4,13,20,14,8,0,1,6,6,9,6,0,3,7,14,5,2
20213,D,발달상권,3120140,문래동주민센터,6184,3312,2872,22,1447,1843,1639,925,308,11,558,994,994,525,230,11,889,849,645,400,78
20213,A,골목상권,3110814,서울지방병무청,673,364,309,1,51,117,155,236,113,1,23,79,97,104,60,0,28,38,58,132,53
20213,R,전통시장,3130259,대신시장,14,10,4,0,1,0,5,4,4,0,1,0,3,3,3,0,0,0,2,1,1
20213,A,골목상권,3110802,신길동홍어거리,336,159,177,1,59,113,86,61,16,0,18,45,44,40,12,1,41,68,42,21,4
20213,A,골목상권,3110791,신풍역 3번,25,17,8,0,1,5,9,9,1,0,0,2,6,8,1,0,1,3,3,1,0
20213,R,전통시장,3130241,선유도역 골목형상점가,500,253,247,0,95,93,123,136,53,0,39,49,66,67,32,0,56,44,57,69,21
20213,A,골목상권,3110773,당산역 13번,161,127,34,0,24,40,31,22,44,0,20,33,19,18,37,0,4,7,12,4,7
20213,D,발달상권,3120145,영등포역(영등포),3856,1817,2039,22,673,1021,921,702,517,0,202,441,486,388,300,22,471,580,435,314,217
20213,A,골목상권,3110796,한림대학교한강성심병원,87,52,35,1,7,19,26,19,15,0,4,11,17,9,11,1,3,8,9,10,4
20213,R,전통시장,3130267,본동인정시장(기능상실),59,41,18,0,6,10,12,15,16,0,4,7,9,8,13,0,2,3,3,7,3
20213,D,발달상권,3120153,노량진역(노량진),3600,1756,1844,10,508,1172,906,675,329,2,185,464,433,450,222,8,323,708,473,225,107
20213,D,발달상권,3120160,사당역(사당),9153,4750,4403,14,1560,2594,2716,1534,735,4,617,1307,1324,997,501,10,943,1287,1392,537,234
20213,R,전통시장,3130274,사당1동먹자골목상점가(사당1동먹자골목),389,218,171,4,91,100,81,63,50,3,45,64,37,35,34,1,46,36,44,28,16
20213,A,골목상권,3110849,이수역 10번,220,130,90,1,37,52,58,40,32,0,12,33,34,25,26,1,25,19,24,15,6
20213,A,골목상권,3110845,사당종합체육관,101,50,51,0,8,17,35,26,15,0,5,8,19,9,9,0,3,9,16,17,6
20213,A,골목상권,3110846,남성역 1번,535,290,245,1,66,120,146,135,67,0,25,59,78,74,54,1,41,61,68,61,13
20213,A,골목상권,3110838,상도1동주민센터앞,131,122,9,0,3,32,30,35,31,0,3,27,27,35,30,0,0,5,3,0,1
20213,A,골목상권,3110826,장승배기역 4번,366,149,217,2,20,37,57,103,147,1,8,22,28,38,52,1,12,15,29,65,95
20213,A,골목상권,3110842,흑리단길,53,22,31,0,10,9,10,16,8,0,4,3,5,5,5,0,6,6,5,11,3
20213,A,골목상권,3110895,샤로수길,1796,1222,574,3,307,721,360,233,172,2,170,534,234,152,130,1,137,187,126,81,42
20213,A,골목상권,3110862,난곡초등학교(난곡동벽화마을),84,41,43,0,4,13,14,34,19,0,2,6,11,15,7,0,2,7,3,19,12
20213,A,골목상권,3110881,구립대학경로당(관악산샘말공원),1580,1288,292,1,317,450,449,266,97,1,225,374,391,229,68,0,92,76,58,37,29
20213,A,골목상권,3110868,남부초등학교,232,126,106,0,20,29,45,49,89,0,11,23,22,28,42,0,9,6,23,21,47
20213,A,골목상권,3110884,봉천역 4번(봉천110안전센터),372,284,88,1,17,30,61,98,165,0,1,8,49,84,142,1,16,22,12,14,23
20213,R,전통시장,3130277,조원동 펭귄시장(신림중앙시장),98,56,42,1,15,26,31,19,6,1,8,18,16,9,4,0,7,8,15,10,2
20213,R,전통시장,3130293,봉천중앙시장,154,42,112,0,17,13,29,46,49,0,5,7,14,14,2,0,12,6,15,32,47
20213,R,전통시장,3130290,영림시장,417,183,234,0,74,101,107,92,43,0,14,49,43,44,33,0,60,52,64,48,10
20213,A,골목상권,3110945,본마을노인복지센터(서초구립내곡도서관),191,114,77,3,44,57,37,33,17,3,14,31,25,28,13,0,30,26,12,5,4
20213,D,발달상권,3120176,논현역 4번,893,566,327,1,130,216,195,168,183,1,67,126,129,106,137,0,63,90,66,62,46
20213,A,골목상권,3110904,이수역 5번,835,468,367,4,167,217,239,139,69,1,90,125,135,59,58,3,77,92,104,80,11
20213,A,골목상권,3110911,방배배수지체육공원,29,22,7,0,6,3,7,5,8,0,6,2,4,4,6,0,0,1,3,1,2
20213,A,골목상권,3110923,방배역 1번,210,153,57,0,34,56,55,41,24,0,21,38,42,34,18,0,13,18,13,7,6
20213,D,발달상권,3120173,교대역(법원.검찰청),18222,10456,7766,74,3270,5403,4730,3072,1673,29,1419,3004,2846,1897,1261,45,1851,2399,1884,1175,412
20213,D,발달상권,3120189,강남역,72613,38819,33794,234,17636,24305,18411,9151,2876,59,6629,13226,10962,5914,2029,175,11007,11079,7449,3237,847
20213,D,발달상권,3120171,서초3동사거리,11750,6206,5544,15,1990,3845,2551,1862,1487,6,827,1746,1496,1064,1067,9,1163,2099,1055,798,420
20213,A,골목상권,3110925,서초중학교,874,497,377,0,104,137,244,222,167,0,38,65,146,132,116,0,66,72,98,90,51
20213,D,발달상권,3120181,교육개발원입구사거리,7278,4440,2838,316,2978,1563,1247,730,444,145,1506,983,939,536,331,171,1472,580,308,194,113
20213,A,골목상권,3110939,양재역 8번(양재동우체국),5949,4099,1850,23,970,1420,1461,1174,901,15,499,989,1053,799,744,8,471,431,408,375,157
20213,D,발달상권,3120182,"양재시민의숲역(양재동꽃시장, aT센터)",6231,4311,1920,34,1059,1675,1508,1267,688,14,546,1157,1111,930,553,20,513,518,397,337,135
20213,R,전통시장,3130310,강남개포시장,298,173,125,0,29,56,71,82,60,0,8,23,42,56,44,0,21,33,29,26,16
20213,A,골목상권,3110957,언북중학교,1251,831,420,1,262,379,317,147,145,1,146,241,215,109,119,0,116,138,102,38,26
20213,D,발달상권,3120217,대치사거리,2779,1478,1301,11,552,771,700,452,293,10,220,379,381,264,224,1,332,392,319,188,69
20213,A,골목상권,3110989,대치동아우편취급국,444,270,174,9,90,148,75,68,54,0,43,102,43,44,38,9,47,46,32,24,16
20213,A,골목상권,3110965,언주역 6번,1139,788,351,1,174,379,378,142,65,1,104,276,284,74,49,0,70,103,94,68,16
20213,D,발달상권,3120206,개나리아파트,5243,3354,1889,87,1658,1413,1080,655,350,27,866,955,775,456,275,60,792,458,305,199,75
20213,A,골목상권,3110976,언북초등학교,578,332,246,1,111,188,126,86,66,0,41,115,83,49,44,1,70,73,43,37,22
20213,A,골목상권,3111036,투구봉어린이공원,209,119,90,1,22,40,55,62,29,1,7,20,26,39,26,0,15,20,29,23,3
20213,R,전통시장,3130315,문정동 로데오거리 상점가(문정동 로데오거리),1382,812,570,6,315,293,263,252,253,3,118,169,166,146,210,3,197,124,97,106,43
20213,D,발달상권,3120234,가락시장역,10280,6234,4046,11,1351,2492,2151,1680,2595,3,587,1469,1440,929,1806,8,764,1023,711,751,789
20213,R,전통시장,3130317,마천중앙시장,107,77,30,0,15,35,24,17,16,0,11,24,12,14,16,0,4,11,12,3,0
20213,R,전통시장,3130316,마천시장,18,9,9,0,3,3,2,10,0,0,2,2,2,3,0,0,1,1,0,7,0
20213,D,발달상권,3120229,방이동먹자골목,7319,4732,2587,12,1062,2182,1915,1302,846,5,588,1347,1338,913,541,7,474,835,577,389,305
20213,D,발달상권,3120233,몽촌토성역,10419,5740,4679,28,1795,2730,2265,2158,1443,22,1125,1855,1199,788,751,6,670,875,1066,1370,692
20213,A,골목상권,3111009,송파책박물관,130,94,36,1,13,38,28,24,26,0,11,32,18,15,18,1,2,6,10,9,8
20213,D,발달상권,3120230,송파사거리(송파역),876,470,406,4,96,176,202,193,205,1,38,99,115,92,125,3,58,77,87,101,80
20213,A,골목상권,3111013,송파나루역 1번(송리단길),2234,1456,778,8,320,568,650,435,253,3,160,384,445,290,174,5,160,184,205,145,79
20213,A,골목상권,3111039,벌말어린이공원,485,353,132,8,85,125,121,94,52,8,51,89,88,72,45,0,34,36,33,22,7
20213,D,발달상권,3120247,굽은다리역,572,312,260,4,91,119,146,104,108,1,37,77,74,56,67,3,54,42,72,48,41
20213,R,전통시장,3130321,장신구 특화거리 상점가,433,269,164,0,92,114,88,92,47,0,43,72,56,61,37,0,49,42,32,31,10
20213,A,골목상권,3111058,성내중학교,451,317,134,0,51,92,129,121,58,0,37,63,90,82,45,0,14,29,39,39,13
20213,A,골목상권,3111055,선사초등학교,673,29,644,0,14,28,137,373,121,0,4,7,8,6,4,0,10,21,129,367,117
20213,A,골목상권,3111075,굽은다리역 2번,193,114,79,0,14,42,54,52,31,0,14,28,24,31,17,0,0,14,30,21,14
20213,A,골목상권,3111063,강동구립 천호도서관,368,182,186,0,25,44,81,85,133,0,5,15,21,30,111,0,20,29,60,55,22
20213,A,골목상권,3110009,자하문터널,930,456,474,0,207,326,226,121,50,0,91,162,105,63,35,0,116,164,121,58,15
20213,D,발달상권,3120003,광화문역,43873,26821,17052,79,6380,12841,13071,8035,3467,12,2643,7543,8935,5616,2072,67,3737,5298,4136,2419,1395
20213,A,골목상권,3110033,창신역 4번,166,89,77,0,26,42,35,40,23,0,6,22,17,25,19,0,20,20,18,15,4
20213,R,전통시장,3130021,신설종합시장,50,37,13,1,1,10,12,13,13,0,0,9,10,10,8,1,1,1,2,3,5
20213,A,골목상권,3110023,서울대병원,92,33,59,0,9,24,23,20,16,0,3,7,10,5,8,0,6,17,13,15,8
20213,D,발달상권,3120012,대학로(혜화역),2004,901,1103,7,350,585,490,309,263,2,103,201,243,166,186,5,247,384,247,143,77
20213,D,발달상권,3120009,종로3가역,8495,4786,3709,19,1355,2296,2026,1582,1217,8,563,1230,1198,953,834,11,792,1066,828,629,383
20213,R,전통시장,3130009,마전교지하쇼핑센터(구 한일상가),24,16,8,0,0,2,3,7,12,0,0,2,2,4,8,0,0,0,1,3,4
20213,A,골목상권,3110022,경신고등학교,506,385,121,11,133,157,117,54,34,10,99,119,89,42,26,1,34,38,28,12,8
20213,D,발달상권,3120034,중구청(퇴계로4가),1545,1050,495,7,108,228,400,440,362,5,48,129,262,327,279,2,60,99,138,113,83
20213,D,발달상권,3120022,북창동(시청역_6번),5197,3160,2037,24,1010,1611,1149,767,636,2,391,936,852,543,436,22,619,675,297,224,200
20213,D,발달상권,3120019,경찰청앞교차로,5958,3146,2812,26,1051,2221,1625,793,242,8,274,1044,982,619,219,18,777,1177,643,174,23
20213,R,전통시장,3130050,청평화시장,233,96,137,2,54,70,50,40,17,1,22,32,12,21,8,1,32,38,38,19,9
20213,R,전통시장,3130327,"평화시장(남평화시장, 제일평화시장, 신평화패션타운)",169,107,62,1,8,31,43,42,44,1,1,19,30,27,29,0,7,12,13,15,15
20213,A,골목상권,3110044,관성묘,405,300,105,0,50,135,145,51,24,0,24,90,125,44,17,0,26,45,20,7,7
20213,A,골목상권,3110074,서울역 12번,8149,1751,6398,152,5985,1340,330,181,161,9,598,652,233,134,125,143,5387,688,97,47,36
20213,A,골목상권,3110081,해방촌 남동측,231,122,109,0,45,63,54,42,27,0,14,35,27,23,23,0,31,28,27,19,4
20213,A,골목상권,3110084,경리단길북측,315,168,147,0,47,85,84,57,42,0,23,36,39,36,34,0,24,49,45,21,8
20213,A,골목상권,3110071,한강미주맨션아파트,315,191,124,0,42,85,69,57,62,0,21,46,40,42,42,0,21,39,29,15,20
20213,R,전통시장,3130061,이태원시장,32,20,12,0,18,3,4,6,1,0,12,1,3,3,1,0,6,2,1,3,0
20213,A,골목상권,3110590,만리재,97,50,47,0,19,23,23,25,7,0,6,12,11,16,5,0,13,11,12,9,2
20213,R,전통시장,3130057,만리시장,12,9,3,0,0,2,1,4,5,0,0,1,1,3,4,0,0,1,0,1,1
20213,A,골목상권,3110070,용산세무서,184,130,54,0,21,54,55,24,30,0,8,37,41,18,26,0,13,17,14,6,4
20213,A,골목상권,3110062,한강로동땡땡거리(은행나무길),1506,884,622,9,319,423,319,208,228,6,142,225,216,138,157,3,177,198,103,70,71
20213,A,골목상권,3110079,후암동주민센터,1084,584,500,4,223,262,267,196,132,3,73,156,156,105,91,1,150,106,111,91,41
20213,R,전통시장,3130069,"한양대앞상점가(한양시장, 왕십리맛골목)",32,19,13,0,6,6,4,8,8,0,4,4,0,5,6,0,2,2,4,3,2
20213,A,골목상권,3110101,옥정중학교,218,121,97,0,55,51,65,31,16,0,24,34,43,13,7,0,31,17,22,18,9
20213,A,골목상권,3110102,옥수역 6번,175,116,59,0,22,39,48,41,25,0,11,21,31,31,22,0,11,18,17,10,3
20213,R,전통시장,3130065,무학봉상점가,181,71,110,0,29,39,47,42,24,0,4,11,15,23,18,0,25,28,32,19,6
20213,A,골목상권,3110179,광나루역 1번,911,620,291,0,142,209,188,233,139,0,82,160,157,154,67,0,60,49,31,79,72
20213,A,골목상권,3110180,광진정보도서관,5440,3602,1838,17,1593,2056,1086,499,189,5,872,1464,782,331,148,12,721,592,304,168,41
20213,D,발달상권,3120058,구의사거리,688,333,355,2,92,158,174,181,81,1,33,79,80,77,63,1,59,79,94,104,18
20213,D,발달상권,3120060,강변역(테크노마트),3189,2348,841,12,402,686,870,703,516,2,209,509,686,549,393,10,193,177,184,154,123
20213,A,골목상권,3110159,구의역 4번,663,391,272,1,125,115,158,132,132,1,58,62,85,87,98,0,67,53,73,45,34
20213,R,전통시장,3130074,영동교골목시장,21,15,6,0,6,9,2,3,1,0,3,9,0,2,1,0,3,0,2,1,0
20213,A,골목상권,3110153,중곡1동주민센터,241,83,158,1,42,57,67,57,17,0,14,22,22,17,8,1,28,35,45,40,9
20213,A,골목상권,3110142,화양사거리,215,108,107,1,37,47,45,53,32,1,20,25,24,17,21,0,17,22,21,36,11
20213,A,골목상권,3110148,어린이대공원역 3번,17,12,5,0,3,3,6,5,0,0,0,2,5,5,0,0,3,1,1,0,0
20213,R,전통시장,3130096,동부시장,14,9,5,0,0,0,1,1,12,0,0,0,0,0,9,0,0,0,1,1,3
20213,A,골목상권,3110183,한국의류시험연구원,839,447,392,3,238,307,149,75,67,1,88,162,81,58,57,2,150,145,68,17,10
20213,R,전통시장,3130089,청량리수산시장,42,33,9,0,4,7,16,6,9,0,3,7,12,4,7,0,1,0,4,2,2
20213,R,전통시장,3130098,회기시장,55,17,38,0,9,14,15,12,5,0,2,3,4,6,2,0,7,11,11,6,3
20213,A,골목상권,3110228,장안근린공원,1992,1184,808,40,1381,313,92,101,65,24,788,223,60,54,35,16,593,90,32,47,30
20213,R,전통시장,3130104,전곡시장,93,54,39,0,8,17,28,26,14,0,5,8,16,13,12,0,3,9,12,13,2
20213,D,발달상권,3120063,청량리역(청량리),1209,528,681,3,226,225,249,252,254,2,66,88,96,117,159,1,160,137,153,135,95
20213,A,골목상권,3110210,서울시립대,341,253,88,1,9,19,24,34,254,1,4,12,10,21,205,0,5,7,14,13,49
20213,A,골목상권,3110197,세종대왕기념관교차로,67,46,21,0,8,19,26,9,5,0,4,15,19,7,1,0,4,4,7,2,4
20213,D,발달상권,3120064,경희대학교(경희대),97,44,53,0,14,27,21,13,22,0,9,13,10,4,8,0,5,14,11,9,14
20213,A,골목상권,3110243,중랑노인종합복지관,298,114,184,1,30,49,74,104,40,0,5,21,37,31,20,1,25,28,37,73,20
20213,A,골목상권,3110259,사가정역 1번,543,425,118,2,48,108,172,159,54,2,29,73,131,140,50,0,19,35,41,19,4
20213,A,골목상권,3110269,용마문화복지센터,169,98,71,0,19,53,52,28,17,0,13,32,30,19,4,0,6,21,22,9,13
20213,A,골목상권,3110252,장안제일시장,712,505,207,1,64,101,159,195,192,1,42,73,87,131,171,0,22,28,72,64,21
20213,R,전통시장,3130111,"동원전통종합시장(동원시장, 동원전통시장 상점가)",224,109,115,0,24,37,49,82,32,0,11,17,21,38,22,0,13,20,28,44,10
20213,A,골목상권,3110247,먹골역 1번,381,176,205,0,54,79,123,81,44,0,21,30,55,39,31,0,33,49,68,42,13
20213,A,골목상권,3110255,상봉역 4번,327,208,119,0,39,52,78,92,66,0,20,24,46,62,56,0,19,28,32,30,10
20213,A,골목상권,3110262,상봉역 3번,1530,878,652,2,221,447,542,268,50,0,119,337,281,107,34,2,102,110,261,161,16
20213,A,골목상권,3110271,신내역 1번,97,74,23,0,8,17,25,29,18,0,5,14,18,23,14,0,3,3,7,6,4
20213,A,골목상권,3110251,장안중학교,147,104,43,0,8,34,46,39,20,0,3,23,34,27,17,0,5,11,12,12,3
20213,A,골목상권,3110244,중화역 4번,250,175,75,1,8,26,49,44,122,1,4,11,32,30,97,0,4,15,17,14,25
20213,A,골목상권,3110296,성신여대입구역 4번,77,39,38,1,7,12,30,11,16,1,3,7,15,8,5,0,4,5,15,3,11
20213,A,골목상권,3110297,경동고등학교,654,311,343,0,74,123,156,164,137,0,31,65,74,79,62,0,43,58,82,85,75
20213,D,발달상권,3120071,성북구청,255,127,128,0,36,55,64,62,38,0,14,22,38,31,22,0,22,33,26,31,16
20213,A,골목상권,3110280,북정마을,73,38,35,0,7,10,22,23,11,0,3,3,9,15,8,0,4,7,13,8,3
20213,R,전통시장,3130122,밤나무골시장,17,5,12,0,2,4,6,4,1,0,1,1,2,1,0,0,1,3,4,3,1
20213,D,발달상권,3120075,월곡역,369,213,156,1,40,86,97,67,78,0,17,48,54,44,50,1,23,38,43,23,28
20213,R,전통시장,3130123,꿈의숲 장곡 골목형상점가,6,5,1,0,1,0,1,4,0,0,1,0,1,3,0,0,0,0,0,1,0
20213,A,골목상권,3110287,정릉3동주민센터,70,50,20,0,9,12,18,19,12,0,5,8,15,12,10,0,4,4,3,7,2
20213,A,골목상권,3110317,종암중학교,411,206,205,0,33,120,153,85,20,0,14,47,78,58,9,0,19,73,75,27,11
20213,D,발달상권,3120076,수유역,1930,865,1065,7,241,303,422,465,492,4,62,102,176,240,281,3,179,201,246,225,211
20213,R,전통시장,3130142,강북북부시장,7,5,2,0,1,1,0,2,3,0,0,1,0,2,2,0,1,0,0,0,1
20213,A,골목상권,3110375,서울북부고용노동지청,110,55,55,1,12,20,31,32,14,0,8,15,16,11,5,1,4,5,15,21,9
20213,R,전통시장,3130134,"솔샘시장(미아6,7동골목시장)",73,30,43,1,7,19,25,18,3,0,3,4,12,8,3,1,4,15,13,10,0
20213,A,골목상권,3110354,삼각산119안전센터,22,5,17,0,2,3,10,5,2,0,0,0,2,1,2,0,2,3,8,4,0
20213,A,골목상권,3110378,송중동주민센터,23,13,10,0,1,4,6,9,3,0,1,2,2,6,2,0,0,2,4,3,1
20213,R,전통시장,3130138,수유프라자,142,24,118,1,31,24,16,42,28,0,1,4,5,4,10,1,30,20,11,38,18
20213,R,전통시장,3130136,수유재래시장,32,13,19,0,6,5,8,6,7,0,2,1,0,3,7,0,4,4,8,3,0
20213,R,전통시장,3130133,우이골목시장(우이시장),69,61,8,0,7,7,19,20,16,0,6,6,17,17,15,0,1,1,2,3,1
20213,A,골목상권,3110350,가오리역 2번,148,77,71,0,11,27,37,49,24,0,5,11,18,26,17,0,6,16,19,23,7
20213,A,골목상권,3110410,방학역 2번,957,833,124,3,75,187,185,224,283,2,61,162,154,194,260,1,14,25,31,30,23
20213,A,골목상권,3110411,도봉역 3번,421,379,42,0,13,31,61,141,175,0,11,20,48,133,167,0,2,11,13,8,8
20213,A,골목상권,3110400,도봉구보건소,191,111,80,0,20,35,53,51,32,0,9,22,32,26,22,0,11,13,21,25,10
20213,R,전통시장,3130146,쌍문시장(쌍문역골목시장),263,124,139,0,29,33,54,80,67,0,10,12,28,32,42,0,19,21,26,48,25
20213,R,전통시장,3130147,쌍문역동측상점가,69,32,37,0,7,17,18,9,18,0,2,6,10,5,9,0,5,11,8,4,9
20213,A,골목상권,3110399,창2동주민센터,849,516,333,8,110,207,262,192,70,8,69,157,137,97,48,0,41,50,125,95,22
20213,R,전통시장,3130153,창동역상점가,229,138,91,0,18,48,54,56,53,0,7,31,30,31,39,0,11,17,24,25,14
20213,A,골목상권,3110409,창동역 2번,396,202,194,0,33,43,83,109,128,0,12,29,59,45,57,0,21,14,24,64,71
20213,D,발달상권,3120086,태릉입구역,382,205,177,0,42,78,82,102,78,0,24,43,35,49,54,0,18,35,47,53,24
20213,A,골목상권,3110434,태릉입구역 4번,121,62,59,0,13,11,24,35,38,0,3,2,12,22,23,0,10,9,12,13,15
20213,D,발달상권,3120081,노원역,1552,508,1044,9,369,295,343,307,229,2,66,87,125,121,107,7,303,208,218,186,122
20213,A,골목상권,3110426,상계2동주민센터,337,169,168,0,32,57,83,96,69,0,15,30,39,45,40,0,17,27,44,51,29
20213,A,골목상권,3110414,장석교회,66,51,15,0,7,16,15,20,8,0,5,13,11,17,5,0,2,3,4,3,3
20213,A,골목상권,3110465,연신내역 7번,240,119,121,3,38,52,57,54,36,2,12,29,25,25,26,1,26,23,32,29,10
20213,A,골목상권,3110490,녹번동근린공원,311,170,141,0,30,65,86,76,54,0,11,31,48,45,35,0,19,34,38,31,19
20213,A,골목상권,3110489,불광역 3번,35,25,10,0,3,7,10,10,5,0,3,4,7,6,5,0,0,3,3,4,0
20213,A,골목상권,3110479,연신내역 2번,318,181,137,1,50,84,68,69,46,0,28,71,35,32,15,1,22,13,33,37,31
20213,R,전통시장,3130165,"대림골목시장(대림시장, 양지시장)",214,34,180,0,20,45,56,62,31,0,1,7,5,11,10,0,19,38,51,51,21
20213,A,골목상권,3110492,하나고등학교,238,38,200,1,5,13,11,95,113,0,0,7,7,8,16,1,5,6,4,87,97
20213,A,골목상권,3110493,북가좌초등학교,892,830,62,0,2,19,27,80,764,0,0,12,22,68,728,0,2,7,5,12,36
20213,A,골목상권,3110514,서대문우체국,86,19,67,0,26,26,17,9,8,0,0,4,7,4,4,0,26,22,10,5,4
20213,A,골목상권,3110508,서연중학교,947,425,522,9,139,241,158,245,155,3,62,148,74,76,62,6,77,93,84,169,93
20213,A,골목상권,3110513,연희파출소,457,241,216,0,51,87,110,130,79,0,17,46,58,69,51,0,34,41,52,61,28
20213,A,골목상권,3110518,서대문구청,129,72,57,0,22,38,30,23,16,0,6,19,22,15,10,0,16,19,8,8,6
20213,A,골목상권,3110535,영천시장입구,488,333,155,2,36,65,112,164,109,2,19,35,78,130,69,0,17,30,34,34,40
20213,A,골목상권,3110538,충정로역 3번,284,178,106,0,12,42,56,66,108,0,5,27,35,42,69,0,7,15,21,24,39
20213,A,골목상권,3110525,홍은종합사회복지관,61,17,44,0,10,12,15,10,14,0,1,3,0,4,9,0,9,9,15,6,5
20213,A,골목상권,3110515,홍은중학교,396,312,84,1,45,118,119,68,45,1,33,93,94,52,39,0,12,25,25,16,6
20213,A,골목상권,3110583,공덕래미안3차아파트,12,7,5,0,2,3,1,1,5,0,1,2,1,0,3,0,1,1,0,1,2
20213,A,골목상권,3110562,연트럴파크(연남동주민센터),426,237,189,1,73,118,96,94,44,1,29,76,55,44,32,0,44,42,41,50,12
20213,R,전통시장,3130192,동진시장,10,6,4,0,1,1,4,3,1,0,1,1,1,2,1,0,0,0,3,1,0
20213,R,전통시장,3130194,용강동 상점가,875,502,373,0,103,131,179,170,292,0,39,75,104,114,170,0,64,56,75,56,122
20213,A,골목상권,3110577,용강동주민센터,145,105,40,0,15,42,47,31,10,0,12,31,38,17,7,0,3,11,9,14,3
20213,A,골목상권,3110559,성산중학교,757,474,283,4,102,187,203,167,94,3,54,102,127,118,70,1,48,85,76,49,24
20213,R,전통시장,3130203,서서울 골목형상점가,34,7,27,0,2,7,10,12,3,0,0,0,2,4,1,0,2,7,8,8,2
20213,R,전통시장,3130204,경창시장,102,51,51,0,5,12,29,27,29,0,2,5,13,16,15,0,3,7,16,11,14
20213,A,골목상권,3110593,신월3동주민센터,304,157,147,0,38,65,76,87,38,0,12,32,45,44,24,0,26,33,31,43,14
20213,A,골목상권,3110605,목동센트럴아이파크앞,155,89,66,0,15,22,26,47,45,0,5,15,11,27,31,0,10,7,15,20,14
20213,A,골목상권,3110634,송정역 3번,664,434,230,0,64,143,178,145,134,0,33,90,116,101,94,0,31,53,62,44,40
20213,D,발달상권,3120116,송정역,117,64,53,0,17,27,28,20,25,0,9,11,15,10,19,0,8,16,13,10,6
20213,A,골목상권,3110637,송정역 2번,560,358,202,4,67,121,116,154,98,0,34,74,81,100,69,4,33,47,35,54,29
20213,A,골목상권,3110644,신광명마을,336,288,48,1,26,28,58,105,118,1,8,17,51,97,114,0,18,11,7,8,4
20213,A,골목상권,3110673,뜸부기어린이공원,253,143,110,0,37,52,62,64,38,0,21,29,31,34,28,0,16,23,31,30,10
20213,A,골목상권,3110717,남구로역 2번,570,271,299,0,108,155,142,104,61,0,49,84,75,34,29,0,59,71,67,70,32
20213,R,전통시장,3130225,개봉중앙시장,147,59,88,0,15,21,39,44,28,0,3,4,19,22,11,0,12,17,20,22,17
20213,A,골목상권,3110704,고척중학교,62,36,26,0,12,23,10,12,5,0,7,12,3,11,3,0,5,11,7,1,2
20213,A,골목상권,3110711,구로초등학교,815,329,486,4,62,122,165,287,175,2,26,70,81,74,76,2,36,52,84,213,99
20213,A,골목상권,3110719,영서중학교,19,15,4,0,0,4,2,3,10,0,0,2,2,3,8,0,0,2,0,0,2
20213,D,발달상권,3120127,구로구청,5871,3858,2013,6,600,1211,1435,1436,1183,5,362,967,1048,802,674,1,238,244,387,634,509
20213,A,골목상권,3110681,온수역 1번,94,70,24,0,6,30,30,17,11,0,5,22,21,12,10,0,1,8,9,5,1
20213,A,골목상권,3110686,수궁동주민센터,406,211,195,0,34,67,104,115,86,0,16,31,64,55,45,0,18,36,40,60,41
20213,A,골목상권,3110724,금천구립가산도서관,364,254,110,1,42,76,120,89,36,1,33,60,90,45,25,0,9,16,30,44,11
20213,A,골목상권,3110737,금천세무서,502,323,179,8,77,85,96,116,120,0,28,49,51,91,104,8,49,36,45,25,16
20213,A,골목상권,3110751,난곡중학교,733,399,334,2,48,217,242,177,47,2,21,117,128,91,40,0,27,100,114,86,7
20213,R,전통시장,3130238,은행나무시장,113,71,42,0,22,24,31,22,14,0,13,16,22,14,6,0,9,8,9,8,8
20213,A,골목상권,3110770,영등포구청역 6번,263,191,72,1,45,49,77,45,46,1,24,41,54,28,43,0,21,8,23,17,3
20213,A,골목상권,3110774,당산반도유보라팰리스아파트,472,355,117,0,59,119,131,96,67,0,34,81,109,80,51,0,25,38,22,16,16
20213,A,골목상권,3110784,신대림초등학교,76,42,34,0,3,11,18,36,8,0,0,7,12,18,5,0,3,4,6,18,3
20213,D,발달상권,3120142,대림역,1551,846,705,2,234,279,348,384,304,0,69,143,190,230,214,2,165,136,158,154,90
20213,A,골목상권,3110790,대림1동주민센터,741,337,404,1,74,163,282,161,60,1,46,71,89,77,53,0,28,92,193,84,7
20213,A,골목상권,3110767,도림동주민센터,11,0,11,0,4,3,3,1,0,0,0,0,0,0,0,0,4,3,3,1,0
20213,R,전통시장,3130243,도림시장,7,5,2,0,0,1,4,0,2,0,0,1,3,0,1,0,0,0,1,0,1
20213,A,골목상권,3110816,대방역 6번,517,401,116,1,72,136,153,67,88,1,49,108,114,49,80,0,23,28,39,18,8
20213,A,골목상권,3110795,도림초등학교,533,356,177,0,20,49,80,128,256,0,8,36,48,74,190,0,12,13,32,54,66
20213,A,골목상권,3110805,신길새마을금고신길4동지점,45,27,18,0,6,12,12,8,7,0,2,7,6,5,7,0,4,5,6,3,0
20213,A,골목상권,3110797,KT대방빌딩,47,8,39,1,6,8,12,10,10,0,0,0,1,2,5,1,6,8,11,8,5
20213,D,발달상권,3120147,보라매역,1947,1238,709,5,286,452,370,367,467,2,93,310,249,264,320,3,193,142,121,103,147
20213,A,골목상권,3110760,선유도역 6번,1792,1091,701,8,273,444,499,376,192,6,170,256,275,219,165,2,103,188,224,157,27
20213,D,발달상권,3120149,여의도역(여의도),69255,45888,23367,184,11383,22550,19240,12096,3802,34,5884,14085,14147,9350,2388,150,5499,8465,5093,2746,1414
20213,D,발달상권,3120148,국회의사당역(국회의사당),31135,19451,11684,82,6815,10231,7641,4493,1873,27,3082,6187,5424,3397,1334,55,3733,4044,2217,1096,539
20213,R,전통시장,3130248,영등포역지하도상점가,69,35,34,0,9,26,17,14,3,0,6,13,9,4,3,0,3,13,8,10,0
20213,A,골목상권,3110829,장승배기역 5번,534,416,118,0,195,137,78,52,72,0,177,106,49,39,45,0,18,31,29,13,27
20213,A,골목상권,3110848,양지어린이공원,486,307,179,0,36,68,152,132,98,0,6,39,85,93,84,0,30,29,67,39,14
20213,R,전통시장,3130271,남성역골목시장,467,268,199,1,36,33,39,47,311,1,12,20,22,16,197,0,24,13,17,31,114
20213,A,골목상권,3110837,숭실대입구역 1번,360,184,176,1,39,72,80,79,89,0,19,29,39,32,65,1,20,43,41,47,24
20213,R,전통시장,3130262,상도도깨비 골목형상점가,21,13,8,0,0,4,10,4,3,0,0,4,6,1,2,0,0,0,4,3,1
20213,A,골목상권,3110825,신대방삼거리역 1번,319,207,112,0,33,63,96,72,55,0,23,41,58,47,38,0,10,22,38,25,17
20213,R,전통시장,3130261,성대전통시장(성대시장),211,104,107,0,15,47,61,61,27,0,4,26,33,23,18,0,11,21,28,38,9
20213,R,전통시장,3130264,상도약수골목형상점가,65,35,30,1,14,8,15,20,7,0,4,3,9,12,7,1,10,5,6,8,0
20213,A,골목상권,3110823,신대방삼거리역 3번,472,242,230,0,30,45,83,121,193,0,17,26,40,42,117,0,13,19,43,79,76
20213,A,골목상권,3110844,흑석2치안센터,11,7,4,0,2,2,4,0,3,0,1,2,2,0,2,0,1,0,2,0,1
20213,R,전통시장,3130282,난곡 골목형상점가,20,8,12,0,4,2,10,4,0,0,2,1,4,1,0,0,2,1,6,3,0
20213,A,골목상권,3110865,남강고등학교(남강중학교),270,116,154,4,57,53,59,61,36,2,10,23,23,31,27,2,47,30,36,30,9
20213,A,골목상권,3110902,사당역 4번,1184,729,455,1,189,266,295,248,185,0,82,168,204,156,119,1,107,98,91,92,66
20213,A,골목상권,3110887,서울산업정보학교(서울삼성초등학교),12,5,7,0,1,3,4,4,0,0,0,0,1,4,0,0,1,3,3,0,0
20213,A,골목상권,3110860,호림박물관(성보고등학교),410,314,96,1,57,102,66,110,74,1,44,84,47,78,60,0,13,18,19,32,14
20213,A,골목상권,3110883,은천초등학교(은천교앞),208,124,84,2,21,43,70,48,24,1,12,25,42,28,16,1,9,18,28,20,8
20213,R,전통시장,3130288,신림현대종합상가,2,0,2,0,1,1,0,0,0,0,0,0,0,0,0,0,1,1,0,0,0
20213,A,골목상권,3110894,관악동부센트레빌아파트(은천로35라길),20,8,12,0,2,4,3,6,5,0,0,2,1,2,3,0,2,2,2,4,2
20213,A,골목상권,3110869,"신림역 5번(신림동주민센터, 신림동별빛거리)",1026,681,345,1,79,136,248,233,329,1,36,73,143,155,273,0,43,63,105,78,56
20213,A,골목상권,3110877,신림역 8번,319,154,165,2,23,63,86,80,65,0,10,30,36,39,39,2,13,33,50,41,26
20213,R,전통시장,3130289,봉일시장,36,20,16,1,1,2,5,14,13,0,0,1,5,3,11,1,1,1,0,11,2
20213,A,골목상권,3110853,KT구로지사,217,130,87,0,21,49,65,51,31,0,9,27,44,28,22,0,12,22,21,23,9
20213,A,골목상권,3110897,서울대입구역 8번,219,139,80,0,16,45,69,64,25,0,7,24,40,44,24,0,9,21,29,20,1
20213,D,발달상권,3120167,고속터미널(고속터미널역),6925,4543,2382,24,790,1577,1689,1525,1320,10,416,1110,1328,1046,633,14,374,467,361,479,687
20213,A,골목상권,3110924,반포4동주민센터(몽마르뜨공원),1071,732,339,5,171,236,323,252,84,1,78,150,243,200,60,4,93,86,80,52,24
20213,A,골목상권,3110922,내방역 1번,219,112,107,1,42,47,47,42,40,0,13,23,27,23,26,1,29,24,20,19,14
20213,A,골목상권,3110909,남태령역(서울전자고등학교),132,97,35,1,11,29,23,34,34,1,4,19,16,29,28,0,7,10,7,5,6
20213,D,발달상권,3120163,사당역 11번(사당역먹자골목),491,290,201,0,55,119,99,86,132,0,28,73,57,50,82,0,27,46,42,36,50
20213,A,골목상권,3110929,남부터미널역 1번,21130,10703,10427,21,4446,4558,3912,7143,1050,4,1209,1890,1718,5123,759,17,3237,2668,2194,2020,291
20213,D,발달상권,3120168,서울고교교차로,794,492,302,1,124,237,200,130,102,0,48,130,143,98,73,1,76,107,57,32,29
20213,R,전통시장,3130301,양재시장,89,47,42,0,24,20,24,9,12,0,7,13,15,4,8,0,17,7,9,5,4
20213,A,골목상권,3110946,청계산원터골,41,21,20,0,2,4,8,13,14,0,2,2,6,3,8,0,0,2,2,10,6
20213,A,골목상권,3110980,개포지구대옆,663,482,181,0,90,198,202,111,62,0,45,142,168,72,55,0,45,56,34,39,7
20213,D,발달상권,3120207,선정릉역,11920,7343,4577,32,2669,4154,2699,1509,857,16,1106,2428,1922,1135,736,16,1563,1726,777,374,121
20213,D,발달상권,3120218,코엑스,290,54,236,0,116,103,58,13,0,0,13,16,16,9,0,0,103,87,42,4,0
20213,D,발달상권,3120186,가로수길,6518,3580,2938,19,1316,2133,1570,895,585,5,447,1174,950,573,431,14,869,959,620,322,154
20213,A,골목상권,3110951,신사은행나무공원,267,70,197,0,35,83,95,47,7,0,6,24,26,12,2,0,29,59,69,35,5
20213,R,전통시장,3130306,강남언주로,235,151,84,2,48,48,63,45,29,2,27,34,47,23,18,0,21,14,16,22,11
20213,D,발달상권,3120208,청담사거리(청담동명품거리),11437,5280,6157,43,3488,4035,2275,1044,552,17,1116,1816,1308,628,395,26,2372,2219,967,416,157
20213,D,발달상권,3120214,영동대교남단교차로,3984,2897,1087,7,489,1172,1107,929,280,3,271,811,865,753,194,4,218,361,242,176,86
20213,A,골목상권,3111024,경찰병원역 4번(건너말공원),240,150,90,0,27,53,63,68,29,0,16,33,45,35,21,0,11,20,18,33,8
20213,A,골목상권,3111046,마천역(마천초등학교),708,400,308,1,76,146,171,195,119,0,46,85,84,95,90,1,30,61,87,100,29
20213,A,골목상권,3111044,남천초등학교,557,264,293,1,95,146,167,113,35,0,35,71,76,56,26,1,60,75,91,57,9
20213,A,골목상권,3111019,한성백제역 3번,1458,963,495,2,199,428,415,246,168,2,101,294,294,157,115,0,98,134,121,89,53
20213,A,골목상권,3111007,석촌고분역 4번,936,480,456,0,107,215,255,242,117,0,43,116,142,109,70,0,64,99,113,133,47
20213,A,골목상권,3111004,삼전역 1번,2036,1331,705,13,263,407,504,376,473,0,108,261,337,239,386,13,155,146,167,137,87
20213,A,골목상권,3111033,문정동성당,70,30,40,0,5,4,16,16,29,0,2,3,8,9,8,0,3,1,8,7,21
20213,A,골목상권,3111018,풍납초등학교(풍납백제문화공원),26,23,3,0,1,5,10,6,4,0,1,4,8,6,4,0,0,1,2,0,0
20213,A,골목상권,3111078,굽은다리역 4번,1753,1022,731,1,135,300,379,488,450,1,75,186,215,270,275,0,60,114,164,218,175
20213,A,골목상권,3111082,중앙보훈병원,64,44,20,0,3,9,11,23,18,0,1,3,5,18,17,0,2,6,6,5,1
20213,A,골목상권,3111086,한영중고,297,202,95,1,27,45,73,101,50,1,17,22,52,69,41,0,10,23,21,32,9
20213,A,골목상권,3111051,천호역 6번,394,242,152,2,65,77,85,88,77,1,44,54,54,47,42,1,21,23,31,41,35
20213,A,골목상권,3111064,둔촌동역 4번,157,98,59,0,13,34,47,40,23,0,3,21,30,28,16,0,10,13,17,12,7
20213,A,골목상권,3111070,천호초등학교,121,70,51,1,7,20,39,27,27,0,3,9,23,16,19,1,4,11,16,11,8
20213,A,골목상권,3111057,천호공원(해공체육문화센터),254,112,142,2,53,50,64,60,25,2,15,19,30,32,14,0,38,31,34,28,11
20214,A,골목상권,3110713,구로보건소,2668,1817,851,5,474,650,706,533,300,3,323,472,514,332,173,2,151,178,192,201,127
20214,A,골목상권,3110718,한국SGI본부,1614,1061,553,3,308,462,397,336,108,3,167,313,292,220,66,0,141,149,105,116,42
20214,A,골목상권,3110707,구로창업지원센터,1045,760,285,4,141,266,246,253,135,3,78,195,185,186,113,1,63,71,61,67,22
20214,D,발달상권,3120123,오류동역,2120,1645,475,1,313,413,505,594,294,0,276,331,389,425,224,1,37,82,116,169,70
20214,A,골목상권,3110726,금천철쭉어린이공원(금하마을),222,172,50,0,19,25,41,62,75,0,17,16,22,45,72,0,2,9,19,17,3
20214,A,골목상권,3110727,독산역 1번 출입구,659,514,145,4,72,152,169,191,71,4,48,118,128,165,51,0,24,34,41,26,20
20214,A,골목상권,3110738,문성초등학교,249,125,124,0,17,27,65,90,50,0,12,14,34,40,25,0,5,13,31,50,25
20214,A,골목상권,3110744,독산동성당,486,292,194,0,31,86,125,152,92,0,22,53,69,89,59,0,9,33,56,63,33
20214,R,전통시장,3130232,독산동 맛나는거리상점가(독산동 맛나는거리),33,24,9,0,3,12,5,10,3,0,2,9,4,6,3,0,1,3,1,4,0
20214,D,발달상권,3120133,서울시흥동우체국(홈플러스시흥점),154,66,88,1,16,23,31,43,40,1,7,11,15,12,20,0,9,12,16,31,20
20214,A,골목상권,3110734,금천파출소,92,47,45,0,7,11,21,29,24,0,3,5,14,13,12,0,4,6,7,16,12
20214,R,전통시장,3130236,비단길현대시장(현대시장),139,42,97,0,13,23,49,40,14,0,4,3,12,17,6,0,9,20,37,23,8
20214,A,골목상권,3110747,석수역 1번 출입구,813,612,201,0,46,81,166,224,296,0,27,52,102,165,266,0,19,29,64,59,30
20214,A,골목상권,3110754,삼성산자연공원(서울금천초등학교),202,76,126,1,21,41,48,41,50,0,6,18,29,10,13,1,15,23,19,31,37
20214,D,발달상권,3120138,당산2동(영등포우체국),2754,1653,1101,23,745,579,479,488,440,15,395,347,312,309,275,8,350,232,167,179,165
20214,A,골목상권,3110781,대림한신아파트,182,112,70,0,23,29,51,38,41,0,8,16,34,23,31,0,15,13,17,15,10
20214,A,골목상권,3110776,도신초등학교,168,106,62,0,12,20,48,63,25,0,11,10,35,34,16,0,1,10,13,29,9
20214,A,골목상권,3110792,영등포역 2번,3343,1737,1606,28,554,856,830,851,224,11,223,385,459,526,133,17,331,471,371,325,91
20214,D,발달상권,3120137,문래역(문래로데오거리),50,21,29,2,11,8,13,12,4,0,4,1,7,7,2,2,7,7,6,5,2
20214,A,골목상권,3110812,신길6동주민센터,363,245,118,0,69,115,106,50,23,0,34,78,85,29,19,0,35,37,21,21,4
20214,A,골목상권,3110798,신풍역 2번,53,20,33,0,2,13,14,13,11,0,0,3,3,6,8,0,2,10,11,7,3
20214,A,골목상권,3110811,보라매역 4번,187,94,93,0,22,41,49,52,23,0,8,22,18,27,19,0,14,19,31,25,4
20214,A,골목상권,3110756,문래중학교,275,179,96,0,48,79,78,35,35,0,21,58,52,21,27,0,27,21,26,14,8
20214,R,전통시장,3130257,영등포시장기계공구상가,158,116,42,0,11,26,33,47,41,0,7,16,22,37,34,0,4,10,11,10,7
20214,A,골목상권,3110800,영등포동성당,227,153,74,0,26,34,61,66,40,0,13,22,37,46,35,0,13,12,24,20,5
20214,A,골목상권,3110806,서울시립영등포장애인복지관,76,42,34,0,18,30,13,13,2,0,5,16,9,11,1,0,13,14,4,2,1
20214,A,골목상권,3110820,성남고등학교,3101,2470,631,1,651,742,555,991,161,0,438,581,448,879,124,1,213,161,107,112,37
20214,D,발달상권,3120156,"총신대입구역(이수, 총신대)",3366,1461,1905,14,640,802,748,644,518,7,213,337,380,258,266,7,427,465,368,386,252
20214,A,골목상권,3110839,숭실대입구역 4번,187,67,120,0,10,51,57,46,23,0,2,14,22,11,18,0,8,37,35,35,5
20214,A,골목상권,3110833,상도역 2번,255,163,92,2,20,61,74,74,24,0,17,49,47,34,16,2,3,12,27,40,8
20214,A,골목상권,3110819,신대방역 4번,456,226,230,0,62,93,114,73,114,0,14,33,50,48,81,0,48,60,64,25,33
20214,A,골목상권,3110876,서원동주민센터(신관중학교),49,29,20,0,5,9,16,9,10,0,2,4,10,4,9,0,3,5,6,5,1
20214,R,전통시장,3130284,관악종합시장(신원시장),17,10,7,0,0,1,3,10,3,0,0,1,1,6,2,0,0,0,2,4,1
20214,A,골목상권,3110889,봉천역 6번,376,317,59,0,29,36,69,136,106,0,18,20,47,130,102,0,11,16,22,6,4
20214,A,골목상권,3110901,인헌고등학교(인헌중학교),245,143,102,3,39,58,73,51,21,3,21,35,38,30,16,0,18,23,35,21,5
20214,R,전통시장,3130275,강남골목시장,164,121,43,0,17,38,46,34,29,0,15,32,30,23,21,0,2,6,16,11,8
20214,D,발달상권,3120185,논현역,12723,7377,5346,29,2723,4108,3218,1875,770,10,1037,2421,2225,1194,490,19,1686,1687,993,681,280
20214,A,골목상권,3110908,구반포역,1517,376,1141,0,66,110,396,804,141,0,42,53,71,141,69,0,24,57,325,663,72
20214,A,골목상권,3110916,내방역 4번,1152,592,560,9,216,272,301,208,146,6,58,167,187,91,83,3,158,105,114,117,63
20214,A,골목상권,3110914,내방역 6번,146,116,30,0,26,31,37,26,26,0,17,26,26,24,23,0,9,5,11,2,3
20214,A,골목상권,3110919,내방역 8번,1289,936,353,3,122,279,365,332,188,1,51,165,297,279,143,2,71,114,68,53,45
20214,D,발달상권,3120179,양재역,20226,15999,4227,55,2836,6941,4949,3795,1650,32,1949,5811,4124,2895,1188,23,887,1130,825,900,462
20214,A,골목상권,3110981,국악고교사거리,361,216,145,2,57,77,110,81,34,0,27,36,72,56,25,2,30,41,38,25,9
20214,D,발달상권,3120191,학동역,13888,8123,5765,40,2898,3769,2969,1869,2343,17,1128,2152,2012,1134,1680,23,1770,1617,957,735,663
20214,A,골목상권,3110952,논현목련공원,117,65,52,0,21,23,27,22,24,0,9,13,13,14,16,0,12,10,14,8,8
20214,A,골목상권,3110953,학동근린공원,2487,1583,904,15,679,891,571,218,113,0,336,572,409,180,86,15,343,319,162,38,27
20214,A,골목상권,3110968,강남구청역 2번,1023,596,427,7,327,204,133,121,231,4,177,117,81,68,149,3,150,87,52,53,82
20214,D,발달상권,3120203,강남구청역,7726,4602,3124,27,1589,2070,1890,1381,769,8,650,1218,1293,882,551,19,939,852,597,499,218
20214,A,골목상권,3110966,논현2동주민센터,1634,1016,618,18,470,498,299,216,133,7,256,298,200,146,109,11,214,200,99,70,24
20214,A,골목상권,3110996,대치2동주민센터,1940,1218,722,2,81,274,345,337,901,0,47,206,276,245,444,2,34,68,69,92,457
20214,A,골목상권,3110982,강남구보훈회관,166,74,92,0,31,34,41,41,19,0,7,13,25,14,15,0,24,21,16,27,4
20214,A,골목상권,3111002,한국교통안전공단 강남자동차검사소,317,115,202,0,22,63,65,96,71,0,7,31,21,26,30,0,15,32,44,70,41
20214,A,골목상권,3110973,강남구청역 4번,1448,784,664,4,275,332,289,269,279,1,146,203,162,128,144,3,129,129,127,141,135
20214,A,골목상권,3110987,영동대교남단,410,201,209,1,80,64,74,101,90,1,40,36,31,40,53,0,40,28,43,61,37
20214,A,골목상권,3111022,석촌중학교(방이육교),686,344,342,1,59,145,176,222,83,0,37,95,98,70,44,1,22,50,78,152,39
20214,A,골목상권,3111041,거여역 8번,411,336,75,1,102,118,81,62,47,1,84,93,67,50,41,0,18,25,14,12,6
20214,D,발달상권,3120236,장지역(가든파이브),4622,3221,1401,15,678,1056,1076,989,808,10,373,711,778,710,639,5,305,345,298,279,169
20214,A,골목상권,3111014,송파나루역 2번,521,273,248,1,42,75,119,190,94,0,21,42,67,83,60,1,21,33,52,107,34
20214,A,골목상권,3111031,장지동주민센터(한림연예예술고교),3127,2317,810,8,263,415,651,857,933,2,170,330,497,648,670,6,93,85,154,209,263
20214,R,전통시장,3130314,풍납시장,203,100,103,1,24,42,50,61,25,1,15,27,22,19,16,0,9,15,28,42,9
20214,D,발달상권,3120242,강동구청역,4533,2940,1593,33,536,1064,1057,894,949,13,287,678,696,560,706,20,249,386,361,334,243
20214,A,골목상권,3111084,길동신동아아파트,169,104,65,2,27,32,37,58,13,2,21,23,24,25,9,0,6,9,13,33,4
20214,A,골목상권,3111073,둔촌동역 1번(한산중학교),973,578,395,1,134,224,250,206,158,1,58,122,160,124,113,0,76,102,90,82,45
20214,D,발달상권,3120248,명일역,859,331,528,4,114,141,223,203,174,2,41,59,84,68,77,2,73,82,139,135,97
20214,D,발달상권,3120249,고덕역,1359,916,443,3,172,305,337,317,225,1,75,198,249,221,172,2,97,107,88,96,53
20214,R,전통시장,3130319,성내전통시장,47,31,16,0,3,8,14,10,12,0,3,4,9,7,8,0,0,4,5,3,4
20214,A,골목상권,3111072,굽은다리역 1번(십자성마을),747,473,274,1,59,119,201,187,180,0,20,70,116,127,140,1,39,49,85,60,40
20214,R,전통시장,3130322,고분다리전통시장,7,4,3,0,0,0,2,4,1,0,0,0,1,2,1,0,0,0,1,2,0
20214,A,골목상권,3110017,정독도서관,650,322,328,0,133,273,152,58,34,0,26,130,93,43,30,0,107,143,59,15,4
20214,D,발달상권,3120001,서대문역,1510,1022,488,1,265,530,359,278,77,1,106,344,272,237,62,0,159,186,87,41,15
20214,A,골목상권,3110004,대신고등학교,32,14,18,0,3,4,8,14,3,0,1,0,3,8,2,0,2,4,5,6,1
20214,A,골목상권,3110002,독립문역 1번,475,121,354,1,146,140,118,44,26,1,25,25,41,14,15,0,121,115,77,30,11
20214,D,발달상권,3120062,신설동역,12648,5435,7213,13,1214,2604,3451,3483,1883,2,444,1433,1624,1125,807,11,770,1171,1827,2358,1076
20214,A,골목상권,3110025,충신시장옆,213,129,84,2,17,46,63,56,29,0,6,23,43,33,24,2,11,23,20,23,5
20214,D,발달상권,3120011,종로4가,2984,1666,1318,5,420,1022,880,515,142,0,165,497,518,378,108,5,255,525,362,137,34
20214,D,발달상권,3120008,인사동,22070,13019,9051,1263,7895,5069,3940,2756,1147,589,4005,3077,2666,2006,676,674,3890,1992,1274,750,471
20214,R,전통시장,3130012,"동대문종합시장(동대문종합시장 신관, 동대문종합시장D동상가)",1319,965,354,2,156,325,348,339,149,0,116,251,238,247,113,2,40,74,110,92,36
20214,A,골목상권,3110026,종로5가역 4번,190,120,70,0,22,41,73,27,27,0,9,28,47,14,22,0,13,13,26,13,5
20214,R,전통시장,3130014,동문시장,17,8,9,0,0,6,4,4,3,0,0,2,1,3,2,0,0,4,3,1,1
20214,R,전통시장,3130015,창신골목시장,22,12,10,0,0,2,8,9,3,0,0,2,6,2,2,0,0,0,2,7,1
20214,A,골목상권,3110031,창신역 1번,72,57,15,0,11,17,12,21,11,0,8,11,11,17,10,0,3,6,1,4,1
20214,A,골목상권,3110016,평창동동측,2303,1051,1252,9,318,614,663,433,266,4,126,304,354,163,100,5,192,310,309,270,166
20214,A,골목상권,3110020,서울국제고등학교,593,291,302,1,141,279,101,49,22,1,41,139,70,26,14,0,100,140,31,23,8
20214,A,골목상권,3110048,장충동주민센터,5315,2706,2609,21,867,1339,1513,1367,208,5,338,768,756,707,132,16,529,571,757,660,76
20214,A,골목상권,3110046,버티고개,104,74,30,0,6,23,40,28,7,0,3,17,28,20,6,0,3,6,12,8,1
20214,A,골목상권,3110047,다산성곽길,160,89,71,0,36,43,36,27,18,0,23,29,21,7,9,0,13,14,15,20,9
20214,R,전통시장,3130051,동화동 골목형상점가,391,156,235,1,82,94,98,66,50,1,18,25,43,36,33,0,64,69,55,30,17
20214,R,전통시장,3130053,백학시장,160,69,91,0,22,24,46,37,31,0,8,8,20,15,18,0,14,16,26,22,13
20214,A,골목상권,3110110,상왕십리역 6번,87,54,33,1,12,16,24,18,16,1,7,11,13,10,12,0,5,5,11,8,4
20214,R,전통시장,3130042,약수시장,158,67,91,2,36,30,40,21,29,2,9,9,19,8,20,0,27,21,21,13,9
20214,A,골목상권,3110591,충정로역 6번,87,48,39,0,15,19,21,28,4,0,9,9,11,16,3,0,6,10,10,12,1
20214,R,전통시장,3130062,보광시장,39,16,23,0,1,7,11,15,5,0,0,3,4,6,3,0,1,4,7,9,2
20214,A,골목상권,3110086,이태원역 북측,9244,3609,5635,12,3187,3891,1654,428,72,3,733,1558,905,355,55,9,2454,2333,749,73,17
20214,A,골목상권,3110085,경리단길남측,532,260,272,4,98,163,148,67,52,2,40,59,78,41,40,2,58,104,70,26,12
20214,A,골목상권,3110066,서울역 15번,748,467,281,6,152,227,156,125,82,3,81,151,104,66,62,3,71,76,52,59,20
20214,A,골목상권,3110105,금동어린이공원,38,17,21,0,1,7,11,10,9,0,0,2,3,6,6,0,1,5,8,4,3
20214,A,골목상권,3110116,청계천박물관,4825,3644,1181,29,323,769,1077,1762,865,26,206,565,875,1315,657,3,117,204,202,447,208
20214,A,골목상권,3110128,성원중학교,911,573,338,1,98,165,255,266,126,1,53,94,157,170,98,0,45,71,98,96,28
20214,A,골목상권,3110120,서울숲카페거리,79,49,30,0,8,12,35,18,6,0,3,8,23,10,5,0,5,4,12,8,1
20214,A,골목상권,3110124,뚝섬역교차로,1253,1006,247,7,170,155,222,312,387,6,94,111,169,268,358,1,76,44,53,44,29
20214,A,골목상권,3110129,성원어린이공원,640,405,235,1,65,118,131,180,145,0,35,70,86,107,107,1,30,48,45,73,38
20214,A,골목상권,3110132,성수2가3동주민센터,786,521,265,0,97,182,220,197,90,0,67,133,145,108,68,0,30,49,75,89,22
20214,A,골목상권,3110111,대현산장미원,51,40,11,0,6,7,6,17,15,0,6,4,4,13,13,0,0,3,2,4,2
20214,A,골목상권,3110166,구의1동주민센터,552,292,260,1,70,121,177,115,68,1,20,59,99,60,53,0,50,62,78,55,15
20214,A,골목상권,3110160,광진경찰서,819,680,139,0,149,322,180,157,11,0,110,261,150,149,10,0,39,61,30,8,1
20214,D,발달상권,3120054,어린이대공원역,1196,805,391,0,61,141,304,441,249,0,17,79,201,322,186,0,44,62,103,119,63
20214,D,발달상권,3120055,군자역,4255,2030,2225,33,1138,780,911,991,402,23,548,430,436,330,263,10,590,350,475,661,139
20214,A,골목상권,3110164,아차산역 5번,731,494,237,3,111,126,143,164,184,0,61,77,101,112,143,3,50,49,42,52,41
20214,R,전통시장,3130076,능동로골목시장,93,70,23,0,2,11,16,17,47,0,1,4,14,11,40,0,1,7,2,6,7
20214,A,골목상권,3110158,중곡3동주민센터,715,518,197,1,113,210,184,138,69,0,73,168,123,104,50,1,40,42,61,34,19
20214,R,전통시장,3130100,답십리시장,93,40,53,2,19,25,23,11,13,2,4,9,11,6,8,0,15,16,12,5,5
20214,A,골목상권,3110227,답십리공원,229,93,136,0,16,30,77,84,22,0,13,16,27,23,14,0,3,14,50,61,8
20214,A,골목상권,3110181,신설동역 9번,1864,1212,652,12,209,232,286,440,685,12,150,162,188,282,418,0,59,70,98,158,267
20214,A,골목상권,3110192,동의보감타워,70,45,25,0,7,10,25,16,12,0,2,6,17,10,10,0,5,4,8,6,2
20214,R,전통시장,3130085,용두시장,4,2,2,0,0,0,1,2,1,0,0,0,0,1,1,0,0,0,1,1,0
20214,A,골목상권,3110182,용두희망어린이공원,370,249,121,0,38,71,108,87,66,0,20,47,67,64,51,0,18,24,41,23,15
20214,A,골목상권,3110223,군자초등학교,94,56,38,0,13,17,26,24,14,0,4,10,17,15,10,0,9,7,9,9,4
20214,A,골목상권,3110191,고려대역 6번,48,41,7,0,1,12,14,9,12,0,1,10,11,8,11,0,0,2,3,1,1
20214,A,골목상권,3110193,고려대역 4번,48,37,11,0,5,11,11,10,11,0,3,5,10,10,9,0,2,6,1,0,2
20214,A,골목상권,3110208,시조사삼거리,75,56,19,0,2,14,7,17,35,0,1,7,2,11,35,0,1,7,5,6,0
20214,R,전통시장,3130103,이경시장,16,8,8,0,0,1,2,2,11,0,0,1,1,1,5,0,0,0,1,1,6
20214,A,골목상권,3110270,혜원여고,168,148,20,0,4,5,7,70,82,0,4,3,6,59,76,0,0,2,1,11,6
20214,A,골목상권,3110274,서일대학교,523,360,163,0,46,59,135,146,137,0,8,37,89,115,111,0,38,22,46,31,26
20214,A,골목상권,3110277,러스크서울병원,145,78,67,0,12,30,29,43,31,0,4,13,16,23,22,0,8,17,13,20,9
20214,D,발달상권,3120068,사가정역,145,45,100,3,38,31,25,22,26,0,1,5,12,12,15,3,37,26,13,10,11
20214,A,골목상권,3110253,중곡초등학교,181,106,75,0,31,31,44,49,26,0,10,17,23,35,21,0,21,14,21,14,5
20214,A,골목상권,3110249,중화역 1번,764,479,285,0,68,129,205,203,159,0,31,61,105,139,143,0,37,68,100,64,16
20214,A,골목상권,3110250,화랑대역 7번,111,69,42,0,7,20,32,34,18,0,5,12,15,23,14,0,2,8,17,11,4
20214,R,전통시장,3130116,동성타워프라자,31,22,9,0,2,9,7,8,5,0,2,4,4,7,5,0,0,5,3,1,0
20214,A,골목상권,3110235,세화어린이공원,17,12,5,0,6,3,1,5,2,0,5,1,1,3,2,0,1,2,0,2,0
20214,A,골목상권,3110306,미아초등학교,317,218,99,2,13,50,81,77,94,0,3,29,53,50,83,2,10,21,28,27,11
20214,A,골목상권,3110304,보문역 4번,248,146,102,0,40,77,61,48,22,0,10,46,35,37,18,0,30,31,26,11,4
20214,A,골목상권,3110291,한성대입구역 3번,342,172,170,2,27,49,94,91,79,0,14,24,49,51,34,2,13,25,45,40,45
20214,A,골목상권,3110336,석관고등학교,94,84,10,0,3,17,16,37,21,0,3,15,13,34,19,0,0,2,3,3,2
20214,A,골목상권,3110335,석계역 7번,249,172,77,1,19,32,66,64,67,0,13,18,34,45,62,1,6,14,32,19,5
20214,A,골목상권,3110327,상월곡역 2번,118,60,58,0,8,17,42,31,20,0,3,8,24,14,11,0,5,9,18,17,9
20214,A,골목상권,3110330,돌곶이역 1번,220,172,48,0,12,18,33,31,126,0,4,12,20,23,113,0,8,6,13,8,13
20214,A,골목상권,3110332,돌곶이역 3번,164,63,101,0,28,29,42,47,18,0,6,18,19,14,6,0,22,11,23,33,12
20214,A,골목상권,3110347,구세군강북종합사회복지관,38,17,21,0,10,7,5,9,7,0,1,5,1,5,5,0,9,2,4,4,2
20214,R,전통시장,3130137,"수유전통시장(수유시장, 수유골목시장)",86,29,57,0,5,10,18,25,28,0,0,3,8,7,11,0,5,7,10,18,17
20214,A,골목상권,3110344,화계중학교,12,10,2,0,7,1,1,2,1,0,5,1,1,2,1,0,2,0,0,0,0
20214,A,골목상권,3110353,수유동우체국,187,91,96,0,4,18,48,60,57,0,1,12,33,27,18,0,3,6,15,33,39
20214,A,골목상권,3110337,아카데미하우스,512,368,144,6,70,69,94,159,114,6,43,58,60,98,103,0,27,11,34,61,11
20214,A,골목상권,3110397,도봉산입구,469,257,212,0,31,56,101,131,150,0,6,34,39,73,105,0,25,22,62,58,45
20214,A,골목상권,3110406,도봉산역 1번,634,573,61,0,10,29,139,292,164,0,3,17,126,276,151,0,7,12,13,16,13
20214,A,골목상권,3110387,쌍문초등학교,307,169,138,0,37,47,91,75,57,0,13,24,49,39,44,0,24,23,42,36,13
20214,A,골목상권,3110389,한일병원,209,120,89,0,23,37,57,53,39,0,10,19,35,30,26,0,13,18,22,23,13
20214,D,발달상권,3120079,창동역,1326,796,530,0,151,232,320,304,319,0,54,108,172,195,267,0,97,124,148,109,52
20214,A,골목상권,3110435,서울과학기술대,73,40,33,0,5,12,18,25,13,0,3,4,8,14,11,0,2,8,10,11,2
20214,A,골목상권,3110415,수락산역 4번,635,386,249,5,82,110,155,174,109,5,46,71,85,110,69,0,36,39,70,64,40
20214,A,골목상권,3110436,상계제일중학교,93,60,33,0,15,21,33,20,4,0,5,13,23,15,4,0,10,8,10,5,0
20214,A,골목상권,3110432,대진고등학교,894,734,160,0,55,146,248,343,102,0,27,96,214,311,86,0,28,50,34,32,16
20214,A,골목상권,3110483,연천초등학교,119,74,45,0,11,16,34,17,41,0,3,9,26,10,26,0,8,7,8,7,15
20214,A,골목상권,3110491,불광중학교,43,14,29,0,3,5,13,9,13,0,1,1,5,3,4,0,2,4,8,6,9
20214,D,발달상권,3120087,응암역,425,258,167,0,45,82,110,105,83,0,17,49,75,59,58,0,28,33,35,46,25
20214,A,골목상권,3110452,새절역 3번,373,317,56,1,10,36,63,123,140,1,7,25,47,107,130,0,3,11,16,16,10
20214,A,골목상권,3110471,응암동우체국,263,117,146,0,34,61,73,70,25,0,11,21,28,35,22,0,23,40,45,35,3
20214,A,골목상권,3110469,응암정보도서관,344,188,156,1,38,58,104,104,39,0,11,29,61,57,30,1,27,29,43,47,9
20214,R,전통시장,3130172,모래내시장(서중시장),19,8,11,0,1,4,5,6,3,0,0,1,2,4,1,0,1,3,3,2,2
20214,A,골목상권,3110497,가좌역 3번,325,253,72,0,17,43,89,123,53,0,3,17,75,115,43,0,14,26,14,8,10
20214,A,골목상권,3110500,남가좌동현대아파트,74,54,20,0,12,13,23,22,4,0,8,9,17,17,3,0,4,4,6,5,1
20214,A,골목상권,3110494,증산3교남측,31,24,7,0,1,8,7,9,6,0,0,7,5,7,5,0,1,1,2,2,1
20214,A,골목상권,3110530,아현역 1번,36,20,16,0,5,5,7,15,4,0,2,5,4,6,3,0,3,0,3,9,1
20214,A,골목상권,3110509,연희대우아파트앞,391,210,181,0,39,105,101,88,58,0,13,52,51,53,41,0,26,53,50,35,17
20214,A,골목상권,3110524,연희세브란스병원,51,23,28,0,10,13,15,8,5,0,5,6,6,3,3,0,5,7,9,5,2
20214,A,골목상권,3110501,연희어린이공원,214,82,132,0,12,33,40,75,54,0,3,20,15,18,26,0,9,13,25,57,28
20214,R,전통시장,3130182,영천시장,78,35,43,0,13,8,24,22,11,0,3,4,10,12,6,0,10,4,14,10,5
20214,A,골목상권,3110539,미근동,2792,1821,971,13,225,688,889,822,155,9,167,550,547,424,124,4,58,138,342,398,31
20214,A,골목상권,3110519,서대문구보건소별관,341,156,185,0,42,73,79,94,53,0,14,33,44,37,28,0,28,40,35,57,25
20214,R,전통시장,3130197,마포시장,15,5,10,0,0,1,5,4,5,0,0,1,0,2,2,0,0,0,5,2,3
20214,A,골목상권,3110576,대흥역 3번,1605,1112,493,71,503,480,308,163,80,27,310,365,253,111,46,44,193,115,55,52,34
20214,A,골목상권,3110573,신촌역 6번,28,10,18,0,7,3,6,6,6,0,2,0,3,1,4,0,5,3,3,5,2
20214,A,골목상권,3110563,상수역 3번,309,246,63,11,75,122,61,17,23,9,60,95,50,13,19,2,15,27,11,4,4
20214,D,발달상권,3120105,상수역(홍대),524,273,251,4,126,153,122,71,48,2,51,74,70,42,34,2,75,79,52,29,14
20214,D,발달상권,3120101,합정역,1932,1048,884,2,302,520,515,399,194,2,89,236,312,266,143,0,213,284,203,133,51
20214,R,전통시장,3130189,서교시장,24,10,14,0,2,1,7,6,8,0,0,1,2,3,4,0,2,0,5,3,4
20214,D,발달상권,3120104,연남동(홍대),5955,3176,2779,20,1117,1491,1289,1103,935,12,428,824,772,620,520,8,689,667,517,483,415
20214,A,골목상권,3110564,홍대입구역 3번,471,211,260,0,54,125,161,78,53,0,19,47,103,22,20,0,35,78,58,56,33
20214,A,골목상권,3110621,목동역 5번,163,78,85,0,19,44,33,45,22,0,1,21,19,23,14,0,18,23,14,22,8
20214,R,전통시장,3130208,목동깨비시장(목3동시장),148,67,81,0,13,20,55,37,23,0,7,6,18,19,17,0,6,14,37,18,6
20214,R,전통시장,3130209,목사랑시장(목4동시장),113,62,51,0,7,15,23,43,25,0,2,13,10,20,17,0,5,2,13,23,8
20214,A,골목상권,3110592,서울금융고등학교,431,337,94,0,18,34,71,147,161,0,9,13,44,124,147,0,9,21,27,23,14
20214,A,골목상권,3110604,신월4동주민센터,635,526,109,0,13,50,120,232,220,0,6,29,87,191,213,0,7,21,33,41,7
20214,A,골목상권,3110595,메디힐병원,731,459,272,0,80,148,163,185,155,0,34,85,86,136,118,0,46,63,77,49,37
20214,A,골목상권,3110603,지향초등학교,187,104,83,0,12,54,55,38,28,0,5,28,33,19,19,0,7,26,22,19,9
20214,R,전통시장,3130207,신정1동 골목시장(신정제일시장),38,21,17,0,8,9,10,7,4,0,3,5,6,4,3,0,5,4,4,3,1
20214,A,골목상권,3110625,신정2동주민센터,726,454,272,2,98,196,215,155,60,0,51,124,146,94,39,2,47,72,69,61,21
20214,R,전통시장,3130211,신정2동 골목시장(오목교중앙시장),15,10,5,0,1,1,5,7,1,0,1,1,3,4,1,0,0,0,2,3,0
20214,A,골목상권,3110694,세곡초등학교,438,243,195,2,55,148,88,96,49,0,24,75,49,59,36,2,31,73,39,37,13
20214,A,골목상권,3110614,목동로데오거리,596,292,304,0,69,85,114,216,112,0,42,44,58,103,45,0,27,41,56,113,67
20214,D,발달상권,3120119,발산역(마곡),1427,686,741,2,184,339,416,350,136,1,54,148,211,174,98,1,130,191,205,176,38
20214,A,골목상권,3110643,강서구다솔마을,653,413,240,1,97,165,199,139,52,0,47,101,136,93,36,1,50,64,63,46,16
20214,A,골목상권,3110667,가양역 10번,177,126,51,0,33,32,56,36,20,0,21,20,38,29,18,0,12,12,18,7,2
20214,A,골목상권,3110639,신방화역 8번,534,376,158,1,76,67,89,155,146,1,18,26,52,140,139,0,58,41,37,15,7
20214,A,골목상권,3110641,공항고등학교,345,236,109,2,46,95,100,79,23,1,30,72,61,52,20,1,16,23,39,27,3
20214,A,골목상권,3110633,개화산역 1번,28,14,14,0,0,6,10,7,5,0,0,1,5,3,5,0,0,5,5,4,0
20214,A,골목상권,3110642,정곡초등학교,193,163,30,2,8,14,35,69,65,1,4,10,30,58,60,1,4,4,5,11,5
20214,A,골목상권,3110678,염창무학아파트,285,214,71,1,34,65,92,60,33,1,17,53,72,47,24,0,17,12,20,13,9
20214,A,골목상권,3110653,화곡역 2번,917,494,423,1,191,273,240,171,41,0,79,137,119,135,24,1,112,136,121,36,17
20214,R,전통시장,3130216,화곡중앙시장,75,32,43,0,4,11,21,22,17,0,2,2,9,8,11,0,2,9,12,14,6
20214,R,전통시장,3130215,대원종합시장,9,7,2,0,0,1,0,3,5,0,0,1,0,2,4,0,0,0,0,1,1
20214,A,골목상권,3110661,강서새말어린이공원,126,48,78,0,3,13,30,38,42,0,2,8,10,9,19,0,1,5,20,29,23
20214,A,골목상권,3110664,강서구청옆,111,48,63,0,14,10,31,43,13,0,11,7,10,9,11,0,3,3,21,34,2
20214,A,골목상권,3110663,우장산롯데캐슬아파트앞,279,217,62,0,6,19,48,106,100,0,3,13,26,82,93,0,3,6,22,24,7
20214,R,전통시장,3130219,까치산시장,114,35,79,0,16,17,35,29,17,0,4,6,8,9,8,0,12,11,27,20,9
20214,A,골목상권,3110710,남구로역 3번,606,370,236,3,83,96,105,121,198,3,46,63,63,68,127,0,37,33,42,53,71
20214,R,전통시장,3130223,고척근린시장,42,12,30,0,2,10,12,14,4,0,0,1,1,7,3,0,2,9,11,7,1
20214,R,전통시장,3130224,개봉프라자(고척근린시장),5,4,1,0,0,0,1,2,2,0,0,0,1,1,2,0,0,0,0,1,0
20214,D,발달상권,3120130,구로디지털단지역,1136,620,516,1,169,376,236,212,142,0,59,208,125,125,103,1,110,168,111,87,39
20214,A,골목상권,3110683,오류고등학교,75,46,29,0,12,15,23,18,7,0,9,8,14,8,7,0,3,7,9,10,0
20214,R,전통시장,3130222,오류시장,132,21,111,0,10,26,46,43,7,0,5,1,4,5,6,0,5,25,42,38,1
20214,A,골목상권,3110687,"천왕역 3번(오류2동주민센터, 서울오류남초등학교)",21,16,5,0,2,3,5,6,5,0,1,3,4,4,4,0,1,0,1,2,1
20214,D,발달상권,3120131,가산디지털단지,81127,53423,27704,289,16342,25688,20130,11589,7089,184,8639,17233,14526,7698,5143,105,7703,8455,5604,3891,1946
20214,A,골목상권,3110740,금천해태공원,646,280,366,1,135,134,136,170,70,1,47,54,56,71,51,0,88,80,80,99,19
20214,A,골목상권,3110733,금천어울림복지센터,374,293,81,3,34,89,74,90,84,3,22,67,59,66,76,0,12,22,15,24,8
20214,A,골목상권,3110739,시흥3동 우편취급국,99,77,22,0,4,22,30,27,16,0,1,16,26,21,13,0,3,6,4,6,3
20214,R,전통시장,3130246,영등포청과시장(조광시장),237,126,111,0,24,33,47,77,56,0,9,11,28,39,39,0,15,22,19,38,17
20214,D,발달상권,3120136,영등포구청역,6456,3190,3266,20,1167,1451,1361,1429,1028,12,562,814,730,580,492,8,605,637,631,849,536
20214,A,골목상권,3110794,영동초등학교,622,482,140,0,72,112,182,170,86,0,37,84,150,136,75,0,35,28,32,34,11
20214,A,골목상권,3110775,대동초등학교,59,28,31,0,4,13,20,14,8,0,1,6,6,9,6,0,3,7,14,5,2
20214,D,발달상권,3120140,문래동주민센터,6184,3312,2872,22,1447,1843,1639,925,308,11,558,994,994,525,230,11,889,849,645,400,78
20214,A,골목상권,3110814,서울지방병무청,673,364,309,1,51,117,155,236,113,1,23,79,97,104,60,0,28,38,58,132,53
20214,R,전통시장,3130259,대신시장,14,10,4,0,1,0,5,4,4,0,1,0,3,3,3,0,0,0,2,1,1
20214,A,골목상권,3110802,신길동홍어거리,336,159,177,1,59,113,86,61,16,0,18,45,44,40,12,1,41,68,42,21,4
20214,A,골목상권,3110791,신풍역 3번,25,17,8,0,1,5,9,9,1,0,0,2,6,8,1,0,1,3,3,1,0
20214,R,전통시장,3130241,선유도역 골목형상점가,500,253,247,0,95,93,123,136,53,0,39,49,66,67,32,0,56,44,57,69,21
20194,A,골목상권,3110208,시조사삼거리,75,56,19,0,2,14,7,17,35,0,1,7,2,11,35,0,1,7,5,6,0
20194,R,전통시장,3130103,이경시장,16,8,8,0,0,1,2,2,11,0,0,1,1,1,5,0,0,0,1,1,6
20194,A,골목상권,3110270,혜원여고,168,148,20,0,4,5,7,70,82,0,4,3,6,59,76,0,0,2,1,11,6
20194,A,골목상권,3110274,서일대학교,523,360,163,0,46,59,135,146,137,0,8,37,89,115,111,0,38,22,46,31,26
20194,A,골목상권,3110277,러스크서울병원,145,78,67,0,12,30,29,43,31,0,4,13,16,23,22,0,8,17,13,20,9
20194,D,발달상권,3120068,사가정역,145,45,100,3,38,31,25,22,26,0,1,5,12,12,15,3,37,26,13,10,11
20194,A,골목상권,3110253,중곡초등학교,181,106,75,0,31,31,44,49,26,0,10,17,23,35,21,0,21,14,21,14,5
20194,A,골목상권,3110249,중화역 1번,764,479,285,0,68,129,205,203,159,0,31,61,105,139,143,0,37,68,100,64,16
20194,A,골목상권,3110250,화랑대역 7번,111,69,42,0,7,20,32,34,18,0,5,12,15,23,14,0,2,8,17,11,4
20194,R,전통시장,3130116,동성타워프라자,31,22,9,0,2,9,7,8,5,0,2,4,4,7,5,0,0,5,3,1,0
20194,A,골목상권,3110235,세화어린이공원,17,12,5,0,6,3,1,5,2,0,5,1,1,3,2,0,1,2,0,2,0
20194,A,골목상권,3110306,미아초등학교,317,218,99,2,13,50,81,77,94,0,3,29,53,50,83,2,10,21,28,27,11
20194,A,골목상권,3110304,보문역 4번,248,146,102,0,40,77,61,48,22,0,10,46,35,37,18,0,30,31,26,11,4
20194,A,골목상권,3110291,한성대입구역 3번,342,172,170,2,27,49,94,91,79,0,14,24,49,51,34,2,13,25,45,40,45
20194,A,골목상권,3110336,석관고등학교,94,84,10,0,3,17,16,37,21,0,3,15,13,34,19,0,0,2,3,3,2
20194,A,골목상권,3110335,석계역 7번,249,172,77,1,19,32,66,64,67,0,13,18,34,45,62,1,6,14,32,19,5
20194,A,골목상권,3110327,상월곡역 2번,118,60,58,0,8,17,42,31,20,0,3,8,24,14,11,0,5,9,18,17,9
20194,A,골목상권,3110330,돌곶이역 1번,220,172,48,0,12,18,33,31,126,0,4,12,20,23,113,0,8,6,13,8,13
20194,A,골목상권,3110332,돌곶이역 3번,164,63,101,0,28,29,42,47,18,0,6,18,19,14,6,0,22,11,23,33,12
20194,A,골목상권,3110347,구세군강북종합사회복지관,38,17,21,0,10,7,5,9,7,0,1,5,1,5,5,0,9,2,4,4,2
20194,R,전통시장,3130137,"수유전통시장(수유시장, 수유골목시장)",86,29,57,0,5,10,18,25,28,0,0,3,8,7,11,0,5,7,10,18,17
20194,A,골목상권,3110344,화계중학교,12,10,2,0,7,1,1,2,1,0,5,1,1,2,1,0,2,0,0,0,0
20194,A,골목상권,3110353,수유동우체국,187,91,96,0,4,18,48,60,57,0,1,12,33,27,18,0,3,6,15,33,39
20194,A,골목상권,3110337,아카데미하우스,512,368,144,6,70,69,94,159,114,6,43,58,60,98,103,0,27,11,34,61,11
20194,A,골목상권,3110397,도봉산입구,469,257,212,0,31,56,101,131,150,0,6,34,39,73,105,0,25,22,62,58,45
20194,A,골목상권,3110406,도봉산역 1번,634,573,61,0,10,29,139,292,164,0,3,17,126,276,151,0,7,12,13,16,13
20194,A,골목상권,3110387,쌍문초등학교,307,169,138,0,37,47,91,75,57,0,13,24,49,39,44,0,24,23,42,36,13
20194,A,골목상권,3110389,한일병원,209,120,89,0,23,37,57,53,39,0,10,19,35,30,26,0,13,18,22,23,13
20194,D,발달상권,3120079,창동역,1326,796,530,0,151,232,320,304,319,0,54,108,172,195,267,0,97,124,148,109,52
20194,A,골목상권,3110435,서울과학기술대,73,40,33,0,5,12,18,25,13,0,3,4,8,14,11,0,2,8,10,11,2
20194,A,골목상권,3110415,수락산역 4번,635,386,249,5,82,110,155,174,109,5,46,71,85,110,69,0,36,39,70,64,40
20194,A,골목상권,3110436,상계제일중학교,93,60,33,0,15,21,33,20,4,0,5,13,23,15,4,0,10,8,10,5,0
20194,A,골목상권,3110432,대진고등학교,894,734,160,0,55,146,248,343,102,0,27,96,214,311,86,0,28,50,34,32,16
20194,A,골목상권,3110483,연천초등학교,119,74,45,0,11,16,34,17,41,0,3,9,26,10,26,0,8,7,8,7,15
20194,A,골목상권,3110491,불광중학교,43,14,29,0,3,5,13,9,13,0,1,1,5,3,4,0,2,4,8,6,9
20194,D,발달상권,3120087,응암역,425,258,167,0,45,82,110,105,83,0,17,49,75,59,58,0,28,33,35,46,25
20194,A,골목상권,3110452,새절역 3번,373,317,56,1,10,36,63,123,140,1,7,25,47,107,130,0,3,11,16,16,10
20194,A,골목상권,3110471,응암동우체국,263,117,146,0,34,61,73,70,25,0,11,21,28,35,22,0,23,40,45,35,3
20194,A,골목상권,3110469,응암정보도서관,344,188,156,1,38,58,104,104,39,0,11,29,61,57,30,1,27,29,43,47,9
20194,R,전통시장,3130172,모래내시장(서중시장),19,8,11,0,1,4,5,6,3,0,0,1,2,4,1,0,1,3,3,2,2
20194,A,골목상권,3110497,가좌역 3번,325,253,72,0,17,43,89,123,53,0,3,17,75,115,43,0,14,26,14,8,10
20194,A,골목상권,3110500,남가좌동현대아파트,74,54,20,0,12,13,23,22,4,0,8,9,17,17,3,0,4,4,6,5,1
20194,A,골목상권,3110494,증산3교남측,31,24,7,0,1,8,7,9,6,0,0,7,5,7,5,0,1,1,2,2,1
20194,A,골목상권,3110530,아현역 1번,36,20,16,0,5,5,7,15,4,0,2,5,4,6,3,0,3,0,3,9,1
20194,A,골목상권,3110509,연희대우아파트앞,391,210,181,0,39,105,101,88,58,0,13,52,51,53,41,0,26,53,50,35,17
20194,A,골목상권,3110524,연희세브란스병원,51,23,28,0,10,13,15,8,5,0,5,6,6,3,3,0,5,7,9,5,2
20194,A,골목상권,3110501,연희어린이공원,214,82,132,0,12,33,40,75,54,0,3,20,15,18,26,0,9,13,25,57,28
20194,R,전통시장,3130182,영천시장,78,35,43,0,13,8,24,22,11,0,3,4,10,12,6,0,10,4,14,10,5
20194,A,골목상권,3110539,미근동,2792,1821,971,13,225,688,889,822,155,9,167,550,547,424,124,4,58,138,342,398,31
20194,A,골목상권,3110519,서대문구보건소별관,341,156,185,0,42,73,79,94,53,0,14,33,44,37,28,0,28,40,35,57,25
20194,R,전통시장,3130197,마포시장,15,5,10,0,0,1,5,4,5,0,0,1,0,2,2,0,0,0,5,2,3
20194,A,골목상권,3110576,대흥역 3번,1605,1112,493,71,503,480,308,163,80,27,310,365,253,111,46,44,193,115,55,52,34
20194,A,골목상권,3110573,신촌역 6번,28,10,18,0,7,3,6,6,6,0,2,0,3,1,4,0,5,3,3,5,2
20194,A,골목상권,3110563,상수역 3번,309,246,63,11,75,122,61,17,23,9,60,95,50,13,19,2,15,27,11,4,4
20194,D,발달상권,3120105,상수역(홍대),524,273,251,4,126,153,122,71,48,2,51,74,70,42,34,2,75,79,52,29,14
20194,D,발달상권,3120101,합정역,1932,1048,884,2,302,520,515,399,194,2,89,236,312,266,143,0,213,284,203,133,51
20194,R,전통시장,3130189,서교시장,24,10,14,0,2,1,7,6,8,0,0,1,2,3,4,0,2,0,5,3,4
20194,D,발달상권,3120104,연남동(홍대),5955,3176,2779,20,1117,1491,1289,1103,935,12,428,824,772,620,520,8,689,667,517,483,415
20194,A,골목상권,3110564,홍대입구역 3번,471,211,260,0,54,125,161,78,53,0,19,47,103,22,20,0,35,78,58,56,33
20194,A,골목상권,3110621,목동역 5번,163,78,85,0,19,44,33,45,22,0,1,21,19,23,14,0,18,23,14,22,8
20194,R,전통시장,3130208,목동깨비시장(목3동시장),148,67,81,0,13,20,55,37,23,0,7,6,18,19,17,0,6,14,37,18,6
20194,R,전통시장,3130209,목사랑시장(목4동시장),113,62,51,0,7,15,23,43,25,0,2,13,10,20,17,0,5,2,13,23,8
20194,A,골목상권,3110592,서울금융고등학교,431,337,94,0,18,34,71,147,161,0,9,13,44,124,147,0,9,21,27,23,14
20194,A,골목상권,3110604,신월4동주민센터,635,526,109,0,13,50,120,232,220,0,6,29,87,191,213,0,7,21,33,41,7
20194,A,골목상권,3110595,메디힐병원,731,459,272,0,80,148,163,185,155,0,34,85,86,136,118,0,46,63,77,49,37
20194,A,골목상권,3110603,지향초등학교,187,104,83,0,12,54,55,38,28,0,5,28,33,19,19,0,7,26,22,19,9
20194,R,전통시장,3130207,신정1동 골목시장(신정제일시장),38,21,17,0,8,9,10,7,4,0,3,5,6,4,3,0,5,4,4,3,1
20194,A,골목상권,3110625,신정2동주민센터,726,454,272,2,98,196,215,155,60,0,51,124,146,94,39,2,47,72,69,61,21
20194,R,전통시장,3130211,신정2동 골목시장(오목교중앙시장),15,10,5,0,1,1,5,7,1,0,1,1,3,4,1,0,0,0,2,3,0
20194,A,골목상권,3110694,세곡초등학교,438,243,195,2,55,148,88,96,49,0,24,75,49,59,36,2,31,73,39,37,13
20194,A,골목상권,3110614,목동로데오거리,596,292,304,0,69,85,114,216,112,0,42,44,58,103,45,0,27,41,56,113,67
20194,D,발달상권,3120119,발산역(마곡),1427,686,741,2,184,339,416,350,136,1,54,148,211,174,98,1,130,191,205,176,38
20194,A,골목상권,3110643,강서구다솔마을,653,413,240,1,97,165,199,139,52,0,47,101,136,93,36,1,50,64,63,46,16
20194,A,골목상권,3110667,가양역 10번,177,126,51,0,33,32,56,36,20,0,21,20,38,29,18,0,12,12,18,7,2
20194,A,골목상권,3110639,신방화역 8번,534,376,158,1,76,67,89,155,146,1,18,26,52,140,139,0,58,41,37,15,7
20194,A,골목상권,3110641,공항고등학교,345,236,109,2,46,95,100,79,23,1,30,72,61,52,20,1,16,23,39,27,3
20194,A,골목상권,3110633,개화산역 1번,28,14,14,0,0,6,10,7,5,0,0,1,5,3,5,0,0,5,5,4,0
20194,A,골목상권,3110642,정곡초등학교,193,163,30,2,8,14,35,69,65,1,4,10,30,58,60,1,4,4,5,11,5
20194,A,골목상권,3110678,염창무학아파트,285,214,71,1,34,65,92,60,33,1,17,53,72,47,24,0,17,12,20,13,9
20194,A,골목상권,3110653,화곡역 2번,917,494,423,1,191,273,240,171,41,0,79,137,119,135,24,1,112,136,121,36,17
20194,R,전통시장,3130216,화곡중앙시장,75,32,43,0,4,11,21,22,17,0,2,2,9,8,11,0,2,9,12,14,6
20194,R,전통시장,3130215,대원종합시장,9,7,2,0,0,1,0,3,5,0,0,1,0,2,4,0,0,0,0,1,1
20194,A,골목상권,3110661,강서새말어린이공원,126,48,78,0,3,13,30,38,42,0,2,8,10,9,19,0,1,5,20,29,23
20194,A,골목상권,3110664,강서구청옆,111,48,63,0,14,10,31,43,13,0,11,7,10,9,11,0,3,3,21,34,2
20194,A,골목상권,3110663,우장산롯데캐슬아파트앞,279,217,62,0,6,19,48,106,100,0,3,13,26,82,93,0,3,6,22,24,7
20194,R,전통시장,3130219,까치산시장,114,35,79,0,16,17,35,29,17,0,4,6,8,9,8,0,12,11,27,20,9
20194,A,골목상권,3110710,남구로역 3번,606,370,236,3,83,96,105,121,198,3,46,63,63,68,127,0,37,33,42,53,71
20194,R,전통시장,3130223,고척근린시장,42,12,30,0,2,10,12,14,4,0,0,1,1,7,3,0,2,9,11,7,1
20194,R,전통시장,3130224,개봉프라자(고척근린시장),5,4,1,0,0,0,1,2,2,0,0,0,1,1,2,0,0,0,0,1,0
20194,D,발달상권,3120130,구로디지털단지역,1136,620,516,1,169,376,236,212,142,0,59,208,125,125,103,1,110,168,111,87,39
20194,A,골목상권,3110683,오류고등학교,75,46,29,0,12,15,23,18,7,0,9,8,14,8,7,0,3,7,9,10,0
20194,R,전통시장,3130222,오류시장,132,21,111,0,10,26,46,43,7,0,5,1,4,5,6,0,5,25,42,38,1
20194,A,골목상권,3110687,"천왕역 3번(오류2동주민센터, 서울오류남초등학교)",21,16,5,0,2,3,5,6,5,0,1,3,4,4,4,0,1,0,1,2,1
20194,D,발달상권,3120131,가산디지털단지,81127,53423,27704,289,16342,25688,20130,11589,7089,184,8639,17233,14526,7698,5143,105,7703,8455,5604,3891,1946
20194,A,골목상권,3110740,금천해태공원,646,280,366,1,135,134,136,170,70,1,47,54,56,71,51,0,88,80,80,99,19
20194,A,골목상권,3110733,금천어울림복지센터,374,293,81,3,34,89,74,90,84,3,22,67,59,66,76,0,12,22,15,24,8
20194,A,골목상권,3110739,시흥3동 우편취급국,99,77,22,0,4,22,30,27,16,0,1,16,26,21,13,0,3,6,4,6,3
20194,R,전통시장,3130246,영등포청과시장(조광시장),237,126,111,0,24,33,47,77,56,0,9,11,28,39,39,0,15,22,19,38,17
20194,D,발달상권,3120136,영등포구청역,6456,3190,3266,20,1167,1451,1361,1429,1028,12,562,814,730,580,492,8,605,637,631,849,536
20194,A,골목상권,3110794,영동초등학교,622,482,140,0,72,112,182,170,86,0,37,84,150,136,75,0,35,28,32,34,11
20194,A,골목상권,3110775,대동초등학교,59,28,31,0,4,13,20,14,8,0,1,6,6,9,6,0,3,7,14,5,2
20194,D,발달상권,3120140,문래동주민센터,6184,3312,2872,22,1447,1843,1639,925,308,11,558,994,994,525,230,11,889,849,645,400,78
20194,A,골목상권,3110814,서울지방병무청,673,364,309,1,51,117,155,236,113,1,23,79,97,104,60,0,28,38,58,132,53
20194,A,골목상권,3110802,신길동홍어거리,336,159,177,1,59,113,86,61,16,0,18,45,44,40,12,1,41,68,42,21,4
20194,A,골목상권,3110791,신풍역 3번,25,17,8,0,1,5,9,9,1,0,0,2,6,8,1,0,1,3,3,1,0
20194,R,전통시장,3130241,선유도역 골목형상점가,500,253,247,0,95,93,123,136,53,0,39,49,66,67,32,0,56,44,57,69,21
20194,A,골목상권,3110773,당산역 13번,161,127,34,0,24,40,31,22,44,0,20,33,19,18,37,0,4,7,12,4,7
20194,D,발달상권,3120145,영등포역(영등포),3856,1817,2039,22,673,1021,921,702,517,0,202,441,486,388,300,22,471,580,435,314,217
20194,A,골목상권,3110796,한림대학교한강성심병원,87,52,35,1,7,19,26,19,15,0,4,11,17,9,11,1,3,8,9,10,4
20194,R,전통시장,3130267,본동인정시장(기능상실),59,41,18,0,6,10,12,15,16,0,4,7,9,8,13,0,2,3,3,7,3
20194,D,발달상권,3120153,노량진역(노량진),3600,1756,1844,10,508,1172,906,675,329,2,185,464,433,450,222,8,323,708,473,225,107
20194,D,발달상권,3120160,사당역(사당),9153,4750,4403,14,1560,2594,2716,1534,735,4,617,1307,1324,997,501,10,943,1287,1392,537,234
20194,R,전통시장,3130274,사당1동먹자골목상점가(사당1동먹자골목),389,218,171,4,91,100,81,63,50,3,45,64,37,35,34,1,46,36,44,28,16
20194,A,골목상권,3110849,이수역 10번,220,130,90,1,37,52,58,40,32,0,12,33,34,25,26,1,25,19,24,15,6
20194,A,골목상권,3110845,사당종합체육관,101,50,51,0,8,17,35,26,15,0,5,8,19,9,9,0,3,9,16,17,6
20194,A,골목상권,3110846,남성역 1번,535,290,245,1,66,120,146,135,67,0,25,59,78,74,54,1,41,61,68,61,13
20194,A,골목상권,3110838,상도1동주민센터앞,131,122,9,0,3,32,30,35,31,0,3,27,27,35,30,0,0,5,3,0,1
20194,A,골목상권,3110826,장승배기역 4번,366,149,217,2,20,37,57,103,147,1,8,22,28,38,52,1,12,15,29,65,95
20194,A,골목상권,3110842,흑리단길,53,22,31,0,10,9,10,16,8,0,4,3,5,5,5,0,6,6,5,11,3
20194,A,골목상권,3110895,샤로수길,1796,1222,574,3,307,721,360,233,172,2,170,534,234,152,130,1,137,187,126,81,42
20194,A,골목상권,3110862,난곡초등학교(난곡동벽화마을),84,41,43,0,4,13,14,34,19,0,2,6,11,15,7,0,2,7,3,19,12
20194,A,골목상권,3110881,구립대학경로당(관악산샘말공원),1580,1288,292,1,317,450,449,266,97,1,225,374,391,229,68,0,92,76,58,37,29
20194,A,골목상권,3110868,남부초등학교,232,126,106,0,20,29,45,49,89,0,11,23,22,28,42,0,9,6,23,21,47
20194,A,골목상권,3110884,봉천역 4번(봉천110안전센터),372,284,88,1,17,30,61,98,165,0,1,8,49,84,142,1,16,22,12,14,23
20194,R,전통시장,3130277,조원동 펭귄시장(신림중앙시장),98,56,42,1,15,26,31,19,6,1,8,18,16,9,4,0,7,8,15,10,2
20194,R,전통시장,3130293,봉천중앙시장,154,42,112,0,17,13,29,46,49,0,5,7,14,14,2,0,12,6,15,32,47
20194,R,전통시장,3130290,영림시장,417,183,234,0,74,101,107,92,43,0,14,49,43,44,33,0,60,52,64,48,10
20194,A,골목상권,3110945,본마을노인복지센터(서초구립내곡도서관),191,114,77,3,44,57,37,33,17,3,14,31,25,28,13,0,30,26,12,5,4
20194,D,발달상권,3120176,논현역 4번,893,566,327,1,130,216,195,168,183,1,67,126,129,106,137,0,63,90,66,62,46
20194,A,골목상권,3110904,이수역 5번,835,468,367,4,167,217,239,139,69,1,90,125,135,59,58,3,77,92,104,80,11
20194,A,골목상권,3110911,방배배수지체육공원,29,22,7,0,6,3,7,5,8,0,6,2,4,4,6,0,0,1,3,1,2
20194,A,골목상권,3110923,방배역 1번,210,153,57,0,34,56,55,41,24,0,21,38,42,34,18,0,13,18,13,7,6
20194,D,발달상권,3120173,교대역(법원.검찰청),18222,10456,7766,74,3270,5403,4730,3072,1673,29,1419,3004,2846,1897,1261,45,1851,2399,1884,1175,412
20194,D,발달상권,3120189,강남역,72613,38819,33794,234,17636,24305,18411,9151,2876,59,6629,13226,10962,5914,2029,175,11007,11079,7449,3237,847
20194,D,발달상권,3120171,서초3동사거리,11750,6206,5544,15,1990,3845,2551,1862,1487,6,827,1746,1496,1064,1067,9,1163,2099,1055,798,420
20194,A,골목상권,3110925,서초중학교,874,497,377,0,104,137,244,222,167,0,38,65,146,132,116,0,66,72,98,90,51
20194,D,발달상권,3120181,교육개발원입구사거리,7278,4440,2838,316,2978,1563,1247,730,444,145,1506,983,939,536,331,171,1472,580,308,194,113
20194,A,골목상권,3110939,양재역 8번(양재동우체국),5949,4099,1850,23,970,1420,1461,1174,901,15,499,989,1053,799,744,8,471,431,408,375,157
20194,D,발달상권,3120182,"양재시민의숲역(양재동꽃시장, aT센터)",6231,4311,1920,34,1059,1675,1508,1267,688,14,546,1157,1111,930,553,20,513,518,397,337,135
20194,R,전통시장,3130310,강남개포시장,298,173,125,0,29,56,71,82,60,0,8,23,42,56,44,0,21,33,29,26,16
20194,A,골목상권,3110957,언북중학교,1251,831,420,1,262,379,317,147,145,1,146,241,215,109,119,0,116,138,102,38,26
20194,D,발달상권,3120217,대치사거리,2779,1478,1301,11,552,771,700,452,293,10,220,379,381,264,224,1,332,392,319,188,69
20194,A,골목상권,3110989,대치동아우편취급국,444,270,174,9,90,148,75,68,54,0,43,102,43,44,38,9,47,46,32,24,16
20194,A,골목상권,3110965,언주역 6번,1139,788,351,1,174,379,378,142,65,1,104,276,284,74,49,0,70,103,94,68,16
20194,D,발달상권,3120206,개나리아파트,5243,3354,1889,87,1658,1413,1080,655,350,27,866,955,775,456,275,60,792,458,305,199,75
20194,A,골목상권,3110976,언북초등학교,578,332,246,1,111,188,126,86,66,0,41,115,83,49,44,1,70,73,43,37,22
20194,A,골목상권,3111036,투구봉어린이공원,209,119,90,1,22,40,55,62,29,1,7,20,26,39,26,0,15,20,29,23,3
20194,R,전통시장,3130315,문정동 로데오거리 상점가(문정동 로데오거리),1382,812,570,6,315,293,263,252,253,3,118,169,166,146,210,3,197,124,97,106,43
20194,D,발달상권,3120234,가락시장역,10280,6234,4046,11,1351,2492,2151,1680,2595,3,587,1469,1440,929,1806,8,764,1023,711,751,789
20194,R,전통시장,3130317,마천중앙시장,107,77,30,0,15,35,24,17,16,0,11,24,12,14,16,0,4,11,12,3,0
20194,R,전통시장,3130316,마천시장,18,9,9,0,3,3,2,10,0,0,2,2,2,3,0,0,1,1,0,7,0
20194,D,발달상권,3120229,방이동먹자골목,7319,4732,2587,12,1062,2182,1915,1302,846,5,588,1347,1338,913,541,7,474,835,577,389,305
20194,D,발달상권,3120233,몽촌토성역,10419,5740,4679,28,1795,2730,2265,2158,1443,22,1125,1855,1199,788,751,6,670,875,1066,1370,692
20194,A,골목상권,3111009,송파책박물관,130,94,36,1,13,38,28,24,26,0,11,32,18,15,18,1,2,6,10,9,8
20194,D,발달상권,3120230,송파사거리(송파역),876,470,406,4,96,176,202,193,205,1,38,99,115,92,125,3,58,77,87,101,80
20194,A,골목상권,3111013,송파나루역 1번(송리단길),2234,1456,778,8,320,568,650,435,253,3,160,384,445,290,174,5,160,184,205,145,79
20194,A,골목상권,3111039,벌말어린이공원,485,353,132,8,85,125,121,94,52,8,51,89,88,72,45,0,34,36,33,22,7
20194,D,발달상권,3120247,굽은다리역,572,312,260,4,91,119,146,104,108,1,37,77,74,56,67,3,54,42,72,48,41
20194,R,전통시장,3130321,장신구 특화거리 상점가,433,269,164,0,92,114,88,92,47,0,43,72,56,61,37,0,49,42,32,31,10
20194,A,골목상권,3111058,성내중학교,451,317,134,0,51,92,129,121,58,0,37,63,90,82,45,0,14,29,39,39,13
20194,A,골목상권,3111055,선사초등학교,673,29,644,0,14,28,137,373,121,0,4,7,8,6,4,0,10,21,129,367,117
20194,A,골목상권,3111075,굽은다리역 2번,193,114,79,0,14,42,54,52,31,0,14,28,24,31,17,0,0,14,30,21,14
20194,A,골목상권,3111063,강동구립 천호도서관,368,182,186,0,25,44,81,85,133,0,5,15,21,30,111,0,20,29,60,55,22
20194,A,골목상권,3110009,자하문터널,930,456,474,0,207,326,226,121,50,0,91,162,105,63,35,0,116,164,121,58,15
20194,D,발달상권,3120003,광화문역,43873,26821,17052,79,6380,12841,13071,8035,3467,12,2643,7543,8935,5616,2072,67,3737,5298,4136,2419,1395
20194,A,골목상권,3110033,창신역 4번,166,89,77,0,26,42,35,40,23,0,6,22,17,25,19,0,20,20,18,15,4
20194,R,전통시장,3130021,신설종합시장,50,37,13,1,1,10,12,13,13,0,0,9,10,10,8,1,1,1,2,3,5
20194,A,골목상권,3110023,서울대병원,92,33,59,0,9,24,23,20,16,0,3,7,10,5,8,0,6,17,13,15,8
20194,D,발달상권,3120012,대학로(혜화역),2004,901,1103,7,350,585,490,309,263,2,103,201,243,166,186,5,247,384,247,143,77
20194,D,발달상권,3120009,종로3가역,8495,4786,3709,19,1355,2296,2026,1582,1217,8,563,1230,1198,953,834,11,792,1066,828,629,383
20194,R,전통시장,3130009,마전교지하쇼핑센터(구 한일상가),24,16,8,0,0,2,3,7,12,0,0,2,2,4,8,0,0,0,1,3,4
20194,A,골목상권,3110022,경신고등학교,506,385,121,11,133,157,117,54,34,10,99,119,89,42,26,1,34,38,28,12,8
20194,D,발달상권,3120034,중구청(퇴계로4가),1545,1050,495,7,108,228,400,440,362,5,48,129,262,327,279,2,60,99,138,113,83
20194,D,발달상권,3120022,북창동(시청역_6번),5197,3160,2037,24,1010,1611,1149,767,636,2,391,936,852,543,436,22,619,675,297,224,200
20194,D,발달상권,3120019,경찰청앞교차로,5958,3146,2812,26,1051,2221,1625,793,242,8,274,1044,982,619,219,18,777,1177,643,174,23
20194,R,전통시장,3130050,청평화시장,233,96,137,2,54,70,50,40,17,1,22,32,12,21,8,1,32,38,38,19,9
20194,R,전통시장,3130327,"평화시장(남평화시장, 제일평화시장, 신평화패션타운)",169,107,62,1,8,31,43,42,44,1,1,19,30,27,29,0,7,12,13,15,15
20194,A,골목상권,3110044,관성묘,405,300,105,0,50,135,145,51,24,0,24,90,125,44,17,0,26,45,20,7,7
20194,A,골목상권,3110074,서울역 12번,8149,1751,6398,152,5985,1340,330,181,161,9,598,652,233,134,125,143,5387,688,97,47,36
20194,A,골목상권,3110081,해방촌 남동측,231,122,109,0,45,63,54,42,27,0,14,35,27,23,23,0,31,28,27,19,4
20194,A,골목상권,3110084,경리단길북측,315,168,147,0,47,85,84,57,42,0,23,36,39,36,34,0,24,49,45,21,8
20194,A,골목상권,3110071,한강미주맨션아파트,315,191,124,0,42,85,69,57,62,0,21,46,40,42,42,0,21,39,29,15,20
20194,R,전통시장,3130061,이태원시장,32,20,12,0,18,3,4,6,1,0,12,1,3,3,1,0,6,2,1,3,0
20194,A,골목상권,3110590,만리재,97,50,47,0,19,23,23,25,7,0,6,12,11,16,5,0,13,11,12,9,2
20194,R,전통시장,3130057,만리시장,12,9,3,0,0,2,1,4,5,0,0,1,1,3,4,0,0,1,0,1,1
20194,A,골목상권,3110070,용산세무서,184,130,54,0,21,54,55,24,30,0,8,37,41,18,26,0,13,17,14,6,4
20194,A,골목상권,3110062,한강로동땡땡거리(은행나무길),1506,884,622,9,319,423,319,208,228,6,142,225,216,138,157,3,177,198,103,70,71
20194,A,골목상권,3110079,후암동주민센터,1084,584,500,4,223,262,267,196,132,3,73,156,156,105,91,1,150,106,111,91,41
20194,R,전통시장,3130069,"한양대앞상점가(한양시장, 왕십리맛골목)",32,19,13,0,6,6,4,8,8,0,4,4,0,5,6,0,2,2,4,3,2
20194,A,골목상권,3110101,옥정중학교,218,121,97,0,55,51,65,31,16,0,24,34,43,13,7,0,31,17,22,18,9
20194,A,골목상권,3110102,옥수역 6번,175,116,59,0,22,39,48,41,25,0,11,21,31,31,22,0,11,18,17,10,3
20194,R,전통시장,3130065,무학봉상점가,181,71,110,0,29,39,47,42,24,0,4,11,15,23,18,0,25,28,32,19,6
20194,A,골목상권,3110179,광나루역 1번,911,620,291,0,142,209,188,233,139,0,82,160,157,154,67,0,60,49,31,79,72
20194,A,골목상권,3110180,광진정보도서관,5440,3602,1838,17,1593,2056,1086,499,189,5,872,1464,782,331,148,12,721,592,304,168,41
20194,D,발달상권,3120058,구의사거리,688,333,355,2,92,158,174,181,81,1,33,79,80,77,63,1,59,79,94,104,18
20194,D,발달상권,3120060,강변역(테크노마트),3189,2348,841,12,402,686,870,703,516,2,209,509,686,549,393,10,193,177,184,154,123
20194,A,골목상권,3110159,구의역 4번,663,391,272,1,125,115,158,132,132,1,58,62,85,87,98,0,67,53,73,45,34
20194,R,전통시장,3130074,영동교골목시장,21,15,6,0,6,9,2,3,1,0,3,9,0,2,1,0,3,0,2,1,0
20194,A,골목상권,3110153,중곡1동주민센터,241,83,158,1,42,57,67,57,17,0,14,22,22,17,8,1,28,35,45,40,9
20194,A,골목상권,3110142,화양사거리,215,108,107,1,37,47,45,53,32,1,20,25,24,17,21,0,17,22,21,36,11
20194,A,골목상권,3110148,어린이대공원역 3번,17,12,5,0,3,3,6,5,0,0,0,2,5,5,0,0,3,1,1,0,0
20194,R,전통시장,3130096,동부시장,14,9,5,0,0,0,1,1,12,0,0,0,0,0,9,0,0,0,1,1,3
20194,A,골목상권,3110183,한국의류시험연구원,839,447,392,3,238,307,149,75,67,1,88,162,81,58,57,2,150,145,68,17,10
20194,R,전통시장,3130089,청량리수산시장,42,33,9,0,4,7,16,6,9,0,3,7,12,4,7,0,1,0,4,2,2
20194,R,전통시장,3130098,회기시장,55,17,38,0,9,14,15,12,5,0,2,3,4,6,2,0,7,11,11,6,3
20194,A,골목상권,3110228,장안근린공원,1992,1184,808,40,1381,313,92,101,65,24,788,223,60,54,35,16,593,90,32,47,30
20194,R,전통시장,3130104,전곡시장,93,54,39,0,8,17,28,26,14,0,5,8,16,13,12,0,3,9,12,13,2
20194,D,발달상권,3120063,청량리역(청량리),1209,528,681,3,226,225,249,252,254,2,66,88,96,117,159,1,160,137,153,135,95
20194,A,골목상권,3110210,서울시립대,341,253,88,1,9,19,24,34,254,1,4,12,10,21,205,0,5,7,14,13,49
20194,A,골목상권,3110197,세종대왕기념관교차로,67,46,21,0,8,19,26,9,5,0,4,15,19,7,1,0,4,4,7,2,4
20194,D,발달상권,3120064,경희대학교(경희대),97,44,53,0,14,27,21,13,22,0,9,13,10,4,8,0,5,14,11,9,14
20194,A,골목상권,3110243,중랑노인종합복지관,298,114,184,1,30,49,74,104,40,0,5,21,37,31,20,1,25,28,37,73,20
20194,A,골목상권,3110259,사가정역 1번,543,425,118,2,48,108,172,159,54,2,29,73,131,140,50,0,19,35,41,19,4
20194,A,골목상권,3110269,용마문화복지센터,169,98,71,0,19,53,52,28,17,0,13,32,30,19,4,0,6,21,22,9,13
20194,A,골목상권,3110252,장안제일시장,712,505,207,1,64,101,159,195,192,1,42,73,87,131,171,0,22,28,72,64,21
20194,R,전통시장,3130111,"동원전통종합시장(동원시장, 동원전통시장 상점가)",224,109,115,0,24,37,49,82,32,0,11,17,21,38,22,0,13,20,28,44,10
20194,A,골목상권,3110247,먹골역 1번,381,176,205,0,54,79,123,81,44,0,21,30,55,39,31,0,33,49,68,42,13
20194,A,골목상권,3110255,상봉역 4번,327,208,119,0,39,52,78,92,66,0,20,24,46,62,56,0,19,28,32,30,10
20194,A,골목상권,3110262,상봉역 3번,1530,878,652,2,221,447,542,268,50,0,119,337,281,107,34,2,102,110,261,161,16
20194,A,골목상권,3110271,신내역 1번,97,74,23,0,8,17,25,29,18,0,5,14,18,23,14,0,3,3,7,6,4
20194,A,골목상권,3110251,장안중학교,147,104,43,0,8,34,46,39,20,0,3,23,34,27,17,0,5,11,12,12,3
20194,A,골목상권,3110244,중화역 4번,250,175,75,1,8,26,49,44,122,1,4,11,32,30,97,0,4,15,17,14,25
20194,A,골목상권,3110296,성신여대입구역 4번,77,39,38,1,7,12,30,11,16,1,3,7,15,8,5,0,4,5,15,3,11
20194,A,골목상권,3110297,경동고등학교,654,311,343,0,74,123,156,164,137,0,31,65,74,79,62,0,43,58,82,85,75
20194,D,발달상권,3120071,성북구청,255,127,128,0,36,55,64,62,38,0,14,22,38,31,22,0,22,33,26,31,16
20194,A,골목상권,3110280,북정마을,73,38,35,0,7,10,22,23,11,0,3,3,9,15,8,0,4,7,13,8,3
20194,R,전통시장,3130122,밤나무골시장,17,5,12,0,2,4,6,4,1,0,1,1,2,1,0,0,1,3,4,3,1
20194,D,발달상권,3120075,월곡역,369,213,156,1,40,86,97,67,78,0,17,48,54,44,50,1,23,38,43,23,28
20194,R,전통시장,3130123,꿈의숲 장곡 골목형상점가,6,5,1,0,1,0,1,4,0,0,1,0,1,3,0,0,0,0,0,1,0
20194,A,골목상권,3110287,정릉3동주민센터,70,50,20,0,9,12,18,19,12,0,5,8,15,12,10,0,4,4,3,7,2
20194,A,골목상권,3110317,종암중학교,411,206,205,0,33,120,153,85,20,0,14,47,78,58,9,0,19,73,75,27,11
20194,D,발달상권,3120076,수유역,1930,865,1065,7,241,303,422,465,492,4,62,102,176,240,281,3,179,201,246,225,211
20194,R,전통시장,3130142,강북북부시장,7,5,2,0,1,1,0,2,3,0,0,1,0,2,2,0,1,0,0,0,1
20194,A,골목상권,3110375,서울북부고용노동지청,110,55,55,1,12,20,31,32,14,0,8,15,16,11,5,1,4,5,15,21,9
20194,R,전통시장,3130134,"솔샘시장(미아6,7동골목시장)",73,30,43,1,7,19,25,18,3,0,3,4,12,8,3,1,4,15,13,10,0
20194,A,골목상권,3110354,삼각산119안전센터,22,5,17,0,2,3,10,5,2,0,0,0,2,1,2,0,2,3,8,4,0
20194,A,골목상권,3110378,송중동주민센터,23,13,10,0,1,4,6,9,3,0,1,2,2,6,2,0,0,2,4,3,1
20194,R,전통시장,3130138,수유프라자,142,24,118,1,31,24,16,42,28,0,1,4,5,4,10,1,30,20,11,38,18
20194,R,전통시장,3130136,수유재래시장,32,13,19,0,6,5,8,6,7,0,2,1,0,3,7,0,4,4,8,3,0
20194,R,전통시장,3130133,우이골목시장(우이시장),69,61,8,0,7,7,19,20,16,0,6,6,17,17,15,0,1,1,2,3,1
20194,A,골목상권,3110350,가오리역 2번,148,77,71,0,11,27,37,49,24,0,5,11,18,26,17,0,6,16,19,23,7
20194,A,골목상권,3110410,방학역 2번,957,833,124,3,75,187,185,224,283,2,61,162,154,194,260,1,14,25,31,30,23
20194,A,골목상권,3110411,도봉역 3번,421,379,42,0,13,31,61,141,175,0,11,20,48,133,167,0,2,11,13,8,8
20194,A,골목상권,3110400,도봉구보건소,191,111,80,0,20,35,53,51,32,0,9,22,32,26,22,0,11,13,21,25,10
20194,R,전통시장,3130146,쌍문시장(쌍문역골목시장),263,124,139,0,29,33,54,80,67,0,10,12,28,32,42,0,19,21,26,48,25
20194,R,전통시장,3130147,쌍문역동측상점가,69,32,37,0,7,17,18,9,18,0,2,6,10,5,9,0,5,11,8,4,9
20194,A,골목상권,3110399,창2동주민센터,849,516,333,8,110,207,262,192,70,8,69,157,137,97,48,0,41,50,125,95,22
20194,R,전통시장,3130153,창동역상점가,229,138,91,0,18,48,54,56,53,0,7,31,30,31,39,0,11,17,24,25,14
20194,A,골목상권,3110409,창동역 2번,396,202,194,0,33,43,83,109,128,0,12,29,59,45,57,0,21,14,24,64,71
20194,D,발달상권,3120086,태릉입구역,382,205,177,0,42,78,82,102,78,0,24,43,35,49,54,0,18,35,47,53,24
20194,A,골목상권,3110434,태릉입구역 4번,121,62,59,0,13,11,24,35,38,0,3,2,12,22,23,0,10,9,12,13,15
20194,D,발달상권,3120081,노원역,1552,508,1044,9,369,295,343,307,229,2,66,87,125,121,107,7,303,208,218,186,122
20194,A,골목상권,3110426,상계2동주민센터,337,169,168,0,32,57,83,96,69,0,15,30,39,45,40,0,17,27,44,51,29
20194,A,골목상권,3110414,장석교회,66,51,15,0,7,16,15,20,8,0,5,13,11,17,5,0,2,3,4,3,3
20194,A,골목상권,3110465,연신내역 7번,240,119,121,3,38,52,57,54,36,2,12,29,25,25,26,1,26,23,32,29,10
20194,A,골목상권,3110490,녹번동근린공원,311,170,141,0,30,65,86,76,54,0,11,31,48,45,35,0,19,34,38,31,19
20194,A,골목상권,3110489,불광역 3번,35,25,10,0,3,7,10,10,5,0,3,4,7,6,5,0,0,3,3,4,0
20194,A,골목상권,3110479,연신내역 2번,318,181,137,1,50,84,68,69,46,0,28,71,35,32,15,1,22,13,33,37,31
20194,R,전통시장,3130165,"대림골목시장(대림시장, 양지시장)",214,34,180,0,20,45,56,62,31,0,1,7,5,11,10,0,19,38,51,51,21
20194,A,골목상권,3110492,하나고등학교,238,38,200,1,5,13,11,95,113,0,0,7,7,8,16,1,5,6,4,87,97
20194,A,골목상권,3110493,북가좌초등학교,892,830,62,0,2,19,27,80,764,0,0,12,22,68,728,0,2,7,5,12,36
20194,A,골목상권,3110514,서대문우체국,86,19,67,0,26,26,17,9,8,0,0,4,7,4,4,0,26,22,10,5,4
20194,A,골목상권,3110508,서연중학교,947,425,522,9,139,241,158,245,155,3,62,148,74,76,62,6,77,93,84,169,93
20194,A,골목상권,3110513,연희파출소,457,241,216,0,51,87,110,130,79,0,17,46,58,69,51,0,34,41,52,61,28
20194,A,골목상권,3110518,서대문구청,129,72,57,0,22,38,30,23,16,0,6,19,22,15,10,0,16,19,8,8,6
20194,A,골목상권,3110535,영천시장입구,488,333,155,2,36,65,112,164,109,2,19,35,78,130,69,0,17,30,34,34,40
20194,A,골목상권,3110538,충정로역 3번,284,178,106,0,12,42,56,66,108,0,5,27,35,42,69,0,7,15,21,24,39
20194,A,골목상권,3110525,홍은종합사회복지관,61,17,44,0,10,12,15,10,14,0,1,3,0,4,9,0,9,9,15,6,5
20194,A,골목상권,3110515,홍은중학교,396,312,84,1,45,118,119,68,45,1,33,93,94,52,39,0,12,25,25,16,6
20194,A,골목상권,3110583,공덕래미안3차아파트,12,7,5,0,2,3,1,1,5,0,1,2,1,0,3,0,1,1,0,1,2
20194,A,골목상권,3110562,연트럴파크(연남동주민센터),426,237,189,1,73,118,96,94,44,1,29,76,55,44,32,0,44,42,41,50,12
20194,R,전통시장,3130192,동진시장,10,6,4,0,1,1,4,3,1,0,1,1,1,2,1,0,0,0,3,1,0
20194,R,전통시장,3130194,용강동 상점가,875,502,373,0,103,131,179,170,292,0,39,75,104,114,170,0,64,56,75,56,122
20194,A,골목상권,3110577,용강동주민센터,145,105,40,0,15,42,47,31,10,0,12,31,38,17,7,0,3,11,9,14,3
20194,A,골목상권,3110559,성산중학교,757,474,283,4,102,187,203,167,94,3,54,102,127,118,70,1,48,85,76,49,24
20194,R,전통시장,3130203,서서울 골목형상점가,34,7,27,0,2,7,10,12,3,0,0,0,2,4,1,0,2,7,8,8,2
20194,R,전통시장,3130204,경창시장,102,51,51,0,5,12,29,27,29,0,2,5,13,16,15,0,3,7,16,11,14
20194,A,골목상권,3110593,신월3동주민센터,304,157,147,0,38,65,76,87,38,0,12,32,45,44,24,0,26,33,31,43,14
20194,A,골목상권,3110605,목동센트럴아이파크앞,155,89,66,0,15,22,26,47,45,0,5,15,11,27,31,0,10,7,15,20,14
20194,A,골목상권,3110634,송정역 3번,664,434,230,0,64,143,178,145,134,0,33,90,116,101,94,0,31,53,62,44,40
20194,D,발달상권,3120116,송정역,117,64,53,0,17,27,28,20,25,0,9,11,15,10,19,0,8,16,13,10,6
20194,A,골목상권,3110637,송정역 2번,560,358,202,4,67,121,116,154,98,0,34,74,81,100,69,4,33,47,35,54,29
20194,A,골목상권,3110644,신광명마을,336,288,48,1,26,28,58,105,118,1,8,17,51,97,114,0,18,11,7,8,4
20194,A,골목상권,3110673,뜸부기어린이공원,253,143,110,0,37,52,62,64,38,0,21,29,31,34,28,0,16,23,31,30,10
20194,A,골목상권,3110717,남구로역 2번,570,271,299,0,108,155,142,104,61,0,49,84,75,34,29,0,59,71,67,70,32
20194,R,전통시장,3130225,개봉중앙시장,147,59,88,0,15,21,39,44,28,0,3,4,19,22,11,0,12,17,20,22,17
20194,A,골목상권,3110704,고척중학교,62,36,26,0,12,23,10,12,5,0,7,12,3,11,3,0,5,11,7,1,2
20194,A,골목상권,3110711,구로초등학교,815,329,486,4,62,122,165,287,175,2,26,70,81,74,76,2,36,52,84,213,99
20194,A,골목상권,3110719,영서중학교,19,15,4,0,0,4,2,3,10,0,0,2,2,3,8,0,0,2,0,0,2
20194,D,발달상권,3120127,구로구청,5871,3858,2013,6,600,1211,1435,1436,1183,5,362,967,1048,802,674,1,238,244,387,634,509
20194,A,골목상권,3110681,온수역 1번,94,70,24,0,6,30,30,17,11,0,5,22,21,12,10,0,1,8,9,5,1
20194,A,골목상권,3110686,수궁동주민센터,406,211,195,0,34,67,104,115,86,0,16,31,64,55,45,0,18,36,40,60,41
20194,A,골목상권,3110724,금천구립가산도서관,364,254,110,1,42,76,120,89,36,1,33,60,90,45,25,0,9,16,30,44,11
20194,A,골목상권,3110737,금천세무서,502,323,179,8,77,85,96,116,120,0,28,49,51,91,104,8,49,36,45,25,16
20194,A,골목상권,3110751,난곡중학교,733,399,334,2,48,217,242,177,47,2,21,117,128,91,40,0,27,100,114,86,7
20194,R,전통시장,3130238,은행나무시장,113,71,42,0,22,24,31,22,14,0,13,16,22,14,6,0,9,8,9,8,8
20194,A,골목상권,3110770,영등포구청역 6번,263,191,72,1,45,49,77,45,46,1,24,41,54,28,43,0,21,8,23,17,3
20194,A,골목상권,3110774,당산반도유보라팰리스아파트,472,355,117,0,59,119,131,96,67,0,34,81,109,80,51,0,25,38,22,16,16
20194,A,골목상권,3110784,신대림초등학교,76,42,34,0,3,11,18,36,8,0,0,7,12,18,5,0,3,4,6,18,3
20194,D,발달상권,3120142,대림역,1551,846,705,2,234,279,348,384,304,0,69,143,190,230,214,2,165,136,158,154,90
20194,A,골목상권,3110790,대림1동주민센터,741,337,404,1,74,163,282,161,60,1,46,71,89,77,53,0,28,92,193,84,7
20194,A,골목상권,3110767,도림동주민센터,11,0,11,0,4,3,3,1,0,0,0,0,0,0,0,0,4,3,3,1,0
20194,R,전통시장,3130243,도림시장,7,5,2,0,0,1,4,0,2,0,0,1,3,0,1,0,0,0,1,0,1
20194,A,골목상권,3110816,대방역 6번,517,401,116,1,72,136,153,67,88,1,49,108,114,49,80,0,23,28,39,18,8
20194,A,골목상권,3110795,도림초등학교,533,356,177,0,20,49,80,128,256,0,8,36,48,74,190,0,12,13,32,54,66
20194,A,골목상권,3110805,신길새마을금고신길4동지점,45,27,18,0,6,12,12,8,7,0,2,7,6,5,7,0,4,5,6,3,0
20194,A,골목상권,3110797,KT대방빌딩,47,8,39,1,6,8,12,10,10,0,0,0,1,2,5,1,6,8,11,8,5
20194,D,발달상권,3120147,보라매역,1947,1238,709,5,286,452,370,367,467,2,93,310,249,264,320,3,193,142,121,103,147
20194,A,골목상권,3110760,선유도역 6번,1792,1091,701,8,273,444,499,376,192,6,170,256,275,219,165,2,103,188,224,157,27
20194,D,발달상권,3120149,여의도역(여의도),69255,45888,23367,184,11383,22550,19240,12096,3802,34,5884,14085,14147,9350,2388,150,5499,8465,5093,2746,1414
20194,D,발달상권,3120148,국회의사당역(국회의사당),31135,19451,11684,82,6815,10231,7641,4493,1873,27,3082,6187,5424,3397,1334,55,3733,4044,2217,1096,539
20194,R,전통시장,3130248,영등포역지하도상점가,69,35,34,0,9,26,17,14,3,0,6,13,9,4,3,0,3,13,8,10,0
20194,A,골목상권,3110829,장승배기역 5번,534,416,118,0,195,137,78,52,72,0,177,106,49,39,45,0,18,31,29,13,27
20194,A,골목상권,3110848,양지어린이공원,486,307,179,0,36,68,152,132,98,0,6,39,85,93,84,0,30,29,67,39,14
20194,R,전통시장,3130271,남성역골목시장,467,268,199,1,36,33,39,47,311,1,12,20,22,16,197,0,24,13,17,31,114
20194,A,골목상권,3110837,숭실대입구역 1번,360,184,176,1,39,72,80,79,89,0,19,29,39,32,65,1,20,43,41,47,24
20194,R,전통시장,3130262,상도도깨비 골목형상점가,21,13,8,0,0,4,10,4,3,0,0,4,6,1,2,0,0,0,4,3,1
20194,A,골목상권,3110825,신대방삼거리역 1번,319,207,112,0,33,63,96,72,55,0,23,41,58,47,38,0,10,22,38,25,17
20194,R,전통시장,3130261,성대전통시장(성대시장),211,104,107,0,15,47,61,61,27,0,4,26,33,23,18,0,11,21,28,38,9
20194,R,전통시장,3130264,상도약수골목형상점가,65,35,30,1,14,8,15,20,7,0,4,3,9,12,7,1,10,5,6,8,0
20194,A,골목상권,3110823,신대방삼거리역 3번,472,242,230,0,30,45,83,121,193,0,17,26,40,42,117,0,13,19,43,79,76
20194,A,골목상권,3110844,흑석2치안센터,11,7,4,0,2,2,4,0,3,0,1,2,2,0,2,0,1,0,2,0,1
20194,R,전통시장,3130282,난곡 골목형상점가,20,8,12,0,4,2,10,4,0,0,2,1,4,1,0,0,2,1,6,3,0
20194,A,골목상권,3110865,남강고등학교(남강중학교),270,116,154,4,57,53,59,61,36,2,10,23,23,31,27,2,47,30,36,30,9
20194,A,골목상권,3110902,사당역 4번,1184,729,455,1,189,266,295,248,185,0,82,168,204,156,119,1,107,98,91,92,66
20194,A,골목상권,3110887,서울산업정보학교(서울삼성초등학교),12,5,7,0,1,3,4,4,0,0,0,0,1,4,0,0,1,3,3,0,0
20194,A,골목상권,3110860,호림박물관(성보고등학교),410,314,96,1,57,102,66,110,74,1,44,84,47,78,60,0,13,18,19,32,14
20194,A,골목상권,3110883,은천초등학교(은천교앞),208,124,84,2,21,43,70,48,24,1,12,25,42,28,16,1,9,18,28,20,8
20194,R,전통시장,3130288,신림현대종합상가,2,0,2,0,1,1,0,0,0,0,0,0,0,0,0,0,1,1,0,0,0
20194,A,골목상권,3110894,관악동부센트레빌아파트(은천로35라길),20,8,12,0,2,4,3,6,5,0,0,2,1,2,3,0,2,2,2,4,2
20194,A,골목상권,3110869,"신림역 5번(신림동주민센터, 신림동별빛거리)",1026,681,345,1,79,136,248,233,329,1,36,73,143,155,273,0,43,63,105,78,56
20194,A,골목상권,3110877,신림역 8번,319,154,165,2,23,63,86,80,65,0,10,30,36,39,39,2,13,33,50,41,26
20194,R,전통시장,3130289,봉일시장,36,20,16,1,1,2,5,14,13,0,0,1,5,3,11,1,1,1,0,11,2
20194,A,골목상권,3110853,KT구로지사,217,130,87,0,21,49,65,51,31,0,9,27,44,28,22,0,12,22,21,23,9
20194,A,골목상권,3110897,서울대입구역 8번,219,139,80,0,16,45,69,64,25,0,7,24,40,44,24,0,9,21,29,20,1
20194,D,발달상권,3120167,고속터미널(고속터미널역),6925,4543,2382,24,790,1577,1689,1525,1320,10,416,1110,1328,1046,633,14,374,467,361,479,687
20194,A,골목상권,3110924,반포4동주민센터(몽마르뜨공원),1071,732,339,5,171,236,323,252,84,1,78,150,243,200,60,4,93,86,80,52,24
20194,A,골목상권,3110922,내방역 1번,219,112,107,1,42,47,47,42,40,0,13,23,27,23,26,1,29,24,20,19,14
20194,A,골목상권,3110909,남태령역(서울전자고등학교),132,97,35,1,11,29,23,34,34,1,4,19,16,29,28,0,7,10,7,5,6
20194,D,발달상권,3120163,사당역 11번(사당역먹자골목),491,290,201,0,55,119,99,86,132,0,28,73,57,50,82,0,27,46,42,36,50
20194,A,골목상권,3110929,남부터미널역 1번,21130,10703,10427,21,4446,4558,3912,7143,1050,4,1209,1890,1718,5123,759,17,3237,2668,2194,2020,291
20194,D,발달상권,3120168,서울고교교차로,794,492,302,1,124,237,200,130,102,0,48,130,143,98,73,1,76,107,57,32,29
20194,R,전통시장,3130301,양재시장,89,47,42,0,24,20,24,9,12,0,7,13,15,4,8,0,17,7,9,5,4
20194,A,골목상권,3110946,청계산원터골,41,21,20,0,2,4,8,13,14,0,2,2,6,3,8,0,0,2,2,10,6
20194,A,골목상권,3110980,개포지구대옆,663,482,181,0,90,198,202,111,62,0,45,142,168,72,55,0,45,56,34,39,7
20194,D,발달상권,3120207,선정릉역,11920,7343,4577,32,2669,4154,2699,1509,857,16,1106,2428,1922,1135,736,16,1563,1726,777,374,121
20194,D,발달상권,3120218,코엑스,290,54,236,0,116,103,58,13,0,0,13,16,16,9,0,0,103,87,42,4,0
20194,D,발달상권,3120186,가로수길,6518,3580,2938,19,1316,2133,1570,895,585,5,447,1174,950,573,431,14,869,959,620,322,154
20194,A,골목상권,3110951,신사은행나무공원,267,70,197,0,35,83,95,47,7,0,6,24,26,12,2,0,29,59,69,35,5
20194,R,전통시장,3130306,강남언주로,235,151,84,2,48,48,63,45,29,2,27,34,47,23,18,0,21,14,16,22,11
20194,D,발달상권,3120208,청담사거리(청담동명품거리),11437,5280,6157,43,3488,4035,2275,1044,552,17,1116,1816,1308,628,395,26,2372,2219,967,416,157
20194,D,발달상권,3120214,영동대교남단교차로,3984,2897,1087,7,489,1172,1107,929,280,3,271,811,865,753,194,4,218,361,242,176,86
20194,A,골목상권,3111024,경찰병원역 4번(건너말공원),240,150,90,0,27,53,63,68,29,0,16,33,45,35,21,0,11,20,18,33,8
20194,A,골목상권,3111046,마천역(마천초등학교),708,400,308,1,76,146,171,195,119,0,46,85,84,95,90,1,30,61,87,100,29
20194,A,골목상권,3111044,남천초등학교,557,264,293,1,95,146,167,113,35,0,35,71,76,56,26,1,60,75,91,57,9
20194,A,골목상권,3111019,한성백제역 3번,1458,963,495,2,199,428,415,246,168,2,101,294,294,157,115,0,98,134,121,89,53
20194,A,골목상권,3111007,석촌고분역 4번,936,480,456,0,107,215,255,242,117,0,43,116,142,109,70,0,64,99,113,133,47
20194,A,골목상권,3111004,삼전역 1번,2036,1331,705,13,263,407,504,376,473,0,108,261,337,239,386,13,155,146,167,137,87
20194,A,골목상권,3111033,문정동성당,70,30,40,0,5,4,16,16,29,0,2,3,8,9,8,0,3,1,8,7,21
20194,A,골목상권,3111018,풍납초등학교(풍납백제문화공원),26,23,3,0,1,5,10,6,4,0,1,4,8,6,4,0,0,1,2,0,0
20194,A,골목상권,3111078,굽은다리역 4번,1753,1022,731,1,135,300,379,488,450,1,75,186,215,270,275,0,60,114,164,218,175
20194,A,골목상권,3111082,중앙보훈병원,64,44,20,0,3,9,11,23,18,0,1,3,5,18,17,0,2,6,6,5,1
20194,A,골목상권,3111086,한영중고,297,202,95,1,27,45,73,101,50,1,17,22,52,69,41,0,10,23,21,32,9
20194,A,골목상권,3111051,천호역 6번,394,242,152,2,65,77,85,88,77,1,44,54,54,47,42,1,21,23,31,41,35
20194,A,골목상권,3111064,둔촌동역 4번,157,98,59,0,13,34,47,40,23,0,3,21,30,28,16,0,10,13,17,12,7
20194,A,골목상권,3111070,천호초등학교,121,70,51,1,7,20,39,27,27,0,3,9,23,16,19,1,4,11,16,11,8
20194,A,골목상권,3111057,천호공원(해공체육문화센터),254,112,142,2,53,50,64,60,25,2,15,19,30,32,14,0,38,31,34,28,11
20201,A,골목상권,3110988,청담역 3번,1594,1016,578,1,243,425,364,346,215,1,82,247,247,262,177,0,161,178,117,84,38
20201,R,전통시장,3130304,신사상가,24,13,11,0,3,4,6,7,4,0,1,1,3,5,3,0,2,3,3,2,1
20201,D,발달상권,3120197,역삼역,58731,38593,20138,93,10093,18065,15897,10840,3743,43,5229,11924,11872,7083,2442,50,4864,6141,4025,3757,1301
20201,D,발달상권,3120237,경찰병원역,9922,5579,4343,59,1236,1684,1762,1665,3516,25,543,1068,1140,766,2037,34,693,616,622,899,1479
20201,A,골목상권,3111045,개미어린이공원,36,18,18,0,2,7,12,12,3,0,1,1,7,7,2,0,1,6,5,5,1
20201,A,골목상권,3111047,마천1치안센터,111,73,38,0,9,17,34,34,17,0,6,14,19,22,12,0,3,3,15,12,5
20201,A,골목상권,3111043,마천공원,32,13,19,0,1,3,7,12,9,0,0,0,1,6,6,0,1,3,6,6,3
20201,D,발달상권,3120238,방이역,430,260,170,5,53,101,116,79,76,4,25,48,61,57,65,1,28,53,55,22,11
20201,D,발달상권,3120226,석촌고분역,2344,1748,596,6,272,329,431,334,972,5,128,199,262,228,926,1,144,130,169,106,46
20201,A,골목상권,3111012,석촌역 6번,732,332,400,2,91,127,180,183,149,2,23,56,83,93,75,0,68,71,97,90,74
20201,D,발달상권,3120228,석촌역(석촌호수),4494,2725,1769,7,707,1306,1038,695,741,1,288,851,680,410,495,6,419,455,358,285,246
20201,A,골목상권,3111035,오금공원(오주중학교),531,398,133,0,41,90,148,148,104,0,32,66,121,102,77,0,9,24,27,46,27
20201,A,골목상권,3111028,문현중학교(장지역 1번),424,194,230,0,54,66,132,116,56,0,29,36,49,50,30,0,25,30,83,66,26
20201,A,골목상권,3111087,고덕중학교(고덕2동주민센터),197,89,108,0,26,46,62,36,27,0,5,21,26,17,20,0,21,25,36,19,7
20201,D,발달상권,3120246,길동역,3415,1545,1870,14,385,562,837,913,704,8,169,318,417,302,331,6,216,244,420,611,373
20201,A,골목상권,3111083,GS강동자이아파트,411,245,166,0,67,62,70,100,112,0,47,43,41,44,70,0,20,19,29,56,42
20201,R,전통시장,3130325,명일전통시장,89,30,59,0,8,10,13,28,30,0,3,6,5,8,8,0,5,4,8,20,22
20201,A,골목상권,3111074,명일역 1번,147,77,70,2,31,38,40,16,20,1,9,23,23,10,11,1,22,15,17,6,9
20201,A,골목상권,3111053,성내천어린이공원(하니사랑길),6288,4564,1724,6,799,940,1025,1564,1954,3,542,693,750,1053,1523,3,257,247,275,511,431
20201,A,골목상권,3111061,암사역 1번,831,551,280,0,149,186,182,170,144,0,82,128,126,125,90,0,67,58,56,45,54
20201,R,전통시장,3130318,로데오거리상점가,266,132,134,0,31,43,49,55,88,0,9,12,19,26,66,0,22,31,30,29,22
20201,A,골목상권,3111056,천호태영아파트,191,53,138,0,27,35,64,36,29,0,4,5,19,15,10,0,23,30,45,21,19
20201,A,골목상권,3110036,동묘앞역 3번,52,34,18,0,3,6,16,12,15,0,1,3,9,11,10,0,2,3,7,1,5
20201,A,골목상권,3110028,이화달팽이길,704,279,425,1,177,179,137,123,87,0,56,60,56,65,42,1,121,119,81,58,45
20201,D,발달상권,3120010,원남동사거리,4095,2287,1808,50,1544,1304,651,377,169,2,585,792,484,292,132,48,959,512,167,85,37
20201,R,전통시장,3130017,동대문상가C동,12,9,3,0,1,4,4,2,1,0,1,4,3,0,1,0,0,0,1,2,0
20201,D,발달상권,3120016,동대문역,182,115,67,1,10,24,42,40,65,0,6,12,20,28,49,1,4,12,22,12,16
20201,A,골목상권,3110034,창신1동주민센터,41,35,6,0,2,1,14,13,11,0,2,1,10,11,11,0,0,0,4,2,0
20201,A,골목상권,3110014,경복고등학교,194,82,112,0,28,54,40,44,28,0,4,14,21,24,19,0,24,40,19,20,9
20201,A,골목상권,3110001,이북5도청사,1048,625,423,4,130,286,237,257,134,0,48,170,160,167,80,4,82,116,77,90,54
20201,A,골목상권,3110286,한성대입구역 5번,986,472,514,17,187,285,318,122,57,8,70,127,144,83,40,9,117,158,174,39,17
20201,R,전통시장,3130036,중부시장(신중부시장),3089,921,2168,8,1868,593,250,198,172,3,316,189,171,120,122,5,1552,404,79,78,50
20201,D,발달상권,3120033,을지로4가역,867,437,430,7,127,212,194,201,126,1,44,107,99,89,97,6,83,105,95,112,29
20201,U,관광특구,3001492,명동 남대문 북창동 다동 무교동 관광특구,104830,53674,51156,423,27134,34007,23384,15726,4156,137,8860,16080,15133,10824,2640,286,18274,17927,8251,4902,1516
20201,D,발달상권,3120023,서울시청,10242,5534,4708,15,2234,3260,2778,1425,530,4,852,1657,1658,983,380,11,1382,1603,1120,442,150
20201,R,전통시장,3130031,청계천공구상가,921,698,223,2,101,281,234,159,144,1,64,230,181,104,118,1,37,51,53,55,26
20201,D,발달상권,3120021,시청역_8번,23737,14953,8784,73,4071,8120,7087,3484,902,13,1699,4433,5165,2993,650,60,2372,3687,1922,491,252
20201,A,골목상권,3110053,청구역 1번,281,166,115,0,52,69,69,54,37,0,23,45,43,27,28,0,29,24,26,27,9
20201,R,전통시장,3130049,신당 미래유산 먹거리 골목형상점가,42,19,23,0,3,5,9,13,12,0,1,3,0,7,8,0,2,2,9,6,4
20201,D,발달상권,3120043,서울역,22578,15322,7256,58,4087,7782,5513,3664,1474,27,2087,4897,4201,3033,1077,31,2000,2885,1312,631,397
20201,A,골목상권,3110040,중구회현체육센터(정화예술대남산캠퍼스),165,78,87,0,33,30,40,37,25,0,14,15,17,13,19,0,19,15,23,24,6
20201,D,발달상권,3120024,회현역,2167,1364,803,2,341,795,582,250,197,1,146,473,416,192,136,1,195,322,166,58,61
20201,A,골목상권,3110039,회현역 1번,49,26,23,0,2,8,12,14,13,0,0,4,9,8,5,0,2,4,3,6,8
20201,R,전통시장,3130024,남대문시장(자유상가),732,426,306,2,54,129,172,177,198,1,15,75,95,108,132,1,39,54,77,69,66
20201,R,전통시장,3130022,숭례문수입상가(남대문시장),1907,850,1057,0,330,855,598,113,11,0,55,378,338,70,9,0,275,477,260,43,2
20201,D,발달상권,3120045,남영동 먹자골목,4044,1580,2464,7,424,908,1421,1162,122,1,257,576,502,205,39,6,167,332,919,957,83
20201,R,전통시장,3130060,신흥시장,4,1,3,0,0,2,0,2,0,0,0,1,0,0,0,0,0,1,0,2,0
20201,A,골목상권,3110072,열정도,374,244,130,6,108,96,78,51,35,0,51,71,62,37,23,6,57,25,16,14,12
20201,A,골목상권,3110059,새남터성지,385,307,78,0,38,71,113,138,25,0,21,48,99,124,15,0,17,23,14,14,10
20232,U,관광특구,3001491,이태원 관광특구,5839,3064,2775,28,1377,2065,1290,768,311,18,514,986,777,541,228,10,863,1079,513,227,83
20201,A,골목상권,3110069,숙대입구,825,291,534,3,200,296,163,87,76,3,34,92,77,40,45,0,166,204,86,47,31
20201,A,골목상권,3110095,한강진역 3번,1186,801,385,16,160,326,321,298,65,8,61,235,227,226,44,8,99,91,94,72,21
20201,A,골목상권,3110097,한남초등학교,7,4,3,0,2,3,2,0,0,0,0,2,2,0,0,0,2,1,0,0,0
20201,A,골목상권,3110077,삼광초등학교,385,317,68,0,37,86,148,98,16,0,21,66,130,88,12,0,16,20,18,10,4
20201,A,골목상권,3110103,옥수터널,13,11,2,1,0,2,2,6,2,0,0,2,2,5,2,1,0,0,0,1,0
20201,R,전통시장,3130073,뚝도시장,45,17,28,1,3,10,9,11,11,0,0,2,4,5,6,1,3,8,5,6,5
20201,A,골목상권,3110137,성수초등학교,6605,4295,2310,31,1016,1740,1836,1344,638,22,557,1152,1250,828,486,9,459,588,586,516,152
20201,A,골목상권,3110138,송정체육공원,160,79,81,0,15,27,53,41,24,0,4,12,21,23,19,0,11,15,32,18,5
20201,D,발달상권,3120057,아차산역,2218,1220,998,52,412,432,503,468,351,19,236,257,289,206,213,33,176,175,214,262,138
20201,A,골목상권,3110177,동의초등학교,112,81,31,0,6,25,28,32,21,0,3,14,19,26,19,0,3,11,9,6,2
20201,A,골목상권,3110175,푸른동산공원,367,233,134,0,41,73,108,86,59,0,24,48,69,53,39,0,17,25,39,33,20
20201,A,골목상권,3110146,신자초등학교,742,537,205,0,50,81,212,276,123,0,25,45,160,209,98,0,25,36,52,67,25
20201,A,골목상권,3110150,중곡1동 마을마당,1179,698,481,1,197,352,252,217,160,1,83,194,161,132,127,0,114,158,91,85,33
20201,A,골목상권,3110195,동대문구청,221,115,106,0,41,58,47,40,35,0,12,28,23,27,25,0,29,30,24,13,10
20201,A,골목상권,3110189,제기동역 1번,1538,1086,452,1,233,490,342,167,305,0,98,349,286,136,217,1,135,141,56,31,88
20201,A,골목상권,3110214,경희대후문,86,42,44,0,18,17,24,17,10,0,6,6,13,10,7,0,12,11,11,7,3
20201,A,골목상권,3110224,외대앞역 2번,96,41,55,0,9,14,16,29,28,0,2,4,9,18,8,0,7,10,7,11,20
20201,A,골목상권,3110232,동대부고,579,413,166,0,41,71,119,175,173,0,14,38,80,134,147,0,27,33,39,41,26
20201,A,골목상권,3110201,전농119안전센터,27,11,16,0,2,1,9,10,5,0,1,0,3,4,3,0,1,1,6,6,2
20201,R,전통시장,3130099,전농로터리시장,7,3,4,0,1,0,2,3,1,0,0,0,1,1,1,0,1,0,1,2,0
20201,R,전통시장,3130090,청량리종합시장,19,13,6,0,1,4,3,5,6,0,1,2,3,3,4,0,0,2,0,2,2
20201,R,전통시장,3130093,동서시장,5,3,2,0,0,0,1,2,2,0,0,0,1,0,2,0,0,0,0,2,0
20201,A,골목상권,3110190,고대앞사거리,195,92,103,0,22,34,34,45,60,0,4,18,22,19,29,0,18,16,12,26,31
20201,A,골목상권,3110196,홍릉근린공원,23,12,11,0,1,6,8,5,3,0,1,4,3,2,2,0,0,2,5,3,1
20201,D,발달상권,3120065,회기역,323,205,118,3,48,55,87,76,54,1,27,39,48,49,41,2,21,16,39,27,13
20201,A,골목상권,3110215,회기역 1번,28,18,10,0,3,4,9,7,5,0,3,2,6,3,4,0,0,2,3,4,1
20201,A,골목상권,3110222,회기역 2번,20,17,3,0,0,3,2,6,9,0,0,2,2,4,9,0,0,1,0,2,0
20201,A,골목상권,3110273,장스여성병원,610,446,164,7,31,37,75,209,251,0,4,8,37,168,229,7,27,29,38,41,22
20201,A,골목상권,3110260,면목역 3번,126,74,52,0,24,21,24,29,28,0,14,8,12,20,20,0,10,13,12,9,8
20201,R,전통시장,3130105,장미제일시장(중화동제일시장),63,27,36,0,8,14,22,11,8,0,3,6,14,3,1,0,5,8,8,8,7
20201,A,골목상권,3110257,상봉역 7번,397,330,67,0,17,18,50,133,179,0,6,11,34,118,161,0,11,7,16,15,18
20201,A,골목상권,3110238,배꽃어린이공원,66,48,18,0,6,7,15,23,15,0,4,5,9,15,15,0,2,2,6,8,0
20201,A,골목상권,3110303,성신여대입구역 1번,139,98,41,1,7,35,44,27,25,0,2,22,28,25,21,1,5,13,16,2,4
20201,A,골목상권,3110305,보문역 5번,883,661,222,3,165,255,173,133,154,1,99,199,129,103,130,2,66,56,44,30,24
20201,D,발달상권,3120070,한성대입구역,466,180,286,2,83,69,78,113,121,2,21,31,37,38,51,0,62,38,41,75,70
20201,A,골목상권,3110331,돌곶이역 8번,441,297,144,3,54,146,113,78,47,0,17,105,83,55,37,3,37,41,30,23,10
20201,A,골목상권,3110334,석관중앙교회,170,105,65,0,21,43,31,41,34,0,8,19,19,29,30,0,13,24,12,12,4
20201,A,골목상권,3110293,삼선중학교,1730,860,870,4,248,467,527,319,165,3,116,277,268,111,85,1,132,190,259,208,80
20201,A,골목상권,3110283,성북초등학교앞,203,78,125,0,16,33,56,80,18,0,8,10,23,27,10,0,8,23,33,53,8
20201,A,골목상권,3110285,홍대부중,814,559,255,9,219,220,210,100,56,6,118,172,163,69,31,3,101,48,47,31,25
20201,A,골목상권,3110312,안암역 2번,150,81,69,0,13,19,47,46,25,0,7,14,24,22,14,0,6,5,23,24,11
20201,A,골목상권,3110316,숭곡초등학교,439,217,222,2,68,114,129,88,38,2,19,58,73,42,23,0,49,56,56,46,15
20201,A,골목상권,3110322,장위1동주민센터,319,224,95,1,33,37,59,95,94,0,25,31,44,66,58,1,8,6,15,29,36
20201,A,골목상권,3110294,서경대학교,391,262,129,0,35,30,93,120,113,0,18,14,46,87,97,0,17,16,47,33,16
20201,A,골목상권,3110319,종암동주민센터,454,111,343,1,46,51,89,146,121,0,8,19,24,32,28,1,38,32,65,114,93
20201,A,골목상권,3110364,미아역 8번,146,75,71,0,9,26,51,39,21,0,3,9,25,23,15,0,6,17,26,16,6
20201,A,골목상권,3110381,번동주공2단지,171,88,83,5,31,28,38,55,14,4,11,14,21,30,8,1,20,14,17,25,6
20201,R,전통시장,3130131,동북프라자,121,49,72,0,9,23,37,29,23,0,4,8,17,9,11,0,5,15,20,20,12
20201,A,골목상권,3110374,송중초등학교,491,272,219,5,33,60,145,140,108,5,9,29,73,70,86,0,24,31,72,70,22
20201,A,골목상권,3110371,삼양입구사거리,49,23,26,0,2,7,10,19,11,0,0,3,5,10,5,0,2,4,5,9,6
20201,A,골목상권,3110363,송천동주민센터,19,12,7,0,0,4,3,7,5,0,0,3,1,4,4,0,0,1,2,3,1
20201,A,골목상권,3110361,삼양사거리역 1번,101,29,72,0,9,12,19,28,33,0,2,4,3,7,13,0,7,8,16,21,20
20201,A,골목상권,3110360,수유초등학교,321,222,99,0,34,61,63,67,96,0,7,43,42,44,86,0,27,18,21,23,10
20201,A,골목상권,3110357,가오리역 1번,725,611,114,0,25,36,171,340,153,0,4,18,146,310,133,0,21,18,25,30,20
20201,A,골목상권,3110340,인수중학교,176,99,77,0,24,55,50,29,18,0,8,43,31,7,10,0,16,12,19,22,8
20201,A,골목상권,3110341,북한산우이역 2번,496,411,85,0,15,25,80,258,118,0,4,10,52,237,108,0,11,15,28,21,10
20201,A,골목상권,3110390,방학초등학교,231,110,121,0,18,63,68,58,24,0,7,36,28,27,12,0,11,27,40,31,12
20201,A,골목상권,3110408,가인초등학교,355,105,250,0,66,70,100,85,34,0,12,24,32,21,16,0,54,46,68,64,18
20201,A,골목상권,3110433,공릉역 2번,401,137,264,1,30,41,46,46,237,1,17,30,25,18,46,0,13,11,21,28,191
20201,R,전통시장,3130157,상계중앙시장,68,35,33,0,14,17,13,15,9,0,8,13,6,6,2,0,6,4,7,9,7
20201,A,골목상권,3110423,석계역 2번,280,104,176,0,27,29,65,73,86,0,9,15,31,29,20,0,18,14,34,44,66
20201,D,발달상권,3120090,연신내역,796,297,499,5,187,160,183,154,107,1,65,66,64,53,48,4,122,94,119,101,59
20201,A,골목상권,3110462,갈현건영아파트,335,216,119,1,40,61,100,72,61,1,23,36,61,48,47,0,17,25,39,24,14
20201,R,전통시장,3130170,제일시장,58,26,32,1,7,9,13,19,9,1,2,2,5,11,5,0,5,7,8,8,4
20201,A,골목상권,3110481,불광역 7번,199,89,110,0,13,44,41,60,41,0,2,23,11,25,28,0,11,21,30,35,13
20201,A,골목상권,3110443,수색역 1번,20,12,8,0,1,2,7,6,4,0,0,2,2,4,4,0,1,0,5,2,0
20201,A,골목상권,3110459,응암역 2번,547,198,349,1,50,105,159,154,78,0,9,38,77,41,33,1,41,67,82,113,45
20201,A,골목상권,3110468,응암역 3번,1202,526,676,2,142,266,324,272,196,0,45,119,142,116,104,2,97,147,182,156,92
20201,A,골목상권,3110478,응암1동주민센터,355,220,135,2,26,37,56,56,178,2,16,23,28,32,119,0,10,14,28,24,59
20201,A,골목상권,3110463,응암3동주민센터,123,54,69,0,7,23,36,26,31,0,3,6,14,11,20,0,4,17,22,15,11
20201,R,전통시장,3130161,증산종합시장,8,5,3,0,0,1,2,2,3,0,0,0,1,2,2,0,0,1,1,0,1
20201,A,골목상권,3110507,명지대학교,1537,1156,381,29,392,636,318,129,33,26,257,481,282,83,27,3,135,155,36,46,6
20201,A,골목상권,3110495,북가좌2동주민센터,501,372,129,0,28,67,125,185,96,0,11,45,88,152,76,0,17,22,37,33,20
20201,R,전통시장,3130179,"이화여대 3,5,7길 상점가",147,65,82,3,34,15,41,31,23,1,12,3,14,17,18,2,22,12,27,14,5
20201,A,골목상권,3110528,서울여자간호대학교,324,160,164,0,11,25,38,72,178,0,10,14,20,24,92,0,1,11,18,48,86
20201,A,골목상권,3110580,양원초등학교,78,20,58,0,3,6,16,25,28,0,0,1,3,11,5,0,3,5,13,14,23
20201,A,골목상권,3110568,광흥창역 1번,67,32,35,0,12,21,14,15,5,0,4,10,6,9,3,0,8,11,8,6,2
20201,A,골목상권,3110545,마포구청역 1번,789,460,329,1,64,151,210,235,128,1,24,92,106,146,91,0,40,59,104,89,37
20201,A,골목상권,3110584,아현역 4번,49,13,36,0,4,7,14,13,11,0,0,0,2,5,6,0,4,7,12,8,5
20201,A,골목상권,3110556,절두산순교성지,176,112,64,3,17,42,58,39,17,3,8,27,39,24,11,0,9,15,19,15,6
20201,A,골목상권,3110622,달마을공원,458,261,197,0,58,90,102,138,70,0,26,47,63,65,60,0,32,43,39,73,10
20201,A,골목상권,3110601,신월1동우편취급국,1200,814,386,3,116,180,274,437,190,1,61,115,183,309,145,2,55,65,91,128,45
20201,A,골목상권,3110598,신월문화체육센터,381,174,207,0,16,50,101,131,83,0,4,22,40,60,48,0,12,28,61,71,35
20201,D,발달상권,3120109,서울남부지방법원,608,342,266,2,56,104,110,170,166,1,18,40,50,104,129,1,38,64,60,66,37
20201,A,골목상권,3110609,신정네거리역 2번,1377,1358,19,0,14,15,52,171,1125,0,10,11,45,168,1124,0,4,4,7,3,1
20201,A,골목상권,3110652,양천향교역 2번,643,483,160,0,70,131,146,169,127,0,32,102,104,139,106,0,38,29,42,30,21
20201,A,골목상권,3110675,화곡4동주민센터,235,161,74,0,13,45,60,59,58,0,6,28,34,46,47,0,7,17,26,13,11
20201,A,골목상권,3110672,백석중학교,168,91,77,1,26,41,35,49,16,1,19,23,14,23,11,0,7,18,21,26,5
20201,A,골목상권,3110660,등촌3동주민센터,4614,2039,2575,10,469,707,766,1291,1371,5,197,427,424,447,539,5,272,280,342,844,832
20201,A,골목상권,3110645,우장산역 4번,782,381,401,0,63,120,238,219,142,0,32,60,86,88,115,0,31,60,152,131,27
20201,R,전통시장,3130213,방신전통시장,112,77,35,0,13,20,25,29,25,0,10,18,14,14,21,0,3,2,11,15,4
20201,A,골목상권,3110630,공항시장역 1번,1472,1008,464,0,157,294,298,328,395,0,67,180,202,240,319,0,90,114,96,88,76
20201,R,전통시장,3130212,공항시장,8,6,2,0,1,0,3,2,2,0,1,0,3,0,2,0,0,0,0,2,0
20201,A,골목상권,3110640,방화역 1번,1019,638,381,3,139,292,240,195,150,3,62,119,167,158,129,0,77,173,73,37,21
20201,A,골목상권,3110655,발산역 5번,589,356,233,0,97,156,148,113,75,0,29,94,98,77,58,0,68,62,50,36,17
20201,D,발달상권,3120126,디지털단지오거리,135,86,49,0,11,30,48,26,20,0,2,16,38,15,15,0,9,14,10,11,5
20201,A,골목상권,3110692,큰굴다리,233,148,85,0,12,52,54,66,49,0,7,19,35,49,38,0,5,33,19,17,11
20201,A,골목상권,3110695,개봉1동주민센터,537,312,225,1,56,150,140,121,69,1,31,97,72,64,47,0,25,53,68,57,22
20201,R,전통시장,3130226,고척프라자,2,2,0,0,1,1,0,0,0,0,1,1,0,0,0,0,0,0,0,0,0
20201,A,골목상권,3110714,구로4동주민센터,261,149,112,0,32,43,54,76,56,0,7,18,31,50,43,0,25,25,23,26,13
20201,A,골목상권,3110708,화원어린이공원,71,33,38,0,10,12,15,24,10,0,3,4,7,10,9,0,7,8,8,14,1
20201,A,골목상권,3110715,구로구민회관,84,59,25,0,12,13,29,23,7,0,5,10,19,19,6,0,7,3,10,4,1
20201,A,골목상권,3110713,구로보건소,2668,1817,851,5,474,650,706,533,300,3,323,472,514,332,173,2,151,178,192,201,127
20201,A,골목상권,3110718,한국SGI본부,1614,1061,553,3,308,462,397,336,108,3,167,313,292,220,66,0,141,149,105,116,42
20201,A,골목상권,3110707,구로창업지원센터,1045,760,285,4,141,266,246,253,135,3,78,195,185,186,113,1,63,71,61,67,22
20201,D,발달상권,3120123,오류동역,2120,1645,475,1,313,413,505,594,294,0,276,331,389,425,224,1,37,82,116,169,70
20201,A,골목상권,3110726,금천철쭉어린이공원(금하마을),222,172,50,0,19,25,41,62,75,0,17,16,22,45,72,0,2,9,19,17,3
20201,A,골목상권,3110727,독산역 1번 출입구,659,514,145,4,72,152,169,191,71,4,48,118,128,165,51,0,24,34,41,26,20
20201,A,골목상권,3110738,문성초등학교,249,125,124,0,17,27,65,90,50,0,12,14,34,40,25,0,5,13,31,50,25
20201,A,골목상권,3110744,독산동성당,486,292,194,0,31,86,125,152,92,0,22,53,69,89,59,0,9,33,56,63,33
20201,R,전통시장,3130232,독산동 맛나는거리상점가(독산동 맛나는거리),33,24,9,0,3,12,5,10,3,0,2,9,4,6,3,0,1,3,1,4,0
20201,D,발달상권,3120133,서울시흥동우체국(홈플러스시흥점),154,66,88,1,16,23,31,43,40,1,7,11,15,12,20,0,9,12,16,31,20
20201,A,골목상권,3110734,금천파출소,92,47,45,0,7,11,21,29,24,0,3,5,14,13,12,0,4,6,7,16,12
20201,R,전통시장,3130236,비단길현대시장(현대시장),139,42,97,0,13,23,49,40,14,0,4,3,12,17,6,0,9,20,37,23,8
20201,A,골목상권,3110747,석수역 1번 출입구,813,612,201,0,46,81,166,224,296,0,27,52,102,165,266,0,19,29,64,59,30
20201,A,골목상권,3110754,삼성산자연공원(서울금천초등학교),202,76,126,1,21,41,48,41,50,0,6,18,29,10,13,1,15,23,19,31,37
20201,D,발달상권,3120138,당산2동(영등포우체국),2754,1653,1101,23,745,579,479,488,440,15,395,347,312,309,275,8,350,232,167,179,165
20201,A,골목상권,3110781,대림한신아파트,182,112,70,0,23,29,51,38,41,0,8,16,34,23,31,0,15,13,17,15,10
20201,A,골목상권,3110776,도신초등학교,168,106,62,0,12,20,48,63,25,0,11,10,35,34,16,0,1,10,13,29,9
20201,A,골목상권,3110792,영등포역 2번,3343,1737,1606,28,554,856,830,851,224,11,223,385,459,526,133,17,331,471,371,325,91
20201,D,발달상권,3120137,문래역(문래로데오거리),50,21,29,2,11,8,13,12,4,0,4,1,7,7,2,2,7,7,6,5,2
20201,A,골목상권,3110812,신길6동주민센터,363,245,118,0,69,115,106,50,23,0,34,78,85,29,19,0,35,37,21,21,4
20201,A,골목상권,3110798,신풍역 2번,53,20,33,0,2,13,14,13,11,0,0,3,3,6,8,0,2,10,11,7,3
20201,A,골목상권,3110811,보라매역 4번,187,94,93,0,22,41,49,52,23,0,8,22,18,27,19,0,14,19,31,25,4
20201,A,골목상권,3110756,문래중학교,275,179,96,0,48,79,78,35,35,0,21,58,52,21,27,0,27,21,26,14,8
20201,R,전통시장,3130257,영등포시장기계공구상가,158,116,42,0,11,26,33,47,41,0,7,16,22,37,34,0,4,10,11,10,7
20201,A,골목상권,3110800,영등포동성당,227,153,74,0,26,34,61,66,40,0,13,22,37,46,35,0,13,12,24,20,5
20201,A,골목상권,3110806,서울시립영등포장애인복지관,76,42,34,0,18,30,13,13,2,0,5,16,9,11,1,0,13,14,4,2,1
20201,A,골목상권,3110820,성남고등학교,3101,2470,631,1,651,742,555,991,161,0,438,581,448,879,124,1,213,161,107,112,37
20201,D,발달상권,3120156,"총신대입구역(이수, 총신대)",3366,1461,1905,14,640,802,748,644,518,7,213,337,380,258,266,7,427,465,368,386,252
20201,A,골목상권,3110839,숭실대입구역 4번,187,67,120,0,10,51,57,46,23,0,2,14,22,11,18,0,8,37,35,35,5
20201,A,골목상권,3110833,상도역 2번,255,163,92,2,20,61,74,74,24,0,17,49,47,34,16,2,3,12,27,40,8
20201,A,골목상권,3110819,신대방역 4번,456,226,230,0,62,93,114,73,114,0,14,33,50,48,81,0,48,60,64,25,33
20201,A,골목상권,3110876,서원동주민센터(신관중학교),49,29,20,0,5,9,16,9,10,0,2,4,10,4,9,0,3,5,6,5,1
20201,R,전통시장,3130284,관악종합시장(신원시장),17,10,7,0,0,1,3,10,3,0,0,1,1,6,2,0,0,0,2,4,1
20201,A,골목상권,3110889,봉천역 6번,376,317,59,0,29,36,69,136,106,0,18,20,47,130,102,0,11,16,22,6,4
20201,A,골목상권,3110901,인헌고등학교(인헌중학교),245,143,102,3,39,58,73,51,21,3,21,35,38,30,16,0,18,23,35,21,5
20201,R,전통시장,3130275,강남골목시장,164,121,43,0,17,38,46,34,29,0,15,32,30,23,21,0,2,6,16,11,8
20201,D,발달상권,3120185,논현역,12723,7377,5346,29,2723,4108,3218,1875,770,10,1037,2421,2225,1194,490,19,1686,1687,993,681,280
20201,A,골목상권,3110908,구반포역,1517,376,1141,0,66,110,396,804,141,0,42,53,71,141,69,0,24,57,325,663,72
20201,A,골목상권,3110916,내방역 4번,1152,592,560,9,216,272,301,208,146,6,58,167,187,91,83,3,158,105,114,117,63
20201,A,골목상권,3110914,내방역 6번,146,116,30,0,26,31,37,26,26,0,17,26,26,24,23,0,9,5,11,2,3
20201,A,골목상권,3110919,내방역 8번,1289,936,353,3,122,279,365,332,188,1,51,165,297,279,143,2,71,114,68,53,45
20201,D,발달상권,3120179,양재역,20226,15999,4227,55,2836,6941,4949,3795,1650,32,1949,5811,4124,2895,1188,23,887,1130,825,900,462
20201,A,골목상권,3110981,국악고교사거리,361,216,145,2,57,77,110,81,34,0,27,36,72,56,25,2,30,41,38,25,9
20201,D,발달상권,3120191,학동역,13888,8123,5765,40,2898,3769,2969,1869,2343,17,1128,2152,2012,1134,1680,23,1770,1617,957,735,663
20201,A,골목상권,3110952,논현목련공원,117,65,52,0,21,23,27,22,24,0,9,13,13,14,16,0,12,10,14,8,8
20201,A,골목상권,3110953,학동근린공원,2487,1583,904,15,679,891,571,218,113,0,336,572,409,180,86,15,343,319,162,38,27
20201,A,골목상권,3110968,강남구청역 2번,1023,596,427,7,327,204,133,121,231,4,177,117,81,68,149,3,150,87,52,53,82
20201,D,발달상권,3120203,강남구청역,7726,4602,3124,27,1589,2070,1890,1381,769,8,650,1218,1293,882,551,19,939,852,597,499,218
20201,A,골목상권,3110966,논현2동주민센터,1634,1016,618,18,470,498,299,216,133,7,256,298,200,146,109,11,214,200,99,70,24
20201,A,골목상권,3110996,대치2동주민센터,1940,1218,722,2,81,274,345,337,901,0,47,206,276,245,444,2,34,68,69,92,457
20201,A,골목상권,3110982,강남구보훈회관,166,74,92,0,31,34,41,41,19,0,7,13,25,14,15,0,24,21,16,27,4
20201,A,골목상권,3111002,한국교통안전공단 강남자동차검사소,317,115,202,0,22,63,65,96,71,0,7,31,21,26,30,0,15,32,44,70,41
20201,A,골목상권,3110973,강남구청역 4번,1448,784,664,4,275,332,289,269,279,1,146,203,162,128,144,3,129,129,127,141,135
20201,A,골목상권,3110987,영동대교남단,410,201,209,1,80,64,74,101,90,1,40,36,31,40,53,0,40,28,43,61,37
20201,A,골목상권,3111022,석촌중학교(방이육교),686,344,342,1,59,145,176,222,83,0,37,95,98,70,44,1,22,50,78,152,39
20201,A,골목상권,3111041,거여역 8번,411,336,75,1,102,118,81,62,47,1,84,93,67,50,41,0,18,25,14,12,6
20201,D,발달상권,3120236,장지역(가든파이브),4622,3221,1401,15,678,1056,1076,989,808,10,373,711,778,710,639,5,305,345,298,279,169
20201,A,골목상권,3111014,송파나루역 2번,521,273,248,1,42,75,119,190,94,0,21,42,67,83,60,1,21,33,52,107,34
20201,A,골목상권,3111031,장지동주민센터(한림연예예술고교),3127,2317,810,8,263,415,651,857,933,2,170,330,497,648,670,6,93,85,154,209,263
20201,R,전통시장,3130314,풍납시장,203,100,103,1,24,42,50,61,25,1,15,27,22,19,16,0,9,15,28,42,9
20201,D,발달상권,3120242,강동구청역,4533,2940,1593,33,536,1064,1057,894,949,13,287,678,696,560,706,20,249,386,361,334,243
20201,A,골목상권,3111084,길동신동아아파트,169,104,65,2,27,32,37,58,13,2,21,23,24,25,9,0,6,9,13,33,4
20201,A,골목상권,3111073,둔촌동역 1번(한산중학교),973,578,395,1,134,224,250,206,158,1,58,122,160,124,113,0,76,102,90,82,45
20201,D,발달상권,3120248,명일역,859,331,528,4,114,141,223,203,174,2,41,59,84,68,77,2,73,82,139,135,97
20201,D,발달상권,3120249,고덕역,1359,916,443,3,172,305,337,317,225,1,75,198,249,221,172,2,97,107,88,96,53
20201,R,전통시장,3130319,성내전통시장,47,31,16,0,3,8,14,10,12,0,3,4,9,7,8,0,0,4,5,3,4
20201,A,골목상권,3111072,굽은다리역 1번(십자성마을),747,473,274,1,59,119,201,187,180,0,20,70,116,127,140,1,39,49,85,60,40
20201,R,전통시장,3130322,고분다리전통시장,7,4,3,0,0,0,2,4,1,0,0,0,1,2,1,0,0,0,1,2,0
20201,A,골목상권,3110017,정독도서관,650,322,328,0,133,273,152,58,34,0,26,130,93,43,30,0,107,143,59,15,4
20201,D,발달상권,3120001,서대문역,1510,1022,488,1,265,530,359,278,77,1,106,344,272,237,62,0,159,186,87,41,15
20201,A,골목상권,3110004,대신고등학교,32,14,18,0,3,4,8,14,3,0,1,0,3,8,2,0,2,4,5,6,1
20201,A,골목상권,3110002,독립문역 1번,475,121,354,1,146,140,118,44,26,1,25,25,41,14,15,0,121,115,77,30,11
20201,D,발달상권,3120062,신설동역,12648,5435,7213,13,1214,2604,3451,3483,1883,2,444,1433,1624,1125,807,11,770,1171,1827,2358,1076
20201,A,골목상권,3110025,충신시장옆,213,129,84,2,17,46,63,56,29,0,6,23,43,33,24,2,11,23,20,23,5
20201,D,발달상권,3120011,종로4가,2984,1666,1318,5,420,1022,880,515,142,0,165,497,518,378,108,5,255,525,362,137,34
20201,D,발달상권,3120008,인사동,22070,13019,9051,1263,7895,5069,3940,2756,1147,589,4005,3077,2666,2006,676,674,3890,1992,1274,750,471
20201,R,전통시장,3130012,"동대문종합시장(동대문종합시장 신관, 동대문종합시장D동상가)",1319,965,354,2,156,325,348,339,149,0,116,251,238,247,113,2,40,74,110,92,36
20201,A,골목상권,3110026,종로5가역 4번,190,120,70,0,22,41,73,27,27,0,9,28,47,14,22,0,13,13,26,13,5
20201,R,전통시장,3130014,동문시장,17,8,9,0,0,6,4,4,3,0,0,2,1,3,2,0,0,4,3,1,1
20201,R,전통시장,3130015,창신골목시장,22,12,10,0,0,2,8,9,3,0,0,2,6,2,2,0,0,0,2,7,1
20201,A,골목상권,3110031,창신역 1번,72,57,15,0,11,17,12,21,11,0,8,11,11,17,10,0,3,6,1,4,1
20201,A,골목상권,3110016,평창동동측,2303,1051,1252,9,318,614,663,433,266,4,126,304,354,163,100,5,192,310,309,270,166
20201,A,골목상권,3110020,서울국제고등학교,593,291,302,1,141,279,101,49,22,1,41,139,70,26,14,0,100,140,31,23,8
20201,A,골목상권,3110048,장충동주민센터,5315,2706,2609,21,867,1339,1513,1367,208,5,338,768,756,707,132,16,529,571,757,660,76
20201,A,골목상권,3110046,버티고개,104,74,30,0,6,23,40,28,7,0,3,17,28,20,6,0,3,6,12,8,1
20201,A,골목상권,3110047,다산성곽길,160,89,71,0,36,43,36,27,18,0,23,29,21,7,9,0,13,14,15,20,9
20201,R,전통시장,3130051,동화동 골목형상점가,391,156,235,1,82,94,98,66,50,1,18,25,43,36,33,0,64,69,55,30,17
20201,R,전통시장,3130053,백학시장,160,69,91,0,22,24,46,37,31,0,8,8,20,15,18,0,14,16,26,22,13
20201,A,골목상권,3110110,상왕십리역 6번,87,54,33,1,12,16,24,18,16,1,7,11,13,10,12,0,5,5,11,8,4
20201,R,전통시장,3130042,약수시장,158,67,91,2,36,30,40,21,29,2,9,9,19,8,20,0,27,21,21,13,9
20201,A,골목상권,3110591,충정로역 6번,87,48,39,0,15,19,21,28,4,0,9,9,11,16,3,0,6,10,10,12,1
20201,R,전통시장,3130062,보광시장,39,16,23,0,1,7,11,15,5,0,0,3,4,6,3,0,1,4,7,9,2
20201,A,골목상권,3110086,이태원역 북측,9244,3609,5635,12,3187,3891,1654,428,72,3,733,1558,905,355,55,9,2454,2333,749,73,17
20201,A,골목상권,3110085,경리단길남측,532,260,272,4,98,163,148,67,52,2,40,59,78,41,40,2,58,104,70,26,12
20201,A,골목상권,3110066,서울역 15번,748,467,281,6,152,227,156,125,82,3,81,151,104,66,62,3,71,76,52,59,20
20201,A,골목상권,3110105,금동어린이공원,38,17,21,0,1,7,11,10,9,0,0,2,3,6,6,0,1,5,8,4,3
20201,A,골목상권,3110116,청계천박물관,4825,3644,1181,29,323,769,1077,1762,865,26,206,565,875,1315,657,3,117,204,202,447,208
20201,A,골목상권,3110128,성원중학교,911,573,338,1,98,165,255,266,126,1,53,94,157,170,98,0,45,71,98,96,28
20201,A,골목상권,3110120,서울숲카페거리,79,49,30,0,8,12,35,18,6,0,3,8,23,10,5,0,5,4,12,8,1
20201,A,골목상권,3110124,뚝섬역교차로,1253,1006,247,7,170,155,222,312,387,6,94,111,169,268,358,1,76,44,53,44,29
20201,A,골목상권,3110129,성원어린이공원,640,405,235,1,65,118,131,180,145,0,35,70,86,107,107,1,30,48,45,73,38
20201,A,골목상권,3110132,성수2가3동주민센터,786,521,265,0,97,182,220,197,90,0,67,133,145,108,68,0,30,49,75,89,22
20201,A,골목상권,3110111,대현산장미원,51,40,11,0,6,7,6,17,15,0,6,4,4,13,13,0,0,3,2,4,2
20201,A,골목상권,3110166,구의1동주민센터,552,292,260,1,70,121,177,115,68,1,20,59,99,60,53,0,50,62,78,55,15
20201,A,골목상권,3110160,광진경찰서,819,680,139,0,149,322,180,157,11,0,110,261,150,149,10,0,39,61,30,8,1
20201,D,발달상권,3120054,어린이대공원역,1196,805,391,0,61,141,304,441,249,0,17,79,201,322,186,0,44,62,103,119,63
20201,A,골목상권,3110145,장안초등학교,7,4,3,0,0,1,2,3,1,0,0,0,1,3,0,0,0,1,1,0,1
20201,D,발달상권,3120055,군자역,4255,2030,2225,33,1138,780,911,991,402,23,548,430,436,330,263,10,590,350,475,661,139
20201,A,골목상권,3110164,아차산역 5번,731,494,237,3,111,126,143,164,184,0,61,77,101,112,143,3,50,49,42,52,41
20201,R,전통시장,3130076,능동로골목시장,93,70,23,0,2,11,16,17,47,0,1,4,14,11,40,0,1,7,2,6,7
20201,A,골목상권,3110158,중곡3동주민센터,715,518,197,1,113,210,184,138,69,0,73,168,123,104,50,1,40,42,61,34,19
20201,R,전통시장,3130100,답십리시장,93,40,53,2,19,25,23,11,13,2,4,9,11,6,8,0,15,16,12,5,5
20201,A,골목상권,3110227,답십리공원,229,93,136,0,16,30,77,84,22,0,13,16,27,23,14,0,3,14,50,61,8
20201,A,골목상권,3110181,신설동역 9번,1864,1212,652,12,209,232,286,440,685,12,150,162,188,282,418,0,59,70,98,158,267
20201,A,골목상권,3110192,동의보감타워,70,45,25,0,7,10,25,16,12,0,2,6,17,10,10,0,5,4,8,6,2
20201,A,골목상권,3110182,용두희망어린이공원,370,249,121,0,38,71,108,87,66,0,20,47,67,64,51,0,18,24,41,23,15
20201,A,골목상권,3110223,군자초등학교,94,56,38,0,13,17,26,24,14,0,4,10,17,15,10,0,9,7,9,9,4
20201,A,골목상권,3110191,고려대역 6번,48,41,7,0,1,12,14,9,12,0,1,10,11,8,11,0,0,2,3,1,1
20201,A,골목상권,3110193,고려대역 4번,48,37,11,0,5,11,11,10,11,0,3,5,10,10,9,0,2,6,1,0,2
20201,A,골목상권,3110208,시조사삼거리,75,56,19,0,2,14,7,17,35,0,1,7,2,11,35,0,1,7,5,6,0
20201,R,전통시장,3130103,이경시장,16,8,8,0,0,1,2,2,11,0,0,1,1,1,5,0,0,0,1,1,6
20201,A,골목상권,3110270,혜원여고,168,148,20,0,4,5,7,70,82,0,4,3,6,59,76,0,0,2,1,11,6
20201,A,골목상권,3110274,서일대학교,523,360,163,0,46,59,135,146,137,0,8,37,89,115,111,0,38,22,46,31,26
20201,A,골목상권,3110277,러스크서울병원,145,78,67,0,12,30,29,43,31,0,4,13,16,23,22,0,8,17,13,20,9
20201,D,발달상권,3120068,사가정역,145,45,100,3,38,31,25,22,26,0,1,5,12,12,15,3,37,26,13,10,11
20201,A,골목상권,3110253,중곡초등학교,181,106,75,0,31,31,44,49,26,0,10,17,23,35,21,0,21,14,21,14,5
20201,A,골목상권,3110249,중화역 1번,764,479,285,0,68,129,205,203,159,0,31,61,105,139,143,0,37,68,100,64,16
20201,A,골목상권,3110250,화랑대역 7번,111,69,42,0,7,20,32,34,18,0,5,12,15,23,14,0,2,8,17,11,4
20201,R,전통시장,3130116,동성타워프라자,31,22,9,0,2,9,7,8,5,0,2,4,4,7,5,0,0,5,3,1,0
20201,A,골목상권,3110235,세화어린이공원,17,12,5,0,6,3,1,5,2,0,5,1,1,3,2,0,1,2,0,2,0
20201,A,골목상권,3110306,미아초등학교,317,218,99,2,13,50,81,77,94,0,3,29,53,50,83,2,10,21,28,27,11
20201,A,골목상권,3110304,보문역 4번,248,146,102,0,40,77,61,48,22,0,10,46,35,37,18,0,30,31,26,11,4
20201,A,골목상권,3110291,한성대입구역 3번,342,172,170,2,27,49,94,91,79,0,14,24,49,51,34,2,13,25,45,40,45
20201,A,골목상권,3110336,석관고등학교,94,84,10,0,3,17,16,37,21,0,3,15,13,34,19,0,0,2,3,3,2
20201,A,골목상권,3110335,석계역 7번,249,172,77,1,19,32,66,64,67,0,13,18,34,45,62,1,6,14,32,19,5
20201,A,골목상권,3110327,상월곡역 2번,118,60,58,0,8,17,42,31,20,0,3,8,24,14,11,0,5,9,18,17,9
20201,A,골목상권,3110330,돌곶이역 1번,220,172,48,0,12,18,33,31,126,0,4,12,20,23,113,0,8,6,13,8,13
20201,A,골목상권,3110332,돌곶이역 3번,164,63,101,0,28,29,42,47,18,0,6,18,19,14,6,0,22,11,23,33,12
20201,A,골목상권,3110347,구세군강북종합사회복지관,38,17,21,0,10,7,5,9,7,0,1,5,1,5,5,0,9,2,4,4,2
20201,R,전통시장,3130137,"수유전통시장(수유시장, 수유골목시장)",86,29,57,0,5,10,18,25,28,0,0,3,8,7,11,0,5,7,10,18,17
20201,A,골목상권,3110344,화계중학교,12,10,2,0,7,1,1,2,1,0,5,1,1,2,1,0,2,0,0,0,0
20201,A,골목상권,3110353,수유동우체국,187,91,96,0,4,18,48,60,57,0,1,12,33,27,18,0,3,6,15,33,39
20201,A,골목상권,3110337,아카데미하우스,512,368,144,6,70,69,94,159,114,6,43,58,60,98,103,0,27,11,34,61,11
20201,A,골목상권,3110397,도봉산입구,469,257,212,0,31,56,101,131,150,0,6,34,39,73,105,0,25,22,62,58,45
20201,A,골목상권,3110406,도봉산역 1번,634,573,61,0,10,29,139,292,164,0,3,17,126,276,151,0,7,12,13,16,13
20201,A,골목상권,3110387,쌍문초등학교,307,169,138,0,37,47,91,75,57,0,13,24,49,39,44,0,24,23,42,36,13
20201,A,골목상권,3110389,한일병원,209,120,89,0,23,37,57,53,39,0,10,19,35,30,26,0,13,18,22,23,13
20201,D,발달상권,3120079,창동역,1326,796,530,0,151,232,320,304,319,0,54,108,172,195,267,0,97,124,148,109,52
20201,A,골목상권,3110435,서울과학기술대,73,40,33,0,5,12,18,25,13,0,3,4,8,14,11,0,2,8,10,11,2
20201,A,골목상권,3110415,수락산역 4번,635,386,249,5,82,110,155,174,109,5,46,71,85,110,69,0,36,39,70,64,40
20201,A,골목상권,3110436,상계제일중학교,93,60,33,0,15,21,33,20,4,0,5,13,23,15,4,0,10,8,10,5,0
20201,A,골목상권,3110432,대진고등학교,894,734,160,0,55,146,248,343,102,0,27,96,214,311,86,0,28,50,34,32,16
20201,A,골목상권,3110483,연천초등학교,119,74,45,0,11,16,34,17,41,0,3,9,26,10,26,0,8,7,8,7,15
20201,A,골목상권,3110491,불광중학교,43,14,29,0,3,5,13,9,13,0,1,1,5,3,4,0,2,4,8,6,9
20201,D,발달상권,3120087,응암역,425,258,167,0,45,82,110,105,83,0,17,49,75,59,58,0,28,33,35,46,25
20201,A,골목상권,3110452,새절역 3번,373,317,56,1,10,36,63,123,140,1,7,25,47,107,130,0,3,11,16,16,10
20201,A,골목상권,3110471,응암동우체국,263,117,146,0,34,61,73,70,25,0,11,21,28,35,22,0,23,40,45,35,3
20201,A,골목상권,3110469,응암정보도서관,344,188,156,1,38,58,104,104,39,0,11,29,61,57,30,1,27,29,43,47,9
20201,R,전통시장,3130172,모래내시장(서중시장),19,8,11,0,1,4,5,6,3,0,0,1,2,4,1,0,1,3,3,2,2
20201,A,골목상권,3110497,가좌역 3번,325,253,72,0,17,43,89,123,53,0,3,17,75,115,43,0,14,26,14,8,10
20201,A,골목상권,3110500,남가좌동현대아파트,74,54,20,0,12,13,23,22,4,0,8,9,17,17,3,0,4,4,6,5,1
20201,A,골목상권,3110494,증산3교남측,31,24,7,0,1,8,7,9,6,0,0,7,5,7,5,0,1,1,2,2,1
20201,A,골목상권,3110530,아현역 1번,36,20,16,0,5,5,7,15,4,0,2,5,4,6,3,0,3,0,3,9,1
20201,A,골목상권,3110509,연희대우아파트앞,391,210,181,0,39,105,101,88,58,0,13,52,51,53,41,0,26,53,50,35,17
20201,A,골목상권,3110524,연희세브란스병원,51,23,28,0,10,13,15,8,5,0,5,6,6,3,3,0,5,7,9,5,2
20201,A,골목상권,3110501,연희어린이공원,214,82,132,0,12,33,40,75,54,0,3,20,15,18,26,0,9,13,25,57,28
20201,R,전통시장,3130182,영천시장,78,35,43,0,13,8,24,22,11,0,3,4,10,12,6,0,10,4,14,10,5
20201,A,골목상권,3110539,미근동,2792,1821,971,13,225,688,889,822,155,9,167,550,547,424,124,4,58,138,342,398,31
20201,A,골목상권,3110519,서대문구보건소별관,341,156,185,0,42,73,79,94,53,0,14,33,44,37,28,0,28,40,35,57,25
20201,R,전통시장,3130197,마포시장,15,5,10,0,0,1,5,4,5,0,0,1,0,2,2,0,0,0,5,2,3
20201,A,골목상권,3110576,대흥역 3번,1605,1112,493,71,503,480,308,163,80,27,310,365,253,111,46,44,193,115,55,52,34
20201,A,골목상권,3110573,신촌역 6번,28,10,18,0,7,3,6,6,6,0,2,0,3,1,4,0,5,3,3,5,2
20201,A,골목상권,3110563,상수역 3번,309,246,63,11,75,122,61,17,23,9,60,95,50,13,19,2,15,27,11,4,4
20201,D,발달상권,3120105,상수역(홍대),524,273,251,4,126,153,122,71,48,2,51,74,70,42,34,2,75,79,52,29,14
20201,D,발달상권,3120101,합정역,1932,1048,884,2,302,520,515,399,194,2,89,236,312,266,143,0,213,284,203,133,51
20201,R,전통시장,3130189,서교시장,24,10,14,0,2,1,7,6,8,0,0,1,2,3,4,0,2,0,5,3,4
20201,D,발달상권,3120104,연남동(홍대),5955,3176,2779,20,1117,1491,1289,1103,935,12,428,824,772,620,520,8,689,667,517,483,415
20201,A,골목상권,3110564,홍대입구역 3번,471,211,260,0,54,125,161,78,53,0,19,47,103,22,20,0,35,78,58,56,33
20201,A,골목상권,3110621,목동역 5번,163,78,85,0,19,44,33,45,22,0,1,21,19,23,14,0,18,23,14,22,8
20201,R,전통시장,3130208,목동깨비시장(목3동시장),148,67,81,0,13,20,55,37,23,0,7,6,18,19,17,0,6,14,37,18,6
20201,R,전통시장,3130209,목사랑시장(목4동시장),113,62,51,0,7,15,23,43,25,0,2,13,10,20,17,0,5,2,13,23,8
20201,A,골목상권,3110592,서울금융고등학교,431,337,94,0,18,34,71,147,161,0,9,13,44,124,147,0,9,21,27,23,14
20201,A,골목상권,3110604,신월4동주민센터,635,526,109,0,13,50,120,232,220,0,6,29,87,191,213,0,7,21,33,41,7
20201,A,골목상권,3110595,메디힐병원,731,459,272,0,80,148,163,185,155,0,34,85,86,136,118,0,46,63,77,49,37
20201,A,골목상권,3110603,지향초등학교,187,104,83,0,12,54,55,38,28,0,5,28,33,19,19,0,7,26,22,19,9
20201,R,전통시장,3130207,신정1동 골목시장(신정제일시장),38,21,17,0,8,9,10,7,4,0,3,5,6,4,3,0,5,4,4,3,1
20201,A,골목상권,3110625,신정2동주민센터,726,454,272,2,98,196,215,155,60,0,51,124,146,94,39,2,47,72,69,61,21
20201,R,전통시장,3130211,신정2동 골목시장(오목교중앙시장),15,10,5,0,1,1,5,7,1,0,1,1,3,4,1,0,0,0,2,3,0
20201,A,골목상권,3110694,세곡초등학교,438,243,195,2,55,148,88,96,49,0,24,75,49,59,36,2,31,73,39,37,13
20201,A,골목상권,3110614,목동로데오거리,596,292,304,0,69,85,114,216,112,0,42,44,58,103,45,0,27,41,56,113,67
20201,D,발달상권,3120119,발산역(마곡),1427,686,741,2,184,339,416,350,136,1,54,148,211,174,98,1,130,191,205,176,38
20201,A,골목상권,3110643,강서구다솔마을,653,413,240,1,97,165,199,139,52,0,47,101,136,93,36,1,50,64,63,46,16
20201,A,골목상권,3110667,가양역 10번,177,126,51,0,33,32,56,36,20,0,21,20,38,29,18,0,12,12,18,7,2
20201,A,골목상권,3110639,신방화역 8번,534,376,158,1,76,67,89,155,146,1,18,26,52,140,139,0,58,41,37,15,7
20201,A,골목상권,3110641,공항고등학교,345,236,109,2,46,95,100,79,23,1,30,72,61,52,20,1,16,23,39,27,3
20201,A,골목상권,3110633,개화산역 1번,28,14,14,0,0,6,10,7,5,0,0,1,5,3,5,0,0,5,5,4,0
20201,A,골목상권,3110642,정곡초등학교,193,163,30,2,8,14,35,69,65,1,4,10,30,58,60,1,4,4,5,11,5
20201,A,골목상권,3110678,염창무학아파트,285,214,71,1,34,65,92,60,33,1,17,53,72,47,24,0,17,12,20,13,9
20201,A,골목상권,3110653,화곡역 2번,917,494,423,1,191,273,240,171,41,0,79,137,119,135,24,1,112,136,121,36,17
20201,R,전통시장,3130216,화곡중앙시장,75,32,43,0,4,11,21,22,17,0,2,2,9,8,11,0,2,9,12,14,6
20201,R,전통시장,3130215,대원종합시장,9,7,2,0,0,1,0,3,5,0,0,1,0,2,4,0,0,0,0,1,1
20201,A,골목상권,3110661,강서새말어린이공원,126,48,78,0,3,13,30,38,42,0,2,8,10,9,19,0,1,5,20,29,23
20201,A,골목상권,3110664,강서구청옆,111,48,63,0,14,10,31,43,13,0,11,7,10,9,11,0,3,3,21,34,2
20201,A,골목상권,3110663,우장산롯데캐슬아파트앞,279,217,62,0,6,19,48,106,100,0,3,13,26,82,93,0,3,6,22,24,7
20201,R,전통시장,3130219,까치산시장,114,35,79,0,16,17,35,29,17,0,4,6,8,9,8,0,12,11,27,20,9
20201,A,골목상권,3110710,남구로역 3번,606,370,236,3,83,96,105,121,198,3,46,63,63,68,127,0,37,33,42,53,71
20201,R,전통시장,3130223,고척근린시장,42,12,30,0,2,10,12,14,4,0,0,1,1,7,3,0,2,9,11,7,1
20201,R,전통시장,3130224,개봉프라자(고척근린시장),5,4,1,0,0,0,1,2,2,0,0,0,1,1,2,0,0,0,0,1,0
20201,D,발달상권,3120130,구로디지털단지역,1136,620,516,1,169,376,236,212,142,0,59,208,125,125,103,1,110,168,111,87,39
20201,A,골목상권,3110683,오류고등학교,75,46,29,0,12,15,23,18,7,0,9,8,14,8,7,0,3,7,9,10,0
20201,R,전통시장,3130222,오류시장,132,21,111,0,10,26,46,43,7,0,5,1,4,5,6,0,5,25,42,38,1
20201,A,골목상권,3110687,"천왕역 3번(오류2동주민센터, 서울오류남초등학교)",21,16,5,0,2,3,5,6,5,0,1,3,4,4,4,0,1,0,1,2,1
20201,D,발달상권,3120131,가산디지털단지,81127,53423,27704,289,16342,25688,20130,11589,7089,184,8639,17233,14526,7698,5143,105,7703,8455,5604,3891,1946
20201,A,골목상권,3110740,금천해태공원,646,280,366,1,135,134,136,170,70,1,47,54,56,71,51,0,88,80,80,99,19
20201,A,골목상권,3110733,금천어울림복지센터,374,293,81,3,34,89,74,90,84,3,22,67,59,66,76,0,12,22,15,24,8
20201,A,골목상권,3110739,시흥3동 우편취급국,99,77,22,0,4,22,30,27,16,0,1,16,26,21,13,0,3,6,4,6,3
20201,R,전통시장,3130246,영등포청과시장(조광시장),237,126,111,0,24,33,47,77,56,0,9,11,28,39,39,0,15,22,19,38,17
20201,D,발달상권,3120136,영등포구청역,6456,3190,3266,20,1167,1451,1361,1429,1028,12,562,814,730,580,492,8,605,637,631,849,536
20201,A,골목상권,3110794,영동초등학교,622,482,140,0,72,112,182,170,86,0,37,84,150,136,75,0,35,28,32,34,11
20201,A,골목상권,3110775,대동초등학교,59,28,31,0,4,13,20,14,8,0,1,6,6,9,6,0,3,7,14,5,2
20201,D,발달상권,3120140,문래동주민센터,6184,3312,2872,22,1447,1843,1639,925,308,11,558,994,994,525,230,11,889,849,645,400,78
20201,A,골목상권,3110814,서울지방병무청,673,364,309,1,51,117,155,236,113,1,23,79,97,104,60,0,28,38,58,132,53
20201,R,전통시장,3130259,대신시장,14,10,4,0,1,0,5,4,4,0,1,0,3,3,3,0,0,0,2,1,1
20201,A,골목상권,3110802,신길동홍어거리,336,159,177,1,59,113,86,61,16,0,18,45,44,40,12,1,41,68,42,21,4
20201,A,골목상권,3110791,신풍역 3번,25,17,8,0,1,5,9,9,1,0,0,2,6,8,1,0,1,3,3,1,0
20201,R,전통시장,3130241,선유도역 골목형상점가,500,253,247,0,95,93,123,136,53,0,39,49,66,67,32,0,56,44,57,69,21
20201,A,골목상권,3110773,당산역 13번,161,127,34,0,24,40,31,22,44,0,20,33,19,18,37,0,4,7,12,4,7
20201,D,발달상권,3120145,영등포역(영등포),3856,1817,2039,22,673,1021,921,702,517,0,202,441,486,388,300,22,471,580,435,314,217
20201,A,골목상권,3110796,한림대학교한강성심병원,87,52,35,1,7,19,26,19,15,0,4,11,17,9,11,1,3,8,9,10,4
20201,R,전통시장,3130267,본동인정시장(기능상실),59,41,18,0,6,10,12,15,16,0,4,7,9,8,13,0,2,3,3,7,3
20201,D,발달상권,3120153,노량진역(노량진),3600,1756,1844,10,508,1172,906,675,329,2,185,464,433,450,222,8,323,708,473,225,107
20201,D,발달상권,3120160,사당역(사당),9153,4750,4403,14,1560,2594,2716,1534,735,4,617,1307,1324,997,501,10,943,1287,1392,537,234
20201,R,전통시장,3130274,사당1동먹자골목상점가(사당1동먹자골목),389,218,171,4,91,100,81,63,50,3,45,64,37,35,34,1,46,36,44,28,16
20201,A,골목상권,3110849,이수역 10번,220,130,90,1,37,52,58,40,32,0,12,33,34,25,26,1,25,19,24,15,6
20201,A,골목상권,3110845,사당종합체육관,101,50,51,0,8,17,35,26,15,0,5,8,19,9,9,0,3,9,16,17,6
20201,A,골목상권,3110846,남성역 1번,535,290,245,1,66,120,146,135,67,0,25,59,78,74,54,1,41,61,68,61,13
20201,A,골목상권,3110838,상도1동주민센터앞,131,122,9,0,3,32,30,35,31,0,3,27,27,35,30,0,0,5,3,0,1
20201,A,골목상권,3110826,장승배기역 4번,366,149,217,2,20,37,57,103,147,1,8,22,28,38,52,1,12,15,29,65,95
20201,A,골목상권,3110842,흑리단길,53,22,31,0,10,9,10,16,8,0,4,3,5,5,5,0,6,6,5,11,3
20201,A,골목상권,3110895,샤로수길,1796,1222,574,3,307,721,360,233,172,2,170,534,234,152,130,1,137,187,126,81,42
20201,A,골목상권,3110862,난곡초등학교(난곡동벽화마을),84,41,43,0,4,13,14,34,19,0,2,6,11,15,7,0,2,7,3,19,12
20201,A,골목상권,3110881,구립대학경로당(관악산샘말공원),1580,1288,292,1,317,450,449,266,97,1,225,374,391,229,68,0,92,76,58,37,29
20201,A,골목상권,3110868,남부초등학교,232,126,106,0,20,29,45,49,89,0,11,23,22,28,42,0,9,6,23,21,47
20201,A,골목상권,3110884,봉천역 4번(봉천110안전센터),372,284,88,1,17,30,61,98,165,0,1,8,49,84,142,1,16,22,12,14,23
20201,R,전통시장,3130277,조원동 펭귄시장(신림중앙시장),98,56,42,1,15,26,31,19,6,1,8,18,16,9,4,0,7,8,15,10,2
20201,R,전통시장,3130293,봉천중앙시장,154,42,112,0,17,13,29,46,49,0,5,7,14,14,2,0,12,6,15,32,47
20201,R,전통시장,3130290,영림시장,417,183,234,0,74,101,107,92,43,0,14,49,43,44,33,0,60,52,64,48,10
20201,A,골목상권,3110945,본마을노인복지센터(서초구립내곡도서관),191,114,77,3,44,57,37,33,17,3,14,31,25,28,13,0,30,26,12,5,4
20201,D,발달상권,3120176,논현역 4번,893,566,327,1,130,216,195,168,183,1,67,126,129,106,137,0,63,90,66,62,46
20201,A,골목상권,3110904,이수역 5번,835,468,367,4,167,217,239,139,69,1,90,125,135,59,58,3,77,92,104,80,11
20201,A,골목상권,3110911,방배배수지체육공원,29,22,7,0,6,3,7,5,8,0,6,2,4,4,6,0,0,1,3,1,2
20201,A,골목상권,3110923,방배역 1번,210,153,57,0,34,56,55,41,24,0,21,38,42,34,18,0,13,18,13,7,6
20201,D,발달상권,3120173,교대역(법원.검찰청),18222,10456,7766,74,3270,5403,4730,3072,1673,29,1419,3004,2846,1897,1261,45,1851,2399,1884,1175,412
20201,D,발달상권,3120189,강남역,72613,38819,33794,234,17636,24305,18411,9151,2876,59,6629,13226,10962,5914,2029,175,11007,11079,7449,3237,847
20201,D,발달상권,3120171,서초3동사거리,11750,6206,5544,15,1990,3845,2551,1862,1487,6,827,1746,1496,1064,1067,9,1163,2099,1055,798,420
20201,A,골목상권,3110925,서초중학교,874,497,377,0,104,137,244,222,167,0,38,65,146,132,116,0,66,72,98,90,51
20201,D,발달상권,3120181,교육개발원입구사거리,7278,4440,2838,316,2978,1563,1247,730,444,145,1506,983,939,536,331,171,1472,580,308,194,113
20201,A,골목상권,3110939,양재역 8번(양재동우체국),5949,4099,1850,23,970,1420,1461,1174,901,15,499,989,1053,799,744,8,471,431,408,375,157
20201,D,발달상권,3120182,"양재시민의숲역(양재동꽃시장, aT센터)",6231,4311,1920,34,1059,1675,1508,1267,688,14,546,1157,1111,930,553,20,513,518,397,337,135
20201,R,전통시장,3130310,강남개포시장,298,173,125,0,29,56,71,82,60,0,8,23,42,56,44,0,21,33,29,26,16
20201,A,골목상권,3110957,언북중학교,1251,831,420,1,262,379,317,147,145,1,146,241,215,109,119,0,116,138,102,38,26
20201,D,발달상권,3120217,대치사거리,2779,1478,1301,11,552,771,700,452,293,10,220,379,381,264,224,1,332,392,319,188,69
20201,A,골목상권,3110989,대치동아우편취급국,444,270,174,9,90,148,75,68,54,0,43,102,43,44,38,9,47,46,32,24,16
20201,A,골목상권,3110965,언주역 6번,1139,788,351,1,174,379,378,142,65,1,104,276,284,74,49,0,70,103,94,68,16
20201,D,발달상권,3120206,개나리아파트,5243,3354,1889,87,1658,1413,1080,655,350,27,866,955,775,456,275,60,792,458,305,199,75
20201,A,골목상권,3110976,언북초등학교,578,332,246,1,111,188,126,86,66,0,41,115,83,49,44,1,70,73,43,37,22
20201,A,골목상권,3111036,투구봉어린이공원,209,119,90,1,22,40,55,62,29,1,7,20,26,39,26,0,15,20,29,23,3
20201,R,전통시장,3130315,문정동 로데오거리 상점가(문정동 로데오거리),1382,812,570,6,315,293,263,252,253,3,118,169,166,146,210,3,197,124,97,106,43
20201,D,발달상권,3120234,가락시장역,10280,6234,4046,11,1351,2492,2151,1680,2595,3,587,1469,1440,929,1806,8,764,1023,711,751,789
20201,R,전통시장,3130317,마천중앙시장,107,77,30,0,15,35,24,17,16,0,11,24,12,14,16,0,4,11,12,3,0
20201,R,전통시장,3130316,마천시장,18,9,9,0,3,3,2,10,0,0,2,2,2,3,0,0,1,1,0,7,0
20201,D,발달상권,3120229,방이동먹자골목,7319,4732,2587,12,1062,2182,1915,1302,846,5,588,1347,1338,913,541,7,474,835,577,389,305
20201,D,발달상권,3120233,몽촌토성역,10419,5740,4679,28,1795,2730,2265,2158,1443,22,1125,1855,1199,788,751,6,670,875,1066,1370,692
20201,A,골목상권,3111009,송파책박물관,130,94,36,1,13,38,28,24,26,0,11,32,18,15,18,1,2,6,10,9,8
20201,D,발달상권,3120230,송파사거리(송파역),876,470,406,4,96,176,202,193,205,1,38,99,115,92,125,3,58,77,87,101,80
20201,A,골목상권,3111013,송파나루역 1번(송리단길),2234,1456,778,8,320,568,650,435,253,3,160,384,445,290,174,5,160,184,205,145,79
20201,A,골목상권,3111039,벌말어린이공원,485,353,132,8,85,125,121,94,52,8,51,89,88,72,45,0,34,36,33,22,7
20201,D,발달상권,3120247,굽은다리역,572,312,260,4,91,119,146,104,108,1,37,77,74,56,67,3,54,42,72,48,41
20201,R,전통시장,3130321,장신구 특화거리 상점가,433,269,164,0,92,114,88,92,47,0,43,72,56,61,37,0,49,42,32,31,10
20201,A,골목상권,3111058,성내중학교,451,317,134,0,51,92,129,121,58,0,37,63,90,82,45,0,14,29,39,39,13
20201,A,골목상권,3111055,선사초등학교,673,29,644,0,14,28,137,373,121,0,4,7,8,6,4,0,10,21,129,367,117
20201,A,골목상권,3111075,굽은다리역 2번,193,114,79,0,14,42,54,52,31,0,14,28,24,31,17,0,0,14,30,21,14
20201,A,골목상권,3111063,강동구립 천호도서관,368,182,186,0,25,44,81,85,133,0,5,15,21,30,111,0,20,29,60,55,22
20201,A,골목상권,3110009,자하문터널,930,456,474,0,207,326,226,121,50,0,91,162,105,63,35,0,116,164,121,58,15
20201,D,발달상권,3120003,광화문역,43873,26821,17052,79,6380,12841,13071,8035,3467,12,2643,7543,8935,5616,2072,67,3737,5298,4136,2419,1395
20201,A,골목상권,3110033,창신역 4번,166,89,77,0,26,42,35,40,23,0,6,22,17,25,19,0,20,20,18,15,4
20201,R,전통시장,3130021,신설종합시장,50,37,13,1,1,10,12,13,13,0,0,9,10,10,8,1,1,1,2,3,5
20201,A,골목상권,3110023,서울대병원,92,33,59,0,9,24,23,20,16,0,3,7,10,5,8,0,6,17,13,15,8
20201,D,발달상권,3120012,대학로(혜화역),2004,901,1103,7,350,585,490,309,263,2,103,201,243,166,186,5,247,384,247,143,77
20201,D,발달상권,3120009,종로3가역,8495,4786,3709,19,1355,2296,2026,1582,1217,8,563,1230,1198,953,834,11,792,1066,828,629,383
20201,R,전통시장,3130009,마전교지하쇼핑센터(구 한일상가),24,16,8,0,0,2,3,7,12,0,0,2,2,4,8,0,0,0,1,3,4
20201,A,골목상권,3110022,경신고등학교,506,385,121,11,133,157,117,54,34,10,99,119,89,42,26,1,34,38,28,12,8
20201,D,발달상권,3120034,중구청(퇴계로4가),1545,1050,495,7,108,228,400,440,362,5,48,129,262,327,279,2,60,99,138,113,83
20201,D,발달상권,3120022,북창동(시청역_6번),5197,3160,2037,24,1010,1611,1149,767,636,2,391,936,852,543,436,22,619,675,297,224,200
20201,D,발달상권,3120019,경찰청앞교차로,5958,3146,2812,26,1051,2221,1625,793,242,8,274,1044,982,619,219,18,777,1177,643,174,23
20201,R,전통시장,3130050,청평화시장,233,96,137,2,54,70,50,40,17,1,22,32,12,21,8,1,32,38,38,19,9
20201,R,전통시장,3130327,"평화시장(남평화시장, 제일평화시장, 신평화패션타운)",169,107,62,1,8,31,43,42,44,1,1,19,30,27,29,0,7,12,13,15,15
20201,A,골목상권,3110044,관성묘,405,300,105,0,50,135,145,51,24,0,24,90,125,44,17,0,26,45,20,7,7
20201,A,골목상권,3110074,서울역 12번,8149,1751,6398,152,5985,1340,330,181,161,9,598,652,233,134,125,143,5387,688,97,47,36
20201,A,골목상권,3110081,해방촌 남동측,231,122,109,0,45,63,54,42,27,0,14,35,27,23,23,0,31,28,27,19,4
20201,A,골목상권,3110084,경리단길북측,315,168,147,0,47,85,84,57,42,0,23,36,39,36,34,0,24,49,45,21,8
20201,A,골목상권,3110071,한강미주맨션아파트,315,191,124,0,42,85,69,57,62,0,21,46,40,42,42,0,21,39,29,15,20
20201,R,전통시장,3130061,이태원시장,32,20,12,0,18,3,4,6,1,0,12,1,3,3,1,0,6,2,1,3,0
20201,A,골목상권,3110590,만리재,97,50,47,0,19,23,23,25,7,0,6,12,11,16,5,0,13,11,12,9,2
20201,R,전통시장,3130057,만리시장,12,9,3,0,0,2,1,4,5,0,0,1,1,3,4,0,0,1,0,1,1
20201,A,골목상권,3110070,용산세무서,184,130,54,0,21,54,55,24,30,0,8,37,41,18,26,0,13,17,14,6,4
20201,A,골목상권,3110062,한강로동땡땡거리(은행나무길),1506,884,622,9,319,423,319,208,228,6,142,225,216,138,157,3,177,198,103,70,71
20201,A,골목상권,3110079,후암동주민센터,1084,584,500,4,223,262,267,196,132,3,73,156,156,105,91,1,150,106,111,91,41
20201,R,전통시장,3130069,"한양대앞상점가(한양시장, 왕십리맛골목)",32,19,13,0,6,6,4,8,8,0,4,4,0,5,6,0,2,2,4,3,2
20201,A,골목상권,3110101,옥정중학교,218,121,97,0,55,51,65,31,16,0,24,34,43,13,7,0,31,17,22,18,9
20201,A,골목상권,3110102,옥수역 6번,175,116,59,0,22,39,48,41,25,0,11,21,31,31,22,0,11,18,17,10,3
20201,R,전통시장,3130065,무학봉상점가,181,71,110,0,29,39,47,42,24,0,4,11,15,23,18,0,25,28,32,19,6
20201,A,골목상권,3110179,광나루역 1번,911,620,291,0,142,209,188,233,139,0,82,160,157,154,67,0,60,49,31,79,72
20201,A,골목상권,3110180,광진정보도서관,5440,3602,1838,17,1593,2056,1086,499,189,5,872,1464,782,331,148,12,721,592,304,168,41
20201,D,발달상권,3120058,구의사거리,688,333,355,2,92,158,174,181,81,1,33,79,80,77,63,1,59,79,94,104,18
20201,D,발달상권,3120060,강변역(테크노마트),3189,2348,841,12,402,686,870,703,516,2,209,509,686,549,393,10,193,177,184,154,123
20201,A,골목상권,3110159,구의역 4번,663,391,272,1,125,115,158,132,132,1,58,62,85,87,98,0,67,53,73,45,34
20201,R,전통시장,3130074,영동교골목시장,21,15,6,0,6,9,2,3,1,0,3,9,0,2,1,0,3,0,2,1,0
20201,A,골목상권,3110153,중곡1동주민센터,241,83,158,1,42,57,67,57,17,0,14,22,22,17,8,1,28,35,45,40,9
20201,A,골목상권,3110142,화양사거리,215,108,107,1,37,47,45,53,32,1,20,25,24,17,21,0,17,22,21,36,11
20201,A,골목상권,3110148,어린이대공원역 3번,17,12,5,0,3,3,6,5,0,0,0,2,5,5,0,0,3,1,1,0,0
20201,R,전통시장,3130096,동부시장,14,9,5,0,0,0,1,1,12,0,0,0,0,0,9,0,0,0,1,1,3
20201,A,골목상권,3110183,한국의류시험연구원,839,447,392,3,238,307,149,75,67,1,88,162,81,58,57,2,150,145,68,17,10
20201,R,전통시장,3130089,청량리수산시장,42,33,9,0,4,7,16,6,9,0,3,7,12,4,7,0,1,0,4,2,2
20201,R,전통시장,3130098,회기시장,55,17,38,0,9,14,15,12,5,0,2,3,4,6,2,0,7,11,11,6,3
20201,A,골목상권,3110228,장안근린공원,1992,1184,808,40,1381,313,92,101,65,24,788,223,60,54,35,16,593,90,32,47,30
20201,R,전통시장,3130104,전곡시장,93,54,39,0,8,17,28,26,14,0,5,8,16,13,12,0,3,9,12,13,2
20201,D,발달상권,3120063,청량리역(청량리),1209,528,681,3,226,225,249,252,254,2,66,88,96,117,159,1,160,137,153,135,95
20201,A,골목상권,3110210,서울시립대,341,253,88,1,9,19,24,34,254,1,4,12,10,21,205,0,5,7,14,13,49
20201,A,골목상권,3110197,세종대왕기념관교차로,67,46,21,0,8,19,26,9,5,0,4,15,19,7,1,0,4,4,7,2,4
20201,D,발달상권,3120064,경희대학교(경희대),97,44,53,0,14,27,21,13,22,0,9,13,10,4,8,0,5,14,11,9,14
20201,A,골목상권,3110243,중랑노인종합복지관,298,114,184,1,30,49,74,104,40,0,5,21,37,31,20,1,25,28,37,73,20
20201,A,골목상권,3110259,사가정역 1번,543,425,118,2,48,108,172,159,54,2,29,73,131,140,50,0,19,35,41,19,4
20201,A,골목상권,3110269,용마문화복지센터,169,98,71,0,19,53,52,28,17,0,13,32,30,19,4,0,6,21,22,9,13
20201,A,골목상권,3110252,장안제일시장,712,505,207,1,64,101,159,195,192,1,42,73,87,131,171,0,22,28,72,64,21
20201,R,전통시장,3130111,"동원전통종합시장(동원시장, 동원전통시장 상점가)",224,109,115,0,24,37,49,82,32,0,11,17,21,38,22,0,13,20,28,44,10
20201,A,골목상권,3110247,먹골역 1번,381,176,205,0,54,79,123,81,44,0,21,30,55,39,31,0,33,49,68,42,13
20201,A,골목상권,3110255,상봉역 4번,327,208,119,0,39,52,78,92,66,0,20,24,46,62,56,0,19,28,32,30,10
20201,A,골목상권,3110262,상봉역 3번,1530,878,652,2,221,447,542,268,50,0,119,337,281,107,34,2,102,110,261,161,16
20201,A,골목상권,3110271,신내역 1번,97,74,23,0,8,17,25,29,18,0,5,14,18,23,14,0,3,3,7,6,4
20201,A,골목상권,3110251,장안중학교,147,104,43,0,8,34,46,39,20,0,3,23,34,27,17,0,5,11,12,12,3
20201,A,골목상권,3110244,중화역 4번,250,175,75,1,8,26,49,44,122,1,4,11,32,30,97,0,4,15,17,14,25
20201,A,골목상권,3110296,성신여대입구역 4번,77,39,38,1,7,12,30,11,16,1,3,7,15,8,5,0,4,5,15,3,11
20201,A,골목상권,3110297,경동고등학교,654,311,343,0,74,123,156,164,137,0,31,65,74,79,62,0,43,58,82,85,75
20201,D,발달상권,3120071,성북구청,255,127,128,0,36,55,64,62,38,0,14,22,38,31,22,0,22,33,26,31,16
20201,A,골목상권,3110280,북정마을,73,38,35,0,7,10,22,23,11,0,3,3,9,15,8,0,4,7,13,8,3
20201,R,전통시장,3130122,밤나무골시장,17,5,12,0,2,4,6,4,1,0,1,1,2,1,0,0,1,3,4,3,1
20201,D,발달상권,3120075,월곡역,369,213,156,1,40,86,97,67,78,0,17,48,54,44,50,1,23,38,43,23,28
20201,R,전통시장,3130123,꿈의숲 장곡 골목형상점가,6,5,1,0,1,0,1,4,0,0,1,0,1,3,0,0,0,0,0,1,0
20201,A,골목상권,3110287,정릉3동주민센터,70,50,20,0,9,12,18,19,12,0,5,8,15,12,10,0,4,4,3,7,2
20201,A,골목상권,3110317,종암중학교,411,206,205,0,33,120,153,85,20,0,14,47,78,58,9,0,19,73,75,27,11
20201,D,발달상권,3120076,수유역,1930,865,1065,7,241,303,422,465,492,4,62,102,176,240,281,3,179,201,246,225,211
20201,R,전통시장,3130142,강북북부시장,7,5,2,0,1,1,0,2,3,0,0,1,0,2,2,0,1,0,0,0,1
20201,A,골목상권,3110375,서울북부고용노동지청,110,55,55,1,12,20,31,32,14,0,8,15,16,11,5,1,4,5,15,21,9
20201,R,전통시장,3130134,"솔샘시장(미아6,7동골목시장)",73,30,43,1,7,19,25,18,3,0,3,4,12,8,3,1,4,15,13,10,0
20201,A,골목상권,3110354,삼각산119안전센터,22,5,17,0,2,3,10,5,2,0,0,0,2,1,2,0,2,3,8,4,0
20201,A,골목상권,3110378,송중동주민센터,23,13,10,0,1,4,6,9,3,0,1,2,2,6,2,0,0,2,4,3,1
20201,R,전통시장,3130138,수유프라자,142,24,118,1,31,24,16,42,28,0,1,4,5,4,10,1,30,20,11,38,18
20201,R,전통시장,3130136,수유재래시장,32,13,19,0,6,5,8,6,7,0,2,1,0,3,7,0,4,4,8,3,0
20201,R,전통시장,3130133,우이골목시장(우이시장),69,61,8,0,7,7,19,20,16,0,6,6,17,17,15,0,1,1,2,3,1
20201,A,골목상권,3110350,가오리역 2번,148,77,71,0,11,27,37,49,24,0,5,11,18,26,17,0,6,16,19,23,7
20201,A,골목상권,3110410,방학역 2번,957,833,124,3,75,187,185,224,283,2,61,162,154,194,260,1,14,25,31,30,23
20201,A,골목상권,3110411,도봉역 3번,421,379,42,0,13,31,61,141,175,0,11,20,48,133,167,0,2,11,13,8,8
20201,A,골목상권,3110400,도봉구보건소,191,111,80,0,20,35,53,51,32,0,9,22,32,26,22,0,11,13,21,25,10
20201,R,전통시장,3130146,쌍문시장(쌍문역골목시장),263,124,139,0,29,33,54,80,67,0,10,12,28,32,42,0,19,21,26,48,25
20201,R,전통시장,3130147,쌍문역동측상점가,69,32,37,0,7,17,18,9,18,0,2,6,10,5,9,0,5,11,8,4,9
20201,A,골목상권,3110399,창2동주민센터,849,516,333,8,110,207,262,192,70,8,69,157,137,97,48,0,41,50,125,95,22
20201,R,전통시장,3130153,창동역상점가,229,138,91,0,18,48,54,56,53,0,7,31,30,31,39,0,11,17,24,25,14
20201,A,골목상권,3110409,창동역 2번,396,202,194,0,33,43,83,109,128,0,12,29,59,45,57,0,21,14,24,64,71
20201,D,발달상권,3120086,태릉입구역,382,205,177,0,42,78,82,102,78,0,24,43,35,49,54,0,18,35,47,53,24
20201,A,골목상권,3110434,태릉입구역 4번,121,62,59,0,13,11,24,35,38,0,3,2,12,22,23,0,10,9,12,13,15
20201,D,발달상권,3120081,노원역,1552,508,1044,9,369,295,343,307,229,2,66,87,125,121,107,7,303,208,218,186,122
20201,A,골목상권,3110426,상계2동주민센터,337,169,168,0,32,57,83,96,69,0,15,30,39,45,40,0,17,27,44,51,29
20201,A,골목상권,3110414,장석교회,66,51,15,0,7,16,15,20,8,0,5,13,11,17,5,0,2,3,4,3,3
20201,A,골목상권,3110465,연신내역 7번,240,119,121,3,38,52,57,54,36,2,12,29,25,25,26,1,26,23,32,29,10
20201,A,골목상권,3110490,녹번동근린공원,311,170,141,0,30,65,86,76,54,0,11,31,48,45,35,0,19,34,38,31,19
20201,A,골목상권,3110489,불광역 3번,35,25,10,0,3,7,10,10,5,0,3,4,7,6,5,0,0,3,3,4,0
20201,A,골목상권,3110479,연신내역 2번,318,181,137,1,50,84,68,69,46,0,28,71,35,32,15,1,22,13,33,37,31
20201,R,전통시장,3130165,"대림골목시장(대림시장, 양지시장)",214,34,180,0,20,45,56,62,31,0,1,7,5,11,10,0,19,38,51,51,21
20201,A,골목상권,3110492,하나고등학교,238,38,200,1,5,13,11,95,113,0,0,7,7,8,16,1,5,6,4,87,97
20201,A,골목상권,3110493,북가좌초등학교,892,830,62,0,2,19,27,80,764,0,0,12,22,68,728,0,2,7,5,12,36
20201,A,골목상권,3110514,서대문우체국,86,19,67,0,26,26,17,9,8,0,0,4,7,4,4,0,26,22,10,5,4
20201,A,골목상권,3110508,서연중학교,947,425,522,9,139,241,158,245,155,3,62,148,74,76,62,6,77,93,84,169,93
20201,A,골목상권,3110513,연희파출소,457,241,216,0,51,87,110,130,79,0,17,46,58,69,51,0,34,41,52,61,28
20201,A,골목상권,3110518,서대문구청,129,72,57,0,22,38,30,23,16,0,6,19,22,15,10,0,16,19,8,8,6
20201,A,골목상권,3110535,영천시장입구,488,333,155,2,36,65,112,164,109,2,19,35,78,130,69,0,17,30,34,34,40
20201,A,골목상권,3110538,충정로역 3번,284,178,106,0,12,42,56,66,108,0,5,27,35,42,69,0,7,15,21,24,39
20201,A,골목상권,3110525,홍은종합사회복지관,61,17,44,0,10,12,15,10,14,0,1,3,0,4,9,0,9,9,15,6,5
20201,A,골목상권,3110515,홍은중학교,396,312,84,1,45,118,119,68,45,1,33,93,94,52,39,0,12,25,25,16,6
20201,A,골목상권,3110583,공덕래미안3차아파트,12,7,5,0,2,3,1,1,5,0,1,2,1,0,3,0,1,1,0,1,2
20201,A,골목상권,3110562,연트럴파크(연남동주민센터),426,237,189,1,73,118,96,94,44,1,29,76,55,44,32,0,44,42,41,50,12
20201,R,전통시장,3130192,동진시장,10,6,4,0,1,1,4,3,1,0,1,1,1,2,1,0,0,0,3,1,0
20201,R,전통시장,3130194,용강동 상점가,875,502,373,0,103,131,179,170,292,0,39,75,104,114,170,0,64,56,75,56,122
20201,A,골목상권,3110577,용강동주민센터,145,105,40,0,15,42,47,31,10,0,12,31,38,17,7,0,3,11,9,14,3
20201,A,골목상권,3110559,성산중학교,757,474,283,4,102,187,203,167,94,3,54,102,127,118,70,1,48,85,76,49,24
20201,R,전통시장,3130203,서서울 골목형상점가,34,7,27,0,2,7,10,12,3,0,0,0,2,4,1,0,2,7,8,8,2
20201,R,전통시장,3130204,경창시장,102,51,51,0,5,12,29,27,29,0,2,5,13,16,15,0,3,7,16,11,14
20201,A,골목상권,3110593,신월3동주민센터,304,157,147,0,38,65,76,87,38,0,12,32,45,44,24,0,26,33,31,43,14
20201,A,골목상권,3110605,목동센트럴아이파크앞,155,89,66,0,15,22,26,47,45,0,5,15,11,27,31,0,10,7,15,20,14
20201,A,골목상권,3110634,송정역 3번,664,434,230,0,64,143,178,145,134,0,33,90,116,101,94,0,31,53,62,44,40
20201,D,발달상권,3120116,송정역,117,64,53,0,17,27,28,20,25,0,9,11,15,10,19,0,8,16,13,10,6
20201,A,골목상권,3110637,송정역 2번,560,358,202,4,67,121,116,154,98,0,34,74,81,100,69,4,33,47,35,54,29
20201,A,골목상권,3110644,신광명마을,336,288,48,1,26,28,58,105,118,1,8,17,51,97,114,0,18,11,7,8,4
20201,A,골목상권,3110673,뜸부기어린이공원,253,143,110,0,37,52,62,64,38,0,21,29,31,34,28,0,16,23,31,30,10
20201,A,골목상권,3110717,남구로역 2번,570,271,299,0,108,155,142,104,61,0,49,84,75,34,29,0,59,71,67,70,32
20201,R,전통시장,3130225,개봉중앙시장,147,59,88,0,15,21,39,44,28,0,3,4,19,22,11,0,12,17,20,22,17
20201,A,골목상권,3110704,고척중학교,62,36,26,0,12,23,10,12,5,0,7,12,3,11,3,0,5,11,7,1,2
20201,A,골목상권,3110711,구로초등학교,815,329,486,4,62,122,165,287,175,2,26,70,81,74,76,2,36,52,84,213,99
20201,A,골목상권,3110719,영서중학교,19,15,4,0,0,4,2,3,10,0,0,2,2,3,8,0,0,2,0,0,2
20201,D,발달상권,3120127,구로구청,5871,3858,2013,6,600,1211,1435,1436,1183,5,362,967,1048,802,674,1,238,244,387,634,509
20201,A,골목상권,3110681,온수역 1번,94,70,24,0,6,30,30,17,11,0,5,22,21,12,10,0,1,8,9,5,1
20201,A,골목상권,3110686,수궁동주민센터,406,211,195,0,34,67,104,115,86,0,16,31,64,55,45,0,18,36,40,60,41
20201,A,골목상권,3110724,금천구립가산도서관,364,254,110,1,42,76,120,89,36,1,33,60,90,45,25,0,9,16,30,44,11
20201,A,골목상권,3110737,금천세무서,502,323,179,8,77,85,96,116,120,0,28,49,51,91,104,8,49,36,45,25,16
20201,A,골목상권,3110751,난곡중학교,733,399,334,2,48,217,242,177,47,2,21,117,128,91,40,0,27,100,114,86,7
20201,R,전통시장,3130238,은행나무시장,113,71,42,0,22,24,31,22,14,0,13,16,22,14,6,0,9,8,9,8,8
20201,A,골목상권,3110770,영등포구청역 6번,263,191,72,1,45,49,77,45,46,1,24,41,54,28,43,0,21,8,23,17,3
20201,A,골목상권,3110774,당산반도유보라팰리스아파트,472,355,117,0,59,119,131,96,67,0,34,81,109,80,51,0,25,38,22,16,16
20201,A,골목상권,3110784,신대림초등학교,76,42,34,0,3,11,18,36,8,0,0,7,12,18,5,0,3,4,6,18,3
20201,D,발달상권,3120142,대림역,1551,846,705,2,234,279,348,384,304,0,69,143,190,230,214,2,165,136,158,154,90
20201,A,골목상권,3110790,대림1동주민센터,741,337,404,1,74,163,282,161,60,1,46,71,89,77,53,0,28,92,193,84,7
20201,A,골목상권,3110767,도림동주민센터,11,0,11,0,4,3,3,1,0,0,0,0,0,0,0,0,4,3,3,1,0
20201,R,전통시장,3130243,도림시장,7,5,2,0,0,1,4,0,2,0,0,1,3,0,1,0,0,0,1,0,1
20201,A,골목상권,3110816,대방역 6번,517,401,116,1,72,136,153,67,88,1,49,108,114,49,80,0,23,28,39,18,8
20201,A,골목상권,3110795,도림초등학교,533,356,177,0,20,49,80,128,256,0,8,36,48,74,190,0,12,13,32,54,66
20201,A,골목상권,3110805,신길새마을금고신길4동지점,45,27,18,0,6,12,12,8,7,0,2,7,6,5,7,0,4,5,6,3,0
20201,A,골목상권,3110797,KT대방빌딩,47,8,39,1,6,8,12,10,10,0,0,0,1,2,5,1,6,8,11,8,5
20201,D,발달상권,3120147,보라매역,1947,1238,709,5,286,452,370,367,467,2,93,310,249,264,320,3,193,142,121,103,147
20201,A,골목상권,3110760,선유도역 6번,1792,1091,701,8,273,444,499,376,192,6,170,256,275,219,165,2,103,188,224,157,27
20201,D,발달상권,3120149,여의도역(여의도),69255,45888,23367,184,11383,22550,19240,12096,3802,34,5884,14085,14147,9350,2388,150,5499,8465,5093,2746,1414
20201,D,발달상권,3120148,국회의사당역(국회의사당),31135,19451,11684,82,6815,10231,7641,4493,1873,27,3082,6187,5424,3397,1334,55,3733,4044,2217,1096,539
20201,R,전통시장,3130248,영등포역지하도상점가,69,35,34,0,9,26,17,14,3,0,6,13,9,4,3,0,3,13,8,10,0
20201,A,골목상권,3110829,장승배기역 5번,534,416,118,0,195,137,78,52,72,0,177,106,49,39,45,0,18,31,29,13,27
20201,A,골목상권,3110848,양지어린이공원,486,307,179,0,36,68,152,132,98,0,6,39,85,93,84,0,30,29,67,39,14
20201,R,전통시장,3130271,남성역골목시장,467,268,199,1,36,33,39,47,311,1,12,20,22,16,197,0,24,13,17,31,114
20201,A,골목상권,3110837,숭실대입구역 1번,360,184,176,1,39,72,80,79,89,0,19,29,39,32,65,1,20,43,41,47,24
20201,R,전통시장,3130262,상도도깨비 골목형상점가,21,13,8,0,0,4,10,4,3,0,0,4,6,1,2,0,0,0,4,3,1
20201,A,골목상권,3110825,신대방삼거리역 1번,319,207,112,0,33,63,96,72,55,0,23,41,58,47,38,0,10,22,38,25,17
20201,R,전통시장,3130261,성대전통시장(성대시장),211,104,107,0,15,47,61,61,27,0,4,26,33,23,18,0,11,21,28,38,9
20201,R,전통시장,3130264,상도약수골목형상점가,65,35,30,1,14,8,15,20,7,0,4,3,9,12,7,1,10,5,6,8,0
20201,A,골목상권,3110823,신대방삼거리역 3번,472,242,230,0,30,45,83,121,193,0,17,26,40,42,117,0,13,19,43,79,76
20201,A,골목상권,3110844,흑석2치안센터,11,7,4,0,2,2,4,0,3,0,1,2,2,0,2,0,1,0,2,0,1
20201,R,전통시장,3130282,난곡 골목형상점가,20,8,12,0,4,2,10,4,0,0,2,1,4,1,0,0,2,1,6,3,0
20201,A,골목상권,3110865,남강고등학교(남강중학교),270,116,154,4,57,53,59,61,36,2,10,23,23,31,27,2,47,30,36,30,9
20201,A,골목상권,3110902,사당역 4번,1184,729,455,1,189,266,295,248,185,0,82,168,204,156,119,1,107,98,91,92,66
20201,A,골목상권,3110887,서울산업정보학교(서울삼성초등학교),12,5,7,0,1,3,4,4,0,0,0,0,1,4,0,0,1,3,3,0,0
20201,A,골목상권,3110860,호림박물관(성보고등학교),410,314,96,1,57,102,66,110,74,1,44,84,47,78,60,0,13,18,19,32,14
20201,A,골목상권,3110883,은천초등학교(은천교앞),208,124,84,2,21,43,70,48,24,1,12,25,42,28,16,1,9,18,28,20,8
20201,R,전통시장,3130288,신림현대종합상가,2,0,2,0,1,1,0,0,0,0,0,0,0,0,0,0,1,1,0,0,0
20201,A,골목상권,3110894,관악동부센트레빌아파트(은천로35라길),20,8,12,0,2,4,3,6,5,0,0,2,1,2,3,0,2,2,2,4,2
20201,A,골목상권,3110869,"신림역 5번(신림동주민센터, 신림동별빛거리)",1026,681,345,1,79,136,248,233,329,1,36,73,143,155,273,0,43,63,105,78,56
20201,A,골목상권,3110877,신림역 8번,319,154,165,2,23,63,86,80,65,0,10,30,36,39,39,2,13,33,50,41,26
20201,R,전통시장,3130289,봉일시장,36,20,16,1,1,2,5,14,13,0,0,1,5,3,11,1,1,1,0,11,2
20201,A,골목상권,3110853,KT구로지사,217,130,87,0,21,49,65,51,31,0,9,27,44,28,22,0,12,22,21,23,9
20201,A,골목상권,3110897,서울대입구역 8번,219,139,80,0,16,45,69,64,25,0,7,24,40,44,24,0,9,21,29,20,1
20201,D,발달상권,3120167,고속터미널(고속터미널역),6925,4543,2382,24,790,1577,1689,1525,1320,10,416,1110,1328,1046,633,14,374,467,361,479,687
20201,A,골목상권,3110924,반포4동주민센터(몽마르뜨공원),1071,732,339,5,171,236,323,252,84,1,78,150,243,200,60,4,93,86,80,52,24
20201,A,골목상권,3110922,내방역 1번,219,112,107,1,42,47,47,42,40,0,13,23,27,23,26,1,29,24,20,19,14
20201,A,골목상권,3110909,남태령역(서울전자고등학교),132,97,35,1,11,29,23,34,34,1,4,19,16,29,28,0,7,10,7,5,6
20201,D,발달상권,3120163,사당역 11번(사당역먹자골목),491,290,201,0,55,119,99,86,132,0,28,73,57,50,82,0,27,46,42,36,50
20201,A,골목상권,3110929,남부터미널역 1번,21130,10703,10427,21,4446,4558,3912,7143,1050,4,1209,1890,1718,5123,759,17,3237,2668,2194,2020,291
20201,D,발달상권,3120168,서울고교교차로,794,492,302,1,124,237,200,130,102,0,48,130,143,98,73,1,76,107,57,32,29
20201,R,전통시장,3130301,양재시장,89,47,42,0,24,20,24,9,12,0,7,13,15,4,8,0,17,7,9,5,4
20201,A,골목상권,3110946,청계산원터골,41,21,20,0,2,4,8,13,14,0,2,2,6,3,8,0,0,2,2,10,6
20201,A,골목상권,3110980,개포지구대옆,663,482,181,0,90,198,202,111,62,0,45,142,168,72,55,0,45,56,34,39,7
20201,D,발달상권,3120207,선정릉역,11920,7343,4577,32,2669,4154,2699,1509,857,16,1106,2428,1922,1135,736,16,1563,1726,777,374,121
20201,D,발달상권,3120218,코엑스,290,54,236,0,116,103,58,13,0,0,13,16,16,9,0,0,103,87,42,4,0
20201,D,발달상권,3120186,가로수길,6518,3580,2938,19,1316,2133,1570,895,585,5,447,1174,950,573,431,14,869,959,620,322,154
20201,A,골목상권,3110951,신사은행나무공원,267,70,197,0,35,83,95,47,7,0,6,24,26,12,2,0,29,59,69,35,5
20201,R,전통시장,3130306,강남언주로,235,151,84,2,48,48,63,45,29,2,27,34,47,23,18,0,21,14,16,22,11
20201,D,발달상권,3120208,청담사거리(청담동명품거리),11437,5280,6157,43,3488,4035,2275,1044,552,17,1116,1816,1308,628,395,26,2372,2219,967,416,157
20201,D,발달상권,3120214,영동대교남단교차로,3984,2897,1087,7,489,1172,1107,929,280,3,271,811,865,753,194,4,218,361,242,176,86
20201,A,골목상권,3111024,경찰병원역 4번(건너말공원),240,150,90,0,27,53,63,68,29,0,16,33,45,35,21,0,11,20,18,33,8
20201,A,골목상권,3111046,마천역(마천초등학교),708,400,308,1,76,146,171,195,119,0,46,85,84,95,90,1,30,61,87,100,29
20201,A,골목상권,3111044,남천초등학교,557,264,293,1,95,146,167,113,35,0,35,71,76,56,26,1,60,75,91,57,9
20201,A,골목상권,3111019,한성백제역 3번,1458,963,495,2,199,428,415,246,168,2,101,294,294,157,115,0,98,134,121,89,53
20201,A,골목상권,3111007,석촌고분역 4번,936,480,456,0,107,215,255,242,117,0,43,116,142,109,70,0,64,99,113,133,47
20201,A,골목상권,3111004,삼전역 1번,2036,1331,705,13,263,407,504,376,473,0,108,261,337,239,386,13,155,146,167,137,87
20201,A,골목상권,3111033,문정동성당,70,30,40,0,5,4,16,16,29,0,2,3,8,9,8,0,3,1,8,7,21
20201,A,골목상권,3111018,풍납초등학교(풍납백제문화공원),26,23,3,0,1,5,10,6,4,0,1,4,8,6,4,0,0,1,2,0,0
20201,A,골목상권,3111078,굽은다리역 4번,1753,1022,731,1,135,300,379,488,450,1,75,186,215,270,275,0,60,114,164,218,175
20201,A,골목상권,3111082,중앙보훈병원,64,44,20,0,3,9,11,23,18,0,1,3,5,18,17,0,2,6,6,5,1
20201,A,골목상권,3111086,한영중고,297,202,95,1,27,45,73,101,50,1,17,22,52,69,41,0,10,23,21,32,9
20201,A,골목상권,3111051,천호역 6번,394,242,152,2,65,77,85,88,77,1,44,54,54,47,42,1,21,23,31,41,35
20201,A,골목상권,3111064,둔촌동역 4번,157,98,59,0,13,34,47,40,23,0,3,21,30,28,16,0,10,13,17,12,7
20201,A,골목상권,3111070,천호초등학교,121,70,51,1,7,20,39,27,27,0,3,9,23,16,19,1,4,11,16,11,8
20201,A,골목상권,3111057,천호공원(해공체육문화센터),254,112,142,2,53,50,64,60,25,2,15,19,30,32,14,0,38,31,34,28,11
20202,A,골목상권,3110791,신풍역 3번,25,17,8,0,1,5,9,9,1,0,0,2,6,8,1,0,1,3,3,1,0
20202,R,전통시장,3130241,선유도역 골목형상점가,500,253,247,0,95,93,123,136,53,0,39,49,66,67,32,0,56,44,57,69,21
20202,A,골목상권,3110773,당산역 13번,161,127,34,0,24,40,31,22,44,0,20,33,19,18,37,0,4,7,12,4,7
20202,D,발달상권,3120145,영등포역(영등포),3856,1817,2039,22,673,1021,921,702,517,0,202,441,486,388,300,22,471,580,435,314,217
20202,A,골목상권,3110796,한림대학교한강성심병원,87,52,35,1,7,19,26,19,15,0,4,11,17,9,11,1,3,8,9,10,4
20202,R,전통시장,3130267,본동인정시장(기능상실),59,41,18,0,6,10,12,15,16,0,4,7,9,8,13,0,2,3,3,7,3
20202,D,발달상권,3120153,노량진역(노량진),3600,1756,1844,10,508,1172,906,675,329,2,185,464,433,450,222,8,323,708,473,225,107
20202,D,발달상권,3120160,사당역(사당),9153,4750,4403,14,1560,2594,2716,1534,735,4,617,1307,1324,997,501,10,943,1287,1392,537,234
20202,R,전통시장,3130274,사당1동먹자골목상점가(사당1동먹자골목),389,218,171,4,91,100,81,63,50,3,45,64,37,35,34,1,46,36,44,28,16
20202,A,골목상권,3110849,이수역 10번,220,130,90,1,37,52,58,40,32,0,12,33,34,25,26,1,25,19,24,15,6
20202,A,골목상권,3110845,사당종합체육관,101,50,51,0,8,17,35,26,15,0,5,8,19,9,9,0,3,9,16,17,6
20202,A,골목상권,3110846,남성역 1번,535,290,245,1,66,120,146,135,67,0,25,59,78,74,54,1,41,61,68,61,13
20202,A,골목상권,3110838,상도1동주민센터앞,131,122,9,0,3,32,30,35,31,0,3,27,27,35,30,0,0,5,3,0,1
20202,A,골목상권,3110826,장승배기역 4번,366,149,217,2,20,37,57,103,147,1,8,22,28,38,52,1,12,15,29,65,95
20202,A,골목상권,3110842,흑리단길,53,22,31,0,10,9,10,16,8,0,4,3,5,5,5,0,6,6,5,11,3
20202,A,골목상권,3110895,샤로수길,1796,1222,574,3,307,721,360,233,172,2,170,534,234,152,130,1,137,187,126,81,42
20202,A,골목상권,3110862,난곡초등학교(난곡동벽화마을),84,41,43,0,4,13,14,34,19,0,2,6,11,15,7,0,2,7,3,19,12
20202,A,골목상권,3110881,구립대학경로당(관악산샘말공원),1580,1288,292,1,317,450,449,266,97,1,225,374,391,229,68,0,92,76,58,37,29
20202,A,골목상권,3110868,남부초등학교,232,126,106,0,20,29,45,49,89,0,11,23,22,28,42,0,9,6,23,21,47
20202,A,골목상권,3110884,봉천역 4번(봉천110안전센터),372,284,88,1,17,30,61,98,165,0,1,8,49,84,142,1,16,22,12,14,23
20202,R,전통시장,3130277,조원동 펭귄시장(신림중앙시장),98,56,42,1,15,26,31,19,6,1,8,18,16,9,4,0,7,8,15,10,2
20202,R,전통시장,3130293,봉천중앙시장,154,42,112,0,17,13,29,46,49,0,5,7,14,14,2,0,12,6,15,32,47
20202,R,전통시장,3130290,영림시장,417,183,234,0,74,101,107,92,43,0,14,49,43,44,33,0,60,52,64,48,10
20202,A,골목상권,3110945,본마을노인복지센터(서초구립내곡도서관),191,114,77,3,44,57,37,33,17,3,14,31,25,28,13,0,30,26,12,5,4
20202,D,발달상권,3120176,논현역 4번,893,566,327,1,130,216,195,168,183,1,67,126,129,106,137,0,63,90,66,62,46
20202,A,골목상권,3110904,이수역 5번,835,468,367,4,167,217,239,139,69,1,90,125,135,59,58,3,77,92,104,80,11
20202,A,골목상권,3110911,방배배수지체육공원,29,22,7,0,6,3,7,5,8,0,6,2,4,4,6,0,0,1,3,1,2
20202,A,골목상권,3110923,방배역 1번,210,153,57,0,34,56,55,41,24,0,21,38,42,34,18,0,13,18,13,7,6
20202,D,발달상권,3120173,교대역(법원.검찰청),18222,10456,7766,74,3270,5403,4730,3072,1673,29,1419,3004,2846,1897,1261,45,1851,2399,1884,1175,412
20202,D,발달상권,3120189,강남역,72613,38819,33794,234,17636,24305,18411,9151,2876,59,6629,13226,10962,5914,2029,175,11007,11079,7449,3237,847
20202,D,발달상권,3120171,서초3동사거리,11750,6206,5544,15,1990,3845,2551,1862,1487,6,827,1746,1496,1064,1067,9,1163,2099,1055,798,420
20202,A,골목상권,3110925,서초중학교,874,497,377,0,104,137,244,222,167,0,38,65,146,132,116,0,66,72,98,90,51
20202,D,발달상권,3120181,교육개발원입구사거리,7278,4440,2838,316,2978,1563,1247,730,444,145,1506,983,939,536,331,171,1472,580,308,194,113
20202,A,골목상권,3110939,양재역 8번(양재동우체국),5949,4099,1850,23,970,1420,1461,1174,901,15,499,989,1053,799,744,8,471,431,408,375,157
20202,D,발달상권,3120182,"양재시민의숲역(양재동꽃시장, aT센터)",6231,4311,1920,34,1059,1675,1508,1267,688,14,546,1157,1111,930,553,20,513,518,397,337,135
20202,R,전통시장,3130310,강남개포시장,298,173,125,0,29,56,71,82,60,0,8,23,42,56,44,0,21,33,29,26,16
20202,A,골목상권,3110957,언북중학교,1251,831,420,1,262,379,317,147,145,1,146,241,215,109,119,0,116,138,102,38,26
20202,D,발달상권,3120217,대치사거리,2779,1478,1301,11,552,771,700,452,293,10,220,379,381,264,224,1,332,392,319,188,69
20202,A,골목상권,3110989,대치동아우편취급국,444,270,174,9,90,148,75,68,54,0,43,102,43,44,38,9,47,46,32,24,16
20202,A,골목상권,3110965,언주역 6번,1139,788,351,1,174,379,378,142,65,1,104,276,284,74,49,0,70,103,94,68,16
20202,D,발달상권,3120206,개나리아파트,5243,3354,1889,87,1658,1413,1080,655,350,27,866,955,775,456,275,60,792,458,305,199,75
20202,A,골목상권,3110976,언북초등학교,578,332,246,1,111,188,126,86,66,0,41,115,83,49,44,1,70,73,43,37,22
20202,A,골목상권,3111036,투구봉어린이공원,209,119,90,1,22,40,55,62,29,1,7,20,26,39,26,0,15,20,29,23,3
20202,R,전통시장,3130315,문정동 로데오거리 상점가(문정동 로데오거리),1382,812,570,6,315,293,263,252,253,3,118,169,166,146,210,3,197,124,97,106,43
20202,D,발달상권,3120234,가락시장역,10280,6234,4046,11,1351,2492,2151,1680,2595,3,587,1469,1440,929,1806,8,764,1023,711,751,789
20202,R,전통시장,3130317,마천중앙시장,107,77,30,0,15,35,24,17,16,0,11,24,12,14,16,0,4,11,12,3,0
20202,R,전통시장,3130316,마천시장,18,9,9,0,3,3,2,10,0,0,2,2,2,3,0,0,1,1,0,7,0
20202,D,발달상권,3120229,방이동먹자골목,7319,4732,2587,12,1062,2182,1915,1302,846,5,588,1347,1338,913,541,7,474,835,577,389,305
20202,D,발달상권,3120233,몽촌토성역,10419,5740,4679,28,1795,2730,2265,2158,1443,22,1125,1855,1199,788,751,6,670,875,1066,1370,692
20202,A,골목상권,3111009,송파책박물관,130,94,36,1,13,38,28,24,26,0,11,32,18,15,18,1,2,6,10,9,8
20202,D,발달상권,3120230,송파사거리(송파역),876,470,406,4,96,176,202,193,205,1,38,99,115,92,125,3,58,77,87,101,80
20202,A,골목상권,3111013,송파나루역 1번(송리단길),2234,1456,778,8,320,568,650,435,253,3,160,384,445,290,174,5,160,184,205,145,79
20202,A,골목상권,3111039,벌말어린이공원,485,353,132,8,85,125,121,94,52,8,51,89,88,72,45,0,34,36,33,22,7
20202,D,발달상권,3120247,굽은다리역,572,312,260,4,91,119,146,104,108,1,37,77,74,56,67,3,54,42,72,48,41
20202,R,전통시장,3130321,장신구 특화거리 상점가,433,269,164,0,92,114,88,92,47,0,43,72,56,61,37,0,49,42,32,31,10
20202,A,골목상권,3111058,성내중학교,451,317,134,0,51,92,129,121,58,0,37,63,90,82,45,0,14,29,39,39,13
20202,A,골목상권,3111055,선사초등학교,673,29,644,0,14,28,137,373,121,0,4,7,8,6,4,0,10,21,129,367,117
20202,A,골목상권,3111075,굽은다리역 2번,193,114,79,0,14,42,54,52,31,0,14,28,24,31,17,0,0,14,30,21,14
20202,A,골목상권,3111063,강동구립 천호도서관,368,182,186,0,25,44,81,85,133,0,5,15,21,30,111,0,20,29,60,55,22
20202,A,골목상권,3110009,자하문터널,930,456,474,0,207,326,226,121,50,0,91,162,105,63,35,0,116,164,121,58,15
20202,D,발달상권,3120003,광화문역,43873,26821,17052,79,6380,12841,13071,8035,3467,12,2643,7543,8935,5616,2072,67,3737,5298,4136,2419,1395
20202,A,골목상권,3110033,창신역 4번,166,89,77,0,26,42,35,40,23,0,6,22,17,25,19,0,20,20,18,15,4
20202,R,전통시장,3130021,신설종합시장,50,37,13,1,1,10,12,13,13,0,0,9,10,10,8,1,1,1,2,3,5
20202,A,골목상권,3110023,서울대병원,92,33,59,0,9,24,23,20,16,0,3,7,10,5,8,0,6,17,13,15,8
20202,D,발달상권,3120012,대학로(혜화역),2004,901,1103,7,350,585,490,309,263,2,103,201,243,166,186,5,247,384,247,143,77
20202,D,발달상권,3120009,종로3가역,8495,4786,3709,19,1355,2296,2026,1582,1217,8,563,1230,1198,953,834,11,792,1066,828,629,383
20202,R,전통시장,3130009,마전교지하쇼핑센터(구 한일상가),24,16,8,0,0,2,3,7,12,0,0,2,2,4,8,0,0,0,1,3,4
20202,A,골목상권,3110022,경신고등학교,506,385,121,11,133,157,117,54,34,10,99,119,89,42,26,1,34,38,28,12,8
20202,D,발달상권,3120034,중구청(퇴계로4가),1545,1050,495,7,108,228,400,440,362,5,48,129,262,327,279,2,60,99,138,113,83
20202,D,발달상권,3120022,북창동(시청역_6번),5197,3160,2037,24,1010,1611,1149,767,636,2,391,936,852,543,436,22,619,675,297,224,200
20202,D,발달상권,3120019,경찰청앞교차로,5958,3146,2812,26,1051,2221,1625,793,242,8,274,1044,982,619,219,18,777,1177,643,174,23
20202,R,전통시장,3130050,청평화시장,233,96,137,2,54,70,50,40,17,1,22,32,12,21,8,1,32,38,38,19,9
20202,R,전통시장,3130327,"평화시장(남평화시장, 제일평화시장, 신평화패션타운)",169,107,62,1,8,31,43,42,44,1,1,19,30,27,29,0,7,12,13,15,15
20202,A,골목상권,3110044,관성묘,405,300,105,0,50,135,145,51,24,0,24,90,125,44,17,0,26,45,20,7,7
20202,A,골목상권,3110074,서울역 12번,8149,1751,6398,152,5985,1340,330,181,161,9,598,652,233,134,125,143,5387,688,97,47,36
20202,A,골목상권,3110081,해방촌 남동측,231,122,109,0,45,63,54,42,27,0,14,35,27,23,23,0,31,28,27,19,4
20202,A,골목상권,3110084,경리단길북측,315,168,147,0,47,85,84,57,42,0,23,36,39,36,34,0,24,49,45,21,8
20202,A,골목상권,3110071,한강미주맨션아파트,315,191,124,0,42,85,69,57,62,0,21,46,40,42,42,0,21,39,29,15,20
20202,R,전통시장,3130061,이태원시장,32,20,12,0,18,3,4,6,1,0,12,1,3,3,1,0,6,2,1,3,0
20202,A,골목상권,3110590,만리재,97,50,47,0,19,23,23,25,7,0,6,12,11,16,5,0,13,11,12,9,2
20202,R,전통시장,3130057,만리시장,12,9,3,0,0,2,1,4,5,0,0,1,1,3,4,0,0,1,0,1,1
20202,A,골목상권,3110070,용산세무서,184,130,54,0,21,54,55,24,30,0,8,37,41,18,26,0,13,17,14,6,4
20202,A,골목상권,3110062,한강로동땡땡거리(은행나무길),1506,884,622,9,319,423,319,208,228,6,142,225,216,138,157,3,177,198,103,70,71
20202,A,골목상권,3110079,후암동주민센터,1084,584,500,4,223,262,267,196,132,3,73,156,156,105,91,1,150,106,111,91,41
20202,R,전통시장,3130069,"한양대앞상점가(한양시장, 왕십리맛골목)",32,19,13,0,6,6,4,8,8,0,4,4,0,5,6,0,2,2,4,3,2
20202,A,골목상권,3110101,옥정중학교,218,121,97,0,55,51,65,31,16,0,24,34,43,13,7,0,31,17,22,18,9
20202,A,골목상권,3110102,옥수역 6번,175,116,59,0,22,39,48,41,25,0,11,21,31,31,22,0,11,18,17,10,3
20202,R,전통시장,3130065,무학봉상점가,181,71,110,0,29,39,47,42,24,0,4,11,15,23,18,0,25,28,32,19,6
20202,A,골목상권,3110179,광나루역 1번,911,620,291,0,142,209,188,233,139,0,82,160,157,154,67,0,60,49,31,79,72
20202,A,골목상권,3110180,광진정보도서관,5440,3602,1838,17,1593,2056,1086,499,189,5,872,1464,782,331,148,12,721,592,304,168,41
20202,D,발달상권,3120058,구의사거리,688,333,355,2,92,158,174,181,81,1,33,79,80,77,63,1,59,79,94,104,18
20202,D,발달상권,3120060,강변역(테크노마트),3189,2348,841,12,402,686,870,703,516,2,209,509,686,549,393,10,193,177,184,154,123
20202,A,골목상권,3110159,구의역 4번,663,391,272,1,125,115,158,132,132,1,58,62,85,87,98,0,67,53,73,45,34
20202,R,전통시장,3130074,영동교골목시장,21,15,6,0,6,9,2,3,1,0,3,9,0,2,1,0,3,0,2,1,0
20202,A,골목상권,3110153,중곡1동주민센터,241,83,158,1,42,57,67,57,17,0,14,22,22,17,8,1,28,35,45,40,9
20202,A,골목상권,3110142,화양사거리,215,108,107,1,37,47,45,53,32,1,20,25,24,17,21,0,17,22,21,36,11
20202,A,골목상권,3110148,어린이대공원역 3번,17,12,5,0,3,3,6,5,0,0,0,2,5,5,0,0,3,1,1,0,0
20202,R,전통시장,3130096,동부시장,14,9,5,0,0,0,1,1,12,0,0,0,0,0,9,0,0,0,1,1,3
20202,A,골목상권,3110183,한국의류시험연구원,839,447,392,3,238,307,149,75,67,1,88,162,81,58,57,2,150,145,68,17,10
20202,R,전통시장,3130089,청량리수산시장,42,33,9,0,4,7,16,6,9,0,3,7,12,4,7,0,1,0,4,2,2
20202,R,전통시장,3130098,회기시장,55,17,38,0,9,14,15,12,5,0,2,3,4,6,2,0,7,11,11,6,3
20202,A,골목상권,3110228,장안근린공원,1992,1184,808,40,1381,313,92,101,65,24,788,223,60,54,35,16,593,90,32,47,30
20202,R,전통시장,3130104,전곡시장,93,54,39,0,8,17,28,26,14,0,5,8,16,13,12,0,3,9,12,13,2
20202,D,발달상권,3120063,청량리역(청량리),1209,528,681,3,226,225,249,252,254,2,66,88,96,117,159,1,160,137,153,135,95
20202,A,골목상권,3110210,서울시립대,341,253,88,1,9,19,24,34,254,1,4,12,10,21,205,0,5,7,14,13,49
20202,A,골목상권,3110197,세종대왕기념관교차로,67,46,21,0,8,19,26,9,5,0,4,15,19,7,1,0,4,4,7,2,4
20202,D,발달상권,3120064,경희대학교(경희대),97,44,53,0,14,27,21,13,22,0,9,13,10,4,8,0,5,14,11,9,14
20202,A,골목상권,3110243,중랑노인종합복지관,298,114,184,1,30,49,74,104,40,0,5,21,37,31,20,1,25,28,37,73,20
20202,A,골목상권,3110259,사가정역 1번,543,425,118,2,48,108,172,159,54,2,29,73,131,140,50,0,19,35,41,19,4
20202,A,골목상권,3110269,용마문화복지센터,169,98,71,0,19,53,52,28,17,0,13,32,30,19,4,0,6,21,22,9,13
20202,A,골목상권,3110252,장안제일시장,712,505,207,1,64,101,159,195,192,1,42,73,87,131,171,0,22,28,72,64,21
20202,R,전통시장,3130111,"동원전통종합시장(동원시장, 동원전통시장 상점가)",224,109,115,0,24,37,49,82,32,0,11,17,21,38,22,0,13,20,28,44,10
20202,A,골목상권,3110247,먹골역 1번,381,176,205,0,54,79,123,81,44,0,21,30,55,39,31,0,33,49,68,42,13
20202,A,골목상권,3110255,상봉역 4번,327,208,119,0,39,52,78,92,66,0,20,24,46,62,56,0,19,28,32,30,10
20202,A,골목상권,3110262,상봉역 3번,1530,878,652,2,221,447,542,268,50,0,119,337,281,107,34,2,102,110,261,161,16
20202,A,골목상권,3110271,신내역 1번,97,74,23,0,8,17,25,29,18,0,5,14,18,23,14,0,3,3,7,6,4
20202,A,골목상권,3110251,장안중학교,147,104,43,0,8,34,46,39,20,0,3,23,34,27,17,0,5,11,12,12,3
20202,A,골목상권,3110244,중화역 4번,250,175,75,1,8,26,49,44,122,1,4,11,32,30,97,0,4,15,17,14,25
20202,A,골목상권,3110296,성신여대입구역 4번,77,39,38,1,7,12,30,11,16,1,3,7,15,8,5,0,4,5,15,3,11
20202,A,골목상권,3110297,경동고등학교,654,311,343,0,74,123,156,164,137,0,31,65,74,79,62,0,43,58,82,85,75
20202,D,발달상권,3120071,성북구청,255,127,128,0,36,55,64,62,38,0,14,22,38,31,22,0,22,33,26,31,16
20202,A,골목상권,3110280,북정마을,73,38,35,0,7,10,22,23,11,0,3,3,9,15,8,0,4,7,13,8,3
20202,R,전통시장,3130122,밤나무골시장,17,5,12,0,2,4,6,4,1,0,1,1,2,1,0,0,1,3,4,3,1
20202,D,발달상권,3120075,월곡역,369,213,156,1,40,86,97,67,78,0,17,48,54,44,50,1,23,38,43,23,28
20202,R,전통시장,3130123,꿈의숲 장곡 골목형상점가,6,5,1,0,1,0,1,4,0,0,1,0,1,3,0,0,0,0,0,1,0
20202,A,골목상권,3110287,정릉3동주민센터,70,50,20,0,9,12,18,19,12,0,5,8,15,12,10,0,4,4,3,7,2
20202,A,골목상권,3110317,종암중학교,411,206,205,0,33,120,153,85,20,0,14,47,78,58,9,0,19,73,75,27,11
20202,D,발달상권,3120076,수유역,1930,865,1065,7,241,303,422,465,492,4,62,102,176,240,281,3,179,201,246,225,211
20202,R,전통시장,3130142,강북북부시장,7,5,2,0,1,1,0,2,3,0,0,1,0,2,2,0,1,0,0,0,1
20202,A,골목상권,3110375,서울북부고용노동지청,110,55,55,1,12,20,31,32,14,0,8,15,16,11,5,1,4,5,15,21,9
20202,R,전통시장,3130134,"솔샘시장(미아6,7동골목시장)",73,30,43,1,7,19,25,18,3,0,3,4,12,8,3,1,4,15,13,10,0
20202,A,골목상권,3110354,삼각산119안전센터,22,5,17,0,2,3,10,5,2,0,0,0,2,1,2,0,2,3,8,4,0
20202,A,골목상권,3110378,송중동주민센터,23,13,10,0,1,4,6,9,3,0,1,2,2,6,2,0,0,2,4,3,1
20202,R,전통시장,3130138,수유프라자,142,24,118,1,31,24,16,42,28,0,1,4,5,4,10,1,30,20,11,38,18
20202,R,전통시장,3130136,수유재래시장,32,13,19,0,6,5,8,6,7,0,2,1,0,3,7,0,4,4,8,3,0
20202,R,전통시장,3130133,우이골목시장(우이시장),69,61,8,0,7,7,19,20,16,0,6,6,17,17,15,0,1,1,2,3,1
20202,A,골목상권,3110350,가오리역 2번,148,77,71,0,11,27,37,49,24,0,5,11,18,26,17,0,6,16,19,23,7
20202,A,골목상권,3110410,방학역 2번,957,833,124,3,75,187,185,224,283,2,61,162,154,194,260,1,14,25,31,30,23
20202,A,골목상권,3110411,도봉역 3번,421,379,42,0,13,31,61,141,175,0,11,20,48,133,167,0,2,11,13,8,8
20202,A,골목상권,3110400,도봉구보건소,191,111,80,0,20,35,53,51,32,0,9,22,32,26,22,0,11,13,21,25,10
20202,R,전통시장,3130146,쌍문시장(쌍문역골목시장),263,124,139,0,29,33,54,80,67,0,10,12,28,32,42,0,19,21,26,48,25
20202,R,전통시장,3130147,쌍문역동측상점가,69,32,37,0,7,17,18,9,18,0,2,6,10,5,9,0,5,11,8,4,9
20202,A,골목상권,3110399,창2동주민센터,849,516,333,8,110,207,262,192,70,8,69,157,137,97,48,0,41,50,125,95,22
20202,R,전통시장,3130153,창동역상점가,229,138,91,0,18,48,54,56,53,0,7,31,30,31,39,0,11,17,24,25,14
20202,A,골목상권,3110409,창동역 2번,396,202,194,0,33,43,83,109,128,0,12,29,59,45,57,0,21,14,24,64,71
20202,D,발달상권,3120086,태릉입구역,382,205,177,0,42,78,82,102,78,0,24,43,35,49,54,0,18,35,47,53,24
20202,A,골목상권,3110434,태릉입구역 4번,121,62,59,0,13,11,24,35,38,0,3,2,12,22,23,0,10,9,12,13,15
20202,D,발달상권,3120081,노원역,1552,508,1044,9,369,295,343,307,229,2,66,87,125,121,107,7,303,208,218,186,122
20202,A,골목상권,3110426,상계2동주민센터,337,169,168,0,32,57,83,96,69,0,15,30,39,45,40,0,17,27,44,51,29
20202,A,골목상권,3110414,장석교회,66,51,15,0,7,16,15,20,8,0,5,13,11,17,5,0,2,3,4,3,3
20202,A,골목상권,3110465,연신내역 7번,240,119,121,3,38,52,57,54,36,2,12,29,25,25,26,1,26,23,32,29,10
20202,A,골목상권,3110490,녹번동근린공원,311,170,141,0,30,65,86,76,54,0,11,31,48,45,35,0,19,34,38,31,19
20202,A,골목상권,3110489,불광역 3번,35,25,10,0,3,7,10,10,5,0,3,4,7,6,5,0,0,3,3,4,0
20202,A,골목상권,3110479,연신내역 2번,318,181,137,1,50,84,68,69,46,0,28,71,35,32,15,1,22,13,33,37,31
20202,R,전통시장,3130165,"대림골목시장(대림시장, 양지시장)",214,34,180,0,20,45,56,62,31,0,1,7,5,11,10,0,19,38,51,51,21
20202,A,골목상권,3110492,하나고등학교,238,38,200,1,5,13,11,95,113,0,0,7,7,8,16,1,5,6,4,87,97
20202,A,골목상권,3110493,북가좌초등학교,892,830,62,0,2,19,27,80,764,0,0,12,22,68,728,0,2,7,5,12,36
20202,A,골목상권,3110514,서대문우체국,86,19,67,0,26,26,17,9,8,0,0,4,7,4,4,0,26,22,10,5,4
20202,A,골목상권,3110508,서연중학교,947,425,522,9,139,241,158,245,155,3,62,148,74,76,62,6,77,93,84,169,93
20202,A,골목상권,3110513,연희파출소,457,241,216,0,51,87,110,130,79,0,17,46,58,69,51,0,34,41,52,61,28
20202,A,골목상권,3110518,서대문구청,129,72,57,0,22,38,30,23,16,0,6,19,22,15,10,0,16,19,8,8,6
20202,A,골목상권,3110535,영천시장입구,488,333,155,2,36,65,112,164,109,2,19,35,78,130,69,0,17,30,34,34,40
20202,A,골목상권,3110538,충정로역 3번,284,178,106,0,12,42,56,66,108,0,5,27,35,42,69,0,7,15,21,24,39
20202,A,골목상권,3110525,홍은종합사회복지관,61,17,44,0,10,12,15,10,14,0,1,3,0,4,9,0,9,9,15,6,5
20202,A,골목상권,3110515,홍은중학교,396,312,84,1,45,118,119,68,45,1,33,93,94,52,39,0,12,25,25,16,6
20202,A,골목상권,3110583,공덕래미안3차아파트,12,7,5,0,2,3,1,1,5,0,1,2,1,0,3,0,1,1,0,1,2
20202,A,골목상권,3110562,연트럴파크(연남동주민센터),426,237,189,1,73,118,96,94,44,1,29,76,55,44,32,0,44,42,41,50,12
20202,R,전통시장,3130192,동진시장,10,6,4,0,1,1,4,3,1,0,1,1,1,2,1,0,0,0,3,1,0
20202,R,전통시장,3130194,용강동 상점가,875,502,373,0,103,131,179,170,292,0,39,75,104,114,170,0,64,56,75,56,122
20202,A,골목상권,3110577,용강동주민센터,145,105,40,0,15,42,47,31,10,0,12,31,38,17,7,0,3,11,9,14,3
20202,A,골목상권,3110559,성산중학교,757,474,283,4,102,187,203,167,94,3,54,102,127,118,70,1,48,85,76,49,24
20202,R,전통시장,3130203,서서울 골목형상점가,34,7,27,0,2,7,10,12,3,0,0,0,2,4,1,0,2,7,8,8,2
20202,R,전통시장,3130204,경창시장,102,51,51,0,5,12,29,27,29,0,2,5,13,16,15,0,3,7,16,11,14
20202,A,골목상권,3110593,신월3동주민센터,304,157,147,0,38,65,76,87,38,0,12,32,45,44,24,0,26,33,31,43,14
20202,A,골목상권,3110605,목동센트럴아이파크앞,155,89,66,0,15,22,26,47,45,0,5,15,11,27,31,0,10,7,15,20,14
20202,A,골목상권,3110634,송정역 3번,664,434,230,0,64,143,178,145,134,0,33,90,116,101,94,0,31,53,62,44,40
20202,D,발달상권,3120116,송정역,117,64,53,0,17,27,28,20,25,0,9,11,15,10,19,0,8,16,13,10,6
20202,A,골목상권,3110637,송정역 2번,560,358,202,4,67,121,116,154,98,0,34,74,81,100,69,4,33,47,35,54,29
20202,A,골목상권,3110644,신광명마을,336,288,48,1,26,28,58,105,118,1,8,17,51,97,114,0,18,11,7,8,4
20202,A,골목상권,3110673,뜸부기어린이공원,253,143,110,0,37,52,62,64,38,0,21,29,31,34,28,0,16,23,31,30,10
20202,A,골목상권,3110717,남구로역 2번,570,271,299,0,108,155,142,104,61,0,49,84,75,34,29,0,59,71,67,70,32
20202,R,전통시장,3130225,개봉중앙시장,147,59,88,0,15,21,39,44,28,0,3,4,19,22,11,0,12,17,20,22,17
20202,A,골목상권,3110704,고척중학교,62,36,26,0,12,23,10,12,5,0,7,12,3,11,3,0,5,11,7,1,2
20202,A,골목상권,3110711,구로초등학교,815,329,486,4,62,122,165,287,175,2,26,70,81,74,76,2,36,52,84,213,99
20202,A,골목상권,3110719,영서중학교,19,15,4,0,0,4,2,3,10,0,0,2,2,3,8,0,0,2,0,0,2
20202,D,발달상권,3120127,구로구청,5871,3858,2013,6,600,1211,1435,1436,1183,5,362,967,1048,802,674,1,238,244,387,634,509
20202,A,골목상권,3110681,온수역 1번,94,70,24,0,6,30,30,17,11,0,5,22,21,12,10,0,1,8,9,5,1
20202,A,골목상권,3110686,수궁동주민센터,406,211,195,0,34,67,104,115,86,0,16,31,64,55,45,0,18,36,40,60,41
20202,A,골목상권,3110724,금천구립가산도서관,364,254,110,1,42,76,120,89,36,1,33,60,90,45,25,0,9,16,30,44,11
20202,A,골목상권,3110737,금천세무서,502,323,179,8,77,85,96,116,120,0,28,49,51,91,104,8,49,36,45,25,16
20202,A,골목상권,3110751,난곡중학교,733,399,334,2,48,217,242,177,47,2,21,117,128,91,40,0,27,100,114,86,7
20202,R,전통시장,3130238,은행나무시장,113,71,42,0,22,24,31,22,14,0,13,16,22,14,6,0,9,8,9,8,8
20202,A,골목상권,3110770,영등포구청역 6번,263,191,72,1,45,49,77,45,46,1,24,41,54,28,43,0,21,8,23,17,3
20202,A,골목상권,3110774,당산반도유보라팰리스아파트,472,355,117,0,59,119,131,96,67,0,34,81,109,80,51,0,25,38,22,16,16
20202,A,골목상권,3110784,신대림초등학교,76,42,34,0,3,11,18,36,8,0,0,7,12,18,5,0,3,4,6,18,3
20202,D,발달상권,3120142,대림역,1551,846,705,2,234,279,348,384,304,0,69,143,190,230,214,2,165,136,158,154,90
20202,A,골목상권,3110790,대림1동주민센터,741,337,404,1,74,163,282,161,60,1,46,71,89,77,53,0,28,92,193,84,7
20202,A,골목상권,3110767,도림동주민센터,11,0,11,0,4,3,3,1,0,0,0,0,0,0,0,0,4,3,3,1,0
20202,R,전통시장,3130243,도림시장,7,5,2,0,0,1,4,0,2,0,0,1,3,0,1,0,0,0,1,0,1
20202,A,골목상권,3110816,대방역 6번,517,401,116,1,72,136,153,67,88,1,49,108,114,49,80,0,23,28,39,18,8
20202,A,골목상권,3110795,도림초등학교,533,356,177,0,20,49,80,128,256,0,8,36,48,74,190,0,12,13,32,54,66
20202,A,골목상권,3110805,신길새마을금고신길4동지점,45,27,18,0,6,12,12,8,7,0,2,7,6,5,7,0,4,5,6,3,0
20202,A,골목상권,3110797,KT대방빌딩,47,8,39,1,6,8,12,10,10,0,0,0,1,2,5,1,6,8,11,8,5
20202,D,발달상권,3120147,보라매역,1947,1238,709,5,286,452,370,367,467,2,93,310,249,264,320,3,193,142,121,103,147
20202,A,골목상권,3110760,선유도역 6번,1792,1091,701,8,273,444,499,376,192,6,170,256,275,219,165,2,103,188,224,157,27
20202,D,발달상권,3120149,여의도역(여의도),69255,45888,23367,184,11383,22550,19240,12096,3802,34,5884,14085,14147,9350,2388,150,5499,8465,5093,2746,1414
20202,D,발달상권,3120148,국회의사당역(국회의사당),31135,19451,11684,82,6815,10231,7641,4493,1873,27,3082,6187,5424,3397,1334,55,3733,4044,2217,1096,539
20202,R,전통시장,3130248,영등포역지하도상점가,69,35,34,0,9,26,17,14,3,0,6,13,9,4,3,0,3,13,8,10,0
20202,A,골목상권,3110829,장승배기역 5번,534,416,118,0,195,137,78,52,72,0,177,106,49,39,45,0,18,31,29,13,27
20202,A,골목상권,3110848,양지어린이공원,486,307,179,0,36,68,152,132,98,0,6,39,85,93,84,0,30,29,67,39,14
20202,R,전통시장,3130271,남성역골목시장,467,268,199,1,36,33,39,47,311,1,12,20,22,16,197,0,24,13,17,31,114
20202,A,골목상권,3110837,숭실대입구역 1번,360,184,176,1,39,72,80,79,89,0,19,29,39,32,65,1,20,43,41,47,24
20202,R,전통시장,3130262,상도도깨비 골목형상점가,21,13,8,0,0,4,10,4,3,0,0,4,6,1,2,0,0,0,4,3,1
20202,A,골목상권,3110825,신대방삼거리역 1번,319,207,112,0,33,63,96,72,55,0,23,41,58,47,38,0,10,22,38,25,17
20202,R,전통시장,3130261,성대전통시장(성대시장),211,104,107,0,15,47,61,61,27,0,4,26,33,23,18,0,11,21,28,38,9
20202,R,전통시장,3130264,상도약수골목형상점가,65,35,30,1,14,8,15,20,7,0,4,3,9,12,7,1,10,5,6,8,0
20202,A,골목상권,3110823,신대방삼거리역 3번,472,242,230,0,30,45,83,121,193,0,17,26,40,42,117,0,13,19,43,79,76
20202,A,골목상권,3110844,흑석2치안센터,11,7,4,0,2,2,4,0,3,0,1,2,2,0,2,0,1,0,2,0,1
20202,R,전통시장,3130282,난곡 골목형상점가,20,8,12,0,4,2,10,4,0,0,2,1,4,1,0,0,2,1,6,3,0
20202,A,골목상권,3110865,남강고등학교(남강중학교),270,116,154,4,57,53,59,61,36,2,10,23,23,31,27,2,47,30,36,30,9
20202,A,골목상권,3110902,사당역 4번,1184,729,455,1,189,266,295,248,185,0,82,168,204,156,119,1,107,98,91,92,66
20202,A,골목상권,3110887,서울산업정보학교(서울삼성초등학교),12,5,7,0,1,3,4,4,0,0,0,0,1,4,0,0,1,3,3,0,0
20202,A,골목상권,3110860,호림박물관(성보고등학교),410,314,96,1,57,102,66,110,74,1,44,84,47,78,60,0,13,18,19,32,14
20202,A,골목상권,3110883,은천초등학교(은천교앞),208,124,84,2,21,43,70,48,24,1,12,25,42,28,16,1,9,18,28,20,8
20202,R,전통시장,3130288,신림현대종합상가,2,0,2,0,1,1,0,0,0,0,0,0,0,0,0,0,1,1,0,0,0
20202,A,골목상권,3110894,관악동부센트레빌아파트(은천로35라길),20,8,12,0,2,4,3,6,5,0,0,2,1,2,3,0,2,2,2,4,2
20202,A,골목상권,3110869,"신림역 5번(신림동주민센터, 신림동별빛거리)",1026,681,345,1,79,136,248,233,329,1,36,73,143,155,273,0,43,63,105,78,56
20202,A,골목상권,3110877,신림역 8번,319,154,165,2,23,63,86,80,65,0,10,30,36,39,39,2,13,33,50,41,26
20202,R,전통시장,3130289,봉일시장,36,20,16,1,1,2,5,14,13,0,0,1,5,3,11,1,1,1,0,11,2
20202,A,골목상권,3110853,KT구로지사,217,130,87,0,21,49,65,51,31,0,9,27,44,28,22,0,12,22,21,23,9
20202,A,골목상권,3110897,서울대입구역 8번,219,139,80,0,16,45,69,64,25,0,7,24,40,44,24,0,9,21,29,20,1
20202,D,발달상권,3120167,고속터미널(고속터미널역),6925,4543,2382,24,790,1577,1689,1525,1320,10,416,1110,1328,1046,633,14,374,467,361,479,687
20202,A,골목상권,3110924,반포4동주민센터(몽마르뜨공원),1071,732,339,5,171,236,323,252,84,1,78,150,243,200,60,4,93,86,80,52,24
20202,A,골목상권,3110922,내방역 1번,219,112,107,1,42,47,47,42,40,0,13,23,27,23,26,1,29,24,20,19,14
20202,A,골목상권,3110909,남태령역(서울전자고등학교),132,97,35,1,11,29,23,34,34,1,4,19,16,29,28,0,7,10,7,5,6
20202,D,발달상권,3120163,사당역 11번(사당역먹자골목),491,290,201,0,55,119,99,86,132,0,28,73,57,50,82,0,27,46,42,36,50
20202,A,골목상권,3110929,남부터미널역 1번,21130,10703,10427,21,4446,4558,3912,7143,1050,4,1209,1890,1718,5123,759,17,3237,2668,2194,2020,291
20202,D,발달상권,3120168,서울고교교차로,794,492,302,1,124,237,200,130,102,0,48,130,143,98,73,1,76,107,57,32,29
20202,R,전통시장,3130301,양재시장,89,47,42,0,24,20,24,9,12,0,7,13,15,4,8,0,17,7,9,5,4
20202,A,골목상권,3110946,청계산원터골,41,21,20,0,2,4,8,13,14,0,2,2,6,3,8,0,0,2,2,10,6
20202,A,골목상권,3110980,개포지구대옆,663,482,181,0,90,198,202,111,62,0,45,142,168,72,55,0,45,56,34,39,7
20202,D,발달상권,3120207,선정릉역,11920,7343,4577,32,2669,4154,2699,1509,857,16,1106,2428,1922,1135,736,16,1563,1726,777,374,121
20202,D,발달상권,3120218,코엑스,290,54,236,0,116,103,58,13,0,0,13,16,16,9,0,0,103,87,42,4,0
20202,D,발달상권,3120186,가로수길,6518,3580,2938,19,1316,2133,1570,895,585,5,447,1174,950,573,431,14,869,959,620,322,154
20202,A,골목상권,3110951,신사은행나무공원,267,70,197,0,35,83,95,47,7,0,6,24,26,12,2,0,29,59,69,35,5
20202,R,전통시장,3130306,강남언주로,235,151,84,2,48,48,63,45,29,2,27,34,47,23,18,0,21,14,16,22,11
20202,D,발달상권,3120208,청담사거리(청담동명품거리),11437,5280,6157,43,3488,4035,2275,1044,552,17,1116,1816,1308,628,395,26,2372,2219,967,416,157
20202,D,발달상권,3120214,영동대교남단교차로,3984,2897,1087,7,489,1172,1107,929,280,3,271,811,865,753,194,4,218,361,242,176,86
20202,A,골목상권,3111024,경찰병원역 4번(건너말공원),240,150,90,0,27,53,63,68,29,0,16,33,45,35,21,0,11,20,18,33,8
20202,A,골목상권,3111046,마천역(마천초등학교),708,400,308,1,76,146,171,195,119,0,46,85,84,95,90,1,30,61,87,100,29
20202,A,골목상권,3111044,남천초등학교,557,264,293,1,95,146,167,113,35,0,35,71,76,56,26,1,60,75,91,57,9
20202,A,골목상권,3111019,한성백제역 3번,1458,963,495,2,199,428,415,246,168,2,101,294,294,157,115,0,98,134,121,89,53
20202,A,골목상권,3111007,석촌고분역 4번,936,480,456,0,107,215,255,242,117,0,43,116,142,109,70,0,64,99,113,133,47
20202,A,골목상권,3111004,삼전역 1번,2036,1331,705,13,263,407,504,376,473,0,108,261,337,239,386,13,155,146,167,137,87
20202,A,골목상권,3111033,문정동성당,70,30,40,0,5,4,16,16,29,0,2,3,8,9,8,0,3,1,8,7,21
20202,A,골목상권,3111018,풍납초등학교(풍납백제문화공원),26,23,3,0,1,5,10,6,4,0,1,4,8,6,4,0,0,1,2,0,0
20202,A,골목상권,3111078,굽은다리역 4번,1753,1022,731,1,135,300,379,488,450,1,75,186,215,270,275,0,60,114,164,218,175
20202,A,골목상권,3111082,중앙보훈병원,64,44,20,0,3,9,11,23,18,0,1,3,5,18,17,0,2,6,6,5,1
20202,A,골목상권,3111086,한영중고,297,202,95,1,27,45,73,101,50,1,17,22,52,69,41,0,10,23,21,32,9
20202,A,골목상권,3111051,천호역 6번,394,242,152,2,65,77,85,88,77,1,44,54,54,47,42,1,21,23,31,41,35
20202,A,골목상권,3111064,둔촌동역 4번,157,98,59,0,13,34,47,40,23,0,3,21,30,28,16,0,10,13,17,12,7
20202,A,골목상권,3111070,천호초등학교,121,70,51,1,7,20,39,27,27,0,3,9,23,16,19,1,4,11,16,11,8
20202,A,골목상권,3111057,천호공원(해공체육문화센터),254,112,142,2,53,50,64,60,25,2,15,19,30,32,14,0,38,31,34,28,11
20203,A,골목상권,3110643,강서구다솔마을,653,413,240,1,97,165,199,139,52,0,47,101,136,93,36,1,50,64,63,46,16
20203,A,골목상권,3110667,가양역 10번,177,126,51,0,33,32,56,36,20,0,21,20,38,29,18,0,12,12,18,7,2
20203,A,골목상권,3110639,신방화역 8번,534,376,158,1,76,67,89,155,146,1,18,26,52,140,139,0,58,41,37,15,7
20203,A,골목상권,3110641,공항고등학교,345,236,109,2,46,95,100,79,23,1,30,72,61,52,20,1,16,23,39,27,3
20203,A,골목상권,3110633,개화산역 1번,28,14,14,0,0,6,10,7,5,0,0,1,5,3,5,0,0,5,5,4,0
20203,A,골목상권,3110642,정곡초등학교,193,163,30,2,8,14,35,69,65,1,4,10,30,58,60,1,4,4,5,11,5
20203,A,골목상권,3110678,염창무학아파트,285,214,71,1,34,65,92,60,33,1,17,53,72,47,24,0,17,12,20,13,9
20203,A,골목상권,3110653,화곡역 2번,917,494,423,1,191,273,240,171,41,0,79,137,119,135,24,1,112,136,121,36,17
20203,R,전통시장,3130216,화곡중앙시장,75,32,43,0,4,11,21,22,17,0,2,2,9,8,11,0,2,9,12,14,6
20203,R,전통시장,3130215,대원종합시장,9,7,2,0,0,1,0,3,5,0,0,1,0,2,4,0,0,0,0,1,1
20203,A,골목상권,3110661,강서새말어린이공원,126,48,78,0,3,13,30,38,42,0,2,8,10,9,19,0,1,5,20,29,23
20203,A,골목상권,3110664,강서구청옆,111,48,63,0,14,10,31,43,13,0,11,7,10,9,11,0,3,3,21,34,2
20203,A,골목상권,3110663,우장산롯데캐슬아파트앞,279,217,62,0,6,19,48,106,100,0,3,13,26,82,93,0,3,6,22,24,7
20203,R,전통시장,3130219,까치산시장,114,35,79,0,16,17,35,29,17,0,4,6,8,9,8,0,12,11,27,20,9
20203,A,골목상권,3110710,남구로역 3번,606,370,236,3,83,96,105,121,198,3,46,63,63,68,127,0,37,33,42,53,71
20203,R,전통시장,3130223,고척근린시장,42,12,30,0,2,10,12,14,4,0,0,1,1,7,3,0,2,9,11,7,1
20203,R,전통시장,3130224,개봉프라자(고척근린시장),5,4,1,0,0,0,1,2,2,0,0,0,1,1,2,0,0,0,0,1,0
20203,D,발달상권,3120130,구로디지털단지역,1136,620,516,1,169,376,236,212,142,0,59,208,125,125,103,1,110,168,111,87,39
20203,A,골목상권,3110683,오류고등학교,75,46,29,0,12,15,23,18,7,0,9,8,14,8,7,0,3,7,9,10,0
20203,R,전통시장,3130222,오류시장,132,21,111,0,10,26,46,43,7,0,5,1,4,5,6,0,5,25,42,38,1
20203,A,골목상권,3110687,"천왕역 3번(오류2동주민센터, 서울오류남초등학교)",21,16,5,0,2,3,5,6,5,0,1,3,4,4,4,0,1,0,1,2,1
20203,D,발달상권,3120131,가산디지털단지,81127,53423,27704,289,16342,25688,20130,11589,7089,184,8639,17233,14526,7698,5143,105,7703,8455,5604,3891,1946
20203,A,골목상권,3110740,금천해태공원,646,280,366,1,135,134,136,170,70,1,47,54,56,71,51,0,88,80,80,99,19
20203,A,골목상권,3110733,금천어울림복지센터,374,293,81,3,34,89,74,90,84,3,22,67,59,66,76,0,12,22,15,24,8
20203,A,골목상권,3110739,시흥3동 우편취급국,99,77,22,0,4,22,30,27,16,0,1,16,26,21,13,0,3,6,4,6,3
20203,R,전통시장,3130246,영등포청과시장(조광시장),237,126,111,0,24,33,47,77,56,0,9,11,28,39,39,0,15,22,19,38,17
20203,D,발달상권,3120136,영등포구청역,6456,3190,3266,20,1167,1451,1361,1429,1028,12,562,814,730,580,492,8,605,637,631,849,536
20203,A,골목상권,3110794,영동초등학교,622,482,140,0,72,112,182,170,86,0,37,84,150,136,75,0,35,28,32,34,11
20203,A,골목상권,3110775,대동초등학교,59,28,31,0,4,13,20,14,8,0,1,6,6,9,6,0,3,7,14,5,2
20203,D,발달상권,3120140,문래동주민센터,6184,3312,2872,22,1447,1843,1639,925,308,11,558,994,994,525,230,11,889,849,645,400,78
20203,A,골목상권,3110814,서울지방병무청,673,364,309,1,51,117,155,236,113,1,23,79,97,104,60,0,28,38,58,132,53
20203,R,전통시장,3130259,대신시장,14,10,4,0,1,0,5,4,4,0,1,0,3,3,3,0,0,0,2,1,1
20203,A,골목상권,3110802,신길동홍어거리,336,159,177,1,59,113,86,61,16,0,18,45,44,40,12,1,41,68,42,21,4
20203,A,골목상권,3110791,신풍역 3번,25,17,8,0,1,5,9,9,1,0,0,2,6,8,1,0,1,3,3,1,0
20203,R,전통시장,3130241,선유도역 골목형상점가,500,253,247,0,95,93,123,136,53,0,39,49,66,67,32,0,56,44,57,69,21
20203,A,골목상권,3110773,당산역 13번,161,127,34,0,24,40,31,22,44,0,20,33,19,18,37,0,4,7,12,4,7
20203,D,발달상권,3120145,영등포역(영등포),3856,1817,2039,22,673,1021,921,702,517,0,202,441,486,388,300,22,471,580,435,314,217
20203,A,골목상권,3110796,한림대학교한강성심병원,87,52,35,1,7,19,26,19,15,0,4,11,17,9,11,1,3,8,9,10,4
20203,R,전통시장,3130267,본동인정시장(기능상실),59,41,18,0,6,10,12,15,16,0,4,7,9,8,13,0,2,3,3,7,3
20203,D,발달상권,3120153,노량진역(노량진),3600,1756,1844,10,508,1172,906,675,329,2,185,464,433,450,222,8,323,708,473,225,107
20203,D,발달상권,3120160,사당역(사당),9153,4750,4403,14,1560,2594,2716,1534,735,4,617,1307,1324,997,501,10,943,1287,1392,537,234
20203,R,전통시장,3130274,사당1동먹자골목상점가(사당1동먹자골목),389,218,171,4,91,100,81,63,50,3,45,64,37,35,34,1,46,36,44,28,16
20203,A,골목상권,3110849,이수역 10번,220,130,90,1,37,52,58,40,32,0,12,33,34,25,26,1,25,19,24,15,6
20203,A,골목상권,3110845,사당종합체육관,101,50,51,0,8,17,35,26,15,0,5,8,19,9,9,0,3,9,16,17,6
20203,A,골목상권,3110846,남성역 1번,535,290,245,1,66,120,146,135,67,0,25,59,78,74,54,1,41,61,68,61,13
20203,A,골목상권,3110838,상도1동주민센터앞,131,122,9,0,3,32,30,35,31,0,3,27,27,35,30,0,0,5,3,0,1
20203,A,골목상권,3110826,장승배기역 4번,366,149,217,2,20,37,57,103,147,1,8,22,28,38,52,1,12,15,29,65,95
20203,A,골목상권,3110842,흑리단길,53,22,31,0,10,9,10,16,8,0,4,3,5,5,5,0,6,6,5,11,3
20203,A,골목상권,3110895,샤로수길,1796,1222,574,3,307,721,360,233,172,2,170,534,234,152,130,1,137,187,126,81,42
20203,A,골목상권,3110862,난곡초등학교(난곡동벽화마을),84,41,43,0,4,13,14,34,19,0,2,6,11,15,7,0,2,7,3,19,12
20203,A,골목상권,3110881,구립대학경로당(관악산샘말공원),1580,1288,292,1,317,450,449,266,97,1,225,374,391,229,68,0,92,76,58,37,29
20203,A,골목상권,3110868,남부초등학교,232,126,106,0,20,29,45,49,89,0,11,23,22,28,42,0,9,6,23,21,47
20203,A,골목상권,3110884,봉천역 4번(봉천110안전센터),372,284,88,1,17,30,61,98,165,0,1,8,49,84,142,1,16,22,12,14,23
20203,R,전통시장,3130277,조원동 펭귄시장(신림중앙시장),98,56,42,1,15,26,31,19,6,1,8,18,16,9,4,0,7,8,15,10,2
20203,R,전통시장,3130293,봉천중앙시장,154,42,112,0,17,13,29,46,49,0,5,7,14,14,2,0,12,6,15,32,47
20203,R,전통시장,3130290,영림시장,417,183,234,0,74,101,107,92,43,0,14,49,43,44,33,0,60,52,64,48,10
20203,A,골목상권,3110945,본마을노인복지센터(서초구립내곡도서관),191,114,77,3,44,57,37,33,17,3,14,31,25,28,13,0,30,26,12,5,4
20203,D,발달상권,3120176,논현역 4번,893,566,327,1,130,216,195,168,183,1,67,126,129,106,137,0,63,90,66,62,46
20203,A,골목상권,3110904,이수역 5번,835,468,367,4,167,217,239,139,69,1,90,125,135,59,58,3,77,92,104,80,11
20203,A,골목상권,3110911,방배배수지체육공원,29,22,7,0,6,3,7,5,8,0,6,2,4,4,6,0,0,1,3,1,2
20203,A,골목상권,3110923,방배역 1번,210,153,57,0,34,56,55,41,24,0,21,38,42,34,18,0,13,18,13,7,6
20203,D,발달상권,3120173,교대역(법원.검찰청),18222,10456,7766,74,3270,5403,4730,3072,1673,29,1419,3004,2846,1897,1261,45,1851,2399,1884,1175,412
20203,D,발달상권,3120189,강남역,72613,38819,33794,234,17636,24305,18411,9151,2876,59,6629,13226,10962,5914,2029,175,11007,11079,7449,3237,847
20203,D,발달상권,3120171,서초3동사거리,11750,6206,5544,15,1990,3845,2551,1862,1487,6,827,1746,1496,1064,1067,9,1163,2099,1055,798,420
20203,A,골목상권,3110925,서초중학교,874,497,377,0,104,137,244,222,167,0,38,65,146,132,116,0,66,72,98,90,51
20203,D,발달상권,3120181,교육개발원입구사거리,7278,4440,2838,316,2978,1563,1247,730,444,145,1506,983,939,536,331,171,1472,580,308,194,113
20203,A,골목상권,3110939,양재역 8번(양재동우체국),5949,4099,1850,23,970,1420,1461,1174,901,15,499,989,1053,799,744,8,471,431,408,375,157
20203,D,발달상권,3120182,"양재시민의숲역(양재동꽃시장, aT센터)",6231,4311,1920,34,1059,1675,1508,1267,688,14,546,1157,1111,930,553,20,513,518,397,337,135
20203,R,전통시장,3130310,강남개포시장,298,173,125,0,29,56,71,82,60,0,8,23,42,56,44,0,21,33,29,26,16
20203,A,골목상권,3110957,언북중학교,1251,831,420,1,262,379,317,147,145,1,146,241,215,109,119,0,116,138,102,38,26
20203,D,발달상권,3120217,대치사거리,2779,1478,1301,11,552,771,700,452,293,10,220,379,381,264,224,1,332,392,319,188,69
20203,A,골목상권,3110989,대치동아우편취급국,444,270,174,9,90,148,75,68,54,0,43,102,43,44,38,9,47,46,32,24,16
20203,A,골목상권,3110965,언주역 6번,1139,788,351,1,174,379,378,142,65,1,104,276,284,74,49,0,70,103,94,68,16
20203,D,발달상권,3120206,개나리아파트,5243,3354,1889,87,1658,1413,1080,655,350,27,866,955,775,456,275,60,792,458,305,199,75
20203,A,골목상권,3110976,언북초등학교,578,332,246,1,111,188,126,86,66,0,41,115,83,49,44,1,70,73,43,37,22
20203,A,골목상권,3111036,투구봉어린이공원,209,119,90,1,22,40,55,62,29,1,7,20,26,39,26,0,15,20,29,23,3
20203,R,전통시장,3130315,문정동 로데오거리 상점가(문정동 로데오거리),1382,812,570,6,315,293,263,252,253,3,118,169,166,146,210,3,197,124,97,106,43
20203,D,발달상권,3120234,가락시장역,10280,6234,4046,11,1351,2492,2151,1680,2595,3,587,1469,1440,929,1806,8,764,1023,711,751,789
20203,R,전통시장,3130317,마천중앙시장,107,77,30,0,15,35,24,17,16,0,11,24,12,14,16,0,4,11,12,3,0
20203,R,전통시장,3130316,마천시장,18,9,9,0,3,3,2,10,0,0,2,2,2,3,0,0,1,1,0,7,0
20203,D,발달상권,3120229,방이동먹자골목,7319,4732,2587,12,1062,2182,1915,1302,846,5,588,1347,1338,913,541,7,474,835,577,389,305
20203,D,발달상권,3120233,몽촌토성역,10419,5740,4679,28,1795,2730,2265,2158,1443,22,1125,1855,1199,788,751,6,670,875,1066,1370,692
20203,A,골목상권,3111009,송파책박물관,130,94,36,1,13,38,28,24,26,0,11,32,18,15,18,1,2,6,10,9,8
20203,D,발달상권,3120230,송파사거리(송파역),876,470,406,4,96,176,202,193,205,1,38,99,115,92,125,3,58,77,87,101,80
20203,A,골목상권,3111013,송파나루역 1번(송리단길),2234,1456,778,8,320,568,650,435,253,3,160,384,445,290,174,5,160,184,205,145,79
20203,A,골목상권,3111039,벌말어린이공원,485,353,132,8,85,125,121,94,52,8,51,89,88,72,45,0,34,36,33,22,7
20203,D,발달상권,3120247,굽은다리역,572,312,260,4,91,119,146,104,108,1,37,77,74,56,67,3,54,42,72,48,41
20203,R,전통시장,3130321,장신구 특화거리 상점가,433,269,164,0,92,114,88,92,47,0,43,72,56,61,37,0,49,42,32,31,10
20203,A,골목상권,3111058,성내중학교,451,317,134,0,51,92,129,121,58,0,37,63,90,82,45,0,14,29,39,39,13
20203,A,골목상권,3111055,선사초등학교,673,29,644,0,14,28,137,373,121,0,4,7,8,6,4,0,10,21,129,367,117
20203,A,골목상권,3111075,굽은다리역 2번,193,114,79,0,14,42,54,52,31,0,14,28,24,31,17,0,0,14,30,21,14
20203,A,골목상권,3111063,강동구립 천호도서관,368,182,186,0,25,44,81,85,133,0,5,15,21,30,111,0,20,29,60,55,22
20203,A,골목상권,3110009,자하문터널,930,456,474,0,207,326,226,121,50,0,91,162,105,63,35,0,116,164,121,58,15
20203,D,발달상권,3120003,광화문역,43873,26821,17052,79,6380,12841,13071,8035,3467,12,2643,7543,8935,5616,2072,67,3737,5298,4136,2419,1395
20203,A,골목상권,3110033,창신역 4번,166,89,77,0,26,42,35,40,23,0,6,22,17,25,19,0,20,20,18,15,4
20203,R,전통시장,3130021,신설종합시장,50,37,13,1,1,10,12,13,13,0,0,9,10,10,8,1,1,1,2,3,5
20203,A,골목상권,3110023,서울대병원,92,33,59,0,9,24,23,20,16,0,3,7,10,5,8,0,6,17,13,15,8
20203,D,발달상권,3120012,대학로(혜화역),2004,901,1103,7,350,585,490,309,263,2,103,201,243,166,186,5,247,384,247,143,77
20203,D,발달상권,3120009,종로3가역,8495,4786,3709,19,1355,2296,2026,1582,1217,8,563,1230,1198,953,834,11,792,1066,828,629,383
20203,R,전통시장,3130009,마전교지하쇼핑센터(구 한일상가),24,16,8,0,0,2,3,7,12,0,0,2,2,4,8,0,0,0,1,3,4
20203,A,골목상권,3110022,경신고등학교,506,385,121,11,133,157,117,54,34,10,99,119,89,42,26,1,34,38,28,12,8
20203,D,발달상권,3120034,중구청(퇴계로4가),1545,1050,495,7,108,228,400,440,362,5,48,129,262,327,279,2,60,99,138,113,83
20203,D,발달상권,3120022,북창동(시청역_6번),5197,3160,2037,24,1010,1611,1149,767,636,2,391,936,852,543,436,22,619,675,297,224,200
20203,D,발달상권,3120019,경찰청앞교차로,5958,3146,2812,26,1051,2221,1625,793,242,8,274,1044,982,619,219,18,777,1177,643,174,23
20203,R,전통시장,3130050,청평화시장,233,96,137,2,54,70,50,40,17,1,22,32,12,21,8,1,32,38,38,19,9
20203,R,전통시장,3130327,"평화시장(남평화시장, 제일평화시장, 신평화패션타운)",169,107,62,1,8,31,43,42,44,1,1,19,30,27,29,0,7,12,13,15,15
20203,A,골목상권,3110044,관성묘,405,300,105,0,50,135,145,51,24,0,24,90,125,44,17,0,26,45,20,7,7
20203,A,골목상권,3110074,서울역 12번,8149,1751,6398,152,5985,1340,330,181,161,9,598,652,233,134,125,143,5387,688,97,47,36
20203,A,골목상권,3110081,해방촌 남동측,231,122,109,0,45,63,54,42,27,0,14,35,27,23,23,0,31,28,27,19,4
20203,A,골목상권,3110084,경리단길북측,315,168,147,0,47,85,84,57,42,0,23,36,39,36,34,0,24,49,45,21,8
20203,A,골목상권,3110071,한강미주맨션아파트,315,191,124,0,42,85,69,57,62,0,21,46,40,42,42,0,21,39,29,15,20
20203,R,전통시장,3130061,이태원시장,32,20,12,0,18,3,4,6,1,0,12,1,3,3,1,0,6,2,1,3,0
20203,A,골목상권,3110590,만리재,97,50,47,0,19,23,23,25,7,0,6,12,11,16,5,0,13,11,12,9,2
20203,R,전통시장,3130057,만리시장,12,9,3,0,0,2,1,4,5,0,0,1,1,3,4,0,0,1,0,1,1
20203,A,골목상권,3110070,용산세무서,184,130,54,0,21,54,55,24,30,0,8,37,41,18,26,0,13,17,14,6,4
20203,A,골목상권,3110062,한강로동땡땡거리(은행나무길),1506,884,622,9,319,423,319,208,228,6,142,225,216,138,157,3,177,198,103,70,71
20203,A,골목상권,3110079,후암동주민센터,1084,584,500,4,223,262,267,196,132,3,73,156,156,105,91,1,150,106,111,91,41
20203,R,전통시장,3130069,"한양대앞상점가(한양시장, 왕십리맛골목)",32,19,13,0,6,6,4,8,8,0,4,4,0,5,6,0,2,2,4,3,2
20203,A,골목상권,3110101,옥정중학교,218,121,97,0,55,51,65,31,16,0,24,34,43,13,7,0,31,17,22,18,9
20203,A,골목상권,3110102,옥수역 6번,175,116,59,0,22,39,48,41,25,0,11,21,31,31,22,0,11,18,17,10,3
20203,R,전통시장,3130065,무학봉상점가,181,71,110,0,29,39,47,42,24,0,4,11,15,23,18,0,25,28,32,19,6
20203,A,골목상권,3110179,광나루역 1번,911,620,291,0,142,209,188,233,139,0,82,160,157,154,67,0,60,49,31,79,72
20203,A,골목상권,3110180,광진정보도서관,5440,3602,1838,17,1593,2056,1086,499,189,5,872,1464,782,331,148,12,721,592,304,168,41
20203,D,발달상권,3120058,구의사거리,688,333,355,2,92,158,174,181,81,1,33,79,80,77,63,1,59,79,94,104,18
20203,D,발달상권,3120060,강변역(테크노마트),3189,2348,841,12,402,686,870,703,516,2,209,509,686,549,393,10,193,177,184,154,123
20203,A,골목상권,3110159,구의역 4번,663,391,272,1,125,115,158,132,132,1,58,62,85,87,98,0,67,53,73,45,34
20203,R,전통시장,3130074,영동교골목시장,21,15,6,0,6,9,2,3,1,0,3,9,0,2,1,0,3,0,2,1,0
20203,A,골목상권,3110153,중곡1동주민센터,241,83,158,1,42,57,67,57,17,0,14,22,22,17,8,1,28,35,45,40,9
20203,A,골목상권,3110142,화양사거리,215,108,107,1,37,47,45,53,32,1,20,25,24,17,21,0,17,22,21,36,11
20203,A,골목상권,3110148,어린이대공원역 3번,17,12,5,0,3,3,6,5,0,0,0,2,5,5,0,0,3,1,1,0,0
20203,R,전통시장,3130096,동부시장,14,9,5,0,0,0,1,1,12,0,0,0,0,0,9,0,0,0,1,1,3
20203,A,골목상권,3110183,한국의류시험연구원,839,447,392,3,238,307,149,75,67,1,88,162,81,58,57,2,150,145,68,17,10
20203,R,전통시장,3130089,청량리수산시장,42,33,9,0,4,7,16,6,9,0,3,7,12,4,7,0,1,0,4,2,2
20203,R,전통시장,3130098,회기시장,55,17,38,0,9,14,15,12,5,0,2,3,4,6,2,0,7,11,11,6,3
20203,A,골목상권,3110228,장안근린공원,1992,1184,808,40,1381,313,92,101,65,24,788,223,60,54,35,16,593,90,32,47,30
20203,R,전통시장,3130104,전곡시장,93,54,39,0,8,17,28,26,14,0,5,8,16,13,12,0,3,9,12,13,2
20203,D,발달상권,3120063,청량리역(청량리),1209,528,681,3,226,225,249,252,254,2,66,88,96,117,159,1,160,137,153,135,95
20203,A,골목상권,3110210,서울시립대,341,253,88,1,9,19,24,34,254,1,4,12,10,21,205,0,5,7,14,13,49
20203,A,골목상권,3110197,세종대왕기념관교차로,67,46,21,0,8,19,26,9,5,0,4,15,19,7,1,0,4,4,7,2,4
20203,D,발달상권,3120064,경희대학교(경희대),97,44,53,0,14,27,21,13,22,0,9,13,10,4,8,0,5,14,11,9,14
20203,A,골목상권,3110243,중랑노인종합복지관,298,114,184,1,30,49,74,104,40,0,5,21,37,31,20,1,25,28,37,73,20
20203,A,골목상권,3110259,사가정역 1번,543,425,118,2,48,108,172,159,54,2,29,73,131,140,50,0,19,35,41,19,4
20203,A,골목상권,3110269,용마문화복지센터,169,98,71,0,19,53,52,28,17,0,13,32,30,19,4,0,6,21,22,9,13
20203,A,골목상권,3110252,장안제일시장,712,505,207,1,64,101,159,195,192,1,42,73,87,131,171,0,22,28,72,64,21
20203,R,전통시장,3130111,"동원전통종합시장(동원시장, 동원전통시장 상점가)",224,109,115,0,24,37,49,82,32,0,11,17,21,38,22,0,13,20,28,44,10
20203,A,골목상권,3110247,먹골역 1번,381,176,205,0,54,79,123,81,44,0,21,30,55,39,31,0,33,49,68,42,13
20203,A,골목상권,3110255,상봉역 4번,327,208,119,0,39,52,78,92,66,0,20,24,46,62,56,0,19,28,32,30,10
20203,A,골목상권,3110262,상봉역 3번,1530,878,652,2,221,447,542,268,50,0,119,337,281,107,34,2,102,110,261,161,16
20203,A,골목상권,3110271,신내역 1번,97,74,23,0,8,17,25,29,18,0,5,14,18,23,14,0,3,3,7,6,4
20203,A,골목상권,3110251,장안중학교,147,104,43,0,8,34,46,39,20,0,3,23,34,27,17,0,5,11,12,12,3
20203,A,골목상권,3110244,중화역 4번,250,175,75,1,8,26,49,44,122,1,4,11,32,30,97,0,4,15,17,14,25
20203,A,골목상권,3110296,성신여대입구역 4번,77,39,38,1,7,12,30,11,16,1,3,7,15,8,5,0,4,5,15,3,11
20203,A,골목상권,3110297,경동고등학교,654,311,343,0,74,123,156,164,137,0,31,65,74,79,62,0,43,58,82,85,75
20203,D,발달상권,3120071,성북구청,255,127,128,0,36,55,64,62,38,0,14,22,38,31,22,0,22,33,26,31,16
20203,A,골목상권,3110280,북정마을,73,38,35,0,7,10,22,23,11,0,3,3,9,15,8,0,4,7,13,8,3
20203,R,전통시장,3130122,밤나무골시장,17,5,12,0,2,4,6,4,1,0,1,1,2,1,0,0,1,3,4,3,1
20203,D,발달상권,3120075,월곡역,369,213,156,1,40,86,97,67,78,0,17,48,54,44,50,1,23,38,43,23,28
20203,R,전통시장,3130123,꿈의숲 장곡 골목형상점가,6,5,1,0,1,0,1,4,0,0,1,0,1,3,0,0,0,0,0,1,0
20203,A,골목상권,3110287,정릉3동주민센터,70,50,20,0,9,12,18,19,12,0,5,8,15,12,10,0,4,4,3,7,2
20203,A,골목상권,3110317,종암중학교,411,206,205,0,33,120,153,85,20,0,14,47,78,58,9,0,19,73,75,27,11
20203,D,발달상권,3120076,수유역,1930,865,1065,7,241,303,422,465,492,4,62,102,176,240,281,3,179,201,246,225,211
20203,R,전통시장,3130142,강북북부시장,7,5,2,0,1,1,0,2,3,0,0,1,0,2,2,0,1,0,0,0,1
20203,A,골목상권,3110375,서울북부고용노동지청,110,55,55,1,12,20,31,32,14,0,8,15,16,11,5,1,4,5,15,21,9
20203,R,전통시장,3130134,"솔샘시장(미아6,7동골목시장)",73,30,43,1,7,19,25,18,3,0,3,4,12,8,3,1,4,15,13,10,0
20203,A,골목상권,3110354,삼각산119안전센터,22,5,17,0,2,3,10,5,2,0,0,0,2,1,2,0,2,3,8,4,0
20203,A,골목상권,3110378,송중동주민센터,23,13,10,0,1,4,6,9,3,0,1,2,2,6,2,0,0,2,4,3,1
20203,R,전통시장,3130138,수유프라자,142,24,118,1,31,24,16,42,28,0,1,4,5,4,10,1,30,20,11,38,18
20203,R,전통시장,3130136,수유재래시장,32,13,19,0,6,5,8,6,7,0,2,1,0,3,7,0,4,4,8,3,0
20203,R,전통시장,3130133,우이골목시장(우이시장),69,61,8,0,7,7,19,20,16,0,6,6,17,17,15,0,1,1,2,3,1
20203,A,골목상권,3110350,가오리역 2번,148,77,71,0,11,27,37,49,24,0,5,11,18,26,17,0,6,16,19,23,7
20203,A,골목상권,3110410,방학역 2번,957,833,124,3,75,187,185,224,283,2,61,162,154,194,260,1,14,25,31,30,23
20203,A,골목상권,3110411,도봉역 3번,421,379,42,0,13,31,61,141,175,0,11,20,48,133,167,0,2,11,13,8,8
20203,A,골목상권,3110400,도봉구보건소,191,111,80,0,20,35,53,51,32,0,9,22,32,26,22,0,11,13,21,25,10
20203,R,전통시장,3130146,쌍문시장(쌍문역골목시장),263,124,139,0,29,33,54,80,67,0,10,12,28,32,42,0,19,21,26,48,25
20203,R,전통시장,3130147,쌍문역동측상점가,69,32,37,0,7,17,18,9,18,0,2,6,10,5,9,0,5,11,8,4,9
20203,A,골목상권,3110399,창2동주민센터,849,516,333,8,110,207,262,192,70,8,69,157,137,97,48,0,41,50,125,95,22
20203,R,전통시장,3130153,창동역상점가,229,138,91,0,18,48,54,56,53,0,7,31,30,31,39,0,11,17,24,25,14
20203,A,골목상권,3110409,창동역 2번,396,202,194,0,33,43,83,109,128,0,12,29,59,45,57,0,21,14,24,64,71
20203,D,발달상권,3120086,태릉입구역,382,205,177,0,42,78,82,102,78,0,24,43,35,49,54,0,18,35,47,53,24
20203,A,골목상권,3110434,태릉입구역 4번,121,62,59,0,13,11,24,35,38,0,3,2,12,22,23,0,10,9,12,13,15
20203,D,발달상권,3120081,노원역,1552,508,1044,9,369,295,343,307,229,2,66,87,125,121,107,7,303,208,218,186,122
20203,A,골목상권,3110426,상계2동주민센터,337,169,168,0,32,57,83,96,69,0,15,30,39,45,40,0,17,27,44,51,29
20203,A,골목상권,3110414,장석교회,66,51,15,0,7,16,15,20,8,0,5,13,11,17,5,0,2,3,4,3,3
20203,A,골목상권,3110465,연신내역 7번,240,119,121,3,38,52,57,54,36,2,12,29,25,25,26,1,26,23,32,29,10
20203,A,골목상권,3110490,녹번동근린공원,311,170,141,0,30,65,86,76,54,0,11,31,48,45,35,0,19,34,38,31,19
20203,A,골목상권,3110489,불광역 3번,35,25,10,0,3,7,10,10,5,0,3,4,7,6,5,0,0,3,3,4,0
20203,A,골목상권,3110479,연신내역 2번,318,181,137,1,50,84,68,69,46,0,28,71,35,32,15,1,22,13,33,37,31
20203,R,전통시장,3130165,"대림골목시장(대림시장, 양지시장)",214,34,180,0,20,45,56,62,31,0,1,7,5,11,10,0,19,38,51,51,21
20203,A,골목상권,3110492,하나고등학교,238,38,200,1,5,13,11,95,113,0,0,7,7,8,16,1,5,6,4,87,97
20203,A,골목상권,3110493,북가좌초등학교,892,830,62,0,2,19,27,80,764,0,0,12,22,68,728,0,2,7,5,12,36
20203,A,골목상권,3110514,서대문우체국,86,19,67,0,26,26,17,9,8,0,0,4,7,4,4,0,26,22,10,5,4
20203,A,골목상권,3110508,서연중학교,947,425,522,9,139,241,158,245,155,3,62,148,74,76,62,6,77,93,84,169,93
20203,A,골목상권,3110513,연희파출소,457,241,216,0,51,87,110,130,79,0,17,46,58,69,51,0,34,41,52,61,28
20203,A,골목상권,3110518,서대문구청,129,72,57,0,22,38,30,23,16,0,6,19,22,15,10,0,16,19,8,8,6
20203,A,골목상권,3110535,영천시장입구,488,333,155,2,36,65,112,164,109,2,19,35,78,130,69,0,17,30,34,34,40
20203,A,골목상권,3110538,충정로역 3번,284,178,106,0,12,42,56,66,108,0,5,27,35,42,69,0,7,15,21,24,39
20203,A,골목상권,3110525,홍은종합사회복지관,61,17,44,0,10,12,15,10,14,0,1,3,0,4,9,0,9,9,15,6,5
20203,A,골목상권,3110515,홍은중학교,396,312,84,1,45,118,119,68,45,1,33,93,94,52,39,0,12,25,25,16,6
20203,A,골목상권,3110583,공덕래미안3차아파트,12,7,5,0,2,3,1,1,5,0,1,2,1,0,3,0,1,1,0,1,2
20203,A,골목상권,3110562,연트럴파크(연남동주민센터),426,237,189,1,73,118,96,94,44,1,29,76,55,44,32,0,44,42,41,50,12
20203,R,전통시장,3130192,동진시장,10,6,4,0,1,1,4,3,1,0,1,1,1,2,1,0,0,0,3,1,0
20203,R,전통시장,3130194,용강동 상점가,875,502,373,0,103,131,179,170,292,0,39,75,104,114,170,0,64,56,75,56,122
20203,A,골목상권,3110577,용강동주민센터,145,105,40,0,15,42,47,31,10,0,12,31,38,17,7,0,3,11,9,14,3
20203,A,골목상권,3110559,성산중학교,757,474,283,4,102,187,203,167,94,3,54,102,127,118,70,1,48,85,76,49,24
20203,R,전통시장,3130203,서서울 골목형상점가,34,7,27,0,2,7,10,12,3,0,0,0,2,4,1,0,2,7,8,8,2
20203,R,전통시장,3130204,경창시장,102,51,51,0,5,12,29,27,29,0,2,5,13,16,15,0,3,7,16,11,14
20203,A,골목상권,3110593,신월3동주민센터,304,157,147,0,38,65,76,87,38,0,12,32,45,44,24,0,26,33,31,43,14
20203,A,골목상권,3110605,목동센트럴아이파크앞,155,89,66,0,15,22,26,47,45,0,5,15,11,27,31,0,10,7,15,20,14
20203,A,골목상권,3110634,송정역 3번,664,434,230,0,64,143,178,145,134,0,33,90,116,101,94,0,31,53,62,44,40
20203,D,발달상권,3120116,송정역,117,64,53,0,17,27,28,20,25,0,9,11,15,10,19,0,8,16,13,10,6
20203,A,골목상권,3110637,송정역 2번,560,358,202,4,67,121,116,154,98,0,34,74,81,100,69,4,33,47,35,54,29
20203,A,골목상권,3110644,신광명마을,336,288,48,1,26,28,58,105,118,1,8,17,51,97,114,0,18,11,7,8,4
20203,A,골목상권,3110673,뜸부기어린이공원,253,143,110,0,37,52,62,64,38,0,21,29,31,34,28,0,16,23,31,30,10
20203,A,골목상권,3110717,남구로역 2번,570,271,299,0,108,155,142,104,61,0,49,84,75,34,29,0,59,71,67,70,32
20203,R,전통시장,3130225,개봉중앙시장,147,59,88,0,15,21,39,44,28,0,3,4,19,22,11,0,12,17,20,22,17
20203,A,골목상권,3110704,고척중학교,62,36,26,0,12,23,10,12,5,0,7,12,3,11,3,0,5,11,7,1,2
20203,A,골목상권,3110711,구로초등학교,815,329,486,4,62,122,165,287,175,2,26,70,81,74,76,2,36,52,84,213,99
20203,A,골목상권,3110719,영서중학교,19,15,4,0,0,4,2,3,10,0,0,2,2,3,8,0,0,2,0,0,2
20203,D,발달상권,3120127,구로구청,5871,3858,2013,6,600,1211,1435,1436,1183,5,362,967,1048,802,674,1,238,244,387,634,509
20203,A,골목상권,3110681,온수역 1번,94,70,24,0,6,30,30,17,11,0,5,22,21,12,10,0,1,8,9,5,1
20203,A,골목상권,3110686,수궁동주민센터,406,211,195,0,34,67,104,115,86,0,16,31,64,55,45,0,18,36,40,60,41
20203,A,골목상권,3110724,금천구립가산도서관,364,254,110,1,42,76,120,89,36,1,33,60,90,45,25,0,9,16,30,44,11
20203,A,골목상권,3110737,금천세무서,502,323,179,8,77,85,96,116,120,0,28,49,51,91,104,8,49,36,45,25,16
20203,A,골목상권,3110751,난곡중학교,733,399,334,2,48,217,242,177,47,2,21,117,128,91,40,0,27,100,114,86,7
20203,R,전통시장,3130238,은행나무시장,113,71,42,0,22,24,31,22,14,0,13,16,22,14,6,0,9,8,9,8,8
20203,A,골목상권,3110770,영등포구청역 6번,263,191,72,1,45,49,77,45,46,1,24,41,54,28,43,0,21,8,23,17,3
20203,A,골목상권,3110774,당산반도유보라팰리스아파트,472,355,117,0,59,119,131,96,67,0,34,81,109,80,51,0,25,38,22,16,16
20203,A,골목상권,3110784,신대림초등학교,76,42,34,0,3,11,18,36,8,0,0,7,12,18,5,0,3,4,6,18,3
20203,D,발달상권,3120142,대림역,1551,846,705,2,234,279,348,384,304,0,69,143,190,230,214,2,165,136,158,154,90
20203,A,골목상권,3110790,대림1동주민센터,741,337,404,1,74,163,282,161,60,1,46,71,89,77,53,0,28,92,193,84,7
20203,A,골목상권,3110767,도림동주민센터,11,0,11,0,4,3,3,1,0,0,0,0,0,0,0,0,4,3,3,1,0
20203,R,전통시장,3130243,도림시장,7,5,2,0,0,1,4,0,2,0,0,1,3,0,1,0,0,0,1,0,1
20203,A,골목상권,3110816,대방역 6번,517,401,116,1,72,136,153,67,88,1,49,108,114,49,80,0,23,28,39,18,8
20203,A,골목상권,3110795,도림초등학교,533,356,177,0,20,49,80,128,256,0,8,36,48,74,190,0,12,13,32,54,66
20203,A,골목상권,3110805,신길새마을금고신길4동지점,45,27,18,0,6,12,12,8,7,0,2,7,6,5,7,0,4,5,6,3,0
20203,A,골목상권,3110797,KT대방빌딩,47,8,39,1,6,8,12,10,10,0,0,0,1,2,5,1,6,8,11,8,5
20203,D,발달상권,3120147,보라매역,1947,1238,709,5,286,452,370,367,467,2,93,310,249,264,320,3,193,142,121,103,147
20203,A,골목상권,3110760,선유도역 6번,1792,1091,701,8,273,444,499,376,192,6,170,256,275,219,165,2,103,188,224,157,27
20203,D,발달상권,3120149,여의도역(여의도),69255,45888,23367,184,11383,22550,19240,12096,3802,34,5884,14085,14147,9350,2388,150,5499,8465,5093,2746,1414
20203,D,발달상권,3120148,국회의사당역(국회의사당),31135,19451,11684,82,6815,10231,7641,4493,1873,27,3082,6187,5424,3397,1334,55,3733,4044,2217,1096,539
20203,R,전통시장,3130248,영등포역지하도상점가,69,35,34,0,9,26,17,14,3,0,6,13,9,4,3,0,3,13,8,10,0
20203,A,골목상권,3110829,장승배기역 5번,534,416,118,0,195,137,78,52,72,0,177,106,49,39,45,0,18,31,29,13,27
20203,A,골목상권,3110848,양지어린이공원,486,307,179,0,36,68,152,132,98,0,6,39,85,93,84,0,30,29,67,39,14
20203,R,전통시장,3130271,남성역골목시장,467,268,199,1,36,33,39,47,311,1,12,20,22,16,197,0,24,13,17,31,114
20203,A,골목상권,3110837,숭실대입구역 1번,360,184,176,1,39,72,80,79,89,0,19,29,39,32,65,1,20,43,41,47,24
20203,R,전통시장,3130262,상도도깨비 골목형상점가,21,13,8,0,0,4,10,4,3,0,0,4,6,1,2,0,0,0,4,3,1
20203,A,골목상권,3110825,신대방삼거리역 1번,319,207,112,0,33,63,96,72,55,0,23,41,58,47,38,0,10,22,38,25,17
20203,R,전통시장,3130261,성대전통시장(성대시장),211,104,107,0,15,47,61,61,27,0,4,26,33,23,18,0,11,21,28,38,9
20203,R,전통시장,3130264,상도약수골목형상점가,65,35,30,1,14,8,15,20,7,0,4,3,9,12,7,1,10,5,6,8,0
20203,A,골목상권,3110823,신대방삼거리역 3번,472,242,230,0,30,45,83,121,193,0,17,26,40,42,117,0,13,19,43,79,76
20203,A,골목상권,3110844,흑석2치안센터,11,7,4,0,2,2,4,0,3,0,1,2,2,0,2,0,1,0,2,0,1
20203,R,전통시장,3130282,난곡 골목형상점가,20,8,12,0,4,2,10,4,0,0,2,1,4,1,0,0,2,1,6,3,0
20203,A,골목상권,3110865,남강고등학교(남강중학교),270,116,154,4,57,53,59,61,36,2,10,23,23,31,27,2,47,30,36,30,9
20203,A,골목상권,3110902,사당역 4번,1184,729,455,1,189,266,295,248,185,0,82,168,204,156,119,1,107,98,91,92,66
20203,A,골목상권,3110887,서울산업정보학교(서울삼성초등학교),12,5,7,0,1,3,4,4,0,0,0,0,1,4,0,0,1,3,3,0,0
20203,A,골목상권,3110860,호림박물관(성보고등학교),410,314,96,1,57,102,66,110,74,1,44,84,47,78,60,0,13,18,19,32,14
20203,A,골목상권,3110883,은천초등학교(은천교앞),208,124,84,2,21,43,70,48,24,1,12,25,42,28,16,1,9,18,28,20,8
20203,R,전통시장,3130288,신림현대종합상가,2,0,2,0,1,1,0,0,0,0,0,0,0,0,0,0,1,1,0,0,0
20203,A,골목상권,3110894,관악동부센트레빌아파트(은천로35라길),20,8,12,0,2,4,3,6,5,0,0,2,1,2,3,0,2,2,2,4,2
20203,A,골목상권,3110869,"신림역 5번(신림동주민센터, 신림동별빛거리)",1026,681,345,1,79,136,248,233,329,1,36,73,143,155,273,0,43,63,105,78,56
20203,A,골목상권,3110877,신림역 8번,319,154,165,2,23,63,86,80,65,0,10,30,36,39,39,2,13,33,50,41,26
20203,R,전통시장,3130289,봉일시장,36,20,16,1,1,2,5,14,13,0,0,1,5,3,11,1,1,1,0,11,2
20203,A,골목상권,3110853,KT구로지사,217,130,87,0,21,49,65,51,31,0,9,27,44,28,22,0,12,22,21,23,9
20203,A,골목상권,3110897,서울대입구역 8번,219,139,80,0,16,45,69,64,25,0,7,24,40,44,24,0,9,21,29,20,1
20203,D,발달상권,3120167,고속터미널(고속터미널역),6925,4543,2382,24,790,1577,1689,1525,1320,10,416,1110,1328,1046,633,14,374,467,361,479,687
20203,A,골목상권,3110924,반포4동주민센터(몽마르뜨공원),1071,732,339,5,171,236,323,252,84,1,78,150,243,200,60,4,93,86,80,52,24
20203,A,골목상권,3110922,내방역 1번,219,112,107,1,42,47,47,42,40,0,13,23,27,23,26,1,29,24,20,19,14
20203,A,골목상권,3110909,남태령역(서울전자고등학교),132,97,35,1,11,29,23,34,34,1,4,19,16,29,28,0,7,10,7,5,6
20203,D,발달상권,3120163,사당역 11번(사당역먹자골목),491,290,201,0,55,119,99,86,132,0,28,73,57,50,82,0,27,46,42,36,50
20203,A,골목상권,3110929,남부터미널역 1번,21130,10703,10427,21,4446,4558,3912,7143,1050,4,1209,1890,1718,5123,759,17,3237,2668,2194,2020,291
20203,D,발달상권,3120168,서울고교교차로,794,492,302,1,124,237,200,130,102,0,48,130,143,98,73,1,76,107,57,32,29
20203,R,전통시장,3130301,양재시장,89,47,42,0,24,20,24,9,12,0,7,13,15,4,8,0,17,7,9,5,4
20203,A,골목상권,3110946,청계산원터골,41,21,20,0,2,4,8,13,14,0,2,2,6,3,8,0,0,2,2,10,6
20203,A,골목상권,3110980,개포지구대옆,663,482,181,0,90,198,202,111,62,0,45,142,168,72,55,0,45,56,34,39,7
20203,D,발달상권,3120207,선정릉역,11920,7343,4577,32,2669,4154,2699,1509,857,16,1106,2428,1922,1135,736,16,1563,1726,777,374,121
20203,D,발달상권,3120218,코엑스,290,54,236,0,116,103,58,13,0,0,13,16,16,9,0,0,103,87,42,4,0
20203,D,발달상권,3120186,가로수길,6518,3580,2938,19,1316,2133,1570,895,585,5,447,1174,950,573,431,14,869,959,620,322,154
20203,A,골목상권,3110951,신사은행나무공원,267,70,197,0,35,83,95,47,7,0,6,24,26,12,2,0,29,59,69,35,5
20203,R,전통시장,3130306,강남언주로,235,151,84,2,48,48,63,45,29,2,27,34,47,23,18,0,21,14,16,22,11
20203,D,발달상권,3120208,청담사거리(청담동명품거리),11437,5280,6157,43,3488,4035,2275,1044,552,17,1116,1816,1308,628,395,26,2372,2219,967,416,157
20203,D,발달상권,3120214,영동대교남단교차로,3984,2897,1087,7,489,1172,1107,929,280,3,271,811,865,753,194,4,218,361,242,176,86
20203,A,골목상권,3111024,경찰병원역 4번(건너말공원),240,150,90,0,27,53,63,68,29,0,16,33,45,35,21,0,11,20,18,33,8
20203,A,골목상권,3111046,마천역(마천초등학교),708,400,308,1,76,146,171,195,119,0,46,85,84,95,90,1,30,61,87,100,29
20203,A,골목상권,3111044,남천초등학교,557,264,293,1,95,146,167,113,35,0,35,71,76,56,26,1,60,75,91,57,9
20203,A,골목상권,3111019,한성백제역 3번,1458,963,495,2,199,428,415,246,168,2,101,294,294,157,115,0,98,134,121,89,53
20203,A,골목상권,3111007,석촌고분역 4번,936,480,456,0,107,215,255,242,117,0,43,116,142,109,70,0,64,99,113,133,47
20203,A,골목상권,3111004,삼전역 1번,2036,1331,705,13,263,407,504,376,473,0,108,261,337,239,386,13,155,146,167,137,87
20203,A,골목상권,3111033,문정동성당,70,30,40,0,5,4,16,16,29,0,2,3,8,9,8,0,3,1,8,7,21
20203,A,골목상권,3111018,풍납초등학교(풍납백제문화공원),26,23,3,0,1,5,10,6,4,0,1,4,8,6,4,0,0,1,2,0,0
20203,A,골목상권,3111078,굽은다리역 4번,1753,1022,731,1,135,300,379,488,450,1,75,186,215,270,275,0,60,114,164,218,175
20203,A,골목상권,3111082,중앙보훈병원,64,44,20,0,3,9,11,23,18,0,1,3,5,18,17,0,2,6,6,5,1
20203,A,골목상권,3111086,한영중고,297,202,95,1,27,45,73,101,50,1,17,22,52,69,41,0,10,23,21,32,9
20203,A,골목상권,3111051,천호역 6번,394,242,152,2,65,77,85,88,77,1,44,54,54,47,42,1,21,23,31,41,35
20203,A,골목상권,3111064,둔촌동역 4번,157,98,59,0,13,34,47,40,23,0,3,21,30,28,16,0,10,13,17,12,7
20203,A,골목상권,3111070,천호초등학교,121,70,51,1,7,20,39,27,27,0,3,9,23,16,19,1,4,11,16,11,8
20203,A,골목상권,3111057,천호공원(해공체육문화센터),254,112,142,2,53,50,64,60,25,2,15,19,30,32,14,0,38,31,34,28,11
20204,A,골목상권,3110773,당산역 13번,161,127,34,0,24,40,31,22,44,0,20,33,19,18,37,0,4,7,12,4,7
20204,D,발달상권,3120145,영등포역(영등포),3856,1817,2039,22,673,1021,921,702,517,0,202,441,486,388,300,22,471,580,435,314,217
20204,A,골목상권,3110796,한림대학교한강성심병원,87,52,35,1,7,19,26,19,15,0,4,11,17,9,11,1,3,8,9,10,4
20204,R,전통시장,3130267,본동인정시장(기능상실),59,41,18,0,6,10,12,15,16,0,4,7,9,8,13,0,2,3,3,7,3
20204,D,발달상권,3120153,노량진역(노량진),3600,1756,1844,10,508,1172,906,675,329,2,185,464,433,450,222,8,323,708,473,225,107
20204,D,발달상권,3120160,사당역(사당),9153,4750,4403,14,1560,2594,2716,1534,735,4,617,1307,1324,997,501,10,943,1287,1392,537,234
20204,R,전통시장,3130274,사당1동먹자골목상점가(사당1동먹자골목),389,218,171,4,91,100,81,63,50,3,45,64,37,35,34,1,46,36,44,28,16
20204,A,골목상권,3110849,이수역 10번,220,130,90,1,37,52,58,40,32,0,12,33,34,25,26,1,25,19,24,15,6
20204,A,골목상권,3110845,사당종합체육관,101,50,51,0,8,17,35,26,15,0,5,8,19,9,9,0,3,9,16,17,6
20204,A,골목상권,3110846,남성역 1번,535,290,245,1,66,120,146,135,67,0,25,59,78,74,54,1,41,61,68,61,13
20204,A,골목상권,3110838,상도1동주민센터앞,131,122,9,0,3,32,30,35,31,0,3,27,27,35,30,0,0,5,3,0,1
20204,A,골목상권,3110826,장승배기역 4번,366,149,217,2,20,37,57,103,147,1,8,22,28,38,52,1,12,15,29,65,95
20204,A,골목상권,3110842,흑리단길,53,22,31,0,10,9,10,16,8,0,4,3,5,5,5,0,6,6,5,11,3
20204,A,골목상권,3110895,샤로수길,1796,1222,574,3,307,721,360,233,172,2,170,534,234,152,130,1,137,187,126,81,42
20204,A,골목상권,3110862,난곡초등학교(난곡동벽화마을),84,41,43,0,4,13,14,34,19,0,2,6,11,15,7,0,2,7,3,19,12
20204,A,골목상권,3110881,구립대학경로당(관악산샘말공원),1580,1288,292,1,317,450,449,266,97,1,225,374,391,229,68,0,92,76,58,37,29
20204,A,골목상권,3110868,남부초등학교,232,126,106,0,20,29,45,49,89,0,11,23,22,28,42,0,9,6,23,21,47
20204,A,골목상권,3110884,봉천역 4번(봉천110안전센터),372,284,88,1,17,30,61,98,165,0,1,8,49,84,142,1,16,22,12,14,23
20204,R,전통시장,3130277,조원동 펭귄시장(신림중앙시장),98,56,42,1,15,26,31,19,6,1,8,18,16,9,4,0,7,8,15,10,2
20204,R,전통시장,3130293,봉천중앙시장,154,42,112,0,17,13,29,46,49,0,5,7,14,14,2,0,12,6,15,32,47
20204,R,전통시장,3130290,영림시장,417,183,234,0,74,101,107,92,43,0,14,49,43,44,33,0,60,52,64,48,10
20204,A,골목상권,3110945,본마을노인복지센터(서초구립내곡도서관),191,114,77,3,44,57,37,33,17,3,14,31,25,28,13,0,30,26,12,5,4
20204,D,발달상권,3120176,논현역 4번,893,566,327,1,130,216,195,168,183,1,67,126,129,106,137,0,63,90,66,62,46
20204,A,골목상권,3110904,이수역 5번,835,468,367,4,167,217,239,139,69,1,90,125,135,59,58,3,77,92,104,80,11
20204,A,골목상권,3110911,방배배수지체육공원,29,22,7,0,6,3,7,5,8,0,6,2,4,4,6,0,0,1,3,1,2
20204,A,골목상권,3110923,방배역 1번,210,153,57,0,34,56,55,41,24,0,21,38,42,34,18,0,13,18,13,7,6
20204,D,발달상권,3120173,교대역(법원.검찰청),18222,10456,7766,74,3270,5403,4730,3072,1673,29,1419,3004,2846,1897,1261,45,1851,2399,1884,1175,412
20204,D,발달상권,3120189,강남역,72613,38819,33794,234,17636,24305,18411,9151,2876,59,6629,13226,10962,5914,2029,175,11007,11079,7449,3237,847
20204,D,발달상권,3120171,서초3동사거리,11750,6206,5544,15,1990,3845,2551,1862,1487,6,827,1746,1496,1064,1067,9,1163,2099,1055,798,420
20204,A,골목상권,3110925,서초중학교,874,497,377,0,104,137,244,222,167,0,38,65,146,132,116,0,66,72,98,90,51
20204,D,발달상권,3120181,교육개발원입구사거리,7278,4440,2838,316,2978,1563,1247,730,444,145,1506,983,939,536,331,171,1472,580,308,194,113
20204,A,골목상권,3110939,양재역 8번(양재동우체국),5949,4099,1850,23,970,1420,1461,1174,901,15,499,989,1053,799,744,8,471,431,408,375,157
20204,D,발달상권,3120182,"양재시민의숲역(양재동꽃시장, aT센터)",6231,4311,1920,34,1059,1675,1508,1267,688,14,546,1157,1111,930,553,20,513,518,397,337,135
20204,R,전통시장,3130310,강남개포시장,298,173,125,0,29,56,71,82,60,0,8,23,42,56,44,0,21,33,29,26,16
20204,A,골목상권,3110957,언북중학교,1251,831,420,1,262,379,317,147,145,1,146,241,215,109,119,0,116,138,102,38,26
20204,D,발달상권,3120217,대치사거리,2779,1478,1301,11,552,771,700,452,293,10,220,379,381,264,224,1,332,392,319,188,69
20204,A,골목상권,3110989,대치동아우편취급국,444,270,174,9,90,148,75,68,54,0,43,102,43,44,38,9,47,46,32,24,16
20204,A,골목상권,3110965,언주역 6번,1139,788,351,1,174,379,378,142,65,1,104,276,284,74,49,0,70,103,94,68,16
20204,D,발달상권,3120206,개나리아파트,5243,3354,1889,87,1658,1413,1080,655,350,27,866,955,775,456,275,60,792,458,305,199,75
20204,A,골목상권,3110976,언북초등학교,578,332,246,1,111,188,126,86,66,0,41,115,83,49,44,1,70,73,43,37,22
20204,A,골목상권,3111036,투구봉어린이공원,209,119,90,1,22,40,55,62,29,1,7,20,26,39,26,0,15,20,29,23,3
20204,R,전통시장,3130315,문정동 로데오거리 상점가(문정동 로데오거리),1382,812,570,6,315,293,263,252,253,3,118,169,166,146,210,3,197,124,97,106,43
20204,D,발달상권,3120234,가락시장역,10280,6234,4046,11,1351,2492,2151,1680,2595,3,587,1469,1440,929,1806,8,764,1023,711,751,789
20204,R,전통시장,3130317,마천중앙시장,107,77,30,0,15,35,24,17,16,0,11,24,12,14,16,0,4,11,12,3,0
20204,R,전통시장,3130316,마천시장,18,9,9,0,3,3,2,10,0,0,2,2,2,3,0,0,1,1,0,7,0
20204,D,발달상권,3120229,방이동먹자골목,7319,4732,2587,12,1062,2182,1915,1302,846,5,588,1347,1338,913,541,7,474,835,577,389,305
20204,D,발달상권,3120233,몽촌토성역,10419,5740,4679,28,1795,2730,2265,2158,1443,22,1125,1855,1199,788,751,6,670,875,1066,1370,692
20204,A,골목상권,3111009,송파책박물관,130,94,36,1,13,38,28,24,26,0,11,32,18,15,18,1,2,6,10,9,8
20204,D,발달상권,3120230,송파사거리(송파역),876,470,406,4,96,176,202,193,205,1,38,99,115,92,125,3,58,77,87,101,80
20204,A,골목상권,3111013,송파나루역 1번(송리단길),2234,1456,778,8,320,568,650,435,253,3,160,384,445,290,174,5,160,184,205,145,79
20204,A,골목상권,3111039,벌말어린이공원,485,353,132,8,85,125,121,94,52,8,51,89,88,72,45,0,34,36,33,22,7
20204,D,발달상권,3120247,굽은다리역,572,312,260,4,91,119,146,104,108,1,37,77,74,56,67,3,54,42,72,48,41
20204,R,전통시장,3130321,장신구 특화거리 상점가,433,269,164,0,92,114,88,92,47,0,43,72,56,61,37,0,49,42,32,31,10
20204,A,골목상권,3111058,성내중학교,451,317,134,0,51,92,129,121,58,0,37,63,90,82,45,0,14,29,39,39,13
20204,A,골목상권,3111055,선사초등학교,673,29,644,0,14,28,137,373,121,0,4,7,8,6,4,0,10,21,129,367,117
20204,A,골목상권,3111075,굽은다리역 2번,193,114,79,0,14,42,54,52,31,0,14,28,24,31,17,0,0,14,30,21,14
20204,A,골목상권,3111063,강동구립 천호도서관,368,182,186,0,25,44,81,85,133,0,5,15,21,30,111,0,20,29,60,55,22
20204,A,골목상권,3110009,자하문터널,930,456,474,0,207,326,226,121,50,0,91,162,105,63,35,0,116,164,121,58,15
20204,D,발달상권,3120003,광화문역,43873,26821,17052,79,6380,12841,13071,8035,3467,12,2643,7543,8935,5616,2072,67,3737,5298,4136,2419,1395
20204,A,골목상권,3110033,창신역 4번,166,89,77,0,26,42,35,40,23,0,6,22,17,25,19,0,20,20,18,15,4
20204,R,전통시장,3130021,신설종합시장,50,37,13,1,1,10,12,13,13,0,0,9,10,10,8,1,1,1,2,3,5
20204,A,골목상권,3110023,서울대병원,92,33,59,0,9,24,23,20,16,0,3,7,10,5,8,0,6,17,13,15,8
20204,D,발달상권,3120012,대학로(혜화역),2004,901,1103,7,350,585,490,309,263,2,103,201,243,166,186,5,247,384,247,143,77
20204,D,발달상권,3120009,종로3가역,8495,4786,3709,19,1355,2296,2026,1582,1217,8,563,1230,1198,953,834,11,792,1066,828,629,383
20204,R,전통시장,3130009,마전교지하쇼핑센터(구 한일상가),24,16,8,0,0,2,3,7,12,0,0,2,2,4,8,0,0,0,1,3,4
20204,A,골목상권,3110022,경신고등학교,506,385,121,11,133,157,117,54,34,10,99,119,89,42,26,1,34,38,28,12,8
20204,D,발달상권,3120034,중구청(퇴계로4가),1545,1050,495,7,108,228,400,440,362,5,48,129,262,327,279,2,60,99,138,113,83
20204,D,발달상권,3120022,북창동(시청역_6번),5197,3160,2037,24,1010,1611,1149,767,636,2,391,936,852,543,436,22,619,675,297,224,200
20204,D,발달상권,3120019,경찰청앞교차로,5958,3146,2812,26,1051,2221,1625,793,242,8,274,1044,982,619,219,18,777,1177,643,174,23
20204,R,전통시장,3130050,청평화시장,233,96,137,2,54,70,50,40,17,1,22,32,12,21,8,1,32,38,38,19,9
20204,R,전통시장,3130327,"평화시장(남평화시장, 제일평화시장, 신평화패션타운)",169,107,62,1,8,31,43,42,44,1,1,19,30,27,29,0,7,12,13,15,15
20204,A,골목상권,3110044,관성묘,405,300,105,0,50,135,145,51,24,0,24,90,125,44,17,0,26,45,20,7,7
20204,A,골목상권,3110074,서울역 12번,8149,1751,6398,152,5985,1340,330,181,161,9,598,652,233,134,125,143,5387,688,97,47,36
20204,A,골목상권,3110081,해방촌 남동측,231,122,109,0,45,63,54,42,27,0,14,35,27,23,23,0,31,28,27,19,4
20204,A,골목상권,3110084,경리단길북측,315,168,147,0,47,85,84,57,42,0,23,36,39,36,34,0,24,49,45,21,8
20204,A,골목상권,3110071,한강미주맨션아파트,315,191,124,0,42,85,69,57,62,0,21,46,40,42,42,0,21,39,29,15,20
20204,R,전통시장,3130061,이태원시장,32,20,12,0,18,3,4,6,1,0,12,1,3,3,1,0,6,2,1,3,0
20204,A,골목상권,3110590,만리재,97,50,47,0,19,23,23,25,7,0,6,12,11,16,5,0,13,11,12,9,2
20204,R,전통시장,3130057,만리시장,12,9,3,0,0,2,1,4,5,0,0,1,1,3,4,0,0,1,0,1,1
20204,A,골목상권,3110070,용산세무서,184,130,54,0,21,54,55,24,30,0,8,37,41,18,26,0,13,17,14,6,4
20204,A,골목상권,3110062,한강로동땡땡거리(은행나무길),1506,884,622,9,319,423,319,208,228,6,142,225,216,138,157,3,177,198,103,70,71
20204,A,골목상권,3110079,후암동주민센터,1084,584,500,4,223,262,267,196,132,3,73,156,156,105,91,1,150,106,111,91,41
20204,R,전통시장,3130069,"한양대앞상점가(한양시장, 왕십리맛골목)",32,19,13,0,6,6,4,8,8,0,4,4,0,5,6,0,2,2,4,3,2
20204,A,골목상권,3110101,옥정중학교,218,121,97,0,55,51,65,31,16,0,24,34,43,13,7,0,31,17,22,18,9
20204,A,골목상권,3110102,옥수역 6번,175,116,59,0,22,39,48,41,25,0,11,21,31,31,22,0,11,18,17,10,3
20204,R,전통시장,3130065,무학봉상점가,181,71,110,0,29,39,47,42,24,0,4,11,15,23,18,0,25,28,32,19,6
20204,A,골목상권,3110179,광나루역 1번,911,620,291,0,142,209,188,233,139,0,82,160,157,154,67,0,60,49,31,79,72
20204,A,골목상권,3110180,광진정보도서관,5440,3602,1838,17,1593,2056,1086,499,189,5,872,1464,782,331,148,12,721,592,304,168,41
20204,D,발달상권,3120058,구의사거리,688,333,355,2,92,158,174,181,81,1,33,79,80,77,63,1,59,79,94,104,18
20204,D,발달상권,3120060,강변역(테크노마트),3189,2348,841,12,402,686,870,703,516,2,209,509,686,549,393,10,193,177,184,154,123
20204,A,골목상권,3110159,구의역 4번,663,391,272,1,125,115,158,132,132,1,58,62,85,87,98,0,67,53,73,45,34
20204,R,전통시장,3130074,영동교골목시장,21,15,6,0,6,9,2,3,1,0,3,9,0,2,1,0,3,0,2,1,0
20204,A,골목상권,3110153,중곡1동주민센터,241,83,158,1,42,57,67,57,17,0,14,22,22,17,8,1,28,35,45,40,9
20204,A,골목상권,3110142,화양사거리,215,108,107,1,37,47,45,53,32,1,20,25,24,17,21,0,17,22,21,36,11
20204,A,골목상권,3110148,어린이대공원역 3번,17,12,5,0,3,3,6,5,0,0,0,2,5,5,0,0,3,1,1,0,0
20204,R,전통시장,3130096,동부시장,14,9,5,0,0,0,1,1,12,0,0,0,0,0,9,0,0,0,1,1,3
20204,A,골목상권,3110183,한국의류시험연구원,839,447,392,3,238,307,149,75,67,1,88,162,81,58,57,2,150,145,68,17,10
20204,R,전통시장,3130089,청량리수산시장,42,33,9,0,4,7,16,6,9,0,3,7,12,4,7,0,1,0,4,2,2
20204,R,전통시장,3130098,회기시장,55,17,38,0,9,14,15,12,5,0,2,3,4,6,2,0,7,11,11,6,3
20204,A,골목상권,3110228,장안근린공원,1992,1184,808,40,1381,313,92,101,65,24,788,223,60,54,35,16,593,90,32,47,30
20204,R,전통시장,3130104,전곡시장,93,54,39,0,8,17,28,26,14,0,5,8,16,13,12,0,3,9,12,13,2
20204,D,발달상권,3120063,청량리역(청량리),1209,528,681,3,226,225,249,252,254,2,66,88,96,117,159,1,160,137,153,135,95
20204,A,골목상권,3110210,서울시립대,341,253,88,1,9,19,24,34,254,1,4,12,10,21,205,0,5,7,14,13,49
20204,A,골목상권,3110197,세종대왕기념관교차로,67,46,21,0,8,19,26,9,5,0,4,15,19,7,1,0,4,4,7,2,4
20204,D,발달상권,3120064,경희대학교(경희대),97,44,53,0,14,27,21,13,22,0,9,13,10,4,8,0,5,14,11,9,14
20204,A,골목상권,3110243,중랑노인종합복지관,298,114,184,1,30,49,74,104,40,0,5,21,37,31,20,1,25,28,37,73,20
20204,A,골목상권,3110259,사가정역 1번,543,425,118,2,48,108,172,159,54,2,29,73,131,140,50,0,19,35,41,19,4
20204,A,골목상권,3110269,용마문화복지센터,169,98,71,0,19,53,52,28,17,0,13,32,30,19,4,0,6,21,22,9,13
20204,A,골목상권,3110252,장안제일시장,712,505,207,1,64,101,159,195,192,1,42,73,87,131,171,0,22,28,72,64,21
20204,R,전통시장,3130111,"동원전통종합시장(동원시장, 동원전통시장 상점가)",224,109,115,0,24,37,49,82,32,0,11,17,21,38,22,0,13,20,28,44,10
20204,A,골목상권,3110247,먹골역 1번,381,176,205,0,54,79,123,81,44,0,21,30,55,39,31,0,33,49,68,42,13
20204,A,골목상권,3110255,상봉역 4번,327,208,119,0,39,52,78,92,66,0,20,24,46,62,56,0,19,28,32,30,10
20204,A,골목상권,3110262,상봉역 3번,1530,878,652,2,221,447,542,268,50,0,119,337,281,107,34,2,102,110,261,161,16
20204,A,골목상권,3110271,신내역 1번,97,74,23,0,8,17,25,29,18,0,5,14,18,23,14,0,3,3,7,6,4
20204,A,골목상권,3110251,장안중학교,147,104,43,0,8,34,46,39,20,0,3,23,34,27,17,0,5,11,12,12,3
20204,A,골목상권,3110244,중화역 4번,250,175,75,1,8,26,49,44,122,1,4,11,32,30,97,0,4,15,17,14,25
20204,A,골목상권,3110296,성신여대입구역 4번,77,39,38,1,7,12,30,11,16,1,3,7,15,8,5,0,4,5,15,3,11
20204,A,골목상권,3110297,경동고등학교,654,311,343,0,74,123,156,164,137,0,31,65,74,79,62,0,43,58,82,85,75
20204,D,발달상권,3120071,성북구청,255,127,128,0,36,55,64,62,38,0,14,22,38,31,22,0,22,33,26,31,16
20204,A,골목상권,3110280,북정마을,73,38,35,0,7,10,22,23,11,0,3,3,9,15,8,0,4,7,13,8,3
20204,R,전통시장,3130122,밤나무골시장,17,5,12,0,2,4,6,4,1,0,1,1,2,1,0,0,1,3,4,3,1
20204,D,발달상권,3120075,월곡역,369,213,156,1,40,86,97,67,78,0,17,48,54,44,50,1,23,38,43,23,28
20204,R,전통시장,3130123,꿈의숲 장곡 골목형상점가,6,5,1,0,1,0,1,4,0,0,1,0,1,3,0,0,0,0,0,1,0
20204,A,골목상권,3110287,정릉3동주민센터,70,50,20,0,9,12,18,19,12,0,5,8,15,12,10,0,4,4,3,7,2
20204,A,골목상권,3110317,종암중학교,411,206,205,0,33,120,153,85,20,0,14,47,78,58,9,0,19,73,75,27,11
20204,D,발달상권,3120076,수유역,1930,865,1065,7,241,303,422,465,492,4,62,102,176,240,281,3,179,201,246,225,211
20204,R,전통시장,3130142,강북북부시장,7,5,2,0,1,1,0,2,3,0,0,1,0,2,2,0,1,0,0,0,1
20204,A,골목상권,3110375,서울북부고용노동지청,110,55,55,1,12,20,31,32,14,0,8,15,16,11,5,1,4,5,15,21,9
20204,R,전통시장,3130134,"솔샘시장(미아6,7동골목시장)",73,30,43,1,7,19,25,18,3,0,3,4,12,8,3,1,4,15,13,10,0
20204,A,골목상권,3110354,삼각산119안전센터,22,5,17,0,2,3,10,5,2,0,0,0,2,1,2,0,2,3,8,4,0
20204,A,골목상권,3110378,송중동주민센터,23,13,10,0,1,4,6,9,3,0,1,2,2,6,2,0,0,2,4,3,1
20204,R,전통시장,3130138,수유프라자,142,24,118,1,31,24,16,42,28,0,1,4,5,4,10,1,30,20,11,38,18
20204,R,전통시장,3130136,수유재래시장,32,13,19,0,6,5,8,6,7,0,2,1,0,3,7,0,4,4,8,3,0
20204,R,전통시장,3130133,우이골목시장(우이시장),69,61,8,0,7,7,19,20,16,0,6,6,17,17,15,0,1,1,2,3,1
20204,A,골목상권,3110350,가오리역 2번,148,77,71,0,11,27,37,49,24,0,5,11,18,26,17,0,6,16,19,23,7
20204,A,골목상권,3110410,방학역 2번,957,833,124,3,75,187,185,224,283,2,61,162,154,194,260,1,14,25,31,30,23
20204,A,골목상권,3110411,도봉역 3번,421,379,42,0,13,31,61,141,175,0,11,20,48,133,167,0,2,11,13,8,8
20204,A,골목상권,3110400,도봉구보건소,191,111,80,0,20,35,53,51,32,0,9,22,32,26,22,0,11,13,21,25,10
20204,R,전통시장,3130146,쌍문시장(쌍문역골목시장),263,124,139,0,29,33,54,80,67,0,10,12,28,32,42,0,19,21,26,48,25
20204,R,전통시장,3130147,쌍문역동측상점가,69,32,37,0,7,17,18,9,18,0,2,6,10,5,9,0,5,11,8,4,9
20204,A,골목상권,3110399,창2동주민센터,849,516,333,8,110,207,262,192,70,8,69,157,137,97,48,0,41,50,125,95,22
20204,R,전통시장,3130153,창동역상점가,229,138,91,0,18,48,54,56,53,0,7,31,30,31,39,0,11,17,24,25,14
20204,A,골목상권,3110409,창동역 2번,396,202,194,0,33,43,83,109,128,0,12,29,59,45,57,0,21,14,24,64,71
20204,D,발달상권,3120086,태릉입구역,382,205,177,0,42,78,82,102,78,0,24,43,35,49,54,0,18,35,47,53,24
20204,A,골목상권,3110434,태릉입구역 4번,121,62,59,0,13,11,24,35,38,0,3,2,12,22,23,0,10,9,12,13,15
20204,D,발달상권,3120081,노원역,1552,508,1044,9,369,295,343,307,229,2,66,87,125,121,107,7,303,208,218,186,122
20204,A,골목상권,3110426,상계2동주민센터,337,169,168,0,32,57,83,96,69,0,15,30,39,45,40,0,17,27,44,51,29
20204,A,골목상권,3110414,장석교회,66,51,15,0,7,16,15,20,8,0,5,13,11,17,5,0,2,3,4,3,3
20204,A,골목상권,3110465,연신내역 7번,240,119,121,3,38,52,57,54,36,2,12,29,25,25,26,1,26,23,32,29,10
20204,A,골목상권,3110490,녹번동근린공원,311,170,141,0,30,65,86,76,54,0,11,31,48,45,35,0,19,34,38,31,19
20204,A,골목상권,3110489,불광역 3번,35,25,10,0,3,7,10,10,5,0,3,4,7,6,5,0,0,3,3,4,0
20204,A,골목상권,3110479,연신내역 2번,318,181,137,1,50,84,68,69,46,0,28,71,35,32,15,1,22,13,33,37,31
20204,R,전통시장,3130165,"대림골목시장(대림시장, 양지시장)",214,34,180,0,20,45,56,62,31,0,1,7,5,11,10,0,19,38,51,51,21
20204,A,골목상권,3110492,하나고등학교,238,38,200,1,5,13,11,95,113,0,0,7,7,8,16,1,5,6,4,87,97
20204,A,골목상권,3110493,북가좌초등학교,892,830,62,0,2,19,27,80,764,0,0,12,22,68,728,0,2,7,5,12,36
20204,A,골목상권,3110514,서대문우체국,86,19,67,0,26,26,17,9,8,0,0,4,7,4,4,0,26,22,10,5,4
20204,A,골목상권,3110508,서연중학교,947,425,522,9,139,241,158,245,155,3,62,148,74,76,62,6,77,93,84,169,93
20204,A,골목상권,3110513,연희파출소,457,241,216,0,51,87,110,130,79,0,17,46,58,69,51,0,34,41,52,61,28
20204,A,골목상권,3110518,서대문구청,129,72,57,0,22,38,30,23,16,0,6,19,22,15,10,0,16,19,8,8,6
20204,A,골목상권,3110535,영천시장입구,488,333,155,2,36,65,112,164,109,2,19,35,78,130,69,0,17,30,34,34,40
20204,A,골목상권,3110538,충정로역 3번,284,178,106,0,12,42,56,66,108,0,5,27,35,42,69,0,7,15,21,24,39
20204,A,골목상권,3110525,홍은종합사회복지관,61,17,44,0,10,12,15,10,14,0,1,3,0,4,9,0,9,9,15,6,5
20204,A,골목상권,3110515,홍은중학교,396,312,84,1,45,118,119,68,45,1,33,93,94,52,39,0,12,25,25,16,6
20204,A,골목상권,3110583,공덕래미안3차아파트,12,7,5,0,2,3,1,1,5,0,1,2,1,0,3,0,1,1,0,1,2
20204,A,골목상권,3110562,연트럴파크(연남동주민센터),426,237,189,1,73,118,96,94,44,1,29,76,55,44,32,0,44,42,41,50,12
20204,R,전통시장,3130192,동진시장,10,6,4,0,1,1,4,3,1,0,1,1,1,2,1,0,0,0,3,1,0
20204,R,전통시장,3130194,용강동 상점가,875,502,373,0,103,131,179,170,292,0,39,75,104,114,170,0,64,56,75,56,122
20204,A,골목상권,3110577,용강동주민센터,145,105,40,0,15,42,47,31,10,0,12,31,38,17,7,0,3,11,9,14,3
20204,A,골목상권,3110559,성산중학교,757,474,283,4,102,187,203,167,94,3,54,102,127,118,70,1,48,85,76,49,24
20204,R,전통시장,3130203,서서울 골목형상점가,34,7,27,0,2,7,10,12,3,0,0,0,2,4,1,0,2,7,8,8,2
20204,R,전통시장,3130204,경창시장,102,51,51,0,5,12,29,27,29,0,2,5,13,16,15,0,3,7,16,11,14
20204,A,골목상권,3110593,신월3동주민센터,304,157,147,0,38,65,76,87,38,0,12,32,45,44,24,0,26,33,31,43,14
20204,A,골목상권,3110605,목동센트럴아이파크앞,155,89,66,0,15,22,26,47,45,0,5,15,11,27,31,0,10,7,15,20,14
20204,A,골목상권,3110634,송정역 3번,664,434,230,0,64,143,178,145,134,0,33,90,116,101,94,0,31,53,62,44,40
20204,D,발달상권,3120116,송정역,117,64,53,0,17,27,28,20,25,0,9,11,15,10,19,0,8,16,13,10,6
20204,A,골목상권,3110637,송정역 2번,560,358,202,4,67,121,116,154,98,0,34,74,81,100,69,4,33,47,35,54,29
20204,A,골목상권,3110644,신광명마을,336,288,48,1,26,28,58,105,118,1,8,17,51,97,114,0,18,11,7,8,4
20204,A,골목상권,3110673,뜸부기어린이공원,253,143,110,0,37,52,62,64,38,0,21,29,31,34,28,0,16,23,31,30,10
20204,A,골목상권,3110717,남구로역 2번,570,271,299,0,108,155,142,104,61,0,49,84,75,34,29,0,59,71,67,70,32
20204,R,전통시장,3130225,개봉중앙시장,147,59,88,0,15,21,39,44,28,0,3,4,19,22,11,0,12,17,20,22,17
20204,A,골목상권,3110704,고척중학교,62,36,26,0,12,23,10,12,5,0,7,12,3,11,3,0,5,11,7,1,2
20204,A,골목상권,3110711,구로초등학교,815,329,486,4,62,122,165,287,175,2,26,70,81,74,76,2,36,52,84,213,99
20204,A,골목상권,3110719,영서중학교,19,15,4,0,0,4,2,3,10,0,0,2,2,3,8,0,0,2,0,0,2
20204,D,발달상권,3120127,구로구청,5871,3858,2013,6,600,1211,1435,1436,1183,5,362,967,1048,802,674,1,238,244,387,634,509
20204,A,골목상권,3110681,온수역 1번,94,70,24,0,6,30,30,17,11,0,5,22,21,12,10,0,1,8,9,5,1
20204,A,골목상권,3110686,수궁동주민센터,406,211,195,0,34,67,104,115,86,0,16,31,64,55,45,0,18,36,40,60,41
20204,A,골목상권,3110724,금천구립가산도서관,364,254,110,1,42,76,120,89,36,1,33,60,90,45,25,0,9,16,30,44,11
20204,A,골목상권,3110737,금천세무서,502,323,179,8,77,85,96,116,120,0,28,49,51,91,104,8,49,36,45,25,16
20204,A,골목상권,3110751,난곡중학교,733,399,334,2,48,217,242,177,47,2,21,117,128,91,40,0,27,100,114,86,7
20204,R,전통시장,3130238,은행나무시장,113,71,42,0,22,24,31,22,14,0,13,16,22,14,6,0,9,8,9,8,8
20204,A,골목상권,3110770,영등포구청역 6번,263,191,72,1,45,49,77,45,46,1,24,41,54,28,43,0,21,8,23,17,3
20204,A,골목상권,3110774,당산반도유보라팰리스아파트,472,355,117,0,59,119,131,96,67,0,34,81,109,80,51,0,25,38,22,16,16
20204,A,골목상권,3110784,신대림초등학교,76,42,34,0,3,11,18,36,8,0,0,7,12,18,5,0,3,4,6,18,3
20204,D,발달상권,3120142,대림역,1551,846,705,2,234,279,348,384,304,0,69,143,190,230,214,2,165,136,158,154,90
20204,A,골목상권,3110790,대림1동주민센터,741,337,404,1,74,163,282,161,60,1,46,71,89,77,53,0,28,92,193,84,7
20204,A,골목상권,3110767,도림동주민센터,11,0,11,0,4,3,3,1,0,0,0,0,0,0,0,0,4,3,3,1,0
20204,R,전통시장,3130243,도림시장,7,5,2,0,0,1,4,0,2,0,0,1,3,0,1,0,0,0,1,0,1
20204,A,골목상권,3110816,대방역 6번,517,401,116,1,72,136,153,67,88,1,49,108,114,49,80,0,23,28,39,18,8
20204,A,골목상권,3110795,도림초등학교,533,356,177,0,20,49,80,128,256,0,8,36,48,74,190,0,12,13,32,54,66
20204,A,골목상권,3110805,신길새마을금고신길4동지점,45,27,18,0,6,12,12,8,7,0,2,7,6,5,7,0,4,5,6,3,0
20204,A,골목상권,3110797,KT대방빌딩,47,8,39,1,6,8,12,10,10,0,0,0,1,2,5,1,6,8,11,8,5
20204,D,발달상권,3120147,보라매역,1947,1238,709,5,286,452,370,367,467,2,93,310,249,264,320,3,193,142,121,103,147
20204,A,골목상권,3110760,선유도역 6번,1792,1091,701,8,273,444,499,376,192,6,170,256,275,219,165,2,103,188,224,157,27
20204,D,발달상권,3120149,여의도역(여의도),69255,45888,23367,184,11383,22550,19240,12096,3802,34,5884,14085,14147,9350,2388,150,5499,8465,5093,2746,1414
20204,D,발달상권,3120148,국회의사당역(국회의사당),31135,19451,11684,82,6815,10231,7641,4493,1873,27,3082,6187,5424,3397,1334,55,3733,4044,2217,1096,539
20204,R,전통시장,3130248,영등포역지하도상점가,69,35,34,0,9,26,17,14,3,0,6,13,9,4,3,0,3,13,8,10,0
20204,A,골목상권,3110829,장승배기역 5번,534,416,118,0,195,137,78,52,72,0,177,106,49,39,45,0,18,31,29,13,27
20204,A,골목상권,3110848,양지어린이공원,486,307,179,0,36,68,152,132,98,0,6,39,85,93,84,0,30,29,67,39,14
20204,R,전통시장,3130271,남성역골목시장,467,268,199,1,36,33,39,47,311,1,12,20,22,16,197,0,24,13,17,31,114
20204,A,골목상권,3110837,숭실대입구역 1번,360,184,176,1,39,72,80,79,89,0,19,29,39,32,65,1,20,43,41,47,24
20204,R,전통시장,3130262,상도도깨비 골목형상점가,21,13,8,0,0,4,10,4,3,0,0,4,6,1,2,0,0,0,4,3,1
20204,A,골목상권,3110825,신대방삼거리역 1번,319,207,112,0,33,63,96,72,55,0,23,41,58,47,38,0,10,22,38,25,17
20204,R,전통시장,3130261,성대전통시장(성대시장),211,104,107,0,15,47,61,61,27,0,4,26,33,23,18,0,11,21,28,38,9
20204,R,전통시장,3130264,상도약수골목형상점가,65,35,30,1,14,8,15,20,7,0,4,3,9,12,7,1,10,5,6,8,0
20204,A,골목상권,3110823,신대방삼거리역 3번,472,242,230,0,30,45,83,121,193,0,17,26,40,42,117,0,13,19,43,79,76
20204,A,골목상권,3110844,흑석2치안센터,11,7,4,0,2,2,4,0,3,0,1,2,2,0,2,0,1,0,2,0,1
20204,R,전통시장,3130282,난곡 골목형상점가,20,8,12,0,4,2,10,4,0,0,2,1,4,1,0,0,2,1,6,3,0
20204,A,골목상권,3110865,남강고등학교(남강중학교),270,116,154,4,57,53,59,61,36,2,10,23,23,31,27,2,47,30,36,30,9
20204,A,골목상권,3110902,사당역 4번,1184,729,455,1,189,266,295,248,185,0,82,168,204,156,119,1,107,98,91,92,66
20204,A,골목상권,3110887,서울산업정보학교(서울삼성초등학교),12,5,7,0,1,3,4,4,0,0,0,0,1,4,0,0,1,3,3,0,0
20204,A,골목상권,3110860,호림박물관(성보고등학교),410,314,96,1,57,102,66,110,74,1,44,84,47,78,60,0,13,18,19,32,14
20204,A,골목상권,3110883,은천초등학교(은천교앞),208,124,84,2,21,43,70,48,24,1,12,25,42,28,16,1,9,18,28,20,8
20204,R,전통시장,3130288,신림현대종합상가,2,0,2,0,1,1,0,0,0,0,0,0,0,0,0,0,1,1,0,0,0
20204,A,골목상권,3110894,관악동부센트레빌아파트(은천로35라길),20,8,12,0,2,4,3,6,5,0,0,2,1,2,3,0,2,2,2,4,2
20204,A,골목상권,3110869,"신림역 5번(신림동주민센터, 신림동별빛거리)",1026,681,345,1,79,136,248,233,329,1,36,73,143,155,273,0,43,63,105,78,56
20204,A,골목상권,3110877,신림역 8번,319,154,165,2,23,63,86,80,65,0,10,30,36,39,39,2,13,33,50,41,26
20204,R,전통시장,3130289,봉일시장,36,20,16,1,1,2,5,14,13,0,0,1,5,3,11,1,1,1,0,11,2
20204,A,골목상권,3110853,KT구로지사,217,130,87,0,21,49,65,51,31,0,9,27,44,28,22,0,12,22,21,23,9
20204,A,골목상권,3110897,서울대입구역 8번,219,139,80,0,16,45,69,64,25,0,7,24,40,44,24,0,9,21,29,20,1
20204,D,발달상권,3120167,고속터미널(고속터미널역),6925,4543,2382,24,790,1577,1689,1525,1320,10,416,1110,1328,1046,633,14,374,467,361,479,687
20204,A,골목상권,3110924,반포4동주민센터(몽마르뜨공원),1071,732,339,5,171,236,323,252,84,1,78,150,243,200,60,4,93,86,80,52,24
20204,A,골목상권,3110922,내방역 1번,219,112,107,1,42,47,47,42,40,0,13,23,27,23,26,1,29,24,20,19,14
20204,A,골목상권,3110909,남태령역(서울전자고등학교),132,97,35,1,11,29,23,34,34,1,4,19,16,29,28,0,7,10,7,5,6
20204,D,발달상권,3120163,사당역 11번(사당역먹자골목),491,290,201,0,55,119,99,86,132,0,28,73,57,50,82,0,27,46,42,36,50
20204,A,골목상권,3110929,남부터미널역 1번,21130,10703,10427,21,4446,4558,3912,7143,1050,4,1209,1890,1718,5123,759,17,3237,2668,2194,2020,291
20204,D,발달상권,3120168,서울고교교차로,794,492,302,1,124,237,200,130,102,0,48,130,143,98,73,1,76,107,57,32,29
20204,R,전통시장,3130301,양재시장,89,47,42,0,24,20,24,9,12,0,7,13,15,4,8,0,17,7,9,5,4
20204,A,골목상권,3110946,청계산원터골,41,21,20,0,2,4,8,13,14,0,2,2,6,3,8,0,0,2,2,10,6
20204,A,골목상권,3110980,개포지구대옆,663,482,181,0,90,198,202,111,62,0,45,142,168,72,55,0,45,56,34,39,7
20204,D,발달상권,3120207,선정릉역,11920,7343,4577,32,2669,4154,2699,1509,857,16,1106,2428,1922,1135,736,16,1563,1726,777,374,121
20204,D,발달상권,3120218,코엑스,290,54,236,0,116,103,58,13,0,0,13,16,16,9,0,0,103,87,42,4,0
20204,D,발달상권,3120186,가로수길,6518,3580,2938,19,1316,2133,1570,895,585,5,447,1174,950,573,431,14,869,959,620,322,154
20204,A,골목상권,3110951,신사은행나무공원,267,70,197,0,35,83,95,47,7,0,6,24,26,12,2,0,29,59,69,35,5
20204,R,전통시장,3130306,강남언주로,235,151,84,2,48,48,63,45,29,2,27,34,47,23,18,0,21,14,16,22,11
20204,D,발달상권,3120208,청담사거리(청담동명품거리),11437,5280,6157,43,3488,4035,2275,1044,552,17,1116,1816,1308,628,395,26,2372,2219,967,416,157
20204,D,발달상권,3120214,영동대교남단교차로,3984,2897,1087,7,489,1172,1107,929,280,3,271,811,865,753,194,4,218,361,242,176,86
20204,A,골목상권,3111024,경찰병원역 4번(건너말공원),240,150,90,0,27,53,63,68,29,0,16,33,45,35,21,0,11,20,18,33,8
20204,A,골목상권,3111046,마천역(마천초등학교),708,400,308,1,76,146,171,195,119,0,46,85,84,95,90,1,30,61,87,100,29
20204,A,골목상권,3111044,남천초등학교,557,264,293,1,95,146,167,113,35,0,35,71,76,56,26,1,60,75,91,57,9
20204,A,골목상권,3111019,한성백제역 3번,1458,963,495,2,199,428,415,246,168,2,101,294,294,157,115,0,98,134,121,89,53
20204,A,골목상권,3111007,석촌고분역 4번,936,480,456,0,107,215,255,242,117,0,43,116,142,109,70,0,64,99,113,133,47
20204,A,골목상권,3111004,삼전역 1번,2036,1331,705,13,263,407,504,376,473,0,108,261,337,239,386,13,155,146,167,137,87
20204,A,골목상권,3111033,문정동성당,70,30,40,0,5,4,16,16,29,0,2,3,8,9,8,0,3,1,8,7,21
20204,A,골목상권,3111018,풍납초등학교(풍납백제문화공원),26,23,3,0,1,5,10,6,4,0,1,4,8,6,4,0,0,1,2,0,0
20204,A,골목상권,3111078,굽은다리역 4번,1753,1022,731,1,135,300,379,488,450,1,75,186,215,270,275,0,60,114,164,218,175
20204,A,골목상권,3111082,중앙보훈병원,64,44,20,0,3,9,11,23,18,0,1,3,5,18,17,0,2,6,6,5,1
20204,A,골목상권,3111086,한영중고,297,202,95,1,27,45,73,101,50,1,17,22,52,69,41,0,10,23,21,32,9
20204,A,골목상권,3111051,천호역 6번,394,242,152,2,65,77,85,88,77,1,44,54,54,47,42,1,21,23,31,41,35
20204,A,골목상권,3111064,둔촌동역 4번,157,98,59,0,13,34,47,40,23,0,3,21,30,28,16,0,10,13,17,12,7
20204,A,골목상권,3111070,천호초등학교,121,70,51,1,7,20,39,27,27,0,3,9,23,16,19,1,4,11,16,11,8
20204,A,골목상권,3111057,천호공원(해공체육문화센터),254,112,142,2,53,50,64,60,25,2,15,19,30,32,14,0,38,31,34,28,11
20204,D,발달상권,3120007,북촌(안국역),10443,8282,2161,8,1148,3636,3182,1964,505,5,644,2891,2647,1702,393,3,504,745,535,262,112
20204,A,골목상권,3110018,중앙고등학교,829,408,421,0,92,166,209,160,202,0,27,55,100,80,146,0,65,111,109,80,56
20204,A,골목상권,3110006,부암동주민센터,27,16,11,0,2,7,7,5,6,0,2,5,2,3,4,0,0,2,5,2,2
20204,A,골목상권,3110012,성곡미술관,1042,489,553,0,260,329,260,111,82,0,70,152,149,69,49,0,190,177,111,42,33
20204,D,발달상권,3120002,서촌(경복궁역),1989,1071,918,37,487,674,421,221,149,0,190,387,258,131,105,37,297,287,163,90,44
20204,D,발달상권,3120005,삼청동,3049,2795,254,1,399,709,898,817,225,0,340,633,848,776,198,1,59,76,50,41,27
20204,D,발달상권,3120013,이화사거리,7536,5468,2068,8,1300,2502,2063,1294,369,1,626,1730,1678,1171,262,7,674,772,385,123,107
20204,D,발달상권,3120006,종각역,33181,16028,17153,59,5900,11133,9928,5489,672,14,2254,4920,4677,3672,491,45,3646,6213,5251,1817,181
20204,A,골목상권,3110019,창덕궁,325,215,110,0,47,91,82,71,34,0,21,65,53,49,27,0,26,26,29,22,7
20204,R,전통시장,3130016,동대문상가B동,2,1,1,0,0,1,1,0,0,0,0,0,1,0,0,0,0,1,0,0,0
20204,R,전통시장,3130019,동대문상가D동,29,22,7,0,6,6,5,4,8,0,4,3,4,4,7,0,2,3,1,0,1
20204,R,전통시장,3130001,통인시장,63,31,32,0,4,16,12,13,18,0,2,4,7,7,11,0,2,12,5,6,7
20204,D,발달상권,3120037,동대문역사문화공원역,35317,17057,18260,421,11234,9194,6979,5237,2252,180,5605,5543,3901,1328,500,241,5629,3651,3078,3909,1752
20204,A,골목상권,3110052,장충초등학교,484,281,203,0,43,100,132,130,79,0,16,63,75,82,45,0,27,37,57,48,34
20204,D,발달상권,3120026,을지로입구역,30610,18501,12109,14,4275,11589,8473,5661,598,4,1729,5846,5959,4562,401,10,2546,5743,2514,1099,197
20204,A,골목상권,3110038,경향신문사,1096,759,337,0,195,395,283,181,42,0,63,266,227,165,38,0,132,129,56,16,4
20204,R,전통시장,3130035,방산종합시장(방산시장),1190,736,454,1,96,200,284,312,297,0,56,117,154,191,218,1,40,83,130,121,79
20204,R,전통시장,3130033,대림상가(청계상가),169,121,48,0,7,29,54,39,40,0,3,19,35,30,34,0,4,10,19,9,6
20204,R,전통시장,3130034,필동 골목형상점가,14,7,7,0,2,4,5,2,1,0,1,2,2,2,0,0,1,2,3,0,1
20204,D,발달상권,3120042,"숙대입구역(남영역, 남영동)",4057,2797,1260,20,750,1490,1024,558,215,8,370,894,831,510,184,12,380,596,193,48,31
20204,A,골목상권,3110092,NH농협은행 보광동지점,468,168,300,0,90,111,103,94,70,0,11,47,34,33,43,0,79,64,69,61,27
20204,A,골목상권,3110083,서빙고역 1번,149,109,40,0,26,53,42,14,14,0,13,42,29,12,13,0,13,11,13,2,1
20204,A,골목상권,3110060,효창공원앞역 6번,287,170,117,0,28,62,80,73,44,0,10,34,48,47,31,0,18,28,32,26,13
20204,A,골목상권,3110068,남영역 1번,1090,615,475,8,161,257,250,224,190,6,60,135,151,138,125,2,101,122,99,86,65
20204,R,전통시장,3130058,이촌종합시장,109,78,31,0,13,19,25,26,26,0,7,12,15,21,23,0,6,7,10,5,3
20204,A,골목상권,3110091,리움미술관,1106,810,296,0,216,345,343,155,47,0,117,236,293,128,36,0,99,109,50,27,11
20204,A,골목상권,3110061,효창동주민센터,478,306,172,1,61,91,154,113,58,1,38,53,100,67,47,0,23,38,54,46,11
20204,A,골목상권,3110122,마장역 2번,461,270,191,1,60,87,116,112,85,1,32,59,68,60,50,0,28,28,48,52,35
20204,R,전통시장,3130068,마장축산물시장,975,630,345,1,102,202,250,248,172,1,68,127,155,165,114,0,34,75,95,83,58
20204,A,골목상권,3110125,사근동살곶이상점가,135,83,52,2,25,39,35,21,13,2,13,21,24,13,10,0,12,18,11,8,3
20204,R,전통시장,3130070,뚝섬역상점가,1017,698,319,6,178,260,218,222,133,4,105,180,144,157,108,2,73,80,74,65,25
20204,R,전통시장,3130066,행당시장상점가,360,178,182,0,42,76,102,95,45,0,17,37,53,44,27,0,25,39,49,51,18
20204,A,골목상권,3110178,장로회신학대학교,165,108,57,0,21,38,33,47,26,0,13,31,16,34,14,0,8,7,17,13,12
20204,A,골목상권,3110147,능동우편취급국,815,464,351,4,120,172,160,137,222,2,56,88,104,77,137,2,64,84,56,60,85
20204,A,골목상권,3110154,광진정말공원,255,146,109,1,31,54,61,65,43,1,16,34,30,34,31,0,15,20,31,31,12
20204,A,골목상권,3110151,자양한강도서관,249,175,74,4,35,52,63,66,29,3,24,37,49,41,21,1,11,15,14,25,8
20204,R,전통시장,3130083,"중곡제일시장(중곡제일골목시장, 광성시장)",111,68,43,0,15,21,29,24,22,0,7,14,20,10,17,0,8,7,9,14,5
20204,A,골목상권,3110162,군자역 4번,618,370,248,0,127,163,133,111,84,0,98,119,77,43,33,0,29,44,56,68,51
20204,A,골목상권,3110171,중곡4동주민센터,59,36,23,0,4,8,7,22,18,0,1,2,3,15,15,0,3,6,4,7,3
20204,R,전통시장,3130079,한아름시장,40,29,11,0,5,6,6,10,13,0,4,4,5,6,10,0,1,2,1,4,3
20204,A,골목상권,3110217,자동차부품상가,506,391,115,1,34,105,144,124,98,1,25,88,116,84,77,0,9,17,28,40,21
20204,A,골목상권,3110225,촬영소사거리,330,204,126,0,22,36,68,83,121,0,9,25,42,55,73,0,13,11,26,28,48
20204,A,골목상권,3110218,답십리사거리,158,83,75,0,14,25,45,60,14,0,5,12,22,33,11,0,9,13,23,27,3
20204,A,골목상권,3110188,용두동신동아아파트,807,607,200,8,104,178,229,191,97,2,68,150,181,132,74,6,36,28,48,59,23
20204,A,골목상권,3110184,용두사거리,398,205,193,0,77,135,72,64,50,0,37,51,33,45,39,0,40,84,39,19,11
20204,A,골목상권,3110213,청량초등학교,124,81,43,0,19,57,17,15,16,0,7,41,13,7,13,0,12,16,4,8,3
20204,A,골목상권,3110220,외대앞역 1번,193,111,82,0,28,37,54,47,27,0,7,18,33,34,19,0,21,19,21,13,8
20204,A,골목상권,3110230,장안현대홈타운1차아파트,161,101,60,0,15,32,52,45,17,0,6,22,33,28,12,0,9,10,19,17,5
20204,A,골목상권,3110216,전농중학교,208,68,140,1,32,48,62,50,15,1,11,14,18,18,6,0,21,34,44,32,9
20204,R,전통시장,3130091,청량종합도매시장,36,27,9,0,1,3,11,14,7,0,0,3,8,10,6,0,1,0,3,4,1
20204,A,골목상권,3110275,하나은행 망우동지점,63,33,30,0,4,9,19,16,15,0,3,6,9,5,10,0,1,3,10,11,5
20204,R,전통시장,3130112,사가정시장,86,28,58,0,13,17,24,19,13,0,0,3,6,8,11,0,13,14,18,11,2
20204,R,전통시장,3130109,묵1동도깨비시장,47,33,14,0,2,9,16,9,11,0,1,5,13,5,9,0,1,4,3,4,2
20204,R,전통시장,3130107,중랑동부시장(중랑교종합상가),13,3,10,0,0,1,4,5,3,0,0,0,0,1,2,0,0,1,4,4,1
20204,A,골목상권,3110276,신내IC북측,29,18,11,0,1,4,8,9,7,0,0,3,5,6,4,0,1,1,3,3,3
20204,A,골목상권,3110240,태릉시장 특화거리,97,39,58,2,20,13,28,16,18,1,3,8,7,8,12,1,17,5,21,8,6
20204,A,골목상권,3110299,정릉역 1번,372,241,131,1,33,49,83,95,111,0,9,12,40,74,106,1,24,37,43,21,5
20204,A,골목상권,3110302,보문역 8번,3797,3177,620,1,364,1434,710,823,465,1,252,1274,656,702,292,0,112,160,54,121,173
20204,A,골목상권,3110333,돌곶이역 5번,988,746,242,0,15,23,38,74,838,0,2,13,20,42,669,0,13,10,18,32,169
20204,D,발달상권,3120074,안암역,59,28,31,1,12,16,12,8,10,0,5,9,7,2,5,1,7,7,5,6,5
20204,R,전통시장,3130125,장위전통시장,40,20,20,0,5,6,7,8,14,0,0,2,5,5,8,0,5,4,2,3,6
20204,A,골목상권,3110295,정릉우체국,679,248,431,0,166,178,163,119,53,0,36,67,49,52,44,0,130,111,114,67,9
20204,A,골목상권,3110290,북한산보국문역 1번,96,78,18,0,2,9,29,37,19,0,1,8,23,30,16,0,1,1,6,7,3
20204,A,골목상권,3110284,정릉북한산국립공원입구,562,506,56,0,5,59,181,229,88,0,4,49,161,211,81,0,1,10,20,18,7
20204,A,골목상권,3110315,종암아이파크2차,124,78,46,0,11,17,41,38,17,0,4,9,27,25,13,0,7,8,14,13,4
20204,A,골목상권,3110311,종암아이파크2차후문,18,9,9,0,0,2,8,3,5,0,0,1,3,1,4,0,0,1,5,2,1
20204,D,발달상권,3120077,미아역,218,97,121,0,32,37,52,64,33,0,11,8,18,38,22,0,21,29,34,26,11
20204,A,골목상권,3110355,삼양사거리역 2번,306,254,52,0,8,26,44,103,125,0,1,10,31,94,118,0,7,16,13,9,7
20204,R,전통시장,3130135,수유중앙골목시장(수유중앙시장),24,12,12,0,0,3,4,5,12,0,0,2,2,0,8,0,0,1,2,5,4
20204,A,골목상권,3110372,강북중학교,188,100,88,0,21,43,50,48,26,0,17,25,18,20,20,0,4,18,32,28,6
20204,R,전통시장,3130129,장미원골목시장,911,571,340,0,15,14,38,89,755,0,1,4,12,40,514,0,14,10,26,49,241
20204,R,전통시장,3130130,수유북부골목시장,20,14,6,0,1,1,7,5,6,0,0,0,6,3,5,0,1,1,1,2,1
20204,A,골목상권,3110405,방학역 1번,1123,365,758,3,130,176,308,427,79,3,67,109,82,70,34,0,63,67,226,357,45
20204,R,전통시장,3130151,신도봉시장,5,5,0,0,1,0,2,2,0,0,1,0,2,2,0,0,0,0,0,0,0
20204,A,골목상권,3110407,도봉역 2번,560,337,223,1,32,75,115,203,134,1,8,40,57,126,105,0,24,35,58,77,29
20204,R,전통시장,3130152,오!도봉거리 상점가,42,17,25,0,4,14,15,6,3,0,0,5,7,4,1,0,4,9,8,2,2
20204,A,골목상권,3110412,창동중학교,25,23,2,0,4,7,3,4,7,0,3,7,3,3,7,0,1,0,0,1,0
20211,A,골목상권,3110253,중곡초등학교,181,106,75,0,31,31,44,49,26,0,10,17,23,35,21,0,21,14,21,14,5
20211,A,골목상권,3110249,중화역 1번,764,479,285,0,68,129,205,203,159,0,31,61,105,139,143,0,37,68,100,64,16
20211,A,골목상권,3110250,화랑대역 7번,111,69,42,0,7,20,32,34,18,0,5,12,15,23,14,0,2,8,17,11,4
20211,R,전통시장,3130116,동성타워프라자,31,22,9,0,2,9,7,8,5,0,2,4,4,7,5,0,0,5,3,1,0
20211,A,골목상권,3110235,세화어린이공원,17,12,5,0,6,3,1,5,2,0,5,1,1,3,2,0,1,2,0,2,0
20211,A,골목상권,3110306,미아초등학교,317,218,99,2,13,50,81,77,94,0,3,29,53,50,83,2,10,21,28,27,11
20211,A,골목상권,3110304,보문역 4번,248,146,102,0,40,77,61,48,22,0,10,46,35,37,18,0,30,31,26,11,4
20211,A,골목상권,3110291,한성대입구역 3번,342,172,170,2,27,49,94,91,79,0,14,24,49,51,34,2,13,25,45,40,45
20211,A,골목상권,3110336,석관고등학교,94,84,10,0,3,17,16,37,21,0,3,15,13,34,19,0,0,2,3,3,2
20211,A,골목상권,3110335,석계역 7번,249,172,77,1,19,32,66,64,67,0,13,18,34,45,62,1,6,14,32,19,5
20211,A,골목상권,3110327,상월곡역 2번,118,60,58,0,8,17,42,31,20,0,3,8,24,14,11,0,5,9,18,17,9
20211,A,골목상권,3110330,돌곶이역 1번,220,172,48,0,12,18,33,31,126,0,4,12,20,23,113,0,8,6,13,8,13
20211,A,골목상권,3110332,돌곶이역 3번,164,63,101,0,28,29,42,47,18,0,6,18,19,14,6,0,22,11,23,33,12
20211,A,골목상권,3110347,구세군강북종합사회복지관,38,17,21,0,10,7,5,9,7,0,1,5,1,5,5,0,9,2,4,4,2
20211,R,전통시장,3130137,"수유전통시장(수유시장, 수유골목시장)",86,29,57,0,5,10,18,25,28,0,0,3,8,7,11,0,5,7,10,18,17
20211,A,골목상권,3110344,화계중학교,12,10,2,0,7,1,1,2,1,0,5,1,1,2,1,0,2,0,0,0,0
20211,A,골목상권,3110353,수유동우체국,187,91,96,0,4,18,48,60,57,0,1,12,33,27,18,0,3,6,15,33,39
20211,A,골목상권,3110337,아카데미하우스,512,368,144,6,70,69,94,159,114,6,43,58,60,98,103,0,27,11,34,61,11
20211,A,골목상권,3110397,도봉산입구,469,257,212,0,31,56,101,131,150,0,6,34,39,73,105,0,25,22,62,58,45
20211,A,골목상권,3110406,도봉산역 1번,634,573,61,0,10,29,139,292,164,0,3,17,126,276,151,0,7,12,13,16,13
20211,A,골목상권,3110387,쌍문초등학교,307,169,138,0,37,47,91,75,57,0,13,24,49,39,44,0,24,23,42,36,13
20211,A,골목상권,3110389,한일병원,209,120,89,0,23,37,57,53,39,0,10,19,35,30,26,0,13,18,22,23,13
20211,D,발달상권,3120079,창동역,1326,796,530,0,151,232,320,304,319,0,54,108,172,195,267,0,97,124,148,109,52
20211,A,골목상권,3110435,서울과학기술대,73,40,33,0,5,12,18,25,13,0,3,4,8,14,11,0,2,8,10,11,2
20211,A,골목상권,3110415,수락산역 4번,635,386,249,5,82,110,155,174,109,5,46,71,85,110,69,0,36,39,70,64,40
20211,A,골목상권,3110436,상계제일중학교,93,60,33,0,15,21,33,20,4,0,5,13,23,15,4,0,10,8,10,5,0
20211,A,골목상권,3110432,대진고등학교,894,734,160,0,55,146,248,343,102,0,27,96,214,311,86,0,28,50,34,32,16
20211,A,골목상권,3110483,연천초등학교,119,74,45,0,11,16,34,17,41,0,3,9,26,10,26,0,8,7,8,7,15
20211,A,골목상권,3110491,불광중학교,43,14,29,0,3,5,13,9,13,0,1,1,5,3,4,0,2,4,8,6,9
20211,D,발달상권,3120087,응암역,425,258,167,0,45,82,110,105,83,0,17,49,75,59,58,0,28,33,35,46,25
20211,A,골목상권,3110452,새절역 3번,373,317,56,1,10,36,63,123,140,1,7,25,47,107,130,0,3,11,16,16,10
20211,A,골목상권,3110471,응암동우체국,263,117,146,0,34,61,73,70,25,0,11,21,28,35,22,0,23,40,45,35,3
20211,A,골목상권,3110469,응암정보도서관,344,188,156,1,38,58,104,104,39,0,11,29,61,57,30,1,27,29,43,47,9
20211,R,전통시장,3130172,모래내시장(서중시장),19,8,11,0,1,4,5,6,3,0,0,1,2,4,1,0,1,3,3,2,2
20211,A,골목상권,3110497,가좌역 3번,325,253,72,0,17,43,89,123,53,0,3,17,75,115,43,0,14,26,14,8,10
20211,A,골목상권,3110500,남가좌동현대아파트,74,54,20,0,12,13,23,22,4,0,8,9,17,17,3,0,4,4,6,5,1
20211,A,골목상권,3110494,증산3교남측,31,24,7,0,1,8,7,9,6,0,0,7,5,7,5,0,1,1,2,2,1
20211,A,골목상권,3110530,아현역 1번,36,20,16,0,5,5,7,15,4,0,2,5,4,6,3,0,3,0,3,9,1
20211,A,골목상권,3110509,연희대우아파트앞,391,210,181,0,39,105,101,88,58,0,13,52,51,53,41,0,26,53,50,35,17
20211,A,골목상권,3110524,연희세브란스병원,51,23,28,0,10,13,15,8,5,0,5,6,6,3,3,0,5,7,9,5,2
20211,A,골목상권,3110501,연희어린이공원,214,82,132,0,12,33,40,75,54,0,3,20,15,18,26,0,9,13,25,57,28
20211,R,전통시장,3130182,영천시장,78,35,43,0,13,8,24,22,11,0,3,4,10,12,6,0,10,4,14,10,5
20211,A,골목상권,3110539,미근동,2792,1821,971,13,225,688,889,822,155,9,167,550,547,424,124,4,58,138,342,398,31
20211,A,골목상권,3110519,서대문구보건소별관,341,156,185,0,42,73,79,94,53,0,14,33,44,37,28,0,28,40,35,57,25
20211,R,전통시장,3130197,마포시장,15,5,10,0,0,1,5,4,5,0,0,1,0,2,2,0,0,0,5,2,3
20211,A,골목상권,3110576,대흥역 3번,1605,1112,493,71,503,480,308,163,80,27,310,365,253,111,46,44,193,115,55,52,34
20211,A,골목상권,3110573,신촌역 6번,28,10,18,0,7,3,6,6,6,0,2,0,3,1,4,0,5,3,3,5,2
20211,A,골목상권,3110563,상수역 3번,309,246,63,11,75,122,61,17,23,9,60,95,50,13,19,2,15,27,11,4,4
20211,D,발달상권,3120105,상수역(홍대),524,273,251,4,126,153,122,71,48,2,51,74,70,42,34,2,75,79,52,29,14
20211,D,발달상권,3120101,합정역,1932,1048,884,2,302,520,515,399,194,2,89,236,312,266,143,0,213,284,203,133,51
20211,R,전통시장,3130189,서교시장,24,10,14,0,2,1,7,6,8,0,0,1,2,3,4,0,2,0,5,3,4
20211,D,발달상권,3120104,연남동(홍대),5955,3176,2779,20,1117,1491,1289,1103,935,12,428,824,772,620,520,8,689,667,517,483,415
20211,A,골목상권,3110564,홍대입구역 3번,471,211,260,0,54,125,161,78,53,0,19,47,103,22,20,0,35,78,58,56,33
20211,A,골목상권,3110621,목동역 5번,163,78,85,0,19,44,33,45,22,0,1,21,19,23,14,0,18,23,14,22,8
20211,R,전통시장,3130208,목동깨비시장(목3동시장),148,67,81,0,13,20,55,37,23,0,7,6,18,19,17,0,6,14,37,18,6
20211,R,전통시장,3130209,목사랑시장(목4동시장),113,62,51,0,7,15,23,43,25,0,2,13,10,20,17,0,5,2,13,23,8
20211,A,골목상권,3110592,서울금융고등학교,431,337,94,0,18,34,71,147,161,0,9,13,44,124,147,0,9,21,27,23,14
20211,A,골목상권,3110604,신월4동주민센터,635,526,109,0,13,50,120,232,220,0,6,29,87,191,213,0,7,21,33,41,7
20211,A,골목상권,3110595,메디힐병원,731,459,272,0,80,148,163,185,155,0,34,85,86,136,118,0,46,63,77,49,37
20211,A,골목상권,3110603,지향초등학교,187,104,83,0,12,54,55,38,28,0,5,28,33,19,19,0,7,26,22,19,9
20211,R,전통시장,3130207,신정1동 골목시장(신정제일시장),38,21,17,0,8,9,10,7,4,0,3,5,6,4,3,0,5,4,4,3,1
20211,A,골목상권,3110625,신정2동주민센터,726,454,272,2,98,196,215,155,60,0,51,124,146,94,39,2,47,72,69,61,21
20211,R,전통시장,3130211,신정2동 골목시장(오목교중앙시장),15,10,5,0,1,1,5,7,1,0,1,1,3,4,1,0,0,0,2,3,0
20211,A,골목상권,3110694,세곡초등학교,438,243,195,2,55,148,88,96,49,0,24,75,49,59,36,2,31,73,39,37,13
20211,A,골목상권,3110614,목동로데오거리,596,292,304,0,69,85,114,216,112,0,42,44,58,103,45,0,27,41,56,113,67
20211,D,발달상권,3120119,발산역(마곡),1427,686,741,2,184,339,416,350,136,1,54,148,211,174,98,1,130,191,205,176,38
20211,A,골목상권,3110643,강서구다솔마을,653,413,240,1,97,165,199,139,52,0,47,101,136,93,36,1,50,64,63,46,16
20211,A,골목상권,3110667,가양역 10번,177,126,51,0,33,32,56,36,20,0,21,20,38,29,18,0,12,12,18,7,2
20211,A,골목상권,3110639,신방화역 8번,534,376,158,1,76,67,89,155,146,1,18,26,52,140,139,0,58,41,37,15,7
20211,A,골목상권,3110641,공항고등학교,345,236,109,2,46,95,100,79,23,1,30,72,61,52,20,1,16,23,39,27,3
20211,A,골목상권,3110633,개화산역 1번,28,14,14,0,0,6,10,7,5,0,0,1,5,3,5,0,0,5,5,4,0
20211,A,골목상권,3110642,정곡초등학교,193,163,30,2,8,14,35,69,65,1,4,10,30,58,60,1,4,4,5,11,5
20211,A,골목상권,3110678,염창무학아파트,285,214,71,1,34,65,92,60,33,1,17,53,72,47,24,0,17,12,20,13,9
20211,A,골목상권,3110653,화곡역 2번,917,494,423,1,191,273,240,171,41,0,79,137,119,135,24,1,112,136,121,36,17
20211,R,전통시장,3130216,화곡중앙시장,75,32,43,0,4,11,21,22,17,0,2,2,9,8,11,0,2,9,12,14,6
20211,R,전통시장,3130215,대원종합시장,9,7,2,0,0,1,0,3,5,0,0,1,0,2,4,0,0,0,0,1,1
20211,A,골목상권,3110661,강서새말어린이공원,126,48,78,0,3,13,30,38,42,0,2,8,10,9,19,0,1,5,20,29,23
20211,A,골목상권,3110664,강서구청옆,111,48,63,0,14,10,31,43,13,0,11,7,10,9,11,0,3,3,21,34,2
20211,A,골목상권,3110663,우장산롯데캐슬아파트앞,279,217,62,0,6,19,48,106,100,0,3,13,26,82,93,0,3,6,22,24,7
20211,R,전통시장,3130219,까치산시장,114,35,79,0,16,17,35,29,17,0,4,6,8,9,8,0,12,11,27,20,9
20211,A,골목상권,3110710,남구로역 3번,606,370,236,3,83,96,105,121,198,3,46,63,63,68,127,0,37,33,42,53,71
20211,R,전통시장,3130223,고척근린시장,42,12,30,0,2,10,12,14,4,0,0,1,1,7,3,0,2,9,11,7,1
20211,R,전통시장,3130224,개봉프라자(고척근린시장),5,4,1,0,0,0,1,2,2,0,0,0,1,1,2,0,0,0,0,1,0
20211,D,발달상권,3120130,구로디지털단지역,1136,620,516,1,169,376,236,212,142,0,59,208,125,125,103,1,110,168,111,87,39
20211,A,골목상권,3110683,오류고등학교,75,46,29,0,12,15,23,18,7,0,9,8,14,8,7,0,3,7,9,10,0
20211,R,전통시장,3130222,오류시장,132,21,111,0,10,26,46,43,7,0,5,1,4,5,6,0,5,25,42,38,1
20211,A,골목상권,3110687,"천왕역 3번(오류2동주민센터, 서울오류남초등학교)",21,16,5,0,2,3,5,6,5,0,1,3,4,4,4,0,1,0,1,2,1
20211,D,발달상권,3120131,가산디지털단지,81127,53423,27704,289,16342,25688,20130,11589,7089,184,8639,17233,14526,7698,5143,105,7703,8455,5604,3891,1946
20211,A,골목상권,3110740,금천해태공원,646,280,366,1,135,134,136,170,70,1,47,54,56,71,51,0,88,80,80,99,19
20211,A,골목상권,3110733,금천어울림복지센터,374,293,81,3,34,89,74,90,84,3,22,67,59,66,76,0,12,22,15,24,8
20211,A,골목상권,3110739,시흥3동 우편취급국,99,77,22,0,4,22,30,27,16,0,1,16,26,21,13,0,3,6,4,6,3
20211,R,전통시장,3130246,영등포청과시장(조광시장),237,126,111,0,24,33,47,77,56,0,9,11,28,39,39,0,15,22,19,38,17
20211,D,발달상권,3120136,영등포구청역,6456,3190,3266,20,1167,1451,1361,1429,1028,12,562,814,730,580,492,8,605,637,631,849,536
20211,A,골목상권,3110794,영동초등학교,622,482,140,0,72,112,182,170,86,0,37,84,150,136,75,0,35,28,32,34,11
20211,A,골목상권,3110775,대동초등학교,59,28,31,0,4,13,20,14,8,0,1,6,6,9,6,0,3,7,14,5,2
20211,D,발달상권,3120140,문래동주민센터,6184,3312,2872,22,1447,1843,1639,925,308,11,558,994,994,525,230,11,889,849,645,400,78
20211,A,골목상권,3110814,서울지방병무청,673,364,309,1,51,117,155,236,113,1,23,79,97,104,60,0,28,38,58,132,53
20211,R,전통시장,3130259,대신시장,14,10,4,0,1,0,5,4,4,0,1,0,3,3,3,0,0,0,2,1,1
20211,A,골목상권,3110802,신길동홍어거리,336,159,177,1,59,113,86,61,16,0,18,45,44,40,12,1,41,68,42,21,4
20211,A,골목상권,3110791,신풍역 3번,25,17,8,0,1,5,9,9,1,0,0,2,6,8,1,0,1,3,3,1,0
20211,R,전통시장,3130241,선유도역 골목형상점가,500,253,247,0,95,93,123,136,53,0,39,49,66,67,32,0,56,44,57,69,21
20211,A,골목상권,3110773,당산역 13번,161,127,34,0,24,40,31,22,44,0,20,33,19,18,37,0,4,7,12,4,7
20211,D,발달상권,3120145,영등포역(영등포),3856,1817,2039,22,673,1021,921,702,517,0,202,441,486,388,300,22,471,580,435,314,217
20211,A,골목상권,3110796,한림대학교한강성심병원,87,52,35,1,7,19,26,19,15,0,4,11,17,9,11,1,3,8,9,10,4
20211,R,전통시장,3130267,본동인정시장(기능상실),59,41,18,0,6,10,12,15,16,0,4,7,9,8,13,0,2,3,3,7,3
20211,D,발달상권,3120153,노량진역(노량진),3600,1756,1844,10,508,1172,906,675,329,2,185,464,433,450,222,8,323,708,473,225,107
20211,D,발달상권,3120160,사당역(사당),9153,4750,4403,14,1560,2594,2716,1534,735,4,617,1307,1324,997,501,10,943,1287,1392,537,234
20211,R,전통시장,3130274,사당1동먹자골목상점가(사당1동먹자골목),389,218,171,4,91,100,81,63,50,3,45,64,37,35,34,1,46,36,44,28,16
20211,A,골목상권,3110849,이수역 10번,220,130,90,1,37,52,58,40,32,0,12,33,34,25,26,1,25,19,24,15,6
20211,A,골목상권,3110845,사당종합체육관,101,50,51,0,8,17,35,26,15,0,5,8,19,9,9,0,3,9,16,17,6
20211,A,골목상권,3110846,남성역 1번,535,290,245,1,66,120,146,135,67,0,25,59,78,74,54,1,41,61,68,61,13
20211,A,골목상권,3110838,상도1동주민센터앞,131,122,9,0,3,32,30,35,31,0,3,27,27,35,30,0,0,5,3,0,1
20211,A,골목상권,3110826,장승배기역 4번,366,149,217,2,20,37,57,103,147,1,8,22,28,38,52,1,12,15,29,65,95
20211,A,골목상권,3110842,흑리단길,53,22,31,0,10,9,10,16,8,0,4,3,5,5,5,0,6,6,5,11,3
20211,A,골목상권,3110895,샤로수길,1796,1222,574,3,307,721,360,233,172,2,170,534,234,152,130,1,137,187,126,81,42
20211,A,골목상권,3110862,난곡초등학교(난곡동벽화마을),84,41,43,0,4,13,14,34,19,0,2,6,11,15,7,0,2,7,3,19,12
20211,A,골목상권,3110881,구립대학경로당(관악산샘말공원),1580,1288,292,1,317,450,449,266,97,1,225,374,391,229,68,0,92,76,58,37,29
20211,A,골목상권,3110868,남부초등학교,232,126,106,0,20,29,45,49,89,0,11,23,22,28,42,0,9,6,23,21,47
20211,A,골목상권,3110884,봉천역 4번(봉천110안전센터),372,284,88,1,17,30,61,98,165,0,1,8,49,84,142,1,16,22,12,14,23
20211,R,전통시장,3130277,조원동 펭귄시장(신림중앙시장),98,56,42,1,15,26,31,19,6,1,8,18,16,9,4,0,7,8,15,10,2
20211,R,전통시장,3130293,봉천중앙시장,154,42,112,0,17,13,29,46,49,0,5,7,14,14,2,0,12,6,15,32,47
20211,R,전통시장,3130290,영림시장,417,183,234,0,74,101,107,92,43,0,14,49,43,44,33,0,60,52,64,48,10
20211,A,골목상권,3110945,본마을노인복지센터(서초구립내곡도서관),191,114,77,3,44,57,37,33,17,3,14,31,25,28,13,0,30,26,12,5,4
20211,D,발달상권,3120176,논현역 4번,893,566,327,1,130,216,195,168,183,1,67,126,129,106,137,0,63,90,66,62,46
20211,A,골목상권,3110904,이수역 5번,835,468,367,4,167,217,239,139,69,1,90,125,135,59,58,3,77,92,104,80,11
20211,A,골목상권,3110911,방배배수지체육공원,29,22,7,0,6,3,7,5,8,0,6,2,4,4,6,0,0,1,3,1,2
20211,A,골목상권,3110923,방배역 1번,210,153,57,0,34,56,55,41,24,0,21,38,42,34,18,0,13,18,13,7,6
20211,D,발달상권,3120173,교대역(법원.검찰청),18222,10456,7766,74,3270,5403,4730,3072,1673,29,1419,3004,2846,1897,1261,45,1851,2399,1884,1175,412
20211,D,발달상권,3120189,강남역,72613,38819,33794,234,17636,24305,18411,9151,2876,59,6629,13226,10962,5914,2029,175,11007,11079,7449,3237,847
20211,D,발달상권,3120171,서초3동사거리,11750,6206,5544,15,1990,3845,2551,1862,1487,6,827,1746,1496,1064,1067,9,1163,2099,1055,798,420
20211,A,골목상권,3110925,서초중학교,874,497,377,0,104,137,244,222,167,0,38,65,146,132,116,0,66,72,98,90,51
20211,D,발달상권,3120181,교육개발원입구사거리,7278,4440,2838,316,2978,1563,1247,730,444,145,1506,983,939,536,331,171,1472,580,308,194,113
20211,A,골목상권,3110939,양재역 8번(양재동우체국),5949,4099,1850,23,970,1420,1461,1174,901,15,499,989,1053,799,744,8,471,431,408,375,157
20211,D,발달상권,3120182,"양재시민의숲역(양재동꽃시장, aT센터)",6231,4311,1920,34,1059,1675,1508,1267,688,14,546,1157,1111,930,553,20,513,518,397,337,135
20211,R,전통시장,3130310,강남개포시장,298,173,125,0,29,56,71,82,60,0,8,23,42,56,44,0,21,33,29,26,16
20211,A,골목상권,3110957,언북중학교,1251,831,420,1,262,379,317,147,145,1,146,241,215,109,119,0,116,138,102,38,26
20211,D,발달상권,3120217,대치사거리,2779,1478,1301,11,552,771,700,452,293,10,220,379,381,264,224,1,332,392,319,188,69
20211,A,골목상권,3110989,대치동아우편취급국,444,270,174,9,90,148,75,68,54,0,43,102,43,44,38,9,47,46,32,24,16
20211,A,골목상권,3110965,언주역 6번,1139,788,351,1,174,379,378,142,65,1,104,276,284,74,49,0,70,103,94,68,16
20211,D,발달상권,3120206,개나리아파트,5243,3354,1889,87,1658,1413,1080,655,350,27,866,955,775,456,275,60,792,458,305,199,75
20211,A,골목상권,3110976,언북초등학교,578,332,246,1,111,188,126,86,66,0,41,115,83,49,44,1,70,73,43,37,22
20211,A,골목상권,3111036,투구봉어린이공원,209,119,90,1,22,40,55,62,29,1,7,20,26,39,26,0,15,20,29,23,3
20211,R,전통시장,3130315,문정동 로데오거리 상점가(문정동 로데오거리),1382,812,570,6,315,293,263,252,253,3,118,169,166,146,210,3,197,124,97,106,43
20211,D,발달상권,3120234,가락시장역,10280,6234,4046,11,1351,2492,2151,1680,2595,3,587,1469,1440,929,1806,8,764,1023,711,751,789
20211,R,전통시장,3130317,마천중앙시장,107,77,30,0,15,35,24,17,16,0,11,24,12,14,16,0,4,11,12,3,0
20211,R,전통시장,3130316,마천시장,18,9,9,0,3,3,2,10,0,0,2,2,2,3,0,0,1,1,0,7,0
20211,D,발달상권,3120229,방이동먹자골목,7319,4732,2587,12,1062,2182,1915,1302,846,5,588,1347,1338,913,541,7,474,835,577,389,305
20211,D,발달상권,3120233,몽촌토성역,10419,5740,4679,28,1795,2730,2265,2158,1443,22,1125,1855,1199,788,751,6,670,875,1066,1370,692
20211,A,골목상권,3111009,송파책박물관,130,94,36,1,13,38,28,24,26,0,11,32,18,15,18,1,2,6,10,9,8
20211,D,발달상권,3120230,송파사거리(송파역),876,470,406,4,96,176,202,193,205,1,38,99,115,92,125,3,58,77,87,101,80
20211,A,골목상권,3111013,송파나루역 1번(송리단길),2234,1456,778,8,320,568,650,435,253,3,160,384,445,290,174,5,160,184,205,145,79
20211,A,골목상권,3111039,벌말어린이공원,485,353,132,8,85,125,121,94,52,8,51,89,88,72,45,0,34,36,33,22,7
20211,D,발달상권,3120247,굽은다리역,572,312,260,4,91,119,146,104,108,1,37,77,74,56,67,3,54,42,72,48,41
20211,R,전통시장,3130321,장신구 특화거리 상점가,433,269,164,0,92,114,88,92,47,0,43,72,56,61,37,0,49,42,32,31,10
20211,A,골목상권,3111058,성내중학교,451,317,134,0,51,92,129,121,58,0,37,63,90,82,45,0,14,29,39,39,13
20211,A,골목상권,3111055,선사초등학교,673,29,644,0,14,28,137,373,121,0,4,7,8,6,4,0,10,21,129,367,117
20211,A,골목상권,3111075,굽은다리역 2번,193,114,79,0,14,42,54,52,31,0,14,28,24,31,17,0,0,14,30,21,14
20211,A,골목상권,3111063,강동구립 천호도서관,368,182,186,0,25,44,81,85,133,0,5,15,21,30,111,0,20,29,60,55,22
20211,A,골목상권,3110009,자하문터널,930,456,474,0,207,326,226,121,50,0,91,162,105,63,35,0,116,164,121,58,15
20211,D,발달상권,3120003,광화문역,43873,26821,17052,79,6380,12841,13071,8035,3467,12,2643,7543,8935,5616,2072,67,3737,5298,4136,2419,1395
20211,A,골목상권,3110033,창신역 4번,166,89,77,0,26,42,35,40,23,0,6,22,17,25,19,0,20,20,18,15,4
20211,R,전통시장,3130021,신설종합시장,50,37,13,1,1,10,12,13,13,0,0,9,10,10,8,1,1,1,2,3,5
20211,A,골목상권,3110023,서울대병원,92,33,59,0,9,24,23,20,16,0,3,7,10,5,8,0,6,17,13,15,8
20211,D,발달상권,3120012,대학로(혜화역),2004,901,1103,7,350,585,490,309,263,2,103,201,243,166,186,5,247,384,247,143,77
20211,D,발달상권,3120009,종로3가역,8495,4786,3709,19,1355,2296,2026,1582,1217,8,563,1230,1198,953,834,11,792,1066,828,629,383
20211,R,전통시장,3130009,마전교지하쇼핑센터(구 한일상가),24,16,8,0,0,2,3,7,12,0,0,2,2,4,8,0,0,0,1,3,4
20211,A,골목상권,3110022,경신고등학교,506,385,121,11,133,157,117,54,34,10,99,119,89,42,26,1,34,38,28,12,8
20211,D,발달상권,3120034,중구청(퇴계로4가),1545,1050,495,7,108,228,400,440,362,5,48,129,262,327,279,2,60,99,138,113,83
20211,D,발달상권,3120022,북창동(시청역_6번),5197,3160,2037,24,1010,1611,1149,767,636,2,391,936,852,543,436,22,619,675,297,224,200
20211,D,발달상권,3120019,경찰청앞교차로,5958,3146,2812,26,1051,2221,1625,793,242,8,274,1044,982,619,219,18,777,1177,643,174,23
20211,R,전통시장,3130050,청평화시장,233,96,137,2,54,70,50,40,17,1,22,32,12,21,8,1,32,38,38,19,9
20211,R,전통시장,3130327,"평화시장(남평화시장, 제일평화시장, 신평화패션타운)",169,107,62,1,8,31,43,42,44,1,1,19,30,27,29,0,7,12,13,15,15
20211,A,골목상권,3110044,관성묘,405,300,105,0,50,135,145,51,24,0,24,90,125,44,17,0,26,45,20,7,7
20211,A,골목상권,3110074,서울역 12번,8149,1751,6398,152,5985,1340,330,181,161,9,598,652,233,134,125,143,5387,688,97,47,36
20211,A,골목상권,3110081,해방촌 남동측,231,122,109,0,45,63,54,42,27,0,14,35,27,23,23,0,31,28,27,19,4
20211,A,골목상권,3110084,경리단길북측,315,168,147,0,47,85,84,57,42,0,23,36,39,36,34,0,24,49,45,21,8
20211,A,골목상권,3110071,한강미주맨션아파트,315,191,124,0,42,85,69,57,62,0,21,46,40,42,42,0,21,39,29,15,20
20211,R,전통시장,3130061,이태원시장,32,20,12,0,18,3,4,6,1,0,12,1,3,3,1,0,6,2,1,3,0
20211,A,골목상권,3110590,만리재,97,50,47,0,19,23,23,25,7,0,6,12,11,16,5,0,13,11,12,9,2
20211,R,전통시장,3130057,만리시장,12,9,3,0,0,2,1,4,5,0,0,1,1,3,4,0,0,1,0,1,1
20211,A,골목상권,3110070,용산세무서,184,130,54,0,21,54,55,24,30,0,8,37,41,18,26,0,13,17,14,6,4
20211,A,골목상권,3110062,한강로동땡땡거리(은행나무길),1506,884,622,9,319,423,319,208,228,6,142,225,216,138,157,3,177,198,103,70,71
20211,A,골목상권,3110079,후암동주민센터,1084,584,500,4,223,262,267,196,132,3,73,156,156,105,91,1,150,106,111,91,41
20211,R,전통시장,3130069,"한양대앞상점가(한양시장, 왕십리맛골목)",32,19,13,0,6,6,4,8,8,0,4,4,0,5,6,0,2,2,4,3,2
20211,A,골목상권,3110101,옥정중학교,218,121,97,0,55,51,65,31,16,0,24,34,43,13,7,0,31,17,22,18,9
20211,A,골목상권,3110102,옥수역 6번,175,116,59,0,22,39,48,41,25,0,11,21,31,31,22,0,11,18,17,10,3
20211,R,전통시장,3130065,무학봉상점가,181,71,110,0,29,39,47,42,24,0,4,11,15,23,18,0,25,28,32,19,6
20211,A,골목상권,3110179,광나루역 1번,911,620,291,0,142,209,188,233,139,0,82,160,157,154,67,0,60,49,31,79,72
20211,A,골목상권,3110180,광진정보도서관,5440,3602,1838,17,1593,2056,1086,499,189,5,872,1464,782,331,148,12,721,592,304,168,41
20211,D,발달상권,3120058,구의사거리,688,333,355,2,92,158,174,181,81,1,33,79,80,77,63,1,59,79,94,104,18
20211,D,발달상권,3120060,강변역(테크노마트),3189,2348,841,12,402,686,870,703,516,2,209,509,686,549,393,10,193,177,184,154,123
20211,A,골목상권,3110159,구의역 4번,663,391,272,1,125,115,158,132,132,1,58,62,85,87,98,0,67,53,73,45,34
20211,R,전통시장,3130074,영동교골목시장,21,15,6,0,6,9,2,3,1,0,3,9,0,2,1,0,3,0,2,1,0
20211,A,골목상권,3110153,중곡1동주민센터,241,83,158,1,42,57,67,57,17,0,14,22,22,17,8,1,28,35,45,40,9
20211,A,골목상권,3110142,화양사거리,215,108,107,1,37,47,45,53,32,1,20,25,24,17,21,0,17,22,21,36,11
20211,A,골목상권,3110148,어린이대공원역 3번,17,12,5,0,3,3,6,5,0,0,0,2,5,5,0,0,3,1,1,0,0
20211,R,전통시장,3130096,동부시장,14,9,5,0,0,0,1,1,12,0,0,0,0,0,9,0,0,0,1,1,3
20211,A,골목상권,3110183,한국의류시험연구원,839,447,392,3,238,307,149,75,67,1,88,162,81,58,57,2,150,145,68,17,10
20211,R,전통시장,3130089,청량리수산시장,42,33,9,0,4,7,16,6,9,0,3,7,12,4,7,0,1,0,4,2,2
20211,R,전통시장,3130098,회기시장,55,17,38,0,9,14,15,12,5,0,2,3,4,6,2,0,7,11,11,6,3
20211,A,골목상권,3110228,장안근린공원,1992,1184,808,40,1381,313,92,101,65,24,788,223,60,54,35,16,593,90,32,47,30
20211,R,전통시장,3130104,전곡시장,93,54,39,0,8,17,28,26,14,0,5,8,16,13,12,0,3,9,12,13,2
20211,D,발달상권,3120063,청량리역(청량리),1209,528,681,3,226,225,249,252,254,2,66,88,96,117,159,1,160,137,153,135,95
20211,A,골목상권,3110210,서울시립대,341,253,88,1,9,19,24,34,254,1,4,12,10,21,205,0,5,7,14,13,49
20211,A,골목상권,3110197,세종대왕기념관교차로,67,46,21,0,8,19,26,9,5,0,4,15,19,7,1,0,4,4,7,2,4
20211,D,발달상권,3120064,경희대학교(경희대),97,44,53,0,14,27,21,13,22,0,9,13,10,4,8,0,5,14,11,9,14
20211,A,골목상권,3110243,중랑노인종합복지관,298,114,184,1,30,49,74,104,40,0,5,21,37,31,20,1,25,28,37,73,20
20211,A,골목상권,3110259,사가정역 1번,543,425,118,2,48,108,172,159,54,2,29,73,131,140,50,0,19,35,41,19,4
20211,A,골목상권,3110269,용마문화복지센터,169,98,71,0,19,53,52,28,17,0,13,32,30,19,4,0,6,21,22,9,13
20211,A,골목상권,3110252,장안제일시장,712,505,207,1,64,101,159,195,192,1,42,73,87,131,171,0,22,28,72,64,21
20211,R,전통시장,3130111,"동원전통종합시장(동원시장, 동원전통시장 상점가)",224,109,115,0,24,37,49,82,32,0,11,17,21,38,22,0,13,20,28,44,10
20211,A,골목상권,3110247,먹골역 1번,381,176,205,0,54,79,123,81,44,0,21,30,55,39,31,0,33,49,68,42,13
20211,A,골목상권,3110255,상봉역 4번,327,208,119,0,39,52,78,92,66,0,20,24,46,62,56,0,19,28,32,30,10
20211,A,골목상권,3110262,상봉역 3번,1530,878,652,2,221,447,542,268,50,0,119,337,281,107,34,2,102,110,261,161,16
20211,A,골목상권,3110271,신내역 1번,97,74,23,0,8,17,25,29,18,0,5,14,18,23,14,0,3,3,7,6,4
20211,A,골목상권,3110251,장안중학교,147,104,43,0,8,34,46,39,20,0,3,23,34,27,17,0,5,11,12,12,3
20211,A,골목상권,3110244,중화역 4번,250,175,75,1,8,26,49,44,122,1,4,11,32,30,97,0,4,15,17,14,25
20211,A,골목상권,3110296,성신여대입구역 4번,77,39,38,1,7,12,30,11,16,1,3,7,15,8,5,0,4,5,15,3,11
20211,A,골목상권,3110297,경동고등학교,654,311,343,0,74,123,156,164,137,0,31,65,74,79,62,0,43,58,82,85,75
20211,D,발달상권,3120071,성북구청,255,127,128,0,36,55,64,62,38,0,14,22,38,31,22,0,22,33,26,31,16
20211,A,골목상권,3110280,북정마을,73,38,35,0,7,10,22,23,11,0,3,3,9,15,8,0,4,7,13,8,3
20211,R,전통시장,3130122,밤나무골시장,17,5,12,0,2,4,6,4,1,0,1,1,2,1,0,0,1,3,4,3,1
20211,D,발달상권,3120075,월곡역,369,213,156,1,40,86,97,67,78,0,17,48,54,44,50,1,23,38,43,23,28
20211,R,전통시장,3130123,꿈의숲 장곡 골목형상점가,6,5,1,0,1,0,1,4,0,0,1,0,1,3,0,0,0,0,0,1,0
20211,A,골목상권,3110287,정릉3동주민센터,70,50,20,0,9,12,18,19,12,0,5,8,15,12,10,0,4,4,3,7,2
20211,A,골목상권,3110317,종암중학교,411,206,205,0,33,120,153,85,20,0,14,47,78,58,9,0,19,73,75,27,11
20211,D,발달상권,3120076,수유역,1930,865,1065,7,241,303,422,465,492,4,62,102,176,240,281,3,179,201,246,225,211
20211,R,전통시장,3130142,강북북부시장,7,5,2,0,1,1,0,2,3,0,0,1,0,2,2,0,1,0,0,0,1
20211,A,골목상권,3110375,서울북부고용노동지청,110,55,55,1,12,20,31,32,14,0,8,15,16,11,5,1,4,5,15,21,9
20211,R,전통시장,3130134,"솔샘시장(미아6,7동골목시장)",73,30,43,1,7,19,25,18,3,0,3,4,12,8,3,1,4,15,13,10,0
20211,A,골목상권,3110354,삼각산119안전센터,22,5,17,0,2,3,10,5,2,0,0,0,2,1,2,0,2,3,8,4,0
20211,A,골목상권,3110378,송중동주민센터,23,13,10,0,1,4,6,9,3,0,1,2,2,6,2,0,0,2,4,3,1
20211,R,전통시장,3130138,수유프라자,142,24,118,1,31,24,16,42,28,0,1,4,5,4,10,1,30,20,11,38,18
20211,R,전통시장,3130136,수유재래시장,32,13,19,0,6,5,8,6,7,0,2,1,0,3,7,0,4,4,8,3,0
20211,R,전통시장,3130133,우이골목시장(우이시장),69,61,8,0,7,7,19,20,16,0,6,6,17,17,15,0,1,1,2,3,1
20211,A,골목상권,3110350,가오리역 2번,148,77,71,0,11,27,37,49,24,0,5,11,18,26,17,0,6,16,19,23,7
20211,A,골목상권,3110410,방학역 2번,957,833,124,3,75,187,185,224,283,2,61,162,154,194,260,1,14,25,31,30,23
20211,A,골목상권,3110411,도봉역 3번,421,379,42,0,13,31,61,141,175,0,11,20,48,133,167,0,2,11,13,8,8
20211,A,골목상권,3110400,도봉구보건소,191,111,80,0,20,35,53,51,32,0,9,22,32,26,22,0,11,13,21,25,10
20211,R,전통시장,3130146,쌍문시장(쌍문역골목시장),263,124,139,0,29,33,54,80,67,0,10,12,28,32,42,0,19,21,26,48,25
20211,R,전통시장,3130147,쌍문역동측상점가,69,32,37,0,7,17,18,9,18,0,2,6,10,5,9,0,5,11,8,4,9
20211,A,골목상권,3110399,창2동주민센터,849,516,333,8,110,207,262,192,70,8,69,157,137,97,48,0,41,50,125,95,22
20211,R,전통시장,3130153,창동역상점가,229,138,91,0,18,48,54,56,53,0,7,31,30,31,39,0,11,17,24,25,14
20211,A,골목상권,3110409,창동역 2번,396,202,194,0,33,43,83,109,128,0,12,29,59,45,57,0,21,14,24,64,71
20211,D,발달상권,3120086,태릉입구역,382,205,177,0,42,78,82,102,78,0,24,43,35,49,54,0,18,35,47,53,24
20211,A,골목상권,3110434,태릉입구역 4번,121,62,59,0,13,11,24,35,38,0,3,2,12,22,23,0,10,9,12,13,15
20211,D,발달상권,3120081,노원역,1552,508,1044,9,369,295,343,307,229,2,66,87,125,121,107,7,303,208,218,186,122
20211,A,골목상권,3110426,상계2동주민센터,337,169,168,0,32,57,83,96,69,0,15,30,39,45,40,0,17,27,44,51,29
20211,A,골목상권,3110414,장석교회,66,51,15,0,7,16,15,20,8,0,5,13,11,17,5,0,2,3,4,3,3
20211,A,골목상권,3110465,연신내역 7번,240,119,121,3,38,52,57,54,36,2,12,29,25,25,26,1,26,23,32,29,10
20211,A,골목상권,3110490,녹번동근린공원,311,170,141,0,30,65,86,76,54,0,11,31,48,45,35,0,19,34,38,31,19
20211,A,골목상권,3110489,불광역 3번,35,25,10,0,3,7,10,10,5,0,3,4,7,6,5,0,0,3,3,4,0
20211,A,골목상권,3110479,연신내역 2번,318,181,137,1,50,84,68,69,46,0,28,71,35,32,15,1,22,13,33,37,31
20211,R,전통시장,3130165,"대림골목시장(대림시장, 양지시장)",214,34,180,0,20,45,56,62,31,0,1,7,5,11,10,0,19,38,51,51,21
20211,A,골목상권,3110492,하나고등학교,238,38,200,1,5,13,11,95,113,0,0,7,7,8,16,1,5,6,4,87,97
20211,A,골목상권,3110493,북가좌초등학교,892,830,62,0,2,19,27,80,764,0,0,12,22,68,728,0,2,7,5,12,36
20211,A,골목상권,3110514,서대문우체국,86,19,67,0,26,26,17,9,8,0,0,4,7,4,4,0,26,22,10,5,4
20211,A,골목상권,3110508,서연중학교,947,425,522,9,139,241,158,245,155,3,62,148,74,76,62,6,77,93,84,169,93
20211,A,골목상권,3110513,연희파출소,457,241,216,0,51,87,110,130,79,0,17,46,58,69,51,0,34,41,52,61,28
20211,A,골목상권,3110518,서대문구청,129,72,57,0,22,38,30,23,16,0,6,19,22,15,10,0,16,19,8,8,6
20211,A,골목상권,3110535,영천시장입구,488,333,155,2,36,65,112,164,109,2,19,35,78,130,69,0,17,30,34,34,40
20211,A,골목상권,3110538,충정로역 3번,284,178,106,0,12,42,56,66,108,0,5,27,35,42,69,0,7,15,21,24,39
20211,A,골목상권,3110525,홍은종합사회복지관,61,17,44,0,10,12,15,10,14,0,1,3,0,4,9,0,9,9,15,6,5
20211,A,골목상권,3110515,홍은중학교,396,312,84,1,45,118,119,68,45,1,33,93,94,52,39,0,12,25,25,16,6
20211,A,골목상권,3110583,공덕래미안3차아파트,12,7,5,0,2,3,1,1,5,0,1,2,1,0,3,0,1,1,0,1,2
20211,A,골목상권,3110562,연트럴파크(연남동주민센터),426,237,189,1,73,118,96,94,44,1,29,76,55,44,32,0,44,42,41,50,12
20211,R,전통시장,3130192,동진시장,10,6,4,0,1,1,4,3,1,0,1,1,1,2,1,0,0,0,3,1,0
20211,R,전통시장,3130194,용강동 상점가,875,502,373,0,103,131,179,170,292,0,39,75,104,114,170,0,64,56,75,56,122
20211,A,골목상권,3110577,용강동주민센터,145,105,40,0,15,42,47,31,10,0,12,31,38,17,7,0,3,11,9,14,3
20211,A,골목상권,3110559,성산중학교,757,474,283,4,102,187,203,167,94,3,54,102,127,118,70,1,48,85,76,49,24
20211,R,전통시장,3130203,서서울 골목형상점가,34,7,27,0,2,7,10,12,3,0,0,0,2,4,1,0,2,7,8,8,2
20211,R,전통시장,3130204,경창시장,102,51,51,0,5,12,29,27,29,0,2,5,13,16,15,0,3,7,16,11,14
20211,A,골목상권,3110593,신월3동주민센터,304,157,147,0,38,65,76,87,38,0,12,32,45,44,24,0,26,33,31,43,14
20211,A,골목상권,3110605,목동센트럴아이파크앞,155,89,66,0,15,22,26,47,45,0,5,15,11,27,31,0,10,7,15,20,14
20211,A,골목상권,3110634,송정역 3번,664,434,230,0,64,143,178,145,134,0,33,90,116,101,94,0,31,53,62,44,40
20211,D,발달상권,3120116,송정역,117,64,53,0,17,27,28,20,25,0,9,11,15,10,19,0,8,16,13,10,6
20211,A,골목상권,3110637,송정역 2번,560,358,202,4,67,121,116,154,98,0,34,74,81,100,69,4,33,47,35,54,29
20211,A,골목상권,3110644,신광명마을,336,288,48,1,26,28,58,105,118,1,8,17,51,97,114,0,18,11,7,8,4
20211,A,골목상권,3110673,뜸부기어린이공원,253,143,110,0,37,52,62,64,38,0,21,29,31,34,28,0,16,23,31,30,10
20211,A,골목상권,3110717,남구로역 2번,570,271,299,0,108,155,142,104,61,0,49,84,75,34,29,0,59,71,67,70,32
20211,R,전통시장,3130225,개봉중앙시장,147,59,88,0,15,21,39,44,28,0,3,4,19,22,11,0,12,17,20,22,17
20211,A,골목상권,3110704,고척중학교,62,36,26,0,12,23,10,12,5,0,7,12,3,11,3,0,5,11,7,1,2
20211,A,골목상권,3110711,구로초등학교,815,329,486,4,62,122,165,287,175,2,26,70,81,74,76,2,36,52,84,213,99
20211,A,골목상권,3110719,영서중학교,19,15,4,0,0,4,2,3,10,0,0,2,2,3,8,0,0,2,0,0,2
20211,D,발달상권,3120127,구로구청,5871,3858,2013,6,600,1211,1435,1436,1183,5,362,967,1048,802,674,1,238,244,387,634,509
20211,A,골목상권,3110681,온수역 1번,94,70,24,0,6,30,30,17,11,0,5,22,21,12,10,0,1,8,9,5,1
20211,A,골목상권,3110686,수궁동주민센터,406,211,195,0,34,67,104,115,86,0,16,31,64,55,45,0,18,36,40,60,41
20211,A,골목상권,3110724,금천구립가산도서관,364,254,110,1,42,76,120,89,36,1,33,60,90,45,25,0,9,16,30,44,11
20211,A,골목상권,3110737,금천세무서,502,323,179,8,77,85,96,116,120,0,28,49,51,91,104,8,49,36,45,25,16
20211,A,골목상권,3110751,난곡중학교,733,399,334,2,48,217,242,177,47,2,21,117,128,91,40,0,27,100,114,86,7
20211,R,전통시장,3130238,은행나무시장,113,71,42,0,22,24,31,22,14,0,13,16,22,14,6,0,9,8,9,8,8
20211,A,골목상권,3110770,영등포구청역 6번,263,191,72,1,45,49,77,45,46,1,24,41,54,28,43,0,21,8,23,17,3
20211,A,골목상권,3110774,당산반도유보라팰리스아파트,472,355,117,0,59,119,131,96,67,0,34,81,109,80,51,0,25,38,22,16,16
20211,A,골목상권,3110784,신대림초등학교,76,42,34,0,3,11,18,36,8,0,0,7,12,18,5,0,3,4,6,18,3
20211,D,발달상권,3120142,대림역,1551,846,705,2,234,279,348,384,304,0,69,143,190,230,214,2,165,136,158,154,90
20211,A,골목상권,3110790,대림1동주민센터,741,337,404,1,74,163,282,161,60,1,46,71,89,77,53,0,28,92,193,84,7
20211,A,골목상권,3110767,도림동주민센터,11,0,11,0,4,3,3,1,0,0,0,0,0,0,0,0,4,3,3,1,0
20211,R,전통시장,3130243,도림시장,7,5,2,0,0,1,4,0,2,0,0,1,3,0,1,0,0,0,1,0,1
20211,A,골목상권,3110816,대방역 6번,517,401,116,1,72,136,153,67,88,1,49,108,114,49,80,0,23,28,39,18,8
20211,A,골목상권,3110795,도림초등학교,533,356,177,0,20,49,80,128,256,0,8,36,48,74,190,0,12,13,32,54,66
20211,A,골목상권,3110805,신길새마을금고신길4동지점,45,27,18,0,6,12,12,8,7,0,2,7,6,5,7,0,4,5,6,3,0
20211,A,골목상권,3110797,KT대방빌딩,47,8,39,1,6,8,12,10,10,0,0,0,1,2,5,1,6,8,11,8,5
20211,D,발달상권,3120147,보라매역,1947,1238,709,5,286,452,370,367,467,2,93,310,249,264,320,3,193,142,121,103,147
20211,A,골목상권,3110760,선유도역 6번,1792,1091,701,8,273,444,499,376,192,6,170,256,275,219,165,2,103,188,224,157,27
20211,D,발달상권,3120149,여의도역(여의도),69255,45888,23367,184,11383,22550,19240,12096,3802,34,5884,14085,14147,9350,2388,150,5499,8465,5093,2746,1414
20211,D,발달상권,3120148,국회의사당역(국회의사당),31135,19451,11684,82,6815,10231,7641,4493,1873,27,3082,6187,5424,3397,1334,55,3733,4044,2217,1096,539
20211,R,전통시장,3130248,영등포역지하도상점가,69,35,34,0,9,26,17,14,3,0,6,13,9,4,3,0,3,13,8,10,0
20211,A,골목상권,3110829,장승배기역 5번,534,416,118,0,195,137,78,52,72,0,177,106,49,39,45,0,18,31,29,13,27
20211,A,골목상권,3110848,양지어린이공원,486,307,179,0,36,68,152,132,98,0,6,39,85,93,84,0,30,29,67,39,14
20211,R,전통시장,3130271,남성역골목시장,467,268,199,1,36,33,39,47,311,1,12,20,22,16,197,0,24,13,17,31,114
20211,A,골목상권,3110837,숭실대입구역 1번,360,184,176,1,39,72,80,79,89,0,19,29,39,32,65,1,20,43,41,47,24
20211,R,전통시장,3130262,상도도깨비 골목형상점가,21,13,8,0,0,4,10,4,3,0,0,4,6,1,2,0,0,0,4,3,1
20211,A,골목상권,3110825,신대방삼거리역 1번,319,207,112,0,33,63,96,72,55,0,23,41,58,47,38,0,10,22,38,25,17
20211,R,전통시장,3130261,성대전통시장(성대시장),211,104,107,0,15,47,61,61,27,0,4,26,33,23,18,0,11,21,28,38,9
20211,R,전통시장,3130264,상도약수골목형상점가,65,35,30,1,14,8,15,20,7,0,4,3,9,12,7,1,10,5,6,8,0
20211,A,골목상권,3110823,신대방삼거리역 3번,472,242,230,0,30,45,83,121,193,0,17,26,40,42,117,0,13,19,43,79,76
20211,A,골목상권,3110844,흑석2치안센터,11,7,4,0,2,2,4,0,3,0,1,2,2,0,2,0,1,0,2,0,1
20211,R,전통시장,3130282,난곡 골목형상점가,20,8,12,0,4,2,10,4,0,0,2,1,4,1,0,0,2,1,6,3,0
20211,A,골목상권,3110865,남강고등학교(남강중학교),270,116,154,4,57,53,59,61,36,2,10,23,23,31,27,2,47,30,36,30,9
20211,A,골목상권,3110902,사당역 4번,1184,729,455,1,189,266,295,248,185,0,82,168,204,156,119,1,107,98,91,92,66
20211,A,골목상권,3110887,서울산업정보학교(서울삼성초등학교),12,5,7,0,1,3,4,4,0,0,0,0,1,4,0,0,1,3,3,0,0
20211,A,골목상권,3110860,호림박물관(성보고등학교),410,314,96,1,57,102,66,110,74,1,44,84,47,78,60,0,13,18,19,32,14
20211,A,골목상권,3110883,은천초등학교(은천교앞),208,124,84,2,21,43,70,48,24,1,12,25,42,28,16,1,9,18,28,20,8
20211,R,전통시장,3130288,신림현대종합상가,2,0,2,0,1,1,0,0,0,0,0,0,0,0,0,0,1,1,0,0,0
20211,A,골목상권,3110894,관악동부센트레빌아파트(은천로35라길),20,8,12,0,2,4,3,6,5,0,0,2,1,2,3,0,2,2,2,4,2
20211,A,골목상권,3110869,"신림역 5번(신림동주민센터, 신림동별빛거리)",1026,681,345,1,79,136,248,233,329,1,36,73,143,155,273,0,43,63,105,78,56
20211,A,골목상권,3110877,신림역 8번,319,154,165,2,23,63,86,80,65,0,10,30,36,39,39,2,13,33,50,41,26
20211,R,전통시장,3130289,봉일시장,36,20,16,1,1,2,5,14,13,0,0,1,5,3,11,1,1,1,0,11,2
20211,A,골목상권,3110853,KT구로지사,217,130,87,0,21,49,65,51,31,0,9,27,44,28,22,0,12,22,21,23,9
20211,A,골목상권,3110897,서울대입구역 8번,219,139,80,0,16,45,69,64,25,0,7,24,40,44,24,0,9,21,29,20,1
20211,D,발달상권,3120167,고속터미널(고속터미널역),6925,4543,2382,24,790,1577,1689,1525,1320,10,416,1110,1328,1046,633,14,374,467,361,479,687
20211,A,골목상권,3110924,반포4동주민센터(몽마르뜨공원),1071,732,339,5,171,236,323,252,84,1,78,150,243,200,60,4,93,86,80,52,24
20211,A,골목상권,3110922,내방역 1번,219,112,107,1,42,47,47,42,40,0,13,23,27,23,26,1,29,24,20,19,14
20211,A,골목상권,3110909,남태령역(서울전자고등학교),132,97,35,1,11,29,23,34,34,1,4,19,16,29,28,0,7,10,7,5,6
20211,D,발달상권,3120163,사당역 11번(사당역먹자골목),491,290,201,0,55,119,99,86,132,0,28,73,57,50,82,0,27,46,42,36,50
20211,A,골목상권,3110929,남부터미널역 1번,21130,10703,10427,21,4446,4558,3912,7143,1050,4,1209,1890,1718,5123,759,17,3237,2668,2194,2020,291
20211,D,발달상권,3120168,서울고교교차로,794,492,302,1,124,237,200,130,102,0,48,130,143,98,73,1,76,107,57,32,29
20211,R,전통시장,3130301,양재시장,89,47,42,0,24,20,24,9,12,0,7,13,15,4,8,0,17,7,9,5,4
20211,A,골목상권,3110946,청계산원터골,41,21,20,0,2,4,8,13,14,0,2,2,6,3,8,0,0,2,2,10,6
20211,A,골목상권,3110980,개포지구대옆,663,482,181,0,90,198,202,111,62,0,45,142,168,72,55,0,45,56,34,39,7
20211,D,발달상권,3120207,선정릉역,11920,7343,4577,32,2669,4154,2699,1509,857,16,1106,2428,1922,1135,736,16,1563,1726,777,374,121
20211,D,발달상권,3120218,코엑스,290,54,236,0,116,103,58,13,0,0,13,16,16,9,0,0,103,87,42,4,0
20211,D,발달상권,3120186,가로수길,6518,3580,2938,19,1316,2133,1570,895,585,5,447,1174,950,573,431,14,869,959,620,322,154
20211,A,골목상권,3110951,신사은행나무공원,267,70,197,0,35,83,95,47,7,0,6,24,26,12,2,0,29,59,69,35,5
20211,R,전통시장,3130306,강남언주로,235,151,84,2,48,48,63,45,29,2,27,34,47,23,18,0,21,14,16,22,11
20211,D,발달상권,3120208,청담사거리(청담동명품거리),11437,5280,6157,43,3488,4035,2275,1044,552,17,1116,1816,1308,628,395,26,2372,2219,967,416,157
20211,D,발달상권,3120214,영동대교남단교차로,3984,2897,1087,7,489,1172,1107,929,280,3,271,811,865,753,194,4,218,361,242,176,86
20211,A,골목상권,3111024,경찰병원역 4번(건너말공원),240,150,90,0,27,53,63,68,29,0,16,33,45,35,21,0,11,20,18,33,8
20211,A,골목상권,3111046,마천역(마천초등학교),708,400,308,1,76,146,171,195,119,0,46,85,84,95,90,1,30,61,87,100,29
20211,A,골목상권,3111044,남천초등학교,557,264,293,1,95,146,167,113,35,0,35,71,76,56,26,1,60,75,91,57,9
20211,A,골목상권,3111019,한성백제역 3번,1458,963,495,2,199,428,415,246,168,2,101,294,294,157,115,0,98,134,121,89,53
20211,A,골목상권,3111007,석촌고분역 4번,936,480,456,0,107,215,255,242,117,0,43,116,142,109,70,0,64,99,113,133,47
20211,A,골목상권,3111004,삼전역 1번,2036,1331,705,13,263,407,504,376,473,0,108,261,337,239,386,13,155,146,167,137,87
20211,A,골목상권,3111033,문정동성당,70,30,40,0,5,4,16,16,29,0,2,3,8,9,8,0,3,1,8,7,21
20211,A,골목상권,3111018,풍납초등학교(풍납백제문화공원),26,23,3,0,1,5,10,6,4,0,1,4,8,6,4,0,0,1,2,0,0
20211,A,골목상권,3111078,굽은다리역 4번,1753,1022,731,1,135,300,379,488,450,1,75,186,215,270,275,0,60,114,164,218,175
20211,A,골목상권,3111082,중앙보훈병원,64,44,20,0,3,9,11,23,18,0,1,3,5,18,17,0,2,6,6,5,1
20211,A,골목상권,3111086,한영중고,297,202,95,1,27,45,73,101,50,1,17,22,52,69,41,0,10,23,21,32,9
20211,A,골목상권,3111051,천호역 6번,394,242,152,2,65,77,85,88,77,1,44,54,54,47,42,1,21,23,31,41,35
20211,A,골목상권,3111064,둔촌동역 4번,157,98,59,0,13,34,47,40,23,0,3,21,30,28,16,0,10,13,17,12,7
20211,A,골목상권,3111070,천호초등학교,121,70,51,1,7,20,39,27,27,0,3,9,23,16,19,1,4,11,16,11,8
20211,A,골목상권,3111057,천호공원(해공체육문화센터),254,112,142,2,53,50,64,60,25,2,15,19,30,32,14,0,38,31,34,28,11
20214,A,골목상권,3110773,당산역 13번,161,127,34,0,24,40,31,22,44,0,20,33,19,18,37,0,4,7,12,4,7
20214,D,발달상권,3120145,영등포역(영등포),3856,1817,2039,22,673,1021,921,702,517,0,202,441,486,388,300,22,471,580,435,314,217
20214,A,골목상권,3110796,한림대학교한강성심병원,87,52,35,1,7,19,26,19,15,0,4,11,17,9,11,1,3,8,9,10,4
20214,R,전통시장,3130267,본동인정시장(기능상실),59,41,18,0,6,10,12,15,16,0,4,7,9,8,13,0,2,3,3,7,3
20214,D,발달상권,3120153,노량진역(노량진),3600,1756,1844,10,508,1172,906,675,329,2,185,464,433,450,222,8,323,708,473,225,107
20214,D,발달상권,3120160,사당역(사당),9153,4750,4403,14,1560,2594,2716,1534,735,4,617,1307,1324,997,501,10,943,1287,1392,537,234
20214,R,전통시장,3130274,사당1동먹자골목상점가(사당1동먹자골목),389,218,171,4,91,100,81,63,50,3,45,64,37,35,34,1,46,36,44,28,16
20214,A,골목상권,3110849,이수역 10번,220,130,90,1,37,52,58,40,32,0,12,33,34,25,26,1,25,19,24,15,6
20214,A,골목상권,3110845,사당종합체육관,101,50,51,0,8,17,35,26,15,0,5,8,19,9,9,0,3,9,16,17,6
20214,A,골목상권,3110846,남성역 1번,535,290,245,1,66,120,146,135,67,0,25,59,78,74,54,1,41,61,68,61,13
20214,A,골목상권,3110838,상도1동주민센터앞,131,122,9,0,3,32,30,35,31,0,3,27,27,35,30,0,0,5,3,0,1
20214,A,골목상권,3110826,장승배기역 4번,366,149,217,2,20,37,57,103,147,1,8,22,28,38,52,1,12,15,29,65,95
20214,A,골목상권,3110842,흑리단길,53,22,31,0,10,9,10,16,8,0,4,3,5,5,5,0,6,6,5,11,3
20214,A,골목상권,3110895,샤로수길,1796,1222,574,3,307,721,360,233,172,2,170,534,234,152,130,1,137,187,126,81,42
20214,A,골목상권,3110862,난곡초등학교(난곡동벽화마을),84,41,43,0,4,13,14,34,19,0,2,6,11,15,7,0,2,7,3,19,12
20214,A,골목상권,3110881,구립대학경로당(관악산샘말공원),1580,1288,292,1,317,450,449,266,97,1,225,374,391,229,68,0,92,76,58,37,29
20214,A,골목상권,3110868,남부초등학교,232,126,106,0,20,29,45,49,89,0,11,23,22,28,42,0,9,6,23,21,47
20214,A,골목상권,3110884,봉천역 4번(봉천110안전센터),372,284,88,1,17,30,61,98,165,0,1,8,49,84,142,1,16,22,12,14,23
20214,R,전통시장,3130277,조원동 펭귄시장(신림중앙시장),98,56,42,1,15,26,31,19,6,1,8,18,16,9,4,0,7,8,15,10,2
20214,R,전통시장,3130293,봉천중앙시장,154,42,112,0,17,13,29,46,49,0,5,7,14,14,2,0,12,6,15,32,47
20214,R,전통시장,3130290,영림시장,417,183,234,0,74,101,107,92,43,0,14,49,43,44,33,0,60,52,64,48,10
20214,A,골목상권,3110945,본마을노인복지센터(서초구립내곡도서관),191,114,77,3,44,57,37,33,17,3,14,31,25,28,13,0,30,26,12,5,4
20214,D,발달상권,3120176,논현역 4번,893,566,327,1,130,216,195,168,183,1,67,126,129,106,137,0,63,90,66,62,46
20214,A,골목상권,3110904,이수역 5번,835,468,367,4,167,217,239,139,69,1,90,125,135,59,58,3,77,92,104,80,11
20214,A,골목상권,3110911,방배배수지체육공원,29,22,7,0,6,3,7,5,8,0,6,2,4,4,6,0,0,1,3,1,2
20214,A,골목상권,3110923,방배역 1번,210,153,57,0,34,56,55,41,24,0,21,38,42,34,18,0,13,18,13,7,6
20214,D,발달상권,3120173,교대역(법원.검찰청),18222,10456,7766,74,3270,5403,4730,3072,1673,29,1419,3004,2846,1897,1261,45,1851,2399,1884,1175,412
20214,D,발달상권,3120189,강남역,72613,38819,33794,234,17636,24305,18411,9151,2876,59,6629,13226,10962,5914,2029,175,11007,11079,7449,3237,847
20214,D,발달상권,3120171,서초3동사거리,11750,6206,5544,15,1990,3845,2551,1862,1487,6,827,1746,1496,1064,1067,9,1163,2099,1055,798,420
20214,A,골목상권,3110925,서초중학교,874,497,377,0,104,137,244,222,167,0,38,65,146,132,116,0,66,72,98,90,51
20214,D,발달상권,3120181,교육개발원입구사거리,7278,4440,2838,316,2978,1563,1247,730,444,145,1506,983,939,536,331,171,1472,580,308,194,113
20214,A,골목상권,3110939,양재역 8번(양재동우체국),5949,4099,1850,23,970,1420,1461,1174,901,15,499,989,1053,799,744,8,471,431,408,375,157
20214,D,발달상권,3120182,"양재시민의숲역(양재동꽃시장, aT센터)",6231,4311,1920,34,1059,1675,1508,1267,688,14,546,1157,1111,930,553,20,513,518,397,337,135
20214,R,전통시장,3130310,강남개포시장,298,173,125,0,29,56,71,82,60,0,8,23,42,56,44,0,21,33,29,26,16
20214,A,골목상권,3110957,언북중학교,1251,831,420,1,262,379,317,147,145,1,146,241,215,109,119,0,116,138,102,38,26
20214,D,발달상권,3120217,대치사거리,2779,1478,1301,11,552,771,700,452,293,10,220,379,381,264,224,1,332,392,319,188,69
20214,A,골목상권,3110989,대치동아우편취급국,444,270,174,9,90,148,75,68,54,0,43,102,43,44,38,9,47,46,32,24,16
20214,A,골목상권,3110965,언주역 6번,1139,788,351,1,174,379,378,142,65,1,104,276,284,74,49,0,70,103,94,68,16
20214,D,발달상권,3120206,개나리아파트,5243,3354,1889,87,1658,1413,1080,655,350,27,866,955,775,456,275,60,792,458,305,199,75
20214,A,골목상권,3110976,언북초등학교,578,332,246,1,111,188,126,86,66,0,41,115,83,49,44,1,70,73,43,37,22
20214,A,골목상권,3111036,투구봉어린이공원,209,119,90,1,22,40,55,62,29,1,7,20,26,39,26,0,15,20,29,23,3
20214,R,전통시장,3130315,문정동 로데오거리 상점가(문정동 로데오거리),1382,812,570,6,315,293,263,252,253,3,118,169,166,146,210,3,197,124,97,106,43
20214,D,발달상권,3120234,가락시장역,10280,6234,4046,11,1351,2492,2151,1680,2595,3,587,1469,1440,929,1806,8,764,1023,711,751,789
20214,R,전통시장,3130317,마천중앙시장,107,77,30,0,15,35,24,17,16,0,11,24,12,14,16,0,4,11,12,3,0
20214,R,전통시장,3130316,마천시장,18,9,9,0,3,3,2,10,0,0,2,2,2,3,0,0,1,1,0,7,0
20214,D,발달상권,3120229,방이동먹자골목,7319,4732,2587,12,1062,2182,1915,1302,846,5,588,1347,1338,913,541,7,474,835,577,389,305
20214,D,발달상권,3120233,몽촌토성역,10419,5740,4679,28,1795,2730,2265,2158,1443,22,1125,1855,1199,788,751,6,670,875,1066,1370,692
20214,A,골목상권,3111009,송파책박물관,130,94,36,1,13,38,28,24,26,0,11,32,18,15,18,1,2,6,10,9,8
20214,D,발달상권,3120230,송파사거리(송파역),876,470,406,4,96,176,202,193,205,1,38,99,115,92,125,3,58,77,87,101,80
20214,A,골목상권,3111013,송파나루역 1번(송리단길),2234,1456,778,8,320,568,650,435,253,3,160,384,445,290,174,5,160,184,205,145,79
20214,A,골목상권,3111039,벌말어린이공원,485,353,132,8,85,125,121,94,52,8,51,89,88,72,45,0,34,36,33,22,7
20214,D,발달상권,3120247,굽은다리역,572,312,260,4,91,119,146,104,108,1,37,77,74,56,67,3,54,42,72,48,41
20214,R,전통시장,3130321,장신구 특화거리 상점가,433,269,164,0,92,114,88,92,47,0,43,72,56,61,37,0,49,42,32,31,10
20214,A,골목상권,3111058,성내중학교,451,317,134,0,51,92,129,121,58,0,37,63,90,82,45,0,14,29,39,39,13
20214,A,골목상권,3111055,선사초등학교,673,29,644,0,14,28,137,373,121,0,4,7,8,6,4,0,10,21,129,367,117
20214,A,골목상권,3111075,굽은다리역 2번,193,114,79,0,14,42,54,52,31,0,14,28,24,31,17,0,0,14,30,21,14
20214,A,골목상권,3111063,강동구립 천호도서관,368,182,186,0,25,44,81,85,133,0,5,15,21,30,111,0,20,29,60,55,22
20214,A,골목상권,3110009,자하문터널,930,456,474,0,207,326,226,121,50,0,91,162,105,63,35,0,116,164,121,58,15
20214,D,발달상권,3120003,광화문역,43873,26821,17052,79,6380,12841,13071,8035,3467,12,2643,7543,8935,5616,2072,67,3737,5298,4136,2419,1395
20214,A,골목상권,3110033,창신역 4번,166,89,77,0,26,42,35,40,23,0,6,22,17,25,19,0,20,20,18,15,4
20214,R,전통시장,3130021,신설종합시장,50,37,13,1,1,10,12,13,13,0,0,9,10,10,8,1,1,1,2,3,5
20214,A,골목상권,3110023,서울대병원,92,33,59,0,9,24,23,20,16,0,3,7,10,5,8,0,6,17,13,15,8
20214,D,발달상권,3120012,대학로(혜화역),2004,901,1103,7,350,585,490,309,263,2,103,201,243,166,186,5,247,384,247,143,77
20214,D,발달상권,3120009,종로3가역,8495,4786,3709,19,1355,2296,2026,1582,1217,8,563,1230,1198,953,834,11,792,1066,828,629,383
20214,R,전통시장,3130009,마전교지하쇼핑센터(구 한일상가),24,16,8,0,0,2,3,7,12,0,0,2,2,4,8,0,0,0,1,3,4
20214,A,골목상권,3110022,경신고등학교,506,385,121,11,133,157,117,54,34,10,99,119,89,42,26,1,34,38,28,12,8
20214,D,발달상권,3120034,중구청(퇴계로4가),1545,1050,495,7,108,228,400,440,362,5,48,129,262,327,279,2,60,99,138,113,83
20214,D,발달상권,3120022,북창동(시청역_6번),5197,3160,2037,24,1010,1611,1149,767,636,2,391,936,852,543,436,22,619,675,297,224,200
20214,D,발달상권,3120019,경찰청앞교차로,5958,3146,2812,26,1051,2221,1625,793,242,8,274,1044,982,619,219,18,777,1177,643,174,23
20214,R,전통시장,3130050,청평화시장,233,96,137,2,54,70,50,40,17,1,22,32,12,21,8,1,32,38,38,19,9
20214,R,전통시장,3130327,"평화시장(남평화시장, 제일평화시장, 신평화패션타운)",169,107,62,1,8,31,43,42,44,1,1,19,30,27,29,0,7,12,13,15,15
20214,A,골목상권,3110044,관성묘,405,300,105,0,50,135,145,51,24,0,24,90,125,44,17,0,26,45,20,7,7
20214,A,골목상권,3110074,서울역 12번,8149,1751,6398,152,5985,1340,330,181,161,9,598,652,233,134,125,143,5387,688,97,47,36
20214,A,골목상권,3110081,해방촌 남동측,231,122,109,0,45,63,54,42,27,0,14,35,27,23,23,0,31,28,27,19,4
20214,A,골목상권,3110084,경리단길북측,315,168,147,0,47,85,84,57,42,0,23,36,39,36,34,0,24,49,45,21,8
20214,A,골목상권,3110071,한강미주맨션아파트,315,191,124,0,42,85,69,57,62,0,21,46,40,42,42,0,21,39,29,15,20
20214,R,전통시장,3130061,이태원시장,32,20,12,0,18,3,4,6,1,0,12,1,3,3,1,0,6,2,1,3,0
20214,A,골목상권,3110590,만리재,97,50,47,0,19,23,23,25,7,0,6,12,11,16,5,0,13,11,12,9,2
20214,R,전통시장,3130057,만리시장,12,9,3,0,0,2,1,4,5,0,0,1,1,3,4,0,0,1,0,1,1
20214,A,골목상권,3110070,용산세무서,184,130,54,0,21,54,55,24,30,0,8,37,41,18,26,0,13,17,14,6,4
20214,A,골목상권,3110062,한강로동땡땡거리(은행나무길),1506,884,622,9,319,423,319,208,228,6,142,225,216,138,157,3,177,198,103,70,71
20214,A,골목상권,3110079,후암동주민센터,1084,584,500,4,223,262,267,196,132,3,73,156,156,105,91,1,150,106,111,91,41
20214,R,전통시장,3130069,"한양대앞상점가(한양시장, 왕십리맛골목)",32,19,13,0,6,6,4,8,8,0,4,4,0,5,6,0,2,2,4,3,2
20214,A,골목상권,3110101,옥정중학교,218,121,97,0,55,51,65,31,16,0,24,34,43,13,7,0,31,17,22,18,9
20214,A,골목상권,3110102,옥수역 6번,175,116,59,0,22,39,48,41,25,0,11,21,31,31,22,0,11,18,17,10,3
20214,R,전통시장,3130065,무학봉상점가,181,71,110,0,29,39,47,42,24,0,4,11,15,23,18,0,25,28,32,19,6
20214,A,골목상권,3110179,광나루역 1번,911,620,291,0,142,209,188,233,139,0,82,160,157,154,67,0,60,49,31,79,72
20214,A,골목상권,3110180,광진정보도서관,5440,3602,1838,17,1593,2056,1086,499,189,5,872,1464,782,331,148,12,721,592,304,168,41
20214,D,발달상권,3120058,구의사거리,688,333,355,2,92,158,174,181,81,1,33,79,80,77,63,1,59,79,94,104,18
20214,D,발달상권,3120060,강변역(테크노마트),3189,2348,841,12,402,686,870,703,516,2,209,509,686,549,393,10,193,177,184,154,123
20214,A,골목상권,3110159,구의역 4번,663,391,272,1,125,115,158,132,132,1,58,62,85,87,98,0,67,53,73,45,34
20214,R,전통시장,3130074,영동교골목시장,21,15,6,0,6,9,2,3,1,0,3,9,0,2,1,0,3,0,2,1,0
20214,A,골목상권,3110153,중곡1동주민센터,241,83,158,1,42,57,67,57,17,0,14,22,22,17,8,1,28,35,45,40,9
20214,A,골목상권,3110142,화양사거리,215,108,107,1,37,47,45,53,32,1,20,25,24,17,21,0,17,22,21,36,11
20214,A,골목상권,3110148,어린이대공원역 3번,17,12,5,0,3,3,6,5,0,0,0,2,5,5,0,0,3,1,1,0,0
20214,R,전통시장,3130096,동부시장,14,9,5,0,0,0,1,1,12,0,0,0,0,0,9,0,0,0,1,1,3
20214,A,골목상권,3110183,한국의류시험연구원,839,447,392,3,238,307,149,75,67,1,88,162,81,58,57,2,150,145,68,17,10
20214,R,전통시장,3130089,청량리수산시장,42,33,9,0,4,7,16,6,9,0,3,7,12,4,7,0,1,0,4,2,2
20214,R,전통시장,3130098,회기시장,55,17,38,0,9,14,15,12,5,0,2,3,4,6,2,0,7,11,11,6,3
20214,A,골목상권,3110228,장안근린공원,1992,1184,808,40,1381,313,92,101,65,24,788,223,60,54,35,16,593,90,32,47,30
20214,R,전통시장,3130104,전곡시장,93,54,39,0,8,17,28,26,14,0,5,8,16,13,12,0,3,9,12,13,2
20214,D,발달상권,3120063,청량리역(청량리),1209,528,681,3,226,225,249,252,254,2,66,88,96,117,159,1,160,137,153,135,95
20214,A,골목상권,3110210,서울시립대,341,253,88,1,9,19,24,34,254,1,4,12,10,21,205,0,5,7,14,13,49
20214,A,골목상권,3110197,세종대왕기념관교차로,67,46,21,0,8,19,26,9,5,0,4,15,19,7,1,0,4,4,7,2,4
20214,D,발달상권,3120064,경희대학교(경희대),97,44,53,0,14,27,21,13,22,0,9,13,10,4,8,0,5,14,11,9,14
20214,A,골목상권,3110243,중랑노인종합복지관,298,114,184,1,30,49,74,104,40,0,5,21,37,31,20,1,25,28,37,73,20
20214,A,골목상권,3110259,사가정역 1번,543,425,118,2,48,108,172,159,54,2,29,73,131,140,50,0,19,35,41,19,4
20214,A,골목상권,3110269,용마문화복지센터,169,98,71,0,19,53,52,28,17,0,13,32,30,19,4,0,6,21,22,9,13
20214,A,골목상권,3110252,장안제일시장,712,505,207,1,64,101,159,195,192,1,42,73,87,131,171,0,22,28,72,64,21
20214,R,전통시장,3130111,"동원전통종합시장(동원시장, 동원전통시장 상점가)",224,109,115,0,24,37,49,82,32,0,11,17,21,38,22,0,13,20,28,44,10
20214,A,골목상권,3110247,먹골역 1번,381,176,205,0,54,79,123,81,44,0,21,30,55,39,31,0,33,49,68,42,13
20214,A,골목상권,3110255,상봉역 4번,327,208,119,0,39,52,78,92,66,0,20,24,46,62,56,0,19,28,32,30,10
20214,A,골목상권,3110262,상봉역 3번,1530,878,652,2,221,447,542,268,50,0,119,337,281,107,34,2,102,110,261,161,16
20214,A,골목상권,3110271,신내역 1번,97,74,23,0,8,17,25,29,18,0,5,14,18,23,14,0,3,3,7,6,4
20214,A,골목상권,3110251,장안중학교,147,104,43,0,8,34,46,39,20,0,3,23,34,27,17,0,5,11,12,12,3
20214,A,골목상권,3110244,중화역 4번,250,175,75,1,8,26,49,44,122,1,4,11,32,30,97,0,4,15,17,14,25
20214,A,골목상권,3110296,성신여대입구역 4번,77,39,38,1,7,12,30,11,16,1,3,7,15,8,5,0,4,5,15,3,11
20214,A,골목상권,3110297,경동고등학교,654,311,343,0,74,123,156,164,137,0,31,65,74,79,62,0,43,58,82,85,75
20214,D,발달상권,3120071,성북구청,255,127,128,0,36,55,64,62,38,0,14,22,38,31,22,0,22,33,26,31,16
20214,A,골목상권,3110280,북정마을,73,38,35,0,7,10,22,23,11,0,3,3,9,15,8,0,4,7,13,8,3
20214,R,전통시장,3130122,밤나무골시장,17,5,12,0,2,4,6,4,1,0,1,1,2,1,0,0,1,3,4,3,1
20214,D,발달상권,3120075,월곡역,369,213,156,1,40,86,97,67,78,0,17,48,54,44,50,1,23,38,43,23,28
20214,R,전통시장,3130123,꿈의숲 장곡 골목형상점가,6,5,1,0,1,0,1,4,0,0,1,0,1,3,0,0,0,0,0,1,0
20214,A,골목상권,3110287,정릉3동주민센터,70,50,20,0,9,12,18,19,12,0,5,8,15,12,10,0,4,4,3,7,2
20214,A,골목상권,3110317,종암중학교,411,206,205,0,33,120,153,85,20,0,14,47,78,58,9,0,19,73,75,27,11
20214,D,발달상권,3120076,수유역,1930,865,1065,7,241,303,422,465,492,4,62,102,176,240,281,3,179,201,246,225,211
20214,R,전통시장,3130142,강북북부시장,7,5,2,0,1,1,0,2,3,0,0,1,0,2,2,0,1,0,0,0,1
20214,A,골목상권,3110375,서울북부고용노동지청,110,55,55,1,12,20,31,32,14,0,8,15,16,11,5,1,4,5,15,21,9
20214,R,전통시장,3130134,"솔샘시장(미아6,7동골목시장)",73,30,43,1,7,19,25,18,3,0,3,4,12,8,3,1,4,15,13,10,0
20214,A,골목상권,3110354,삼각산119안전센터,22,5,17,0,2,3,10,5,2,0,0,0,2,1,2,0,2,3,8,4,0
20214,A,골목상권,3110378,송중동주민센터,23,13,10,0,1,4,6,9,3,0,1,2,2,6,2,0,0,2,4,3,1
20214,R,전통시장,3130138,수유프라자,142,24,118,1,31,24,16,42,28,0,1,4,5,4,10,1,30,20,11,38,18
20214,R,전통시장,3130136,수유재래시장,32,13,19,0,6,5,8,6,7,0,2,1,0,3,7,0,4,4,8,3,0
20214,R,전통시장,3130133,우이골목시장(우이시장),69,61,8,0,7,7,19,20,16,0,6,6,17,17,15,0,1,1,2,3,1
20214,A,골목상권,3110350,가오리역 2번,148,77,71,0,11,27,37,49,24,0,5,11,18,26,17,0,6,16,19,23,7
20214,A,골목상권,3110410,방학역 2번,957,833,124,3,75,187,185,224,283,2,61,162,154,194,260,1,14,25,31,30,23
20214,A,골목상권,3110411,도봉역 3번,421,379,42,0,13,31,61,141,175,0,11,20,48,133,167,0,2,11,13,8,8
20214,A,골목상권,3110400,도봉구보건소,191,111,80,0,20,35,53,51,32,0,9,22,32,26,22,0,11,13,21,25,10
20214,R,전통시장,3130146,쌍문시장(쌍문역골목시장),263,124,139,0,29,33,54,80,67,0,10,12,28,32,42,0,19,21,26,48,25
20214,R,전통시장,3130147,쌍문역동측상점가,69,32,37,0,7,17,18,9,18,0,2,6,10,5,9,0,5,11,8,4,9
20214,A,골목상권,3110399,창2동주민센터,849,516,333,8,110,207,262,192,70,8,69,157,137,97,48,0,41,50,125,95,22
20214,R,전통시장,3130153,창동역상점가,229,138,91,0,18,48,54,56,53,0,7,31,30,31,39,0,11,17,24,25,14
20214,A,골목상권,3110409,창동역 2번,396,202,194,0,33,43,83,109,128,0,12,29,59,45,57,0,21,14,24,64,71
20214,D,발달상권,3120086,태릉입구역,382,205,177,0,42,78,82,102,78,0,24,43,35,49,54,0,18,35,47,53,24
20214,A,골목상권,3110434,태릉입구역 4번,121,62,59,0,13,11,24,35,38,0,3,2,12,22,23,0,10,9,12,13,15
20214,D,발달상권,3120081,노원역,1552,508,1044,9,369,295,343,307,229,2,66,87,125,121,107,7,303,208,218,186,122
20214,A,골목상권,3110426,상계2동주민센터,337,169,168,0,32,57,83,96,69,0,15,30,39,45,40,0,17,27,44,51,29
20214,A,골목상권,3110414,장석교회,66,51,15,0,7,16,15,20,8,0,5,13,11,17,5,0,2,3,4,3,3
20214,A,골목상권,3110465,연신내역 7번,240,119,121,3,38,52,57,54,36,2,12,29,25,25,26,1,26,23,32,29,10
20214,A,골목상권,3110490,녹번동근린공원,311,170,141,0,30,65,86,76,54,0,11,31,48,45,35,0,19,34,38,31,19
20214,A,골목상권,3110489,불광역 3번,35,25,10,0,3,7,10,10,5,0,3,4,7,6,5,0,0,3,3,4,0
20214,A,골목상권,3110479,연신내역 2번,318,181,137,1,50,84,68,69,46,0,28,71,35,32,15,1,22,13,33,37,31
20214,R,전통시장,3130165,"대림골목시장(대림시장, 양지시장)",214,34,180,0,20,45,56,62,31,0,1,7,5,11,10,0,19,38,51,51,21
20214,A,골목상권,3110492,하나고등학교,238,38,200,1,5,13,11,95,113,0,0,7,7,8,16,1,5,6,4,87,97
20214,A,골목상권,3110493,북가좌초등학교,892,830,62,0,2,19,27,80,764,0,0,12,22,68,728,0,2,7,5,12,36
20214,A,골목상권,3110514,서대문우체국,86,19,67,0,26,26,17,9,8,0,0,4,7,4,4,0,26,22,10,5,4
20214,A,골목상권,3110508,서연중학교,947,425,522,9,139,241,158,245,155,3,62,148,74,76,62,6,77,93,84,169,93
20214,A,골목상권,3110513,연희파출소,457,241,216,0,51,87,110,130,79,0,17,46,58,69,51,0,34,41,52,61,28
20214,A,골목상권,3110518,서대문구청,129,72,57,0,22,38,30,23,16,0,6,19,22,15,10,0,16,19,8,8,6
20214,A,골목상권,3110535,영천시장입구,488,333,155,2,36,65,112,164,109,2,19,35,78,130,69,0,17,30,34,34,40
20214,A,골목상권,3110538,충정로역 3번,284,178,106,0,12,42,56,66,108,0,5,27,35,42,69,0,7,15,21,24,39
20214,A,골목상권,3110525,홍은종합사회복지관,61,17,44,0,10,12,15,10,14,0,1,3,0,4,9,0,9,9,15,6,5
20214,A,골목상권,3110515,홍은중학교,396,312,84,1,45,118,119,68,45,1,33,93,94,52,39,0,12,25,25,16,6
20214,A,골목상권,3110583,공덕래미안3차아파트,12,7,5,0,2,3,1,1,5,0,1,2,1,0,3,0,1,1,0,1,2
20214,A,골목상권,3110562,연트럴파크(연남동주민센터),426,237,189,1,73,118,96,94,44,1,29,76,55,44,32,0,44,42,41,50,12
20214,R,전통시장,3130192,동진시장,10,6,4,0,1,1,4,3,1,0,1,1,1,2,1,0,0,0,3,1,0
20214,R,전통시장,3130194,용강동 상점가,875,502,373,0,103,131,179,170,292,0,39,75,104,114,170,0,64,56,75,56,122
20214,A,골목상권,3110577,용강동주민센터,145,105,40,0,15,42,47,31,10,0,12,31,38,17,7,0,3,11,9,14,3
20214,A,골목상권,3110559,성산중학교,757,474,283,4,102,187,203,167,94,3,54,102,127,118,70,1,48,85,76,49,24
20214,R,전통시장,3130203,서서울 골목형상점가,34,7,27,0,2,7,10,12,3,0,0,0,2,4,1,0,2,7,8,8,2
20214,R,전통시장,3130204,경창시장,102,51,51,0,5,12,29,27,29,0,2,5,13,16,15,0,3,7,16,11,14
20214,A,골목상권,3110593,신월3동주민센터,304,157,147,0,38,65,76,87,38,0,12,32,45,44,24,0,26,33,31,43,14
20214,A,골목상권,3110605,목동센트럴아이파크앞,155,89,66,0,15,22,26,47,45,0,5,15,11,27,31,0,10,7,15,20,14
20214,A,골목상권,3110634,송정역 3번,664,434,230,0,64,143,178,145,134,0,33,90,116,101,94,0,31,53,62,44,40
20214,D,발달상권,3120116,송정역,117,64,53,0,17,27,28,20,25,0,9,11,15,10,19,0,8,16,13,10,6
20214,A,골목상권,3110637,송정역 2번,560,358,202,4,67,121,116,154,98,0,34,74,81,100,69,4,33,47,35,54,29
20214,A,골목상권,3110644,신광명마을,336,288,48,1,26,28,58,105,118,1,8,17,51,97,114,0,18,11,7,8,4
20214,A,골목상권,3110673,뜸부기어린이공원,253,143,110,0,37,52,62,64,38,0,21,29,31,34,28,0,16,23,31,30,10
20214,A,골목상권,3110717,남구로역 2번,570,271,299,0,108,155,142,104,61,0,49,84,75,34,29,0,59,71,67,70,32
20214,R,전통시장,3130225,개봉중앙시장,147,59,88,0,15,21,39,44,28,0,3,4,19,22,11,0,12,17,20,22,17
20214,A,골목상권,3110704,고척중학교,62,36,26,0,12,23,10,12,5,0,7,12,3,11,3,0,5,11,7,1,2
20214,A,골목상권,3110711,구로초등학교,815,329,486,4,62,122,165,287,175,2,26,70,81,74,76,2,36,52,84,213,99
20214,A,골목상권,3110719,영서중학교,19,15,4,0,0,4,2,3,10,0,0,2,2,3,8,0,0,2,0,0,2
20214,D,발달상권,3120127,구로구청,5871,3858,2013,6,600,1211,1435,1436,1183,5,362,967,1048,802,674,1,238,244,387,634,509
20214,A,골목상권,3110681,온수역 1번,94,70,24,0,6,30,30,17,11,0,5,22,21,12,10,0,1,8,9,5,1
20214,A,골목상권,3110686,수궁동주민센터,406,211,195,0,34,67,104,115,86,0,16,31,64,55,45,0,18,36,40,60,41
20214,A,골목상권,3110724,금천구립가산도서관,364,254,110,1,42,76,120,89,36,1,33,60,90,45,25,0,9,16,30,44,11
20214,A,골목상권,3110737,금천세무서,502,323,179,8,77,85,96,116,120,0,28,49,51,91,104,8,49,36,45,25,16
20214,A,골목상권,3110751,난곡중학교,733,399,334,2,48,217,242,177,47,2,21,117,128,91,40,0,27,100,114,86,7
20214,R,전통시장,3130238,은행나무시장,113,71,42,0,22,24,31,22,14,0,13,16,22,14,6,0,9,8,9,8,8
20214,A,골목상권,3110770,영등포구청역 6번,263,191,72,1,45,49,77,45,46,1,24,41,54,28,43,0,21,8,23,17,3
20214,A,골목상권,3110774,당산반도유보라팰리스아파트,472,355,117,0,59,119,131,96,67,0,34,81,109,80,51,0,25,38,22,16,16
20214,A,골목상권,3110784,신대림초등학교,76,42,34,0,3,11,18,36,8,0,0,7,12,18,5,0,3,4,6,18,3
20214,D,발달상권,3120142,대림역,1551,846,705,2,234,279,348,384,304,0,69,143,190,230,214,2,165,136,158,154,90
20214,A,골목상권,3110790,대림1동주민센터,741,337,404,1,74,163,282,161,60,1,46,71,89,77,53,0,28,92,193,84,7
20214,A,골목상권,3110767,도림동주민센터,11,0,11,0,4,3,3,1,0,0,0,0,0,0,0,0,4,3,3,1,0
20214,R,전통시장,3130243,도림시장,7,5,2,0,0,1,4,0,2,0,0,1,3,0,1,0,0,0,1,0,1
20214,A,골목상권,3110816,대방역 6번,517,401,116,1,72,136,153,67,88,1,49,108,114,49,80,0,23,28,39,18,8
20214,A,골목상권,3110795,도림초등학교,533,356,177,0,20,49,80,128,256,0,8,36,48,74,190,0,12,13,32,54,66
20214,A,골목상권,3110805,신길새마을금고신길4동지점,45,27,18,0,6,12,12,8,7,0,2,7,6,5,7,0,4,5,6,3,0
20214,A,골목상권,3110797,KT대방빌딩,47,8,39,1,6,8,12,10,10,0,0,0,1,2,5,1,6,8,11,8,5
20214,D,발달상권,3120147,보라매역,1947,1238,709,5,286,452,370,367,467,2,93,310,249,264,320,3,193,142,121,103,147
20214,A,골목상권,3110760,선유도역 6번,1792,1091,701,8,273,444,499,376,192,6,170,256,275,219,165,2,103,188,224,157,27
20214,D,발달상권,3120149,여의도역(여의도),69255,45888,23367,184,11383,22550,19240,12096,3802,34,5884,14085,14147,9350,2388,150,5499,8465,5093,2746,1414
20214,D,발달상권,3120148,국회의사당역(국회의사당),31135,19451,11684,82,6815,10231,7641,4493,1873,27,3082,6187,5424,3397,1334,55,3733,4044,2217,1096,539
20214,R,전통시장,3130248,영등포역지하도상점가,69,35,34,0,9,26,17,14,3,0,6,13,9,4,3,0,3,13,8,10,0
20214,A,골목상권,3110829,장승배기역 5번,534,416,118,0,195,137,78,52,72,0,177,106,49,39,45,0,18,31,29,13,27
20214,A,골목상권,3110848,양지어린이공원,486,307,179,0,36,68,152,132,98,0,6,39,85,93,84,0,30,29,67,39,14
20214,R,전통시장,3130271,남성역골목시장,467,268,199,1,36,33,39,47,311,1,12,20,22,16,197,0,24,13,17,31,114
20214,A,골목상권,3110837,숭실대입구역 1번,360,184,176,1,39,72,80,79,89,0,19,29,39,32,65,1,20,43,41,47,24
20214,R,전통시장,3130262,상도도깨비 골목형상점가,21,13,8,0,0,4,10,4,3,0,0,4,6,1,2,0,0,0,4,3,1
20214,A,골목상권,3110825,신대방삼거리역 1번,319,207,112,0,33,63,96,72,55,0,23,41,58,47,38,0,10,22,38,25,17
20214,R,전통시장,3130261,성대전통시장(성대시장),211,104,107,0,15,47,61,61,27,0,4,26,33,23,18,0,11,21,28,38,9
20214,R,전통시장,3130264,상도약수골목형상점가,65,35,30,1,14,8,15,20,7,0,4,3,9,12,7,1,10,5,6,8,0
20214,A,골목상권,3110823,신대방삼거리역 3번,472,242,230,0,30,45,83,121,193,0,17,26,40,42,117,0,13,19,43,79,76
20214,A,골목상권,3110844,흑석2치안센터,11,7,4,0,2,2,4,0,3,0,1,2,2,0,2,0,1,0,2,0,1
20214,R,전통시장,3130282,난곡 골목형상점가,20,8,12,0,4,2,10,4,0,0,2,1,4,1,0,0,2,1,6,3,0
20214,A,골목상권,3110865,남강고등학교(남강중학교),270,116,154,4,57,53,59,61,36,2,10,23,23,31,27,2,47,30,36,30,9
20214,A,골목상권,3110902,사당역 4번,1184,729,455,1,189,266,295,248,185,0,82,168,204,156,119,1,107,98,91,92,66
20214,A,골목상권,3110887,서울산업정보학교(서울삼성초등학교),12,5,7,0,1,3,4,4,0,0,0,0,1,4,0,0,1,3,3,0,0
20214,A,골목상권,3110860,호림박물관(성보고등학교),410,314,96,1,57,102,66,110,74,1,44,84,47,78,60,0,13,18,19,32,14
20214,A,골목상권,3110883,은천초등학교(은천교앞),208,124,84,2,21,43,70,48,24,1,12,25,42,28,16,1,9,18,28,20,8
20214,R,전통시장,3130288,신림현대종합상가,2,0,2,0,1,1,0,0,0,0,0,0,0,0,0,0,1,1,0,0,0
20214,A,골목상권,3110894,관악동부센트레빌아파트(은천로35라길),20,8,12,0,2,4,3,6,5,0,0,2,1,2,3,0,2,2,2,4,2
20214,A,골목상권,3110869,"신림역 5번(신림동주민센터, 신림동별빛거리)",1026,681,345,1,79,136,248,233,329,1,36,73,143,155,273,0,43,63,105,78,56
20214,A,골목상권,3110877,신림역 8번,319,154,165,2,23,63,86,80,65,0,10,30,36,39,39,2,13,33,50,41,26
20214,R,전통시장,3130289,봉일시장,36,20,16,1,1,2,5,14,13,0,0,1,5,3,11,1,1,1,0,11,2
20214,A,골목상권,3110853,KT구로지사,217,130,87,0,21,49,65,51,31,0,9,27,44,28,22,0,12,22,21,23,9
20214,A,골목상권,3110897,서울대입구역 8번,219,139,80,0,16,45,69,64,25,0,7,24,40,44,24,0,9,21,29,20,1
20214,D,발달상권,3120167,고속터미널(고속터미널역),6925,4543,2382,24,790,1577,1689,1525,1320,10,416,1110,1328,1046,633,14,374,467,361,479,687
20214,A,골목상권,3110924,반포4동주민센터(몽마르뜨공원),1071,732,339,5,171,236,323,252,84,1,78,150,243,200,60,4,93,86,80,52,24
20214,A,골목상권,3110922,내방역 1번,219,112,107,1,42,47,47,42,40,0,13,23,27,23,26,1,29,24,20,19,14
20214,A,골목상권,3110909,남태령역(서울전자고등학교),132,97,35,1,11,29,23,34,34,1,4,19,16,29,28,0,7,10,7,5,6
20214,D,발달상권,3120163,사당역 11번(사당역먹자골목),491,290,201,0,55,119,99,86,132,0,28,73,57,50,82,0,27,46,42,36,50
20214,A,골목상권,3110929,남부터미널역 1번,21130,10703,10427,21,4446,4558,3912,7143,1050,4,1209,1890,1718,5123,759,17,3237,2668,2194,2020,291
20214,D,발달상권,3120168,서울고교교차로,794,492,302,1,124,237,200,130,102,0,48,130,143,98,73,1,76,107,57,32,29
20214,R,전통시장,3130301,양재시장,89,47,42,0,24,20,24,9,12,0,7,13,15,4,8,0,17,7,9,5,4
20214,A,골목상권,3110946,청계산원터골,41,21,20,0,2,4,8,13,14,0,2,2,6,3,8,0,0,2,2,10,6
20214,A,골목상권,3110980,개포지구대옆,663,482,181,0,90,198,202,111,62,0,45,142,168,72,55,0,45,56,34,39,7
20214,D,발달상권,3120207,선정릉역,11920,7343,4577,32,2669,4154,2699,1509,857,16,1106,2428,1922,1135,736,16,1563,1726,777,374,121
20214,D,발달상권,3120218,코엑스,290,54,236,0,116,103,58,13,0,0,13,16,16,9,0,0,103,87,42,4,0
20214,D,발달상권,3120186,가로수길,6518,3580,2938,19,1316,2133,1570,895,585,5,447,1174,950,573,431,14,869,959,620,322,154
20214,A,골목상권,3110951,신사은행나무공원,267,70,197,0,35,83,95,47,7,0,6,24,26,12,2,0,29,59,69,35,5
20214,R,전통시장,3130306,강남언주로,235,151,84,2,48,48,63,45,29,2,27,34,47,23,18,0,21,14,16,22,11
20214,D,발달상권,3120208,청담사거리(청담동명품거리),11437,5280,6157,43,3488,4035,2275,1044,552,17,1116,1816,1308,628,395,26,2372,2219,967,416,157
20214,D,발달상권,3120214,영동대교남단교차로,3984,2897,1087,7,489,1172,1107,929,280,3,271,811,865,753,194,4,218,361,242,176,86
20214,A,골목상권,3111024,경찰병원역 4번(건너말공원),240,150,90,0,27,53,63,68,29,0,16,33,45,35,21,0,11,20,18,33,8
20214,A,골목상권,3111046,마천역(마천초등학교),708,400,308,1,76,146,171,195,119,0,46,85,84,95,90,1,30,61,87,100,29
20214,A,골목상권,3111044,남천초등학교,557,264,293,1,95,146,167,113,35,0,35,71,76,56,26,1,60,75,91,57,9
20214,A,골목상권,3111019,한성백제역 3번,1458,963,495,2,199,428,415,246,168,2,101,294,294,157,115,0,98,134,121,89,53
20214,A,골목상권,3111007,석촌고분역 4번,936,480,456,0,107,215,255,242,117,0,43,116,142,109,70,0,64,99,113,133,47
20214,A,골목상권,3111004,삼전역 1번,2036,1331,705,13,263,407,504,376,473,0,108,261,337,239,386,13,155,146,167,137,87
20214,A,골목상권,3111033,문정동성당,70,30,40,0,5,4,16,16,29,0,2,3,8,9,8,0,3,1,8,7,21
20214,A,골목상권,3111018,풍납초등학교(풍납백제문화공원),26,23,3,0,1,5,10,6,4,0,1,4,8,6,4,0,0,1,2,0,0
20214,A,골목상권,3111078,굽은다리역 4번,1753,1022,731,1,135,300,379,488,450,1,75,186,215,270,275,0,60,114,164,218,175
20214,A,골목상권,3111082,중앙보훈병원,64,44,20,0,3,9,11,23,18,0,1,3,5,18,17,0,2,6,6,5,1
20214,A,골목상권,3111086,한영중고,297,202,95,1,27,45,73,101,50,1,17,22,52,69,41,0,10,23,21,32,9
20214,A,골목상권,3111051,천호역 6번,394,242,152,2,65,77,85,88,77,1,44,54,54,47,42,1,21,23,31,41,35
20214,A,골목상권,3111064,둔촌동역 4번,157,98,59,0,13,34,47,40,23,0,3,21,30,28,16,0,10,13,17,12,7
20214,A,골목상권,3111070,천호초등학교,121,70,51,1,7,20,39,27,27,0,3,9,23,16,19,1,4,11,16,11,8
20214,A,골목상권,3111057,천호공원(해공체육문화센터),254,112,142,2,53,50,64,60,25,2,15,19,30,32,14,0,38,31,34,28,11
20231,D,발달상권,3120180,양재화물트럭터미널앞,2562,2146,416,13,637,812,554,409,137,10,466,711,481,363,115,3,171,101,73,46,22
20231,A,골목상권,3110600,신월7동주민센터,350,263,87,0,32,30,66,101,121,0,17,14,38,79,115,0,15,16,28,22,6
20231,R,전통시장,3130169,대조시장,67,31,36,0,5,11,21,23,7,0,1,3,11,11,5,0,4,8,10,12,2
20231,A,골목상권,3110168,대원고등학교,524,374,150,0,64,95,121,160,84,0,36,69,87,110,72,0,28,26,34,50,12
20231,A,골목상권,3110094,오산중학교,26,12,14,0,0,1,4,13,8,0,0,0,2,6,4,0,0,1,2,7,4
20231,A,골목상권,3110097,한남초등학교,7,4,3,0,2,3,2,0,0,0,0,2,2,0,0,0,2,1,0,0,0
20231,A,골목상권,3110319,종암동주민센터,454,111,343,1,46,51,89,146,121,0,8,19,24,32,28,1,38,32,65,114,93
20231,A,골목상권,3110819,신대방역 4번,456,226,230,0,62,93,114,73,114,0,14,33,50,48,81,0,48,60,64,25,33
20242,R,전통시장,3130173,백련시장,5,3,2,0,0,1,0,2,2,0,0,1,0,0,2,0,0,0,0,2,0
20231,R,전통시장,3130209,목사랑시장(목4동시장),113,62,51,0,7,15,23,43,25,0,2,13,10,20,17,0,5,2,13,23,8
20231,A,골목상권,3110102,옥수역 6번,175,116,59,0,22,39,48,41,25,0,11,21,31,31,22,0,11,18,17,10,3
20231,A,골목상권,3110887,서울산업정보학교(서울삼성초등학교),12,5,7,0,1,3,4,4,0,0,0,0,1,4,0,0,1,3,3,0,0
20242,R,전통시장,3130060,신흥시장,4,1,3,0,0,2,0,2,0,0,0,1,0,0,0,0,0,1,0,2,0
20232,R,전통시장,3130151,신도봉시장,5,5,0,0,1,0,2,2,0,0,1,0,2,2,0,0,0,0,0,0,0
20232,A,골목상권,3110412,창동중학교,25,23,2,0,4,7,3,4,7,0,3,7,3,3,7,0,1,0,0,1,0
20232,A,골목상권,3110620,목동보건지소,458,241,217,4,51,85,105,125,88,4,20,48,50,65,54,0,31,37,55,60,34
20232,R,전통시장,3130201,월정로시장,27,17,10,0,2,8,10,7,0,0,0,7,6,4,0,0,2,1,4,3,0
20232,R,전통시장,3130260,신대방1동골목상권,70,31,39,0,8,22,15,15,10,0,0,7,7,10,7,0,8,15,8,5,3
20232,A,골목상권,3110745,독산동정훈단지,251,191,60,0,11,20,33,86,101,0,3,12,22,64,90,0,8,8,11,22,11
20241,R,전통시장,3130226,고척프라자,2,2,0,0,1,1,0,0,0,0,1,1,0,0,0,0,0,0,0,0,0
20232,D,발달상권,3120049,왕십리역(왕십리),1459,1004,455,1,183,301,377,468,129,1,92,187,272,371,81,0,91,114,105,97,48
20232,A,골목상권,3110628,신목동역,469,307,162,0,52,85,114,113,105,0,28,56,79,85,59,0,24,29,35,28,46
20232,R,전통시장,3130011,충신시장,88,44,44,0,19,19,20,17,13,0,7,11,8,8,10,0,12,8,12,9,3
20232,A,골목상권,3110015,청와대사랑채,578,345,233,0,64,147,166,126,75,0,16,63,110,91,65,0,48,84,56,35,10
20232,A,골목상권,3111028,문현중학교(장지역 1번),424,194,230,0,54,66,132,116,56,0,29,36,49,50,30,0,25,30,83,66,26
20232,A,골목상권,3111087,고덕중학교(고덕2동주민센터),197,89,108,0,26,46,62,36,27,0,5,21,26,17,20,0,21,25,36,19,7
20241,R,전통시장,3130233,남문시장,76,47,29,0,5,8,18,22,23,0,2,3,9,12,21,0,3,5,9,10,2
20232,A,골목상권,3110374,송중초등학교,491,272,219,5,33,60,145,140,108,5,9,29,73,70,86,0,24,31,72,70,22
20232,A,골목상권,3110889,봉천역 6번,376,317,59,0,29,36,69,136,106,0,18,20,47,130,102,0,11,16,22,6,4
20232,A,골목상권,3110026,종로5가역 4번,190,120,70,0,22,41,73,27,27,0,9,28,47,14,22,0,13,13,26,13,5
20241,R,전통시장,3130266,만양로상점가,2,1,1,0,0,0,2,0,0,0,0,0,1,0,0,0,0,0,1,0,0
20232,D,발달상권,3120130,구로디지털단지역,1136,620,516,1,169,376,236,212,142,0,59,208,125,125,103,1,110,168,111,87,39
20232,A,골목상권,3110262,상봉역 3번,1530,878,652,2,221,447,542,268,50,0,119,337,281,107,34,2,102,110,261,161,16
20231,A,골목상권,3110916,내방역 4번,1152,592,560,9,216,272,301,208,146,6,58,167,187,91,83,3,158,105,114,117,63
20231,A,골목상권,3110914,내방역 6번,146,116,30,0,26,31,37,26,26,0,17,26,26,24,23,0,9,5,11,2,3
20231,A,골목상권,3110919,내방역 8번,1289,936,353,3,122,279,365,332,188,1,51,165,297,279,143,2,71,114,68,53,45
20231,D,발달상권,3120179,양재역,20226,15999,4227,55,2836,6941,4949,3795,1650,32,1949,5811,4124,2895,1188,23,887,1130,825,900,462
20231,A,골목상권,3110981,국악고교사거리,361,216,145,2,57,77,110,81,34,0,27,36,72,56,25,2,30,41,38,25,9
20231,D,발달상권,3120191,학동역,13888,8123,5765,40,2898,3769,2969,1869,2343,17,1128,2152,2012,1134,1680,23,1770,1617,957,735,663
20231,A,골목상권,3110952,논현목련공원,117,65,52,0,21,23,27,22,24,0,9,13,13,14,16,0,12,10,14,8,8
20241,R,전통시장,3130002,세종마을음식문화거리(금천교시장),564,392,172,4,56,109,120,121,154,0,26,74,75,90,127,4,30,35,45,31,27
20231,D,발달상권,3120008,인사동,22070,13019,9051,1263,7895,5069,3940,2756,1147,589,4005,3077,2666,2006,676,674,3890,1992,1274,750,471
20231,R,전통시장,3130012,"동대문종합시장(동대문종합시장 신관, 동대문종합시장D동상가)",1319,965,354,2,156,325,348,339,149,0,116,251,238,247,113,2,40,74,110,92,36
20231,A,골목상권,3110026,종로5가역 4번,190,120,70,0,22,41,73,27,27,0,9,28,47,14,22,0,13,13,26,13,5
20231,R,전통시장,3130014,동문시장,17,8,9,0,0,6,4,4,3,0,0,2,1,3,2,0,0,4,3,1,1
20231,R,전통시장,3130015,창신골목시장,22,12,10,0,0,2,8,9,3,0,0,2,6,2,2,0,0,0,2,7,1
20231,A,골목상권,3110031,창신역 1번,72,57,15,0,11,17,12,21,11,0,8,11,11,17,10,0,3,6,1,4,1
20231,A,골목상권,3110016,평창동동측,2303,1051,1252,9,318,614,663,433,266,4,126,304,354,163,100,5,192,310,309,270,166
20231,A,골목상권,3110020,서울국제고등학교,593,291,302,1,141,279,101,49,22,1,41,139,70,26,14,0,100,140,31,23,8
20231,A,골목상권,3110048,장충동주민센터,5315,2706,2609,21,867,1339,1513,1367,208,5,338,768,756,707,132,16,529,571,757,660,76
20231,A,골목상권,3110046,버티고개,104,74,30,0,6,23,40,28,7,0,3,17,28,20,6,0,3,6,12,8,1
20231,A,골목상권,3110047,다산성곽길,160,89,71,0,36,43,36,27,18,0,23,29,21,7,9,0,13,14,15,20,9
20241,A,골목상권,3110013,체부동홍종문가옥,125,71,54,0,8,28,31,26,32,0,2,11,18,14,26,0,6,17,13,12,6
20241,R,전통시장,3130020,동묘시장(동묘벼룩시장),407,177,230,5,154,93,73,58,24,5,43,31,45,32,21,0,111,62,28,26,3
20241,R,전통시장,3130005,세운상가가동,133,93,40,0,7,34,35,21,36,0,5,23,28,8,29,0,2,11,7,13,7
20241,D,발달상권,3120010,원남동사거리,4095,2287,1808,50,1544,1304,651,377,169,2,585,792,484,292,132,48,959,512,167,85,37
20241,D,발달상권,3120016,동대문역,182,115,67,1,10,24,42,40,65,0,6,12,20,28,49,1,4,12,22,12,16
20241,A,골목상권,3110030,동대문역 3번,7,3,4,0,2,2,2,1,0,0,0,2,1,0,0,0,2,0,1,1,0
20241,A,골목상권,3110022,경신고등학교,506,385,121,11,133,157,117,54,34,10,99,119,89,42,26,1,34,38,28,12,8
20241,A,골목상권,3110020,서울국제고등학교,593,291,302,1,141,279,101,49,22,1,41,139,70,26,14,0,100,140,31,23,8
20241,D,발달상권,3120035,퇴계로5가,2257,1368,889,7,650,570,525,321,184,3,282,379,388,200,116,4,368,191,137,121,68
20241,A,골목상권,3110048,장충동주민센터,5315,2706,2609,21,867,1339,1513,1367,208,5,338,768,756,707,132,16,529,571,757,660,76
20241,D,발달상권,3120038,약수역,2299,1362,937,7,436,740,580,324,212,1,189,452,383,196,141,6,247,288,197,128,71
20241,R,전통시장,3130051,동화동 골목형상점가,391,156,235,1,82,94,98,66,50,1,18,25,43,36,33,0,64,69,55,30,17
20241,R,전통시장,3130054,황학동주방가구거리상점가,374,266,108,0,25,80,116,106,47,0,18,60,77,74,37,0,7,20,39,32,10
20241,A,골목상권,3110043,충무초등학교,1202,670,532,12,212,307,331,223,117,7,97,155,169,152,90,5,115,152,162,71,27
20241,A,골목상권,3110054,청구역 3번,1542,854,688,3,259,378,315,340,247,1,90,204,220,215,124,2,169,174,95,125,123
20241,R,전통시장,3130055,"황학시장(서울중앙시장, 신중앙시장)",203,117,86,0,24,49,47,52,31,0,12,25,24,32,24,0,12,24,23,20,7
20241,A,골목상권,3110074,서울역 12번,8149,1751,6398,152,5985,1340,330,181,161,9,598,652,233,134,125,143,5387,688,97,47,36
20241,R,전통시장,3130062,보광시장,39,16,23,0,1,7,11,15,5,0,0,3,4,6,3,0,1,4,7,9,2
20241,R,전통시장,3130056,용산용문시장,65,34,31,0,7,15,18,10,15,0,4,6,7,6,11,0,3,9,11,4,4
20241,A,골목상권,3110084,경리단길북측,315,168,147,0,47,85,84,57,42,0,23,36,39,36,34,0,24,49,45,21,8
20241,A,골목상권,3110579,마포역 4번,750,563,187,2,54,162,247,219,66,1,37,124,188,165,48,1,17,38,59,54,18
20241,R,전통시장,3130058,이촌종합시장,109,78,31,0,13,19,25,26,26,0,7,12,15,21,23,0,6,7,10,5,3
20241,A,골목상권,3110059,새남터성지,385,307,78,0,38,71,113,138,25,0,21,48,99,124,15,0,17,23,14,14,10
20241,R,전통시장,3130057,만리시장,12,9,3,0,0,2,1,4,5,0,0,1,1,3,4,0,0,1,0,1,1
20241,A,골목상권,3110073,삼각지역 3번,7975,2387,5588,56,2508,2886,1913,505,107,25,861,919,424,119,39,31,1647,1967,1489,386,68
20241,D,발달상권,3120047,한남오거리,2290,1458,832,11,366,751,623,343,196,9,152,461,438,249,149,2,214,290,185,94,47
20241,A,골목상권,3110097,한남초등학교,7,4,3,0,2,3,2,0,0,0,0,2,2,0,0,0,2,1,0,0,0
20241,A,골목상권,3110109,금호삼성래미안아파트,92,39,53,0,7,10,12,42,21,0,2,6,3,15,13,0,5,4,9,27,8
20241,A,골목상권,3110108,성동구립금호도서관,6,1,5,0,0,1,4,1,0,0,0,0,0,1,0,0,0,1,4,0,0
20241,D,발달상권,3120048,금호역,76,28,48,0,16,10,18,21,11,0,2,2,6,11,7,0,14,8,12,10,4
20241,D,발달상권,3120050,서울숲역,212,159,53,0,33,40,60,52,27,0,19,30,47,41,22,0,14,10,13,11,5
20241,A,골목상권,3110138,송정체육공원,160,79,81,0,15,27,53,41,24,0,4,12,21,23,19,0,11,15,32,18,5
20241,A,골목상권,3110118,왕십리역 9번,697,487,210,1,90,182,204,129,91,0,62,110,144,93,78,1,28,72,60,36,13
20241,A,골목상권,3110178,장로회신학대학교,165,108,57,0,21,38,33,47,26,0,13,31,16,34,14,0,8,7,17,13,12
20241,A,골목상권,3110174,아차산역 1번,432,305,127,1,49,80,115,104,83,1,25,57,76,69,77,0,24,23,39,35,6
20241,D,발달상권,3120054,어린이대공원역,1196,805,391,0,61,141,304,441,249,0,17,79,201,322,186,0,44,62,103,119,63
20241,A,골목상권,3110147,능동우편취급국,815,464,351,4,120,172,160,137,222,2,56,88,104,77,137,2,64,84,56,60,85
20241,A,골목상권,3110164,아차산역 5번,731,494,237,3,111,126,143,164,184,0,61,77,101,112,143,3,50,49,42,52,41
20241,A,골목상권,3110159,구의역 4번,663,391,272,1,125,115,158,132,132,1,58,62,85,87,98,0,67,53,73,45,34
20241,A,골목상권,3110171,중곡4동주민센터,59,36,23,0,4,8,7,22,18,0,1,2,3,15,15,0,3,6,4,7,3
20241,A,골목상권,3110231,장안교,11,8,3,0,0,1,4,5,1,0,0,1,3,4,0,0,0,0,1,1,1
20241,A,골목상권,3110206,텃골근린공원,92,37,55,0,8,14,25,24,21,0,4,7,8,8,10,0,4,7,17,16,11
20241,A,골목상권,3110207,시립대앞사거리,33,21,12,0,4,10,6,5,8,0,2,8,3,3,5,0,2,2,3,2,3
20241,A,골목상권,3110216,전농중학교,208,68,140,1,32,48,62,50,15,1,11,14,18,18,6,0,21,34,44,32,9
20241,R,전통시장,3130087,경동광성상가(경동시장),28,20,8,0,5,3,8,7,5,0,3,2,6,5,4,0,2,1,2,2,1
20241,A,골목상권,3110198,동대문중앙새마을금고본점,67,26,41,0,1,0,18,37,11,0,0,0,8,10,8,0,1,0,10,27,3
20241,A,골목상권,3110265,망우역 1번,198,91,107,1,23,43,54,57,20,0,7,18,21,32,13,1,16,25,33,25,7
20241,A,골목상권,3110253,중곡초등학교,181,106,75,0,31,31,44,49,26,0,10,17,23,35,21,0,21,14,21,14,5
20241,A,골목상권,3110249,중화역 1번,764,479,285,0,68,129,205,203,159,0,31,61,105,139,143,0,37,68,100,64,16
20241,D,발달상권,3120069,상봉역,1012,728,284,3,69,146,222,270,302,1,40,71,131,216,269,2,29,75,91,54,33
20241,A,골목상권,3110267,망우역 2번,139,49,90,1,15,28,50,28,17,1,2,10,19,13,4,0,13,18,31,15,13
20241,A,골목상권,3110276,신내IC북측,29,18,11,0,1,4,8,9,7,0,0,3,5,6,4,0,1,1,3,3,3
20241,A,골목상권,3110234,중랑역 4번,96,41,55,0,15,16,23,25,17,0,2,5,10,14,10,0,13,11,13,11,7
20241,A,골목상권,3110238,배꽃어린이공원,66,48,18,0,6,7,15,23,15,0,4,5,9,15,15,0,2,2,6,8,0
20241,A,골목상권,3110299,정릉역 1번,372,241,131,1,33,49,83,95,111,0,9,12,40,74,106,1,24,37,43,21,5
20241,A,골목상권,3110300,삼선동주민센터,2735,1587,1148,3,248,710,769,844,161,2,97,300,444,629,115,1,151,410,325,215,46
20241,A,골목상권,3110296,성신여대입구역 4번,77,39,38,1,7,12,30,11,16,1,3,7,15,8,5,0,4,5,15,3,11
20241,D,발달상권,3120070,한성대입구역,466,180,286,2,83,69,78,113,121,2,21,31,37,38,51,0,62,38,41,75,70
20241,R,전통시장,3130120,돈암시장(돈암제일시장),99,23,76,1,20,20,25,18,15,0,0,2,7,8,6,1,20,18,18,10,9
20241,A,골목상권,3110293,삼선중학교,1730,860,870,4,248,467,527,319,165,3,116,277,268,111,85,1,132,190,259,208,80
20241,A,골목상권,3110323,상월곡역 1번,109,30,79,2,25,24,28,18,12,0,4,5,11,5,5,2,21,19,17,13,7
20241,R,전통시장,3130125,장위전통시장,40,20,20,0,5,6,7,8,14,0,0,2,5,5,8,0,5,4,2,3,6
20241,A,골목상권,3110332,돌곶이역 3번,164,63,101,0,28,29,42,47,18,0,6,18,19,14,6,0,22,11,23,33,12
20241,A,골목상권,3110314,종암경찰서,949,699,250,1,127,271,223,286,41,0,72,206,162,231,28,1,55,65,61,55,13
20241,A,골목상권,3110354,삼각산119안전센터,22,5,17,0,2,3,10,5,2,0,0,0,2,1,2,0,2,3,8,4,0
20241,A,골목상권,3110370,도봉세무서,367,255,112,0,17,61,76,105,108,0,11,31,42,80,91,0,6,30,34,25,17
20241,A,골목상권,3110356,덕수교,228,114,114,0,13,34,55,60,66,0,4,17,22,30,41,0,9,17,33,30,25
20241,A,골목상권,3110339,국립4.19민주묘지,11,6,5,0,2,2,5,0,2,0,0,2,3,0,1,0,2,0,2,0,1
20241,A,골목상권,3110405,방학역 1번,1123,365,758,3,130,176,308,427,79,3,67,109,82,70,34,0,63,67,226,357,45
20241,A,골목상권,3110413,누원고등학교,54,33,21,0,8,11,12,11,12,0,5,8,5,5,10,0,3,3,7,6,2
20241,A,골목상권,3110382,솔밭공원역 1번,32,25,7,0,1,9,8,7,7,0,0,5,6,7,7,0,1,4,2,0,0
20241,R,전통시장,3130144,백운시장,21,14,7,0,0,1,7,8,5,0,0,0,5,4,5,0,0,1,2,4,0
20241,A,골목상권,3110400,도봉구보건소,191,111,80,0,20,35,53,51,32,0,9,22,32,26,22,0,11,13,21,25,10
20241,R,전통시장,3130146,쌍문시장(쌍문역골목시장),263,124,139,0,29,33,54,80,67,0,10,12,28,32,42,0,19,21,26,48,25
20241,D,발달상권,3120079,창동역,1326,796,530,0,151,232,320,304,319,0,54,108,172,195,267,0,97,124,148,109,52
20241,A,골목상권,3110429,공릉동 국수거리,2074,916,1158,3,224,284,511,689,363,1,91,167,248,234,175,2,133,117,263,455,188
20241,D,발달상권,3120084,공릉역,712,546,166,3,33,59,110,240,267,1,11,22,63,205,244,2,22,37,47,35,23
20241,A,골목상권,3110425,계상초등학교,136,59,77,2,18,12,36,40,28,2,5,7,19,15,11,0,13,5,17,25,17
20241,A,골목상권,3110437,당고개역 2번,116,40,76,0,16,23,25,41,11,0,5,11,9,10,5,0,11,12,16,31,6
20241,A,골목상권,3110428,상계5동주민센터,491,217,274,1,43,52,106,158,131,0,14,25,45,70,63,1,29,27,61,88,68
20241,D,발달상권,3120082,상계백병원,389,127,262,0,81,95,109,69,35,0,19,18,34,38,18,0,62,77,75,31,17
20241,A,골목상권,3110420,광운대역 1번,796,472,324,7,233,310,184,40,22,0,114,234,89,21,14,7,119,76,95,19,8
20241,A,골목상권,3110414,장석교회,66,51,15,0,7,16,15,20,8,0,5,13,11,17,5,0,2,3,4,3,3
20241,A,골목상권,3110436,상계제일중학교,93,60,33,0,15,21,33,20,4,0,5,13,23,15,4,0,10,8,10,5,0
20241,A,골목상권,3110458,선일여고,385,200,185,0,32,79,94,119,61,0,19,46,47,52,36,0,13,33,47,67,25
20241,A,골목상권,3110457,예일여고,482,283,199,1,60,88,88,132,113,0,27,46,47,71,92,1,33,42,41,61,21
20241,D,발달상권,3120091,본서부병원,516,192,324,1,51,69,119,165,111,0,20,28,51,55,38,1,31,41,68,110,73
20241,A,골목상권,3110476,역촌역 2번,56,26,30,0,2,8,22,17,7,0,1,3,9,7,6,0,1,5,13,10,1
20241,A,골목상권,3110491,불광중학교,43,14,29,0,3,5,13,9,13,0,1,1,5,3,4,0,2,4,8,6,9
20241,D,발달상권,3120087,응암역,425,258,167,0,45,82,110,105,83,0,17,49,75,59,58,0,28,33,35,46,25
20241,A,골목상권,3110445,덕산중학교,71,53,18,0,18,15,16,8,14,0,10,9,13,7,14,0,8,6,3,1,0
20241,A,골목상권,3110448,상신초등학교입구,120,76,44,1,20,27,26,26,20,1,17,17,12,14,15,0,3,10,14,12,5
20241,A,골목상권,3110470,신진과학기술고등학교,93,65,28,0,7,17,34,25,10,0,5,10,26,19,5,0,2,7,8,6,5
20241,A,골목상권,3110499,연가초등학교,263,119,144,0,42,42,74,65,40,0,8,20,31,35,25,0,34,22,43,30,15
20241,R,전통시장,3130165,"대림골목시장(대림시장, 양지시장)",214,34,180,0,20,45,56,62,31,0,1,7,5,11,10,0,19,38,51,51,21
20241,A,골목상권,3110498,증산역 1번,222,102,120,0,15,32,75,68,32,0,7,9,31,32,23,0,8,23,44,36,9
20241,R,전통시장,3130161,증산종합시장,8,5,3,0,0,1,2,2,3,0,0,0,1,2,2,0,0,1,1,0,1
20241,A,골목상권,3110494,증산3교남측,31,24,7,0,1,8,7,9,6,0,0,7,5,7,5,0,1,1,2,2,1
20241,A,골목상권,3110533,충정로역 7번,22,11,11,0,5,5,3,5,4,0,0,2,2,4,3,0,5,3,1,1,1
20241,R,전통시장,3130179,"이화여대 3,5,7길 상점가",147,65,82,3,34,15,41,31,23,1,12,3,14,17,18,2,22,12,27,14,5
20241,A,골목상권,3110509,연희대우아파트앞,391,210,181,0,39,105,101,88,58,0,13,52,51,53,41,0,26,53,50,35,17
20241,A,골목상권,3110511,연희초등학교,3646,3286,360,2,420,731,640,1505,348,1,355,646,532,1425,327,1,65,85,108,80,21
20241,A,골목상권,3110513,연희파출소,457,241,216,0,51,87,110,130,79,0,17,46,58,69,51,0,34,41,52,61,28
20241,A,골목상권,3110505,홍남교남측,14,9,5,0,1,0,3,7,3,0,0,0,2,5,2,0,1,0,1,2,1
20241,A,골목상권,3110536,돈의문센트레빌아파트입구,141,105,36,0,12,23,61,32,13,0,7,17,50,21,10,0,5,6,11,11,3
20241,A,골목상권,3110582,이대역 5번,56,17,39,0,6,11,16,13,10,0,0,4,4,4,5,0,6,7,12,9,5
20241,R,전통시장,3130195,도화동 상점가,1040,502,538,2,201,267,226,153,191,1,86,132,121,88,74,1,115,135,105,65,117
20241,D,발달상권,3120101,합정역,1932,1048,884,2,302,520,515,399,194,2,89,236,312,266,143,0,213,284,203,133,51
20241,A,골목상권,3110558,경성고등학교,2362,1593,769,11,308,568,571,513,391,10,153,351,408,384,287,1,155,217,163,129,104
20241,R,전통시장,3130184,마포농수산물시장,77,40,37,0,2,12,24,26,13,0,1,8,12,14,5,0,1,4,12,12,8
20241,A,골목상권,3110553,가좌역 2번,281,167,114,0,26,51,79,81,44,0,16,28,44,43,36,0,10,23,35,38,8
20241,D,발달상권,3120099,월드컵경기장역(월드컵경기장),84,57,27,0,11,20,26,14,13,0,6,16,21,7,7,0,5,4,5,7,6
20241,R,전통시장,3130193,신수시장,34,19,15,0,4,7,12,5,6,0,1,5,5,4,4,0,3,2,7,1,2
20241,A,골목상권,3110583,공덕래미안3차아파트,12,7,5,0,2,3,1,1,5,0,1,2,1,0,3,0,1,1,0,1,2
20241,R,전통시장,3130198,아현시장,203,45,158,1,51,84,52,10,5,0,8,5,26,4,2,1,43,79,26,6,3
20241,A,골목상권,3110546,양화대교북단,732,436,296,3,189,254,157,76,53,3,81,126,120,62,44,0,108,128,37,14,9
20241,A,골목상권,3110621,목동역 5번,163,78,85,0,19,44,33,45,22,0,1,21,19,23,14,0,18,23,14,22,8
20241,D,발달상권,3120112,등촌역,1633,1138,495,10,223,388,373,358,281,6,100,270,265,265,232,4,123,118,108,93,49
20241,A,골목상권,3110597,신월1동주민센터,517,302,215,0,30,68,111,150,158,0,14,36,54,84,114,0,16,32,57,66,44
20241,A,골목상권,3110593,신월3동주민센터,304,157,147,0,38,65,76,87,38,0,12,32,45,44,24,0,26,33,31,43,14
20241,R,전통시장,3130199,신월3동 골목시장,18,8,10,0,1,4,4,9,0,0,0,1,3,4,0,0,1,3,1,5,0
20241,A,골목상권,3110647,화곡역 5번,899,461,438,2,117,230,224,230,96,1,44,138,111,116,51,1,73,92,113,114,45
20241,A,골목상권,3110603,지향초등학교,187,104,83,0,12,54,55,38,28,0,5,28,33,19,19,0,7,26,22,19,9
20241,D,발달상권,3120109,서울남부지방법원,608,342,266,2,56,104,110,170,166,1,18,40,50,104,129,1,38,64,60,66,37
20241,A,골목상권,3110610,계남근린공원,126,85,41,0,5,11,41,44,25,0,3,6,28,35,13,0,2,5,13,9,12
20241,A,골목상권,3110616,양목초등학교,161,103,58,0,3,23,19,40,76,0,2,18,14,32,37,0,1,5,5,8,39
20241,A,골목상권,3110623,갈산공원,130,99,31,0,27,34,27,31,11,0,23,27,21,21,7,0,4,7,6,10,4
20241,A,골목상권,3110629,송정역 4번,190,107,83,0,26,52,54,35,23,0,9,34,28,24,12,0,17,18,26,11,11
20241,A,골목상권,3110635,공항시장역 3번,1451,391,1060,4,64,82,162,479,660,1,43,58,63,33,193,3,21,24,99,446,467
20241,A,골목상권,3110672,백석중학교,168,91,77,1,26,41,35,49,16,1,19,23,14,23,11,0,7,18,21,26,5
20241,A,골목상권,3110676,등촌역 7번,228,138,90,0,31,34,61,56,46,0,13,20,36,37,32,0,18,14,25,19,14
20241,A,골목상권,3110660,등촌3동주민센터,4614,2039,2575,10,469,707,766,1291,1371,5,197,427,424,447,539,5,272,280,342,844,832
20241,A,골목상권,3110630,공항시장역 1번,1472,1008,464,0,157,294,298,328,395,0,67,180,202,240,319,0,90,114,96,88,76
20241,A,골목상권,3110631,방화초등학교,335,161,174,2,32,63,68,100,70,2,19,34,37,37,32,0,13,29,31,63,38
20241,A,골목상권,3110649,우장산역 1번,358,191,167,0,41,91,82,93,51,0,12,49,38,59,33,0,29,42,44,34,18
20241,D,발달상권,3120121,까치산역,365,145,220,2,51,46,72,106,88,2,12,18,29,43,41,0,39,28,43,63,47
20241,A,골목상권,3110668,화곡2동주민센터,471,278,193,0,55,70,139,127,80,0,22,33,81,77,65,0,33,37,58,50,15
20241,R,전통시장,3130221,"남부골목시장(남부화곡시장, 남부시장)",188,69,119,0,22,32,50,57,27,0,5,5,15,22,22,0,17,27,35,35,5
20241,A,골목상권,3110666,KC대학교,176,60,116,0,19,35,52,57,13,0,10,10,20,13,7,0,9,25,32,44,6
20241,A,골목상권,3110669,화곡보람2차아파트,13,3,10,0,0,2,4,2,5,0,0,1,2,0,0,0,0,1,2,2,5
20241,A,골목상권,3110706,그라운드 고척,410,100,310,0,122,101,101,68,18,0,22,20,28,20,10,0,100,81,73,48,8
20241,A,골목상권,3110708,화원어린이공원,71,33,38,0,10,12,15,24,10,0,3,4,7,10,9,0,7,8,8,14,1
20241,A,골목상권,3110722,G타워,837,574,263,4,152,296,249,99,37,4,95,205,191,55,24,0,57,91,58,44,13
20241,D,발달상권,3120130,구로디지털단지역,1136,620,516,1,169,376,236,212,142,0,59,208,125,125,103,1,110,168,111,87,39
20241,A,골목상권,3110712,남구로역 5번,233,108,125,1,32,36,66,64,34,0,10,17,24,32,25,1,22,19,42,32,9
20241,A,골목상권,3110681,온수역 1번,94,70,24,0,6,30,30,17,11,0,5,22,21,12,10,0,1,8,9,5,1
20241,A,골목상권,3110680,온수역 5번(온수산업단지),901,770,131,15,129,129,157,274,197,15,105,106,127,234,183,0,24,23,30,40,14
20241,A,골목상권,3110707,구로창업지원센터,1045,760,285,4,141,266,246,253,135,3,78,195,185,186,113,1,63,71,61,67,22
20241,A,골목상권,3110730,서울축산농협 독산역지점(독산파출소),660,376,284,1,80,105,117,201,156,1,30,58,54,113,120,0,50,47,63,88,36
20241,A,골목상권,3110728,두산초등학교,4560,2778,1782,8,88,138,245,530,3551,8,64,86,123,279,2218,0,24,52,122,251,1333
20241,A,골목상권,3110736,독산119안전센터,461,199,262,0,46,55,76,118,166,0,21,32,35,42,69,0,25,23,41,76,97
20241,A,골목상권,3110755,동일여자고등학교,193,51,142,0,10,24,45,70,44,0,3,8,17,11,12,0,7,16,28,59,32
20241,R,전통시장,3130240,영등포유통상가,1400,893,507,0,128,296,347,287,342,0,68,168,226,194,237,0,60,128,121,93,105
20241,A,골목상권,3110794,영동초등학교,622,482,140,0,72,112,182,170,86,0,37,84,150,136,75,0,35,28,32,34,11
20241,D,발달상권,3120138,당산2동(영등포우체국),2754,1653,1101,23,745,579,479,488,440,15,395,347,312,309,275,8,350,232,167,179,165
20241,A,골목상권,3110779,대림갑을명가아파트,33,24,9,0,2,5,13,7,6,0,1,4,10,4,5,0,1,1,3,3,1
20241,R,전통시장,3130244,대림중앙시장,94,39,55,3,15,16,21,16,23,2,10,8,10,5,4,1,5,8,11,11,19
20241,D,발달상권,3120139,대림3동사거리,3619,2404,1215,14,423,867,992,727,596,5,220,632,783,462,302,9,203,235,209,265,294
20241,A,골목상권,3110767,도림동주민센터,11,0,11,0,4,3,3,1,0,0,0,0,0,0,0,0,4,3,3,1,0
20241,A,골목상권,3110815,공군호텔,2250,791,1459,4,426,519,477,509,315,0,88,197,168,172,166,4,338,322,309,337,149
20241,A,골목상권,3110787,신길3동주민센터,171,122,49,0,19,35,47,42,28,0,8,25,36,31,22,0,11,10,11,11,6
20241,A,골목상권,3110795,도림초등학교,533,356,177,0,20,49,80,128,256,0,8,36,48,74,190,0,12,13,32,54,66
20241,A,골목상권,3110805,신길새마을금고신길4동지점,45,27,18,0,6,12,12,8,7,0,2,7,6,5,7,0,4,5,6,3,0
20241,A,골목상권,3110811,보라매역 4번,187,94,93,0,22,41,49,52,23,0,8,22,18,27,19,0,14,19,31,25,4
20241,D,발달상권,3120147,보라매역,1947,1238,709,5,286,452,370,367,467,2,93,310,249,264,320,3,193,142,121,103,147
20241,A,골목상권,3110813,보라매역 6번,286,167,119,3,22,37,50,74,100,3,15,21,24,39,65,0,7,16,26,35,35
20241,A,골목상권,3110760,선유도역 6번,1792,1091,701,8,273,444,499,376,192,6,170,256,275,219,165,2,103,188,224,157,27
20241,R,전통시장,3130257,영등포시장기계공구상가,158,116,42,0,11,26,33,47,41,0,7,16,22,37,34,0,4,10,11,10,7
20241,A,골목상권,3110803,신길2동우편취급국,312,224,88,0,17,27,58,67,143,0,6,14,33,43,128,0,11,13,25,24,15
20241,A,골목상권,3110809,장훈고등학교,112,61,51,0,7,15,30,23,37,0,3,5,11,17,25,0,4,10,19,6,12
20241,R,전통시장,3130248,영등포역지하도상점가,69,35,34,0,9,26,17,14,3,0,6,13,9,4,3,0,3,13,8,10,0
20241,R,전통시장,3130272,사당시장,45,20,25,0,4,6,10,11,14,0,0,1,4,6,9,0,4,5,6,5,5
20241,A,골목상권,3110844,흑석2치안센터,11,7,4,0,2,2,4,0,3,0,1,2,2,0,2,0,1,0,2,0,1
20241,A,골목상권,3110863,난우초등학교,319,179,140,6,40,61,63,79,70,5,23,30,38,36,47,1,17,31,25,43,23
20241,A,골목상권,3110876,서원동주민센터(신관중학교),49,29,20,0,5,9,16,9,10,0,2,4,10,4,9,0,3,5,6,5,1
20241,D,발달상권,3120157,신림역(신림),637,257,380,1,96,116,146,139,139,0,19,40,82,49,67,1,77,76,64,90,72
20241,A,골목상권,3110880,신림역 1번,995,275,720,0,379,296,157,128,35,0,78,87,66,33,11,0,301,209,91,95,24
20241,A,골목상권,3110861,관악구신사동주민센터,1168,598,570,1,215,376,261,204,111,1,71,194,161,101,70,0,144,182,100,103,41
20241,A,골목상권,3110858,신대방역 1번,66,33,33,0,5,9,17,7,28,0,0,1,6,2,24,0,5,8,11,5,4
20241,A,골목상권,3110901,인헌고등학교(인헌중학교),245,143,102,3,39,58,73,51,21,3,21,35,38,30,16,0,18,23,35,21,5
20241,R,전통시장,3130277,조원동 펭귄시장(신림중앙시장),98,56,42,1,15,26,31,19,6,1,8,18,16,9,4,0,7,8,15,10,2
20241,A,골목상권,3110898,청림동주민센터(상도중학교),66,27,39,0,16,14,14,16,6,0,5,3,8,7,4,0,11,11,6,9,2
20241,D,발달상권,3120177,신논현역 1번,694,436,258,1,84,187,202,143,77,0,34,111,130,106,55,1,50,76,72,37,22
20241,D,발달상권,3120167,고속터미널(고속터미널역),6925,4543,2382,24,790,1577,1689,1525,1320,10,416,1110,1328,1046,633,14,374,467,361,479,687
20241,A,골목상권,3110917,서초소방서,1505,939,566,6,157,432,402,355,153,2,72,281,295,181,108,4,85,151,107,174,45
20241,D,발달상권,3120163,사당역 11번(사당역먹자골목),491,290,201,0,55,119,99,86,132,0,28,73,57,50,82,0,27,46,42,36,50
20241,A,골목상권,3110905,방배노인종합복지관(이수중학교),287,176,111,1,36,71,71,63,45,0,18,38,45,41,34,1,18,33,26,22,11
20241,A,골목상권,3110907,방배초등학교,775,476,299,8,119,165,211,143,129,5,54,100,118,95,104,3,65,65,93,48,25
20241,A,골목상권,3110914,내방역 6번,146,116,30,0,26,31,37,26,26,0,17,26,26,24,23,0,9,5,11,2,3
20241,A,골목상권,3110903,방배아이파크아파트,7222,2653,4569,7,1242,1778,2487,1322,386,1,333,597,951,599,172,6,909,1181,1536,723,214
20241,D,발달상권,3120161,방배동가구거리(사당동가구거리),2517,1833,684,3,187,342,315,347,1323,2,78,178,165,202,1208,1,109,164,150,145,115
20241,A,골목상권,3110932,서울시인재개발원,532,384,148,2,128,170,127,64,41,2,76,116,100,54,36,0,52,54,27,10,5
20241,D,발달상권,3120168,서울고교교차로,794,492,302,1,124,237,200,130,102,0,48,130,143,98,73,1,76,107,57,32,29
20241,A,골목상권,3110928,서초우방유쉘아파트,596,491,105,1,57,109,125,205,99,1,29,76,109,190,86,0,28,33,16,15,13
20241,R,전통시장,3130301,양재시장,89,47,42,0,24,20,24,9,12,0,7,13,15,4,8,0,17,7,9,5,4
20241,A,골목상권,3110984,포이초등학교(개포목련어린이공원),1556,1046,510,2,236,342,331,306,339,0,140,241,211,199,255,2,96,101,120,107,84
20241,R,전통시장,3130303,영동전통시장,242,95,147,0,21,60,67,58,36,0,7,19,22,24,23,0,14,41,45,34,13
20241,D,발달상권,3120191,학동역,13888,8123,5765,40,2898,3769,2969,1869,2343,17,1128,2152,2012,1134,1680,23,1770,1617,957,735,663
20241,A,골목상권,3110952,논현목련공원,117,65,52,0,21,23,27,22,24,0,9,13,13,14,16,0,12,10,14,8,8
20241,D,발달상권,3120207,선정릉역,11920,7343,4577,32,2669,4154,2699,1509,857,16,1106,2428,1922,1135,736,16,1563,1726,777,374,121
20241,D,발달상권,3120200,학동사거리,9363,3808,5555,26,2868,3075,1848,1005,541,9,654,1122,937,687,399,17,2214,1953,911,318,142
20241,D,발달상권,3120220,대치역,5716,3394,2322,26,1854,2307,1022,333,174,2,774,1495,752,234,137,24,1080,812,270,99,37
20241,D,발달상권,3120212,한티역,753,394,359,1,118,182,201,143,108,1,37,87,119,80,70,0,81,95,82,63,38
20241,D,발달상권,3120219,은마아파트,17175,5797,11378,202,3397,3819,3179,4061,2517,83,1254,1872,1374,818,396,119,2143,1947,1805,3243,2121
20241,D,발달상권,3120223,휘문고교사거리,9166,5574,3592,20,1785,2926,2736,1401,298,4,1102,2061,1597,609,201,16,683,865,1139,792,97
20241,A,골목상권,3110989,대치동아우편취급국,444,270,174,9,90,148,75,68,54,0,43,102,43,44,38,9,47,46,32,24,16
20241,D,발달상권,3120209,"강남구청(청담역_8번, 강남세무서)",8987,2610,6377,34,2050,2684,2467,1172,580,9,538,752,537,395,379,25,1512,1932,1930,777,201
20241,A,골목상권,3111001,아래방죽마을공원(율현초등학교),58,43,15,0,2,9,14,18,15,0,1,7,12,13,10,0,1,2,2,5,5
20241,A,골목상권,3110962,도산공원북측,53,27,26,0,20,11,10,8,4,0,11,7,6,3,0,0,9,4,4,5,4
20233,A,골목상권,3110967,역삼역 8번,377,228,149,0,63,92,89,92,41,0,31,51,60,56,30,0,32,41,29,36,11
20241,D,발달상권,3120231,가락시장,5698,4083,1615,0,368,1051,1564,1654,1061,0,264,836,1185,1098,700,0,104,215,379,556,361
20241,D,발달상권,3120240,개롱역,1609,1102,507,7,212,314,404,431,241,5,125,230,269,295,178,2,87,84,135,136,63
20241,A,골목상권,3111024,경찰병원역 4번(건너말공원),240,150,90,0,27,53,63,68,29,0,16,33,45,35,21,0,11,20,18,33,8
20241,A,골목상권,3111022,석촌중학교(방이육교),686,344,342,1,59,145,176,222,83,0,37,95,98,70,44,1,22,50,78,152,39
20241,A,골목상권,3111023,문정역 1번,939,576,363,2,133,202,263,204,135,0,86,139,184,100,67,2,47,63,79,104,68
20241,A,골목상권,3111017,송파나루역 3번,272,183,89,0,40,62,62,63,45,0,14,42,42,45,40,0,26,20,20,18,5
20241,A,골목상권,3111019,한성백제역 3번,1458,963,495,2,199,428,415,246,168,2,101,294,294,157,115,0,98,134,121,89,53
20241,D,발달상권,3120229,방이동먹자골목,7319,4732,2587,12,1062,2182,1915,1302,846,5,588,1347,1338,913,541,7,474,835,577,389,305
20241,U,관광특구,3001495,잠실 관광특구,25240,14855,10385,124,4880,6877,5824,4628,2907,55,2599,4419,3662,2383,1737,69,2281,2458,2162,2245,1170
20241,A,골목상권,3111008,석촌고분역 3번,1551,1177,374,1,182,286,280,382,420,1,148,237,208,248,335,0,34,49,72,134,85
20241,R,전통시장,3130312,석촌시장,619,270,349,1,20,40,81,170,307,1,9,23,43,41,153,0,11,17,38,129,154
20241,A,골목상권,3111015,석촌역 3번,1352,778,574,1,151,315,350,351,184,1,72,199,216,181,109,0,79,116,134,170,75
20241,A,골목상권,3111032,방이역 1번,3878,2552,1326,4,235,340,599,718,1982,3,139,237,411,469,1293,1,96,103,188,249,689
20241,A,골목상권,3111033,문정동성당,70,30,40,0,5,4,16,16,29,0,2,3,8,9,8,0,3,1,8,7,21
20241,R,전통시장,3130314,풍납시장,203,100,103,1,24,42,50,61,25,1,15,27,22,19,16,0,9,15,28,42,9
20241,A,골목상권,3111064,둔촌동역 4번,157,98,59,0,13,34,47,40,23,0,3,21,30,28,16,0,10,13,17,12,7
20241,A,골목상권,3111067,강동구립성내도서관,746,414,332,2,73,149,192,177,153,1,36,98,107,84,88,1,37,51,85,93,65
20241,A,골목상권,3111052,암사역 3번(천호동자전거거리),357,228,129,1,26,71,117,94,48,1,11,47,76,58,35,0,15,24,41,36,13
20241,A,골목상권,3111054,암사역 4번(삼성광나루아파트),104,42,62,0,14,18,19,12,41,0,4,12,7,5,14,0,10,6,12,7,27
20241,A,골목상권,3111069,천호1동주민센터,79,54,25,0,8,17,17,26,11,0,4,12,14,14,10,0,4,5,3,12,1
20241,R,전통시장,3130318,로데오거리상점가,266,132,134,0,31,43,49,55,88,0,9,12,19,26,66,0,22,31,30,29,22
20241,A,골목상권,3111049,천호지구대(천호동자전거거리),507,277,230,2,75,90,96,118,126,0,36,50,40,68,83,2,39,40,56,50,43
20241,A,골목상권,3111063,강동구립 천호도서관,368,182,186,0,25,44,81,85,133,0,5,15,21,30,111,0,20,29,60,55,22
20241,D,발달상권,3120002,서촌(경복궁역),1989,1071,918,37,487,674,421,221,149,0,190,387,258,131,105,37,297,287,163,90,44
20241,A,골목상권,3110008,배화여자대학교(박노수미술관),507,350,157,1,50,79,121,161,95,0,15,45,93,121,76,1,35,34,28,40,19
20241,A,골목상권,3110036,동묘앞역 3번,52,34,18,0,3,6,16,12,15,0,1,3,9,11,10,0,2,3,7,1,5
20241,R,전통시장,3130010,종로신진시장,200,113,87,0,20,29,55,48,48,0,14,17,24,26,32,0,6,12,31,22,16
20241,R,전통시장,3130018,동대문문구완구거리(동대문문구완구시장),120,70,50,0,11,18,23,38,30,0,6,10,13,22,19,0,5,8,10,16,11
20241,D,발달상권,3120034,중구청(퇴계로4가),1545,1050,495,7,108,228,400,440,362,5,48,129,262,327,279,2,60,99,138,113,83
20241,R,전통시장,3130038,"평화시장(통일상가, 동화상가)",1000,670,330,3,116,301,291,198,91,0,63,167,223,150,67,3,53,134,68,48,24
20241,D,발달상권,3120023,서울시청,10242,5534,4708,15,2234,3260,2778,1425,530,4,852,1657,1658,983,380,11,1382,1603,1120,442,150
20241,D,발달상권,3120019,경찰청앞교차로,5958,3146,2812,26,1051,2221,1625,793,242,8,274,1044,982,619,219,18,777,1177,643,174,23
20241,R,전통시장,3130049,신당 미래유산 먹거리 골목형상점가,42,19,23,0,3,5,9,13,12,0,1,3,0,7,8,0,2,2,9,6,4
20241,A,골목상권,3110044,관성묘,405,300,105,0,50,135,145,51,24,0,24,90,125,44,17,0,26,45,20,7,7
20241,D,발달상권,3120043,서울역,22578,15322,7256,58,4087,7782,5513,3664,1474,27,2087,4897,4201,3033,1077,31,2000,2885,1312,631,397
20241,R,전통시장,3130024,남대문시장(자유상가),732,426,306,2,54,129,172,177,198,1,15,75,95,108,132,1,39,54,77,69,66
20241,D,발달상권,3120045,남영동 먹자골목,4044,1580,2464,7,424,908,1421,1162,122,1,257,576,502,205,39,6,167,332,919,957,83
20241,A,골목상권,3110088,오산고등학교,101,51,50,0,22,20,19,15,25,0,9,9,8,8,17,0,13,11,11,7,8
20241,A,골목상권,3110090,한국폴리텍대학서울정수캠퍼스,3968,2447,1521,1,446,1358,1632,500,31,1,173,548,1231,467,27,0,273,810,401,33,4
20241,A,골목상권,3110064,효창공원앞역 2번,923,525,398,2,126,275,261,160,99,1,49,160,160,88,67,1,77,115,101,72,32
20241,A,골목상권,3110077,삼광초등학교,385,317,68,0,37,86,148,98,16,0,21,66,130,88,12,0,16,20,18,10,4
20241,A,골목상권,3110122,마장역 2번,461,270,191,1,60,87,116,112,85,1,32,59,68,60,50,0,28,28,48,52,35
20241,A,골목상권,3110125,사근동살곶이상점가,135,83,52,2,25,39,35,21,13,2,13,21,24,13,10,0,12,18,11,8,3
20241,A,골목상권,3110128,성원중학교,911,573,338,1,98,165,255,266,126,1,53,94,157,170,98,0,45,71,98,96,28
20241,A,골목상권,3110129,성원어린이공원,640,405,235,1,65,118,131,180,145,0,35,70,86,107,107,1,30,48,45,73,38
20241,R,전통시장,3130073,뚝도시장,45,17,28,1,3,10,9,11,11,0,0,2,4,5,6,1,3,8,5,6,5
20241,A,골목상권,3110136,경수초등학교,4745,2743,2002,43,1169,1097,978,875,583,32,439,633,615,593,431,11,730,464,363,282,152
20241,D,발달상권,3120052,성수역,11387,7284,4103,23,2113,2900,2661,2238,1452,12,1170,1971,1783,1298,1050,11,943,929,878,940,402
20241,D,발달상권,3120056,구의역,1879,884,995,6,322,352,510,413,276,6,105,129,223,246,175,0,217,223,287,167,101
20241,D,발달상권,3120058,구의사거리,688,333,355,2,92,158,174,181,81,1,33,79,80,77,63,1,59,79,94,104,18
20241,D,발달상권,3120057,아차산역,2218,1220,998,52,412,432,503,468,351,19,236,257,289,206,213,33,176,175,214,262,138
20241,R,전통시장,3130080,자양종합시장(기능상실),14,10,4,0,0,1,6,6,1,0,0,1,4,4,1,0,0,0,2,2,0
20241,A,골목상권,3110139,자양4동주민센터,204,116,88,0,13,28,53,51,59,0,3,14,32,25,42,0,10,14,21,26,17
20241,R,전통시장,3130077,조양시장,31,19,12,0,11,7,8,5,0,0,6,5,4,4,0,0,5,2,4,1,0
20241,A,골목상권,3110167,용마초등학교,380,223,157,2,22,56,99,112,89,0,9,20,52,64,78,2,13,36,47,48,11
20241,R,전통시장,3130082,면곡골목시장,20,11,9,0,4,0,1,9,6,0,4,0,0,3,4,0,0,0,1,6,2
20241,R,전통시장,3130084,신성시장(신성골목시장),21,6,15,0,3,5,8,4,1,0,0,1,2,2,1,0,3,4,6,2,0
20241,A,골목상권,3110142,화양사거리,215,108,107,1,37,47,45,53,32,1,20,25,24,17,21,0,17,22,21,36,11
20241,R,전통시장,3130097,답십리 건축자재시장,291,188,103,1,16,42,42,36,154,0,7,34,23,19,105,1,9,8,19,17,49
20241,A,골목상권,3110212,답십리초등학교,204,144,60,0,26,37,42,67,32,0,18,26,27,50,23,0,8,11,15,17,9
20241,A,골목상권,3110183,한국의류시험연구원,839,447,392,3,238,307,149,75,67,1,88,162,81,58,57,2,150,145,68,17,10
20241,A,골목상권,3110232,동대부고,579,413,166,0,41,71,119,175,173,0,14,38,80,134,147,0,27,33,39,41,26
20241,A,골목상권,3110210,서울시립대,341,253,88,1,9,19,24,34,254,1,4,12,10,21,205,0,5,7,14,13,49
20241,R,전통시장,3130092,청량리농수산물시장,12,9,3,0,0,1,3,5,3,0,0,0,3,3,3,0,0,1,0,2,0
20241,R,전통시장,3130095,청량리전통시장,95,38,57,0,6,16,18,33,22,0,4,6,9,10,9,0,2,10,9,23,13
20241,A,골목상권,3110193,고려대역 4번,48,37,11,0,5,11,11,10,11,0,3,5,10,10,9,0,2,6,1,0,2
20241,A,골목상권,3110203,떡전교사거리,99,63,36,1,9,15,32,29,13,1,0,7,26,20,9,0,9,8,6,9,4
20241,A,골목상권,3110215,회기역 1번,28,18,10,0,3,4,9,7,5,0,3,2,6,3,4,0,0,2,3,4,1
20241,R,전통시장,3130103,이경시장,16,8,8,0,0,1,2,2,11,0,0,1,1,1,5,0,0,0,1,1,6
20241,A,골목상권,3110219,삼육보건대학교,251,146,105,0,18,42,70,81,40,0,11,20,32,52,31,0,7,22,38,29,9
20241,A,골목상권,3110277,러스크서울병원,145,78,67,0,12,30,29,43,31,0,4,13,16,23,22,0,8,17,13,20,9
20241,R,전통시장,3130106,중랑동부시장,166,56,110,1,20,40,34,39,32,0,1,8,7,21,19,1,19,32,27,18,13
20241,A,골목상권,3110254,오거리공원,259,90,169,1,19,75,79,53,32,0,6,15,35,22,12,1,13,60,44,31,20
20241,A,골목상권,3110252,장안제일시장,712,505,207,1,64,101,159,195,192,1,42,73,87,131,171,0,22,28,72,64,21
20241,A,골목상권,3110255,상봉역 4번,327,208,119,0,39,52,78,92,66,0,20,24,46,62,56,0,19,28,32,30,10
20241,A,골목상권,3110280,북정마을,73,38,35,0,7,10,22,23,11,0,3,3,9,15,8,0,4,7,13,8,3
20241,A,골목상권,3110312,안암역 2번,150,81,69,0,13,19,47,46,25,0,7,14,24,22,14,0,6,5,23,24,11
20241,A,골목상권,3110318,KT월곡지사,148,78,70,0,21,29,45,36,17,0,10,19,22,14,13,0,11,10,23,22,4
20241,A,골목상권,3110316,숭곡초등학교,439,217,222,2,68,114,129,88,38,2,19,58,73,42,23,0,49,56,56,46,15
20241,A,골목상권,3110321,동덕여대,58,14,44,0,0,4,13,18,23,0,0,4,4,4,2,0,0,0,9,14,21
20241,R,전통시장,3130122,밤나무골시장,17,5,12,0,2,4,6,4,1,0,1,1,2,1,0,0,1,3,4,3,1
20241,A,골목상권,3110284,정릉북한산국립공원입구,562,506,56,0,5,59,181,229,88,0,4,49,161,211,81,0,1,10,20,18,7
20241,D,발달상권,3120076,수유역,1930,865,1065,7,241,303,422,465,492,4,62,102,176,240,281,3,179,201,246,225,211
20241,R,전통시장,3130142,강북북부시장,7,5,2,0,1,1,0,2,3,0,0,1,0,2,2,0,1,0,0,0,1
20241,R,전통시장,3130134,"솔샘시장(미아6,7동골목시장)",73,30,43,1,7,19,25,18,3,0,3,4,12,8,3,1,4,15,13,10,0
20241,A,골목상권,3110360,수유초등학교,321,222,99,0,34,61,63,67,96,0,7,43,42,44,86,0,27,18,21,23,10
20241,A,골목상권,3110362,우이천 계성교,205,110,95,1,24,34,61,63,22,0,11,19,28,35,17,1,13,15,33,28,5
20241,A,골목상권,3110403,방학1동주민센터,316,167,149,1,44,56,63,78,74,1,30,37,36,36,27,0,14,19,27,42,47
20241,A,골목상권,3110393,국민은행방학지점,49,13,36,0,2,10,17,15,5,0,0,0,4,6,3,0,2,10,13,9,2
20241,A,골목상권,3110396,쌍문역1번(쌍리단길),259,94,165,2,41,49,52,76,39,0,13,15,22,29,15,2,28,34,30,47,24
20241,A,골목상권,3110401,도봉구민회관,243,65,178,0,29,32,38,87,57,0,4,14,14,22,11,0,25,18,24,65,46
20241,A,골목상권,3110438,경춘선숲길 우측,230,110,120,0,26,54,83,52,15,0,12,21,38,30,9,0,14,33,45,22,6
20241,D,발달상권,3120081,노원역,1552,508,1044,9,369,295,343,307,229,2,66,87,125,121,107,7,303,208,218,186,122
20241,R,전통시장,3130157,상계중앙시장,68,35,33,0,14,17,13,15,9,0,8,13,6,6,2,0,6,4,7,9,7
20241,D,발달상권,3120083,등나무근린공원,1184,787,397,0,166,325,271,283,139,0,114,228,171,179,95,0,52,97,100,104,44
20241,A,골목상권,3110431,상계역,124,72,52,1,16,24,28,37,18,0,2,13,17,27,13,1,14,11,11,10,5
20241,A,골목상권,3110462,갈현건영아파트,335,216,119,1,40,61,100,72,61,1,23,36,61,48,47,0,17,25,39,24,14
20241,A,골목상권,3110460,구산역 4번,969,582,387,0,57,184,248,234,246,0,18,124,133,121,186,0,39,60,115,113,60
20241,R,전통시장,3130164,역촌중앙시장,9,3,6,0,0,1,2,2,4,0,0,0,1,1,1,0,0,1,1,1,3
20241,A,골목상권,3110456,구산보건지소,967,544,423,3,284,226,177,147,130,1,123,112,94,97,117,2,161,114,83,50,13
20241,R,전통시장,3130170,제일시장,58,26,32,1,7,9,13,19,9,1,2,2,5,11,5,0,5,7,8,8,4
20241,A,골목상권,3110473,구산역 1번,436,241,195,0,34,59,113,107,123,0,24,27,53,49,88,0,10,32,60,58,35
20241,A,골목상권,3110487,불광역 8번,63,35,28,0,11,22,15,8,7,0,6,11,7,8,3,0,5,11,8,0,4
20241,A,골목상권,3110480,연신내역 3번,161,51,110,0,16,35,52,35,23,0,3,9,17,12,10,0,13,26,35,23,13
20241,A,골목상권,3110469,응암정보도서관,344,188,156,1,38,58,104,104,39,0,11,29,61,57,30,1,27,29,43,47,9
20241,A,골목상권,3110444,수색성당,157,57,100,0,17,39,47,45,9,0,6,14,14,16,7,0,11,25,33,29,2
20241,A,골목상권,3110451,증산역 4번,1267,962,305,2,150,378,365,291,81,2,75,289,305,230,61,0,75,89,60,61,20
20241,A,골목상권,3110492,하나고등학교,238,38,200,1,5,13,11,95,113,0,0,7,7,8,16,1,5,6,4,87,97
20241,A,골목상권,3110520,경의중앙 신촌역,105,57,48,0,31,22,32,12,8,0,10,15,16,10,6,0,21,7,16,2,2
20241,A,골목상권,3110524,연희세브란스병원,51,23,28,0,10,13,15,8,5,0,5,6,6,3,3,0,5,7,9,5,2
20241,A,골목상권,3110506,연희임광아파트,110,66,44,0,5,12,39,29,25,0,1,8,20,19,18,0,4,4,19,10,7
20241,R,전통시장,3130176,유진상가,38,23,15,0,20,16,1,1,0,0,9,13,1,0,0,0,11,3,0,1,0
20241,R,전통시장,3130180,포방터시장,59,34,25,0,13,11,15,6,14,0,4,4,11,5,10,0,9,7,4,1,4
20241,A,골목상권,3110522,홍제역 3번,46,12,34,0,14,7,12,6,7,0,2,2,2,2,4,0,12,5,10,4,3
20241,A,골목상권,3110521,홍제역 4번,63,36,27,0,4,7,19,17,16,0,0,4,10,9,13,0,4,3,9,8,3
20241,R,전통시장,3130196,공덕시장,3948,2001,1947,52,1323,1296,891,287,99,28,467,646,599,181,80,24,856,650,292,106,19
20241,R,전통시장,3130183,상암동상점가,816,607,209,1,89,204,283,187,52,0,49,150,227,143,38,1,40,54,56,44,14
20241,A,골목상권,3110557,홍대부속여중고앞,760,465,295,1,100,188,196,149,126,1,37,110,137,95,85,0,63,78,59,54,41
20241,A,골목상권,3110552,성미산체육관,637,465,172,1,110,159,145,158,64,0,72,120,98,128,47,1,38,39,47,30,17
20241,A,골목상권,3110584,아현역 4번,49,13,36,0,4,7,14,13,11,0,0,0,2,5,6,0,4,7,12,8,5
20241,A,골목상권,3110562,연트럴파크(연남동주민센터),426,237,189,1,73,118,96,94,44,1,29,76,55,44,32,0,44,42,41,50,12
20241,R,전통시장,3130194,용강동 상점가,875,502,373,0,103,131,179,170,292,0,39,75,104,114,170,0,64,56,75,56,122
20241,A,골목상권,3110556,절두산순교성지,176,112,64,3,17,42,58,39,17,3,8,27,39,24,11,0,9,15,19,15,6
20241,A,골목상권,3110559,성산중학교,757,474,283,4,102,187,203,167,94,3,54,102,127,118,70,1,48,85,76,49,24
20241,A,골목상권,3110550,합정역 8번,1578,740,838,1,240,411,414,333,179,0,84,165,221,171,99,1,156,246,193,162,80
20241,D,발달상권,3120113,오목교역,641,380,261,2,98,147,163,141,90,1,45,81,95,95,63,1,53,66,68,46,27
20241,D,발달상권,3120110,목동역 8번출구,1858,1400,458,2,142,216,286,247,965,1,42,102,166,181,908,1,100,114,120,66,57
20241,A,골목상권,3110628,신목동역,469,307,162,0,52,85,114,113,105,0,28,56,79,85,59,0,24,29,35,28,46
20241,A,골목상권,3110617,등촌역 4번,262,188,74,0,47,75,73,48,19,0,37,55,50,31,15,0,10,20,23,17,4
20241,A,골목상권,3110608,신월2동주민센터,875,454,421,1,51,116,229,273,205,1,23,69,117,127,117,0,28,47,112,146,88
20241,A,골목상권,3110605,목동센트럴아이파크앞,155,89,66,0,15,22,26,47,45,0,5,15,11,27,31,0,10,7,15,20,14
20241,A,골목상권,3110613,신정네거리역 4번,80,20,60,0,8,25,24,19,4,0,2,6,7,4,1,0,6,19,17,15,3
20241,R,전통시장,3130206,신정3동 골목시장,20,6,14,0,0,5,11,2,2,0,0,0,3,1,2,0,0,5,8,1,0
20241,A,골목상권,3110614,목동로데오거리,596,292,304,0,69,85,114,216,112,0,42,44,58,103,45,0,27,41,56,113,67
20241,A,골목상권,3110644,신광명마을,336,288,48,1,26,28,58,105,118,1,8,17,51,97,114,0,18,11,7,8,4
20241,D,발달상권,3120115,김포공항역(김포공항),23,12,11,0,6,9,4,4,0,0,2,4,3,3,0,0,4,5,1,1,0
20241,A,골목상권,3110670,신곡초등학교,489,320,169,6,79,118,121,90,75,3,45,77,71,59,65,3,34,41,50,31,10
20241,A,골목상권,3110659,화곡역 4번,844,496,348,11,102,181,234,180,136,9,52,114,140,105,76,2,50,67,94,75,60
20241,A,골목상권,3110721,가리봉파출소,215,104,111,1,6,36,42,42,88,0,2,19,17,22,44,1,4,17,25,20,44
20241,A,골목상권,3110710,남구로역 3번,606,370,236,3,83,96,105,121,198,3,46,63,63,68,127,0,37,33,42,53,71
20241,R,전통시장,3130223,고척근린시장,42,12,30,0,2,10,12,14,4,0,0,1,1,7,3,0,2,9,11,7,1
20241,A,골목상권,3110699,덕의초등학교,136,79,57,0,14,22,29,43,28,0,7,14,13,24,21,0,7,8,16,19,7
20241,A,골목상권,3110711,구로초등학교,815,329,486,4,62,122,165,287,175,2,26,70,81,74,76,2,36,52,84,213,99
20241,A,골목상권,3110720,대림역 2번,228,87,141,0,27,50,65,49,37,0,11,14,18,17,27,0,16,36,47,32,10
20241,D,발달상권,3120128,신도림역,1253,656,597,7,191,318,382,243,112,1,75,153,191,149,87,6,116,165,191,94,25
20241,A,골목상권,3110683,오류고등학교,75,46,29,0,12,15,23,18,7,0,9,8,14,8,7,0,3,7,9,10,0
20241,D,발달상권,3120132,독산동,4203,2884,1319,13,512,908,1016,1074,680,12,350,650,695,701,476,1,162,258,321,373,204
20241,A,골목상권,3110729,가산동우체국,151,112,39,0,19,30,40,39,23,0,14,19,30,30,19,0,5,11,10,9,4
20241,A,골목상권,3110744,독산동성당,486,292,194,0,31,86,125,152,92,0,22,53,69,89,59,0,9,33,56,63,33
20241,A,골목상권,3110743,시흥초등학교(시흥1동우체국),191,130,61,0,18,31,48,50,44,0,10,20,32,37,31,0,8,11,16,13,13
20241,R,전통시장,3130236,비단길현대시장(현대시장),139,42,97,0,13,23,49,40,14,0,4,3,12,17,6,0,9,20,37,23,8
20241,D,발달상권,3120141,영등포청과시장교차로,601,418,183,2,71,137,188,115,88,1,36,85,133,86,77,1,35,52,55,29,11
20241,D,발달상권,3120143,당산역,2671,1987,684,9,326,516,558,517,745,2,194,394,403,386,608,7,132,122,155,131,137
20241,A,골목상권,3110781,대림한신아파트,182,112,70,0,23,29,51,38,41,0,8,16,34,23,31,0,15,13,17,15,10
20241,R,전통시장,3130242,대림중앙 골목형상점가,66,20,46,0,3,17,17,24,5,0,1,6,5,5,3,0,2,11,12,19,2
20241,A,골목상권,3110802,신길동홍어거리,336,159,177,1,59,113,86,61,16,0,18,45,44,40,12,1,41,68,42,21,4
20241,A,골목상권,3110780,신길대성유니드아파트,223,171,52,0,22,42,71,56,32,0,18,34,51,41,27,0,4,8,20,15,5
20241,A,골목상권,3110756,문래중학교,275,179,96,0,48,79,78,35,35,0,21,58,52,21,27,0,27,21,26,14,8
20241,A,골목상권,3110807,신길역 3번,102,70,32,0,6,16,23,27,30,0,4,8,18,19,21,0,2,8,5,8,9
20241,A,골목상권,3110796,한림대학교한강성심병원,87,52,35,1,7,19,26,19,15,0,4,11,17,9,11,1,3,8,9,10,4
20241,A,골목상권,3110829,장승배기역 5번,534,416,118,0,195,137,78,52,72,0,177,106,49,39,45,0,18,31,29,13,27
20241,A,골목상권,3110822,신대방삼거리역 4번(대림초등학교),313,131,182,0,57,71,68,76,41,0,13,28,34,35,21,0,44,43,34,41,20
20241,A,골목상권,3110850,사당역 10번,969,487,482,4,217,207,185,162,194,1,54,88,92,95,157,3,163,119,93,67,37
20241,A,골목상권,3110848,양지어린이공원,486,307,179,0,36,68,152,132,98,0,6,39,85,93,84,0,30,29,67,39,14
20241,A,골목상권,3110835,상도역 1번,296,170,126,0,81,95,59,38,23,0,32,61,37,19,21,0,49,34,22,19,2
20241,D,발달상권,3120151,보라매공원,2417,1455,962,6,401,736,707,383,184,4,194,433,450,237,137,2,207,303,257,146,47
20241,A,골목상권,3110840,중앙대학교,175,99,76,0,24,25,57,45,24,0,12,13,37,22,15,0,12,12,20,23,9
20241,A,골목상권,3110895,샤로수길,1796,1222,574,3,307,721,360,233,172,2,170,534,234,152,130,1,137,187,126,81,42
20241,A,골목상권,3110866,난우중학교,184,101,83,0,23,36,41,65,19,0,14,20,19,32,16,0,9,16,22,33,3
20241,R,전통시장,3130282,난곡 골목형상점가,20,8,12,0,4,2,10,4,0,0,2,1,4,1,0,0,2,1,6,3,0
20241,D,발달상권,3120158,녹두거리(대학동),695,550,145,2,31,73,200,279,110,0,7,41,163,241,98,2,24,32,37,38,12
20241,A,골목상권,3110856,미성초등학교,538,295,243,3,58,85,170,150,72,1,28,44,99,71,52,2,30,41,71,79,20
20241,A,골목상권,3110883,은천초등학교(은천교앞),208,124,84,2,21,43,70,48,24,1,12,25,42,28,16,1,9,18,28,20,8
20241,R,전통시장,3130288,신림현대종합상가,2,0,2,0,1,1,0,0,0,0,0,0,0,0,0,0,1,1,0,0,0
20241,R,전통시장,3130289,봉일시장,36,20,16,1,1,2,5,14,13,0,0,1,5,3,11,1,1,1,0,11,2
20241,A,골목상권,3110944,서울나래학교(염곡어린이공원),933,632,301,10,116,213,161,196,237,8,88,169,114,118,135,2,28,44,47,78,102
20241,D,발달상권,3120170,삼호가든사거리,2026,1161,865,8,279,587,623,346,183,7,113,333,412,168,128,1,166,254,211,178,55
20241,D,발달상권,3120187,신논현역,13076,7778,5298,64,3624,3962,2984,1673,769,27,1516,2302,2121,1247,565,37,2108,1660,863,426,204
20241,D,발달상권,3120176,논현역 4번,893,566,327,1,130,216,195,168,183,1,67,126,129,106,137,0,63,90,66,62,46
20241,A,골목상권,3110904,이수역 5번,835,468,367,4,167,217,239,139,69,1,90,125,135,59,58,3,77,92,104,80,11
20241,R,전통시장,3130296,남부종합시장,85,63,22,0,2,8,25,35,15,0,1,8,16,24,14,0,1,0,9,11,1
20241,A,골목상권,3110930,서초동성당,2178,1774,404,8,284,588,694,433,171,2,190,448,591,393,150,6,94,140,103,40,21
20241,D,발달상권,3120173,교대역(법원.검찰청),18222,10456,7766,74,3270,5403,4730,3072,1673,29,1419,3004,2846,1897,1261,45,1851,2399,1884,1175,412
20241,D,발달상권,3120179,양재역,20226,15999,4227,55,2836,6941,4949,3795,1650,32,1949,5811,4124,2895,1188,23,887,1130,825,900,462
20241,D,발달상권,3120171,서초3동사거리,11750,6206,5544,15,1990,3845,2551,1862,1487,6,827,1746,1496,1064,1067,9,1163,2099,1055,798,420
20241,D,발달상권,3120181,교육개발원입구사거리,7278,4440,2838,316,2978,1563,1247,730,444,145,1506,983,939,536,331,171,1472,580,308,194,113
20241,A,골목상권,3110941,언남고등학교,261,158,103,0,33,46,89,58,35,0,14,26,51,40,27,0,19,20,38,18,8
20241,A,골목상권,3110994,개포고등학교,494,382,112,7,65,161,123,110,28,4,47,134,103,73,21,3,18,27,20,37,7
20241,A,골목상권,3110955,논현초등학교,3430,2238,1192,19,719,823,793,625,451,13,417,568,554,389,297,6,302,255,239,236,154
20241,D,발달상권,3120190,강남을지병원,11725,6199,5526,44,3417,3232,2506,1512,1014,14,1228,1650,1567,988,752,30,2189,1582,939,524,262
20241,D,발달상권,3120203,강남구청역,7726,4602,3124,27,1589,2070,1890,1381,769,8,650,1218,1293,882,551,19,939,852,597,499,218
20241,A,골목상권,3110960,은광여고,1601,749,852,5,219,282,389,522,184,4,60,131,203,227,124,1,159,151,186,295,60
20241,A,골목상권,3110974,언주중학교,278,168,110,3,58,66,85,43,23,3,25,39,59,27,15,0,33,27,26,16,8
20241,A,골목상권,3111002,한국교통안전공단 강남자동차검사소,317,115,202,0,22,63,65,96,71,0,7,31,21,26,30,0,15,32,44,70,41
20241,A,골목상권,3110956,언주역 8번,1199,758,441,4,361,471,199,87,77,2,158,307,163,70,58,2,203,164,36,17,19
20241,A,골목상권,3110971,선정릉역 4번,1542,900,642,11,278,455,380,254,164,6,140,270,245,120,119,5,138,185,135,134,45
20241,A,골목상권,3110976,언북초등학교,578,332,246,1,111,188,126,86,66,0,41,115,83,49,44,1,70,73,43,37,22
20241,A,골목상권,3110979,청담초등학교,3004,1918,1086,4,525,926,768,568,213,4,230,632,535,343,174,0,295,294,233,225,39
20241,D,발달상권,3120238,방이역,430,260,170,5,53,101,116,79,76,4,25,48,61,57,65,1,28,53,55,22,11
20241,A,골목상권,3111009,송파책박물관,130,94,36,1,13,38,28,24,26,0,11,32,18,15,18,1,2,6,10,9,8
20241,A,골목상권,3111037,Sh수협은행 오금동금융센터(아랫말어린이공원),373,243,130,0,37,103,90,93,50,0,25,84,60,43,31,0,12,19,30,50,19
20241,A,골목상권,3111018,풍납초등학교(풍납백제문화공원),26,23,3,0,1,5,10,6,4,0,1,4,8,6,4,0,0,1,2,0,0
20241,A,골목상권,3111078,굽은다리역 4번,1753,1022,731,1,135,300,379,488,450,1,75,186,215,270,275,0,60,114,164,218,175
20241,A,골목상권,3111079,둔촌고등학교(둔촌중학교),377,197,180,1,43,58,60,76,139,1,28,34,33,28,73,0,15,24,27,48,66
20241,A,골목상권,3111089,상일여고(상일초등학교),750,505,245,0,50,131,180,233,156,0,31,81,127,154,112,0,19,50,53,79,44
20241,A,골목상권,3111051,천호역 6번,394,242,152,2,65,77,85,88,77,1,44,54,54,47,42,1,21,23,31,41,35
20241,R,전통시장,3130319,성내전통시장,47,31,16,0,3,8,14,10,12,0,3,4,9,7,8,0,0,4,5,3,4
20241,R,전통시장,3130320,암사종합시장,173,97,76,1,16,29,50,31,46,1,5,12,31,19,29,0,11,17,19,12,17
20241,A,골목상권,3110017,정독도서관,650,322,328,0,133,273,152,58,34,0,26,130,93,43,30,0,107,143,59,15,4
20241,A,골목상권,3110004,대신고등학교,32,14,18,0,3,4,8,14,3,0,1,0,3,8,2,0,2,4,5,6,1
20241,A,골목상권,3110009,자하문터널,930,456,474,0,207,326,226,121,50,0,91,162,105,63,35,0,116,164,121,58,15
20241,A,골목상권,3110012,성곡미술관,1042,489,553,0,260,329,260,111,82,0,70,152,149,69,49,0,190,177,111,42,33
20241,A,골목상권,3110033,창신역 4번,166,89,77,0,26,42,35,40,23,0,6,22,17,25,19,0,20,20,18,15,4
20241,D,발달상권,3120012,대학로(혜화역),2004,901,1103,7,350,585,490,309,263,2,103,201,243,166,186,5,247,384,247,143,77
20241,U,관광특구,3001494,종로·청계 관광특구,32892,17118,15774,68,5350,9954,9473,6395,1652,15,2280,4904,4583,4154,1182,53,3070,5050,4890,2241,470
20241,D,발달상권,3120008,인사동,22070,13019,9051,1263,7895,5069,3940,2756,1147,589,4005,3077,2666,2006,676,674,3890,1992,1274,750,471
20241,A,골목상권,3110019,창덕궁,325,215,110,0,47,91,82,71,34,0,21,65,53,49,27,0,26,26,29,22,7
20241,R,전통시장,3130014,동문시장,17,8,9,0,0,6,4,4,3,0,0,2,1,3,2,0,0,4,3,1,1
20241,A,골목상권,3110045,동대문역사문화공원역 5번,234,174,60,0,24,54,64,55,37,0,11,38,46,47,32,0,13,16,18,8,5
20241,A,골목상권,3110047,다산성곽길,160,89,71,0,36,43,36,27,18,0,23,29,21,7,9,0,13,14,15,20,9
20241,U,관광특구,3001492,명동 남대문 북창동 다동 무교동 관광특구,104830,53674,51156,423,27134,34007,23384,15726,4156,137,8860,16080,15133,10824,2640,286,18274,17927,8251,4902,1516
20241,D,발달상권,3120021,시청역_8번,23737,14953,8784,73,4071,8120,7087,3484,902,13,1699,4433,5165,2993,650,60,2372,3687,1922,491,252
20241,D,발달상권,3120022,북창동(시청역_6번),5197,3160,2037,24,1010,1611,1149,767,636,2,391,936,852,543,436,22,619,675,297,224,200
20241,A,골목상권,3110051,한양공고앞 교차로,111,82,29,0,17,23,33,26,12,0,12,16,24,20,10,0,5,7,9,6,2
20241,D,발달상권,3120018,중림동,2190,1368,822,2,393,736,598,295,166,2,207,425,357,238,139,0,186,311,241,57,27
20241,A,골목상권,3110591,충정로역 6번,87,48,39,0,15,19,21,28,4,0,9,9,11,16,3,0,6,10,10,12,1
20241,A,골목상권,3110060,효창공원앞역 6번,287,170,117,0,28,62,80,73,44,0,10,34,48,47,31,0,18,28,32,26,13
20241,A,골목상권,3110087,이태원엔틱가구거리,329,113,216,0,151,130,29,10,9,0,26,52,19,8,8,0,125,78,10,2,1
20241,A,골목상권,3110066,서울역 15번,748,467,281,6,152,227,156,125,82,3,81,151,104,66,62,3,71,76,52,59,20
20241,R,전통시장,3130064,금남시장,36,13,23,0,6,7,8,4,11,0,1,0,5,2,5,0,5,7,3,2,6
20241,A,골목상권,3110104,신금호역 4번,213,141,72,0,22,33,35,54,69,0,6,17,21,37,60,0,16,16,14,17,9
20241,A,골목상권,3110121,한양대역 4번,45,30,15,0,3,10,8,11,13,0,2,5,5,7,11,0,1,5,3,4,2
20241,A,골목상권,3110120,서울숲카페거리,79,49,30,0,8,12,35,18,6,0,3,8,23,10,5,0,5,4,12,8,1
20241,A,골목상권,3110137,성수초등학교,6605,4295,2310,31,1016,1740,1836,1344,638,22,557,1152,1250,828,486,9,459,588,586,516,152
20241,A,골목상권,3110132,성수2가3동주민센터,786,521,265,0,97,182,220,197,90,0,67,133,145,108,68,0,30,49,75,89,22
20241,A,골목상권,3110135,성동세무서,401,208,193,0,41,84,107,78,91,0,7,43,49,38,71,0,34,41,58,40,20
20241,A,골목상권,3110133,서울교통공사,122,93,29,0,19,25,33,21,24,0,12,18,29,17,17,0,7,7,4,4,7
20241,A,골목상권,3110113,응봉산,77,43,34,0,14,15,14,16,18,0,4,11,7,6,15,0,10,4,7,10,3
20241,A,골목상권,3110180,광진정보도서관,5440,3602,1838,17,1593,2056,1086,499,189,5,872,1464,782,331,148,12,721,592,304,168,41
20241,A,골목상권,3110149,세종대학교,122,72,50,0,15,21,31,23,32,0,8,13,19,7,25,0,7,8,12,16,7
20241,D,발달상권,3120055,군자역,4255,2030,2225,33,1138,780,911,991,402,23,548,430,436,330,263,10,590,350,475,661,139
20241,A,골목상권,3110154,광진정말공원,255,146,109,1,31,54,61,65,43,1,16,34,30,34,31,0,15,20,31,31,12
20241,A,골목상권,3110143,뚝섬유원지역 1번,44,18,26,1,4,13,9,13,4,1,0,3,5,6,3,0,4,10,4,7,1
20241,R,전통시장,3130083,"중곡제일시장(중곡제일골목시장, 광성시장)",111,68,43,0,15,21,29,24,22,0,7,14,20,10,17,0,8,7,9,14,5
20241,A,골목상권,3110158,중곡3동주민센터,715,518,197,1,113,210,184,138,69,0,73,168,123,104,50,1,40,42,61,34,19
20241,A,골목상권,3110141,건대입구역 1번,213,138,75,1,23,49,67,48,25,1,11,27,51,32,16,0,12,22,16,16,9
20241,A,골목상권,3110148,어린이대공원역 3번,17,12,5,0,3,3,6,5,0,0,0,2,5,5,0,0,3,1,1,0,0
20241,A,골목상권,3110144,어린이대공원역 4번,104,49,55,0,35,17,21,19,12,0,9,10,11,10,9,0,26,7,10,9,3
20241,A,골목상권,3110185,용두초등학교,122,77,45,0,13,22,31,32,24,0,5,13,18,22,19,0,8,9,13,10,5
20241,A,골목상권,3110182,용두희망어린이공원,370,249,121,0,38,71,108,87,66,0,20,47,67,64,51,0,18,24,41,23,15
20241,A,골목상권,3110213,청량초등학교,124,81,43,0,19,57,17,15,16,0,7,41,13,7,13,0,12,16,4,8,3
20241,A,골목상권,3110214,경희대후문,86,42,44,0,18,17,24,17,10,0,6,6,13,10,7,0,12,11,11,7,3
20241,A,골목상권,3110224,외대앞역 2번,96,41,55,0,9,14,16,29,28,0,2,4,9,18,8,0,7,10,7,11,20
20241,A,골목상권,3110205,경희대삼거리,82,48,34,0,4,13,23,23,19,0,2,10,7,17,12,0,2,3,16,6,7
20241,A,골목상권,3110270,혜원여고,168,148,20,0,4,5,7,70,82,0,4,3,6,59,76,0,0,2,1,11,6
20241,A,골목상권,3110274,서일대학교,523,360,163,0,46,59,135,146,137,0,8,37,89,115,111,0,38,22,46,31,26
20241,R,전통시장,3130114,유영시장,31,20,11,0,9,5,3,8,6,0,7,2,2,5,4,0,2,3,1,3,2
20241,A,골목상권,3110275,하나은행 망우동지점,63,33,30,0,4,9,19,16,15,0,3,6,9,5,10,0,1,3,10,11,5
20241,A,골목상권,3110259,사가정역 1번,543,425,118,2,48,108,172,159,54,2,29,73,131,140,50,0,19,35,41,19,4
20241,A,골목상권,3110266,면목동우체국,225,182,43,0,10,31,38,79,67,0,1,19,30,69,63,0,9,12,8,10,4
20241,A,골목상권,3110242,면목5동주민센터,164,112,52,0,21,28,56,30,29,0,12,23,31,22,24,0,9,5,25,8,5
20241,R,전통시장,3130110,면목골목시장(면목시장),107,64,43,0,1,9,35,38,24,0,1,6,22,19,16,0,0,3,13,19,8
20241,A,골목상권,3110247,먹골역 1번,381,176,205,0,54,79,123,81,44,0,21,30,55,39,31,0,33,49,68,42,13
20241,A,골목상권,3110279,신내역 2번,9,8,1,0,0,1,4,4,0,0,0,1,3,4,0,0,0,0,1,0,0
20241,A,골목상권,3110240,태릉시장 특화거리,97,39,58,2,20,13,28,16,18,1,3,8,7,8,12,1,17,5,21,8,6
20241,R,전통시장,3130108,태능엔터피아(태릉시장),3,1,2,0,0,0,1,2,0,0,0,0,0,1,0,0,0,0,1,1,0
20241,A,골목상권,3110244,중화역 4번,250,175,75,1,8,26,49,44,122,1,4,11,32,30,97,0,4,15,17,14,25
20241,A,골목상권,3110306,미아초등학교,317,218,99,2,13,50,81,77,94,0,3,29,53,50,83,2,10,21,28,27,11
20241,A,골목상권,3110302,보문역 8번,3797,3177,620,1,364,1434,710,823,465,1,252,1274,656,702,292,0,112,160,54,121,173
20241,A,골목상권,3110331,돌곶이역 8번,441,297,144,3,54,146,113,78,47,0,17,105,83,55,37,3,37,41,30,23,10
20241,R,전통시장,3130126,새석관시장,13,8,5,0,1,4,2,5,1,0,0,3,1,3,1,0,1,1,1,2,0
20241,A,골목상권,3110283,성북초등학교앞,203,78,125,0,16,33,56,80,18,0,8,10,23,27,10,0,8,23,33,53,8
20241,A,골목상권,3110418,광운대학교 남단,100,45,55,0,11,17,23,26,23,0,5,5,13,16,6,0,6,12,10,10,17
20241,R,전통시장,3130118,정릉골 골목형상점가,67,30,37,0,11,13,11,19,13,0,0,2,6,12,10,0,11,11,5,7,3
20241,D,발달상권,3120077,미아역,218,97,121,0,32,37,52,64,33,0,11,8,18,38,22,0,21,29,34,26,11
20241,A,골목상권,3110369,성신여대운정그린캠퍼스,518,214,304,1,49,46,131,131,160,1,10,16,44,53,90,0,39,30,87,78,70
20241,R,전통시장,3130131,동북프라자,121,49,72,0,9,23,37,29,23,0,4,8,17,9,11,0,5,15,20,20,12
20241,A,골목상권,3110355,삼양사거리역 2번,306,254,52,0,8,26,44,103,125,0,1,10,31,94,118,0,7,16,13,9,7
20241,A,골목상권,3110344,화계중학교,12,10,2,0,7,1,1,2,1,0,5,1,1,2,1,0,2,0,0,0,0
20241,A,골목상권,3110340,인수중학교,176,99,77,0,24,55,50,29,18,0,8,43,31,7,10,0,16,12,19,22,8
20241,R,전통시장,3130129,장미원골목시장,911,571,340,0,15,14,38,89,755,0,1,4,12,40,514,0,14,10,26,49,241
20241,A,골목상권,3110337,아카데미하우스,512,368,144,6,70,69,94,159,114,6,43,58,60,98,103,0,27,11,34,61,11
20241,A,골목상권,3110343,무너미어린이공원,100,74,26,0,7,21,28,32,12,0,4,14,22,25,9,0,3,7,6,7,3
20241,A,골목상권,3110351,수유북부시장옆,214,93,121,0,27,45,51,59,32,0,9,17,20,25,22,0,18,28,31,34,10
20241,A,골목상권,3110342,국립재활원,60,45,15,0,5,11,20,15,9,0,3,8,14,13,7,0,2,3,6,2,2
20241,A,골목상권,3110338,인수초등학교,263,192,71,0,34,67,61,63,38,0,18,49,44,48,33,0,16,18,17,15,5
20241,R,전통시장,3130151,신도봉시장,5,5,0,0,1,0,2,2,0,0,1,0,2,2,0,0,0,0,0,0,0
20241,R,전통시장,3130150,창동골목시장,84,47,37,0,19,30,14,8,13,0,7,20,9,5,6,0,12,10,5,3,7
20241,A,골목상권,3110409,창동역 2번,396,202,194,0,33,43,83,109,128,0,12,29,59,45,57,0,21,14,24,64,71
20241,A,골목상권,3110434,태릉입구역 4번,121,62,59,0,13,11,24,35,38,0,3,2,12,22,23,0,10,9,12,13,15
20241,A,골목상권,3110433,공릉역 2번,401,137,264,1,30,41,46,46,237,1,17,30,25,18,46,0,13,11,21,28,191
20241,A,골목상권,3110422,노원역 9번,277,221,56,0,27,70,94,54,32,0,24,59,79,37,22,0,3,11,15,17,10
20241,D,발달상권,3120085,은행사거리,317,121,196,4,51,48,80,78,56,3,11,14,21,40,32,1,40,34,59,38,24
20241,A,골목상권,3110430,중계초등학교,275,100,175,0,18,28,58,96,75,0,8,7,19,25,41,0,10,21,39,71,34
20241,A,골목상권,3110441,영신여고,138,72,66,0,12,28,33,41,24,0,7,20,15,21,9,0,5,8,18,20,15
20241,A,골목상권,3110467,은평요양병원,487,284,203,3,90,154,110,68,62,2,46,100,61,37,38,1,44,54,49,31,24
20241,A,골목상권,3110454,선정중학교,481,268,213,3,56,71,142,108,101,2,42,35,53,66,70,1,14,36,89,42,31
20241,A,골목상권,3110450,시립서북병원,774,421,353,3,138,166,179,154,134,2,80,103,96,70,70,1,58,63,83,84,64
20241,A,골목상권,3110472,연신내역 4번,335,156,179,2,52,77,79,68,57,1,16,43,30,37,29,1,36,34,49,31,28
20241,R,전통시장,3130168,연서시장,234,155,79,0,19,50,51,64,50,0,5,23,33,49,45,0,14,27,18,15,5
20241,A,골목상권,3110446,내를건너서숲으로도서관,163,124,39,0,6,14,51,45,47,0,5,9,33,35,42,0,1,5,18,10,5
20241,A,골목상권,3110488,우리은행응암동지점,174,104,70,1,14,24,41,38,56,0,8,16,19,15,46,1,6,8,22,23,10
20241,A,골목상권,3110449,증산역 3번,709,410,299,0,104,160,182,147,116,0,47,98,96,84,85,0,57,62,86,63,31
20241,D,발달상권,3120094,"신촌역(신촌역, 신촌로터리)",5328,2411,2917,67,2381,1182,676,592,430,23,994,579,296,278,241,44,1387,603,380,314,189
20241,A,골목상권,3110517,서대문소방서,884,634,250,8,197,216,203,177,83,5,99,170,163,146,51,3,98,46,40,31,32
20241,D,발달상권,3120097,충정로역,2246,1354,892,0,321,658,631,407,229,0,172,390,397,254,141,0,149,268,234,153,88
20241,A,골목상권,3110504,명지전문대,170,46,124,1,21,19,35,41,53,0,5,4,10,13,14,1,16,15,25,28,39
20241,A,골목상권,3110515,홍은중학교,396,312,84,1,45,118,119,68,45,1,33,93,94,52,39,0,12,25,25,16,6
20241,A,골목상권,3110523,홍제성원아파트,21,9,12,0,0,4,5,7,5,0,0,0,2,5,2,0,0,4,3,2,3
20241,D,발달상권,3120095,홍제역,931,525,406,1,73,108,267,363,119,0,16,56,142,223,88,1,57,52,125,140,31
20241,A,골목상권,3110528,서울여자간호대학교,324,160,164,0,11,25,38,72,178,0,10,14,20,24,92,0,1,11,18,48,86
20241,A,골목상권,3110587,공덕동주민센터,264,135,129,1,43,53,75,55,37,1,16,31,47,23,17,0,27,22,28,32,20
20241,A,골목상권,3110576,대흥역 3번,1605,1112,493,71,503,480,308,163,80,27,310,365,253,111,46,44,193,115,55,52,34
20241,A,골목상권,3110572,서강대역 1번,470,254,216,1,63,130,117,116,43,1,32,67,58,66,30,0,31,63,59,50,13
20241,A,골목상권,3110544,망리단길,1203,718,485,1,179,248,331,253,191,1,107,153,171,147,139,0,72,95,160,106,52
20241,R,전통시장,3130186,망원시장,143,53,90,0,9,23,40,41,30,0,6,11,14,10,12,0,3,12,26,31,18
20241,A,골목상권,3110541,동교초등학교,377,221,156,0,43,59,101,96,78,0,23,37,63,50,48,0,20,22,38,46,30
20241,A,골목상권,3110542,마포구청역 7번,3997,2442,1555,16,527,714,775,1304,661,9,297,578,604,586,368,7,230,136,171,718,293
20241,D,발달상권,3120098,DMC(디지털미디어시티),8846,5391,3455,19,1691,3228,2856,875,177,11,813,1995,1821,616,135,8,878,1233,1035,259,42
20241,D,발달상권,3120105,상수역(홍대),524,273,251,4,126,153,122,71,48,2,51,74,70,42,34,2,75,79,52,29,14
20241,R,전통시장,3130189,서교시장,24,10,14,0,2,1,7,6,8,0,0,1,2,3,4,0,2,0,5,3,4
20241,R,전통시장,3130191,홍대 걷고싶은 거리,367,225,142,6,65,65,81,82,68,4,40,41,54,47,39,2,25,24,27,35,29
20241,A,골목상권,3110548,마포구청역 4번,795,475,320,5,130,185,210,136,129,3,57,95,122,89,109,2,73,90,88,47,20
20241,A,골목상권,3110570,KB국민은행 서강지점,61,39,22,0,4,22,18,12,5,0,4,13,10,7,5,0,0,9,8,5,0
20241,A,골목상권,3110585,마포경찰서,918,790,128,0,192,360,176,181,9,0,150,313,153,166,8,0,42,47,23,15,1
20241,D,발달상권,3120111,목동사거리,1828,710,1118,1,551,601,341,219,115,0,101,248,161,116,84,1,450,353,180,103,31
20241,R,전통시장,3130209,목사랑시장(목4동시장),113,62,51,0,7,15,23,43,25,0,2,13,10,20,17,0,5,2,13,23,8
20241,A,골목상권,3110601,신월1동우편취급국,1200,814,386,3,116,180,274,437,190,1,61,115,183,309,145,2,55,65,91,128,45
20241,A,골목상권,3110599,신월1파출소,378,268,110,3,50,89,94,93,49,2,34,68,63,65,36,1,16,21,31,28,13
20241,A,골목상권,3110634,송정역 3번,664,434,230,0,64,143,178,145,134,0,33,90,116,101,94,0,31,53,62,44,40
20241,A,골목상권,3110639,신방화역 8번,534,376,158,1,76,67,89,155,146,1,18,26,52,140,139,0,58,41,37,15,7
20241,A,골목상권,3110633,개화산역 1번,28,14,14,0,0,6,10,7,5,0,0,1,5,3,5,0,0,5,5,4,0
20241,D,발달상권,3120120,화곡역,927,405,522,1,177,218,193,196,142,0,46,109,84,81,85,1,131,109,109,115,57
20241,A,골목상권,3110654,까치산역 4번,1027,687,340,2,68,149,252,380,176,1,38,81,139,281,147,1,30,68,113,99,29
20241,A,골목상권,3110663,우장산롯데캐슬아파트앞,279,217,62,0,6,19,48,106,100,0,3,13,26,82,93,0,3,6,22,24,7
20241,A,골목상권,3110658,화곡초등학교,253,153,100,0,21,55,62,69,46,0,10,35,36,44,28,0,11,20,26,25,18
20241,A,골목상권,3110695,개봉1동주민센터,537,312,225,1,56,150,140,121,69,1,31,97,72,64,47,0,25,53,68,57,22
20241,A,골목상권,3110698,개웅초등학교(개웅중학교),276,176,100,3,50,50,53,63,57,3,25,32,31,39,46,0,25,18,22,24,11
20241,A,골목상권,3110704,고척중학교,62,36,26,0,12,23,10,12,5,0,7,12,3,11,3,0,5,11,7,1,2
20241,A,골목상권,3110716,구로나눔길,666,398,268,1,132,256,164,77,36,0,39,154,115,60,30,1,93,102,49,17,6
20241,D,발달상권,3120127,구로구청,5871,3858,2013,6,600,1211,1435,1436,1183,5,362,967,1048,802,674,1,238,244,387,634,509
20241,A,골목상권,3110682,온수역 8번,25,11,14,0,2,4,13,5,1,0,2,2,6,1,0,0,0,2,7,4,1
20241,A,골목상권,3110684,서울공연예술고등학교,251,136,115,2,50,78,61,36,24,0,19,54,34,19,10,2,31,24,27,17,14
20241,A,골목상권,3110685,금강수목원아파트,56,39,17,0,10,12,12,11,11,0,7,10,5,7,10,0,3,2,7,4,1
20241,A,골목상권,3110732,가산초등학교(세일중학교),362,258,104,1,42,68,107,79,65,0,23,39,78,64,54,1,19,29,29,15,11
20241,A,골목상권,3110725,가산동주민센터,85,59,26,0,6,20,22,20,17,0,3,15,16,12,13,0,3,5,6,8,4
20241,A,골목상권,3110740,금천해태공원,646,280,366,1,135,134,136,170,70,1,47,54,56,71,51,0,88,80,80,99,19
20241,A,골목상권,3110741,독산2동주민센터,444,159,285,0,69,117,96,108,54,0,43,35,26,33,22,0,26,82,70,75,32
20241,R,전통시장,3130237,박미시장(기능상실),39,26,13,0,1,6,11,9,12,0,0,2,7,8,9,0,1,4,4,1,3
20241,R,전통시장,3130238,은행나무시장,113,71,42,0,22,24,31,22,14,0,13,16,22,14,6,0,9,8,9,8,8
20241,A,골목상권,3110763,영등포구청역 2번,480,353,127,2,84,147,107,84,56,0,53,100,79,72,49,2,31,47,28,12,7
20241,A,골목상권,3110769,대림차이나타운(대림역 12번),42,12,30,0,6,8,12,10,6,0,0,3,4,3,2,0,6,5,8,7,4
20241,A,골목상권,3110777,구로세무서,282,210,72,0,36,41,47,83,75,0,13,30,32,66,69,0,23,11,15,17,6
20241,R,전통시장,3130245,영일시장,675,567,108,1,61,189,238,136,50,0,41,148,217,115,46,1,20,41,21,21,4
20241,A,골목상권,3110814,서울지방병무청,673,364,309,1,51,117,155,236,113,1,23,79,97,104,60,0,28,38,58,132,53
20241,A,골목상권,3110810,영신초등학교,403,183,220,0,58,147,59,78,61,0,24,67,27,43,22,0,34,80,32,35,39
20241,A,골목상권,3110817,대방역 4번,26,19,7,0,2,6,6,6,6,0,0,4,4,6,5,0,2,2,2,0,1
20241,A,골목상권,3110757,양평역 2번,1501,1114,387,1,111,230,356,424,379,0,51,176,286,314,287,1,60,54,70,110,92
20241,A,골목상권,3110762,선유도역 1번,3139,2286,853,6,392,669,739,809,524,4,217,459,529,629,448,2,175,210,210,180,76
20241,D,발달상권,3120150,63빌딩,8614,5431,3183,45,1167,2157,2997,1883,365,18,610,1437,1563,1568,235,27,557,720,1434,315,130
20241,D,발달상권,3120145,영등포역(영등포),3856,1817,2039,22,673,1021,921,702,517,0,202,441,486,388,300,22,471,580,435,314,217
20241,R,전통시장,3130255,영등포전통시장,45,29,16,0,1,7,5,10,22,0,1,5,3,4,16,0,0,2,2,6,6
20241,A,골목상권,3110788,영등포시장역 3번,28,22,6,0,4,5,7,9,3,0,3,5,6,6,2,0,1,0,1,3,1
20241,A,골목상권,3110799,영등포본동주민센터,119,86,33,5,21,16,11,22,44,3,12,10,6,15,40,2,9,6,5,7,4
20241,A,골목상권,3110834,동작구자원봉사센터,41,25,16,0,3,5,8,11,14,0,2,2,8,6,7,0,1,3,0,5,7
20241,A,골목상권,3110832,노량진초등학교,491,269,222,0,54,105,122,153,57,0,24,64,85,70,26,0,30,41,37,83,31
20241,D,발달상권,3120153,노량진역(노량진),3600,1756,1844,10,508,1172,906,675,329,2,185,464,433,450,222,8,323,708,473,225,107
20241,R,전통시장,3130274,사당1동먹자골목상점가(사당1동먹자골목),389,218,171,4,91,100,81,63,50,3,45,64,37,35,34,1,46,36,44,28,16
20241,R,전통시장,3130273,남성사계시장(남성시장),141,63,78,0,21,36,45,22,17,0,3,19,20,8,13,0,18,17,25,14,4
20241,A,골목상권,3110851,경문고등학교(동작동성당),493,236,257,0,79,137,141,105,31,0,32,53,66,67,18,0,47,84,75,38,13
20241,A,골목상권,3110845,사당종합체육관,101,50,51,0,8,17,35,26,15,0,5,8,19,9,9,0,3,9,16,17,6
20241,R,전통시장,3130271,남성역골목시장,467,268,199,1,36,33,39,47,311,1,12,20,22,16,197,0,24,13,17,31,114
20241,A,골목상권,3110831,상도4동주민센터,72,40,32,0,3,13,14,29,13,0,3,6,6,18,7,0,0,7,8,11,6
20241,R,전통시장,3130262,상도도깨비 골목형상점가,21,13,8,0,0,4,10,4,3,0,0,4,6,1,2,0,0,0,4,3,1
20241,A,골목상권,3110825,신대방삼거리역 1번,319,207,112,0,33,63,96,72,55,0,23,41,58,47,38,0,10,22,38,25,17
20241,R,전통시장,3130260,신대방1동골목상권,70,31,39,0,8,22,15,15,10,0,0,7,7,10,7,0,8,15,8,5,3
20241,A,골목상권,3110902,사당역 4번,1184,729,455,1,189,266,295,248,185,0,82,168,204,156,119,1,107,98,91,92,66
20241,A,골목상권,3110881,구립대학경로당(관악산샘말공원),1580,1288,292,1,317,450,449,266,97,1,225,374,391,229,68,0,92,76,58,37,29
20241,A,골목상권,3110894,관악동부센트레빌아파트(은천로35라길),20,8,12,0,2,4,3,6,5,0,0,2,1,2,3,0,2,2,2,4,2
20241,A,골목상권,3110869,"신림역 5번(신림동주민센터, 신림동별빛거리)",1026,681,345,1,79,136,248,233,329,1,36,73,143,155,273,0,43,63,105,78,56
20241,A,골목상권,3110877,신림역 8번,319,154,165,2,23,63,86,80,65,0,10,30,36,39,39,2,13,33,50,41,26
20241,A,골목상권,3110884,봉천역 4번(봉천110안전센터),372,284,88,1,17,30,61,98,165,0,1,8,49,84,142,1,16,22,12,14,23
20241,R,전통시장,3130275,강남골목시장,164,121,43,0,17,38,46,34,29,0,15,32,30,23,21,0,2,6,16,11,8
20241,R,전통시장,3130276,신림중앙시장(조원동 펭귄시장),39,27,12,0,1,2,13,11,12,0,0,2,7,9,9,0,1,0,6,2,3
20241,A,골목상권,3110892,관악구 중앙길,709,341,368,0,69,110,159,221,150,0,25,55,76,105,80,0,44,55,83,116,70
20241,A,골목상권,3110896,관악우성아파트,202,49,153,0,41,37,44,47,33,0,5,7,11,13,13,0,36,30,33,34,20
20241,A,골목상권,3110947,청계산입구역 2번(내곡동주민센터),112,45,67,0,18,17,27,18,32,0,8,9,14,7,7,0,10,8,13,11,25
20241,A,골목상권,3110918,방배역 3번,682,438,244,3,98,127,164,142,148,2,59,85,108,86,98,1,39,42,56,56,50
20241,A,골목상권,3110922,내방역 1번,219,112,107,1,42,47,47,42,40,0,13,23,27,23,26,1,29,24,20,19,14
20241,A,골목상권,3110934,우면주공아파트,994,674,320,6,197,291,253,161,86,5,83,217,195,110,64,1,114,74,58,51,22
20241,A,골목상권,3110927,잠원역,745,553,192,2,93,342,198,98,12,2,82,218,159,81,11,0,11,124,39,17,1
20241,A,골목상권,3110993,개포지하차도 북측,70,53,17,0,3,9,19,23,16,0,2,7,16,18,10,0,1,2,3,5,6
20241,R,전통시장,3130310,강남개포시장,298,173,125,0,29,56,71,82,60,0,8,23,42,56,44,0,21,33,29,26,16
20241,A,골목상권,3110961,언주역 3번,962,673,289,5,172,286,248,140,111,3,97,184,187,112,90,2,75,102,61,28,21
20241,D,발달상권,3120222,삼성역,43324,24141,19183,244,8091,13641,10294,6385,4669,119,3186,7703,6883,3711,2539,125,4905,5938,3411,2674,2130
20241,A,골목상권,3110992,도곡초등학교,2179,1144,1035,3,269,440,484,524,459,1,108,253,258,260,264,2,161,187,226,264,195
20241,A,골목상권,3110975,매봉역 1번,10837,6932,3905,34,2175,2199,3202,3019,208,21,1010,1161,2184,2402,154,13,1165,1038,1018,617,54
20241,D,발달상권,3120201,도곡1동,11549,6381,5168,116,3564,3468,2477,1299,625,31,1365,2018,1727,754,486,85,2199,1450,750,545,139
20241,A,골목상권,3110986,삼성중앙역 7번,90,59,31,0,9,18,36,19,8,0,3,6,29,15,6,0,6,12,7,4,2
20241,A,골목상권,3110999,윗방죽마을공원,268,130,138,2,19,43,44,83,77,1,12,27,27,39,24,1,7,16,17,44,53
20241,D,발달상권,3120224,수서역,12418,6339,6079,23,1900,3177,3167,2346,1805,12,860,1669,1497,1232,1069,11,1040,1508,1670,1114,736
20241,D,발달상권,3120198,구역삼세무서,11531,7246,4285,23,2691,3529,2889,1562,837,12,1141,2216,2115,1139,623,11,1550,1313,774,423,214
20241,D,발달상권,3120197,역삼역,58731,38593,20138,93,10093,18065,15897,10840,3743,43,5229,11924,11872,7083,2442,50,4864,6141,4025,3757,1301
20241,D,발달상권,3120208,청담사거리(청담동명품거리),11437,5280,6157,43,3488,4035,2275,1044,552,17,1116,1816,1308,628,395,26,2372,2219,967,416,157
20241,D,발달상권,3120239,오금역,4595,2925,1670,17,840,1205,1156,897,480,11,447,798,824,483,362,6,393,407,332,414,118
20241,A,골목상권,3111041,거여역 8번,411,336,75,1,102,118,81,62,47,1,84,93,67,50,41,0,18,25,14,12,6
20241,A,골목상권,3111042,거여역 1번(거여공원),872,597,275,3,147,186,251,200,85,3,121,134,159,130,50,0,26,52,92,70,35
20241,D,발달상권,3120235,문정역,954,648,306,1,117,204,211,255,166,0,70,158,152,154,114,1,47,46,59,101,52
20241,A,골목상권,3111012,석촌역 6번,732,332,400,2,91,127,180,183,149,2,23,56,83,93,75,0,68,71,97,90,74
20241,D,발달상권,3120230,송파사거리(송파역),876,470,406,4,96,176,202,193,205,1,38,99,115,92,125,3,58,77,87,101,80
20241,A,골목상권,3111034,오동나무공원(송파레미니스1단지),1465,1038,427,3,253,373,355,322,159,3,163,257,267,226,122,0,90,116,88,96,37
20241,A,골목상권,3111011,잠실나루역,9608,7747,1861,42,1275,3018,2795,2046,432,18,924,2492,2309,1674,330,24,351,526,486,372,102
20241,A,골목상권,3111004,삼전역 1번,2036,1331,705,13,263,407,504,376,473,0,108,261,337,239,386,13,155,146,167,137,87
20241,R,전통시장,3130326,고덕 골목형상점가,935,850,85,0,8,37,165,395,330,0,4,31,147,360,308,0,4,6,18,35,22
20241,A,골목상권,3111088,고덕동성당,123,54,69,0,15,32,32,31,13,0,4,15,10,15,10,0,11,17,22,16,3
20241,A,골목상권,3111083,GS강동자이아파트,411,245,166,0,67,62,70,100,112,0,47,43,41,44,70,0,20,19,29,56,42
20241,R,전통시장,3130324,길동복조리시장,154,85,69,3,27,32,47,40,5,2,13,18,31,19,2,1,14,14,16,21,3
20241,A,골목상권,3111076,둔촌2동주민센터,297,174,123,0,25,49,61,86,76,0,14,24,34,39,63,0,11,25,27,47,13
20241,A,골목상권,3111081,둔촌푸르지오아파트,78,50,28,0,8,17,18,18,17,0,4,12,13,6,15,0,4,5,5,12,2
20241,A,골목상권,3111074,명일역 1번,147,77,70,2,31,38,40,16,20,1,9,23,23,10,11,1,22,15,17,6,9
20241,R,전통시장,3130321,장신구 특화거리 상점가,433,269,164,0,92,114,88,92,47,0,43,72,56,61,37,0,49,42,32,31,10
20241,A,골목상권,3111058,성내중학교,451,317,134,0,51,92,129,121,58,0,37,63,90,82,45,0,14,29,39,39,13
20241,D,발달상권,3120243,천호역,1395,637,758,6,189,265,331,296,308,2,64,109,143,126,193,4,125,156,188,170,115
20241,D,발달상권,3120244,암사역,916,401,515,0,70,85,103,111,547,0,14,44,49,42,252,0,56,41,54,69,295
20241,A,골목상권,3111075,굽은다리역 2번,193,114,79,0,14,42,54,52,31,0,14,28,24,31,17,0,0,14,30,21,14
20241,A,골목상권,3110018,중앙고등학교,829,408,421,0,92,166,209,160,202,0,27,55,100,80,146,0,65,111,109,80,56
20241,A,골목상권,3110006,부암동주민센터,27,16,11,0,2,7,7,5,6,0,2,5,2,3,4,0,0,2,5,2,2
20241,A,골목상권,3110003,세검정초등학교,607,337,270,7,78,120,167,167,68,6,35,45,103,96,52,1,43,75,64,71,16
20241,D,발달상권,3120005,삼청동,3049,2795,254,1,399,709,898,817,225,0,340,633,848,776,198,1,59,76,50,41,27
20241,D,발달상권,3120062,신설동역,12648,5435,7213,13,1214,2604,3451,3483,1883,2,444,1433,1624,1125,807,11,770,1171,1827,2358,1076
20241,D,발달상권,3120013,이화사거리,7536,5468,2068,8,1300,2502,2063,1294,369,1,626,1730,1678,1171,262,7,674,772,385,123,107
20241,A,골목상권,3110027,혜화역 1번,598,358,240,1,67,108,127,97,198,0,25,70,64,54,145,1,42,38,63,43,53
20241,D,발달상권,3120006,종각역,33181,16028,17153,59,5900,11133,9928,5489,672,14,2254,4920,4677,3672,491,45,3646,6213,5251,1817,181
20241,R,전통시장,3130009,마전교지하쇼핑센터(구 한일상가),24,16,8,0,0,2,3,7,12,0,0,2,2,4,8,0,0,0,1,3,4
20241,R,전통시장,3130012,"동대문종합시장(동대문종합시장 신관, 동대문종합시장D동상가)",1319,965,354,2,156,325,348,339,149,0,116,251,238,247,113,2,40,74,110,92,36
20241,R,전통시장,3130011,충신시장,88,44,44,0,19,19,20,17,13,0,7,11,8,8,10,0,12,8,12,9,3
20241,R,전통시장,3130017,동대문상가C동,12,9,3,0,1,4,4,2,1,0,1,4,3,0,1,0,0,0,1,2,0
20241,A,골목상권,3110029,동대문역 1번,247,68,179,0,11,34,64,82,56,0,1,8,25,21,13,0,10,26,39,61,43
20241,R,전통시장,3130001,통인시장,63,31,32,0,4,16,12,13,18,0,2,4,7,7,11,0,2,12,5,6,7
20241,A,골목상권,3110010,평창동서측,5240,2651,2589,1,324,1250,2239,1231,195,0,76,342,1157,943,133,1,248,908,1082,288,62
20241,U,관광특구,3001493,동대문패션타운 관광특구,5916,2900,3016,36,1415,1672,1133,1020,640,13,536,733,643,584,391,23,879,939,490,436,249
20241,D,발달상권,3120031,을지로3가역,6147,3450,2697,9,699,1541,1643,1286,969,0,223,730,924,892,681,9,476,811,719,394,288
20241,D,발달상권,3120020,시청역_1번,6561,4672,1889,29,1436,1964,1905,1013,214,17,728,1351,1643,776,157,12,708,613,262,237,57
20241,A,골목상권,3110110,상왕십리역 6번,87,54,33,1,12,16,24,18,16,1,7,11,13,10,12,0,5,5,11,8,4
20241,R,전통시장,3130046,team204(팀204),20,13,7,0,1,3,4,2,10,0,0,2,3,1,7,0,1,1,1,1,3
20241,R,전통시장,3130042,약수시장,158,67,91,2,36,30,40,21,29,2,9,9,19,8,20,0,27,21,21,13,9
20241,A,골목상권,3110057,황학코아루아파트,64,44,20,0,8,13,20,10,13,0,4,6,17,8,9,0,4,7,3,2,4
20241,D,발달상권,3120042,"숙대입구역(남영역, 남영동)",4057,2797,1260,20,750,1490,1024,558,215,8,370,894,831,510,184,12,380,596,193,48,31
20241,A,골목상권,3110063,효창공원앞역 5번,530,347,183,8,47,104,139,132,100,6,25,71,93,87,65,2,22,33,46,45,35
20241,A,골목상권,3110080,해방촌예술마을,311,168,143,0,53,71,88,58,41,0,18,40,52,31,27,0,35,31,36,27,14
20241,A,골목상권,3110085,경리단길남측,532,260,272,4,98,163,148,67,52,2,40,59,78,41,40,2,58,104,70,26,12
20241,A,골목상권,3110095,한강진역 3번,1186,801,385,16,160,326,321,298,65,8,61,235,227,226,44,8,99,91,94,72,21
20241,A,골목상권,3110091,리움미술관,1106,810,296,0,216,345,343,155,47,0,117,236,293,128,36,0,99,109,50,27,11
20241,A,골목상권,3110588,한겨레신문사,169,92,77,0,34,44,41,33,17,0,14,22,20,21,15,0,20,22,21,12,2
20241,R,전통시장,3130059,후암시장,64,40,24,0,6,12,16,11,19,0,4,5,10,7,14,0,2,7,6,4,5
20241,A,골목상권,3110103,옥수터널,13,11,2,1,0,2,2,6,2,0,0,2,2,5,2,1,0,0,0,1,0
20241,A,골목상권,3110117,성동구보건소,103,73,30,1,14,27,19,33,9,1,10,20,11,25,6,0,4,7,8,8,3
20241,D,발달상권,3120049,왕십리역(왕십리),1459,1004,455,1,183,301,377,468,129,1,92,187,272,371,81,0,91,114,105,97,48
20241,A,골목상권,3110131,성수동카페거리,4798,3110,1688,15,902,1536,1123,699,523,9,460,993,777,497,374,6,442,543,346,202,149
20241,R,전통시장,3130070,뚝섬역상점가,1017,698,319,6,178,260,218,222,133,4,105,180,144,157,108,2,73,80,74,65,25
20241,D,발달상권,3120066,장한평역(장한평),7424,4770,2654,43,1531,1839,1491,1235,1285,10,739,1202,991,818,1010,33,792,637,500,417,275
20241,A,골목상권,3110130,답십리역 6번,105,89,16,0,20,24,38,15,8,0,17,20,35,10,7,0,3,4,3,5,1
20241,A,골목상권,3110111,대현산장미원,51,40,11,0,6,7,6,17,15,0,6,4,4,13,13,0,0,3,2,4,2
20241,A,골목상권,3110179,광나루역 1번,911,620,291,0,142,209,188,233,139,0,82,160,157,154,67,0,60,49,31,79,72
20241,R,전통시장,3130074,영동교골목시장,21,15,6,0,6,9,2,3,1,0,3,9,0,2,1,0,3,0,2,1,0
20241,A,골목상권,3110150,중곡1동 마을마당,1179,698,481,1,197,352,252,217,160,1,83,194,161,132,127,0,114,158,91,85,33
20241,A,골목상권,3110152,중곡어린이공원,340,300,40,0,17,29,64,121,109,0,10,21,55,109,105,0,7,8,9,12,4
20241,A,골목상권,3110162,군자역 4번,618,370,248,0,127,163,133,111,84,0,98,119,77,43,33,0,29,44,56,68,51
20241,R,전통시장,3130096,동부시장,14,9,5,0,0,0,1,1,12,0,0,0,0,0,9,0,0,0,1,1,3
20241,A,골목상권,3110187,제기동역 6번,3124,2222,902,15,559,867,746,552,385,7,387,605,531,394,298,8,172,262,215,158,87
20241,A,골목상권,3110195,동대문구청,221,115,106,0,41,58,47,40,35,0,12,28,23,27,25,0,29,30,24,13,10
20241,A,골목상권,3110189,제기동역 1번,1538,1086,452,1,233,490,342,167,305,0,98,349,286,136,217,1,135,141,56,31,88
20241,R,전통시장,3130098,회기시장,55,17,38,0,9,14,15,12,5,0,2,3,4,6,2,0,7,11,11,6,3
20241,A,골목상권,3110229,장평중학교,1332,862,470,0,145,164,190,318,515,0,81,103,125,211,342,0,64,61,65,107,173
20241,R,전통시장,3130104,전곡시장,93,54,39,0,8,17,28,26,14,0,5,8,16,13,12,0,3,9,12,13,2
20241,D,발달상권,3120063,청량리역(청량리),1209,528,681,3,226,225,249,252,254,2,66,88,96,117,159,1,160,137,153,135,95
20241,D,발달상권,3120064,경희대학교(경희대),97,44,53,0,14,27,21,13,22,0,9,13,10,4,8,0,5,14,11,9,14
20241,A,골목상권,3110278,망우본동주민센터,276,166,110,1,32,46,77,81,39,0,10,25,43,56,32,1,22,21,34,25,7
20241,A,골목상권,3110246,월드순복음교회,431,312,119,0,27,97,158,95,54,0,12,69,122,65,44,0,15,28,36,30,10
20241,A,골목상권,3110241,먹골역 5번,415,213,202,0,61,87,97,117,53,0,17,49,46,63,38,0,44,38,51,54,15
20241,A,골목상권,3110271,신내역 1번,97,74,23,0,8,17,25,29,18,0,5,14,18,23,14,0,3,3,7,6,4
20241,D,발달상권,3120072,성신여대,1048,537,511,18,137,211,213,271,198,11,46,86,103,152,139,7,91,125,110,119,59
20241,A,골목상권,3110305,보문역 5번,883,661,222,3,165,255,173,133,154,1,99,199,129,103,130,2,66,56,44,30,24
20241,A,골목상권,3110304,보문역 4번,248,146,102,0,40,77,61,48,22,0,10,46,35,37,18,0,30,31,26,11,4
20231,R,전통시장,3130096,동부시장,14,9,5,0,0,0,1,1,12,0,0,0,0,0,9,0,0,0,1,1,3
20241,A,골목상권,3110309,대광초등학교,376,266,110,0,38,63,108,103,64,0,19,44,71,78,54,0,19,19,37,25,10
20233,R,전통시장,3130144,백운시장,21,14,7,0,0,1,7,8,5,0,0,0,5,4,5,0,0,1,2,4,0
20241,A,골목상권,3110324,월곡역 4번,99,55,44,0,31,21,19,18,10,0,9,10,13,14,9,0,22,11,6,4,1
20241,A,골목상권,3110326,장위동성당,84,40,44,0,2,9,16,13,44,0,1,2,6,5,26,0,1,7,10,8,18
20241,A,골목상권,3110289,북한산보국문역 2번,144,105,39,0,9,28,49,32,26,0,6,23,30,24,22,0,3,5,19,8,4
20241,A,골목상권,3110290,북한산보국문역 1번,96,78,18,0,2,9,29,37,19,0,1,8,23,30,16,0,1,1,6,7,3
20241,R,전통시장,3130141,강북북부골목시장,36,19,17,0,12,4,11,6,3,0,3,2,6,6,2,0,9,2,5,0,1
20241,A,골목상권,3110373,수유역 2번,891,705,186,0,129,255,172,236,99,0,90,208,134,205,68,0,39,47,38,31,31
20241,A,골목상권,3110376,수송초등학교,224,142,82,0,26,47,62,60,29,0,12,29,38,41,22,0,14,18,24,19,7
20241,A,골목상권,3110375,서울북부고용노동지청,110,55,55,1,12,20,31,32,14,0,8,15,16,11,5,1,4,5,15,21,9
20241,R,전통시장,3130132,삼양골목시장(삼양시장),61,19,42,0,10,14,13,15,9,0,0,4,5,5,5,0,10,10,8,10,4
20241,D,발달상권,3120078,미아사거리역,143,89,54,0,27,28,29,30,29,0,12,16,21,18,22,0,15,12,8,12,7
20241,A,골목상권,3110377,미아사거리역 3번,21,14,7,0,2,2,2,9,6,0,2,2,1,4,5,0,0,0,1,5,1
20241,A,골목상권,3110378,송중동주민센터,23,13,10,0,1,4,6,9,3,0,1,2,2,6,2,0,0,2,4,3,1
20241,R,전통시장,3130140,숭인시장,62,27,35,0,9,13,10,15,15,0,0,4,1,9,13,0,9,9,9,6,2
20241,A,골목상권,3110368,송천초등학교,199,178,21,0,9,16,39,71,64,0,5,11,34,66,62,0,4,5,5,5,2
20241,A,골목상권,3110352,수유1동주민센터,275,112,163,0,23,49,101,79,23,0,11,22,37,29,13,0,12,27,64,50,10
20241,A,골목상권,3110349,화계역 2번,83,67,16,0,6,4,21,33,19,0,5,3,12,28,19,0,1,1,9,5,0
20241,A,골목상권,3110346,4.19민주묘지역 2번,96,48,48,0,12,13,19,19,33,0,3,7,8,7,23,0,9,6,11,12,10
20241,A,골목상권,3110345,솔밭공원역 2번,114,47,67,1,14,18,26,37,18,0,3,6,8,17,13,1,11,12,18,20,5
20241,A,골목상권,3110395,신한은행 방학동지점,163,42,121,0,17,20,44,42,40,0,0,2,11,9,20,0,17,18,33,33,20
20241,R,전통시장,3130148,방학동도깨비시장,39,16,23,0,2,6,12,12,7,0,0,1,5,8,2,0,2,5,7,4,5
20241,A,골목상권,3110386,연산군묘,124,114,10,0,4,3,10,44,63,0,1,3,7,40,63,0,3,0,3,4,0
20241,A,골목상권,3110383,덕성여대시반거리,33,21,12,0,0,3,13,10,7,0,0,2,9,5,5,0,0,1,4,5,2
20241,A,골목상권,3110399,창2동주민센터,849,516,333,8,110,207,262,192,70,8,69,157,137,97,48,0,41,50,125,95,22
20241,A,골목상권,3110404,신창초등학교,515,298,217,1,42,93,163,136,80,0,11,56,109,76,46,1,31,37,54,60,34
20241,A,골목상권,3110408,가인초등학교,355,105,250,0,66,70,100,85,34,0,12,24,32,21,16,0,54,46,68,64,18
20241,A,골목상권,3110415,수락산역 4번,635,386,249,5,82,110,155,174,109,5,46,71,85,110,69,0,36,39,70,64,40
20241,A,골목상권,3110439,당고개역 5번,96,45,51,0,4,14,12,32,34,0,0,10,6,16,13,0,4,4,6,16,21
20241,A,골목상권,3110465,연신내역 7번,240,119,121,3,38,52,57,54,36,2,12,29,25,25,26,1,26,23,32,29,10
20241,R,전통시장,3130171,불광먹자골목 골목형상점가,155,54,101,0,18,31,24,37,45,0,4,9,11,16,14,0,14,22,13,21,31
20241,A,골목상권,3110468,응암역 3번,1202,526,676,2,142,266,324,272,196,0,45,119,142,116,104,2,97,147,182,156,92
20241,A,골목상권,3110471,응암동우체국,263,117,146,0,34,61,73,70,25,0,11,21,28,35,22,0,23,40,45,35,3
20241,A,골목상권,3110463,응암3동주민센터,123,54,69,0,7,23,36,26,31,0,3,6,14,11,20,0,4,17,22,15,11
20241,R,전통시장,3130162,증산골목시장,7,3,4,0,0,2,2,1,2,0,0,0,0,1,2,0,0,2,2,0,0
20241,D,발달상권,3120089,구파발역,5,1,4,0,0,0,1,2,2,0,0,0,0,1,0,0,0,0,1,1,2
20241,A,골목상권,3110502,남가좌파출소,290,147,143,0,29,34,73,92,62,0,14,16,35,47,35,0,15,18,38,45,27
20241,A,골목상권,3110503,명지대학교교회,230,123,107,0,27,52,59,64,28,0,9,30,26,36,22,0,18,22,33,28,6
20241,A,골목상권,3110493,북가좌초등학교,892,830,62,0,2,19,27,80,764,0,0,12,22,68,728,0,2,7,5,12,36
20241,A,골목상권,3110496,모래내우체국,611,333,278,2,88,190,160,89,82,2,20,100,117,42,52,0,68,90,43,47,30
20241,A,골목상권,3110495,북가좌2동주민센터,501,372,129,0,28,67,125,185,96,0,11,45,88,152,76,0,17,22,37,33,20
20241,A,골목상권,3110532,아현역 2번,328,204,124,0,52,33,46,78,119,0,17,13,22,57,95,0,35,20,24,21,24
20241,A,골목상권,3110518,서대문구청,129,72,57,0,22,38,30,23,16,0,6,19,22,15,10,0,16,19,8,8,6
20241,R,전통시장,3130182,영천시장,78,35,43,0,13,8,24,22,11,0,3,4,10,12,6,0,10,4,14,10,5
20241,A,골목상권,3110539,미근동,2792,1821,971,13,225,688,889,822,155,9,167,550,547,424,124,4,58,138,342,398,31
20241,A,골목상권,3110529,홍제3동주민센터,125,58,67,0,13,20,27,25,40,0,2,5,8,14,29,0,11,15,19,11,11
20241,D,발달상권,3120106,마포역,11485,7110,4375,12,1812,2735,2685,2311,1930,8,917,1662,1891,1437,1195,4,895,1073,794,874,735
20241,A,골목상권,3110547,KB국민은행 망원동지점,284,168,116,0,13,47,93,76,55,0,4,25,55,45,39,0,9,22,38,31,16
20241,A,골목상권,3110567,광흥창역 6번,91,61,30,0,16,26,27,12,10,0,8,20,13,11,9,0,8,6,14,1,1
20241,R,전통시장,3130187,영진시장,29,14,15,0,4,5,11,7,2,0,2,2,6,2,2,0,2,3,5,5,0
20241,A,골목상권,3110554,망원역 1번,1579,777,802,2,213,371,508,350,135,2,105,188,241,156,85,0,108,183,267,194,50
20241,A,골목상권,3110560,마포FM,292,140,152,0,26,64,87,77,38,0,10,26,40,36,28,0,16,38,47,41,10
20241,A,골목상권,3110543,중암중학교,38,25,13,0,6,8,14,7,3,0,3,5,8,6,3,0,3,3,6,1,0
20241,R,전통시장,3130192,동진시장,10,6,4,0,1,1,4,3,1,0,1,1,1,2,1,0,0,0,3,1,0
20241,A,골목상권,3110626,양화초등학교,652,271,381,1,127,138,149,147,90,0,37,57,76,63,38,1,90,81,73,84,52
20241,A,골목상권,3110618,강서고등학교,193,135,58,0,19,38,52,52,32,0,10,29,36,34,26,0,9,9,16,18,6
20241,R,전통시장,3130203,서서울 골목형상점가,34,7,27,0,2,7,10,12,3,0,0,0,2,4,1,0,2,7,8,8,2
20241,A,골목상권,3110595,메디힐병원,731,459,272,0,80,148,163,185,155,0,34,85,86,136,118,0,46,63,77,49,37
20241,R,전통시장,3130205,신곡종합시장(신월6동 골목시장),141,103,38,1,17,36,39,32,16,0,10,27,33,18,15,1,7,9,6,14,1
20241,A,골목상권,3110598,신월문화체육센터,381,174,207,0,16,50,101,131,83,0,4,22,40,60,48,0,12,28,61,71,35
20241,A,골목상권,3110612,신정역 5번,644,303,341,1,85,88,143,197,130,0,44,62,74,70,53,1,41,26,69,127,77
20241,D,발달상권,3120116,송정역,117,64,53,0,17,27,28,20,25,0,9,11,15,10,19,0,8,16,13,10,6
20241,A,골목상권,3110637,송정역 2번,560,358,202,4,67,121,116,154,98,0,34,74,81,100,69,4,33,47,35,54,29
20241,A,골목상권,3110677,등촌역 1번,410,321,89,1,50,80,83,91,105,1,24,51,70,76,99,0,26,29,13,15,6
20241,R,전통시장,3130220,등마루시장,491,167,324,5,44,61,71,166,144,3,16,29,38,34,47,2,28,32,33,132,97
20241,R,전통시장,3130212,공항시장,8,6,2,0,1,0,3,2,2,0,1,0,3,0,2,0,0,0,0,2,0
20241,A,골목상권,3110640,방화역 1번,1019,638,381,3,139,292,240,195,150,3,62,119,167,158,129,0,77,173,73,37,21
20241,A,골목상권,3110642,정곡초등학교,193,163,30,2,8,14,35,69,65,1,4,10,30,58,60,1,4,4,5,11,5
20241,A,골목상권,3110662,까치산역 1번,1480,885,595,4,245,501,396,234,100,4,129,301,207,171,73,0,116,200,189,63,27
20241,A,골목상권,3110646,푸른들청소년도서관,754,384,370,1,92,113,198,187,163,1,26,47,97,99,114,0,66,66,101,88,49
20241,R,전통시장,3130215,대원종합시장,9,7,2,0,0,1,0,3,5,0,0,1,0,2,4,0,0,0,0,1,1
20241,A,골목상권,3110661,강서새말어린이공원,126,48,78,0,3,13,30,38,42,0,2,8,10,9,19,0,1,5,20,29,23
20241,A,골목상권,3110664,강서구청옆,111,48,63,0,14,10,31,43,13,0,11,7,10,9,11,0,3,3,21,34,2
20241,A,골목상권,3110703,개봉역,307,192,115,4,28,54,91,77,53,3,16,30,54,49,40,1,12,24,37,28,13
20241,A,골목상권,3110714,구로4동주민센터,261,149,112,0,32,43,54,76,56,0,7,18,31,50,43,0,25,25,23,26,13
20241,A,골목상권,3110715,구로구민회관,84,59,25,0,12,13,29,23,7,0,5,10,19,19,6,0,7,3,10,4,1
20241,A,골목상권,3110687,"천왕역 3번(오류2동주민센터, 서울오류남초등학교)",21,16,5,0,2,3,5,6,5,0,1,3,4,4,4,0,1,0,1,2,1
20241,D,발달상권,3120131,가산디지털단지,81127,53423,27704,289,16342,25688,20130,11589,7089,184,8639,17233,14526,7698,5143,105,7703,8455,5604,3891,1946
20241,A,골목상권,3110724,금천구립가산도서관,364,254,110,1,42,76,120,89,36,1,33,60,90,45,25,0,9,16,30,44,11
20241,R,전통시장,3130232,독산동 맛나는거리상점가(독산동 맛나는거리),33,24,9,0,3,12,5,10,3,0,2,9,4,6,3,0,1,3,1,4,0
20241,A,골목상권,3110746,금천금빛공원(은행나무사거리서측),76,53,23,0,5,11,23,22,15,0,3,9,13,16,12,0,2,2,10,6,3
20241,D,발달상권,3120133,서울시흥동우체국(홈플러스시흥점),154,66,88,1,16,23,31,43,40,1,7,11,15,12,20,0,9,12,16,31,20
20241,A,골목상권,3110733,금천어울림복지센터,374,293,81,3,34,89,74,90,84,3,22,67,59,66,76,0,12,22,15,24,8
20241,A,골목상권,3110749,금산초등학교(금천고등학교),418,255,163,0,51,99,100,118,50,0,26,61,51,81,36,0,25,38,49,37,14
20241,A,골목상권,3110790,대림1동주민센터,741,337,404,1,74,163,282,161,60,1,46,71,89,77,53,0,28,92,193,84,7
20241,A,골목상권,3110761,문래동남성맨션,180,106,74,0,13,43,45,41,38,0,8,17,26,25,30,0,5,26,19,16,8
20241,A,골목상권,3110759,문래예술촌(문래창작촌),4221,2168,2053,9,521,838,1001,1281,571,5,266,553,595,462,287,4,255,285,406,819,284
20241,R,전통시장,3130259,대신시장,14,10,4,0,1,0,5,4,4,0,1,0,3,3,3,0,0,0,2,1,1
20241,A,골목상권,3110791,신풍역 3번,25,17,8,0,1,5,9,9,1,0,0,2,6,8,1,0,1,3,3,1,0
20231,R,전통시장,3130204,경창시장,102,51,51,0,5,12,29,27,29,0,2,5,13,16,15,0,3,7,16,11,14
20241,A,골목상권,3110804,신풍역 1번,312,187,125,0,15,37,62,63,135,0,4,15,29,35,104,0,11,22,33,28,31
20241,D,발달상권,3120146,한강성심병원,5066,2882,2184,18,1252,1255,1097,821,623,8,405,669,729,584,487,10,847,586,368,237,136
20241,A,골목상권,3110806,서울시립영등포장애인복지관,76,42,34,0,18,30,13,13,2,0,5,16,9,11,1,0,13,14,4,2,1
20241,A,골목상권,3110808,신길역 1번,67,48,19,0,3,22,21,13,8,0,3,15,14,9,7,0,0,7,7,4,1
20241,R,전통시장,3130267,본동인정시장(기능상실),59,41,18,0,6,10,12,15,16,0,4,7,9,8,13,0,2,3,3,7,3
20241,R,전통시장,3130263,신노량진시장(기능상실),13,4,9,0,0,3,4,6,0,0,0,0,1,3,0,0,0,3,3,3,0
20241,R,전통시장,3130264,상도약수골목형상점가,65,35,30,1,14,8,15,20,7,0,4,3,9,12,7,1,10,5,6,8,0
20241,A,골목상권,3110818,신대방역 3번,20,9,11,0,1,3,7,7,2,0,1,3,2,1,2,0,0,0,5,6,0
20241,A,골목상권,3110860,호림박물관(성보고등학교),410,314,96,1,57,102,66,110,74,1,44,84,47,78,60,0,13,18,19,32,14
20241,A,골목상권,3110879,신림현대아파트,17,7,10,0,2,3,5,5,2,0,1,2,2,2,0,0,1,1,3,3,2
20241,A,골목상권,3110882,신성초등학교,733,444,289,1,95,131,215,168,123,0,52,67,122,109,94,1,43,64,93,59,29
20241,A,골목상권,3110868,남부초등학교,232,126,106,0,20,29,45,49,89,0,11,23,22,28,42,0,9,6,23,21,47
20241,R,전통시장,3130279,관악신사시장,2159,1727,432,0,365,671,738,355,30,0,172,530,669,333,23,0,193,141,69,22,7
20241,A,골목상권,3110872,신림초등학교,279,196,83,3,54,68,69,54,31,3,36,54,54,42,7,0,18,14,15,12,24
20241,A,골목상권,3110871,신원동주민센터,64,32,32,1,6,13,19,12,13,0,4,6,8,7,7,1,2,7,11,5,6
20241,A,골목상권,3110853,KT구로지사,217,130,87,0,21,49,65,51,31,0,9,27,44,28,22,0,12,22,21,23,9
20241,A,골목상권,3110855,신대방역 2번,429,275,154,2,53,111,126,90,47,0,22,81,83,55,34,2,31,30,43,35,13
20241,A,골목상권,3110899,낙성대역 5번(관악중학교),681,442,239,0,167,178,164,123,49,0,107,130,95,71,39,0,60,48,69,52,10
20241,D,발달상권,3120185,논현역,12723,7377,5346,29,2723,4108,3218,1875,770,10,1037,2421,2225,1194,490,19,1686,1687,993,681,280
20241,D,발달상권,3120165,서래마을카페거리(서래마을),3467,2266,1201,11,605,1119,949,516,267,3,277,716,707,369,194,8,328,403,242,147,73
20241,A,골목상권,3110908,구반포역,1517,376,1141,0,66,110,396,804,141,0,42,53,71,141,69,0,24,57,325,663,72
20241,A,골목상권,3110911,방배배수지체육공원,29,22,7,0,6,3,7,5,8,0,6,2,4,4,6,0,0,1,3,1,2
20241,D,발달상권,3120162,방배동카페골목,1253,717,536,61,207,200,219,215,351,57,126,142,110,93,189,4,81,58,109,122,162
20241,D,발달상권,3120175,남부터미널역,8254,5320,2934,32,1703,2482,1996,1297,744,6,856,1692,1362,856,548,26,847,790,634,441,196
20241,A,골목상권,3110929,남부터미널역 1번,21130,10703,10427,21,4446,4558,3912,7143,1050,4,1209,1890,1718,5123,759,17,3237,2668,2194,2020,291
20241,D,발달상권,3120192,뱅뱅사거리,27363,18865,8498,72,5748,8234,6678,4352,2279,37,3275,5587,5090,3174,1702,35,2473,2647,1588,1178,577
20241,A,골목상권,3110926,신중초등학교,1610,1175,435,6,193,359,463,382,207,3,114,263,355,292,148,3,79,96,108,90,59
20241,A,골목상권,3110925,서초중학교,874,497,377,0,104,137,244,222,167,0,38,65,146,132,116,0,66,72,98,90,51
20241,D,발달상권,3120205,매봉역,13950,9370,4580,95,2838,4203,3126,1781,1907,44,1450,2959,2521,1302,1094,51,1388,1244,605,479,813
20241,D,발달상권,3120180,양재화물트럭터미널앞,2562,2146,416,13,637,812,554,409,137,10,466,711,481,363,115,3,171,101,73,46,22
20241,D,발달상권,3120182,"양재시민의숲역(양재동꽃시장, aT센터)",6231,4311,1920,34,1059,1675,1508,1267,688,14,546,1157,1111,930,553,20,513,518,397,337,135
20241,D,발달상권,3120178,신사역,11093,6014,5079,34,2556,2878,2400,1866,1359,13,875,1596,1501,1005,1024,21,1681,1282,899,861,335
20241,A,골목상권,3110977,논현로18길,148,102,46,0,22,32,45,29,20,0,14,20,33,20,15,0,8,12,12,9,5
20241,A,골목상권,3110980,개포지구대옆,663,482,181,0,90,198,202,111,62,0,45,142,168,72,55,0,45,56,34,39,7
20241,D,발달상권,3120194,언주역(차병원),12628,8724,3904,37,2790,4202,2802,1923,874,14,1366,2863,2239,1588,654,23,1424,1339,563,335,220
20241,A,골목상권,3110966,논현2동주민센터,1634,1016,618,18,470,498,299,216,133,7,256,298,200,146,109,11,214,200,99,70,24
20241,D,발달상권,3120217,대치사거리,2779,1478,1301,11,552,771,700,452,293,10,220,379,381,264,224,1,332,392,319,188,69
20241,D,발달상권,3120215,포스코사거리,61667,40706,20961,170,9756,22506,18178,8408,2649,29,4305,14324,13853,6409,1786,141,5451,8182,4325,1999,863
20241,D,발달상권,3120218,코엑스,290,54,236,0,116,103,58,13,0,0,13,16,16,9,0,0,103,87,42,4,0
20241,A,골목상권,3110949,한남IC,1683,1193,490,5,288,565,435,305,85,2,112,398,347,261,73,3,176,167,88,44,12
20241,R,전통시장,3130306,강남언주로,235,151,84,2,48,48,63,45,29,2,27,34,47,23,18,0,21,14,16,22,11
20241,A,골목상권,3110965,언주역 6번,1139,788,351,1,174,379,378,142,65,1,104,276,284,74,49,0,70,103,94,68,16
20241,A,골목상권,3110985,청담근린공원,1338,948,390,0,193,447,374,226,98,0,98,346,275,157,72,0,95,101,99,69,26
20241,A,골목상권,3111036,투구봉어린이공원,209,119,90,1,22,40,55,62,29,1,7,20,26,39,26,0,15,20,29,23,3
20241,A,골목상권,3111029,오금역 4번,427,314,113,3,71,108,91,79,75,1,51,81,67,55,59,2,20,27,24,24,16
20241,R,전통시장,3130317,마천중앙시장,107,77,30,0,15,35,24,17,16,0,11,24,12,14,16,0,4,11,12,3,0
20241,D,발달상권,3120236,장지역(가든파이브),4622,3221,1401,15,678,1056,1076,989,808,10,373,711,778,710,639,5,305,345,298,279,169
20241,A,골목상권,3111021,방이역 4번,7683,5874,1809,22,793,1329,1979,2137,1423,15,391,912,1552,1769,1235,7,402,417,427,368,188
20241,R,전통시장,3130313,방이시장,3889,1825,2064,10,726,635,634,1135,749,8,362,409,357,377,312,2,364,226,277,758,437
20241,D,발달상권,3120227,잠실역,45462,24220,21242,163,8142,11830,12761,11282,1284,51,3785,7436,7437,4549,962,112,4357,4394,5324,6733,322
20241,A,골목상권,3111085,묘곡초등학교(고덕아이파크아파트),800,452,348,0,68,111,152,196,273,0,35,72,80,84,181,0,33,39,72,112,92
20241,A,골목상권,3111068,강동성심병원,1570,605,965,0,532,392,271,203,172,0,126,134,114,101,130,0,406,258,157,102,42
20241,D,발달상권,3120245,둔촌역,1884,1135,749,7,312,460,446,371,288,6,169,309,271,195,185,1,143,151,175,176,103
20241,A,골목상권,3111086,한영중고,297,202,95,1,27,45,73,101,50,1,17,22,52,69,41,0,10,23,21,32,9
20241,A,골목상권,3111050,강동구청(강동구청역 2번),131,96,35,0,21,14,21,32,43,0,12,5,12,27,40,0,9,9,9,5,3
20241,R,전통시장,3130323,둔촌역전통시장,171,86,85,0,3,14,23,36,95,0,2,6,8,14,56,0,1,8,15,22,39
20241,A,골목상권,3111061,암사역 1번,831,551,280,0,149,186,182,170,144,0,82,128,126,125,90,0,67,58,56,45,54
20241,A,골목상권,3111056,천호태영아파트,191,53,138,0,27,35,64,36,29,0,4,5,19,15,10,0,23,30,45,21,19
20241,A,골목상권,3110002,독립문역 1번,475,121,354,1,146,140,118,44,26,1,25,25,41,14,15,0,121,115,77,30,11
20241,D,발달상권,3120017,동묘앞역(동묘),724,205,519,0,78,151,278,136,81,0,13,47,55,37,53,0,65,104,223,99,28
20241,A,골목상권,3110023,서울대병원,92,33,59,0,9,24,23,20,16,0,3,7,10,5,8,0,6,17,13,15,8
20241,D,발달상권,3120009,종로3가역,8495,4786,3709,19,1355,2296,2026,1582,1217,8,563,1230,1198,953,834,11,792,1066,828,629,383
20241,D,발달상권,3120011,종로4가,2984,1666,1318,5,420,1022,880,515,142,0,165,497,518,378,108,5,255,525,362,137,34
20241,R,전통시장,3130004,낙원시장(낙원지하시장(대일상가)),364,258,106,0,29,70,99,78,88,0,14,51,68,57,68,0,15,19,31,21,20
20241,A,골목상권,3110031,창신역 1번,72,57,15,0,11,17,12,21,11,0,8,11,11,17,10,0,3,6,1,4,1
20241,A,골목상권,3110015,청와대사랑채,578,345,233,0,64,147,166,126,75,0,16,63,110,91,65,0,48,84,56,35,10
20241,A,골목상권,3110001,이북5도청사,1048,625,423,4,130,286,237,257,134,0,48,170,160,167,80,4,82,116,77,90,54
20241,A,골목상권,3110021,성균관대학교,395,301,94,2,16,44,110,145,78,2,7,29,89,124,50,0,9,15,21,21,28
20241,A,골목상권,3110286,한성대입구역 5번,986,472,514,17,187,285,318,122,57,8,70,127,144,83,40,9,117,158,174,39,17
20241,D,발달상권,3120032,충무로역,10818,5021,5797,35,1541,2434,3139,2621,1048,15,532,1200,1480,1142,652,20,1009,1234,1659,1479,396
20241,R,전통시장,3130036,중부시장(신중부시장),3089,921,2168,8,1868,593,250,198,172,3,316,189,171,120,122,5,1552,404,79,78,50
20241,A,골목상권,3110056,신당역 3번,514,293,221,0,62,129,118,115,90,0,31,63,69,72,58,0,31,66,49,43,32
20241,D,발달상권,3120039,신당역,2348,1249,1099,31,795,488,410,342,282,11,348,245,228,226,191,20,447,243,182,116,91
20241,D,발달상권,3120030,중부경찰서(영화인의거리),11882,6796,5086,53,2154,3638,3422,1957,658,16,721,2139,2091,1366,463,37,1433,1499,1331,591,195
20241,R,전통시장,3130047,테크노상가(엘리시움),158,110,48,0,10,26,33,60,29,0,5,20,20,41,24,0,5,6,13,19,5
20241,R,전통시장,3130048,동평화시장,20,11,9,0,7,8,1,4,0,0,3,4,1,3,0,0,4,4,0,1,0
20241,A,골목상권,3110093,우사단길,2647,1632,1015,2,331,1035,757,359,163,1,106,546,562,321,96,1,225,489,195,38,67
20241,D,발달상권,3120040,용산전자상가(용산역),8008,5959,2049,43,1387,2728,2220,1237,393,30,880,2009,1728,997,315,13,507,719,492,240,78
20241,A,골목상권,3110078,이촌동점보아파트,69,29,40,0,12,15,17,13,12,0,3,8,7,5,6,0,9,7,10,8,6
20241,A,골목상권,3110071,한강미주맨션아파트,315,191,124,0,42,85,69,57,62,0,21,46,40,42,42,0,21,39,29,15,20
20241,D,발달상권,3120046,이태원(이태원역),2285,1299,986,24,818,684,339,224,196,15,389,422,205,137,131,9,429,262,134,87,65
20241,A,골목상권,3110086,이태원역 북측,9244,3609,5635,12,3187,3891,1654,428,72,3,733,1558,905,355,55,9,2454,2333,749,73,17
20241,A,골목상권,3110062,한강로동땡땡거리(은행나무길),1506,884,622,9,319,423,319,208,228,6,142,225,216,138,157,3,177,198,103,70,71
20241,A,골목상권,3110076,삼각지역 14번,537,175,362,0,46,143,158,153,37,0,11,49,61,45,9,0,35,94,97,108,28
20241,A,골목상권,3110102,옥수역 6번,175,116,59,0,22,39,48,41,25,0,11,21,31,31,22,0,11,18,17,10,3
20241,R,전통시장,3130072,성동용답상가시장,132,71,61,0,21,19,35,39,18,0,9,9,16,26,11,0,12,10,19,13,7
20241,A,골목상권,3110112,행당역 2번,207,101,106,0,37,37,38,53,42,0,14,19,16,26,26,0,23,18,22,27,16
20241,D,발달상권,3120060,강변역(테크노마트),3189,2348,841,12,402,686,870,703,516,2,209,509,686,549,393,10,193,177,184,154,123
20241,A,골목상권,3110156,군자역 5번,621,363,258,0,96,181,173,112,59,0,41,114,101,67,40,0,55,67,72,45,19
20241,A,골목상권,3110155,광진구청,8356,7701,655,0,240,853,2408,4046,809,0,172,765,2256,3748,760,0,68,88,152,298,49
20241,A,골목상권,3110151,자양한강도서관,249,175,74,4,35,52,63,66,29,3,24,37,49,41,21,1,11,15,14,25,8
20241,R,전통시장,3130076,능동로골목시장,93,70,23,0,2,11,16,17,47,0,1,4,14,11,40,0,1,7,2,6,7
20241,A,골목상권,3110165,국립정신건강센터,243,175,68,0,12,32,69,76,54,0,7,23,42,59,44,0,5,9,27,17,10
20241,R,전통시장,3130079,한아름시장,40,29,11,0,5,6,6,10,13,0,4,4,5,6,10,0,1,2,1,4,3
20241,A,골목상권,3110217,자동차부품상가,506,391,115,1,34,105,144,124,98,1,25,88,116,84,77,0,9,17,28,40,21
20241,R,전통시장,3130101,답십리현대시장,8,5,3,0,0,1,3,2,2,0,0,1,1,2,1,0,0,0,2,0,1
20241,A,골목상권,3110225,촬영소사거리,330,204,126,0,22,36,68,83,121,0,9,25,42,55,73,0,13,11,26,28,48
20241,A,골목상권,3110218,답십리사거리,158,83,75,0,14,25,45,60,14,0,5,12,22,33,11,0,9,13,23,27,3
20241,A,골목상권,3110184,용두사거리,398,205,193,0,77,135,72,64,50,0,37,51,33,45,39,0,40,84,39,19,11
20241,A,골목상권,3110186,종암초등학교,114,86,28,0,9,21,16,34,34,0,3,18,10,26,29,0,6,3,6,8,5
20241,A,골목상권,3110230,장안현대홈타운1차아파트,161,101,60,0,15,32,52,45,17,0,6,22,33,28,12,0,9,10,19,17,5
20241,A,골목상권,3110228,장안근린공원,1992,1184,808,40,1381,313,92,101,65,24,788,223,60,54,35,16,593,90,32,47,30
20241,A,골목상권,3110211,전곡마을마당공원,626,445,181,1,66,101,170,194,94,0,45,73,129,143,55,1,21,28,41,51,39
20241,R,전통시장,3130099,전농로터리시장,7,3,4,0,1,0,2,3,1,0,0,0,1,1,1,0,1,0,1,2,0
20241,R,전통시장,3130091,청량종합도매시장,36,27,9,0,1,3,11,14,7,0,0,3,8,10,6,0,1,0,3,4,1
20241,A,골목상권,3110190,고대앞사거리,195,92,103,0,22,34,34,45,60,0,4,18,22,19,29,0,18,16,12,26,31
20241,A,골목상권,3110243,중랑노인종합복지관,298,114,184,1,30,49,74,104,40,0,5,21,37,31,20,1,25,28,37,73,20
20241,A,골목상권,3110256,면목2동체육관,477,321,156,2,56,66,82,140,131,1,21,35,45,109,110,1,35,31,37,31,21
20241,A,골목상권,3110258,면동초등학교,260,99,161,0,32,49,79,66,34,0,1,20,28,34,16,0,31,29,51,32,18
20241,A,골목상권,3110269,용마문화복지센터,169,98,71,0,19,53,52,28,17,0,13,32,30,19,4,0,6,21,22,9,13
20241,A,골목상권,3110261,사가정역 4번,167,90,77,1,16,29,49,50,22,1,8,15,25,26,15,0,8,14,24,24,7
20241,A,골목상권,3110263,면목역 1번,130,71,59,0,13,27,35,24,31,0,7,12,12,14,26,0,6,15,23,10,5
20241,A,골목상권,3110236,신묵초등학교,1015,836,179,0,185,302,228,255,45,0,135,246,194,228,33,0,50,56,34,27,12
20241,R,전통시장,3130113,신아타운,148,27,121,1,31,31,28,39,18,1,4,9,3,4,6,0,27,22,25,35,12
20241,A,골목상권,3110251,장안중학교,147,104,43,0,8,34,46,39,20,0,3,23,34,27,17,0,5,11,12,12,3
20241,A,골목상권,3110233,중랑역 1번,142,46,96,1,23,27,50,35,6,1,6,7,16,11,5,0,17,20,34,24,1
20241,D,발달상권,3120073,미아사거리,353,135,218,3,40,67,95,95,53,2,16,29,45,23,20,1,24,38,50,72,33
20241,A,골목상권,3110303,성신여대입구역 1번,139,98,41,1,7,35,44,27,25,0,2,22,28,25,21,1,5,13,16,2,4
20241,A,골목상권,3110336,석관고등학교,94,84,10,0,3,17,16,37,21,0,3,15,13,34,19,0,0,2,3,3,2
20241,A,골목상권,3110313,안암역 3번,2069,1344,725,2,208,552,670,474,163,0,95,310,444,355,140,2,113,242,226,119,23
20241,D,발달상권,3120074,안암역,59,28,31,1,12,16,12,8,10,0,5,9,7,2,5,1,7,7,5,6,5
20241,D,발달상권,3120075,월곡역,369,213,156,1,40,86,97,67,78,0,17,48,54,44,50,1,23,38,43,23,28
20241,A,골목상권,3110322,장위1동주민센터,319,224,95,1,33,37,59,95,94,0,25,31,44,66,58,1,8,6,15,29,36
20241,R,전통시장,3130123,꿈의숲 장곡 골목형상점가,6,5,1,0,1,0,1,4,0,0,1,0,1,3,0,0,0,0,0,1,0
20241,A,골목상권,3110292,정릉역 2번,33,14,19,0,1,5,16,6,5,0,1,3,5,3,2,0,0,2,11,3,3
20241,A,골목상권,3110282,국민대학교앞,980,789,191,13,185,388,206,75,113,12,134,349,179,57,58,1,51,39,27,18,55
20241,A,골목상권,3110320,KB국민은행 종암동지점,79,51,28,0,2,11,27,24,15,0,1,5,15,17,13,0,1,6,12,7,2
20241,A,골목상권,3110319,종암동주민센터,454,111,343,1,46,51,89,146,121,0,8,19,24,32,28,1,38,32,65,114,93
20241,A,골목상권,3110311,종암아이파크2차후문,18,9,9,0,0,2,8,3,5,0,0,1,3,1,4,0,0,1,5,2,1
20241,A,골목상권,3110365,미아역 5번,341,83,258,0,17,21,44,63,196,0,5,12,15,17,34,0,12,9,29,46,162
20241,A,골목상권,3110379,KT&G 북부지사,12,3,9,1,1,1,3,3,3,0,0,0,1,1,1,1,1,1,2,2,2
20241,R,전통시장,3130143,방천골목시장,65,36,29,0,11,7,19,24,4,0,6,5,9,13,3,0,5,2,10,11,1
20241,R,전통시장,3130137,"수유전통시장(수유시장, 수유골목시장)",86,29,57,0,5,10,18,25,28,0,0,3,8,7,11,0,5,7,10,18,17
20241,R,전통시장,3130136,수유재래시장,32,13,19,0,6,5,8,6,7,0,2,1,0,3,7,0,4,4,8,3,0
20241,R,전통시장,3130135,수유중앙골목시장(수유중앙시장),24,12,12,0,0,3,4,5,12,0,0,2,2,0,8,0,0,1,2,5,4
20241,R,전통시장,3130139,강북종합전통시장(강북종합골목시장),166,114,52,0,16,45,61,28,16,0,11,33,42,19,9,0,5,12,19,9,7
20241,A,골목상권,3110341,북한산우이역 2번,496,411,85,0,15,25,80,258,118,0,4,10,52,237,108,0,11,15,28,21,10
20241,A,골목상권,3110348,강북문화예술회관,343,174,169,0,27,59,108,96,53,0,4,31,63,43,33,0,23,28,45,53,20
20241,A,골목상권,3110397,도봉산입구,469,257,212,0,31,56,101,131,150,0,6,34,39,73,105,0,25,22,62,58,45
20241,A,골목상권,3110385,효문고등학교,37,22,15,0,3,9,12,4,9,0,2,5,3,4,8,0,1,4,9,0,1
20241,R,전통시장,3130145,쌍문역둘리상점가,244,202,42,0,39,44,77,62,22,0,28,35,65,56,18,0,11,9,12,6,4
20241,R,전통시장,3130149,창동신창시장,116,51,65,0,5,24,35,31,21,0,2,10,17,10,12,0,3,14,18,21,9
20241,A,골목상권,3110442,화랑대철도공원,76,20,56,0,1,4,14,49,8,0,0,2,4,10,4,0,1,2,10,39,4
20241,A,골목상권,3110424,상계초등학교,388,157,231,2,42,50,96,106,92,2,18,32,32,42,31,0,24,18,64,64,61
20241,A,골목상권,3110440,상계3동4동주민센터,49,16,33,0,8,6,15,10,10,0,1,1,4,2,8,0,7,5,11,8,2
20241,D,발달상권,3120080,마들역,180,46,134,0,30,45,46,36,23,0,2,7,9,13,15,0,28,38,37,23,8
20241,A,골목상권,3110421,석계역 1번,249,109,140,0,22,37,78,65,47,0,8,16,31,26,28,0,14,21,47,39,19
20241,D,발달상권,3120088,구산역,799,279,520,2,86,117,175,272,147,2,30,65,68,59,55,0,56,52,107,213,92
20241,A,골목상권,3110486,은평구청,491,279,212,0,81,100,108,134,68,0,54,70,53,61,41,0,27,30,55,73,27
20241,R,전통시장,3130169,대조시장,67,31,36,0,5,11,21,23,7,0,1,3,11,11,5,0,4,8,10,12,2
20241,A,골목상권,3110443,수색역 1번,20,12,8,0,1,2,7,6,4,0,0,2,2,4,4,0,1,0,5,2,0
20241,A,골목상권,3110455,역촌노인복지관,690,369,321,2,73,120,187,203,105,0,37,64,89,109,70,2,36,56,98,94,35
20241,A,골목상권,3110466,구산역 2번,87,46,41,0,12,17,26,24,8,0,4,5,16,15,6,0,8,12,10,9,2
20241,R,전통시장,3130163,응암오거리상점가,182,49,133,0,24,28,44,50,36,0,4,8,11,12,14,0,20,20,33,38,22
20241,A,골목상권,3110497,가좌역 3번,325,253,72,0,17,43,89,123,53,0,3,17,75,115,43,0,14,26,14,8,10
20241,R,전통시장,3130175,신촌 상인회(신촌상점가),13,5,8,0,1,3,5,4,0,0,1,0,1,3,0,0,0,3,4,1,0
20241,A,골목상권,3110508,서연중학교,947,425,522,9,139,241,158,245,155,3,62,148,74,76,62,6,77,93,84,169,93
20241,A,골목상권,3110534,경기대학교,157,88,69,0,10,29,28,42,48,0,7,20,14,19,28,0,3,9,14,23,20
20241,A,골목상권,3110525,홍은종합사회복지관,61,17,44,0,10,12,15,10,14,0,1,3,0,4,9,0,9,9,15,6,5
20241,R,전통시장,3130177,인왕시장(홍제골목형상점가),44,7,37,0,1,1,8,7,27,0,0,0,1,3,3,0,1,1,7,4,24
20241,A,골목상권,3110589,애오개역 3번,46,13,33,0,3,3,15,11,14,0,0,1,4,6,2,0,3,2,11,5,12
20241,A,골목상권,3110574,서강대학교,173,123,50,0,35,41,49,38,10,0,17,30,41,30,5,0,18,11,8,8,5
20241,D,발달상권,3120103,홍대입구역(홍대),9580,5991,3589,87,2167,2434,2066,1613,1213,61,1145,1486,1404,988,907,26,1022,948,662,625,306
20241,A,골목상권,3110566,경의선책거리,1690,934,756,2,359,547,406,290,86,1,137,328,252,157,59,1,222,219,154,133,27
20241,A,골목상권,3110624,목동문화체육센터,379,232,147,0,93,117,75,63,31,0,40,79,46,48,19,0,53,38,29,15,12
20241,R,전통시장,3130210,목2동시장,432,251,181,1,66,124,122,71,48,1,40,69,70,39,32,0,26,55,52,32,16
20241,R,전통시장,3130208,목동깨비시장(목3동시장),148,67,81,0,13,20,55,37,23,0,7,6,18,19,17,0,6,14,37,18,6
20241,R,전통시장,3130201,월정로시장,27,17,10,0,2,8,10,7,0,0,0,7,6,4,0,0,2,1,4,3,0
20241,A,골목상권,3110606,신한은행 신월동지점,544,307,237,1,49,83,152,152,107,1,26,44,84,72,80,0,23,39,68,80,27
20241,A,골목상권,3110604,신월4동주민센터,635,526,109,0,13,50,120,232,220,0,6,29,87,191,213,0,7,21,33,41,7
20241,A,골목상권,3110594,신월중학교,357,182,175,0,35,116,89,85,32,0,10,41,50,52,29,0,25,75,39,33,3
20241,A,골목상권,3110615,신서초등학교,87,63,24,0,20,21,27,13,6,0,14,18,18,8,5,0,6,3,9,5,1
20241,A,골목상권,3110627,신정롯데캐슬아파트,548,318,230,24,129,136,102,93,64,13,69,81,62,49,44,11,60,55,40,44,20
20241,R,전통시장,3130211,신정2동 골목시장(오목교중앙시장),15,10,5,0,1,1,5,7,1,0,1,1,3,4,1,0,0,0,2,3,0
20241,R,전통시장,3130214,송화벽화시장(송화골목시장),119,44,75,2,23,18,25,33,18,0,6,7,9,13,9,2,17,11,16,20,9
20241,A,골목상권,3110679,염창역 2번,574,404,170,3,89,206,152,80,44,2,49,148,111,58,36,1,40,58,41,22,8
20241,A,골목상권,3110678,염창무학아파트,285,214,71,1,34,65,92,60,33,1,17,53,72,47,24,0,17,12,20,13,9
20241,A,골목상권,3110653,화곡역 2번,917,494,423,1,191,273,240,171,41,0,79,137,119,135,24,1,112,136,121,36,17
20241,A,골목상권,3110650,우장산힐스테이트,143,116,27,0,23,30,51,20,19,0,15,25,42,17,17,0,8,5,9,3,2
20241,D,발달상권,3120126,디지털단지오거리,135,86,49,0,11,30,48,26,20,0,2,16,38,15,15,0,9,14,10,11,5
20241,A,골목상권,3110700,고척초등학교,3249,2648,601,3,209,680,974,1176,207,2,119,533,803,1021,170,1,90,147,171,155,37
20241,D,발달상권,3120124,개봉동 현대아파트,461,205,256,0,63,89,119,82,108,0,18,26,49,43,69,0,45,63,70,39,39
20241,A,골목상권,3110726,금천철쭉어린이공원(금하마을),222,172,50,0,19,25,41,62,75,0,17,16,22,45,72,0,2,9,19,17,3
20241,A,골목상권,3110727,독산역 1번 출입구,659,514,145,4,72,152,169,191,71,4,48,118,128,165,51,0,24,34,41,26,20
20241,A,골목상권,3110739,시흥3동 우편취급국,99,77,22,0,4,22,30,27,16,0,1,16,26,21,13,0,3,6,4,6,3
20241,A,골목상권,3110750,시흥4동주민센터(서울신흥초등학교),397,221,176,4,78,83,80,104,48,4,47,62,43,33,32,0,31,21,37,71,16
20241,D,발달상권,3120142,대림역,1551,846,705,2,234,279,348,384,304,0,69,143,190,230,214,2,165,136,158,154,90
20241,A,골목상권,3110775,대동초등학교,59,28,31,0,4,13,20,14,8,0,1,6,6,9,6,0,3,7,14,5,2
20241,A,골목상권,3110772,신우어린이공원,94,55,39,0,9,15,22,26,22,0,5,8,12,19,11,0,4,7,10,7,11
20241,A,골목상권,3110785,영등포푸르지오아파트,161,84,77,2,13,17,39,44,46,2,8,12,24,14,24,0,5,5,15,30,22
20241,A,골목상권,3110792,영등포역 2번,3343,1737,1606,28,554,856,830,851,224,11,223,385,459,526,133,17,331,471,371,325,91
20241,R,전통시장,3130253,영신상가(제일상가),9,7,2,0,2,3,0,2,2,0,2,3,0,1,1,0,0,0,0,1,1
20241,R,전통시장,3130249,동남상가,10,8,2,0,2,0,0,4,4,0,1,0,0,4,3,0,1,0,0,0,1
20241,A,골목상권,3110800,영등포동성당,227,153,74,0,26,34,61,66,40,0,13,22,37,46,35,0,13,12,24,20,5
20241,A,골목상권,3110782,영등포시장역 4번,127,87,40,1,13,24,48,27,14,1,5,16,36,17,12,0,8,8,12,10,2
20241,D,발달상권,3120152,신대방삼거리역,578,278,300,1,66,127,150,148,86,1,22,63,80,70,42,0,44,64,70,78,44
20241,A,골목상권,3110820,성남고등학교,3101,2470,631,1,651,742,555,991,161,0,438,581,448,879,124,1,213,161,107,112,37
20241,A,골목상권,3110843,사당5동주민센터,181,135,46,1,22,25,55,52,26,0,16,17,34,44,24,1,6,8,21,8,2
20241,A,골목상권,3110837,숭실대입구역 1번,360,184,176,1,39,72,80,79,89,0,19,29,39,32,65,1,20,43,41,47,24
20241,A,골목상권,3110833,상도역 2번,255,163,92,2,20,61,74,74,24,0,17,49,47,34,16,2,3,12,27,40,8
20241,D,발달상권,3120154,장승배기역,497,214,283,1,64,124,128,111,69,0,19,58,68,39,30,1,45,66,60,72,39
20241,D,발달상권,3120159,서울대입구역,1430,763,667,12,289,320,321,238,250,6,116,164,174,133,170,6,173,156,147,105,80
20241,R,전통시장,3130281,우림시장,1,0,1,0,0,0,1,0,0,0,0,0,0,0,0,0,0,0,1,0,0
20241,A,골목상권,3110867,국제신학대학원대학교(남서울중학교),202,117,85,0,8,34,39,53,68,0,2,15,21,32,47,0,6,19,18,21,21
20241,A,골목상권,3110875,보라매동주민센터(당곡고등학교),19,15,4,0,4,2,5,6,2,0,2,2,3,6,2,0,2,0,2,0,0
20241,A,골목상권,3110873,당곡중학교,348,167,181,0,70,79,87,76,36,0,29,39,39,37,23,0,41,40,48,39,13
20241,A,골목상권,3110885,영락고등학교,339,213,126,0,37,58,94,88,62,0,18,33,61,56,45,0,19,25,33,32,17
20241,R,전통시장,3130285,서원동상점가,615,316,299,4,28,56,85,160,282,1,17,38,45,60,155,3,11,18,40,100,127
20241,A,골목상권,3110891,구암초등학교,47,22,25,0,5,1,22,16,3,0,1,0,11,8,2,0,4,1,11,8,1
20241,R,전통시장,3130280,신림종합시장,22,17,5,0,0,1,2,7,12,0,0,0,0,5,12,0,0,1,2,2,0
20241,A,골목상권,3110864,신림우방아파트,236,161,75,0,31,48,53,60,44,0,21,31,37,43,29,0,10,17,16,17,15
20241,R,전통시장,3130295,인헌시장(원당종합시장),122,48,74,0,20,27,38,23,14,0,3,9,16,12,8,0,17,18,22,11,6
20241,A,골목상권,3110854,조원동주민센터,55,39,16,0,4,5,17,21,8,0,3,5,9,15,7,0,1,0,8,6,1
20241,A,골목상권,3110893,관악소방서(문영여고),353,303,50,0,39,110,66,113,25,0,29,96,57,99,22,0,10,14,9,14,3
20241,A,골목상권,3110890,봉천역 1번(관악초등학교),249,148,101,1,17,43,92,67,29,0,4,22,58,43,21,1,13,21,34,24,8
20241,R,전통시장,3130294,관악중부시장,102,40,62,1,5,10,22,39,25,0,2,3,7,16,12,1,3,7,15,23,13
20241,A,골목상권,3110945,본마을노인복지센터(서초구립내곡도서관),191,114,77,3,44,57,37,33,17,3,14,31,25,28,13,0,30,26,12,5,4
20241,A,골목상권,3110921,서울프랑스학교,506,312,194,7,63,70,115,134,117,2,30,43,80,86,71,5,33,27,35,48,46
20241,A,골목상권,3110913,방현초등학교(방배119안전센터),3293,2109,1184,7,571,1263,876,376,200,4,272,822,625,237,149,3,299,441,251,139,51
20241,A,골목상권,3110923,방배역 1번,210,153,57,0,34,56,55,41,24,0,21,38,42,34,18,0,13,18,13,7,6
20241,A,골목상권,3110910,내방역 5번,614,240,374,5,72,124,157,176,80,3,30,69,52,49,37,2,42,55,105,127,43
20241,A,골목상권,3110931,삼성전자서울R&D(서울우면초등학교),94,47,47,0,36,30,16,6,6,0,11,15,10,6,5,0,25,15,6,0,1
20241,A,골목상권,3110936,더케이호텔(양재리본타워2단지아파트),832,552,280,3,109,260,215,175,70,0,53,154,159,131,55,3,56,106,56,44,15
20241,A,골목상권,3110940,양재근린공원(양재2동주민센터),956,699,257,8,168,323,238,137,82,8,109,243,178,97,64,0,59,80,60,40,18
20241,D,발달상권,3120184,포이사거리(삼호물산),10139,7003,3136,20,1553,3044,2666,1705,1151,10,846,2068,2010,1212,857,10,707,976,656,493,294
20241,A,골목상권,3110981,국악고교사거리,361,216,145,2,57,77,110,81,34,0,27,36,72,56,25,2,30,41,38,25,9
20241,A,골목상권,3110950,논현역 7번,2981,1929,1052,1,829,1305,518,230,98,0,418,886,383,173,69,1,411,419,135,57,29
20241,R,전통시장,3130305,논현종합시장,85,43,42,0,21,14,14,19,17,0,7,7,6,14,9,0,14,7,8,5,8
20241,A,골목상권,3110968,강남구청역 2번,1023,596,427,7,327,204,133,121,231,4,177,117,81,68,149,3,150,87,52,53,82
20241,A,골목상권,3110957,언북중학교,1251,831,420,1,262,379,317,147,145,1,146,241,215,109,119,0,116,138,102,38,26
20241,D,발달상권,3120193,도산공원교차로,6384,3798,2586,15,1278,1918,1493,983,697,6,466,1071,1021,696,538,9,812,847,472,287,159
20241,D,발달상권,3120211,도성초등학교,984,516,468,7,180,282,189,161,165,3,68,120,112,117,96,4,112,162,77,44,69
20241,D,발달상권,3120210,선릉역,48780,26797,21983,117,11358,13636,11065,7952,4652,54,5356,8026,6479,4158,2724,63,6002,5610,4586,3794,1928
20241,D,발달상권,3120186,가로수길,6518,3580,2938,19,1316,2133,1570,895,585,5,447,1174,950,573,431,14,869,959,620,322,154
20241,D,발달상권,3120195,성수대교남단,5611,2685,2926,39,1393,2394,1102,426,257,15,487,1194,634,208,147,24,906,1200,468,218,110
20241,A,골목상권,3110972,강남세브란스병원미래의학연구센터,2628,1440,1188,17,539,669,692,581,130,4,240,428,438,258,72,13,299,241,254,323,58
20241,A,골목상권,3110997,대청초등학교,1724,959,765,4,230,291,391,383,425,2,111,162,200,210,274,2,119,129,191,173,151
20241,A,골목상권,3111046,마천역(마천초등학교),708,400,308,1,76,146,171,195,119,0,46,85,84,95,90,1,30,61,87,100,29
20241,A,골목상권,3111044,남천초등학교,557,264,293,1,95,146,167,113,35,0,35,71,76,56,26,1,60,75,91,57,9
20241,D,발달상권,3120226,석촌고분역,2344,1748,596,6,272,329,431,334,972,5,128,199,262,228,926,1,144,130,169,106,46
20241,A,골목상권,3111006,석촌고분역 1번,1112,721,391,0,127,292,337,203,153,0,56,169,242,135,119,0,71,123,95,68,34
20241,A,골목상권,3111016,송파역 2번,3803,1601,2202,15,1126,1104,801,601,156,8,407,533,427,165,61,7,719,571,374,436,95
20241,A,골목상권,3111038,보인중학교,416,270,146,0,26,66,113,123,88,0,11,38,85,88,48,0,15,28,28,35,40
20241,A,골목상권,3111035,오금공원(오주중학교),531,398,133,0,41,90,148,148,104,0,32,66,121,102,77,0,9,24,27,46,27
20241,A,골목상권,3111040,거여초등학교,346,137,209,0,26,86,124,77,33,0,9,27,48,30,23,0,17,59,76,47,10
20241,D,발달상권,3120242,강동구청역,4533,2940,1593,33,536,1064,1057,894,949,13,287,678,696,560,706,20,249,386,361,334,243
20241,A,골목상권,3111071,천동초등학교,76,52,24,0,4,15,21,25,11,0,4,6,18,16,8,0,0,9,3,9,3
20241,A,골목상권,3111073,둔촌동역 1번(한산중학교),973,578,395,1,134,224,250,206,158,1,58,122,160,124,113,0,76,102,90,82,45
20241,A,골목상권,3111080,굽은다리역 3번,434,235,199,0,44,77,100,110,103,0,12,52,63,58,50,0,32,25,37,52,53
20241,D,발달상권,3120248,명일역,859,331,528,4,114,141,223,203,174,2,41,59,84,68,77,2,73,82,139,135,97
20241,D,발달상권,3120249,고덕역,1359,916,443,3,172,305,337,317,225,1,75,198,249,221,172,2,97,107,88,96,53
20241,A,골목상권,3111055,선사초등학교,673,29,644,0,14,28,137,373,121,0,4,7,8,6,4,0,10,21,129,367,117
20241,A,골목상권,3111072,굽은다리역 1번(십자성마을),747,473,274,1,59,119,201,187,180,0,20,70,116,127,140,1,39,49,85,60,40
20241,A,골목상권,3111048,천호역 1번(천호문구완구거리),183,101,82,3,18,52,44,42,24,2,10,24,26,23,16,1,8,28,18,19,8
20241,A,골목상권,3111057,천호공원(해공체육문화센터),254,112,142,2,53,50,64,60,25,2,15,19,30,32,14,0,38,31,34,28,11
20241,A,골목상권,3111060,암사역 2번(서울강동초등학교),872,458,414,1,101,211,241,202,116,1,41,97,131,107,81,0,60,114,110,95,35
20241,R,전통시장,3130322,고분다리전통시장,7,4,3,0,0,0,2,4,1,0,0,0,1,2,1,0,0,0,1,2,0
20241,A,골목상권,3110007,사직공원(한국사회과학도서관),283,185,98,2,58,88,63,41,31,2,30,62,44,27,20,0,28,26,19,14,11
20241,D,발달상권,3120003,광화문역,43873,26821,17052,79,6380,12841,13071,8035,3467,12,2643,7543,8935,5616,2072,67,3737,5298,4136,2419,1395
20241,A,골목상권,3110035,동묘앞역 2번,276,161,115,2,18,43,75,88,50,0,5,18,42,65,31,2,13,25,33,23,19
20241,R,전통시장,3130021,신설종합시장,50,37,13,1,1,10,12,13,13,0,0,9,10,10,8,1,1,1,2,3,5
20241,D,발달상권,3120015,종로6가,302,153,149,0,49,64,69,65,55,0,17,23,27,42,44,0,32,41,42,23,11
20241,A,골목상권,3110026,종로5가역 4번,190,120,70,0,22,41,73,27,27,0,9,28,47,14,22,0,13,13,26,13,5
20241,A,골목상권,3110032,수족관거리,30,15,15,0,3,5,4,13,5,0,2,1,2,7,3,0,1,4,2,6,2
20241,A,골목상권,3110034,창신1동주민센터,41,35,6,0,2,1,14,13,11,0,2,1,10,11,11,0,0,0,4,2,0
20241,R,전통시장,3130015,창신골목시장,22,12,10,0,0,2,8,9,3,0,0,2,6,2,2,0,0,0,2,7,1
20241,A,골목상권,3110011,청운초등학교,263,188,75,0,21,105,79,43,15,0,21,95,44,16,12,0,0,10,35,27,3
20241,R,전통시장,3130032,인현시장,167,123,44,0,3,25,47,54,38,0,3,16,35,40,29,0,0,9,12,14,9
20241,D,발달상권,3120033,을지로4가역,867,437,430,7,127,212,194,201,126,1,44,107,99,89,97,6,83,105,95,112,29
20241,A,골목상권,3110046,버티고개,104,74,30,0,6,23,40,28,7,0,3,17,28,20,6,0,3,6,12,8,1
20241,A,골목상권,3110041,남산케이블카,967,435,532,2,118,152,175,254,266,2,51,69,83,87,143,0,67,83,92,167,123
20241,D,발달상권,3120028,명동(명동거리),12590,7582,5008,41,2103,3542,3628,2206,1070,16,1009,1955,2310,1615,677,25,1094,1587,1318,591,393
20241,D,발달상권,3120025,롯데백화점(시청광장 지하쇼핑센터),22643,6274,16369,229,12750,7002,1624,945,93,71,3075,2028,780,249,71,158,9675,4974,844,696,22
20241,D,발달상권,3120026,을지로입구역,30610,18501,12109,14,4275,11589,8473,5661,598,4,1729,5846,5959,4562,401,10,2546,5743,2514,1099,197
20241,R,전통시장,3130031,청계천공구상가,921,698,223,2,101,281,234,159,144,1,64,230,181,104,118,1,37,51,53,55,26
20241,A,골목상권,3110038,경향신문사,1096,759,337,0,195,395,283,181,42,0,63,266,227,165,38,0,132,129,56,16,4
20241,R,전통시장,3130327,"평화시장(남평화시장, 제일평화시장, 신평화패션타운)",169,107,62,1,8,31,43,42,44,1,1,19,30,27,29,0,7,12,13,15,15
20241,A,골목상권,3110050,약수역 7번,306,229,77,0,34,81,75,74,42,0,21,59,60,56,33,0,13,22,15,18,9
20241,R,전통시장,3130035,방산종합시장(방산시장),1190,736,454,1,96,200,284,312,297,0,56,117,154,191,218,1,40,83,130,121,79
20241,R,전통시장,3130033,대림상가(청계상가),169,121,48,0,7,29,54,39,40,0,3,19,35,30,34,0,4,10,19,9,6
20241,D,발달상권,3120036,장충동족발거리(남소영길),2289,1090,1199,14,616,783,556,223,97,0,122,393,365,155,55,14,494,390,191,68,42
20241,R,전통시장,3130034,필동 골목형상점가,14,7,7,0,2,4,5,2,1,0,1,2,2,2,0,0,1,2,3,0,1
20241,A,골목상권,3110039,회현역 1번,49,26,23,0,2,8,12,14,13,0,0,4,9,8,5,0,2,4,3,6,8
20241,A,골목상권,3110075,숙대입구역 1번,1630,736,894,9,270,506,417,289,139,5,69,188,182,181,111,4,201,318,235,108,28
20241,A,골목상권,3110083,서빙고역 1번,149,109,40,0,26,53,42,14,14,0,13,42,29,12,13,0,13,11,13,2,1
20241,A,골목상권,3110072,열정도,374,244,130,6,108,96,78,51,35,0,51,71,62,37,23,6,57,25,16,14,12
20241,A,골목상권,3110069,숙대입구,825,291,534,3,200,296,163,87,76,3,34,92,77,40,45,0,166,204,86,47,31
20241,A,골목상권,3110590,만리재,97,50,47,0,19,23,23,25,7,0,6,12,11,16,5,0,13,11,12,9,2
20241,A,골목상권,3110099,유엔빌리지길,12646,10311,2335,33,1746,2596,3298,4558,415,25,904,1899,2859,4264,360,8,842,697,439,294,55
20241,A,골목상권,3110098,서울독일학교,242,91,151,0,57,85,68,23,9,0,15,22,34,15,5,0,42,63,34,8,4
20241,A,골목상권,3110107,금호사거리,37,30,7,0,4,8,4,11,10,0,3,5,4,9,9,0,1,3,0,2,1
20241,A,골목상권,3110119,마장지하차도,127,89,38,0,17,26,32,26,26,0,12,22,19,18,18,0,5,4,13,8,8
20241,R,전통시장,3130068,마장축산물시장,975,630,345,1,102,202,250,248,172,1,68,127,155,165,114,0,34,75,95,83,58
20241,A,골목상권,3110124,뚝섬역교차로,1253,1006,247,7,170,155,222,312,387,6,94,111,169,268,358,1,76,44,53,44,29
20241,A,골목상권,3110134,성수119안전센터,771,587,184,4,65,108,185,252,157,4,38,78,143,200,124,0,27,30,42,52,33
20241,R,전통시장,3130071,성수역 골목형상점가,335,180,155,1,61,89,70,43,71,0,27,43,43,29,38,1,34,46,27,14,33
20241,A,골목상권,3110100,옥수동우편취급국,37,26,11,0,5,17,8,5,2,0,0,14,6,4,2,0,5,3,2,1,0
20241,R,전통시장,3130066,행당시장상점가,360,178,182,0,42,76,102,95,45,0,17,37,53,44,27,0,25,39,49,51,18
20241,A,골목상권,3110170,동대부여고,223,128,95,1,37,51,67,45,22,0,17,21,42,32,16,1,20,30,25,13,6
20241,A,골목상권,3110177,동의초등학교,112,81,31,0,6,25,28,32,21,0,3,14,19,26,19,0,3,11,9,6,2
20241,A,골목상권,3110173,구남초등학교,195,106,89,0,34,50,46,44,21,0,16,28,21,25,16,0,18,22,25,19,5
20241,A,골목상권,3110163,성자초등학교,284,143,141,0,39,46,67,77,55,0,14,27,32,31,39,0,25,19,35,46,16
20241,D,발달상권,3120053,건대입구역(건대),892,505,387,5,148,146,178,204,211,2,41,65,97,137,163,3,107,81,81,67,48
20241,A,골목상권,3110168,대원고등학교,524,374,150,0,64,95,121,160,84,0,36,69,87,110,72,0,28,26,34,50,12
20241,A,골목상권,3110227,답십리공원,229,93,136,0,16,30,77,84,22,0,13,16,27,23,14,0,3,14,50,61,8
20241,A,골목상권,3110188,용두동신동아아파트,807,607,200,8,104,178,229,191,97,2,68,150,181,132,74,6,36,28,48,59,23
20241,A,골목상권,3110196,홍릉근린공원,23,12,11,0,1,6,8,5,3,0,1,4,3,2,2,0,0,2,5,3,1
20232,R,전통시장,3130093,동서시장,5,3,2,0,0,0,1,2,2,0,0,0,1,0,2,0,0,0,0,2,0
20241,A,골목상권,3110197,세종대왕기념관교차로,67,46,21,0,8,19,26,9,5,0,4,15,19,7,1,0,4,4,7,2,4
20241,A,골목상권,3110208,시조사삼거리,75,56,19,0,2,14,7,17,35,0,1,7,2,11,35,0,1,7,5,6,0
20241,A,골목상권,3110268,망우3동주민센터,60,30,30,0,10,13,10,18,9,0,1,5,7,10,7,0,9,8,3,8,2
20241,A,골목상권,3110237,메가박스 상봉,274,152,122,0,30,67,97,54,26,0,13,37,48,36,18,0,17,30,49,18,8
20241,D,발달상권,3120068,사가정역,145,45,100,3,38,31,25,22,26,0,1,5,12,12,15,3,37,26,13,10,11
20241,A,골목상권,3110248,먹골파출소,85,47,38,1,19,23,20,12,10,0,7,14,12,4,10,1,12,9,8,8,0
20241,R,전통시장,3130105,장미제일시장(중화동제일시장),63,27,36,0,8,14,22,11,8,0,3,6,14,3,1,0,5,8,8,8,7
20241,A,골목상권,3110245,KB국민은행 중화동지점,156,81,75,0,8,36,52,40,20,0,5,16,26,19,15,0,3,20,26,21,5
20241,R,전통시장,3130121,길음시장,88,19,69,0,36,24,10,8,10,0,2,5,3,2,7,0,34,19,7,6,3
20241,A,골목상권,3110310,길음역 10번,45,14,31,0,12,8,5,15,5,0,4,1,2,4,3,0,8,7,3,11,2
20241,A,골목상권,3110291,한성대입구역 3번,342,172,170,2,27,49,94,91,79,0,14,24,49,51,34,2,13,25,45,40,45
20241,R,전통시장,3130128,돌곶이시장(석관황금시장),191,157,34,0,30,36,41,72,12,0,28,26,29,62,12,0,2,10,12,10,0
20241,A,골목상권,3110330,돌곶이역 1번,220,172,48,0,12,18,33,31,126,0,4,12,20,23,113,0,8,6,13,8,13
20241,A,골목상권,3110287,정릉3동주민센터,70,50,20,0,9,12,18,19,12,0,5,8,15,12,10,0,4,4,3,7,2
20241,R,전통시장,3130117,정릉시장,121,63,58,0,4,15,34,43,25,0,2,8,20,19,14,0,2,7,14,24,11
20241,A,골목상권,3110317,종암중학교,411,206,205,0,33,120,153,85,20,0,14,47,78,58,9,0,19,73,75,27,11
20241,A,골목상권,3110364,미아역 8번,146,75,71,0,9,26,51,39,21,0,3,9,25,23,15,0,6,17,26,16,6
20241,A,골목상권,3110347,구세군강북종합사회복지관,38,17,21,0,10,7,5,9,7,0,1,5,1,5,5,0,9,2,4,4,2
20241,A,골목상권,3110374,송중초등학교,491,272,219,5,33,60,145,140,108,5,9,29,73,70,86,0,24,31,72,70,22
20241,A,골목상권,3110361,삼양사거리역 1번,101,29,72,0,9,12,19,28,33,0,2,4,3,7,13,0,7,8,16,21,20
20241,R,전통시장,3130138,수유프라자,142,24,118,1,31,24,16,42,28,0,1,4,5,4,10,1,30,20,11,38,18
20241,A,골목상권,3110353,수유동우체국,187,91,96,0,4,18,48,60,57,0,1,12,33,27,18,0,3,6,15,33,39
20241,A,골목상권,3110359,수유시장옆,126,72,54,0,12,26,34,40,14,0,3,12,17,32,8,0,9,14,17,8,6
20241,A,골목상권,3110367,강북구청,1943,976,967,5,195,512,483,522,226,4,64,205,237,340,126,1,131,307,246,182,100
20241,A,골목상권,3110366,광산사거리,91,64,27,0,17,20,17,22,15,0,13,13,11,16,11,0,4,7,6,6,4
20241,A,골목상권,3110407,도봉역 2번,560,337,223,1,32,75,115,203,134,1,8,40,57,126,105,0,24,35,58,77,29
20241,A,골목상권,3110406,도봉산역 1번,634,573,61,0,10,29,139,292,164,0,3,17,126,276,151,0,7,12,13,16,13
20241,A,골목상권,3110402,도봉구 정병원,471,221,250,1,85,98,98,106,83,0,24,38,54,59,46,1,61,60,44,47,37
20241,A,골목상권,3110394,방학중학교,214,133,81,0,19,35,50,54,56,0,12,20,26,35,40,0,7,15,24,19,16
20241,A,골목상권,3110391,샘말어린이공원,219,118,101,0,22,44,64,45,44,0,12,26,37,23,20,0,10,18,27,22,24
20241,A,골목상권,3110435,서울과학기술대,73,40,33,0,5,12,18,25,13,0,3,4,8,14,11,0,2,8,10,11,2
20241,A,골목상권,3110426,상계2동주민센터,337,169,168,0,32,57,83,96,69,0,15,30,39,45,40,0,17,27,44,51,29
20241,A,골목상권,3110427,노원 을지대학교병원,363,281,82,0,27,27,62,126,121,0,12,14,31,109,115,0,15,13,31,17,6
20241,A,골목상권,3110432,대진고등학교,894,734,160,0,55,146,248,343,102,0,27,96,214,311,86,0,28,50,34,32,16
20241,D,발달상권,3120090,연신내역,796,297,499,5,187,160,183,154,107,1,65,66,64,53,48,4,122,94,119,101,59
20241,R,전통시장,3130167,연신내상점가(연빛거리),632,234,398,1,143,140,156,118,74,1,30,48,57,51,47,0,113,92,99,67,27
20241,A,골목상권,3110464,연신내역 5번,301,170,131,4,32,53,93,85,34,4,18,28,44,49,27,0,14,25,49,36,7
20241,A,골목상권,3110490,녹번동근린공원,311,170,141,0,30,65,86,76,54,0,11,31,48,45,35,0,19,34,38,31,19
20241,A,골목상권,3110489,불광역 3번,35,25,10,0,3,7,10,10,5,0,3,4,7,6,5,0,0,3,3,4,0
20241,D,발달상권,3120092,불광역,274,147,127,0,33,51,83,52,55,0,12,29,44,21,41,0,21,22,39,31,14
20241,A,골목상권,3110479,연신내역 2번,318,181,137,1,50,84,68,69,46,0,28,71,35,32,15,1,22,13,33,37,31
20241,A,골목상권,3110485,연신내우체국,1259,678,581,0,7,24,35,160,1033,0,4,5,15,70,584,0,3,19,20,90,449
20241,A,골목상권,3110474,세명컴퓨터고등학교,119,55,64,0,7,33,28,23,28,0,2,14,11,8,20,0,5,19,17,15,8
20241,A,골목상권,3110459,응암역 2번,547,198,349,1,50,105,159,154,78,0,9,38,77,41,33,1,41,67,82,113,45
20241,A,골목상권,3110475,백련산해모로아파트,245,127,118,1,23,44,76,70,31,1,10,24,44,29,19,0,13,20,32,41,12
20241,R,전통시장,3130166,응암시장(신응암시장),17,10,7,0,0,3,2,5,7,0,0,0,1,3,6,0,0,3,1,2,1
20241,R,전통시장,3130172,모래내시장(서중시장),19,8,11,0,1,4,5,6,3,0,0,1,2,4,1,0,1,3,3,2,2
20241,A,골목상권,3110500,남가좌동현대아파트,74,54,20,0,12,13,23,22,4,0,8,9,17,17,3,0,4,4,6,5,1
20241,R,전통시장,3130173,백련시장,5,3,2,0,0,1,0,2,2,0,0,1,0,0,2,0,0,0,0,2,0
20241,A,골목상권,3110530,아현역 1번,36,20,16,0,5,5,7,15,4,0,2,5,4,6,3,0,3,0,3,9,1
20241,R,전통시장,3130181,아현가구거리상점가,59,30,29,0,8,11,13,10,17,0,0,7,9,4,10,0,8,4,4,6,7
20241,R,전통시장,3130178,이대 앞 스타트업 상점가,30,6,24,0,5,5,8,6,6,0,1,0,3,0,2,0,4,5,5,6,4
20241,A,골목상권,3110526,봉원사,211,111,100,1,17,38,50,49,56,1,7,21,24,26,32,0,10,17,26,23,24
20241,A,골목상권,3110501,연희어린이공원,214,82,132,0,12,33,40,75,54,0,3,20,15,18,26,0,9,13,25,57,28
20241,A,골목상권,3110516,정원여중,227,101,126,0,35,40,62,65,25,0,17,18,27,23,16,0,18,22,35,42,9
20241,A,골목상권,3110527,홍제역 2번,185,89,96,1,36,40,36,40,32,1,11,26,15,21,15,0,25,14,21,19,17
20241,A,골목상권,3110586,서울서부지방법원,1855,953,902,2,423,499,464,293,174,1,233,283,196,130,110,1,190,216,268,163,64
20241,R,전통시장,3130185,망원월드컵시장,190,123,67,1,26,69,53,25,16,1,14,43,35,16,14,0,12,26,18,9,2
20241,A,골목상권,3110561,상수역 4번,395,247,148,4,59,102,94,89,47,2,21,56,64,68,36,2,38,46,30,21,11
20241,A,골목상권,3110563,상수역 3번,309,246,63,11,75,122,61,17,23,9,60,95,50,13,19,2,15,27,11,4,4
20241,R,전통시장,3130190,홍대소상공인상점가,150,77,73,1,55,35,30,18,11,0,18,22,18,10,9,1,37,13,12,8,2
20241,D,발달상권,3120102,서교동(홍대),7276,3402,3874,18,1521,2551,1814,899,473,11,496,1065,913,566,351,7,1025,1486,901,333,122
20241,A,골목상권,3110564,홍대입구역 3번,471,211,260,0,54,125,161,78,53,0,19,47,103,22,20,0,35,78,58,56,33
20241,A,골목상권,3110545,마포구청역 1번,789,460,329,1,64,151,210,235,128,1,24,92,106,146,91,0,40,59,104,89,37
20241,A,골목상권,3110549,새터산,357,165,192,1,57,79,100,64,56,1,24,39,47,22,32,0,33,40,53,42,24
20241,A,골목상권,3110571,신수동주민센터,635,358,277,5,109,159,187,126,49,5,57,88,98,74,36,0,52,71,89,52,13
20241,A,골목상권,3110619,목4동주민센터,311,203,108,1,51,87,89,64,19,1,16,52,58,57,19,0,35,35,31,7,0
20241,R,전통시장,3130202,신영시장,40,13,27,0,3,4,13,16,4,0,2,0,3,6,2,0,1,4,10,10,2
20241,A,골목상권,3110607,금빛새마을금고본점,47,29,18,0,1,10,11,14,11,0,1,4,5,10,9,0,0,6,6,4,2
20241,A,골목상권,3110600,신월7동주민센터,350,263,87,0,32,30,66,101,121,0,17,14,38,79,115,0,15,16,28,22,6
20241,R,전통시장,3130200,"신월7동 골목시장(약수시장, 우성상가)",27,18,9,0,0,3,9,6,9,0,0,0,7,4,7,0,0,3,2,2,2
20241,A,골목상권,3110625,신정2동주민센터,726,454,272,2,98,196,215,155,60,0,51,124,146,94,39,2,47,72,69,61,21
20241,D,발달상권,3120119,발산역(마곡),1427,686,741,2,184,339,416,350,136,1,54,148,211,174,98,1,130,191,205,176,38
20241,A,골목상권,3110648,양천향교역 7번,13,5,8,0,1,7,1,3,1,0,0,3,1,1,0,0,1,4,0,2,1
20241,A,골목상권,3110643,강서구다솔마을,653,413,240,1,97,165,199,139,52,0,47,101,136,93,36,1,50,64,63,46,16
20241,D,발달상권,3120117,강서농산물도매시장,451,280,171,0,12,62,127,153,97,0,9,48,78,89,56,0,3,14,49,64,41
20241,R,전통시장,3130213,방신전통시장,112,77,35,0,13,20,25,29,25,0,10,18,14,14,21,0,3,2,11,15,4
20241,A,골목상권,3110632,방화역 3번,1075,887,188,2,42,127,400,334,170,1,21,90,353,281,141,1,21,37,47,53,29
20241,A,골목상권,3110655,발산역 5번,589,356,233,0,97,156,148,113,75,0,29,94,98,77,58,0,68,62,50,36,17
20241,A,골목상권,3110665,곰달래도서관,469,285,184,0,36,92,123,138,80,0,25,60,79,74,47,0,11,32,44,64,33
20241,A,골목상권,3110692,큰굴다리,233,148,85,0,12,52,54,66,49,0,7,19,35,49,38,0,5,33,19,17,11
20241,A,골목상권,3110691,개봉중학교,395,205,190,0,37,65,119,115,59,0,20,38,49,52,46,0,17,27,70,63,13
20241,A,골목상권,3110696,오류동역 1번,2424,1658,766,32,831,942,326,216,77,16,483,735,235,131,58,16,348,207,91,85,19
20241,R,전통시장,3130227,고척골목시장상점가(그라운드 고척),33,14,19,0,4,6,10,8,5,0,0,1,5,5,3,0,4,5,5,3,2
20241,R,전통시장,3130224,개봉프라자(고척근린시장),5,4,1,0,0,0,1,2,2,0,0,0,1,1,2,0,0,0,0,1,0
20241,D,발달상권,3120125,구로역,9531,6476,3055,29,1115,2177,2439,2305,1466,14,646,1505,1615,1580,1116,15,469,672,824,725,350
20241,A,골목상권,3110718,한국SGI본부,1614,1061,553,3,308,462,397,336,108,3,167,313,292,220,66,0,141,149,105,116,42
20241,D,발달상권,3120123,오류동역,2120,1645,475,1,313,413,505,594,294,0,276,331,389,425,224,1,37,82,116,169,70
20241,A,골목상권,3110735,말미고개,520,330,190,0,64,115,140,140,61,0,31,79,94,79,47,0,33,36,46,61,14
20241,A,골목상권,3110752,한울중학교,269,117,152,2,25,46,81,79,36,2,13,16,34,33,19,0,12,30,47,46,17
20241,R,전통시장,3130234,푸른터시장(기능상실),7,3,4,0,1,1,0,3,2,0,0,1,0,1,1,0,1,0,0,2,1
20241,A,골목상권,3110742,KT금천빌딩(금천구시설관리공단),426,237,189,0,42,83,106,125,70,0,21,57,71,54,34,0,21,26,35,71,36
20241,A,골목상권,3110748,백산초등학교,102,64,38,0,6,19,21,26,30,0,2,9,11,22,20,0,4,10,10,4,10
20241,A,골목상권,3110731,금천구청역 1번 출입구,1044,564,480,7,306,385,206,96,44,2,149,230,102,55,26,5,157,155,104,41,18
20241,A,골목상권,3110747,석수역 1번 출입구,813,612,201,0,46,81,166,224,296,0,27,52,102,165,266,0,19,29,64,59,30
20241,A,골목상권,3110753,시흥동 은행나무사거리,617,387,230,0,69,100,149,166,133,0,28,68,90,96,105,0,41,32,59,70,28
20241,A,골목상권,3110764,문래역 3번,541,223,318,0,93,127,159,102,60,0,27,39,54,54,49,0,66,88,105,48,11
20241,A,골목상권,3110770,영등포구청역 6번,263,191,72,1,45,49,77,45,46,1,24,41,54,28,43,0,21,8,23,17,3
20241,A,골목상권,3110774,당산반도유보라팰리스아파트,472,355,117,0,59,119,131,96,67,0,34,81,109,80,51,0,25,38,22,16,16
20241,A,골목상권,3110789,대림성모병원,491,182,309,0,104,137,115,93,42,0,16,44,49,43,30,0,88,93,66,50,12
20241,A,골목상권,3110771,대림역 11번,955,604,351,0,22,38,128,210,557,0,21,30,73,131,349,0,1,8,55,79,208
20241,A,골목상권,3110766,대림역 5번,360,205,155,0,30,82,85,99,64,0,15,54,42,56,38,0,15,28,43,43,26
20241,A,골목상권,3110816,대방역 6번,517,401,116,1,72,136,153,67,88,1,49,108,114,49,80,0,23,28,39,18,8
20241,D,발달상권,3120135,양평역,5072,3013,2059,32,1300,1280,1187,776,497,11,626,825,676,441,434,21,674,455,511,335,63
20241,A,골목상권,3110783,영등포시장역 1번,292,154,138,1,26,37,35,67,126,1,19,27,16,33,58,0,7,10,19,34,68
20241,D,발달상권,3120144,영중로,2017,1073,944,1,254,395,508,598,261,1,142,276,289,230,135,0,112,119,219,368,126
20241,A,골목상권,3110821,보라매역 2번,599,356,243,0,73,109,142,137,138,0,34,65,80,89,88,0,39,44,62,48,50
20241,D,발달상권,3120156,"총신대입구역(이수, 총신대)",3366,1461,1905,14,640,802,748,644,518,7,213,337,380,258,266,7,427,465,368,386,252
20241,A,골목상권,3110839,숭실대입구역 4번,187,67,120,0,10,51,57,46,23,0,2,14,22,11,18,0,8,37,35,35,5
20241,A,골목상권,3110819,신대방역 4번,456,226,230,0,62,93,114,73,114,0,14,33,50,48,81,0,48,60,64,25,33
20241,A,골목상권,3110900,낙성대역 1번(관악구민 종합체육센터),444,246,198,1,94,123,115,88,23,1,48,64,62,53,18,0,46,59,53,35,5
20241,R,전통시장,3130284,관악종합시장(신원시장),17,10,7,0,0,1,3,10,3,0,0,1,1,6,2,0,0,0,2,4,1
20241,A,골목상권,3110888,청룡동주민센터,94,53,41,0,5,9,11,22,47,0,3,2,4,6,38,0,2,7,7,16,9
20241,R,전통시장,3130290,영림시장,417,183,234,0,74,101,107,92,43,0,14,49,43,44,33,0,60,52,64,48,10
20241,A,골목상권,3110897,서울대입구역 8번,219,139,80,0,16,45,69,64,25,0,7,24,40,44,24,0,9,21,29,20,1
20241,A,골목상권,3110948,헌인가구단지,57,27,30,0,5,24,14,11,3,0,4,12,6,2,3,0,1,12,8,9,0
20241,A,골목상권,3110924,반포4동주민센터(몽마르뜨공원),1071,732,339,5,171,236,323,252,84,1,78,150,243,200,60,4,93,86,80,52,24
20241,A,골목상권,3110916,내방역 4번,1152,592,560,9,216,272,301,208,146,6,58,167,187,91,83,3,158,105,114,117,63
20241,D,발달상권,3120164,내방역,8579,5975,2604,56,1923,2822,1862,1129,787,48,1160,1998,1383,799,587,8,763,824,479,330,200
20241,A,골목상권,3110915,서래초등학교,3011,2335,676,14,441,940,1066,421,129,11,286,683,868,373,114,3,155,257,198,48,15
20241,D,발달상권,3120189,강남역,72613,38819,33794,234,17636,24305,18411,9151,2876,59,6629,13226,10962,5914,2029,175,11007,11079,7449,3237,847
20241,D,발달상권,3120169,서초역,15771,7185,8586,70,3824,4195,3945,2657,1080,30,1313,1990,1801,1235,816,40,2511,2205,2144,1422,264
20241,A,골목상권,3110937,방아다리근린공원(횃불트리니티신학대학원대학교),2465,1270,1195,7,634,861,542,318,103,6,246,507,335,113,63,1,388,354,207,205,40
20241,A,골목상권,3110946,청계산원터골,41,21,20,0,2,4,8,13,14,0,2,2,6,3,8,0,0,2,2,10,6
20241,A,골목상권,3110942,염곡동 구룡사(포이동성당),3242,1952,1290,7,578,932,791,613,321,3,328,587,461,351,222,4,250,345,330,262,99
20241,A,골목상권,3110978,도곡2동주민센터(대치중학교),331,186,145,0,46,70,72,114,29,0,20,41,47,62,16,0,26,29,25,52,13
20241,D,발달상권,3120213,삼성중앙역,8521,5150,3371,50,1869,2485,1911,1070,1136,12,830,1515,1305,716,772,38,1039,970,606,354,364
20241,U,관광특구,3001496,강남 마이스 관광특구,15904,8904,7000,59,3513,6185,4248,1596,303,25,1160,3361,2887,1246,225,34,2353,2824,1361,350,78
20241,A,골목상권,3110991,삼성중앙역 5번,1246,794,452,1,111,415,339,275,105,1,28,243,229,216,77,0,83,172,110,59,28
20241,D,발달상권,3120221,봉은사역,17557,12129,5428,22,3154,5248,3562,2734,2837,8,2167,4087,2812,1669,1386,14,987,1161,750,1065,1451
20241,A,골목상권,3110995,봉은사역 4번,5085,3711,1374,9,978,2002,1271,637,188,2,575,1477,990,523,144,7,403,525,281,114,44
20241,D,발달상권,3120216,경기고교사거리(경기고교앞사거리),4934,3621,1313,8,712,1628,1666,772,148,5,291,1070,1431,703,121,3,421,558,235,69,27
20232,A,골목상권,3110017,정독도서관,650,322,328,0,133,273,152,58,34,0,26,130,93,43,30,0,107,143,59,15,4
20241,A,골목상권,3110998,은곡마을(은곡마을공원),17,11,6,0,2,6,4,3,2,0,0,4,3,3,1,0,2,2,1,0,1
20241,D,발달상권,3120202,압구정로데오역(압구정로데오),11735,6075,5660,41,2963,4419,2469,1425,418,11,793,2184,1593,1195,299,30,2170,2235,876,230,119
20241,A,골목상권,3110954,국기원,636,445,191,0,89,142,187,94,124,0,35,97,161,74,78,0,54,45,26,20,46
20241,A,골목상권,3110987,영동대교남단,410,201,209,1,80,64,74,101,90,1,40,36,31,40,53,0,40,28,43,61,37
20241,D,발달상권,3120237,경찰병원역,9922,5579,4343,59,1236,1684,1762,1665,3516,25,543,1068,1140,766,2037,34,693,616,622,899,1479
20241,A,골목상권,3111027,문정초등학교,1393,771,622,3,146,285,323,246,390,1,67,159,209,125,210,2,79,126,114,121,180
20241,D,발달상권,3120232,송파나루역,1056,714,342,0,185,302,235,171,163,0,80,192,163,131,148,0,105,110,72,40,15
20241,D,발달상권,3120228,석촌역(석촌호수),4494,2725,1769,7,707,1306,1038,695,741,1,288,851,680,410,495,6,419,455,358,285,246
20241,A,골목상권,3111010,석촌역 7번,1512,1031,481,3,181,309,376,339,304,1,98,190,261,234,247,2,83,119,115,105,57
20241,A,골목상권,3111039,벌말어린이공원,485,353,132,8,85,125,121,94,52,8,51,89,88,72,45,0,34,36,33,22,7
20241,D,발달상권,3120225,잠실새내역(신천),5597,3589,2008,25,909,1191,1223,1162,1087,3,464,712,794,811,805,22,445,479,429,351,282
20241,A,골목상권,3110531,홍지문,141,61,80,0,16,26,24,56,19,0,13,19,13,9,7,0,3,7,11,47,12
20241,A,골목상권,3110037,신설동역 12번,208,124,84,0,16,46,51,61,34,0,6,20,32,41,25,0,10,26,19,20,9
20241,A,골목상권,3110028,이화달팽이길,704,279,425,1,177,179,137,123,87,0,56,60,56,65,42,1,121,119,81,58,45
20241,R,전통시장,3130007,광장시장(광장전통시장),466,310,156,0,39,77,97,129,124,0,22,41,73,77,97,0,17,36,24,52,27
20241,D,발달상권,3120004,종로구청,12937,7078,5859,9,1442,4392,4485,2080,529,4,432,2050,2756,1493,343,5,1010,2342,1729,587,186
20241,R,전통시장,3130019,동대문상가D동,29,22,7,0,6,6,5,4,8,0,4,3,4,4,7,0,2,3,1,0,1
20241,A,골목상권,3110014,경복고등학교,194,82,112,0,28,54,40,44,28,0,4,14,21,24,19,0,24,40,19,20,9
20241,A,골목상권,3110016,평창동동측,2303,1051,1252,9,318,614,663,433,266,4,126,304,354,163,100,5,192,310,309,270,166
20241,A,골목상권,3110024,혜회동주민센터,928,263,665,0,135,264,294,184,51,0,17,64,90,55,37,0,118,200,204,129,14
20241,A,골목상권,3110049,장충단 고개,2303,1240,1063,4,566,582,448,431,272,2,174,314,281,257,212,2,392,268,167,174,60
20241,A,골목상권,3110052,장충초등학교,484,281,203,0,43,100,132,130,79,0,16,63,75,82,45,0,27,37,57,48,34
20241,R,전통시장,3130053,백학시장,160,69,91,0,22,24,46,37,31,0,8,8,20,15,18,0,14,16,26,22,13
20241,D,발달상권,3120027,명동역(명동재미로),18097,8477,9620,67,2695,5851,6070,3074,340,9,859,2588,2522,2321,178,58,1836,3263,3548,753,162
20241,A,골목상권,3110053,청구역 1번,281,166,115,0,52,69,69,54,37,0,23,45,43,27,28,0,29,24,26,27,9
20241,A,골목상권,3110042,남산골공원옆,683,424,259,3,91,156,195,166,72,0,37,89,131,121,46,3,54,67,64,45,26
20241,A,골목상권,3110040,중구회현체육센터(정화예술대남산캠퍼스),165,78,87,0,33,30,40,37,25,0,14,15,17,13,19,0,19,15,23,24,6
20241,D,발달상권,3120024,회현역,2167,1364,803,2,341,795,582,250,197,1,146,473,416,192,136,1,195,322,166,58,61
20241,A,골목상권,3110092,NH농협은행 보광동지점,468,168,300,0,90,111,103,94,70,0,11,47,34,33,43,0,79,64,69,61,27
20241,A,골목상권,3110065,남정초등학교,137,92,45,0,17,45,48,17,10,0,9,37,31,10,5,0,8,8,17,7,5
20241,A,골목상권,3110058,성심여자고등학교,1189,857,332,10,168,333,362,206,110,3,77,243,278,166,90,7,91,90,84,40,20
20233,U,관광특구,3001491,이태원 관광특구,5839,3064,2775,28,1377,2065,1290,768,311,18,514,986,777,541,228,10,863,1079,513,227,83
20241,R,전통시장,3130061,이태원시장,32,20,12,0,18,3,4,6,1,0,12,1,3,3,1,0,6,2,1,3,0
20241,A,골목상권,3110067,배문고등학교,1547,895,652,1,215,370,383,320,258,0,84,173,199,225,214,1,131,197,184,95,44
20241,A,골목상권,3110070,용산세무서,184,130,54,0,21,54,55,24,30,0,8,37,41,18,26,0,13,17,14,6,4
20241,D,발달상권,3120044,삼각지역,1905,1415,490,5,357,534,461,374,174,5,220,403,384,278,125,0,137,131,77,96,49
20241,A,골목상권,3110061,효창동주민센터,478,306,172,1,61,91,154,113,58,1,38,53,100,67,47,0,23,38,54,46,11
20241,R,전통시장,3130063,신금호역 골목형상점가,30,21,9,0,2,4,5,9,10,0,1,3,4,7,6,0,1,1,1,2,4
20241,A,골목상권,3110123,마장역 3번,511,382,129,0,42,56,91,185,137,0,21,36,63,141,121,0,21,20,28,44,16
20241,A,골목상권,3110127,성수1가1동주민센터,290,157,133,0,31,55,56,100,48,0,11,40,31,47,28,0,20,15,25,53,20
20241,D,발달상권,3120051,뚝섬역,3944,2582,1362,20,703,946,867,651,757,15,446,646,549,445,481,5,257,300,318,206,276
20241,A,골목상권,3110126,서울숲역 1번,27,18,9,0,0,7,2,12,6,0,0,6,0,7,5,0,0,1,2,5,1
20241,R,전통시장,3130065,무학봉상점가,181,71,110,0,29,39,47,42,24,0,4,11,15,23,18,0,25,28,32,19,6
20233,A,골목상권,3110044,관성묘,405,300,105,0,50,135,145,51,24,0,24,90,125,44,17,0,26,45,20,7,7
20241,R,전통시장,3130067,왕십리도선동상점가,1670,335,1335,3,166,202,291,591,417,1,78,98,69,49,40,2,88,104,222,542,377
20241,A,골목상권,3110115,상왕십리역 3번,945,362,583,10,392,218,156,113,56,0,76,84,93,75,34,10,316,134,63,38,22
20241,A,골목상권,3110114,왕십리파출소,33,19,14,0,3,2,8,14,6,0,1,1,4,8,5,0,2,1,4,6,1
20241,D,발달상권,3120061,올림픽대교북단,1094,864,230,1,228,403,324,95,43,0,165,326,290,55,28,1,63,77,34,40,15
20241,A,골목상권,3110145,장안초등학교,7,4,3,0,0,1,2,3,1,0,0,0,1,3,0,0,0,1,1,0,1
20241,A,골목상권,3110157,자양동우체국,1097,891,206,10,352,279,244,141,71,7,300,237,180,106,61,3,52,42,64,35,10
20241,A,골목상권,3110140,건대입구역 6번,429,268,161,6,37,67,113,120,86,5,17,34,65,83,64,1,20,33,48,37,22
20241,A,골목상권,3110153,중곡1동주민센터,241,83,158,1,42,57,67,57,17,0,14,22,22,17,8,1,28,35,45,40,9
20241,R,전통시장,3130078,화양제일골목시장,52,17,35,0,6,15,19,9,3,0,1,5,8,2,1,0,5,10,11,7,2
20241,A,골목상권,3110209,답십리 장령당공원,83,52,31,0,3,11,28,19,22,0,1,5,16,15,15,0,2,6,12,4,7
20241,A,골목상권,3110204,간데메공원,411,268,143,3,83,97,82,89,57,3,57,64,46,58,40,0,26,33,36,31,17
20241,R,전통시장,3130100,답십리시장,93,40,53,2,19,25,23,11,13,2,4,9,11,6,8,0,15,16,12,5,5
20241,R,전통시장,3130085,용두시장,4,2,2,0,0,0,1,2,1,0,0,0,0,1,1,0,0,0,1,1,0
20241,A,골목상권,3110221,의릉,95,69,26,0,10,12,36,29,8,0,6,10,24,22,7,0,4,2,12,7,1
20241,A,골목상권,3110226,장안1동주민센터,1882,1005,877,2,147,247,333,512,641,2,87,148,213,253,302,0,60,99,120,259,339
20241,D,발달상권,3120067,장안동사거리,2595,1173,1422,9,427,580,675,579,325,7,165,280,260,257,204,2,262,300,415,322,121
20241,A,골목상권,3110202,전농1동주민센터(전농시장),111,68,43,0,14,35,31,20,11,0,9,19,21,14,5,0,5,16,10,6,6
20241,R,전통시장,3130086,서울약령시장,1184,651,533,4,113,208,305,341,213,0,56,128,165,181,121,4,57,80,140,160,92
20241,R,전통시장,3130088,경동시장,126,57,69,0,18,32,24,17,35,0,3,11,11,10,22,0,15,21,13,7,13
20241,A,골목상권,3110199,홍릉시장,65,41,24,0,11,15,18,14,7,0,8,8,10,9,6,0,3,7,8,5,1
20241,R,전통시장,3130115,우림골목시장,307,106,201,2,80,61,68,64,32,0,29,11,30,20,16,2,51,50,38,44,16
20241,R,전통시장,3130112,사가정시장,86,28,58,0,13,17,24,19,13,0,0,3,6,8,11,0,13,14,18,11,2
20241,A,골목상권,3110264,면목역 2번,358,170,188,1,52,75,93,80,57,0,21,40,40,37,32,1,31,35,53,43,25
20241,A,골목상권,3110260,면목역 3번,126,74,52,0,24,21,24,29,28,0,14,8,12,20,20,0,10,13,12,9,8
20241,A,골목상권,3110250,화랑대역 7번,111,69,42,0,7,20,32,34,18,0,5,12,15,23,14,0,2,8,17,11,4
20241,A,골목상권,3110257,상봉역 7번,397,330,67,0,17,18,50,133,179,0,6,11,34,118,161,0,11,7,16,15,18
20241,A,골목상권,3110262,상봉역 3번,1530,878,652,2,221,447,542,268,50,0,119,337,281,107,34,2,102,110,261,161,16
20241,R,전통시장,3130107,중랑동부시장(중랑교종합상가),13,3,10,0,0,1,4,5,3,0,0,0,0,1,2,0,0,1,4,4,1
20241,A,골목상권,3110272,신내1동주민센터,477,319,158,0,45,69,93,152,118,0,15,35,60,103,106,0,30,34,33,49,12
20241,R,전통시장,3130116,동성타워프라자,31,22,9,0,2,9,7,8,5,0,2,4,4,7,5,0,0,5,3,1,0
20241,A,골목상권,3110235,세화어린이공원,17,12,5,0,6,3,1,5,2,0,5,1,1,3,2,0,1,2,0,2,0
20241,A,골목상권,3110307,길음역 7번,119,62,57,0,17,25,41,19,17,0,7,17,18,10,10,0,10,8,23,9,7
20241,A,골목상권,3110297,경동고등학교,654,311,343,0,74,123,156,164,137,0,31,65,74,79,62,0,43,58,82,85,75
20241,D,발달상권,3120071,성북구청,255,127,128,0,36,55,64,62,38,0,14,22,38,31,22,0,22,33,26,31,16
20241,A,골목상권,3110334,석관중앙교회,170,105,65,0,21,43,31,41,34,0,8,19,19,29,30,0,13,24,12,12,4
20241,A,골목상권,3110335,석계역 7번,249,172,77,1,19,32,66,64,67,0,13,18,34,45,62,1,6,14,32,19,5
20241,A,골목상권,3110288,동구여중,216,139,77,1,19,49,52,55,40,0,9,22,35,40,33,1,10,27,17,15,7
20241,A,골목상권,3110329,우리은행체육관,34,27,7,1,1,5,6,14,7,1,0,5,5,10,6,0,1,0,1,4,1
20241,A,골목상권,3110298,솔숲어린이공원,77,28,49,0,18,11,24,12,12,0,3,5,7,5,8,0,15,6,17,7,4
20241,A,골목상권,3110295,정릉우체국,679,248,431,0,166,178,163,119,53,0,36,67,49,52,44,0,130,111,114,67,9
20241,A,골목상권,3110381,번동주공2단지,171,88,83,5,31,28,38,55,14,4,11,14,21,30,8,1,20,14,17,25,6
20241,A,골목상권,3110371,삼양입구사거리,49,23,26,0,2,7,10,19,11,0,0,3,5,10,5,0,2,4,5,9,6
20241,A,골목상권,3110363,송천동주민센터,19,12,7,0,0,4,3,7,5,0,0,3,1,4,4,0,0,1,2,3,1
20241,R,전통시장,3130130,수유북부골목시장,20,14,6,0,1,1,7,5,6,0,0,0,6,3,5,0,1,1,1,2,1
20241,A,골목상권,3110410,방학역 2번,957,833,124,3,75,187,185,224,283,2,61,162,154,194,260,1,14,25,31,30,23
20241,R,전통시장,3130152,오!도봉거리 상점가,42,17,25,0,4,14,15,6,3,0,0,5,7,4,1,0,4,9,8,2,2
20241,A,골목상권,3110411,도봉역 3번,421,379,42,0,13,31,61,141,175,0,11,20,48,133,167,0,2,11,13,8,8
20241,A,골목상권,3110390,방학초등학교,231,110,121,0,18,63,68,58,24,0,7,36,28,27,12,0,11,27,40,31,12
20241,A,골목상권,3110387,쌍문초등학교,307,169,138,0,37,47,91,75,57,0,13,24,49,39,44,0,24,23,42,36,13
20241,A,골목상권,3110389,한일병원,209,120,89,0,23,37,57,53,39,0,10,19,35,30,26,0,13,18,22,23,13
20241,A,골목상권,3110388,도봉우체국,35,23,12,0,4,3,10,14,4,0,2,2,7,8,4,0,2,1,3,6,0
20241,A,골목상권,3110392,발바닥공원,43,17,26,0,2,8,7,10,16,0,0,0,3,3,11,0,2,8,4,7,5
20241,R,전통시장,3130147,쌍문역동측상점가,69,32,37,0,7,17,18,9,18,0,2,6,10,5,9,0,5,11,8,4,9
20241,D,발달상권,3120086,태릉입구역,382,205,177,0,42,78,82,102,78,0,24,43,35,49,54,0,18,35,47,53,24
20241,A,골목상권,3110416,노원초등학교,468,244,224,4,61,110,118,126,49,2,24,73,58,58,29,2,37,37,60,68,20
20241,A,골목상권,3110423,석계역 2번,280,104,176,0,27,29,65,73,86,0,9,15,31,29,20,0,18,14,34,44,66
20241,A,골목상권,3110417,월계역 3번,19,10,9,0,10,6,0,3,0,0,3,5,0,2,0,0,7,1,0,1,0
20241,A,골목상권,3110483,연천초등학교,119,74,45,0,11,16,34,17,41,0,3,9,26,10,26,0,8,7,8,7,15
20241,A,골목상권,3110482,연신초등학교,11,7,4,0,0,0,4,6,1,0,0,0,3,3,1,0,0,0,1,3,0
20241,A,골목상권,3110453,신사1동주민센터,515,288,227,0,43,81,121,155,115,0,20,25,65,85,93,0,23,56,56,70,22
20241,A,골목상권,3110478,응암1동주민센터,355,220,135,2,26,37,56,56,178,2,16,23,28,32,119,0,10,14,28,24,59
20241,A,골목상권,3110461,새절역 2번,39,21,18,0,2,8,11,10,8,0,2,2,6,6,5,0,0,6,5,4,3
20241,D,발달상권,3120096,"이화여대(이대역, 이대)",493,210,283,1,81,137,130,86,58,0,27,52,48,43,40,1,54,85,82,43,18
20241,D,발달상권,3120093,연희동,661,351,310,2,60,125,170,195,109,0,27,62,91,103,68,2,33,63,79,92,41
20241,A,골목상권,3110510,홍연시장,100,59,41,0,10,14,33,27,16,0,5,6,22,14,12,0,5,8,11,13,4
20241,A,골목상권,3110512,연희지하차도,335,165,170,0,40,62,102,99,32,0,14,38,44,49,20,0,26,24,58,50,12
20241,A,골목상권,3110537,충정로현대아파트,1514,848,666,1,362,525,328,177,121,0,150,263,215,134,86,1,212,262,113,43,35
20241,A,골목상권,3110519,서대문구보건소별관,341,156,185,0,42,73,79,94,53,0,14,33,44,37,28,0,28,40,35,57,25
20241,R,전통시장,3130197,마포시장,15,5,10,0,0,1,5,4,5,0,0,1,0,2,2,0,0,0,5,2,3
20241,A,골목상권,3110540,망원나들목체육관,238,107,131,0,39,63,70,47,19,0,19,28,26,23,11,0,20,35,44,24,8
20241,D,발달상권,3120100,망원역,846,397,449,4,199,227,191,137,88,2,52,99,101,94,49,2,147,128,90,43,39
20241,A,골목상권,3110565,홍익대,110,66,44,0,16,34,34,19,7,0,8,16,23,13,6,0,8,18,11,6,1
20241,A,골목상권,3110569,홍대땡땡거리,358,153,205,2,62,108,97,53,36,1,18,48,46,19,21,1,44,60,51,34,15
20241,A,골목상권,3110555,홍익지구대,284,147,137,1,49,53,55,37,89,0,14,28,31,16,58,1,35,25,24,21,31
20241,A,골목상권,3110581,염리초등학교,16,11,5,0,0,0,2,6,8,0,0,0,2,3,6,0,0,0,0,3,2
20241,D,발달상권,3120108,신정네거리역,992,580,412,2,93,215,220,242,220,1,28,110,112,160,169,1,65,105,108,82,51
20241,R,전통시장,3130204,경창시장,102,51,51,0,5,12,29,27,29,0,2,5,13,16,15,0,3,7,16,11,14
20241,A,골목상권,3110596,서서울호수공원,417,272,145,2,48,90,107,113,57,0,28,56,74,71,43,2,20,34,33,42,14
20241,A,골목상권,3110592,서울금융고등학교,431,337,94,0,18,34,71,147,161,0,9,13,44,124,147,0,9,21,27,23,14
20241,A,골목상권,3110602,신월시영아파트중문,674,584,90,1,8,23,81,250,311,0,4,14,55,218,293,1,4,9,26,32,18
20241,R,전통시장,3130207,신정1동 골목시장(신정제일시장),38,21,17,0,8,9,10,7,4,0,3,5,6,4,3,0,5,4,4,3,1
20241,A,골목상권,3110694,세곡초등학교,438,243,195,2,55,148,88,96,49,0,24,75,49,59,36,2,31,73,39,37,13
20241,A,골목상권,3110609,신정네거리역 2번,1377,1358,19,0,14,15,52,171,1125,0,10,11,45,168,1124,0,4,4,7,3,1
20241,A,골목상권,3110611,신정역 1번,289,192,97,2,34,57,88,74,34,2,20,42,52,46,30,0,14,15,36,28,4
20241,A,골목상권,3110657,양천향교역 5번,3180,2118,1062,12,334,603,741,695,795,8,191,396,493,385,645,4,143,207,248,310,150
20241,A,골목상권,3110652,양천향교역 2번,643,483,160,0,70,131,146,169,127,0,32,102,104,139,106,0,38,29,42,30,21
20241,A,골목상권,3110674,강서구청가양동별관,260,189,71,0,21,55,61,47,76,0,14,46,35,29,65,0,7,9,26,18,11
20241,A,골목상권,3110671,등촌1동주민센터,4521,2889,1632,8,1208,1381,956,636,332,2,375,916,788,522,286,6,833,465,168,114,46
20233,R,전통시장,3130192,동진시장,10,6,4,0,1,1,4,3,1,0,1,1,1,2,1,0,0,0,3,1,0
20241,D,발달상권,3120122,강서구청,2179,1231,948,4,314,461,494,447,459,2,103,228,271,262,365,2,211,233,223,185,94
20241,R,전통시장,3130218,신월중앙시장,118,53,65,0,28,34,26,13,17,0,8,12,11,9,13,0,20,22,15,4,4
20241,A,골목상권,3110645,우장산역 4번,782,381,401,0,63,120,238,219,142,0,32,60,86,88,115,0,31,60,152,131,27
20241,A,골목상권,3110641,공항고등학교,345,236,109,2,46,95,100,79,23,1,30,72,61,52,20,1,16,23,39,27,3
20241,A,골목상권,3110636,방화역 2번,152,76,76,1,25,49,41,21,15,0,9,26,27,4,10,1,16,23,14,17,5
20241,R,전통시장,3130217,화곡본동시장,36,16,20,0,3,5,10,13,5,0,1,3,5,6,1,0,2,2,5,7,4
20241,R,전통시장,3130225,개봉중앙시장,147,59,88,0,15,21,39,44,28,0,3,4,19,22,11,0,12,17,20,22,17
20241,A,골목상권,3110697,개봉3동주민센터,230,142,88,1,55,64,49,41,20,1,27,41,31,29,13,0,28,23,18,12,7
20241,A,골목상권,3110702,개봉초등학교,131,93,38,1,15,18,33,34,30,1,10,13,23,24,22,0,5,5,10,10,8
20241,R,전통시장,3130229,남구로시장,249,139,110,1,16,53,61,62,56,0,7,30,31,32,39,1,9,23,30,30,17
20241,A,골목상권,3110709,구로119안전센터,185,108,77,0,19,22,56,51,37,0,14,13,36,29,16,0,5,9,20,22,21
20241,D,발달상권,3120129,구로디지털단지,48873,32033,16840,196,10422,16630,12386,5777,3462,127,5285,11083,8771,3995,2772,69,5137,5547,3615,1782,690
20241,A,골목상권,3110719,영서중학교,19,15,4,0,0,4,2,3,10,0,0,2,2,3,8,0,0,2,0,0,2
20241,R,전통시장,3130228,구로시장,10,5,5,0,0,4,6,0,0,0,0,1,4,0,0,0,0,3,2,0,0
20241,A,골목상권,3110693,오류동역 4번,17,9,8,0,1,3,5,4,4,0,1,3,2,2,1,0,0,0,3,2,3
20241,A,골목상권,3110690,오류2동버들시장,577,275,302,1,101,192,133,94,56,0,39,104,64,36,32,1,62,88,69,58,24
20241,A,골목상권,3110723,가산디지털단지역 1번 출입구,286,247,39,0,6,10,37,130,103,0,6,5,26,113,97,0,0,5,11,17,6
20241,R,전통시장,3130231,독산동 우시장,611,476,135,2,31,74,126,196,182,0,16,55,97,145,163,2,15,19,29,51,19
20241,D,발달상권,3120134,구로전화국,2014,1668,346,0,107,157,172,223,1355,0,44,75,96,153,1300,0,63,82,76,70,55
20241,R,전통시장,3130246,영등포청과시장(조광시장),237,126,111,0,24,33,47,77,56,0,9,11,28,39,39,0,15,22,19,38,17
20241,D,발달상권,3120136,영등포구청역,6456,3190,3266,20,1167,1451,1361,1429,1028,12,562,814,730,580,492,8,605,637,631,849,536
20241,R,전통시장,3130247,우리시장,19,15,4,0,3,4,4,3,5,0,1,3,4,3,4,0,2,1,0,0,1
20241,A,골목상권,3110778,구로디지털단지역 4번,1596,862,734,0,248,459,484,224,181,0,122,281,192,136,131,0,126,178,292,88,50
20241,A,골목상권,3110768,도림2동유수지내체육시설,294,155,139,0,20,43,63,73,95,0,7,22,32,41,53,0,13,21,31,32,42
20241,A,골목상권,3110797,KT대방빌딩,47,8,39,1,6,8,12,10,10,0,0,0,1,2,5,1,6,8,11,8,5
20241,A,골목상권,3110798,신풍역 2번,53,20,33,0,2,13,14,13,11,0,0,3,3,6,8,0,2,10,11,7,3
20241,D,발달상권,3120148,국회의사당역(국회의사당),31135,19451,11684,82,6815,10231,7641,4493,1873,27,3082,6187,5424,3397,1334,55,3733,4044,2217,1096,539
20241,R,전통시장,3130250,삼구시장(로타리상가),1,0,1,0,0,0,0,1,0,0,0,0,0,0,0,0,0,0,0,1,0
20241,R,전통시장,3130265,노량진중앙시장,115,82,33,0,17,48,34,8,8,0,12,42,23,3,2,0,5,6,11,5,6
20241,A,골목상권,3110828,노량진역 6번,3010,2066,944,9,471,1047,854,467,162,3,252,711,639,357,104,6,219,336,215,110,58
20241,D,발달상권,3120160,사당역(사당),9153,4750,4403,14,1560,2594,2716,1534,735,4,617,1307,1324,997,501,10,943,1287,1392,537,234
20241,A,골목상권,3110852,이수역 9번,198,121,77,0,26,35,54,38,45,0,12,20,30,23,36,0,14,15,24,15,9
20241,A,골목상권,3110838,상도1동주민센터앞,131,122,9,0,3,32,30,35,31,0,3,27,27,35,30,0,0,5,3,0,1
20241,R,전통시장,3130268,상도전통시장,239,104,135,0,33,60,53,58,35,0,12,23,23,24,22,0,21,37,30,34,13
20241,A,골목상권,3110830,상도초등학교,281,152,129,0,22,61,73,85,40,0,7,29,36,54,26,0,15,32,37,31,14
20241,R,전통시장,3130261,성대전통시장(성대시장),211,104,107,0,15,47,61,61,27,0,4,26,33,23,18,0,11,21,28,38,9
20241,A,골목상권,3110827,NH농협은행 상도동지점,262,93,169,0,39,51,73,65,34,0,11,18,20,28,16,0,28,33,53,37,18
20241,A,골목상권,3110841,중대부중,75,34,41,0,7,12,14,23,19,0,4,7,5,10,8,0,3,5,9,13,11
20241,A,골목상권,3110862,난곡초등학교(난곡동벽화마을),84,41,43,0,4,13,14,34,19,0,2,6,11,15,7,0,2,7,3,19,12
20241,A,골목상권,3110859,난향초등학교,182,113,69,0,11,32,42,52,45,0,0,21,27,30,35,0,11,11,15,22,10
20241,R,전통시장,3130278,미성동 도깨비시장 골목형상점가,75,16,59,0,0,16,28,24,7,0,0,7,5,2,2,0,0,9,23,22,5
20241,A,골목상권,3110878,미림여고,368,218,150,3,43,114,101,78,29,0,19,63,68,43,25,3,24,51,33,35,4
20241,A,골목상권,3110889,봉천역 6번,376,317,59,0,29,36,69,136,106,0,18,20,47,130,102,0,11,16,22,6,4
20232,R,전통시장,3130316,마천시장,18,9,9,0,3,3,2,10,0,0,2,2,2,3,0,0,1,1,0,7,0
20241,A,골목상권,3110909,남태령역(서울전자고등학교),132,97,35,1,11,29,23,34,34,1,4,19,16,29,28,0,7,10,7,5,6
20241,A,골목상권,3110920,방배역 2번(백석예술대학교),359,205,154,0,23,53,125,118,40,0,5,29,65,75,31,0,18,24,60,43,9
20241,A,골목상권,3110906,서문여고,683,362,321,2,217,106,119,106,133,0,59,58,72,62,111,2,158,48,47,44,22
20241,A,골목상권,3110912,방배동사이길,210,128,82,3,33,45,53,42,34,2,16,27,39,21,23,1,17,18,14,21,11
20241,D,발달상권,3120172,교대입구교차로,10241,5712,4529,53,2062,2700,2445,1945,1036,33,854,1635,1489,1004,697,20,1208,1065,956,941,339
20241,D,발달상권,3120183,양재천카페거리,3558,2626,932,12,586,972,848,551,589,10,364,717,638,413,484,2,222,255,210,138,105
20241,A,골목상권,3110943,법제교육센터(버들어린이공원),1122,578,544,1,67,165,357,323,209,1,36,99,151,140,151,0,31,66,206,183,58
20241,D,발달상권,3120174,논현역 5번,680,379,301,6,108,196,155,93,122,4,39,108,90,58,80,2,69,88,65,35,42
20241,D,발달상권,3120199,경복아파트교차로,3427,2023,1404,9,720,1059,682,508,449,3,273,627,441,345,334,6,447,432,241,163,115
20241,A,골목상권,3110996,대치2동주민센터,1940,1218,722,2,81,274,345,337,901,0,47,206,276,245,444,2,34,68,69,92,457
20241,D,발달상권,3120188,압구정역,8579,3750,4829,134,2204,2146,1550,1314,1231,47,698,969,897,556,583,87,1506,1177,653,758,648
20241,A,골목상권,3110958,역삼역 4번,997,760,237,1,96,197,300,298,105,1,46,133,254,241,85,0,50,64,46,57,20
20241,D,발달상권,3120204,르네상스호텔사거리,41471,20644,20827,102,8167,11056,10671,10081,1394,54,5016,7567,4988,2062,957,48,3151,3489,5683,8019,437
20241,D,발달상권,3120206,개나리아파트,5243,3354,1889,87,1658,1413,1080,655,350,27,866,955,775,456,275,60,792,458,305,199,75
20241,R,전통시장,3130307,도곡시장,17,9,8,0,0,3,4,7,3,0,0,2,1,4,2,0,0,1,3,3,1
20241,A,골목상권,3110973,강남구청역 4번,1448,784,664,4,275,332,289,269,279,1,146,203,162,128,144,3,129,129,127,141,135
20241,A,골목상권,3110990,청담역 12번,262,109,153,2,61,92,56,36,15,0,12,32,29,23,13,2,49,60,27,13,2
20241,R,전통시장,3130315,문정동 로데오거리 상점가(문정동 로데오거리),1382,812,570,6,315,293,263,252,253,3,118,169,166,146,210,3,197,124,97,106,43
20241,D,발달상권,3120234,가락시장역,10280,6234,4046,11,1351,2492,2151,1680,2595,3,587,1469,1440,929,1806,8,764,1023,711,751,789
20241,R,전통시장,3130316,마천시장,18,9,9,0,3,3,2,10,0,0,2,2,2,3,0,0,1,1,0,7,0
20241,A,골목상권,3111043,마천공원,32,13,19,0,1,3,7,12,9,0,0,0,1,6,6,0,1,3,6,6,3
20241,A,골목상권,3111020,방이동고분군(방산고등학교),304,225,79,1,20,103,84,54,42,0,7,73,64,48,33,1,13,30,20,6,9
20241,A,골목상권,3111014,송파나루역 2번,521,273,248,1,42,75,119,190,94,0,21,42,67,83,60,1,21,33,52,107,34
20241,A,골목상권,3111005,삼전역 3번,1865,1358,507,0,320,617,459,302,167,0,215,449,339,222,133,0,105,168,120,80,34
20241,A,골목상권,3111003,삼전역 4번,1996,1337,659,6,249,412,549,437,343,1,160,278,332,308,258,5,89,134,217,129,85
20241,A,골목상권,3111028,문현중학교(장지역 1번),424,194,230,0,54,66,132,116,56,0,29,36,49,50,30,0,25,30,83,66,26
20241,A,골목상권,3111090,강일동주민센터,91,35,56,0,15,30,23,17,6,0,1,10,10,10,4,0,14,20,13,7,2
20241,A,골목상권,3111082,중앙보훈병원,64,44,20,0,3,9,11,23,18,0,1,3,5,18,17,0,2,6,6,5,1
20241,A,골목상권,3111053,성내천어린이공원(하니사랑길),6288,4564,1724,6,799,940,1025,1564,1954,3,542,693,750,1053,1523,3,257,247,275,511,431
20241,A,골목상권,3111059,강동역 4번(강풀만화거리),774,420,354,3,87,144,177,164,199,1,47,73,92,91,116,2,40,71,85,73,83
20241,A,골목상권,3111066,암사동성당(효정하나플러스아파트),417,255,162,3,46,103,101,113,51,0,14,53,66,91,31,3,32,50,35,22,20
20241,A,골목상권,3111065,천일초등학교,79,38,41,2,6,21,18,23,9,2,5,11,7,6,7,0,1,10,11,17,2
20241,D,발달상권,3120001,서대문역,1510,1022,488,1,265,530,359,278,77,1,106,344,272,237,62,0,159,186,87,41,15
20241,A,골목상권,3110005,세검정,1057,542,515,6,132,305,306,202,106,2,40,143,167,124,66,4,92,162,139,78,40
20241,A,골목상권,3110025,충신시장옆,213,129,84,2,17,46,63,56,29,0,6,23,43,33,24,2,11,23,20,23,5
20241,D,발달상권,3120014,종로5가역,4887,2839,2048,375,1123,1351,1205,597,236,112,456,860,851,397,163,263,667,491,354,200,73
20241,D,발달상권,3120037,동대문역사문화공원역,35317,17057,18260,421,11234,9194,6979,5237,2252,180,5605,5543,3901,1328,500,241,5629,3651,3078,3909,1752
20241,D,발달상권,3120029,을지로2가,7461,4461,3000,27,1938,2808,1698,798,192,7,787,1650,1165,693,159,20,1151,1158,533,105,33
20241,R,전통시장,3130052,서울중앙시장(신중앙시장),479,342,137,0,106,156,101,61,55,0,80,110,57,45,50,0,26,46,44,16,5
20241,R,전통시장,3130050,청평화시장,233,96,137,2,54,70,50,40,17,1,22,32,12,21,8,1,32,38,38,19,9
20241,A,골목상권,3110055,황학동벼룩시장,29,19,10,0,1,4,6,11,7,0,1,3,5,6,4,0,0,1,1,5,3
20241,R,전통시장,3130022,숭례문수입상가(남대문시장),1907,850,1057,0,330,855,598,113,11,0,55,378,338,70,9,0,275,477,260,43,2
20241,R,전통시장,3130025,삼익패션타운(남대문시장),5494,2675,2819,69,1760,1561,1124,794,186,31,674,837,763,292,78,38,1086,724,361,502,108
20241,A,골목상권,3110094,오산중학교,26,12,14,0,0,1,4,13,8,0,0,0,2,6,4,0,0,1,2,7,4
20241,A,골목상권,3110089,서빙고동주민센터,752,503,249,1,94,230,220,107,100,0,33,136,159,88,87,1,61,94,61,19,13
20241,A,골목상권,3110081,해방촌 남동측,231,122,109,0,45,63,54,42,27,0,14,35,27,23,23,0,31,28,27,19,4
20241,R,전통시장,3130060,신흥시장,4,1,3,0,0,2,0,2,0,0,0,1,0,0,0,0,0,1,0,2,0
20241,A,골목상권,3110068,남영역 1번,1090,615,475,8,161,257,250,224,190,6,60,135,151,138,125,2,101,122,99,86,65
20241,D,발달상권,3120041,신용산역(용산역),20372,8281,12091,72,4418,6743,5760,2509,870,25,1460,2533,2359,1337,567,47,2958,4210,3401,1172,303
20241,A,골목상권,3110096,한남힐사이드아파트,502,337,165,3,155,183,85,47,29,3,89,132,63,26,24,0,66,51,22,21,5
20241,A,골목상권,3110079,후암동주민센터,1084,584,500,4,223,262,267,196,132,3,73,156,156,105,91,1,150,106,111,91,41
20241,A,골목상권,3110105,금동어린이공원,38,17,21,0,1,7,11,10,9,0,0,2,3,6,6,0,1,5,8,4,3
20241,A,골목상권,3110116,청계천박물관,4825,3644,1181,29,323,769,1077,1762,865,26,206,565,875,1315,657,3,117,204,202,447,208
20241,R,전통시장,3130069,"한양대앞상점가(한양시장, 왕십리맛골목)",32,19,13,0,6,6,4,8,8,0,4,4,0,5,6,0,2,2,4,3,2
20241,A,골목상권,3110101,옥정중학교,218,121,97,0,55,51,65,31,16,0,24,34,43,13,7,0,31,17,22,18,9
20241,A,골목상권,3110166,구의1동주민센터,552,292,260,1,70,121,177,115,68,1,20,59,99,60,53,0,50,62,78,55,15
20241,A,골목상권,3110160,광진경찰서,819,680,139,0,149,322,180,157,11,0,110,261,150,149,10,0,39,61,30,8,1
20241,A,골목상권,3110172,광진초등학교,344,227,117,0,42,72,92,91,47,0,17,48,61,65,36,0,25,24,31,26,11
20241,A,골목상권,3110169,성동초등학교,253,139,114,1,28,41,73,68,42,0,15,21,36,39,28,1,13,20,37,29,14
20241,D,발달상권,3120059,구삼강변맛길,3277,1779,1498,6,431,676,553,747,864,4,244,472,365,322,372,2,187,204,188,425,492
20241,A,골목상권,3110175,푸른동산공원,367,233,134,0,41,73,108,86,59,0,24,48,69,53,39,0,17,25,39,33,20
20241,R,전통시장,3130081,자양골목전통시장(자양골목시장),54,36,18,0,7,17,14,9,7,0,5,12,9,6,4,0,2,5,5,3,3
20241,R,전통시장,3130075,노룬산시장(노룬산골목시장),17,12,5,0,4,5,6,0,2,0,3,3,5,0,1,0,1,2,1,0,1
20241,A,골목상권,3110161,중곡역 3번,236,135,101,3,11,33,58,65,66,0,2,16,37,40,40,3,9,17,21,25,26
20241,A,골목상권,3110181,신설동역 9번,1864,1212,652,12,209,232,286,440,685,12,150,162,188,282,418,0,59,70,98,158,267
20241,A,골목상권,3110192,동의보감타워,70,45,25,0,7,10,25,16,12,0,2,6,17,10,10,0,5,4,8,6,2
20241,R,전통시장,3130089,청량리수산시장,42,33,9,0,4,7,16,6,9,0,3,7,12,4,7,0,1,0,4,2,2
20241,A,골목상권,3110220,외대앞역 1번,193,111,82,0,28,37,54,47,27,0,7,18,33,34,19,0,21,19,21,13,8
20241,A,골목상권,3110223,군자초등학교,94,56,38,0,13,17,26,24,14,0,4,10,17,15,10,0,9,7,9,9,4
20241,A,골목상권,3110201,전농119안전센터,27,11,16,0,2,1,9,10,5,0,1,0,3,4,3,0,1,1,6,6,2
20241,R,전통시장,3130090,청량리종합시장,19,13,6,0,1,4,3,5,6,0,1,2,3,3,4,0,0,2,0,2,2
20241,R,전통시장,3130094,청량리청과물시장,54,24,30,0,7,13,17,7,10,0,0,4,10,2,8,0,7,9,7,5,2
20241,R,전통시장,3130093,동서시장,5,3,2,0,0,0,1,2,2,0,0,0,1,0,2,0,0,0,0,2,0
20241,A,골목상권,3110194,홍파초등학교,112,85,27,0,6,32,24,36,14,0,4,20,20,31,10,0,2,12,4,5,4
20241,A,골목상권,3110191,고려대역 6번,48,41,7,0,1,12,14,9,12,0,1,10,11,8,11,0,0,2,3,1,1
20241,D,발달상권,3120065,회기역,323,205,118,3,48,55,87,76,54,1,27,39,48,49,41,2,21,16,39,27,13
20241,A,골목상권,3110222,회기역 2번,20,17,3,0,0,3,2,6,9,0,0,2,2,4,9,0,0,1,0,2,0
20241,A,골목상권,3110273,장스여성병원,610,446,164,7,31,37,75,209,251,0,4,8,37,168,229,7,27,29,38,41,22
20241,R,전통시장,3130109,묵1동도깨비시장,47,33,14,0,2,9,16,9,11,0,1,5,13,5,9,0,1,4,3,4,2
20241,A,골목상권,3110308,길음역 8번,174,85,89,0,17,36,56,41,24,0,8,17,26,20,14,0,9,19,30,21,10
20241,A,골목상권,3110301,성신여대입구역 7번,484,209,275,1,73,84,96,134,96,0,31,37,39,62,40,1,42,47,57,72,56
20241,A,골목상권,3110328,상월곡역 3번,235,157,78,1,38,75,62,37,22,1,26,58,33,24,15,0,12,17,29,13,7
20241,A,골목상권,3110333,돌곶이역 5번,988,746,242,0,15,23,38,74,838,0,2,13,20,42,669,0,13,10,18,32,169
20241,A,골목상권,3110285,홍대부중,814,559,255,9,219,220,210,100,56,6,118,172,163,69,31,3,101,48,47,31,25
20241,A,골목상권,3110281,길상사,13818,12089,1729,12,1418,3093,4061,4964,270,1,960,2426,3678,4823,201,11,458,667,383,141,69
20241,A,골목상권,3110327,상월곡역 2번,118,60,58,0,8,17,42,31,20,0,3,8,24,14,11,0,5,9,18,17,9
20241,A,골목상권,3110325,장곡초등학교,57,18,39,0,0,14,20,17,6,0,0,3,7,4,4,0,0,11,13,13,2
20241,A,골목상권,3110294,서경대학교,391,262,129,0,35,30,93,120,113,0,18,14,46,87,97,0,17,16,47,33,16
20241,A,골목상권,3110315,종암아이파크2차,124,78,46,0,11,17,41,38,17,0,4,9,27,25,13,0,7,8,14,13,4
20241,A,골목상권,3110380,강북문화정보도서관,48,15,33,0,12,10,12,10,4,0,0,3,5,4,3,0,12,7,7,6,1
20241,A,골목상권,3110357,가오리역 1번,725,611,114,0,25,36,171,340,153,0,4,18,146,310,133,0,21,18,25,30,20
20241,R,전통시장,3130133,우이골목시장(우이시장),69,61,8,0,7,7,19,20,16,0,6,6,17,17,15,0,1,1,2,3,1
20241,A,골목상권,3110358,인수동 우편취급국,549,295,254,0,18,34,67,210,220,0,2,18,23,91,161,0,16,16,44,119,59
20241,A,골목상권,3110372,강북중학교,188,100,88,0,21,43,50,48,26,0,17,25,18,20,20,0,4,18,32,28,6
20241,A,골목상권,3110350,가오리역 2번,148,77,71,0,11,27,37,49,24,0,5,11,18,26,17,0,6,16,19,23,7
20241,A,골목상권,3110412,창동중학교,25,23,2,0,4,7,3,4,7,0,3,7,3,3,7,0,1,0,0,1,0
20241,A,골목상권,3110384,문이교,261,139,122,0,38,20,56,85,62,0,12,8,21,51,47,0,26,12,35,34,15
20241,A,골목상권,3110398,쌍문2동우체국,474,326,148,0,30,65,96,153,130,0,11,27,50,124,114,0,19,38,46,29,16
20241,R,전통시장,3130153,창동역상점가,229,138,91,0,18,48,54,56,53,0,7,31,30,31,39,0,11,17,24,25,14
20241,R,전통시장,3130159,공릉동 도깨비시장,101,47,54,0,12,22,24,26,17,0,4,8,9,15,11,0,8,14,15,11,6
20241,A,골목상권,3110419,수락산디자인거리,695,462,233,5,94,131,159,180,126,5,49,76,108,130,94,0,45,55,51,50,32
20241,R,전통시장,3130155,시영B상가(중계 그린아파트 B 상가),3,2,1,0,0,1,0,2,0,0,0,1,0,1,0,0,0,0,0,1,0
20241,A,골목상권,3110447,구산초등학교,48,43,5,0,5,15,10,5,13,0,4,15,8,5,11,0,1,0,2,0,2
20241,A,골목상권,3110477,은평세무서,434,205,229,0,43,62,106,141,82,0,15,23,49,71,47,0,28,39,57,70,35
20241,A,골목상권,3110484,역촌역 3번,499,193,306,6,64,131,129,103,66,5,34,45,41,32,36,1,30,86,88,71,30
20241,A,골목상권,3110481,불광역 7번,199,89,110,0,13,44,41,60,41,0,2,23,11,25,28,0,11,21,30,35,13
20241,A,골목상권,3110452,새절역 3번,373,317,56,1,10,36,63,123,140,1,7,25,47,107,130,0,3,11,16,16,10
20241,A,골목상권,3110507,명지대학교,1537,1156,381,29,392,636,318,129,33,26,257,481,282,83,27,3,135,155,36,46,6
20241,A,골목상권,3110514,서대문우체국,86,19,67,0,26,26,17,9,8,0,0,4,7,4,4,0,26,22,10,5,4
20241,A,골목상권,3110535,영천시장입구,488,333,155,2,36,65,112,164,109,2,19,35,78,130,69,0,17,30,34,34,40
20241,A,골목상권,3110538,충정로역 3번,284,178,106,0,12,42,56,66,108,0,5,27,35,42,69,0,7,15,21,24,39
20241,D,발달상권,3120107,공덕역(공덕오거리),13077,7619,5458,43,2471,3470,3552,3026,515,9,1021,2002,2300,1900,387,34,1450,1468,1252,1126,128
20241,A,골목상권,3110578,대흥역 2번,2091,1413,678,2,213,337,391,638,510,1,80,225,309,452,346,1,133,112,82,186,164
20241,A,골목상권,3110580,양원초등학교,78,20,58,0,3,6,16,25,28,0,0,1,3,11,5,0,3,5,13,14,23
20241,A,골목상권,3110573,신촌역 6번,28,10,18,0,7,3,6,6,6,0,2,0,3,1,4,0,5,3,3,5,2
20241,A,골목상권,3110575,대흥동주민센터,208,157,51,2,25,48,36,49,48,2,11,35,25,41,43,0,14,13,11,8,5
20241,A,골목상권,3110568,광흥창역 1번,67,32,35,0,12,21,14,15,5,0,4,10,6,9,3,0,8,11,8,6,2
20241,D,발달상권,3120104,연남동(홍대),5955,3176,2779,20,1117,1491,1289,1103,935,12,428,824,772,620,520,8,689,667,517,483,415
20241,A,골목상권,3110622,달마을공원,458,261,197,0,58,90,102,138,70,0,26,47,63,65,60,0,32,43,39,73,10
20241,A,골목상권,3110620,목동보건지소,458,241,217,4,51,85,105,125,88,4,20,48,50,65,54,0,31,37,55,60,34
20241,A,골목상권,3110675,화곡4동주민센터,235,161,74,0,13,45,60,59,58,0,6,28,34,46,47,0,7,17,26,13,11
20241,A,골목상권,3110667,가양역 10번,177,126,51,0,33,32,56,36,20,0,21,20,38,29,18,0,12,12,18,7,2
20241,A,골목상권,3110638,신방화역 2번,372,202,170,3,53,75,88,87,66,3,22,40,44,43,50,0,31,35,44,44,16
20241,A,골목상권,3110656,까치산역 3번,829,493,336,13,89,206,249,190,82,12,52,128,151,91,59,1,37,78,98,99,23
20241,R,전통시장,3130216,화곡중앙시장,75,32,43,0,4,11,21,22,17,0,2,2,9,8,11,0,2,9,12,14,6
20241,A,골목상권,3110651,화원중학교,377,214,163,2,29,50,102,105,89,1,19,31,68,52,43,1,10,19,34,53,46
20241,A,골목상권,3110673,뜸부기어린이공원,253,143,110,0,37,52,62,64,38,0,21,29,31,34,28,0,16,23,31,30,10
20241,R,전통시장,3130219,까치산시장,114,35,79,0,16,17,35,29,17,0,4,6,8,9,8,0,12,11,27,20,9
20241,A,골목상권,3110717,남구로역 2번,570,271,299,0,108,155,142,104,61,0,49,84,75,34,29,0,59,71,67,70,32
20241,A,골목상권,3110705,고산초등학교,33,19,14,0,3,2,8,7,13,0,3,1,8,2,5,0,0,1,0,5,8
20241,A,골목상권,3110701,고척동성당,567,379,188,2,126,185,125,92,37,0,81,133,82,54,29,2,45,52,43,38,8
20241,A,골목상권,3110713,구로보건소,2668,1817,851,5,474,650,706,533,300,3,323,472,514,332,173,2,151,178,192,201,127
20241,A,골목상권,3110686,수궁동주민센터,406,211,195,0,34,67,104,115,86,0,16,31,64,55,45,0,18,36,40,60,41
20233,R,전통시장,3130151,신도봉시장,5,5,0,0,1,0,2,2,0,0,1,0,2,2,0,0,0,0,0,0,0
20241,A,골목상권,3110688,오류지구대,169,59,110,1,18,18,40,59,33,0,7,10,15,19,8,1,11,8,25,40,25
20241,R,전통시장,3130222,오류시장,132,21,111,0,10,26,46,43,7,0,5,1,4,5,6,0,5,25,42,38,1
20241,A,골목상권,3110689,오류동역 3번,287,200,87,3,44,47,56,75,62,3,25,32,41,52,47,0,19,15,15,23,15
20241,A,골목상권,3110745,독산동정훈단지,251,191,60,0,11,20,33,86,101,0,3,12,22,64,90,0,8,8,11,22,11
20241,A,골목상권,3110738,문성초등학교,249,125,124,0,17,27,65,90,50,0,12,14,34,40,25,0,5,13,31,50,25
20241,A,골목상권,3110737,금천세무서,502,323,179,8,77,85,96,116,120,0,28,49,51,91,104,8,49,36,45,25,16
20241,A,골목상권,3110751,난곡중학교,733,399,334,2,48,217,242,177,47,2,21,117,128,91,40,0,27,100,114,86,7
20241,R,전통시장,3130235,대명여울빛거리시장(대명시장),298,80,218,0,39,52,77,82,48,0,11,14,25,19,11,0,28,38,52,63,37
20241,A,골목상권,3110734,금천파출소,92,47,45,0,7,11,21,29,24,0,3,5,14,13,12,0,4,6,7,16,12
20241,A,골목상권,3110754,삼성산자연공원(서울금천초등학교),202,76,126,1,21,41,48,41,50,0,6,18,29,10,13,1,15,23,19,31,37
20241,A,골목상권,3110786,당산역 8번,271,179,92,2,20,41,60,51,97,2,8,21,42,38,68,0,12,20,18,13,29
20241,A,골목상권,3110784,신대림초등학교,76,42,34,0,3,11,18,36,8,0,0,7,12,18,5,0,3,4,6,18,3
20241,A,골목상권,3110776,도신초등학교,168,106,62,0,12,20,48,63,25,0,11,10,35,34,16,0,1,10,13,29,9
20241,R,전통시장,3130243,도림시장,7,5,2,0,0,1,4,0,2,0,0,1,3,0,1,0,0,0,1,0,1
20241,A,골목상권,3110765,문래동사거리,889,619,270,2,80,133,209,175,290,1,38,78,140,126,236,1,42,55,69,49,54
20241,D,발달상권,3120140,문래동주민센터,6184,3312,2872,22,1447,1843,1639,925,308,11,558,994,994,525,230,11,889,849,645,400,78
20241,D,발달상권,3120137,문래역(문래로데오거리),50,21,29,2,11,8,13,12,4,0,4,1,7,7,2,2,7,7,6,5,2
20241,A,골목상권,3110758,문래소공원,296,221,75,1,44,77,70,67,37,0,32,60,46,52,31,1,12,17,24,15,6
20241,R,전통시장,3130256,신동시장,2,2,0,0,0,0,0,1,1,0,0,0,0,1,1,0,0,0,0,0,0
20241,A,골목상권,3110812,신길6동주민센터,363,245,118,0,69,115,106,50,23,0,34,78,85,29,19,0,35,37,21,21,4
20241,R,전통시장,3130241,선유도역 골목형상점가,500,253,247,0,95,93,123,136,53,0,39,49,66,67,32,0,56,44,57,69,21
20241,A,골목상권,3110773,당산역 13번,161,127,34,0,24,40,31,22,44,0,20,33,19,18,37,0,4,7,12,4,7
20241,D,발달상권,3120149,여의도역(여의도),69255,45888,23367,184,11383,22550,19240,12096,3802,34,5884,14085,14147,9350,2388,150,5499,8465,5093,2746,1414
20241,A,골목상권,3110824,대방역 3번,296,102,194,1,48,91,92,42,22,0,11,26,29,23,13,1,37,65,63,19,9
20241,A,골목상권,3110847,예술인마을,443,216,227,3,52,135,137,77,39,3,13,60,74,37,29,0,39,75,63,40,10
20241,A,골목상권,3110849,이수역 10번,220,130,90,1,37,52,58,40,32,0,12,33,34,25,26,1,25,19,24,15,6
20241,A,골목상권,3110846,남성역 1번,535,290,245,1,66,120,146,135,67,0,25,59,78,74,54,1,41,61,68,61,13
20241,D,발달상권,3120155,총신대학교,107,54,53,0,13,27,24,25,18,0,7,8,13,14,12,0,6,19,11,11,6
20241,A,골목상권,3110836,상도역 5번,3057,1846,1211,9,550,798,701,647,352,2,238,486,453,447,220,7,312,312,248,200,132
20241,A,골목상권,3110826,장승배기역 4번,366,149,217,2,20,37,57,103,147,1,8,22,28,38,52,1,12,15,29,65,95
20241,A,골목상권,3110823,신대방삼거리역 3번,472,242,230,0,30,45,83,121,193,0,17,26,40,42,117,0,13,19,43,79,76
20241,A,골목상권,3110842,흑리단길,53,22,31,0,10,9,10,16,8,0,4,3,5,5,5,0,6,6,5,11,3
20241,A,골목상권,3110865,남강고등학교(남강중학교),270,116,154,4,57,53,59,61,36,2,10,23,23,31,27,2,47,30,36,30,9
20241,A,골목상권,3110887,서울산업정보학교(서울삼성초등학교),12,5,7,0,1,3,4,4,0,0,0,0,1,4,0,0,1,3,3,0,0
20241,A,골목상권,3110857,미성동주민센터,431,229,202,9,60,64,70,108,120,9,34,48,41,46,51,0,26,16,29,62,69
20241,A,골목상권,3110874,원신초등학교(구세군관악영문교회),46,15,31,1,4,19,7,12,3,1,1,3,3,6,1,0,3,16,4,6,2
20241,A,골목상권,3110886,관악해태어린이공원,184,103,81,1,38,50,41,34,20,1,18,28,21,23,12,0,20,22,20,11,8
20241,R,전통시장,3130283,신원시장,25,11,14,0,3,3,10,5,4,0,1,1,3,3,3,0,2,2,7,2,1
20241,R,전통시장,3130293,봉천중앙시장,154,42,112,0,17,13,29,46,49,0,5,7,14,14,2,0,12,6,15,32,47
20241,D,발달상권,3120166,방배역,5465,3280,2185,90,1234,1594,1033,699,815,26,523,920,713,451,647,64,711,674,320,248,168
20241,A,골목상권,3110919,내방역 8번,1289,936,353,3,122,279,365,332,188,1,51,165,297,279,143,2,71,114,68,53,45
20241,A,골목상권,3110933,한국상담대학원대학교,679,60,619,0,344,156,86,63,30,0,10,15,15,5,15,0,334,141,71,58,15
20241,A,골목상권,3110935,한전아트센터,379,264,115,2,53,108,105,72,39,2,33,82,75,46,26,0,20,26,30,26,13
20241,A,골목상권,3110938,바우뫼공원,1522,927,595,0,253,457,423,297,92,0,147,314,251,143,72,0,106,143,172,154,20
20241,A,골목상권,3110939,양재역 8번(양재동우체국),5949,4099,1850,23,970,1420,1461,1174,901,15,499,989,1053,799,744,8,471,431,408,375,157
20241,A,골목상권,3110983,국립국악고등학교,783,534,249,6,126,212,125,145,169,2,44,137,94,111,146,4,82,75,31,34,23
20241,A,골목상권,3110953,학동근린공원,2487,1583,904,15,679,891,571,218,113,0,336,572,409,180,86,15,343,319,162,38,27
20241,A,골목상권,3110970,학동초등학교,378,236,142,1,66,98,102,65,46,0,27,49,66,57,37,1,39,49,36,8,9
20241,D,발달상권,3120196,서울세관,9664,5880,3784,15,1699,2887,2578,1611,874,2,596,1519,1718,1320,725,13,1103,1368,860,291,149
20232,A,골목상권,3110894,관악동부센트레빌아파트(은천로35라길),20,8,12,0,2,4,3,6,5,0,0,2,1,2,3,0,2,2,2,4,2
20232,A,골목상권,3110869,"신림역 5번(신림동주민센터, 신림동별빛거리)",1026,681,345,1,79,136,248,233,329,1,36,73,143,155,273,0,43,63,105,78,56
20232,A,골목상권,3110877,신림역 8번,319,154,165,2,23,63,86,80,65,0,10,30,36,39,39,2,13,33,50,41,26
20232,R,전통시장,3130289,봉일시장,36,20,16,1,1,2,5,14,13,0,0,1,5,3,11,1,1,1,0,11,2
20232,A,골목상권,3110853,KT구로지사,217,130,87,0,21,49,65,51,31,0,9,27,44,28,22,0,12,22,21,23,9
20232,A,골목상권,3111024,경찰병원역 4번(건너말공원),240,150,90,0,27,53,63,68,29,0,16,33,45,35,21,0,11,20,18,33,8
20232,A,골목상권,3111046,마천역(마천초등학교),708,400,308,1,76,146,171,195,119,0,46,85,84,95,90,1,30,61,87,100,29
20232,A,골목상권,3111044,남천초등학교,557,264,293,1,95,146,167,113,35,0,35,71,76,56,26,1,60,75,91,57,9
20232,A,골목상권,3111019,한성백제역 3번,1458,963,495,2,199,428,415,246,168,2,101,294,294,157,115,0,98,134,121,89,53
20232,A,골목상권,3111007,석촌고분역 4번,936,480,456,0,107,215,255,242,117,0,43,116,142,109,70,0,64,99,113,133,47
20232,A,골목상권,3111004,삼전역 1번,2036,1331,705,13,263,407,504,376,473,0,108,261,337,239,386,13,155,146,167,137,87
20232,A,골목상권,3111033,문정동성당,70,30,40,0,5,4,16,16,29,0,2,3,8,9,8,0,3,1,8,7,21
20232,A,골목상권,3111018,풍납초등학교(풍납백제문화공원),26,23,3,0,1,5,10,6,4,0,1,4,8,6,4,0,0,1,2,0,0
20232,A,골목상권,3111078,굽은다리역 4번,1753,1022,731,1,135,300,379,488,450,1,75,186,215,270,275,0,60,114,164,218,175
20232,A,골목상권,3111082,중앙보훈병원,64,44,20,0,3,9,11,23,18,0,1,3,5,18,17,0,2,6,6,5,1
20232,A,골목상권,3111086,한영중고,297,202,95,1,27,45,73,101,50,1,17,22,52,69,41,0,10,23,21,32,9
20232,A,골목상권,3111051,천호역 6번,394,242,152,2,65,77,85,88,77,1,44,54,54,47,42,1,21,23,31,41,35
20232,A,골목상권,3111064,둔촌동역 4번,157,98,59,0,13,34,47,40,23,0,3,21,30,28,16,0,10,13,17,12,7
20232,A,골목상권,3111070,천호초등학교,121,70,51,1,7,20,39,27,27,0,3,9,23,16,19,1,4,11,16,11,8
20232,A,골목상권,3111057,천호공원(해공체육문화센터),254,112,142,2,53,50,64,60,25,2,15,19,30,32,14,0,38,31,34,28,11
20233,A,골목상권,3111076,둔촌2동주민센터,297,174,123,0,25,49,61,86,76,0,14,24,34,39,63,0,11,25,27,47,13
20233,A,골목상권,3111080,굽은다리역 3번,434,235,199,0,44,77,100,110,103,0,12,52,63,58,50,0,32,25,37,52,53
20233,R,전통시장,3130320,암사종합시장,173,97,76,1,16,29,50,31,46,1,5,12,31,19,29,0,11,17,19,12,17
20241,A,골목상권,3110964,싸리고개근린공원,217,124,93,0,29,60,59,34,35,0,8,32,36,23,25,0,21,28,23,11,10
20241,A,골목상권,3110988,청담역 3번,1594,1016,578,1,243,425,364,346,215,1,82,247,247,262,177,0,161,178,117,84,38
20241,A,골목상권,3110982,강남구보훈회관,166,74,92,0,31,34,41,41,19,0,7,13,25,14,15,0,24,21,16,27,4
20241,A,골목상권,3111000,대왕초등학교(세곡동사거리서남측),39,20,19,0,7,10,12,8,2,0,0,4,10,4,2,0,7,6,2,4,0
20241,R,전통시장,3130302,강남시장(강남구 강남시장),58,33,25,0,13,15,14,8,8,0,7,10,9,2,5,0,6,5,5,6,3
20241,A,골목상권,3110951,신사은행나무공원,267,70,197,0,35,83,95,47,7,0,6,24,26,12,2,0,29,59,69,35,5
20241,A,골목상권,3110959,신구중학교,271,140,131,0,14,66,82,79,30,0,7,36,49,29,19,0,7,30,33,50,11
20241,R,전통시장,3130304,신사상가,24,13,11,0,3,4,6,7,4,0,1,1,3,5,3,0,2,3,3,2,1
20241,A,골목상권,3110963,역삼월드메르디앙아파트,779,545,234,1,126,183,226,154,89,0,79,144,171,97,54,1,47,39,55,57,35
20241,A,골목상권,3110967,역삼역 8번,377,228,149,0,63,92,89,92,41,0,31,51,60,56,30,0,32,41,29,36,11
20241,A,골목상권,3110969,베르사이유1아파트,1546,1230,316,4,231,442,483,285,101,2,165,345,402,239,77,2,66,97,81,46,24
20241,R,전통시장,3130308,청담삼익시장,48,30,18,0,5,11,13,7,12,0,3,6,8,4,9,0,2,5,5,3,3
20241,D,발달상권,3120214,영동대교남단교차로,3984,2897,1087,7,489,1172,1107,929,280,3,271,811,865,753,194,4,218,361,242,176,86
20241,A,골목상권,3111025,경찰병원역 3번,686,412,274,1,84,164,149,157,131,0,45,102,103,88,74,1,39,62,46,69,57
20241,D,발달상권,3120241,거여역,1197,650,547,5,110,221,296,277,288,2,80,152,161,83,172,3,30,69,135,194,116
20233,R,전통시장,3130002,세종마을음식문화거리(금천교시장),564,392,172,4,56,109,120,121,154,0,26,74,75,90,127,4,30,35,45,31,27
20233,A,골목상권,3110037,신설동역 12번,208,124,84,0,16,46,51,61,34,0,6,20,32,41,25,0,10,26,19,20,9
20233,D,발달상권,3120014,종로5가역,4887,2839,2048,375,1123,1351,1205,597,236,112,456,860,851,397,163,263,667,491,354,200,73
20233,A,골목상권,3110029,동대문역 1번,247,68,179,0,11,34,64,82,56,0,1,8,25,21,13,0,10,26,39,61,43
20233,A,골목상권,3110021,성균관대학교,395,301,94,2,16,44,110,145,78,2,7,29,89,124,50,0,9,15,21,21,28
20233,R,전통시장,3130032,인현시장,167,123,44,0,3,25,47,54,38,0,3,16,35,40,29,0,0,9,12,14,9
20233,A,골목상권,3110056,신당역 3번,514,293,221,0,62,129,118,115,90,0,31,63,69,72,58,0,31,66,49,43,32
20233,D,발달상권,3120027,명동역(명동재미로),18097,8477,9620,67,2695,5851,6070,3074,340,9,859,2588,2522,2321,178,58,1836,3263,3548,753,162
20233,R,전통시장,3130054,황학동주방가구거리상점가,374,266,108,0,25,80,116,106,47,0,18,60,77,74,37,0,7,20,39,32,10
20233,A,골목상권,3110050,약수역 7번,306,229,77,0,34,81,75,74,42,0,21,59,60,56,33,0,13,22,15,18,9
20233,A,골목상권,3110042,남산골공원옆,683,424,259,3,91,156,195,166,72,0,37,89,131,121,46,3,54,67,64,45,26
20233,A,골목상권,3110088,오산고등학교,101,51,50,0,22,20,19,15,25,0,9,9,8,8,17,0,13,11,11,7,8
20233,A,골목상권,3110090,한국폴리텍대학서울정수캠퍼스,3968,2447,1521,1,446,1358,1632,500,31,1,173,548,1231,467,27,0,273,810,401,33,4
20233,A,골목상권,3110063,효창공원앞역 5번,530,347,183,8,47,104,139,132,100,6,25,71,93,87,65,2,22,33,46,45,35
20233,D,발달상권,3120040,용산전자상가(용산역),8008,5959,2049,43,1387,2728,2220,1237,393,30,880,2009,1728,997,315,13,507,719,492,240,78
20233,A,골목상권,3110058,성심여자고등학교,1189,857,332,10,168,333,362,206,110,3,77,243,278,166,90,7,91,90,84,40,20
20233,A,골목상권,3110087,이태원엔틱가구거리,329,113,216,0,151,130,29,10,9,0,26,52,19,8,8,0,125,78,10,2,1
20233,A,골목상권,3110067,배문고등학교,1547,895,652,1,215,370,383,320,258,0,84,173,199,225,214,1,131,197,184,95,44
20233,D,발달상권,3120047,한남오거리,2290,1458,832,11,366,751,623,343,196,9,152,461,438,249,149,2,214,290,185,94,47
20233,A,골목상권,3110098,서울독일학교,242,91,151,0,57,85,68,23,9,0,15,22,34,15,5,0,42,63,34,8,4
20233,A,골목상권,3110096,한남힐사이드아파트,502,337,165,3,155,183,85,47,29,3,89,132,63,26,24,0,66,51,22,21,5
20233,D,발달상권,3120048,금호역,76,28,48,0,16,10,18,21,11,0,2,2,6,11,7,0,14,8,12,10,4
20233,R,전통시장,3130063,신금호역 골목형상점가,30,21,9,0,2,4,5,9,10,0,1,3,4,7,6,0,1,1,1,2,4
20233,A,골목상권,3110119,마장지하차도,127,89,38,0,17,26,32,26,26,0,12,22,19,18,18,0,5,4,13,8,8
20233,A,골목상권,3110131,성수동카페거리,4798,3110,1688,15,902,1536,1123,699,523,9,460,993,777,497,374,6,442,543,346,202,149
20233,A,골목상권,3110134,성수119안전센터,771,587,184,4,65,108,185,252,157,4,38,78,143,200,124,0,27,30,42,52,33
20233,A,골목상권,3110136,경수초등학교,4745,2743,2002,43,1169,1097,978,875,583,32,439,633,615,593,431,11,730,464,363,282,152
20233,A,골목상권,3110100,옥수동우편취급국,37,26,11,0,5,17,8,5,2,0,0,14,6,4,2,0,5,3,2,1,0
20233,A,골목상권,3110118,왕십리역 9번,697,487,210,1,90,182,204,129,91,0,62,110,144,93,78,1,28,72,60,36,13
20233,D,발달상권,3120061,올림픽대교북단,1094,864,230,1,228,403,324,95,43,0,165,326,290,55,28,1,63,77,34,40,15
20233,D,발달상권,3120056,구의역,1879,884,995,6,322,352,510,413,276,6,105,129,223,246,175,0,217,223,287,167,101
20233,D,발달상권,3120059,구삼강변맛길,3277,1779,1498,6,431,676,553,747,864,4,244,472,365,322,372,2,187,204,188,425,492
20233,A,골목상권,3110149,세종대학교,122,72,50,0,15,21,31,23,32,0,8,13,19,7,25,0,7,8,12,16,7
20233,A,골목상권,3110155,광진구청,8356,7701,655,0,240,853,2408,4046,809,0,172,765,2256,3748,760,0,68,88,152,298,49
20233,A,골목상권,3110139,자양4동주민센터,204,116,88,0,13,28,53,51,59,0,3,14,32,25,42,0,10,14,21,26,17
20233,R,전통시장,3130077,조양시장,31,19,12,0,11,7,8,5,0,0,6,5,4,4,0,0,5,2,4,1,0
20233,A,골목상권,3110167,용마초등학교,380,223,157,2,22,56,99,112,89,0,9,20,52,64,78,2,13,36,47,48,11
20233,A,골목상권,3110176,해오름공원,791,439,352,1,84,212,229,173,92,1,32,119,126,91,70,0,52,93,103,82,22
20233,A,골목상권,3110204,간데메공원,411,268,143,3,83,97,82,89,57,3,57,64,46,58,40,0,26,33,36,31,17
20233,A,골목상권,3110226,장안1동주민센터,1882,1005,877,2,147,247,333,512,641,2,87,148,213,253,302,0,60,99,120,259,339
20233,A,골목상권,3110211,전곡마을마당공원,626,445,181,1,66,101,170,194,94,0,45,73,129,143,55,1,21,28,41,51,39
20233,A,골목상권,3110207,시립대앞사거리,33,21,12,0,4,10,6,5,8,0,2,8,3,3,5,0,2,2,3,2,3
20233,R,전통시장,3130086,서울약령시장,1184,651,533,4,113,208,305,341,213,0,56,128,165,181,121,4,57,80,140,160,92
20233,R,전통시장,3130087,경동광성상가(경동시장),28,20,8,0,5,3,8,7,5,0,3,2,6,5,4,0,2,1,2,2,1
20233,A,골목상권,3110256,면목2동체육관,477,321,156,2,56,66,82,140,131,1,21,35,45,109,110,1,35,31,37,31,21
20233,A,골목상권,3110198,동대문중앙새마을금고본점,67,26,41,0,1,0,18,37,11,0,0,0,8,10,8,0,1,0,10,27,3
20233,A,골목상권,3110200,동대문경찰서,74,50,24,0,1,6,21,13,33,0,0,1,11,6,32,0,1,5,10,7,1
20233,R,전통시장,3130115,우림골목시장,307,106,201,2,80,61,68,64,32,0,29,11,30,20,16,2,51,50,38,44,16
20233,A,골목상권,3110266,면목동우체국,225,182,43,0,10,31,38,79,67,0,1,19,30,69,63,0,9,12,8,10,4
20233,A,골목상권,3110236,신묵초등학교,1015,836,179,0,185,302,228,255,45,0,135,246,194,228,33,0,50,56,34,27,12
20233,A,골목상권,3110267,망우역 2번,139,49,90,1,15,28,50,28,17,1,2,10,19,13,4,0,13,18,31,15,13
20233,A,골목상권,3110234,중랑역 4번,96,41,55,0,15,16,23,25,17,0,2,5,10,14,10,0,13,11,13,11,7
20233,R,전통시장,3130121,길음시장,88,19,69,0,36,24,10,8,10,0,2,5,3,2,7,0,34,19,7,6,3
20233,A,골목상권,3110321,동덕여대,58,14,44,0,0,4,13,18,23,0,0,4,4,4,2,0,0,0,9,14,21
20233,A,골목상권,3110324,월곡역 4번,99,55,44,0,31,21,19,18,10,0,9,10,13,14,9,0,22,11,6,4,1
20233,A,골목상권,3110298,솔숲어린이공원,77,28,49,0,18,11,24,12,12,0,3,5,7,5,8,0,15,6,17,7,4
20233,A,골목상권,3110314,종암경찰서,949,699,250,1,127,271,223,286,41,0,72,206,162,231,28,1,55,65,61,55,13
20233,A,골목상권,3110365,미아역 5번,341,83,258,0,17,21,44,63,196,0,5,12,15,17,34,0,12,9,29,46,162
20233,A,골목상권,3110368,송천초등학교,199,178,21,0,9,16,39,71,64,0,5,11,34,66,62,0,4,5,5,5,2
20233,A,골목상권,3110352,수유1동주민센터,275,112,163,0,23,49,101,79,23,0,11,22,37,29,13,0,12,27,64,50,10
20233,A,골목상권,3110349,화계역 2번,83,67,16,0,6,4,21,33,19,0,5,3,12,28,19,0,1,1,9,5,0
20233,A,골목상권,3110367,강북구청,1943,976,967,5,195,512,483,522,226,4,64,205,237,340,126,1,131,307,246,182,100
20233,A,골목상권,3110339,국립4.19민주묘지,11,6,5,0,2,2,5,0,2,0,0,2,3,0,1,0,2,0,2,0,1
20233,A,골목상권,3110346,4.19민주묘지역 2번,96,48,48,0,12,13,19,19,33,0,3,7,8,7,23,0,9,6,11,12,10
20233,A,골목상권,3110395,신한은행 방학동지점,163,42,121,0,17,20,44,42,40,0,0,2,11,9,20,0,17,18,33,33,20
20233,A,골목상권,3110403,방학1동주민센터,316,167,149,1,44,56,63,78,74,1,30,37,36,36,27,0,14,19,27,42,47
20233,A,골목상권,3110393,국민은행방학지점,49,13,36,0,2,10,17,15,5,0,0,0,4,6,3,0,2,10,13,9,2
20233,A,골목상권,3110398,쌍문2동우체국,474,326,148,0,30,65,96,153,130,0,11,27,50,124,114,0,19,38,46,29,16
20233,R,전통시장,3130150,창동골목시장,84,47,37,0,19,30,14,8,13,0,7,20,9,5,6,0,12,10,5,3,7
20233,A,골목상권,3110401,도봉구민회관,243,65,178,0,29,32,38,87,57,0,4,14,14,22,11,0,25,18,24,65,46
20233,D,발달상권,3120084,공릉역,712,546,166,3,33,59,110,240,267,1,11,22,63,205,244,2,22,37,47,35,23
20233,A,골목상권,3110419,수락산디자인거리,695,462,233,5,94,131,159,180,126,5,49,76,108,130,94,0,45,55,51,50,32
20233,A,골목상권,3110425,계상초등학교,136,59,77,2,18,12,36,40,28,2,5,7,19,15,11,0,13,5,17,25,17
20233,A,골목상권,3110421,석계역 1번,249,109,140,0,22,37,78,65,47,0,8,16,31,26,28,0,14,21,47,39,19
20233,R,전통시장,3130167,연신내상점가(연빛거리),632,234,398,1,143,140,156,118,74,1,30,48,57,51,47,0,113,92,99,67,27
20233,D,발달상권,3120088,구산역,799,279,520,2,86,117,175,272,147,2,30,65,68,59,55,0,56,52,107,213,92
20233,A,골목상권,3110473,구산역 1번,436,241,195,0,34,59,113,107,123,0,24,27,53,49,88,0,10,32,60,58,35
20233,A,골목상권,3110487,불광역 8번,63,35,28,0,11,22,15,8,7,0,6,11,7,8,3,0,5,11,8,0,4
20233,A,골목상권,3110480,연신내역 3번,161,51,110,0,16,35,52,35,23,0,3,9,17,12,10,0,13,26,35,23,13
20233,A,골목상권,3110474,세명컴퓨터고등학교,119,55,64,0,7,33,28,23,28,0,2,14,11,8,20,0,5,19,17,15,8
20233,A,골목상권,3110482,연신초등학교,11,7,4,0,0,0,4,6,1,0,0,0,3,3,1,0,0,0,1,3,0
20233,A,골목상권,3110455,역촌노인복지관,690,369,321,2,73,120,187,203,105,0,37,64,89,109,70,2,36,56,98,94,35
20233,A,골목상권,3110470,신진과학기술고등학교,93,65,28,0,7,17,34,25,10,0,5,10,26,19,5,0,2,7,8,6,5
20233,A,골목상권,3110475,백련산해모로아파트,245,127,118,1,23,44,76,70,31,1,10,24,44,29,19,0,13,20,32,41,12
20241,A,골목상권,3111045,개미어린이공원,36,18,18,0,2,7,12,12,3,0,1,1,7,7,2,0,1,6,5,5,1
20241,A,골목상권,3111047,마천1치안센터,111,73,38,0,9,17,34,34,17,0,6,14,19,22,12,0,3,3,15,12,5
20241,A,골목상권,3111026,문정역 2번,2257,1479,778,7,430,626,537,409,248,3,235,420,381,229,211,4,195,206,156,180,37
20241,D,발달상권,3120233,몽촌토성역,10419,5740,4679,28,1795,2730,2265,2158,1443,22,1125,1855,1199,788,751,6,670,875,1066,1370,692
20241,A,골목상권,3111007,석촌고분역 4번,936,480,456,0,107,215,255,242,117,0,43,116,142,109,70,0,64,99,113,133,47
20241,A,골목상권,3111013,송파나루역 1번(송리단길),2234,1456,778,8,320,568,650,435,253,3,160,384,445,290,174,5,160,184,205,145,79
20241,R,전통시장,3130311,새마을시장,377,246,131,1,60,78,104,75,59,0,28,48,80,55,35,1,32,30,24,20,24
20241,A,골목상권,3111031,장지동주민센터(한림연예예술고교),3127,2317,810,8,263,415,651,857,933,2,170,330,497,648,670,6,93,85,154,209,263
20241,A,골목상권,3111087,고덕중학교(고덕2동주민센터),197,89,108,0,26,46,62,36,27,0,5,21,26,17,20,0,21,25,36,19,7
20241,A,골목상권,3111077,길동주민센터(강동도서관),1272,737,535,4,121,258,294,321,274,1,49,138,167,188,194,3,72,120,127,133,80
20241,D,발달상권,3120246,길동역,3415,1545,1870,14,385,562,837,913,704,8,169,318,417,302,331,6,216,244,420,611,373
20241,A,골목상권,3111084,길동신동아아파트,169,104,65,2,27,32,37,58,13,2,21,23,24,25,9,0,6,9,13,33,4
20241,D,발달상권,3120247,굽은다리역,572,312,260,4,91,119,146,104,108,1,37,77,74,56,67,3,54,42,72,48,41
20241,R,전통시장,3130325,명일전통시장,89,30,59,0,8,10,13,28,30,0,3,6,5,8,8,0,5,4,8,20,22
20241,A,골목상권,3111062,둔촌동역 3번(성내3동주민센터),751,501,250,5,134,198,194,144,76,5,81,139,126,91,59,0,53,59,68,53,17
20241,A,골목상권,3111070,천호초등학교,121,70,51,1,7,20,39,27,27,0,3,9,23,16,19,1,4,11,16,11,8
20242,D,발달상권,3120007,북촌(안국역),10443,8282,2161,8,1148,3636,3182,1964,505,5,644,2891,2647,1702,393,3,504,745,535,262,112
20242,R,전통시장,3130002,세종마을음식문화거리(금천교시장),564,392,172,4,56,109,120,121,154,0,26,74,75,90,127,4,30,35,45,31,27
20242,A,골목상권,3110013,체부동홍종문가옥,125,71,54,0,8,28,31,26,32,0,2,11,18,14,26,0,6,17,13,12,6
20242,R,전통시장,3130020,동묘시장(동묘벼룩시장),407,177,230,5,154,93,73,58,24,5,43,31,45,32,21,0,111,62,28,26,3
20242,R,전통시장,3130005,세운상가가동,133,93,40,0,7,34,35,21,36,0,5,23,28,8,29,0,2,11,7,13,7
20242,D,발달상권,3120010,원남동사거리,4095,2287,1808,50,1544,1304,651,377,169,2,585,792,484,292,132,48,959,512,167,85,37
20242,D,발달상권,3120016,동대문역,182,115,67,1,10,24,42,40,65,0,6,12,20,28,49,1,4,12,22,12,16
20242,A,골목상권,3110030,동대문역 3번,7,3,4,0,2,2,2,1,0,0,0,2,1,0,0,0,2,0,1,1,0
20242,A,골목상권,3110022,경신고등학교,506,385,121,11,133,157,117,54,34,10,99,119,89,42,26,1,34,38,28,12,8
20242,A,골목상권,3110020,서울국제고등학교,593,291,302,1,141,279,101,49,22,1,41,139,70,26,14,0,100,140,31,23,8
20242,D,발달상권,3120035,퇴계로5가,2257,1368,889,7,650,570,525,321,184,3,282,379,388,200,116,4,368,191,137,121,68
20242,A,골목상권,3110048,장충동주민센터,5315,2706,2609,21,867,1339,1513,1367,208,5,338,768,756,707,132,16,529,571,757,660,76
20242,D,발달상권,3120038,약수역,2299,1362,937,7,436,740,580,324,212,1,189,452,383,196,141,6,247,288,197,128,71
20242,R,전통시장,3130051,동화동 골목형상점가,391,156,235,1,82,94,98,66,50,1,18,25,43,36,33,0,64,69,55,30,17
20242,R,전통시장,3130054,황학동주방가구거리상점가,374,266,108,0,25,80,116,106,47,0,18,60,77,74,37,0,7,20,39,32,10
20242,A,골목상권,3110043,충무초등학교,1202,670,532,12,212,307,331,223,117,7,97,155,169,152,90,5,115,152,162,71,27
20242,A,골목상권,3110054,청구역 3번,1542,854,688,3,259,378,315,340,247,1,90,204,220,215,124,2,169,174,95,125,123
20242,R,전통시장,3130055,"황학시장(서울중앙시장, 신중앙시장)",203,117,86,0,24,49,47,52,31,0,12,25,24,32,24,0,12,24,23,20,7
20242,A,골목상권,3110074,서울역 12번,8149,1751,6398,152,5985,1340,330,181,161,9,598,652,233,134,125,143,5387,688,97,47,36
20242,R,전통시장,3130062,보광시장,39,16,23,0,1,7,11,15,5,0,0,3,4,6,3,0,1,4,7,9,2
20242,R,전통시장,3130056,용산용문시장,65,34,31,0,7,15,18,10,15,0,4,6,7,6,11,0,3,9,11,4,4
20242,A,골목상권,3110084,경리단길북측,315,168,147,0,47,85,84,57,42,0,23,36,39,36,34,0,24,49,45,21,8
20242,A,골목상권,3110579,마포역 4번,750,563,187,2,54,162,247,219,66,1,37,124,188,165,48,1,17,38,59,54,18
20242,R,전통시장,3130058,이촌종합시장,109,78,31,0,13,19,25,26,26,0,7,12,15,21,23,0,6,7,10,5,3
20242,A,골목상권,3110059,새남터성지,385,307,78,0,38,71,113,138,25,0,21,48,99,124,15,0,17,23,14,14,10
20242,R,전통시장,3130057,만리시장,12,9,3,0,0,2,1,4,5,0,0,1,1,3,4,0,0,1,0,1,1
20242,A,골목상권,3110073,삼각지역 3번,7975,2387,5588,56,2508,2886,1913,505,107,25,861,919,424,119,39,31,1647,1967,1489,386,68
20242,D,발달상권,3120047,한남오거리,2290,1458,832,11,366,751,623,343,196,9,152,461,438,249,149,2,214,290,185,94,47
20242,A,골목상권,3110097,한남초등학교,7,4,3,0,2,3,2,0,0,0,0,2,2,0,0,0,2,1,0,0,0
20242,A,골목상권,3110109,금호삼성래미안아파트,92,39,53,0,7,10,12,42,21,0,2,6,3,15,13,0,5,4,9,27,8
20242,A,골목상권,3110108,성동구립금호도서관,6,1,5,0,0,1,4,1,0,0,0,0,0,1,0,0,0,1,4,0,0
20242,D,발달상권,3120048,금호역,76,28,48,0,16,10,18,21,11,0,2,2,6,11,7,0,14,8,12,10,4
20242,D,발달상권,3120050,서울숲역,212,159,53,0,33,40,60,52,27,0,19,30,47,41,22,0,14,10,13,11,5
20241,R,전통시장,3130111,"동원전통종합시장(동원시장, 동원전통시장 상점가)",224,109,115,0,24,37,49,82,32,0,11,17,21,38,22,0,13,20,28,44,10
20242,A,골목상권,3110138,송정체육공원,160,79,81,0,15,27,53,41,24,0,4,12,21,23,19,0,11,15,32,18,5
20242,A,골목상권,3110118,왕십리역 9번,697,487,210,1,90,182,204,129,91,0,62,110,144,93,78,1,28,72,60,36,13
20242,A,골목상권,3110178,장로회신학대학교,165,108,57,0,21,38,33,47,26,0,13,31,16,34,14,0,8,7,17,13,12
20242,A,골목상권,3110174,아차산역 1번,432,305,127,1,49,80,115,104,83,1,25,57,76,69,77,0,24,23,39,35,6
20242,D,발달상권,3120054,어린이대공원역,1196,805,391,0,61,141,304,441,249,0,17,79,201,322,186,0,44,62,103,119,63
20242,A,골목상권,3110147,능동우편취급국,815,464,351,4,120,172,160,137,222,2,56,88,104,77,137,2,64,84,56,60,85
20242,A,골목상권,3110164,아차산역 5번,731,494,237,3,111,126,143,164,184,0,61,77,101,112,143,3,50,49,42,52,41
20242,A,골목상권,3110159,구의역 4번,663,391,272,1,125,115,158,132,132,1,58,62,85,87,98,0,67,53,73,45,34
20242,A,골목상권,3110171,중곡4동주민센터,59,36,23,0,4,8,7,22,18,0,1,2,3,15,15,0,3,6,4,7,3
20242,A,골목상권,3110231,장안교,11,8,3,0,0,1,4,5,1,0,0,1,3,4,0,0,0,0,1,1,1
20242,A,골목상권,3110206,텃골근린공원,92,37,55,0,8,14,25,24,21,0,4,7,8,8,10,0,4,7,17,16,11
20242,A,골목상권,3110207,시립대앞사거리,33,21,12,0,4,10,6,5,8,0,2,8,3,3,5,0,2,2,3,2,3
20242,A,골목상권,3110216,전농중학교,208,68,140,1,32,48,62,50,15,1,11,14,18,18,6,0,21,34,44,32,9
20242,R,전통시장,3130087,경동광성상가(경동시장),28,20,8,0,5,3,8,7,5,0,3,2,6,5,4,0,2,1,2,2,1
20242,A,골목상권,3110198,동대문중앙새마을금고본점,67,26,41,0,1,0,18,37,11,0,0,0,8,10,8,0,1,0,10,27,3
20242,A,골목상권,3110265,망우역 1번,198,91,107,1,23,43,54,57,20,0,7,18,21,32,13,1,16,25,33,25,7
20242,A,골목상권,3110253,중곡초등학교,181,106,75,0,31,31,44,49,26,0,10,17,23,35,21,0,21,14,21,14,5
20242,R,전통시장,3130111,"동원전통종합시장(동원시장, 동원전통시장 상점가)",224,109,115,0,24,37,49,82,32,0,11,17,21,38,22,0,13,20,28,44,10
20242,A,골목상권,3110249,중화역 1번,764,479,285,0,68,129,205,203,159,0,31,61,105,139,143,0,37,68,100,64,16
20242,D,발달상권,3120069,상봉역,1012,728,284,3,69,146,222,270,302,1,40,71,131,216,269,2,29,75,91,54,33
20242,A,골목상권,3110267,망우역 2번,139,49,90,1,15,28,50,28,17,1,2,10,19,13,4,0,13,18,31,15,13
20242,A,골목상권,3110276,신내IC북측,29,18,11,0,1,4,8,9,7,0,0,3,5,6,4,0,1,1,3,3,3
20242,A,골목상권,3110234,중랑역 4번,96,41,55,0,15,16,23,25,17,0,2,5,10,14,10,0,13,11,13,11,7
20242,A,골목상권,3110238,배꽃어린이공원,66,48,18,0,6,7,15,23,15,0,4,5,9,15,15,0,2,2,6,8,0
20242,A,골목상권,3110299,정릉역 1번,372,241,131,1,33,49,83,95,111,0,9,12,40,74,106,1,24,37,43,21,5
20242,A,골목상권,3110300,삼선동주민센터,2735,1587,1148,3,248,710,769,844,161,2,97,300,444,629,115,1,151,410,325,215,46
20242,A,골목상권,3110296,성신여대입구역 4번,77,39,38,1,7,12,30,11,16,1,3,7,15,8,5,0,4,5,15,3,11
20242,D,발달상권,3120070,한성대입구역,466,180,286,2,83,69,78,113,121,2,21,31,37,38,51,0,62,38,41,75,70
20242,R,전통시장,3130120,돈암시장(돈암제일시장),99,23,76,1,20,20,25,18,15,0,0,2,7,8,6,1,20,18,18,10,9
20242,A,골목상권,3110293,삼선중학교,1730,860,870,4,248,467,527,319,165,3,116,277,268,111,85,1,132,190,259,208,80
20242,A,골목상권,3110323,상월곡역 1번,109,30,79,2,25,24,28,18,12,0,4,5,11,5,5,2,21,19,17,13,7
20242,R,전통시장,3130125,장위전통시장,40,20,20,0,5,6,7,8,14,0,0,2,5,5,8,0,5,4,2,3,6
20242,A,골목상권,3110332,돌곶이역 3번,164,63,101,0,28,29,42,47,18,0,6,18,19,14,6,0,22,11,23,33,12
20242,A,골목상권,3110314,종암경찰서,949,699,250,1,127,271,223,286,41,0,72,206,162,231,28,1,55,65,61,55,13
20242,A,골목상권,3110354,삼각산119안전센터,22,5,17,0,2,3,10,5,2,0,0,0,2,1,2,0,2,3,8,4,0
20242,A,골목상권,3110370,도봉세무서,367,255,112,0,17,61,76,105,108,0,11,31,42,80,91,0,6,30,34,25,17
20242,A,골목상권,3110356,덕수교,228,114,114,0,13,34,55,60,66,0,4,17,22,30,41,0,9,17,33,30,25
20242,A,골목상권,3110339,국립4.19민주묘지,11,6,5,0,2,2,5,0,2,0,0,2,3,0,1,0,2,0,2,0,1
20242,A,골목상권,3110405,방학역 1번,1123,365,758,3,130,176,308,427,79,3,67,109,82,70,34,0,63,67,226,357,45
20242,A,골목상권,3110413,누원고등학교,54,33,21,0,8,11,12,11,12,0,5,8,5,5,10,0,3,3,7,6,2
20242,A,골목상권,3110382,솔밭공원역 1번,32,25,7,0,1,9,8,7,7,0,0,5,6,7,7,0,1,4,2,0,0
20242,R,전통시장,3130144,백운시장,21,14,7,0,0,1,7,8,5,0,0,0,5,4,5,0,0,1,2,4,0
20242,A,골목상권,3110400,도봉구보건소,191,111,80,0,20,35,53,51,32,0,9,22,32,26,22,0,11,13,21,25,10
20242,R,전통시장,3130146,쌍문시장(쌍문역골목시장),263,124,139,0,29,33,54,80,67,0,10,12,28,32,42,0,19,21,26,48,25
20242,D,발달상권,3120079,창동역,1326,796,530,0,151,232,320,304,319,0,54,108,172,195,267,0,97,124,148,109,52
20242,A,골목상권,3110429,공릉동 국수거리,2074,916,1158,3,224,284,511,689,363,1,91,167,248,234,175,2,133,117,263,455,188
20242,D,발달상권,3120084,공릉역,712,546,166,3,33,59,110,240,267,1,11,22,63,205,244,2,22,37,47,35,23
20242,A,골목상권,3110425,계상초등학교,136,59,77,2,18,12,36,40,28,2,5,7,19,15,11,0,13,5,17,25,17
20242,A,골목상권,3110437,당고개역 2번,116,40,76,0,16,23,25,41,11,0,5,11,9,10,5,0,11,12,16,31,6
20242,A,골목상권,3110428,상계5동주민센터,491,217,274,1,43,52,106,158,131,0,14,25,45,70,63,1,29,27,61,88,68
20242,D,발달상권,3120082,상계백병원,389,127,262,0,81,95,109,69,35,0,19,18,34,38,18,0,62,77,75,31,17
20242,A,골목상권,3110420,광운대역 1번,796,472,324,7,233,310,184,40,22,0,114,234,89,21,14,7,119,76,95,19,8
20242,A,골목상권,3110414,장석교회,66,51,15,0,7,16,15,20,8,0,5,13,11,17,5,0,2,3,4,3,3
20242,A,골목상권,3110436,상계제일중학교,93,60,33,0,15,21,33,20,4,0,5,13,23,15,4,0,10,8,10,5,0
20242,A,골목상권,3110458,선일여고,385,200,185,0,32,79,94,119,61,0,19,46,47,52,36,0,13,33,47,67,25
20242,A,골목상권,3110457,예일여고,482,283,199,1,60,88,88,132,113,0,27,46,47,71,92,1,33,42,41,61,21
20242,D,발달상권,3120091,본서부병원,516,192,324,1,51,69,119,165,111,0,20,28,51,55,38,1,31,41,68,110,73
20242,A,골목상권,3110476,역촌역 2번,56,26,30,0,2,8,22,17,7,0,1,3,9,7,6,0,1,5,13,10,1
20242,A,골목상권,3110491,불광중학교,43,14,29,0,3,5,13,9,13,0,1,1,5,3,4,0,2,4,8,6,9
20242,D,발달상권,3120087,응암역,425,258,167,0,45,82,110,105,83,0,17,49,75,59,58,0,28,33,35,46,25
20242,A,골목상권,3110445,덕산중학교,71,53,18,0,18,15,16,8,14,0,10,9,13,7,14,0,8,6,3,1,0
20242,A,골목상권,3110448,상신초등학교입구,120,76,44,1,20,27,26,26,20,1,17,17,12,14,15,0,3,10,14,12,5
20242,A,골목상권,3110470,신진과학기술고등학교,93,65,28,0,7,17,34,25,10,0,5,10,26,19,5,0,2,7,8,6,5
20242,A,골목상권,3110499,연가초등학교,263,119,144,0,42,42,74,65,40,0,8,20,31,35,25,0,34,22,43,30,15
20242,R,전통시장,3130165,"대림골목시장(대림시장, 양지시장)",214,34,180,0,20,45,56,62,31,0,1,7,5,11,10,0,19,38,51,51,21
20242,A,골목상권,3110498,증산역 1번,222,102,120,0,15,32,75,68,32,0,7,9,31,32,23,0,8,23,44,36,9
20242,R,전통시장,3130161,증산종합시장,8,5,3,0,0,1,2,2,3,0,0,0,1,2,2,0,0,1,1,0,1
20242,A,골목상권,3110494,증산3교남측,31,24,7,0,1,8,7,9,6,0,0,7,5,7,5,0,1,1,2,2,1
20242,A,골목상권,3110533,충정로역 7번,22,11,11,0,5,5,3,5,4,0,0,2,2,4,3,0,5,3,1,1,1
20242,R,전통시장,3130179,"이화여대 3,5,7길 상점가",147,65,82,3,34,15,41,31,23,1,12,3,14,17,18,2,22,12,27,14,5
20242,A,골목상권,3110509,연희대우아파트앞,391,210,181,0,39,105,101,88,58,0,13,52,51,53,41,0,26,53,50,35,17
20242,A,골목상권,3110511,연희초등학교,3646,3286,360,2,420,731,640,1505,348,1,355,646,532,1425,327,1,65,85,108,80,21
20242,A,골목상권,3110513,연희파출소,457,241,216,0,51,87,110,130,79,0,17,46,58,69,51,0,34,41,52,61,28
20242,A,골목상권,3110505,홍남교남측,14,9,5,0,1,0,3,7,3,0,0,0,2,5,2,0,1,0,1,2,1
20242,A,골목상권,3110536,돈의문센트레빌아파트입구,141,105,36,0,12,23,61,32,13,0,7,17,50,21,10,0,5,6,11,11,3
20242,A,골목상권,3110582,이대역 5번,56,17,39,0,6,11,16,13,10,0,0,4,4,4,5,0,6,7,12,9,5
20242,R,전통시장,3130195,도화동 상점가,1040,502,538,2,201,267,226,153,191,1,86,132,121,88,74,1,115,135,105,65,117
20242,D,발달상권,3120101,합정역,1932,1048,884,2,302,520,515,399,194,2,89,236,312,266,143,0,213,284,203,133,51
20242,A,골목상권,3110558,경성고등학교,2362,1593,769,11,308,568,571,513,391,10,153,351,408,384,287,1,155,217,163,129,104
20242,R,전통시장,3130184,마포농수산물시장,77,40,37,0,2,12,24,26,13,0,1,8,12,14,5,0,1,4,12,12,8
20242,A,골목상권,3110553,가좌역 2번,281,167,114,0,26,51,79,81,44,0,16,28,44,43,36,0,10,23,35,38,8
20242,D,발달상권,3120099,월드컵경기장역(월드컵경기장),84,57,27,0,11,20,26,14,13,0,6,16,21,7,7,0,5,4,5,7,6
20242,R,전통시장,3130193,신수시장,34,19,15,0,4,7,12,5,6,0,1,5,5,4,4,0,3,2,7,1,2
20242,A,골목상권,3110583,공덕래미안3차아파트,12,7,5,0,2,3,1,1,5,0,1,2,1,0,3,0,1,1,0,1,2
20242,R,전통시장,3130198,아현시장,203,45,158,1,51,84,52,10,5,0,8,5,26,4,2,1,43,79,26,6,3
20242,A,골목상권,3110546,양화대교북단,732,436,296,3,189,254,157,76,53,3,81,126,120,62,44,0,108,128,37,14,9
20242,A,골목상권,3110621,목동역 5번,163,78,85,0,19,44,33,45,22,0,1,21,19,23,14,0,18,23,14,22,8
20242,D,발달상권,3120112,등촌역,1633,1138,495,10,223,388,373,358,281,6,100,270,265,265,232,4,123,118,108,93,49
20242,A,골목상권,3110597,신월1동주민센터,517,302,215,0,30,68,111,150,158,0,14,36,54,84,114,0,16,32,57,66,44
20242,A,골목상권,3110593,신월3동주민센터,304,157,147,0,38,65,76,87,38,0,12,32,45,44,24,0,26,33,31,43,14
20242,R,전통시장,3130199,신월3동 골목시장,18,8,10,0,1,4,4,9,0,0,0,1,3,4,0,0,1,3,1,5,0
20242,A,골목상권,3110647,화곡역 5번,899,461,438,2,117,230,224,230,96,1,44,138,111,116,51,1,73,92,113,114,45
20242,A,골목상권,3110603,지향초등학교,187,104,83,0,12,54,55,38,28,0,5,28,33,19,19,0,7,26,22,19,9
20242,D,발달상권,3120109,서울남부지방법원,608,342,266,2,56,104,110,170,166,1,18,40,50,104,129,1,38,64,60,66,37
20242,A,골목상권,3110610,계남근린공원,126,85,41,0,5,11,41,44,25,0,3,6,28,35,13,0,2,5,13,9,12
20242,A,골목상권,3110616,양목초등학교,161,103,58,0,3,23,19,40,76,0,2,18,14,32,37,0,1,5,5,8,39
20242,A,골목상권,3110623,갈산공원,130,99,31,0,27,34,27,31,11,0,23,27,21,21,7,0,4,7,6,10,4
20242,A,골목상권,3110629,송정역 4번,190,107,83,0,26,52,54,35,23,0,9,34,28,24,12,0,17,18,26,11,11
20242,A,골목상권,3110635,공항시장역 3번,1451,391,1060,4,64,82,162,479,660,1,43,58,63,33,193,3,21,24,99,446,467
20242,A,골목상권,3110672,백석중학교,168,91,77,1,26,41,35,49,16,1,19,23,14,23,11,0,7,18,21,26,5
20242,A,골목상권,3110676,등촌역 7번,228,138,90,0,31,34,61,56,46,0,13,20,36,37,32,0,18,14,25,19,14
20242,A,골목상권,3110660,등촌3동주민센터,4614,2039,2575,10,469,707,766,1291,1371,5,197,427,424,447,539,5,272,280,342,844,832
20242,A,골목상권,3110630,공항시장역 1번,1472,1008,464,0,157,294,298,328,395,0,67,180,202,240,319,0,90,114,96,88,76
20242,A,골목상권,3110631,방화초등학교,335,161,174,2,32,63,68,100,70,2,19,34,37,37,32,0,13,29,31,63,38
20242,A,골목상권,3110649,우장산역 1번,358,191,167,0,41,91,82,93,51,0,12,49,38,59,33,0,29,42,44,34,18
20242,D,발달상권,3120121,까치산역,365,145,220,2,51,46,72,106,88,2,12,18,29,43,41,0,39,28,43,63,47
20242,A,골목상권,3110668,화곡2동주민센터,471,278,193,0,55,70,139,127,80,0,22,33,81,77,65,0,33,37,58,50,15
20242,R,전통시장,3130221,"남부골목시장(남부화곡시장, 남부시장)",188,69,119,0,22,32,50,57,27,0,5,5,15,22,22,0,17,27,35,35,5
20242,A,골목상권,3110666,KC대학교,176,60,116,0,19,35,52,57,13,0,10,10,20,13,7,0,9,25,32,44,6
20242,A,골목상권,3110669,화곡보람2차아파트,13,3,10,0,0,2,4,2,5,0,0,1,2,0,0,0,0,1,2,2,5
20242,A,골목상권,3110706,그라운드 고척,410,100,310,0,122,101,101,68,18,0,22,20,28,20,10,0,100,81,73,48,8
20242,A,골목상권,3110708,화원어린이공원,71,33,38,0,10,12,15,24,10,0,3,4,7,10,9,0,7,8,8,14,1
20242,A,골목상권,3110722,G타워,837,574,263,4,152,296,249,99,37,4,95,205,191,55,24,0,57,91,58,44,13
20242,D,발달상권,3120130,구로디지털단지역,1136,620,516,1,169,376,236,212,142,0,59,208,125,125,103,1,110,168,111,87,39
20242,A,골목상권,3110712,남구로역 5번,233,108,125,1,32,36,66,64,34,0,10,17,24,32,25,1,22,19,42,32,9
20242,A,골목상권,3110681,온수역 1번,94,70,24,0,6,30,30,17,11,0,5,22,21,12,10,0,1,8,9,5,1
20242,A,골목상권,3110680,온수역 5번(온수산업단지),901,770,131,15,129,129,157,274,197,15,105,106,127,234,183,0,24,23,30,40,14
20242,A,골목상권,3110707,구로창업지원센터,1045,760,285,4,141,266,246,253,135,3,78,195,185,186,113,1,63,71,61,67,22
20242,A,골목상권,3110730,서울축산농협 독산역지점(독산파출소),660,376,284,1,80,105,117,201,156,1,30,58,54,113,120,0,50,47,63,88,36
20242,A,골목상권,3110728,두산초등학교,4560,2778,1782,8,88,138,245,530,3551,8,64,86,123,279,2218,0,24,52,122,251,1333
20242,A,골목상권,3110736,독산119안전센터,461,199,262,0,46,55,76,118,166,0,21,32,35,42,69,0,25,23,41,76,97
20242,A,골목상권,3110755,동일여자고등학교,193,51,142,0,10,24,45,70,44,0,3,8,17,11,12,0,7,16,28,59,32
20242,R,전통시장,3130240,영등포유통상가,1400,893,507,0,128,296,347,287,342,0,68,168,226,194,237,0,60,128,121,93,105
20242,A,골목상권,3110794,영동초등학교,622,482,140,0,72,112,182,170,86,0,37,84,150,136,75,0,35,28,32,34,11
20242,D,발달상권,3120138,당산2동(영등포우체국),2754,1653,1101,23,745,579,479,488,440,15,395,347,312,309,275,8,350,232,167,179,165
20242,A,골목상권,3110779,대림갑을명가아파트,33,24,9,0,2,5,13,7,6,0,1,4,10,4,5,0,1,1,3,3,1
20242,R,전통시장,3130244,대림중앙시장,94,39,55,3,15,16,21,16,23,2,10,8,10,5,4,1,5,8,11,11,19
20242,D,발달상권,3120139,대림3동사거리,3619,2404,1215,14,423,867,992,727,596,5,220,632,783,462,302,9,203,235,209,265,294
20242,A,골목상권,3110767,도림동주민센터,11,0,11,0,4,3,3,1,0,0,0,0,0,0,0,0,4,3,3,1,0
20242,A,골목상권,3110815,공군호텔,2250,791,1459,4,426,519,477,509,315,0,88,197,168,172,166,4,338,322,309,337,149
20242,A,골목상권,3110787,신길3동주민센터,171,122,49,0,19,35,47,42,28,0,8,25,36,31,22,0,11,10,11,11,6
20242,A,골목상권,3110795,도림초등학교,533,356,177,0,20,49,80,128,256,0,8,36,48,74,190,0,12,13,32,54,66
20242,A,골목상권,3110805,신길새마을금고신길4동지점,45,27,18,0,6,12,12,8,7,0,2,7,6,5,7,0,4,5,6,3,0
20242,A,골목상권,3110811,보라매역 4번,187,94,93,0,22,41,49,52,23,0,8,22,18,27,19,0,14,19,31,25,4
20242,D,발달상권,3120147,보라매역,1947,1238,709,5,286,452,370,367,467,2,93,310,249,264,320,3,193,142,121,103,147
20242,A,골목상권,3110813,보라매역 6번,286,167,119,3,22,37,50,74,100,3,15,21,24,39,65,0,7,16,26,35,35
20242,A,골목상권,3110760,선유도역 6번,1792,1091,701,8,273,444,499,376,192,6,170,256,275,219,165,2,103,188,224,157,27
20242,R,전통시장,3130257,영등포시장기계공구상가,158,116,42,0,11,26,33,47,41,0,7,16,22,37,34,0,4,10,11,10,7
20242,A,골목상권,3110803,신길2동우편취급국,312,224,88,0,17,27,58,67,143,0,6,14,33,43,128,0,11,13,25,24,15
20242,A,골목상권,3110809,장훈고등학교,112,61,51,0,7,15,30,23,37,0,3,5,11,17,25,0,4,10,19,6,12
20242,R,전통시장,3130248,영등포역지하도상점가,69,35,34,0,9,26,17,14,3,0,6,13,9,4,3,0,3,13,8,10,0
20242,R,전통시장,3130272,사당시장,45,20,25,0,4,6,10,11,14,0,0,1,4,6,9,0,4,5,6,5,5
20242,A,골목상권,3110844,흑석2치안센터,11,7,4,0,2,2,4,0,3,0,1,2,2,0,2,0,1,0,2,0,1
20242,A,골목상권,3110863,난우초등학교,319,179,140,6,40,61,63,79,70,5,23,30,38,36,47,1,17,31,25,43,23
20242,A,골목상권,3110876,서원동주민센터(신관중학교),49,29,20,0,5,9,16,9,10,0,2,4,10,4,9,0,3,5,6,5,1
20242,D,발달상권,3120157,신림역(신림),637,257,380,1,96,116,146,139,139,0,19,40,82,49,67,1,77,76,64,90,72
20242,A,골목상권,3110880,신림역 1번,995,275,720,0,379,296,157,128,35,0,78,87,66,33,11,0,301,209,91,95,24
20242,A,골목상권,3110861,관악구신사동주민센터,1168,598,570,1,215,376,261,204,111,1,71,194,161,101,70,0,144,182,100,103,41
20242,A,골목상권,3110858,신대방역 1번,66,33,33,0,5,9,17,7,28,0,0,1,6,2,24,0,5,8,11,5,4
20242,A,골목상권,3110901,인헌고등학교(인헌중학교),245,143,102,3,39,58,73,51,21,3,21,35,38,30,16,0,18,23,35,21,5
20242,R,전통시장,3130277,조원동 펭귄시장(신림중앙시장),98,56,42,1,15,26,31,19,6,1,8,18,16,9,4,0,7,8,15,10,2
20242,A,골목상권,3110898,청림동주민센터(상도중학교),66,27,39,0,16,14,14,16,6,0,5,3,8,7,4,0,11,11,6,9,2
20242,D,발달상권,3120177,신논현역 1번,694,436,258,1,84,187,202,143,77,0,34,111,130,106,55,1,50,76,72,37,22
20242,D,발달상권,3120167,고속터미널(고속터미널역),6925,4543,2382,24,790,1577,1689,1525,1320,10,416,1110,1328,1046,633,14,374,467,361,479,687
20242,A,골목상권,3110917,서초소방서,1505,939,566,6,157,432,402,355,153,2,72,281,295,181,108,4,85,151,107,174,45
20242,D,발달상권,3120163,사당역 11번(사당역먹자골목),491,290,201,0,55,119,99,86,132,0,28,73,57,50,82,0,27,46,42,36,50
20242,A,골목상권,3110905,방배노인종합복지관(이수중학교),287,176,111,1,36,71,71,63,45,0,18,38,45,41,34,1,18,33,26,22,11
20242,A,골목상권,3110907,방배초등학교,775,476,299,8,119,165,211,143,129,5,54,100,118,95,104,3,65,65,93,48,25
20242,A,골목상권,3110914,내방역 6번,146,116,30,0,26,31,37,26,26,0,17,26,26,24,23,0,9,5,11,2,3
20242,A,골목상권,3110903,방배아이파크아파트,7222,2653,4569,7,1242,1778,2487,1322,386,1,333,597,951,599,172,6,909,1181,1536,723,214
20242,D,발달상권,3120161,방배동가구거리(사당동가구거리),2517,1833,684,3,187,342,315,347,1323,2,78,178,165,202,1208,1,109,164,150,145,115
20242,A,골목상권,3110932,서울시인재개발원,532,384,148,2,128,170,127,64,41,2,76,116,100,54,36,0,52,54,27,10,5
20242,D,발달상권,3120168,서울고교교차로,794,492,302,1,124,237,200,130,102,0,48,130,143,98,73,1,76,107,57,32,29
20242,A,골목상권,3110928,서초우방유쉘아파트,596,491,105,1,57,109,125,205,99,1,29,76,109,190,86,0,28,33,16,15,13
20242,R,전통시장,3130301,양재시장,89,47,42,0,24,20,24,9,12,0,7,13,15,4,8,0,17,7,9,5,4
20242,A,골목상권,3110984,포이초등학교(개포목련어린이공원),1556,1046,510,2,236,342,331,306,339,0,140,241,211,199,255,2,96,101,120,107,84
20242,R,전통시장,3130303,영동전통시장,242,95,147,0,21,60,67,58,36,0,7,19,22,24,23,0,14,41,45,34,13
20242,D,발달상권,3120191,학동역,13888,8123,5765,40,2898,3769,2969,1869,2343,17,1128,2152,2012,1134,1680,23,1770,1617,957,735,663
20242,A,골목상권,3110952,논현목련공원,117,65,52,0,21,23,27,22,24,0,9,13,13,14,16,0,12,10,14,8,8
20242,D,발달상권,3120207,선정릉역,11920,7343,4577,32,2669,4154,2699,1509,857,16,1106,2428,1922,1135,736,16,1563,1726,777,374,121
20242,D,발달상권,3120200,학동사거리,9363,3808,5555,26,2868,3075,1848,1005,541,9,654,1122,937,687,399,17,2214,1953,911,318,142
20242,D,발달상권,3120220,대치역,5716,3394,2322,26,1854,2307,1022,333,174,2,774,1495,752,234,137,24,1080,812,270,99,37
20242,D,발달상권,3120212,한티역,753,394,359,1,118,182,201,143,108,1,37,87,119,80,70,0,81,95,82,63,38
20242,D,발달상권,3120219,은마아파트,17175,5797,11378,202,3397,3819,3179,4061,2517,83,1254,1872,1374,818,396,119,2143,1947,1805,3243,2121
20241,R,전통시장,3130016,동대문상가B동,2,1,1,0,0,1,1,0,0,0,0,0,1,0,0,0,0,1,0,0,0
20242,D,발달상권,3120223,휘문고교사거리,9166,5574,3592,20,1785,2926,2736,1401,298,4,1102,2061,1597,609,201,16,683,865,1139,792,97
20242,A,골목상권,3110989,대치동아우편취급국,444,270,174,9,90,148,75,68,54,0,43,102,43,44,38,9,47,46,32,24,16
20242,D,발달상권,3120209,"강남구청(청담역_8번, 강남세무서)",8987,2610,6377,34,2050,2684,2467,1172,580,9,538,752,537,395,379,25,1512,1932,1930,777,201
20242,A,골목상권,3111001,아래방죽마을공원(율현초등학교),58,43,15,0,2,9,14,18,15,0,1,7,12,13,10,0,1,2,2,5,5
20242,A,골목상권,3110962,도산공원북측,53,27,26,0,20,11,10,8,4,0,11,7,6,3,0,0,9,4,4,5,4
20242,D,발달상권,3120231,가락시장,5698,4083,1615,0,368,1051,1564,1654,1061,0,264,836,1185,1098,700,0,104,215,379,556,361
20242,D,발달상권,3120240,개롱역,1609,1102,507,7,212,314,404,431,241,5,125,230,269,295,178,2,87,84,135,136,63
20242,A,골목상권,3111024,경찰병원역 4번(건너말공원),240,150,90,0,27,53,63,68,29,0,16,33,45,35,21,0,11,20,18,33,8
20242,A,골목상권,3111022,석촌중학교(방이육교),686,344,342,1,59,145,176,222,83,0,37,95,98,70,44,1,22,50,78,152,39
20242,A,골목상권,3111023,문정역 1번,939,576,363,2,133,202,263,204,135,0,86,139,184,100,67,2,47,63,79,104,68
20242,A,골목상권,3111017,송파나루역 3번,272,183,89,0,40,62,62,63,45,0,14,42,42,45,40,0,26,20,20,18,5
20242,A,골목상권,3111019,한성백제역 3번,1458,963,495,2,199,428,415,246,168,2,101,294,294,157,115,0,98,134,121,89,53
20242,D,발달상권,3120229,방이동먹자골목,7319,4732,2587,12,1062,2182,1915,1302,846,5,588,1347,1338,913,541,7,474,835,577,389,305
20242,U,관광특구,3001495,잠실 관광특구,25240,14855,10385,124,4880,6877,5824,4628,2907,55,2599,4419,3662,2383,1737,69,2281,2458,2162,2245,1170
20242,A,골목상권,3111008,석촌고분역 3번,1551,1177,374,1,182,286,280,382,420,1,148,237,208,248,335,0,34,49,72,134,85
20242,R,전통시장,3130312,석촌시장,619,270,349,1,20,40,81,170,307,1,9,23,43,41,153,0,11,17,38,129,154
20242,A,골목상권,3111015,석촌역 3번,1352,778,574,1,151,315,350,351,184,1,72,199,216,181,109,0,79,116,134,170,75
20242,A,골목상권,3111032,방이역 1번,3878,2552,1326,4,235,340,599,718,1982,3,139,237,411,469,1293,1,96,103,188,249,689
20242,A,골목상권,3111033,문정동성당,70,30,40,0,5,4,16,16,29,0,2,3,8,9,8,0,3,1,8,7,21
20242,R,전통시장,3130314,풍납시장,203,100,103,1,24,42,50,61,25,1,15,27,22,19,16,0,9,15,28,42,9
20242,A,골목상권,3111064,둔촌동역 4번,157,98,59,0,13,34,47,40,23,0,3,21,30,28,16,0,10,13,17,12,7
20242,A,골목상권,3111067,강동구립성내도서관,746,414,332,2,73,149,192,177,153,1,36,98,107,84,88,1,37,51,85,93,65
20242,A,골목상권,3111052,암사역 3번(천호동자전거거리),357,228,129,1,26,71,117,94,48,1,11,47,76,58,35,0,15,24,41,36,13
20242,A,골목상권,3111054,암사역 4번(삼성광나루아파트),104,42,62,0,14,18,19,12,41,0,4,12,7,5,14,0,10,6,12,7,27
20242,A,골목상권,3111069,천호1동주민센터,79,54,25,0,8,17,17,26,11,0,4,12,14,14,10,0,4,5,3,12,1
20242,R,전통시장,3130318,로데오거리상점가,266,132,134,0,31,43,49,55,88,0,9,12,19,26,66,0,22,31,30,29,22
20242,A,골목상권,3111049,천호지구대(천호동자전거거리),507,277,230,2,75,90,96,118,126,0,36,50,40,68,83,2,39,40,56,50,43
20242,A,골목상권,3111063,강동구립 천호도서관,368,182,186,0,25,44,81,85,133,0,5,15,21,30,111,0,20,29,60,55,22
20242,D,발달상권,3120002,서촌(경복궁역),1989,1071,918,37,487,674,421,221,149,0,190,387,258,131,105,37,297,287,163,90,44
20242,A,골목상권,3110008,배화여자대학교(박노수미술관),507,350,157,1,50,79,121,161,95,0,15,45,93,121,76,1,35,34,28,40,19
20242,A,골목상권,3110036,동묘앞역 3번,52,34,18,0,3,6,16,12,15,0,1,3,9,11,10,0,2,3,7,1,5
20242,R,전통시장,3130010,종로신진시장,200,113,87,0,20,29,55,48,48,0,14,17,24,26,32,0,6,12,31,22,16
20242,R,전통시장,3130016,동대문상가B동,2,1,1,0,0,1,1,0,0,0,0,0,1,0,0,0,0,1,0,0,0
20242,R,전통시장,3130018,동대문문구완구거리(동대문문구완구시장),120,70,50,0,11,18,23,38,30,0,6,10,13,22,19,0,5,8,10,16,11
20242,D,발달상권,3120034,중구청(퇴계로4가),1545,1050,495,7,108,228,400,440,362,5,48,129,262,327,279,2,60,99,138,113,83
20242,R,전통시장,3130038,"평화시장(통일상가, 동화상가)",1000,670,330,3,116,301,291,198,91,0,63,167,223,150,67,3,53,134,68,48,24
20242,D,발달상권,3120023,서울시청,10242,5534,4708,15,2234,3260,2778,1425,530,4,852,1657,1658,983,380,11,1382,1603,1120,442,150
20242,D,발달상권,3120019,경찰청앞교차로,5958,3146,2812,26,1051,2221,1625,793,242,8,274,1044,982,619,219,18,777,1177,643,174,23
20242,R,전통시장,3130049,신당 미래유산 먹거리 골목형상점가,42,19,23,0,3,5,9,13,12,0,1,3,0,7,8,0,2,2,9,6,4
20242,A,골목상권,3110044,관성묘,405,300,105,0,50,135,145,51,24,0,24,90,125,44,17,0,26,45,20,7,7
20242,D,발달상권,3120043,서울역,22578,15322,7256,58,4087,7782,5513,3664,1474,27,2087,4897,4201,3033,1077,31,2000,2885,1312,631,397
20241,A,골목상권,3110176,해오름공원,791,439,352,1,84,212,229,173,92,1,32,119,126,91,70,0,52,93,103,82,22
20242,R,전통시장,3130024,남대문시장(자유상가),732,426,306,2,54,129,172,177,198,1,15,75,95,108,132,1,39,54,77,69,66
20242,D,발달상권,3120045,남영동 먹자골목,4044,1580,2464,7,424,908,1421,1162,122,1,257,576,502,205,39,6,167,332,919,957,83
20242,A,골목상권,3110088,오산고등학교,101,51,50,0,22,20,19,15,25,0,9,9,8,8,17,0,13,11,11,7,8
20242,A,골목상권,3110090,한국폴리텍대학서울정수캠퍼스,3968,2447,1521,1,446,1358,1632,500,31,1,173,548,1231,467,27,0,273,810,401,33,4
20242,A,골목상권,3110064,효창공원앞역 2번,923,525,398,2,126,275,261,160,99,1,49,160,160,88,67,1,77,115,101,72,32
20242,A,골목상권,3110077,삼광초등학교,385,317,68,0,37,86,148,98,16,0,21,66,130,88,12,0,16,20,18,10,4
20242,A,골목상권,3110122,마장역 2번,461,270,191,1,60,87,116,112,85,1,32,59,68,60,50,0,28,28,48,52,35
20242,A,골목상권,3110125,사근동살곶이상점가,135,83,52,2,25,39,35,21,13,2,13,21,24,13,10,0,12,18,11,8,3
20242,A,골목상권,3110128,성원중학교,911,573,338,1,98,165,255,266,126,1,53,94,157,170,98,0,45,71,98,96,28
20242,A,골목상권,3110129,성원어린이공원,640,405,235,1,65,118,131,180,145,0,35,70,86,107,107,1,30,48,45,73,38
20242,R,전통시장,3130073,뚝도시장,45,17,28,1,3,10,9,11,11,0,0,2,4,5,6,1,3,8,5,6,5
20242,A,골목상권,3110136,경수초등학교,4745,2743,2002,43,1169,1097,978,875,583,32,439,633,615,593,431,11,730,464,363,282,152
20242,D,발달상권,3120052,성수역,11387,7284,4103,23,2113,2900,2661,2238,1452,12,1170,1971,1783,1298,1050,11,943,929,878,940,402
20242,D,발달상권,3120056,구의역,1879,884,995,6,322,352,510,413,276,6,105,129,223,246,175,0,217,223,287,167,101
20242,D,발달상권,3120058,구의사거리,688,333,355,2,92,158,174,181,81,1,33,79,80,77,63,1,59,79,94,104,18
20242,D,발달상권,3120057,아차산역,2218,1220,998,52,412,432,503,468,351,19,236,257,289,206,213,33,176,175,214,262,138
20242,R,전통시장,3130080,자양종합시장(기능상실),14,10,4,0,0,1,6,6,1,0,0,1,4,4,1,0,0,0,2,2,0
20242,A,골목상권,3110139,자양4동주민센터,204,116,88,0,13,28,53,51,59,0,3,14,32,25,42,0,10,14,21,26,17
20242,R,전통시장,3130077,조양시장,31,19,12,0,11,7,8,5,0,0,6,5,4,4,0,0,5,2,4,1,0
20242,A,골목상권,3110167,용마초등학교,380,223,157,2,22,56,99,112,89,0,9,20,52,64,78,2,13,36,47,48,11
20242,R,전통시장,3130082,면곡골목시장,20,11,9,0,4,0,1,9,6,0,4,0,0,3,4,0,0,0,1,6,2
20242,A,골목상권,3110176,해오름공원,791,439,352,1,84,212,229,173,92,1,32,119,126,91,70,0,52,93,103,82,22
20242,R,전통시장,3130084,신성시장(신성골목시장),21,6,15,0,3,5,8,4,1,0,0,1,2,2,1,0,3,4,6,2,0
20242,A,골목상권,3110142,화양사거리,215,108,107,1,37,47,45,53,32,1,20,25,24,17,21,0,17,22,21,36,11
20242,R,전통시장,3130097,답십리 건축자재시장,291,188,103,1,16,42,42,36,154,0,7,34,23,19,105,1,9,8,19,17,49
20242,A,골목상권,3110212,답십리초등학교,204,144,60,0,26,37,42,67,32,0,18,26,27,50,23,0,8,11,15,17,9
20242,A,골목상권,3110183,한국의류시험연구원,839,447,392,3,238,307,149,75,67,1,88,162,81,58,57,2,150,145,68,17,10
20242,A,골목상권,3110232,동대부고,579,413,166,0,41,71,119,175,173,0,14,38,80,134,147,0,27,33,39,41,26
20242,A,골목상권,3110210,서울시립대,341,253,88,1,9,19,24,34,254,1,4,12,10,21,205,0,5,7,14,13,49
20242,R,전통시장,3130092,청량리농수산물시장,12,9,3,0,0,1,3,5,3,0,0,0,3,3,3,0,0,1,0,2,0
20242,R,전통시장,3130095,청량리전통시장,95,38,57,0,6,16,18,33,22,0,4,6,9,10,9,0,2,10,9,23,13
20242,A,골목상권,3110193,고려대역 4번,48,37,11,0,5,11,11,10,11,0,3,5,10,10,9,0,2,6,1,0,2
20242,A,골목상권,3110203,떡전교사거리,99,63,36,1,9,15,32,29,13,1,0,7,26,20,9,0,9,8,6,9,4
20242,A,골목상권,3110215,회기역 1번,28,18,10,0,3,4,9,7,5,0,3,2,6,3,4,0,0,2,3,4,1
20242,R,전통시장,3130103,이경시장,16,8,8,0,0,1,2,2,11,0,0,1,1,1,5,0,0,0,1,1,6
20242,A,골목상권,3110219,삼육보건대학교,251,146,105,0,18,42,70,81,40,0,11,20,32,52,31,0,7,22,38,29,9
20242,A,골목상권,3110277,러스크서울병원,145,78,67,0,12,30,29,43,31,0,4,13,16,23,22,0,8,17,13,20,9
20242,R,전통시장,3130106,중랑동부시장,166,56,110,1,20,40,34,39,32,0,1,8,7,21,19,1,19,32,27,18,13
20242,A,골목상권,3110254,오거리공원,259,90,169,1,19,75,79,53,32,0,6,15,35,22,12,1,13,60,44,31,20
20242,A,골목상권,3110252,장안제일시장,712,505,207,1,64,101,159,195,192,1,42,73,87,131,171,0,22,28,72,64,21
20242,A,골목상권,3110255,상봉역 4번,327,208,119,0,39,52,78,92,66,0,20,24,46,62,56,0,19,28,32,30,10
20242,A,골목상권,3110280,북정마을,73,38,35,0,7,10,22,23,11,0,3,3,9,15,8,0,4,7,13,8,3
20242,A,골목상권,3110312,안암역 2번,150,81,69,0,13,19,47,46,25,0,7,14,24,22,14,0,6,5,23,24,11
20242,A,골목상권,3110318,KT월곡지사,148,78,70,0,21,29,45,36,17,0,10,19,22,14,13,0,11,10,23,22,4
20242,A,골목상권,3110316,숭곡초등학교,439,217,222,2,68,114,129,88,38,2,19,58,73,42,23,0,49,56,56,46,15
20242,A,골목상권,3110321,동덕여대,58,14,44,0,0,4,13,18,23,0,0,4,4,4,2,0,0,0,9,14,21
20242,R,전통시장,3130122,밤나무골시장,17,5,12,0,2,4,6,4,1,0,1,1,2,1,0,0,1,3,4,3,1
20242,A,골목상권,3110284,정릉북한산국립공원입구,562,506,56,0,5,59,181,229,88,0,4,49,161,211,81,0,1,10,20,18,7
20242,D,발달상권,3120076,수유역,1930,865,1065,7,241,303,422,465,492,4,62,102,176,240,281,3,179,201,246,225,211
20242,R,전통시장,3130142,강북북부시장,7,5,2,0,1,1,0,2,3,0,0,1,0,2,2,0,1,0,0,0,1
20242,R,전통시장,3130134,"솔샘시장(미아6,7동골목시장)",73,30,43,1,7,19,25,18,3,0,3,4,12,8,3,1,4,15,13,10,0
20242,A,골목상권,3110360,수유초등학교,321,222,99,0,34,61,63,67,96,0,7,43,42,44,86,0,27,18,21,23,10
20242,A,골목상권,3110362,우이천 계성교,205,110,95,1,24,34,61,63,22,0,11,19,28,35,17,1,13,15,33,28,5
20242,A,골목상권,3110403,방학1동주민센터,316,167,149,1,44,56,63,78,74,1,30,37,36,36,27,0,14,19,27,42,47
20242,A,골목상권,3110393,국민은행방학지점,49,13,36,0,2,10,17,15,5,0,0,0,4,6,3,0,2,10,13,9,2
20242,A,골목상권,3110396,쌍문역1번(쌍리단길),259,94,165,2,41,49,52,76,39,0,13,15,22,29,15,2,28,34,30,47,24
20242,A,골목상권,3110401,도봉구민회관,243,65,178,0,29,32,38,87,57,0,4,14,14,22,11,0,25,18,24,65,46
20242,A,골목상권,3110438,경춘선숲길 우측,230,110,120,0,26,54,83,52,15,0,12,21,38,30,9,0,14,33,45,22,6
20242,D,발달상권,3120081,노원역,1552,508,1044,9,369,295,343,307,229,2,66,87,125,121,107,7,303,208,218,186,122
20242,R,전통시장,3130157,상계중앙시장,68,35,33,0,14,17,13,15,9,0,8,13,6,6,2,0,6,4,7,9,7
20242,D,발달상권,3120083,등나무근린공원,1184,787,397,0,166,325,271,283,139,0,114,228,171,179,95,0,52,97,100,104,44
20242,A,골목상권,3110431,상계역,124,72,52,1,16,24,28,37,18,0,2,13,17,27,13,1,14,11,11,10,5
20242,A,골목상권,3110462,갈현건영아파트,335,216,119,1,40,61,100,72,61,1,23,36,61,48,47,0,17,25,39,24,14
20242,A,골목상권,3110460,구산역 4번,969,582,387,0,57,184,248,234,246,0,18,124,133,121,186,0,39,60,115,113,60
20242,R,전통시장,3130164,역촌중앙시장,9,3,6,0,0,1,2,2,4,0,0,0,1,1,1,0,0,1,1,1,3
20242,A,골목상권,3110456,구산보건지소,967,544,423,3,284,226,177,147,130,1,123,112,94,97,117,2,161,114,83,50,13
20242,R,전통시장,3130170,제일시장,58,26,32,1,7,9,13,19,9,1,2,2,5,11,5,0,5,7,8,8,4
20242,A,골목상권,3110473,구산역 1번,436,241,195,0,34,59,113,107,123,0,24,27,53,49,88,0,10,32,60,58,35
20242,A,골목상권,3110487,불광역 8번,63,35,28,0,11,22,15,8,7,0,6,11,7,8,3,0,5,11,8,0,4
20242,A,골목상권,3110480,연신내역 3번,161,51,110,0,16,35,52,35,23,0,3,9,17,12,10,0,13,26,35,23,13
20242,A,골목상권,3110469,응암정보도서관,344,188,156,1,38,58,104,104,39,0,11,29,61,57,30,1,27,29,43,47,9
20242,A,골목상권,3110444,수색성당,157,57,100,0,17,39,47,45,9,0,6,14,14,16,7,0,11,25,33,29,2
20242,A,골목상권,3110451,증산역 4번,1267,962,305,2,150,378,365,291,81,2,75,289,305,230,61,0,75,89,60,61,20
20242,A,골목상권,3110492,하나고등학교,238,38,200,1,5,13,11,95,113,0,0,7,7,8,16,1,5,6,4,87,97
20242,A,골목상권,3110520,경의중앙 신촌역,105,57,48,0,31,22,32,12,8,0,10,15,16,10,6,0,21,7,16,2,2
20242,A,골목상권,3110524,연희세브란스병원,51,23,28,0,10,13,15,8,5,0,5,6,6,3,3,0,5,7,9,5,2
20242,A,골목상권,3110506,연희임광아파트,110,66,44,0,5,12,39,29,25,0,1,8,20,19,18,0,4,4,19,10,7
20242,R,전통시장,3130176,유진상가,38,23,15,0,20,16,1,1,0,0,9,13,1,0,0,0,11,3,0,1,0
20242,R,전통시장,3130180,포방터시장,59,34,25,0,13,11,15,6,14,0,4,4,11,5,10,0,9,7,4,1,4
20242,A,골목상권,3110522,홍제역 3번,46,12,34,0,14,7,12,6,7,0,2,2,2,2,4,0,12,5,10,4,3
20242,A,골목상권,3110521,홍제역 4번,63,36,27,0,4,7,19,17,16,0,0,4,10,9,13,0,4,3,9,8,3
20242,R,전통시장,3130196,공덕시장,3948,2001,1947,52,1323,1296,891,287,99,28,467,646,599,181,80,24,856,650,292,106,19
20242,R,전통시장,3130183,상암동상점가,816,607,209,1,89,204,283,187,52,0,49,150,227,143,38,1,40,54,56,44,14
20242,A,골목상권,3110557,홍대부속여중고앞,760,465,295,1,100,188,196,149,126,1,37,110,137,95,85,0,63,78,59,54,41
20242,A,골목상권,3110552,성미산체육관,637,465,172,1,110,159,145,158,64,0,72,120,98,128,47,1,38,39,47,30,17
20242,A,골목상권,3110584,아현역 4번,49,13,36,0,4,7,14,13,11,0,0,0,2,5,6,0,4,7,12,8,5
20242,A,골목상권,3110562,연트럴파크(연남동주민센터),426,237,189,1,73,118,96,94,44,1,29,76,55,44,32,0,44,42,41,50,12
20242,R,전통시장,3130194,용강동 상점가,875,502,373,0,103,131,179,170,292,0,39,75,104,114,170,0,64,56,75,56,122
20242,A,골목상권,3110556,절두산순교성지,176,112,64,3,17,42,58,39,17,3,8,27,39,24,11,0,9,15,19,15,6
20242,A,골목상권,3110559,성산중학교,757,474,283,4,102,187,203,167,94,3,54,102,127,118,70,1,48,85,76,49,24
20242,A,골목상권,3110550,합정역 8번,1578,740,838,1,240,411,414,333,179,0,84,165,221,171,99,1,156,246,193,162,80
20242,D,발달상권,3120113,오목교역,641,380,261,2,98,147,163,141,90,1,45,81,95,95,63,1,53,66,68,46,27
20242,D,발달상권,3120110,목동역 8번출구,1858,1400,458,2,142,216,286,247,965,1,42,102,166,181,908,1,100,114,120,66,57
20242,A,골목상권,3110628,신목동역,469,307,162,0,52,85,114,113,105,0,28,56,79,85,59,0,24,29,35,28,46
20242,A,골목상권,3110617,등촌역 4번,262,188,74,0,47,75,73,48,19,0,37,55,50,31,15,0,10,20,23,17,4
20242,A,골목상권,3110608,신월2동주민센터,875,454,421,1,51,116,229,273,205,1,23,69,117,127,117,0,28,47,112,146,88
20242,A,골목상권,3110605,목동센트럴아이파크앞,155,89,66,0,15,22,26,47,45,0,5,15,11,27,31,0,10,7,15,20,14
20242,A,골목상권,3110613,신정네거리역 4번,80,20,60,0,8,25,24,19,4,0,2,6,7,4,1,0,6,19,17,15,3
20242,R,전통시장,3130206,신정3동 골목시장,20,6,14,0,0,5,11,2,2,0,0,0,3,1,2,0,0,5,8,1,0
20242,A,골목상권,3110614,목동로데오거리,596,292,304,0,69,85,114,216,112,0,42,44,58,103,45,0,27,41,56,113,67
20242,A,골목상권,3110644,신광명마을,336,288,48,1,26,28,58,105,118,1,8,17,51,97,114,0,18,11,7,8,4
20242,D,발달상권,3120115,김포공항역(김포공항),23,12,11,0,6,9,4,4,0,0,2,4,3,3,0,0,4,5,1,1,0
20242,A,골목상권,3110670,신곡초등학교,489,320,169,6,79,118,121,90,75,3,45,77,71,59,65,3,34,41,50,31,10
20242,A,골목상권,3110659,화곡역 4번,844,496,348,11,102,181,234,180,136,9,52,114,140,105,76,2,50,67,94,75,60
20242,A,골목상권,3110721,가리봉파출소,215,104,111,1,6,36,42,42,88,0,2,19,17,22,44,1,4,17,25,20,44
20242,A,골목상권,3110710,남구로역 3번,606,370,236,3,83,96,105,121,198,3,46,63,63,68,127,0,37,33,42,53,71
20242,R,전통시장,3130223,고척근린시장,42,12,30,0,2,10,12,14,4,0,0,1,1,7,3,0,2,9,11,7,1
20242,R,전통시장,3130226,고척프라자,2,2,0,0,1,1,0,0,0,0,1,1,0,0,0,0,0,0,0,0,0
20242,A,골목상권,3110699,덕의초등학교,136,79,57,0,14,22,29,43,28,0,7,14,13,24,21,0,7,8,16,19,7
20242,A,골목상권,3110711,구로초등학교,815,329,486,4,62,122,165,287,175,2,26,70,81,74,76,2,36,52,84,213,99
20242,A,골목상권,3110720,대림역 2번,228,87,141,0,27,50,65,49,37,0,11,14,18,17,27,0,16,36,47,32,10
20242,D,발달상권,3120128,신도림역,1253,656,597,7,191,318,382,243,112,1,75,153,191,149,87,6,116,165,191,94,25
20242,A,골목상권,3110683,오류고등학교,75,46,29,0,12,15,23,18,7,0,9,8,14,8,7,0,3,7,9,10,0
20242,D,발달상권,3120132,독산동,4203,2884,1319,13,512,908,1016,1074,680,12,350,650,695,701,476,1,162,258,321,373,204
20242,A,골목상권,3110729,가산동우체국,151,112,39,0,19,30,40,39,23,0,14,19,30,30,19,0,5,11,10,9,4
20242,A,골목상권,3110744,독산동성당,486,292,194,0,31,86,125,152,92,0,22,53,69,89,59,0,9,33,56,63,33
20242,A,골목상권,3110743,시흥초등학교(시흥1동우체국),191,130,61,0,18,31,48,50,44,0,10,20,32,37,31,0,8,11,16,13,13
20242,R,전통시장,3130236,비단길현대시장(현대시장),139,42,97,0,13,23,49,40,14,0,4,3,12,17,6,0,9,20,37,23,8
20242,D,발달상권,3120141,영등포청과시장교차로,601,418,183,2,71,137,188,115,88,1,36,85,133,86,77,1,35,52,55,29,11
20242,D,발달상권,3120143,당산역,2671,1987,684,9,326,516,558,517,745,2,194,394,403,386,608,7,132,122,155,131,137
20242,A,골목상권,3110781,대림한신아파트,182,112,70,0,23,29,51,38,41,0,8,16,34,23,31,0,15,13,17,15,10
20242,R,전통시장,3130242,대림중앙 골목형상점가,66,20,46,0,3,17,17,24,5,0,1,6,5,5,3,0,2,11,12,19,2
20242,A,골목상권,3110802,신길동홍어거리,336,159,177,1,59,113,86,61,16,0,18,45,44,40,12,1,41,68,42,21,4
20242,A,골목상권,3110780,신길대성유니드아파트,223,171,52,0,22,42,71,56,32,0,18,34,51,41,27,0,4,8,20,15,5
20242,A,골목상권,3110756,문래중학교,275,179,96,0,48,79,78,35,35,0,21,58,52,21,27,0,27,21,26,14,8
20242,A,골목상권,3110807,신길역 3번,102,70,32,0,6,16,23,27,30,0,4,8,18,19,21,0,2,8,5,8,9
20242,A,골목상권,3110796,한림대학교한강성심병원,87,52,35,1,7,19,26,19,15,0,4,11,17,9,11,1,3,8,9,10,4
20242,A,골목상권,3110829,장승배기역 5번,534,416,118,0,195,137,78,52,72,0,177,106,49,39,45,0,18,31,29,13,27
20242,A,골목상권,3110822,신대방삼거리역 4번(대림초등학교),313,131,182,0,57,71,68,76,41,0,13,28,34,35,21,0,44,43,34,41,20
20242,A,골목상권,3110850,사당역 10번,969,487,482,4,217,207,185,162,194,1,54,88,92,95,157,3,163,119,93,67,37
20242,A,골목상권,3110848,양지어린이공원,486,307,179,0,36,68,152,132,98,0,6,39,85,93,84,0,30,29,67,39,14
20242,A,골목상권,3110835,상도역 1번,296,170,126,0,81,95,59,38,23,0,32,61,37,19,21,0,49,34,22,19,2
20242,D,발달상권,3120151,보라매공원,2417,1455,962,6,401,736,707,383,184,4,194,433,450,237,137,2,207,303,257,146,47
20242,A,골목상권,3110840,중앙대학교,175,99,76,0,24,25,57,45,24,0,12,13,37,22,15,0,12,12,20,23,9
20242,A,골목상권,3110895,샤로수길,1796,1222,574,3,307,721,360,233,172,2,170,534,234,152,130,1,137,187,126,81,42
20242,A,골목상권,3110866,난우중학교,184,101,83,0,23,36,41,65,19,0,14,20,19,32,16,0,9,16,22,33,3
20242,R,전통시장,3130282,난곡 골목형상점가,20,8,12,0,4,2,10,4,0,0,2,1,4,1,0,0,2,1,6,3,0
20242,D,발달상권,3120158,녹두거리(대학동),695,550,145,2,31,73,200,279,110,0,7,41,163,241,98,2,24,32,37,38,12
20242,A,골목상권,3110856,미성초등학교,538,295,243,3,58,85,170,150,72,1,28,44,99,71,52,2,30,41,71,79,20
20242,A,골목상권,3110883,은천초등학교(은천교앞),208,124,84,2,21,43,70,48,24,1,12,25,42,28,16,1,9,18,28,20,8
20242,R,전통시장,3130288,신림현대종합상가,2,0,2,0,1,1,0,0,0,0,0,0,0,0,0,0,1,1,0,0,0
20242,R,전통시장,3130289,봉일시장,36,20,16,1,1,2,5,14,13,0,0,1,5,3,11,1,1,1,0,11,2
20242,A,골목상권,3110944,서울나래학교(염곡어린이공원),933,632,301,10,116,213,161,196,237,8,88,169,114,118,135,2,28,44,47,78,102
20242,D,발달상권,3120170,삼호가든사거리,2026,1161,865,8,279,587,623,346,183,7,113,333,412,168,128,1,166,254,211,178,55
20242,D,발달상권,3120187,신논현역,13076,7778,5298,64,3624,3962,2984,1673,769,27,1516,2302,2121,1247,565,37,2108,1660,863,426,204
20242,D,발달상권,3120176,논현역 4번,893,566,327,1,130,216,195,168,183,1,67,126,129,106,137,0,63,90,66,62,46
20242,A,골목상권,3110904,이수역 5번,835,468,367,4,167,217,239,139,69,1,90,125,135,59,58,3,77,92,104,80,11
20242,R,전통시장,3130296,남부종합시장,85,63,22,0,2,8,25,35,15,0,1,8,16,24,14,0,1,0,9,11,1
20242,A,골목상권,3110930,서초동성당,2178,1774,404,8,284,588,694,433,171,2,190,448,591,393,150,6,94,140,103,40,21
20242,D,발달상권,3120173,교대역(법원.검찰청),18222,10456,7766,74,3270,5403,4730,3072,1673,29,1419,3004,2846,1897,1261,45,1851,2399,1884,1175,412
20242,D,발달상권,3120179,양재역,20226,15999,4227,55,2836,6941,4949,3795,1650,32,1949,5811,4124,2895,1188,23,887,1130,825,900,462
20242,D,발달상권,3120171,서초3동사거리,11750,6206,5544,15,1990,3845,2551,1862,1487,6,827,1746,1496,1064,1067,9,1163,2099,1055,798,420
20242,D,발달상권,3120181,교육개발원입구사거리,7278,4440,2838,316,2978,1563,1247,730,444,145,1506,983,939,536,331,171,1472,580,308,194,113
20242,A,골목상권,3110941,언남고등학교,261,158,103,0,33,46,89,58,35,0,14,26,51,40,27,0,19,20,38,18,8
20242,A,골목상권,3110994,개포고등학교,494,382,112,7,65,161,123,110,28,4,47,134,103,73,21,3,18,27,20,37,7
20242,A,골목상권,3110955,논현초등학교,3430,2238,1192,19,719,823,793,625,451,13,417,568,554,389,297,6,302,255,239,236,154
20242,D,발달상권,3120190,강남을지병원,11725,6199,5526,44,3417,3232,2506,1512,1014,14,1228,1650,1567,988,752,30,2189,1582,939,524,262
20242,D,발달상권,3120203,강남구청역,7726,4602,3124,27,1589,2070,1890,1381,769,8,650,1218,1293,882,551,19,939,852,597,499,218
20242,A,골목상권,3110960,은광여고,1601,749,852,5,219,282,389,522,184,4,60,131,203,227,124,1,159,151,186,295,60
20242,A,골목상권,3110974,언주중학교,278,168,110,3,58,66,85,43,23,3,25,39,59,27,15,0,33,27,26,16,8
20242,A,골목상권,3111002,한국교통안전공단 강남자동차검사소,317,115,202,0,22,63,65,96,71,0,7,31,21,26,30,0,15,32,44,70,41
20242,A,골목상권,3110956,언주역 8번,1199,758,441,4,361,471,199,87,77,2,158,307,163,70,58,2,203,164,36,17,19
20242,A,골목상권,3110971,선정릉역 4번,1542,900,642,11,278,455,380,254,164,6,140,270,245,120,119,5,138,185,135,134,45
20242,A,골목상권,3110976,언북초등학교,578,332,246,1,111,188,126,86,66,0,41,115,83,49,44,1,70,73,43,37,22
20242,A,골목상권,3110979,청담초등학교,3004,1918,1086,4,525,926,768,568,213,4,230,632,535,343,174,0,295,294,233,225,39
20242,D,발달상권,3120238,방이역,430,260,170,5,53,101,116,79,76,4,25,48,61,57,65,1,28,53,55,22,11
20242,A,골목상권,3111009,송파책박물관,130,94,36,1,13,38,28,24,26,0,11,32,18,15,18,1,2,6,10,9,8
20242,A,골목상권,3111037,Sh수협은행 오금동금융센터(아랫말어린이공원),373,243,130,0,37,103,90,93,50,0,25,84,60,43,31,0,12,19,30,50,19
20242,A,골목상권,3111018,풍납초등학교(풍납백제문화공원),26,23,3,0,1,5,10,6,4,0,1,4,8,6,4,0,0,1,2,0,0
20242,A,골목상권,3111078,굽은다리역 4번,1753,1022,731,1,135,300,379,488,450,1,75,186,215,270,275,0,60,114,164,218,175
20242,A,골목상권,3111079,둔촌고등학교(둔촌중학교),377,197,180,1,43,58,60,76,139,1,28,34,33,28,73,0,15,24,27,48,66
20242,A,골목상권,3111089,상일여고(상일초등학교),750,505,245,0,50,131,180,233,156,0,31,81,127,154,112,0,19,50,53,79,44
20242,A,골목상권,3111051,천호역 6번,394,242,152,2,65,77,85,88,77,1,44,54,54,47,42,1,21,23,31,41,35
20242,R,전통시장,3130319,성내전통시장,47,31,16,0,3,8,14,10,12,0,3,4,9,7,8,0,0,4,5,3,4
20242,R,전통시장,3130320,암사종합시장,173,97,76,1,16,29,50,31,46,1,5,12,31,19,29,0,11,17,19,12,17
20242,A,골목상권,3110017,정독도서관,650,322,328,0,133,273,152,58,34,0,26,130,93,43,30,0,107,143,59,15,4
20242,A,골목상권,3110004,대신고등학교,32,14,18,0,3,4,8,14,3,0,1,0,3,8,2,0,2,4,5,6,1
20242,A,골목상권,3110009,자하문터널,930,456,474,0,207,326,226,121,50,0,91,162,105,63,35,0,116,164,121,58,15
20242,A,골목상권,3110012,성곡미술관,1042,489,553,0,260,329,260,111,82,0,70,152,149,69,49,0,190,177,111,42,33
20242,A,골목상권,3110033,창신역 4번,166,89,77,0,26,42,35,40,23,0,6,22,17,25,19,0,20,20,18,15,4
20242,D,발달상권,3120012,대학로(혜화역),2004,901,1103,7,350,585,490,309,263,2,103,201,243,166,186,5,247,384,247,143,77
20242,U,관광특구,3001494,종로·청계 관광특구,32892,17118,15774,68,5350,9954,9473,6395,1652,15,2280,4904,4583,4154,1182,53,3070,5050,4890,2241,470
20242,D,발달상권,3120008,인사동,22070,13019,9051,1263,7895,5069,3940,2756,1147,589,4005,3077,2666,2006,676,674,3890,1992,1274,750,471
20242,A,골목상권,3110019,창덕궁,325,215,110,0,47,91,82,71,34,0,21,65,53,49,27,0,26,26,29,22,7
20242,R,전통시장,3130014,동문시장,17,8,9,0,0,6,4,4,3,0,0,2,1,3,2,0,0,4,3,1,1
20242,A,골목상권,3110045,동대문역사문화공원역 5번,234,174,60,0,24,54,64,55,37,0,11,38,46,47,32,0,13,16,18,8,5
20242,A,골목상권,3110047,다산성곽길,160,89,71,0,36,43,36,27,18,0,23,29,21,7,9,0,13,14,15,20,9
20242,U,관광특구,3001492,명동 남대문 북창동 다동 무교동 관광특구,104830,53674,51156,423,27134,34007,23384,15726,4156,137,8860,16080,15133,10824,2640,286,18274,17927,8251,4902,1516
20242,D,발달상권,3120021,시청역_8번,23737,14953,8784,73,4071,8120,7087,3484,902,13,1699,4433,5165,2993,650,60,2372,3687,1922,491,252
20242,D,발달상권,3120022,북창동(시청역_6번),5197,3160,2037,24,1010,1611,1149,767,636,2,391,936,852,543,436,22,619,675,297,224,200
20242,A,골목상권,3110051,한양공고앞 교차로,111,82,29,0,17,23,33,26,12,0,12,16,24,20,10,0,5,7,9,6,2
20242,D,발달상권,3120018,중림동,2190,1368,822,2,393,736,598,295,166,2,207,425,357,238,139,0,186,311,241,57,27
20242,A,골목상권,3110591,충정로역 6번,87,48,39,0,15,19,21,28,4,0,9,9,11,16,3,0,6,10,10,12,1
20242,A,골목상권,3110060,효창공원앞역 6번,287,170,117,0,28,62,80,73,44,0,10,34,48,47,31,0,18,28,32,26,13
20242,A,골목상권,3110087,이태원엔틱가구거리,329,113,216,0,151,130,29,10,9,0,26,52,19,8,8,0,125,78,10,2,1
20242,A,골목상권,3110066,서울역 15번,748,467,281,6,152,227,156,125,82,3,81,151,104,66,62,3,71,76,52,59,20
20242,R,전통시장,3130064,금남시장,36,13,23,0,6,7,8,4,11,0,1,0,5,2,5,0,5,7,3,2,6
20242,A,골목상권,3110104,신금호역 4번,213,141,72,0,22,33,35,54,69,0,6,17,21,37,60,0,16,16,14,17,9
20242,A,골목상권,3110121,한양대역 4번,45,30,15,0,3,10,8,11,13,0,2,5,5,7,11,0,1,5,3,4,2
20242,A,골목상권,3110120,서울숲카페거리,79,49,30,0,8,12,35,18,6,0,3,8,23,10,5,0,5,4,12,8,1
20242,A,골목상권,3110137,성수초등학교,6605,4295,2310,31,1016,1740,1836,1344,638,22,557,1152,1250,828,486,9,459,588,586,516,152
20242,A,골목상권,3110132,성수2가3동주민센터,786,521,265,0,97,182,220,197,90,0,67,133,145,108,68,0,30,49,75,89,22
20242,A,골목상권,3110135,성동세무서,401,208,193,0,41,84,107,78,91,0,7,43,49,38,71,0,34,41,58,40,20
20242,A,골목상권,3110133,서울교통공사,122,93,29,0,19,25,33,21,24,0,12,18,29,17,17,0,7,7,4,4,7
20242,A,골목상권,3110113,응봉산,77,43,34,0,14,15,14,16,18,0,4,11,7,6,15,0,10,4,7,10,3
20242,A,골목상권,3110180,광진정보도서관,5440,3602,1838,17,1593,2056,1086,499,189,5,872,1464,782,331,148,12,721,592,304,168,41
20242,A,골목상권,3110149,세종대학교,122,72,50,0,15,21,31,23,32,0,8,13,19,7,25,0,7,8,12,16,7
20242,D,발달상권,3120055,군자역,4255,2030,2225,33,1138,780,911,991,402,23,548,430,436,330,263,10,590,350,475,661,139
20242,A,골목상권,3110154,광진정말공원,255,146,109,1,31,54,61,65,43,1,16,34,30,34,31,0,15,20,31,31,12
20242,A,골목상권,3110143,뚝섬유원지역 1번,44,18,26,1,4,13,9,13,4,1,0,3,5,6,3,0,4,10,4,7,1
20242,R,전통시장,3130083,"중곡제일시장(중곡제일골목시장, 광성시장)",111,68,43,0,15,21,29,24,22,0,7,14,20,10,17,0,8,7,9,14,5
20242,A,골목상권,3110158,중곡3동주민센터,715,518,197,1,113,210,184,138,69,0,73,168,123,104,50,1,40,42,61,34,19
20242,A,골목상권,3110141,건대입구역 1번,213,138,75,1,23,49,67,48,25,1,11,27,51,32,16,0,12,22,16,16,9
20242,A,골목상권,3110148,어린이대공원역 3번,17,12,5,0,3,3,6,5,0,0,0,2,5,5,0,0,3,1,1,0,0
20242,A,골목상권,3110144,어린이대공원역 4번,104,49,55,0,35,17,21,19,12,0,9,10,11,10,9,0,26,7,10,9,3
20242,A,골목상권,3110185,용두초등학교,122,77,45,0,13,22,31,32,24,0,5,13,18,22,19,0,8,9,13,10,5
20242,A,골목상권,3110182,용두희망어린이공원,370,249,121,0,38,71,108,87,66,0,20,47,67,64,51,0,18,24,41,23,15
20242,A,골목상권,3110213,청량초등학교,124,81,43,0,19,57,17,15,16,0,7,41,13,7,13,0,12,16,4,8,3
20242,A,골목상권,3110214,경희대후문,86,42,44,0,18,17,24,17,10,0,6,6,13,10,7,0,12,11,11,7,3
20242,A,골목상권,3110224,외대앞역 2번,96,41,55,0,9,14,16,29,28,0,2,4,9,18,8,0,7,10,7,11,20
20242,A,골목상권,3110205,경희대삼거리,82,48,34,0,4,13,23,23,19,0,2,10,7,17,12,0,2,3,16,6,7
20242,A,골목상권,3110270,혜원여고,168,148,20,0,4,5,7,70,82,0,4,3,6,59,76,0,0,2,1,11,6
20242,A,골목상권,3110274,서일대학교,523,360,163,0,46,59,135,146,137,0,8,37,89,115,111,0,38,22,46,31,26
20242,R,전통시장,3130114,유영시장,31,20,11,0,9,5,3,8,6,0,7,2,2,5,4,0,2,3,1,3,2
20242,A,골목상권,3110275,하나은행 망우동지점,63,33,30,0,4,9,19,16,15,0,3,6,9,5,10,0,1,3,10,11,5
20242,A,골목상권,3110259,사가정역 1번,543,425,118,2,48,108,172,159,54,2,29,73,131,140,50,0,19,35,41,19,4
20242,A,골목상권,3110266,면목동우체국,225,182,43,0,10,31,38,79,67,0,1,19,30,69,63,0,9,12,8,10,4
20242,A,골목상권,3110242,면목5동주민센터,164,112,52,0,21,28,56,30,29,0,12,23,31,22,24,0,9,5,25,8,5
20242,R,전통시장,3130110,면목골목시장(면목시장),107,64,43,0,1,9,35,38,24,0,1,6,22,19,16,0,0,3,13,19,8
20242,A,골목상권,3110247,먹골역 1번,381,176,205,0,54,79,123,81,44,0,21,30,55,39,31,0,33,49,68,42,13
20242,A,골목상권,3110279,신내역 2번,9,8,1,0,0,1,4,4,0,0,0,1,3,4,0,0,0,0,1,0,0
20242,A,골목상권,3110240,태릉시장 특화거리,97,39,58,2,20,13,28,16,18,1,3,8,7,8,12,1,17,5,21,8,6
20242,R,전통시장,3130108,태능엔터피아(태릉시장),3,1,2,0,0,0,1,2,0,0,0,0,0,1,0,0,0,0,1,1,0
20242,A,골목상권,3110244,중화역 4번,250,175,75,1,8,26,49,44,122,1,4,11,32,30,97,0,4,15,17,14,25
20242,A,골목상권,3110306,미아초등학교,317,218,99,2,13,50,81,77,94,0,3,29,53,50,83,2,10,21,28,27,11
20242,A,골목상권,3110302,보문역 8번,3797,3177,620,1,364,1434,710,823,465,1,252,1274,656,702,292,0,112,160,54,121,173
20242,A,골목상권,3110331,돌곶이역 8번,441,297,144,3,54,146,113,78,47,0,17,105,83,55,37,3,37,41,30,23,10
20242,R,전통시장,3130126,새석관시장,13,8,5,0,1,4,2,5,1,0,0,3,1,3,1,0,1,1,1,2,0
20242,A,골목상권,3110283,성북초등학교앞,203,78,125,0,16,33,56,80,18,0,8,10,23,27,10,0,8,23,33,53,8
20242,A,골목상권,3110418,광운대학교 남단,100,45,55,0,11,17,23,26,23,0,5,5,13,16,6,0,6,12,10,10,17
20242,R,전통시장,3130118,정릉골 골목형상점가,67,30,37,0,11,13,11,19,13,0,0,2,6,12,10,0,11,11,5,7,3
20242,D,발달상권,3120077,미아역,218,97,121,0,32,37,52,64,33,0,11,8,18,38,22,0,21,29,34,26,11
20242,A,골목상권,3110369,성신여대운정그린캠퍼스,518,214,304,1,49,46,131,131,160,1,10,16,44,53,90,0,39,30,87,78,70
20242,R,전통시장,3130131,동북프라자,121,49,72,0,9,23,37,29,23,0,4,8,17,9,11,0,5,15,20,20,12
20242,A,골목상권,3110355,삼양사거리역 2번,306,254,52,0,8,26,44,103,125,0,1,10,31,94,118,0,7,16,13,9,7
20242,A,골목상권,3110344,화계중학교,12,10,2,0,7,1,1,2,1,0,5,1,1,2,1,0,2,0,0,0,0
20242,A,골목상권,3110340,인수중학교,176,99,77,0,24,55,50,29,18,0,8,43,31,7,10,0,16,12,19,22,8
20242,R,전통시장,3130129,장미원골목시장,911,571,340,0,15,14,38,89,755,0,1,4,12,40,514,0,14,10,26,49,241
20242,A,골목상권,3110337,아카데미하우스,512,368,144,6,70,69,94,159,114,6,43,58,60,98,103,0,27,11,34,61,11
20242,A,골목상권,3110343,무너미어린이공원,100,74,26,0,7,21,28,32,12,0,4,14,22,25,9,0,3,7,6,7,3
20242,A,골목상권,3110351,수유북부시장옆,214,93,121,0,27,45,51,59,32,0,9,17,20,25,22,0,18,28,31,34,10
20242,A,골목상권,3110342,국립재활원,60,45,15,0,5,11,20,15,9,0,3,8,14,13,7,0,2,3,6,2,2
20242,A,골목상권,3110338,인수초등학교,263,192,71,0,34,67,61,63,38,0,18,49,44,48,33,0,16,18,17,15,5
20242,R,전통시장,3130151,신도봉시장,5,5,0,0,1,0,2,2,0,0,1,0,2,2,0,0,0,0,0,0,0
20242,R,전통시장,3130150,창동골목시장,84,47,37,0,19,30,14,8,13,0,7,20,9,5,6,0,12,10,5,3,7
20242,A,골목상권,3110409,창동역 2번,396,202,194,0,33,43,83,109,128,0,12,29,59,45,57,0,21,14,24,64,71
20242,A,골목상권,3110434,태릉입구역 4번,121,62,59,0,13,11,24,35,38,0,3,2,12,22,23,0,10,9,12,13,15
20242,A,골목상권,3110433,공릉역 2번,401,137,264,1,30,41,46,46,237,1,17,30,25,18,46,0,13,11,21,28,191
20242,A,골목상권,3110422,노원역 9번,277,221,56,0,27,70,94,54,32,0,24,59,79,37,22,0,3,11,15,17,10
20242,D,발달상권,3120085,은행사거리,317,121,196,4,51,48,80,78,56,3,11,14,21,40,32,1,40,34,59,38,24
20242,A,골목상권,3110430,중계초등학교,275,100,175,0,18,28,58,96,75,0,8,7,19,25,41,0,10,21,39,71,34
20242,A,골목상권,3110441,영신여고,138,72,66,0,12,28,33,41,24,0,7,20,15,21,9,0,5,8,18,20,15
20242,A,골목상권,3110467,은평요양병원,487,284,203,3,90,154,110,68,62,2,46,100,61,37,38,1,44,54,49,31,24
20242,A,골목상권,3110454,선정중학교,481,268,213,3,56,71,142,108,101,2,42,35,53,66,70,1,14,36,89,42,31
20242,A,골목상권,3110450,시립서북병원,774,421,353,3,138,166,179,154,134,2,80,103,96,70,70,1,58,63,83,84,64
20242,A,골목상권,3110472,연신내역 4번,335,156,179,2,52,77,79,68,57,1,16,43,30,37,29,1,36,34,49,31,28
20241,A,골목상권,3110551,성서초등학교,803,387,416,1,110,164,235,172,121,1,42,90,114,81,59,0,68,74,121,91,62
20242,R,전통시장,3130168,연서시장,234,155,79,0,19,50,51,64,50,0,5,23,33,49,45,0,14,27,18,15,5
20242,A,골목상권,3110446,내를건너서숲으로도서관,163,124,39,0,6,14,51,45,47,0,5,9,33,35,42,0,1,5,18,10,5
20242,A,골목상권,3110488,우리은행응암동지점,174,104,70,1,14,24,41,38,56,0,8,16,19,15,46,1,6,8,22,23,10
20242,A,골목상권,3110449,증산역 3번,709,410,299,0,104,160,182,147,116,0,47,98,96,84,85,0,57,62,86,63,31
20242,D,발달상권,3120094,"신촌역(신촌역, 신촌로터리)",5328,2411,2917,67,2381,1182,676,592,430,23,994,579,296,278,241,44,1387,603,380,314,189
20242,A,골목상권,3110517,서대문소방서,884,634,250,8,197,216,203,177,83,5,99,170,163,146,51,3,98,46,40,31,32
20242,D,발달상권,3120097,충정로역,2246,1354,892,0,321,658,631,407,229,0,172,390,397,254,141,0,149,268,234,153,88
20242,A,골목상권,3110504,명지전문대,170,46,124,1,21,19,35,41,53,0,5,4,10,13,14,1,16,15,25,28,39
20242,A,골목상권,3110515,홍은중학교,396,312,84,1,45,118,119,68,45,1,33,93,94,52,39,0,12,25,25,16,6
20242,A,골목상권,3110523,홍제성원아파트,21,9,12,0,0,4,5,7,5,0,0,0,2,5,2,0,0,4,3,2,3
20242,D,발달상권,3120095,홍제역,931,525,406,1,73,108,267,363,119,0,16,56,142,223,88,1,57,52,125,140,31
20242,A,골목상권,3110528,서울여자간호대학교,324,160,164,0,11,25,38,72,178,0,10,14,20,24,92,0,1,11,18,48,86
20242,A,골목상권,3110587,공덕동주민센터,264,135,129,1,43,53,75,55,37,1,16,31,47,23,17,0,27,22,28,32,20
20242,A,골목상권,3110576,대흥역 3번,1605,1112,493,71,503,480,308,163,80,27,310,365,253,111,46,44,193,115,55,52,34
20242,A,골목상권,3110572,서강대역 1번,470,254,216,1,63,130,117,116,43,1,32,67,58,66,30,0,31,63,59,50,13
20242,A,골목상권,3110544,망리단길,1203,718,485,1,179,248,331,253,191,1,107,153,171,147,139,0,72,95,160,106,52
20242,R,전통시장,3130186,망원시장,143,53,90,0,9,23,40,41,30,0,6,11,14,10,12,0,3,12,26,31,18
20242,A,골목상권,3110541,동교초등학교,377,221,156,0,43,59,101,96,78,0,23,37,63,50,48,0,20,22,38,46,30
20242,A,골목상권,3110542,마포구청역 7번,3997,2442,1555,16,527,714,775,1304,661,9,297,578,604,586,368,7,230,136,171,718,293
20242,D,발달상권,3120098,DMC(디지털미디어시티),8846,5391,3455,19,1691,3228,2856,875,177,11,813,1995,1821,616,135,8,878,1233,1035,259,42
20242,D,발달상권,3120105,상수역(홍대),524,273,251,4,126,153,122,71,48,2,51,74,70,42,34,2,75,79,52,29,14
20242,R,전통시장,3130189,서교시장,24,10,14,0,2,1,7,6,8,0,0,1,2,3,4,0,2,0,5,3,4
20242,R,전통시장,3130191,홍대 걷고싶은 거리,367,225,142,6,65,65,81,82,68,4,40,41,54,47,39,2,25,24,27,35,29
20242,A,골목상권,3110551,성서초등학교,803,387,416,1,110,164,235,172,121,1,42,90,114,81,59,0,68,74,121,91,62
20242,A,골목상권,3110548,마포구청역 4번,795,475,320,5,130,185,210,136,129,3,57,95,122,89,109,2,73,90,88,47,20
20242,A,골목상권,3110570,KB국민은행 서강지점,61,39,22,0,4,22,18,12,5,0,4,13,10,7,5,0,0,9,8,5,0
20242,A,골목상권,3110585,마포경찰서,918,790,128,0,192,360,176,181,9,0,150,313,153,166,8,0,42,47,23,15,1
20242,D,발달상권,3120111,목동사거리,1828,710,1118,1,551,601,341,219,115,0,101,248,161,116,84,1,450,353,180,103,31
20242,R,전통시장,3130209,목사랑시장(목4동시장),113,62,51,0,7,15,23,43,25,0,2,13,10,20,17,0,5,2,13,23,8
20242,A,골목상권,3110601,신월1동우편취급국,1200,814,386,3,116,180,274,437,190,1,61,115,183,309,145,2,55,65,91,128,45
20242,A,골목상권,3110599,신월1파출소,378,268,110,3,50,89,94,93,49,2,34,68,63,65,36,1,16,21,31,28,13
20242,A,골목상권,3110634,송정역 3번,664,434,230,0,64,143,178,145,134,0,33,90,116,101,94,0,31,53,62,44,40
20242,A,골목상권,3110639,신방화역 8번,534,376,158,1,76,67,89,155,146,1,18,26,52,140,139,0,58,41,37,15,7
20242,A,골목상권,3110633,개화산역 1번,28,14,14,0,0,6,10,7,5,0,0,1,5,3,5,0,0,5,5,4,0
20242,D,발달상권,3120120,화곡역,927,405,522,1,177,218,193,196,142,0,46,109,84,81,85,1,131,109,109,115,57
20242,A,골목상권,3110654,까치산역 4번,1027,687,340,2,68,149,252,380,176,1,38,81,139,281,147,1,30,68,113,99,29
20242,A,골목상권,3110663,우장산롯데캐슬아파트앞,279,217,62,0,6,19,48,106,100,0,3,13,26,82,93,0,3,6,22,24,7
20242,A,골목상권,3110658,화곡초등학교,253,153,100,0,21,55,62,69,46,0,10,35,36,44,28,0,11,20,26,25,18
20242,A,골목상권,3110695,개봉1동주민센터,537,312,225,1,56,150,140,121,69,1,31,97,72,64,47,0,25,53,68,57,22
20242,A,골목상권,3110698,개웅초등학교(개웅중학교),276,176,100,3,50,50,53,63,57,3,25,32,31,39,46,0,25,18,22,24,11
20242,A,골목상권,3110704,고척중학교,62,36,26,0,12,23,10,12,5,0,7,12,3,11,3,0,5,11,7,1,2
20233,A,골목상권,3110094,오산중학교,26,12,14,0,0,1,4,13,8,0,0,0,2,6,4,0,0,1,2,7,4
20242,A,골목상권,3110716,구로나눔길,666,398,268,1,132,256,164,77,36,0,39,154,115,60,30,1,93,102,49,17,6
20242,D,발달상권,3120127,구로구청,5871,3858,2013,6,600,1211,1435,1436,1183,5,362,967,1048,802,674,1,238,244,387,634,509
20242,A,골목상권,3110682,온수역 8번,25,11,14,0,2,4,13,5,1,0,2,2,6,1,0,0,0,2,7,4,1
20242,A,골목상권,3110684,서울공연예술고등학교,251,136,115,2,50,78,61,36,24,0,19,54,34,19,10,2,31,24,27,17,14
20242,A,골목상권,3110685,금강수목원아파트,56,39,17,0,10,12,12,11,11,0,7,10,5,7,10,0,3,2,7,4,1
20242,A,골목상권,3110732,가산초등학교(세일중학교),362,258,104,1,42,68,107,79,65,0,23,39,78,64,54,1,19,29,29,15,11
20242,A,골목상권,3110725,가산동주민센터,85,59,26,0,6,20,22,20,17,0,3,15,16,12,13,0,3,5,6,8,4
20242,A,골목상권,3110740,금천해태공원,646,280,366,1,135,134,136,170,70,1,47,54,56,71,51,0,88,80,80,99,19
20242,A,골목상권,3110741,독산2동주민센터,444,159,285,0,69,117,96,108,54,0,43,35,26,33,22,0,26,82,70,75,32
20242,R,전통시장,3130237,박미시장(기능상실),39,26,13,0,1,6,11,9,12,0,0,2,7,8,9,0,1,4,4,1,3
20242,R,전통시장,3130238,은행나무시장,113,71,42,0,22,24,31,22,14,0,13,16,22,14,6,0,9,8,9,8,8
20242,A,골목상권,3110763,영등포구청역 2번,480,353,127,2,84,147,107,84,56,0,53,100,79,72,49,2,31,47,28,12,7
20242,A,골목상권,3110769,대림차이나타운(대림역 12번),42,12,30,0,6,8,12,10,6,0,0,3,4,3,2,0,6,5,8,7,4
20242,A,골목상권,3110777,구로세무서,282,210,72,0,36,41,47,83,75,0,13,30,32,66,69,0,23,11,15,17,6
20242,R,전통시장,3130245,영일시장,675,567,108,1,61,189,238,136,50,0,41,148,217,115,46,1,20,41,21,21,4
20242,A,골목상권,3110814,서울지방병무청,673,364,309,1,51,117,155,236,113,1,23,79,97,104,60,0,28,38,58,132,53
20242,A,골목상권,3110810,영신초등학교,403,183,220,0,58,147,59,78,61,0,24,67,27,43,22,0,34,80,32,35,39
20242,A,골목상권,3110817,대방역 4번,26,19,7,0,2,6,6,6,6,0,0,4,4,6,5,0,2,2,2,0,1
20242,A,골목상권,3110757,양평역 2번,1501,1114,387,1,111,230,356,424,379,0,51,176,286,314,287,1,60,54,70,110,92
20242,A,골목상권,3110762,선유도역 1번,3139,2286,853,6,392,669,739,809,524,4,217,459,529,629,448,2,175,210,210,180,76
20242,D,발달상권,3120150,63빌딩,8614,5431,3183,45,1167,2157,2997,1883,365,18,610,1437,1563,1568,235,27,557,720,1434,315,130
20242,D,발달상권,3120145,영등포역(영등포),3856,1817,2039,22,673,1021,921,702,517,0,202,441,486,388,300,22,471,580,435,314,217
20242,R,전통시장,3130255,영등포전통시장,45,29,16,0,1,7,5,10,22,0,1,5,3,4,16,0,0,2,2,6,6
20242,A,골목상권,3110788,영등포시장역 3번,28,22,6,0,4,5,7,9,3,0,3,5,6,6,2,0,1,0,1,3,1
20242,A,골목상권,3110799,영등포본동주민센터,119,86,33,5,21,16,11,22,44,3,12,10,6,15,40,2,9,6,5,7,4
20242,A,골목상권,3110834,동작구자원봉사센터,41,25,16,0,3,5,8,11,14,0,2,2,8,6,7,0,1,3,0,5,7
20242,A,골목상권,3110832,노량진초등학교,491,269,222,0,54,105,122,153,57,0,24,64,85,70,26,0,30,41,37,83,31
20242,D,발달상권,3120153,노량진역(노량진),3600,1756,1844,10,508,1172,906,675,329,2,185,464,433,450,222,8,323,708,473,225,107
20242,R,전통시장,3130274,사당1동먹자골목상점가(사당1동먹자골목),389,218,171,4,91,100,81,63,50,3,45,64,37,35,34,1,46,36,44,28,16
20242,R,전통시장,3130273,남성사계시장(남성시장),141,63,78,0,21,36,45,22,17,0,3,19,20,8,13,0,18,17,25,14,4
20242,A,골목상권,3110851,경문고등학교(동작동성당),493,236,257,0,79,137,141,105,31,0,32,53,66,67,18,0,47,84,75,38,13
20242,A,골목상권,3110845,사당종합체육관,101,50,51,0,8,17,35,26,15,0,5,8,19,9,9,0,3,9,16,17,6
20242,R,전통시장,3130271,남성역골목시장,467,268,199,1,36,33,39,47,311,1,12,20,22,16,197,0,24,13,17,31,114
20242,A,골목상권,3110831,상도4동주민센터,72,40,32,0,3,13,14,29,13,0,3,6,6,18,7,0,0,7,8,11,6
20242,R,전통시장,3130262,상도도깨비 골목형상점가,21,13,8,0,0,4,10,4,3,0,0,4,6,1,2,0,0,0,4,3,1
20242,A,골목상권,3110825,신대방삼거리역 1번,319,207,112,0,33,63,96,72,55,0,23,41,58,47,38,0,10,22,38,25,17
20242,R,전통시장,3130260,신대방1동골목상권,70,31,39,0,8,22,15,15,10,0,0,7,7,10,7,0,8,15,8,5,3
20242,A,골목상권,3110902,사당역 4번,1184,729,455,1,189,266,295,248,185,0,82,168,204,156,119,1,107,98,91,92,66
20242,A,골목상권,3110881,구립대학경로당(관악산샘말공원),1580,1288,292,1,317,450,449,266,97,1,225,374,391,229,68,0,92,76,58,37,29
20242,A,골목상권,3110894,관악동부센트레빌아파트(은천로35라길),20,8,12,0,2,4,3,6,5,0,0,2,1,2,3,0,2,2,2,4,2
20242,A,골목상권,3110869,"신림역 5번(신림동주민센터, 신림동별빛거리)",1026,681,345,1,79,136,248,233,329,1,36,73,143,155,273,0,43,63,105,78,56
20242,A,골목상권,3110877,신림역 8번,319,154,165,2,23,63,86,80,65,0,10,30,36,39,39,2,13,33,50,41,26
20242,A,골목상권,3110884,봉천역 4번(봉천110안전센터),372,284,88,1,17,30,61,98,165,0,1,8,49,84,142,1,16,22,12,14,23
20242,R,전통시장,3130275,강남골목시장,164,121,43,0,17,38,46,34,29,0,15,32,30,23,21,0,2,6,16,11,8
20242,R,전통시장,3130276,신림중앙시장(조원동 펭귄시장),39,27,12,0,1,2,13,11,12,0,0,2,7,9,9,0,1,0,6,2,3
20242,A,골목상권,3110892,관악구 중앙길,709,341,368,0,69,110,159,221,150,0,25,55,76,105,80,0,44,55,83,116,70
20242,A,골목상권,3110896,관악우성아파트,202,49,153,0,41,37,44,47,33,0,5,7,11,13,13,0,36,30,33,34,20
20242,A,골목상권,3110947,청계산입구역 2번(내곡동주민센터),112,45,67,0,18,17,27,18,32,0,8,9,14,7,7,0,10,8,13,11,25
20242,A,골목상권,3110918,방배역 3번,682,438,244,3,98,127,164,142,148,2,59,85,108,86,98,1,39,42,56,56,50
20242,A,골목상권,3110922,내방역 1번,219,112,107,1,42,47,47,42,40,0,13,23,27,23,26,1,29,24,20,19,14
20242,A,골목상권,3110934,우면주공아파트,994,674,320,6,197,291,253,161,86,5,83,217,195,110,64,1,114,74,58,51,22
20242,A,골목상권,3110927,잠원역,745,553,192,2,93,342,198,98,12,2,82,218,159,81,11,0,11,124,39,17,1
20242,A,골목상권,3110993,개포지하차도 북측,70,53,17,0,3,9,19,23,16,0,2,7,16,18,10,0,1,2,3,5,6
20242,R,전통시장,3130310,강남개포시장,298,173,125,0,29,56,71,82,60,0,8,23,42,56,44,0,21,33,29,26,16
20242,A,골목상권,3110961,언주역 3번,962,673,289,5,172,286,248,140,111,3,97,184,187,112,90,2,75,102,61,28,21
20242,D,발달상권,3120222,삼성역,43324,24141,19183,244,8091,13641,10294,6385,4669,119,3186,7703,6883,3711,2539,125,4905,5938,3411,2674,2130
20242,A,골목상권,3110992,도곡초등학교,2179,1144,1035,3,269,440,484,524,459,1,108,253,258,260,264,2,161,187,226,264,195
20242,A,골목상권,3110975,매봉역 1번,10837,6932,3905,34,2175,2199,3202,3019,208,21,1010,1161,2184,2402,154,13,1165,1038,1018,617,54
20242,D,발달상권,3120201,도곡1동,11549,6381,5168,116,3564,3468,2477,1299,625,31,1365,2018,1727,754,486,85,2199,1450,750,545,139
20242,A,골목상권,3110986,삼성중앙역 7번,90,59,31,0,9,18,36,19,8,0,3,6,29,15,6,0,6,12,7,4,2
20242,A,골목상권,3110999,윗방죽마을공원,268,130,138,2,19,43,44,83,77,1,12,27,27,39,24,1,7,16,17,44,53
20242,D,발달상권,3120224,수서역,12418,6339,6079,23,1900,3177,3167,2346,1805,12,860,1669,1497,1232,1069,11,1040,1508,1670,1114,736
20242,D,발달상권,3120198,구역삼세무서,11531,7246,4285,23,2691,3529,2889,1562,837,12,1141,2216,2115,1139,623,11,1550,1313,774,423,214
20242,D,발달상권,3120197,역삼역,58731,38593,20138,93,10093,18065,15897,10840,3743,43,5229,11924,11872,7083,2442,50,4864,6141,4025,3757,1301
20242,D,발달상권,3120208,청담사거리(청담동명품거리),11437,5280,6157,43,3488,4035,2275,1044,552,17,1116,1816,1308,628,395,26,2372,2219,967,416,157
20242,D,발달상권,3120239,오금역,4595,2925,1670,17,840,1205,1156,897,480,11,447,798,824,483,362,6,393,407,332,414,118
20242,A,골목상권,3111041,거여역 8번,411,336,75,1,102,118,81,62,47,1,84,93,67,50,41,0,18,25,14,12,6
20242,A,골목상권,3111042,거여역 1번(거여공원),872,597,275,3,147,186,251,200,85,3,121,134,159,130,50,0,26,52,92,70,35
20242,D,발달상권,3120235,문정역,954,648,306,1,117,204,211,255,166,0,70,158,152,154,114,1,47,46,59,101,52
20242,A,골목상권,3111012,석촌역 6번,732,332,400,2,91,127,180,183,149,2,23,56,83,93,75,0,68,71,97,90,74
20242,D,발달상권,3120230,송파사거리(송파역),876,470,406,4,96,176,202,193,205,1,38,99,115,92,125,3,58,77,87,101,80
20242,A,골목상권,3111034,오동나무공원(송파레미니스1단지),1465,1038,427,3,253,373,355,322,159,3,163,257,267,226,122,0,90,116,88,96,37
20242,A,골목상권,3111011,잠실나루역,9608,7747,1861,42,1275,3018,2795,2046,432,18,924,2492,2309,1674,330,24,351,526,486,372,102
20242,A,골목상권,3111004,삼전역 1번,2036,1331,705,13,263,407,504,376,473,0,108,261,337,239,386,13,155,146,167,137,87
20242,R,전통시장,3130326,고덕 골목형상점가,935,850,85,0,8,37,165,395,330,0,4,31,147,360,308,0,4,6,18,35,22
20242,A,골목상권,3111088,고덕동성당,123,54,69,0,15,32,32,31,13,0,4,15,10,15,10,0,11,17,22,16,3
20242,A,골목상권,3111083,GS강동자이아파트,411,245,166,0,67,62,70,100,112,0,47,43,41,44,70,0,20,19,29,56,42
20242,R,전통시장,3130324,길동복조리시장,154,85,69,3,27,32,47,40,5,2,13,18,31,19,2,1,14,14,16,21,3
20242,A,골목상권,3111076,둔촌2동주민센터,297,174,123,0,25,49,61,86,76,0,14,24,34,39,63,0,11,25,27,47,13
20242,A,골목상권,3111081,둔촌푸르지오아파트,78,50,28,0,8,17,18,18,17,0,4,12,13,6,15,0,4,5,5,12,2
20242,A,골목상권,3111074,명일역 1번,147,77,70,2,31,38,40,16,20,1,9,23,23,10,11,1,22,15,17,6,9
20242,R,전통시장,3130321,장신구 특화거리 상점가,433,269,164,0,92,114,88,92,47,0,43,72,56,61,37,0,49,42,32,31,10
20242,A,골목상권,3111058,성내중학교,451,317,134,0,51,92,129,121,58,0,37,63,90,82,45,0,14,29,39,39,13
20242,D,발달상권,3120243,천호역,1395,637,758,6,189,265,331,296,308,2,64,109,143,126,193,4,125,156,188,170,115
20242,D,발달상권,3120244,암사역,916,401,515,0,70,85,103,111,547,0,14,44,49,42,252,0,56,41,54,69,295
20242,A,골목상권,3111075,굽은다리역 2번,193,114,79,0,14,42,54,52,31,0,14,28,24,31,17,0,0,14,30,21,14
20242,A,골목상권,3110018,중앙고등학교,829,408,421,0,92,166,209,160,202,0,27,55,100,80,146,0,65,111,109,80,56
20241,A,골목상권,3110082,용산구청,1618,809,809,5,175,461,427,442,108,4,53,155,206,304,87,1,122,306,221,138,21
20242,A,골목상권,3110006,부암동주민센터,27,16,11,0,2,7,7,5,6,0,2,5,2,3,4,0,0,2,5,2,2
20242,A,골목상권,3110003,세검정초등학교,607,337,270,7,78,120,167,167,68,6,35,45,103,96,52,1,43,75,64,71,16
20242,D,발달상권,3120005,삼청동,3049,2795,254,1,399,709,898,817,225,0,340,633,848,776,198,1,59,76,50,41,27
20242,D,발달상권,3120062,신설동역,12648,5435,7213,13,1214,2604,3451,3483,1883,2,444,1433,1624,1125,807,11,770,1171,1827,2358,1076
20242,D,발달상권,3120013,이화사거리,7536,5468,2068,8,1300,2502,2063,1294,369,1,626,1730,1678,1171,262,7,674,772,385,123,107
20242,A,골목상권,3110027,혜화역 1번,598,358,240,1,67,108,127,97,198,0,25,70,64,54,145,1,42,38,63,43,53
20242,D,발달상권,3120006,종각역,33181,16028,17153,59,5900,11133,9928,5489,672,14,2254,4920,4677,3672,491,45,3646,6213,5251,1817,181
20242,R,전통시장,3130009,마전교지하쇼핑센터(구 한일상가),24,16,8,0,0,2,3,7,12,0,0,2,2,4,8,0,0,0,1,3,4
20242,R,전통시장,3130012,"동대문종합시장(동대문종합시장 신관, 동대문종합시장D동상가)",1319,965,354,2,156,325,348,339,149,0,116,251,238,247,113,2,40,74,110,92,36
20242,R,전통시장,3130011,충신시장,88,44,44,0,19,19,20,17,13,0,7,11,8,8,10,0,12,8,12,9,3
20242,R,전통시장,3130017,동대문상가C동,12,9,3,0,1,4,4,2,1,0,1,4,3,0,1,0,0,0,1,2,0
20242,A,골목상권,3110029,동대문역 1번,247,68,179,0,11,34,64,82,56,0,1,8,25,21,13,0,10,26,39,61,43
20242,R,전통시장,3130001,통인시장,63,31,32,0,4,16,12,13,18,0,2,4,7,7,11,0,2,12,5,6,7
20242,A,골목상권,3110010,평창동서측,5240,2651,2589,1,324,1250,2239,1231,195,0,76,342,1157,943,133,1,248,908,1082,288,62
20242,U,관광특구,3001493,동대문패션타운 관광특구,5916,2900,3016,36,1415,1672,1133,1020,640,13,536,733,643,584,391,23,879,939,490,436,249
20242,D,발달상권,3120031,을지로3가역,6147,3450,2697,9,699,1541,1643,1286,969,0,223,730,924,892,681,9,476,811,719,394,288
20242,D,발달상권,3120020,시청역_1번,6561,4672,1889,29,1436,1964,1905,1013,214,17,728,1351,1643,776,157,12,708,613,262,237,57
20242,A,골목상권,3110110,상왕십리역 6번,87,54,33,1,12,16,24,18,16,1,7,11,13,10,12,0,5,5,11,8,4
20242,R,전통시장,3130046,team204(팀204),20,13,7,0,1,3,4,2,10,0,0,2,3,1,7,0,1,1,1,1,3
20242,R,전통시장,3130042,약수시장,158,67,91,2,36,30,40,21,29,2,9,9,19,8,20,0,27,21,21,13,9
20242,A,골목상권,3110057,황학코아루아파트,64,44,20,0,8,13,20,10,13,0,4,6,17,8,9,0,4,7,3,2,4
20242,D,발달상권,3120042,"숙대입구역(남영역, 남영동)",4057,2797,1260,20,750,1490,1024,558,215,8,370,894,831,510,184,12,380,596,193,48,31
20242,A,골목상권,3110063,효창공원앞역 5번,530,347,183,8,47,104,139,132,100,6,25,71,93,87,65,2,22,33,46,45,35
20242,A,골목상권,3110080,해방촌예술마을,311,168,143,0,53,71,88,58,41,0,18,40,52,31,27,0,35,31,36,27,14
20242,A,골목상권,3110082,용산구청,1618,809,809,5,175,461,427,442,108,4,53,155,206,304,87,1,122,306,221,138,21
20242,A,골목상권,3110085,경리단길남측,532,260,272,4,98,163,148,67,52,2,40,59,78,41,40,2,58,104,70,26,12
20242,A,골목상권,3110095,한강진역 3번,1186,801,385,16,160,326,321,298,65,8,61,235,227,226,44,8,99,91,94,72,21
20242,A,골목상권,3110091,리움미술관,1106,810,296,0,216,345,343,155,47,0,117,236,293,128,36,0,99,109,50,27,11
20242,A,골목상권,3110588,한겨레신문사,169,92,77,0,34,44,41,33,17,0,14,22,20,21,15,0,20,22,21,12,2
20242,R,전통시장,3130059,후암시장,64,40,24,0,6,12,16,11,19,0,4,5,10,7,14,0,2,7,6,4,5
20242,A,골목상권,3110103,옥수터널,13,11,2,1,0,2,2,6,2,0,0,2,2,5,2,1,0,0,0,1,0
20242,A,골목상권,3110117,성동구보건소,103,73,30,1,14,27,19,33,9,1,10,20,11,25,6,0,4,7,8,8,3
20242,D,발달상권,3120049,왕십리역(왕십리),1459,1004,455,1,183,301,377,468,129,1,92,187,272,371,81,0,91,114,105,97,48
20242,A,골목상권,3110131,성수동카페거리,4798,3110,1688,15,902,1536,1123,699,523,9,460,993,777,497,374,6,442,543,346,202,149
20242,R,전통시장,3130070,뚝섬역상점가,1017,698,319,6,178,260,218,222,133,4,105,180,144,157,108,2,73,80,74,65,25
20242,D,발달상권,3120066,장한평역(장한평),7424,4770,2654,43,1531,1839,1491,1235,1285,10,739,1202,991,818,1010,33,792,637,500,417,275
20242,A,골목상권,3110130,답십리역 6번,105,89,16,0,20,24,38,15,8,0,17,20,35,10,7,0,3,4,3,5,1
20242,A,골목상권,3110111,대현산장미원,51,40,11,0,6,7,6,17,15,0,6,4,4,13,13,0,0,3,2,4,2
20242,A,골목상권,3110179,광나루역 1번,911,620,291,0,142,209,188,233,139,0,82,160,157,154,67,0,60,49,31,79,72
20242,R,전통시장,3130074,영동교골목시장,21,15,6,0,6,9,2,3,1,0,3,9,0,2,1,0,3,0,2,1,0
20242,A,골목상권,3110150,중곡1동 마을마당,1179,698,481,1,197,352,252,217,160,1,83,194,161,132,127,0,114,158,91,85,33
20242,A,골목상권,3110152,중곡어린이공원,340,300,40,0,17,29,64,121,109,0,10,21,55,109,105,0,7,8,9,12,4
20241,R,전통시장,3130160,수일시장,7,2,5,0,0,2,1,2,2,0,0,0,0,1,1,0,0,2,1,1,1
20242,A,골목상권,3110162,군자역 4번,618,370,248,0,127,163,133,111,84,0,98,119,77,43,33,0,29,44,56,68,51
20242,R,전통시장,3130096,동부시장,14,9,5,0,0,0,1,1,12,0,0,0,0,0,9,0,0,0,1,1,3
20242,A,골목상권,3110187,제기동역 6번,3124,2222,902,15,559,867,746,552,385,7,387,605,531,394,298,8,172,262,215,158,87
20242,A,골목상권,3110195,동대문구청,221,115,106,0,41,58,47,40,35,0,12,28,23,27,25,0,29,30,24,13,10
20242,A,골목상권,3110189,제기동역 1번,1538,1086,452,1,233,490,342,167,305,0,98,349,286,136,217,1,135,141,56,31,88
20242,R,전통시장,3130098,회기시장,55,17,38,0,9,14,15,12,5,0,2,3,4,6,2,0,7,11,11,6,3
20242,A,골목상권,3110229,장평중학교,1332,862,470,0,145,164,190,318,515,0,81,103,125,211,342,0,64,61,65,107,173
20242,R,전통시장,3130104,전곡시장,93,54,39,0,8,17,28,26,14,0,5,8,16,13,12,0,3,9,12,13,2
20242,D,발달상권,3120063,청량리역(청량리),1209,528,681,3,226,225,249,252,254,2,66,88,96,117,159,1,160,137,153,135,95
20242,D,발달상권,3120064,경희대학교(경희대),97,44,53,0,14,27,21,13,22,0,9,13,10,4,8,0,5,14,11,9,14
20242,A,골목상권,3110278,망우본동주민센터,276,166,110,1,32,46,77,81,39,0,10,25,43,56,32,1,22,21,34,25,7
20242,A,골목상권,3110246,월드순복음교회,431,312,119,0,27,97,158,95,54,0,12,69,122,65,44,0,15,28,36,30,10
20242,A,골목상권,3110241,먹골역 5번,415,213,202,0,61,87,97,117,53,0,17,49,46,63,38,0,44,38,51,54,15
20242,A,골목상권,3110271,신내역 1번,97,74,23,0,8,17,25,29,18,0,5,14,18,23,14,0,3,3,7,6,4
20242,D,발달상권,3120072,성신여대,1048,537,511,18,137,211,213,271,198,11,46,86,103,152,139,7,91,125,110,119,59
20242,A,골목상권,3110305,보문역 5번,883,661,222,3,165,255,173,133,154,1,99,199,129,103,130,2,66,56,44,30,24
20242,A,골목상권,3110304,보문역 4번,248,146,102,0,40,77,61,48,22,0,10,46,35,37,18,0,30,31,26,11,4
20242,A,골목상권,3110309,대광초등학교,376,266,110,0,38,63,108,103,64,0,19,44,71,78,54,0,19,19,37,25,10
20242,A,골목상권,3110324,월곡역 4번,99,55,44,0,31,21,19,18,10,0,9,10,13,14,9,0,22,11,6,4,1
20242,A,골목상권,3110326,장위동성당,84,40,44,0,2,9,16,13,44,0,1,2,6,5,26,0,1,7,10,8,18
20242,A,골목상권,3110289,북한산보국문역 2번,144,105,39,0,9,28,49,32,26,0,6,23,30,24,22,0,3,5,19,8,4
20242,A,골목상권,3110290,북한산보국문역 1번,96,78,18,0,2,9,29,37,19,0,1,8,23,30,16,0,1,1,6,7,3
20242,R,전통시장,3130141,강북북부골목시장,36,19,17,0,12,4,11,6,3,0,3,2,6,6,2,0,9,2,5,0,1
20242,A,골목상권,3110373,수유역 2번,891,705,186,0,129,255,172,236,99,0,90,208,134,205,68,0,39,47,38,31,31
20242,A,골목상권,3110376,수송초등학교,224,142,82,0,26,47,62,60,29,0,12,29,38,41,22,0,14,18,24,19,7
20242,A,골목상권,3110375,서울북부고용노동지청,110,55,55,1,12,20,31,32,14,0,8,15,16,11,5,1,4,5,15,21,9
20242,R,전통시장,3130132,삼양골목시장(삼양시장),61,19,42,0,10,14,13,15,9,0,0,4,5,5,5,0,10,10,8,10,4
20242,D,발달상권,3120078,미아사거리역,143,89,54,0,27,28,29,30,29,0,12,16,21,18,22,0,15,12,8,12,7
20242,A,골목상권,3110377,미아사거리역 3번,21,14,7,0,2,2,2,9,6,0,2,2,1,4,5,0,0,0,1,5,1
20242,A,골목상권,3110378,송중동주민센터,23,13,10,0,1,4,6,9,3,0,1,2,2,6,2,0,0,2,4,3,1
20242,R,전통시장,3130140,숭인시장,62,27,35,0,9,13,10,15,15,0,0,4,1,9,13,0,9,9,9,6,2
20242,A,골목상권,3110368,송천초등학교,199,178,21,0,9,16,39,71,64,0,5,11,34,66,62,0,4,5,5,5,2
20242,A,골목상권,3110352,수유1동주민센터,275,112,163,0,23,49,101,79,23,0,11,22,37,29,13,0,12,27,64,50,10
20242,A,골목상권,3110349,화계역 2번,83,67,16,0,6,4,21,33,19,0,5,3,12,28,19,0,1,1,9,5,0
20242,A,골목상권,3110346,4.19민주묘지역 2번,96,48,48,0,12,13,19,19,33,0,3,7,8,7,23,0,9,6,11,12,10
20242,A,골목상권,3110345,솔밭공원역 2번,114,47,67,1,14,18,26,37,18,0,3,6,8,17,13,1,11,12,18,20,5
20242,A,골목상권,3110395,신한은행 방학동지점,163,42,121,0,17,20,44,42,40,0,0,2,11,9,20,0,17,18,33,33,20
20242,R,전통시장,3130148,방학동도깨비시장,39,16,23,0,2,6,12,12,7,0,0,1,5,8,2,0,2,5,7,4,5
20242,A,골목상권,3110386,연산군묘,124,114,10,0,4,3,10,44,63,0,1,3,7,40,63,0,3,0,3,4,0
20242,A,골목상권,3110383,덕성여대시반거리,33,21,12,0,0,3,13,10,7,0,0,2,9,5,5,0,0,1,4,5,2
20242,A,골목상권,3110399,창2동주민센터,849,516,333,8,110,207,262,192,70,8,69,157,137,97,48,0,41,50,125,95,22
20242,A,골목상권,3110404,신창초등학교,515,298,217,1,42,93,163,136,80,0,11,56,109,76,46,1,31,37,54,60,34
20242,A,골목상권,3110408,가인초등학교,355,105,250,0,66,70,100,85,34,0,12,24,32,21,16,0,54,46,68,64,18
20241,A,골목상권,3110577,용강동주민센터,145,105,40,0,15,42,47,31,10,0,12,31,38,17,7,0,3,11,9,14,3
20241,D,발달상권,3120114,목동신시가지,13498,9371,4127,46,2070,3798,3444,2895,1245,29,1126,2619,2554,2204,839,17,944,1179,890,691,406
20242,A,골목상권,3110415,수락산역 4번,635,386,249,5,82,110,155,174,109,5,46,71,85,110,69,0,36,39,70,64,40
20242,A,골목상권,3110439,당고개역 5번,96,45,51,0,4,14,12,32,34,0,0,10,6,16,13,0,4,4,6,16,21
20242,A,골목상권,3110465,연신내역 7번,240,119,121,3,38,52,57,54,36,2,12,29,25,25,26,1,26,23,32,29,10
20242,R,전통시장,3130171,불광먹자골목 골목형상점가,155,54,101,0,18,31,24,37,45,0,4,9,11,16,14,0,14,22,13,21,31
20242,R,전통시장,3130160,수일시장,7,2,5,0,0,2,1,2,2,0,0,0,0,1,1,0,0,2,1,1,1
20242,A,골목상권,3110468,응암역 3번,1202,526,676,2,142,266,324,272,196,0,45,119,142,116,104,2,97,147,182,156,92
20242,A,골목상권,3110471,응암동우체국,263,117,146,0,34,61,73,70,25,0,11,21,28,35,22,0,23,40,45,35,3
20242,A,골목상권,3110463,응암3동주민센터,123,54,69,0,7,23,36,26,31,0,3,6,14,11,20,0,4,17,22,15,11
20242,R,전통시장,3130162,증산골목시장,7,3,4,0,0,2,2,1,2,0,0,0,0,1,2,0,0,2,2,0,0
20242,D,발달상권,3120089,구파발역,5,1,4,0,0,0,1,2,2,0,0,0,0,1,0,0,0,0,1,1,2
20242,A,골목상권,3110502,남가좌파출소,290,147,143,0,29,34,73,92,62,0,14,16,35,47,35,0,15,18,38,45,27
20242,A,골목상권,3110503,명지대학교교회,230,123,107,0,27,52,59,64,28,0,9,30,26,36,22,0,18,22,33,28,6
20242,A,골목상권,3110493,북가좌초등학교,892,830,62,0,2,19,27,80,764,0,0,12,22,68,728,0,2,7,5,12,36
20242,A,골목상권,3110496,모래내우체국,611,333,278,2,88,190,160,89,82,2,20,100,117,42,52,0,68,90,43,47,30
20242,A,골목상권,3110495,북가좌2동주민센터,501,372,129,0,28,67,125,185,96,0,11,45,88,152,76,0,17,22,37,33,20
20242,A,골목상권,3110532,아현역 2번,328,204,124,0,52,33,46,78,119,0,17,13,22,57,95,0,35,20,24,21,24
20242,A,골목상권,3110518,서대문구청,129,72,57,0,22,38,30,23,16,0,6,19,22,15,10,0,16,19,8,8,6
20242,R,전통시장,3130182,영천시장,78,35,43,0,13,8,24,22,11,0,3,4,10,12,6,0,10,4,14,10,5
20242,A,골목상권,3110539,미근동,2792,1821,971,13,225,688,889,822,155,9,167,550,547,424,124,4,58,138,342,398,31
20242,A,골목상권,3110529,홍제3동주민센터,125,58,67,0,13,20,27,25,40,0,2,5,8,14,29,0,11,15,19,11,11
20242,D,발달상권,3120106,마포역,11485,7110,4375,12,1812,2735,2685,2311,1930,8,917,1662,1891,1437,1195,4,895,1073,794,874,735
20242,A,골목상권,3110547,KB국민은행 망원동지점,284,168,116,0,13,47,93,76,55,0,4,25,55,45,39,0,9,22,38,31,16
20242,A,골목상권,3110567,광흥창역 6번,91,61,30,0,16,26,27,12,10,0,8,20,13,11,9,0,8,6,14,1,1
20242,R,전통시장,3130187,영진시장,29,14,15,0,4,5,11,7,2,0,2,2,6,2,2,0,2,3,5,5,0
20242,A,골목상권,3110554,망원역 1번,1579,777,802,2,213,371,508,350,135,2,105,188,241,156,85,0,108,183,267,194,50
20242,A,골목상권,3110560,마포FM,292,140,152,0,26,64,87,77,38,0,10,26,40,36,28,0,16,38,47,41,10
20242,A,골목상권,3110543,중암중학교,38,25,13,0,6,8,14,7,3,0,3,5,8,6,3,0,3,3,6,1,0
20242,R,전통시장,3130192,동진시장,10,6,4,0,1,1,4,3,1,0,1,1,1,2,1,0,0,0,3,1,0
20242,A,골목상권,3110577,용강동주민센터,145,105,40,0,15,42,47,31,10,0,12,31,38,17,7,0,3,11,9,14,3
20242,D,발달상권,3120114,목동신시가지,13498,9371,4127,46,2070,3798,3444,2895,1245,29,1126,2619,2554,2204,839,17,944,1179,890,691,406
20242,A,골목상권,3110626,양화초등학교,652,271,381,1,127,138,149,147,90,0,37,57,76,63,38,1,90,81,73,84,52
20242,A,골목상권,3110618,강서고등학교,193,135,58,0,19,38,52,52,32,0,10,29,36,34,26,0,9,9,16,18,6
20242,R,전통시장,3130203,서서울 골목형상점가,34,7,27,0,2,7,10,12,3,0,0,0,2,4,1,0,2,7,8,8,2
20242,A,골목상권,3110595,메디힐병원,731,459,272,0,80,148,163,185,155,0,34,85,86,136,118,0,46,63,77,49,37
20242,R,전통시장,3130205,신곡종합시장(신월6동 골목시장),141,103,38,1,17,36,39,32,16,0,10,27,33,18,15,1,7,9,6,14,1
20242,A,골목상권,3110598,신월문화체육센터,381,174,207,0,16,50,101,131,83,0,4,22,40,60,48,0,12,28,61,71,35
20242,A,골목상권,3110612,신정역 5번,644,303,341,1,85,88,143,197,130,0,44,62,74,70,53,1,41,26,69,127,77
20242,D,발달상권,3120116,송정역,117,64,53,0,17,27,28,20,25,0,9,11,15,10,19,0,8,16,13,10,6
20242,A,골목상권,3110637,송정역 2번,560,358,202,4,67,121,116,154,98,0,34,74,81,100,69,4,33,47,35,54,29
20242,A,골목상권,3110677,등촌역 1번,410,321,89,1,50,80,83,91,105,1,24,51,70,76,99,0,26,29,13,15,6
20242,R,전통시장,3130220,등마루시장,491,167,324,5,44,61,71,166,144,3,16,29,38,34,47,2,28,32,33,132,97
20242,R,전통시장,3130212,공항시장,8,6,2,0,1,0,3,2,2,0,1,0,3,0,2,0,0,0,0,2,0
20242,A,골목상권,3110640,방화역 1번,1019,638,381,3,139,292,240,195,150,3,62,119,167,158,129,0,77,173,73,37,21
20242,A,골목상권,3110642,정곡초등학교,193,163,30,2,8,14,35,69,65,1,4,10,30,58,60,1,4,4,5,11,5
20242,A,골목상권,3110662,까치산역 1번,1480,885,595,4,245,501,396,234,100,4,129,301,207,171,73,0,116,200,189,63,27
20242,A,골목상권,3110646,푸른들청소년도서관,754,384,370,1,92,113,198,187,163,1,26,47,97,99,114,0,66,66,101,88,49
20242,R,전통시장,3130215,대원종합시장,9,7,2,0,0,1,0,3,5,0,0,1,0,2,4,0,0,0,0,1,1
20242,A,골목상권,3110661,강서새말어린이공원,126,48,78,0,3,13,30,38,42,0,2,8,10,9,19,0,1,5,20,29,23
20242,A,골목상권,3110664,강서구청옆,111,48,63,0,14,10,31,43,13,0,11,7,10,9,11,0,3,3,21,34,2
20242,A,골목상권,3110703,개봉역,307,192,115,4,28,54,91,77,53,3,16,30,54,49,40,1,12,24,37,28,13
20242,A,골목상권,3110714,구로4동주민센터,261,149,112,0,32,43,54,76,56,0,7,18,31,50,43,0,25,25,23,26,13
20242,A,골목상권,3110715,구로구민회관,84,59,25,0,12,13,29,23,7,0,5,10,19,19,6,0,7,3,10,4,1
20242,A,골목상권,3110687,"천왕역 3번(오류2동주민센터, 서울오류남초등학교)",21,16,5,0,2,3,5,6,5,0,1,3,4,4,4,0,1,0,1,2,1
20242,D,발달상권,3120131,가산디지털단지,81127,53423,27704,289,16342,25688,20130,11589,7089,184,8639,17233,14526,7698,5143,105,7703,8455,5604,3891,1946
20242,A,골목상권,3110724,금천구립가산도서관,364,254,110,1,42,76,120,89,36,1,33,60,90,45,25,0,9,16,30,44,11
20242,R,전통시장,3130232,독산동 맛나는거리상점가(독산동 맛나는거리),33,24,9,0,3,12,5,10,3,0,2,9,4,6,3,0,1,3,1,4,0
20242,A,골목상권,3110746,금천금빛공원(은행나무사거리서측),76,53,23,0,5,11,23,22,15,0,3,9,13,16,12,0,2,2,10,6,3
20242,D,발달상권,3120133,서울시흥동우체국(홈플러스시흥점),154,66,88,1,16,23,31,43,40,1,7,11,15,12,20,0,9,12,16,31,20
20242,A,골목상권,3110733,금천어울림복지센터,374,293,81,3,34,89,74,90,84,3,22,67,59,66,76,0,12,22,15,24,8
20242,A,골목상권,3110749,금산초등학교(금천고등학교),418,255,163,0,51,99,100,118,50,0,26,61,51,81,36,0,25,38,49,37,14
20242,A,골목상권,3110790,대림1동주민센터,741,337,404,1,74,163,282,161,60,1,46,71,89,77,53,0,28,92,193,84,7
20242,A,골목상권,3110761,문래동남성맨션,180,106,74,0,13,43,45,41,38,0,8,17,26,25,30,0,5,26,19,16,8
20242,A,골목상권,3110759,문래예술촌(문래창작촌),4221,2168,2053,9,521,838,1001,1281,571,5,266,553,595,462,287,4,255,285,406,819,284
20242,R,전통시장,3130259,대신시장,14,10,4,0,1,0,5,4,4,0,1,0,3,3,3,0,0,0,2,1,1
20242,A,골목상권,3110791,신풍역 3번,25,17,8,0,1,5,9,9,1,0,0,2,6,8,1,0,1,3,3,1,0
20242,A,골목상권,3110804,신풍역 1번,312,187,125,0,15,37,62,63,135,0,4,15,29,35,104,0,11,22,33,28,31
20242,D,발달상권,3120146,한강성심병원,5066,2882,2184,18,1252,1255,1097,821,623,8,405,669,729,584,487,10,847,586,368,237,136
20242,A,골목상권,3110806,서울시립영등포장애인복지관,76,42,34,0,18,30,13,13,2,0,5,16,9,11,1,0,13,14,4,2,1
20242,A,골목상권,3110808,신길역 1번,67,48,19,0,3,22,21,13,8,0,3,15,14,9,7,0,0,7,7,4,1
20242,R,전통시장,3130267,본동인정시장(기능상실),59,41,18,0,6,10,12,15,16,0,4,7,9,8,13,0,2,3,3,7,3
20242,R,전통시장,3130263,신노량진시장(기능상실),13,4,9,0,0,3,4,6,0,0,0,0,1,3,0,0,0,3,3,3,0
20242,R,전통시장,3130264,상도약수골목형상점가,65,35,30,1,14,8,15,20,7,0,4,3,9,12,7,1,10,5,6,8,0
20242,A,골목상권,3110818,신대방역 3번,20,9,11,0,1,3,7,7,2,0,1,3,2,1,2,0,0,0,5,6,0
20242,A,골목상권,3110860,호림박물관(성보고등학교),410,314,96,1,57,102,66,110,74,1,44,84,47,78,60,0,13,18,19,32,14
20242,A,골목상권,3110879,신림현대아파트,17,7,10,0,2,3,5,5,2,0,1,2,2,2,0,0,1,1,3,3,2
20242,A,골목상권,3110882,신성초등학교,733,444,289,1,95,131,215,168,123,0,52,67,122,109,94,1,43,64,93,59,29
20242,A,골목상권,3110868,남부초등학교,232,126,106,0,20,29,45,49,89,0,11,23,22,28,42,0,9,6,23,21,47
20242,R,전통시장,3130279,관악신사시장,2159,1727,432,0,365,671,738,355,30,0,172,530,669,333,23,0,193,141,69,22,7
20242,A,골목상권,3110872,신림초등학교,279,196,83,3,54,68,69,54,31,3,36,54,54,42,7,0,18,14,15,12,24
20242,A,골목상권,3110871,신원동주민센터,64,32,32,1,6,13,19,12,13,0,4,6,8,7,7,1,2,7,11,5,6
20242,A,골목상권,3110853,KT구로지사,217,130,87,0,21,49,65,51,31,0,9,27,44,28,22,0,12,22,21,23,9
20242,A,골목상권,3110855,신대방역 2번,429,275,154,2,53,111,126,90,47,0,22,81,83,55,34,2,31,30,43,35,13
20242,A,골목상권,3110899,낙성대역 5번(관악중학교),681,442,239,0,167,178,164,123,49,0,107,130,95,71,39,0,60,48,69,52,10
20242,D,발달상권,3120185,논현역,12723,7377,5346,29,2723,4108,3218,1875,770,10,1037,2421,2225,1194,490,19,1686,1687,993,681,280
20241,A,골목상권,3111030,방이역 2번,665,419,246,1,57,107,147,217,136,0,28,68,94,128,101,1,29,39,53,89,35
20242,D,발달상권,3120165,서래마을카페거리(서래마을),3467,2266,1201,11,605,1119,949,516,267,3,277,716,707,369,194,8,328,403,242,147,73
20242,A,골목상권,3110908,구반포역,1517,376,1141,0,66,110,396,804,141,0,42,53,71,141,69,0,24,57,325,663,72
20242,A,골목상권,3110911,방배배수지체육공원,29,22,7,0,6,3,7,5,8,0,6,2,4,4,6,0,0,1,3,1,2
20242,D,발달상권,3120162,방배동카페골목,1253,717,536,61,207,200,219,215,351,57,126,142,110,93,189,4,81,58,109,122,162
20242,D,발달상권,3120175,남부터미널역,8254,5320,2934,32,1703,2482,1996,1297,744,6,856,1692,1362,856,548,26,847,790,634,441,196
20242,A,골목상권,3110929,남부터미널역 1번,21130,10703,10427,21,4446,4558,3912,7143,1050,4,1209,1890,1718,5123,759,17,3237,2668,2194,2020,291
20242,D,발달상권,3120192,뱅뱅사거리,27363,18865,8498,72,5748,8234,6678,4352,2279,37,3275,5587,5090,3174,1702,35,2473,2647,1588,1178,577
20242,A,골목상권,3110926,신중초등학교,1610,1175,435,6,193,359,463,382,207,3,114,263,355,292,148,3,79,96,108,90,59
20242,A,골목상권,3110925,서초중학교,874,497,377,0,104,137,244,222,167,0,38,65,146,132,116,0,66,72,98,90,51
20242,D,발달상권,3120205,매봉역,13950,9370,4580,95,2838,4203,3126,1781,1907,44,1450,2959,2521,1302,1094,51,1388,1244,605,479,813
20242,D,발달상권,3120180,양재화물트럭터미널앞,2562,2146,416,13,637,812,554,409,137,10,466,711,481,363,115,3,171,101,73,46,22
20242,D,발달상권,3120182,"양재시민의숲역(양재동꽃시장, aT센터)",6231,4311,1920,34,1059,1675,1508,1267,688,14,546,1157,1111,930,553,20,513,518,397,337,135
20242,D,발달상권,3120178,신사역,11093,6014,5079,34,2556,2878,2400,1866,1359,13,875,1596,1501,1005,1024,21,1681,1282,899,861,335
20242,A,골목상권,3110977,논현로18길,148,102,46,0,22,32,45,29,20,0,14,20,33,20,15,0,8,12,12,9,5
20242,A,골목상권,3110980,개포지구대옆,663,482,181,0,90,198,202,111,62,0,45,142,168,72,55,0,45,56,34,39,7
20242,D,발달상권,3120194,언주역(차병원),12628,8724,3904,37,2790,4202,2802,1923,874,14,1366,2863,2239,1588,654,23,1424,1339,563,335,220
20242,A,골목상권,3110966,논현2동주민센터,1634,1016,618,18,470,498,299,216,133,7,256,298,200,146,109,11,214,200,99,70,24
20242,D,발달상권,3120217,대치사거리,2779,1478,1301,11,552,771,700,452,293,10,220,379,381,264,224,1,332,392,319,188,69
20242,D,발달상권,3120215,포스코사거리,61667,40706,20961,170,9756,22506,18178,8408,2649,29,4305,14324,13853,6409,1786,141,5451,8182,4325,1999,863
20242,D,발달상권,3120218,코엑스,290,54,236,0,116,103,58,13,0,0,13,16,16,9,0,0,103,87,42,4,0
20242,A,골목상권,3110949,한남IC,1683,1193,490,5,288,565,435,305,85,2,112,398,347,261,73,3,176,167,88,44,12
20242,R,전통시장,3130306,강남언주로,235,151,84,2,48,48,63,45,29,2,27,34,47,23,18,0,21,14,16,22,11
20242,A,골목상권,3110965,언주역 6번,1139,788,351,1,174,379,378,142,65,1,104,276,284,74,49,0,70,103,94,68,16
20242,A,골목상권,3110985,청담근린공원,1338,948,390,0,193,447,374,226,98,0,98,346,275,157,72,0,95,101,99,69,26
20242,A,골목상권,3111036,투구봉어린이공원,209,119,90,1,22,40,55,62,29,1,7,20,26,39,26,0,15,20,29,23,3
20242,A,골목상권,3111029,오금역 4번,427,314,113,3,71,108,91,79,75,1,51,81,67,55,59,2,20,27,24,24,16
20242,R,전통시장,3130317,마천중앙시장,107,77,30,0,15,35,24,17,16,0,11,24,12,14,16,0,4,11,12,3,0
20242,D,발달상권,3120236,장지역(가든파이브),4622,3221,1401,15,678,1056,1076,989,808,10,373,711,778,710,639,5,305,345,298,279,169
20242,A,골목상권,3111021,방이역 4번,7683,5874,1809,22,793,1329,1979,2137,1423,15,391,912,1552,1769,1235,7,402,417,427,368,188
20242,R,전통시장,3130313,방이시장,3889,1825,2064,10,726,635,634,1135,749,8,362,409,357,377,312,2,364,226,277,758,437
20242,A,골목상권,3111030,방이역 2번,665,419,246,1,57,107,147,217,136,0,28,68,94,128,101,1,29,39,53,89,35
20242,D,발달상권,3120227,잠실역,45462,24220,21242,163,8142,11830,12761,11282,1284,51,3785,7436,7437,4549,962,112,4357,4394,5324,6733,322
20242,A,골목상권,3111085,묘곡초등학교(고덕아이파크아파트),800,452,348,0,68,111,152,196,273,0,35,72,80,84,181,0,33,39,72,112,92
20242,A,골목상권,3111068,강동성심병원,1570,605,965,0,532,392,271,203,172,0,126,134,114,101,130,0,406,258,157,102,42
20242,D,발달상권,3120245,둔촌역,1884,1135,749,7,312,460,446,371,288,6,169,309,271,195,185,1,143,151,175,176,103
20242,A,골목상권,3111086,한영중고,297,202,95,1,27,45,73,101,50,1,17,22,52,69,41,0,10,23,21,32,9
20242,A,골목상권,3111050,강동구청(강동구청역 2번),131,96,35,0,21,14,21,32,43,0,12,5,12,27,40,0,9,9,9,5,3
20242,R,전통시장,3130323,둔촌역전통시장,171,86,85,0,3,14,23,36,95,0,2,6,8,14,56,0,1,8,15,22,39
20242,A,골목상권,3111061,암사역 1번,831,551,280,0,149,186,182,170,144,0,82,128,126,125,90,0,67,58,56,45,54
20242,A,골목상권,3111056,천호태영아파트,191,53,138,0,27,35,64,36,29,0,4,5,19,15,10,0,23,30,45,21,19
20242,A,골목상권,3110002,독립문역 1번,475,121,354,1,146,140,118,44,26,1,25,25,41,14,15,0,121,115,77,30,11
20242,D,발달상권,3120017,동묘앞역(동묘),724,205,519,0,78,151,278,136,81,0,13,47,55,37,53,0,65,104,223,99,28
20241,A,골목상권,3110146,신자초등학교,742,537,205,0,50,81,212,276,123,0,25,45,160,209,98,0,25,36,52,67,25
20242,A,골목상권,3110023,서울대병원,92,33,59,0,9,24,23,20,16,0,3,7,10,5,8,0,6,17,13,15,8
20242,D,발달상권,3120009,종로3가역,8495,4786,3709,19,1355,2296,2026,1582,1217,8,563,1230,1198,953,834,11,792,1066,828,629,383
20242,D,발달상권,3120011,종로4가,2984,1666,1318,5,420,1022,880,515,142,0,165,497,518,378,108,5,255,525,362,137,34
20242,R,전통시장,3130004,낙원시장(낙원지하시장(대일상가)),364,258,106,0,29,70,99,78,88,0,14,51,68,57,68,0,15,19,31,21,20
20242,A,골목상권,3110031,창신역 1번,72,57,15,0,11,17,12,21,11,0,8,11,11,17,10,0,3,6,1,4,1
20242,A,골목상권,3110015,청와대사랑채,578,345,233,0,64,147,166,126,75,0,16,63,110,91,65,0,48,84,56,35,10
20242,A,골목상권,3110001,이북5도청사,1048,625,423,4,130,286,237,257,134,0,48,170,160,167,80,4,82,116,77,90,54
20242,A,골목상권,3110021,성균관대학교,395,301,94,2,16,44,110,145,78,2,7,29,89,124,50,0,9,15,21,21,28
20242,A,골목상권,3110286,한성대입구역 5번,986,472,514,17,187,285,318,122,57,8,70,127,144,83,40,9,117,158,174,39,17
20242,D,발달상권,3120032,충무로역,10818,5021,5797,35,1541,2434,3139,2621,1048,15,532,1200,1480,1142,652,20,1009,1234,1659,1479,396
20242,R,전통시장,3130036,중부시장(신중부시장),3089,921,2168,8,1868,593,250,198,172,3,316,189,171,120,122,5,1552,404,79,78,50
20242,A,골목상권,3110056,신당역 3번,514,293,221,0,62,129,118,115,90,0,31,63,69,72,58,0,31,66,49,43,32
20242,D,발달상권,3120039,신당역,2348,1249,1099,31,795,488,410,342,282,11,348,245,228,226,191,20,447,243,182,116,91
20242,D,발달상권,3120030,중부경찰서(영화인의거리),11882,6796,5086,53,2154,3638,3422,1957,658,16,721,2139,2091,1366,463,37,1433,1499,1331,591,195
20242,R,전통시장,3130047,테크노상가(엘리시움),158,110,48,0,10,26,33,60,29,0,5,20,20,41,24,0,5,6,13,19,5
20242,R,전통시장,3130048,동평화시장,20,11,9,0,7,8,1,4,0,0,3,4,1,3,0,0,4,4,0,1,0
20242,A,골목상권,3110093,우사단길,2647,1632,1015,2,331,1035,757,359,163,1,106,546,562,321,96,1,225,489,195,38,67
20242,D,발달상권,3120040,용산전자상가(용산역),8008,5959,2049,43,1387,2728,2220,1237,393,30,880,2009,1728,997,315,13,507,719,492,240,78
20242,A,골목상권,3110078,이촌동점보아파트,69,29,40,0,12,15,17,13,12,0,3,8,7,5,6,0,9,7,10,8,6
20242,A,골목상권,3110071,한강미주맨션아파트,315,191,124,0,42,85,69,57,62,0,21,46,40,42,42,0,21,39,29,15,20
20242,D,발달상권,3120046,이태원(이태원역),2285,1299,986,24,818,684,339,224,196,15,389,422,205,137,131,9,429,262,134,87,65
20242,A,골목상권,3110086,이태원역 북측,9244,3609,5635,12,3187,3891,1654,428,72,3,733,1558,905,355,55,9,2454,2333,749,73,17
20242,A,골목상권,3110062,한강로동땡땡거리(은행나무길),1506,884,622,9,319,423,319,208,228,6,142,225,216,138,157,3,177,198,103,70,71
20242,A,골목상권,3110076,삼각지역 14번,537,175,362,0,46,143,158,153,37,0,11,49,61,45,9,0,35,94,97,108,28
20242,A,골목상권,3110102,옥수역 6번,175,116,59,0,22,39,48,41,25,0,11,21,31,31,22,0,11,18,17,10,3
20242,R,전통시장,3130072,성동용답상가시장,132,71,61,0,21,19,35,39,18,0,9,9,16,26,11,0,12,10,19,13,7
20242,A,골목상권,3110112,행당역 2번,207,101,106,0,37,37,38,53,42,0,14,19,16,26,26,0,23,18,22,27,16
20242,D,발달상권,3120060,강변역(테크노마트),3189,2348,841,12,402,686,870,703,516,2,209,509,686,549,393,10,193,177,184,154,123
20242,A,골목상권,3110156,군자역 5번,621,363,258,0,96,181,173,112,59,0,41,114,101,67,40,0,55,67,72,45,19
20242,A,골목상권,3110155,광진구청,8356,7701,655,0,240,853,2408,4046,809,0,172,765,2256,3748,760,0,68,88,152,298,49
20242,A,골목상권,3110151,자양한강도서관,249,175,74,4,35,52,63,66,29,3,24,37,49,41,21,1,11,15,14,25,8
20242,A,골목상권,3110146,신자초등학교,742,537,205,0,50,81,212,276,123,0,25,45,160,209,98,0,25,36,52,67,25
20242,R,전통시장,3130076,능동로골목시장,93,70,23,0,2,11,16,17,47,0,1,4,14,11,40,0,1,7,2,6,7
20242,A,골목상권,3110165,국립정신건강센터,243,175,68,0,12,32,69,76,54,0,7,23,42,59,44,0,5,9,27,17,10
20242,R,전통시장,3130079,한아름시장,40,29,11,0,5,6,6,10,13,0,4,4,5,6,10,0,1,2,1,4,3
20242,A,골목상권,3110217,자동차부품상가,506,391,115,1,34,105,144,124,98,1,25,88,116,84,77,0,9,17,28,40,21
20242,R,전통시장,3130101,답십리현대시장,8,5,3,0,0,1,3,2,2,0,0,1,1,2,1,0,0,0,2,0,1
20242,A,골목상권,3110225,촬영소사거리,330,204,126,0,22,36,68,83,121,0,9,25,42,55,73,0,13,11,26,28,48
20242,A,골목상권,3110218,답십리사거리,158,83,75,0,14,25,45,60,14,0,5,12,22,33,11,0,9,13,23,27,3
20242,A,골목상권,3110184,용두사거리,398,205,193,0,77,135,72,64,50,0,37,51,33,45,39,0,40,84,39,19,11
20242,A,골목상권,3110186,종암초등학교,114,86,28,0,9,21,16,34,34,0,3,18,10,26,29,0,6,3,6,8,5
20242,A,골목상권,3110230,장안현대홈타운1차아파트,161,101,60,0,15,32,52,45,17,0,6,22,33,28,12,0,9,10,19,17,5
20242,A,골목상권,3110228,장안근린공원,1992,1184,808,40,1381,313,92,101,65,24,788,223,60,54,35,16,593,90,32,47,30
20242,A,골목상권,3110211,전곡마을마당공원,626,445,181,1,66,101,170,194,94,0,45,73,129,143,55,1,21,28,41,51,39
20242,R,전통시장,3130099,전농로터리시장,7,3,4,0,1,0,2,3,1,0,0,0,1,1,1,0,1,0,1,2,0
20242,R,전통시장,3130091,청량종합도매시장,36,27,9,0,1,3,11,14,7,0,0,3,8,10,6,0,1,0,3,4,1
20242,A,골목상권,3110190,고대앞사거리,195,92,103,0,22,34,34,45,60,0,4,18,22,19,29,0,18,16,12,26,31
20242,A,골목상권,3110243,중랑노인종합복지관,298,114,184,1,30,49,74,104,40,0,5,21,37,31,20,1,25,28,37,73,20
20242,A,골목상권,3110256,면목2동체육관,477,321,156,2,56,66,82,140,131,1,21,35,45,109,110,1,35,31,37,31,21
20242,A,골목상권,3110258,면동초등학교,260,99,161,0,32,49,79,66,34,0,1,20,28,34,16,0,31,29,51,32,18
20242,A,골목상권,3110269,용마문화복지센터,169,98,71,0,19,53,52,28,17,0,13,32,30,19,4,0,6,21,22,9,13
20242,A,골목상권,3110261,사가정역 4번,167,90,77,1,16,29,49,50,22,1,8,15,25,26,15,0,8,14,24,24,7
20242,A,골목상권,3110263,면목역 1번,130,71,59,0,13,27,35,24,31,0,7,12,12,14,26,0,6,15,23,10,5
20242,A,골목상권,3110236,신묵초등학교,1015,836,179,0,185,302,228,255,45,0,135,246,194,228,33,0,50,56,34,27,12
20242,R,전통시장,3130113,신아타운,148,27,121,1,31,31,28,39,18,1,4,9,3,4,6,0,27,22,25,35,12
20242,A,골목상권,3110251,장안중학교,147,104,43,0,8,34,46,39,20,0,3,23,34,27,17,0,5,11,12,12,3
20242,A,골목상권,3110233,중랑역 1번,142,46,96,1,23,27,50,35,6,1,6,7,16,11,5,0,17,20,34,24,1
20242,D,발달상권,3120073,미아사거리,353,135,218,3,40,67,95,95,53,2,16,29,45,23,20,1,24,38,50,72,33
20242,A,골목상권,3110303,성신여대입구역 1번,139,98,41,1,7,35,44,27,25,0,2,22,28,25,21,1,5,13,16,2,4
20242,A,골목상권,3110336,석관고등학교,94,84,10,0,3,17,16,37,21,0,3,15,13,34,19,0,0,2,3,3,2
20242,A,골목상권,3110313,안암역 3번,2069,1344,725,2,208,552,670,474,163,0,95,310,444,355,140,2,113,242,226,119,23
20242,D,발달상권,3120074,안암역,59,28,31,1,12,16,12,8,10,0,5,9,7,2,5,1,7,7,5,6,5
20242,D,발달상권,3120075,월곡역,369,213,156,1,40,86,97,67,78,0,17,48,54,44,50,1,23,38,43,23,28
20242,A,골목상권,3110322,장위1동주민센터,319,224,95,1,33,37,59,95,94,0,25,31,44,66,58,1,8,6,15,29,36
20242,R,전통시장,3130123,꿈의숲 장곡 골목형상점가,6,5,1,0,1,0,1,4,0,0,1,0,1,3,0,0,0,0,0,1,0
20242,A,골목상권,3110292,정릉역 2번,33,14,19,0,1,5,16,6,5,0,1,3,5,3,2,0,0,2,11,3,3
20242,A,골목상권,3110282,국민대학교앞,980,789,191,13,185,388,206,75,113,12,134,349,179,57,58,1,51,39,27,18,55
20242,A,골목상권,3110320,KB국민은행 종암동지점,79,51,28,0,2,11,27,24,15,0,1,5,15,17,13,0,1,6,12,7,2
20242,A,골목상권,3110319,종암동주민센터,454,111,343,1,46,51,89,146,121,0,8,19,24,32,28,1,38,32,65,114,93
20242,A,골목상권,3110311,종암아이파크2차후문,18,9,9,0,0,2,8,3,5,0,0,1,3,1,4,0,0,1,5,2,1
20242,A,골목상권,3110365,미아역 5번,341,83,258,0,17,21,44,63,196,0,5,12,15,17,34,0,12,9,29,46,162
20242,A,골목상권,3110379,KT&G 북부지사,12,3,9,1,1,1,3,3,3,0,0,0,1,1,1,1,1,1,2,2,2
20242,R,전통시장,3130143,방천골목시장,65,36,29,0,11,7,19,24,4,0,6,5,9,13,3,0,5,2,10,11,1
20242,R,전통시장,3130137,"수유전통시장(수유시장, 수유골목시장)",86,29,57,0,5,10,18,25,28,0,0,3,8,7,11,0,5,7,10,18,17
20242,R,전통시장,3130136,수유재래시장,32,13,19,0,6,5,8,6,7,0,2,1,0,3,7,0,4,4,8,3,0
20242,R,전통시장,3130135,수유중앙골목시장(수유중앙시장),24,12,12,0,0,3,4,5,12,0,0,2,2,0,8,0,0,1,2,5,4
20242,R,전통시장,3130139,강북종합전통시장(강북종합골목시장),166,114,52,0,16,45,61,28,16,0,11,33,42,19,9,0,5,12,19,9,7
20242,A,골목상권,3110341,북한산우이역 2번,496,411,85,0,15,25,80,258,118,0,4,10,52,237,108,0,11,15,28,21,10
20242,A,골목상권,3110348,강북문화예술회관,343,174,169,0,27,59,108,96,53,0,4,31,63,43,33,0,23,28,45,53,20
20242,A,골목상권,3110397,도봉산입구,469,257,212,0,31,56,101,131,150,0,6,34,39,73,105,0,25,22,62,58,45
20242,A,골목상권,3110385,효문고등학교,37,22,15,0,3,9,12,4,9,0,2,5,3,4,8,0,1,4,9,0,1
20242,R,전통시장,3130145,쌍문역둘리상점가,244,202,42,0,39,44,77,62,22,0,28,35,65,56,18,0,11,9,12,6,4
20242,R,전통시장,3130149,창동신창시장,116,51,65,0,5,24,35,31,21,0,2,10,17,10,12,0,3,14,18,21,9
20242,A,골목상권,3110442,화랑대철도공원,76,20,56,0,1,4,14,49,8,0,0,2,4,10,4,0,1,2,10,39,4
20242,A,골목상권,3110424,상계초등학교,388,157,231,2,42,50,96,106,92,2,18,32,32,42,31,0,24,18,64,64,61
20242,A,골목상권,3110440,상계3동4동주민센터,49,16,33,0,8,6,15,10,10,0,1,1,4,2,8,0,7,5,11,8,2
20242,D,발달상권,3120080,마들역,180,46,134,0,30,45,46,36,23,0,2,7,9,13,15,0,28,38,37,23,8
20242,A,골목상권,3110421,석계역 1번,249,109,140,0,22,37,78,65,47,0,8,16,31,26,28,0,14,21,47,39,19
20242,D,발달상권,3120088,구산역,799,279,520,2,86,117,175,272,147,2,30,65,68,59,55,0,56,52,107,213,92
20242,A,골목상권,3110486,은평구청,491,279,212,0,81,100,108,134,68,0,54,70,53,61,41,0,27,30,55,73,27
20242,R,전통시장,3130169,대조시장,67,31,36,0,5,11,21,23,7,0,1,3,11,11,5,0,4,8,10,12,2
20242,A,골목상권,3110443,수색역 1번,20,12,8,0,1,2,7,6,4,0,0,2,2,4,4,0,1,0,5,2,0
20242,A,골목상권,3110455,역촌노인복지관,690,369,321,2,73,120,187,203,105,0,37,64,89,109,70,2,36,56,98,94,35
20242,A,골목상권,3110466,구산역 2번,87,46,41,0,12,17,26,24,8,0,4,5,16,15,6,0,8,12,10,9,2
20242,R,전통시장,3130163,응암오거리상점가,182,49,133,0,24,28,44,50,36,0,4,8,11,12,14,0,20,20,33,38,22
20242,A,골목상권,3110497,가좌역 3번,325,253,72,0,17,43,89,123,53,0,3,17,75,115,43,0,14,26,14,8,10
20242,R,전통시장,3130175,신촌 상인회(신촌상점가),13,5,8,0,1,3,5,4,0,0,1,0,1,3,0,0,0,3,4,1,0
20242,A,골목상권,3110508,서연중학교,947,425,522,9,139,241,158,245,155,3,62,148,74,76,62,6,77,93,84,169,93
20242,A,골목상권,3110534,경기대학교,157,88,69,0,10,29,28,42,48,0,7,20,14,19,28,0,3,9,14,23,20
20242,A,골목상권,3110525,홍은종합사회복지관,61,17,44,0,10,12,15,10,14,0,1,3,0,4,9,0,9,9,15,6,5
20242,R,전통시장,3130177,인왕시장(홍제골목형상점가),44,7,37,0,1,1,8,7,27,0,0,0,1,3,3,0,1,1,7,4,24
20242,A,골목상권,3110589,애오개역 3번,46,13,33,0,3,3,15,11,14,0,0,1,4,6,2,0,3,2,11,5,12
20242,A,골목상권,3110574,서강대학교,173,123,50,0,35,41,49,38,10,0,17,30,41,30,5,0,18,11,8,8,5
20242,D,발달상권,3120103,홍대입구역(홍대),9580,5991,3589,87,2167,2434,2066,1613,1213,61,1145,1486,1404,988,907,26,1022,948,662,625,306
20242,A,골목상권,3110566,경의선책거리,1690,934,756,2,359,547,406,290,86,1,137,328,252,157,59,1,222,219,154,133,27
20242,A,골목상권,3110624,목동문화체육센터,379,232,147,0,93,117,75,63,31,0,40,79,46,48,19,0,53,38,29,15,12
20242,R,전통시장,3130210,목2동시장,432,251,181,1,66,124,122,71,48,1,40,69,70,39,32,0,26,55,52,32,16
20242,R,전통시장,3130208,목동깨비시장(목3동시장),148,67,81,0,13,20,55,37,23,0,7,6,18,19,17,0,6,14,37,18,6
20242,R,전통시장,3130201,월정로시장,27,17,10,0,2,8,10,7,0,0,0,7,6,4,0,0,2,1,4,3,0
20242,A,골목상권,3110606,신한은행 신월동지점,544,307,237,1,49,83,152,152,107,1,26,44,84,72,80,0,23,39,68,80,27
20242,A,골목상권,3110604,신월4동주민센터,635,526,109,0,13,50,120,232,220,0,6,29,87,191,213,0,7,21,33,41,7
20242,A,골목상권,3110594,신월중학교,357,182,175,0,35,116,89,85,32,0,10,41,50,52,29,0,25,75,39,33,3
20242,A,골목상권,3110615,신서초등학교,87,63,24,0,20,21,27,13,6,0,14,18,18,8,5,0,6,3,9,5,1
20242,A,골목상권,3110627,신정롯데캐슬아파트,548,318,230,24,129,136,102,93,64,13,69,81,62,49,44,11,60,55,40,44,20
20242,R,전통시장,3130211,신정2동 골목시장(오목교중앙시장),15,10,5,0,1,1,5,7,1,0,1,1,3,4,1,0,0,0,2,3,0
20242,R,전통시장,3130214,송화벽화시장(송화골목시장),119,44,75,2,23,18,25,33,18,0,6,7,9,13,9,2,17,11,16,20,9
20242,A,골목상권,3110679,염창역 2번,574,404,170,3,89,206,152,80,44,2,49,148,111,58,36,1,40,58,41,22,8
20242,A,골목상권,3110678,염창무학아파트,285,214,71,1,34,65,92,60,33,1,17,53,72,47,24,0,17,12,20,13,9
20242,A,골목상권,3110653,화곡역 2번,917,494,423,1,191,273,240,171,41,0,79,137,119,135,24,1,112,136,121,36,17
20242,A,골목상권,3110650,우장산힐스테이트,143,116,27,0,23,30,51,20,19,0,15,25,42,17,17,0,8,5,9,3,2
20242,D,발달상권,3120126,디지털단지오거리,135,86,49,0,11,30,48,26,20,0,2,16,38,15,15,0,9,14,10,11,5
20242,A,골목상권,3110700,고척초등학교,3249,2648,601,3,209,680,974,1176,207,2,119,533,803,1021,170,1,90,147,171,155,37
20242,D,발달상권,3120124,개봉동 현대아파트,461,205,256,0,63,89,119,82,108,0,18,26,49,43,69,0,45,63,70,39,39
20242,A,골목상권,3110726,금천철쭉어린이공원(금하마을),222,172,50,0,19,25,41,62,75,0,17,16,22,45,72,0,2,9,19,17,3
20242,A,골목상권,3110727,독산역 1번 출입구,659,514,145,4,72,152,169,191,71,4,48,118,128,165,51,0,24,34,41,26,20
20242,R,전통시장,3130233,남문시장,76,47,29,0,5,8,18,22,23,0,2,3,9,12,21,0,3,5,9,10,2
20242,A,골목상권,3110739,시흥3동 우편취급국,99,77,22,0,4,22,30,27,16,0,1,16,26,21,13,0,3,6,4,6,3
20242,A,골목상권,3110750,시흥4동주민센터(서울신흥초등학교),397,221,176,4,78,83,80,104,48,4,47,62,43,33,32,0,31,21,37,71,16
20242,D,발달상권,3120142,대림역,1551,846,705,2,234,279,348,384,304,0,69,143,190,230,214,2,165,136,158,154,90
20242,A,골목상권,3110775,대동초등학교,59,28,31,0,4,13,20,14,8,0,1,6,6,9,6,0,3,7,14,5,2
20242,A,골목상권,3110772,신우어린이공원,94,55,39,0,9,15,22,26,22,0,5,8,12,19,11,0,4,7,10,7,11
20242,A,골목상권,3110785,영등포푸르지오아파트,161,84,77,2,13,17,39,44,46,2,8,12,24,14,24,0,5,5,15,30,22
20242,A,골목상권,3110792,영등포역 2번,3343,1737,1606,28,554,856,830,851,224,11,223,385,459,526,133,17,331,471,371,325,91
20242,R,전통시장,3130253,영신상가(제일상가),9,7,2,0,2,3,0,2,2,0,2,3,0,1,1,0,0,0,0,1,1
20242,R,전통시장,3130249,동남상가,10,8,2,0,2,0,0,4,4,0,1,0,0,4,3,0,1,0,0,0,1
20242,A,골목상권,3110800,영등포동성당,227,153,74,0,26,34,61,66,40,0,13,22,37,46,35,0,13,12,24,20,5
20242,A,골목상권,3110782,영등포시장역 4번,127,87,40,1,13,24,48,27,14,1,5,16,36,17,12,0,8,8,12,10,2
20242,D,발달상권,3120152,신대방삼거리역,578,278,300,1,66,127,150,148,86,1,22,63,80,70,42,0,44,64,70,78,44
20242,A,골목상권,3110820,성남고등학교,3101,2470,631,1,651,742,555,991,161,0,438,581,448,879,124,1,213,161,107,112,37
20242,A,골목상권,3110843,사당5동주민센터,181,135,46,1,22,25,55,52,26,0,16,17,34,44,24,1,6,8,21,8,2
20242,A,골목상권,3110837,숭실대입구역 1번,360,184,176,1,39,72,80,79,89,0,19,29,39,32,65,1,20,43,41,47,24
20242,A,골목상권,3110833,상도역 2번,255,163,92,2,20,61,74,74,24,0,17,49,47,34,16,2,3,12,27,40,8
20242,D,발달상권,3120154,장승배기역,497,214,283,1,64,124,128,111,69,0,19,58,68,39,30,1,45,66,60,72,39
20242,D,발달상권,3120159,서울대입구역,1430,763,667,12,289,320,321,238,250,6,116,164,174,133,170,6,173,156,147,105,80
20242,R,전통시장,3130281,우림시장,1,0,1,0,0,0,1,0,0,0,0,0,0,0,0,0,0,0,1,0,0
20242,A,골목상권,3110867,국제신학대학원대학교(남서울중학교),202,117,85,0,8,34,39,53,68,0,2,15,21,32,47,0,6,19,18,21,21
20242,A,골목상권,3110875,보라매동주민센터(당곡고등학교),19,15,4,0,4,2,5,6,2,0,2,2,3,6,2,0,2,0,2,0,0
20242,A,골목상권,3110873,당곡중학교,348,167,181,0,70,79,87,76,36,0,29,39,39,37,23,0,41,40,48,39,13
20242,A,골목상권,3110885,영락고등학교,339,213,126,0,37,58,94,88,62,0,18,33,61,56,45,0,19,25,33,32,17
20242,R,전통시장,3130285,서원동상점가,615,316,299,4,28,56,85,160,282,1,17,38,45,60,155,3,11,18,40,100,127
20242,A,골목상권,3110891,구암초등학교,47,22,25,0,5,1,22,16,3,0,1,0,11,8,2,0,4,1,11,8,1
20242,R,전통시장,3130280,신림종합시장,22,17,5,0,0,1,2,7,12,0,0,0,0,5,12,0,0,1,2,2,0
20242,A,골목상권,3110864,신림우방아파트,236,161,75,0,31,48,53,60,44,0,21,31,37,43,29,0,10,17,16,17,15
20242,R,전통시장,3130295,인헌시장(원당종합시장),122,48,74,0,20,27,38,23,14,0,3,9,16,12,8,0,17,18,22,11,6
20242,A,골목상권,3110854,조원동주민센터,55,39,16,0,4,5,17,21,8,0,3,5,9,15,7,0,1,0,8,6,1
20242,A,골목상권,3110893,관악소방서(문영여고),353,303,50,0,39,110,66,113,25,0,29,96,57,99,22,0,10,14,9,14,3
20242,A,골목상권,3110890,봉천역 1번(관악초등학교),249,148,101,1,17,43,92,67,29,0,4,22,58,43,21,1,13,21,34,24,8
20242,R,전통시장,3130294,관악중부시장,102,40,62,1,5,10,22,39,25,0,2,3,7,16,12,1,3,7,15,23,13
20242,A,골목상권,3110945,본마을노인복지센터(서초구립내곡도서관),191,114,77,3,44,57,37,33,17,3,14,31,25,28,13,0,30,26,12,5,4
20242,A,골목상권,3110921,서울프랑스학교,506,312,194,7,63,70,115,134,117,2,30,43,80,86,71,5,33,27,35,48,46
20242,A,골목상권,3110913,방현초등학교(방배119안전센터),3293,2109,1184,7,571,1263,876,376,200,4,272,822,625,237,149,3,299,441,251,139,51
20242,A,골목상권,3110923,방배역 1번,210,153,57,0,34,56,55,41,24,0,21,38,42,34,18,0,13,18,13,7,6
20242,A,골목상권,3110910,내방역 5번,614,240,374,5,72,124,157,176,80,3,30,69,52,49,37,2,42,55,105,127,43
20242,A,골목상권,3110931,삼성전자서울R&D(서울우면초등학교),94,47,47,0,36,30,16,6,6,0,11,15,10,6,5,0,25,15,6,0,1
20242,A,골목상권,3110936,더케이호텔(양재리본타워2단지아파트),832,552,280,3,109,260,215,175,70,0,53,154,159,131,55,3,56,106,56,44,15
20242,A,골목상권,3110940,양재근린공원(양재2동주민센터),956,699,257,8,168,323,238,137,82,8,109,243,178,97,64,0,59,80,60,40,18
20242,D,발달상권,3120184,포이사거리(삼호물산),10139,7003,3136,20,1553,3044,2666,1705,1151,10,846,2068,2010,1212,857,10,707,976,656,493,294
20242,A,골목상권,3110981,국악고교사거리,361,216,145,2,57,77,110,81,34,0,27,36,72,56,25,2,30,41,38,25,9
20242,A,골목상권,3110950,논현역 7번,2981,1929,1052,1,829,1305,518,230,98,0,418,886,383,173,69,1,411,419,135,57,29
20242,R,전통시장,3130305,논현종합시장,85,43,42,0,21,14,14,19,17,0,7,7,6,14,9,0,14,7,8,5,8
20242,A,골목상권,3110968,강남구청역 2번,1023,596,427,7,327,204,133,121,231,4,177,117,81,68,149,3,150,87,52,53,82
20242,A,골목상권,3110957,언북중학교,1251,831,420,1,262,379,317,147,145,1,146,241,215,109,119,0,116,138,102,38,26
20242,D,발달상권,3120193,도산공원교차로,6384,3798,2586,15,1278,1918,1493,983,697,6,466,1071,1021,696,538,9,812,847,472,287,159
20242,D,발달상권,3120211,도성초등학교,984,516,468,7,180,282,189,161,165,3,68,120,112,117,96,4,112,162,77,44,69
20242,D,발달상권,3120210,선릉역,48780,26797,21983,117,11358,13636,11065,7952,4652,54,5356,8026,6479,4158,2724,63,6002,5610,4586,3794,1928
20242,D,발달상권,3120186,가로수길,6518,3580,2938,19,1316,2133,1570,895,585,5,447,1174,950,573,431,14,869,959,620,322,154
20242,D,발달상권,3120195,성수대교남단,5611,2685,2926,39,1393,2394,1102,426,257,15,487,1194,634,208,147,24,906,1200,468,218,110
20242,A,골목상권,3110972,강남세브란스병원미래의학연구센터,2628,1440,1188,17,539,669,692,581,130,4,240,428,438,258,72,13,299,241,254,323,58
20242,A,골목상권,3110997,대청초등학교,1724,959,765,4,230,291,391,383,425,2,111,162,200,210,274,2,119,129,191,173,151
20242,A,골목상권,3111046,마천역(마천초등학교),708,400,308,1,76,146,171,195,119,0,46,85,84,95,90,1,30,61,87,100,29
20242,A,골목상권,3111044,남천초등학교,557,264,293,1,95,146,167,113,35,0,35,71,76,56,26,1,60,75,91,57,9
20242,D,발달상권,3120226,석촌고분역,2344,1748,596,6,272,329,431,334,972,5,128,199,262,228,926,1,144,130,169,106,46
20242,A,골목상권,3111006,석촌고분역 1번,1112,721,391,0,127,292,337,203,153,0,56,169,242,135,119,0,71,123,95,68,34
20242,A,골목상권,3111016,송파역 2번,3803,1601,2202,15,1126,1104,801,601,156,8,407,533,427,165,61,7,719,571,374,436,95
20242,A,골목상권,3111038,보인중학교,416,270,146,0,26,66,113,123,88,0,11,38,85,88,48,0,15,28,28,35,40
20242,A,골목상권,3111035,오금공원(오주중학교),531,398,133,0,41,90,148,148,104,0,32,66,121,102,77,0,9,24,27,46,27
20242,A,골목상권,3111040,거여초등학교,346,137,209,0,26,86,124,77,33,0,9,27,48,30,23,0,17,59,76,47,10
20242,D,발달상권,3120242,강동구청역,4533,2940,1593,33,536,1064,1057,894,949,13,287,678,696,560,706,20,249,386,361,334,243
20242,A,골목상권,3111071,천동초등학교,76,52,24,0,4,15,21,25,11,0,4,6,18,16,8,0,0,9,3,9,3
20242,A,골목상권,3111073,둔촌동역 1번(한산중학교),973,578,395,1,134,224,250,206,158,1,58,122,160,124,113,0,76,102,90,82,45
20242,A,골목상권,3111080,굽은다리역 3번,434,235,199,0,44,77,100,110,103,0,12,52,63,58,50,0,32,25,37,52,53
20242,D,발달상권,3120248,명일역,859,331,528,4,114,141,223,203,174,2,41,59,84,68,77,2,73,82,139,135,97
20242,D,발달상권,3120249,고덕역,1359,916,443,3,172,305,337,317,225,1,75,198,249,221,172,2,97,107,88,96,53
20242,A,골목상권,3111055,선사초등학교,673,29,644,0,14,28,137,373,121,0,4,7,8,6,4,0,10,21,129,367,117
20242,A,골목상권,3111072,굽은다리역 1번(십자성마을),747,473,274,1,59,119,201,187,180,0,20,70,116,127,140,1,39,49,85,60,40
20242,A,골목상권,3111048,천호역 1번(천호문구완구거리),183,101,82,3,18,52,44,42,24,2,10,24,26,23,16,1,8,28,18,19,8
20242,A,골목상권,3111057,천호공원(해공체육문화센터),254,112,142,2,53,50,64,60,25,2,15,19,30,32,14,0,38,31,34,28,11
20242,A,골목상권,3111060,암사역 2번(서울강동초등학교),872,458,414,1,101,211,241,202,116,1,41,97,131,107,81,0,60,114,110,95,35
20242,R,전통시장,3130322,고분다리전통시장,7,4,3,0,0,0,2,4,1,0,0,0,1,2,1,0,0,0,1,2,0
20242,A,골목상권,3110007,사직공원(한국사회과학도서관),283,185,98,2,58,88,63,41,31,2,30,62,44,27,20,0,28,26,19,14,11
20242,D,발달상권,3120003,광화문역,43873,26821,17052,79,6380,12841,13071,8035,3467,12,2643,7543,8935,5616,2072,67,3737,5298,4136,2419,1395
20242,A,골목상권,3110035,동묘앞역 2번,276,161,115,2,18,43,75,88,50,0,5,18,42,65,31,2,13,25,33,23,19
20242,R,전통시장,3130021,신설종합시장,50,37,13,1,1,10,12,13,13,0,0,9,10,10,8,1,1,1,2,3,5
20242,D,발달상권,3120015,종로6가,302,153,149,0,49,64,69,65,55,0,17,23,27,42,44,0,32,41,42,23,11
20242,A,골목상권,3110026,종로5가역 4번,190,120,70,0,22,41,73,27,27,0,9,28,47,14,22,0,13,13,26,13,5
20242,A,골목상권,3110032,수족관거리,30,15,15,0,3,5,4,13,5,0,2,1,2,7,3,0,1,4,2,6,2
20242,A,골목상권,3110034,창신1동주민센터,41,35,6,0,2,1,14,13,11,0,2,1,10,11,11,0,0,0,4,2,0
20242,R,전통시장,3130015,창신골목시장,22,12,10,0,0,2,8,9,3,0,0,2,6,2,2,0,0,0,2,7,1
20242,A,골목상권,3110011,청운초등학교,263,188,75,0,21,105,79,43,15,0,21,95,44,16,12,0,0,10,35,27,3
20242,R,전통시장,3130032,인현시장,167,123,44,0,3,25,47,54,38,0,3,16,35,40,29,0,0,9,12,14,9
20242,D,발달상권,3120033,을지로4가역,867,437,430,7,127,212,194,201,126,1,44,107,99,89,97,6,83,105,95,112,29
20242,A,골목상권,3110046,버티고개,104,74,30,0,6,23,40,28,7,0,3,17,28,20,6,0,3,6,12,8,1
20242,A,골목상권,3110041,남산케이블카,967,435,532,2,118,152,175,254,266,2,51,69,83,87,143,0,67,83,92,167,123
20242,D,발달상권,3120028,명동(명동거리),12590,7582,5008,41,2103,3542,3628,2206,1070,16,1009,1955,2310,1615,677,25,1094,1587,1318,591,393
20242,D,발달상권,3120025,롯데백화점(시청광장 지하쇼핑센터),22643,6274,16369,229,12750,7002,1624,945,93,71,3075,2028,780,249,71,158,9675,4974,844,696,22
20242,D,발달상권,3120026,을지로입구역,30610,18501,12109,14,4275,11589,8473,5661,598,4,1729,5846,5959,4562,401,10,2546,5743,2514,1099,197
20242,R,전통시장,3130031,청계천공구상가,921,698,223,2,101,281,234,159,144,1,64,230,181,104,118,1,37,51,53,55,26
20241,A,골목상권,3110200,동대문경찰서,74,50,24,0,1,6,21,13,33,0,0,1,11,6,32,0,1,5,10,7,1
20242,A,골목상권,3110038,경향신문사,1096,759,337,0,195,395,283,181,42,0,63,266,227,165,38,0,132,129,56,16,4
20242,R,전통시장,3130327,"평화시장(남평화시장, 제일평화시장, 신평화패션타운)",169,107,62,1,8,31,43,42,44,1,1,19,30,27,29,0,7,12,13,15,15
20242,A,골목상권,3110050,약수역 7번,306,229,77,0,34,81,75,74,42,0,21,59,60,56,33,0,13,22,15,18,9
20242,R,전통시장,3130035,방산종합시장(방산시장),1190,736,454,1,96,200,284,312,297,0,56,117,154,191,218,1,40,83,130,121,79
20242,R,전통시장,3130033,대림상가(청계상가),169,121,48,0,7,29,54,39,40,0,3,19,35,30,34,0,4,10,19,9,6
20242,D,발달상권,3120036,장충동족발거리(남소영길),2289,1090,1199,14,616,783,556,223,97,0,122,393,365,155,55,14,494,390,191,68,42
20242,R,전통시장,3130034,필동 골목형상점가,14,7,7,0,2,4,5,2,1,0,1,2,2,2,0,0,1,2,3,0,1
20242,A,골목상권,3110039,회현역 1번,49,26,23,0,2,8,12,14,13,0,0,4,9,8,5,0,2,4,3,6,8
20242,A,골목상권,3110075,숙대입구역 1번,1630,736,894,9,270,506,417,289,139,5,69,188,182,181,111,4,201,318,235,108,28
20242,A,골목상권,3110083,서빙고역 1번,149,109,40,0,26,53,42,14,14,0,13,42,29,12,13,0,13,11,13,2,1
20242,A,골목상권,3110072,열정도,374,244,130,6,108,96,78,51,35,0,51,71,62,37,23,6,57,25,16,14,12
20242,A,골목상권,3110069,숙대입구,825,291,534,3,200,296,163,87,76,3,34,92,77,40,45,0,166,204,86,47,31
20242,A,골목상권,3110590,만리재,97,50,47,0,19,23,23,25,7,0,6,12,11,16,5,0,13,11,12,9,2
20242,A,골목상권,3110099,유엔빌리지길,12646,10311,2335,33,1746,2596,3298,4558,415,25,904,1899,2859,4264,360,8,842,697,439,294,55
20242,A,골목상권,3110098,서울독일학교,242,91,151,0,57,85,68,23,9,0,15,22,34,15,5,0,42,63,34,8,4
20242,A,골목상권,3110107,금호사거리,37,30,7,0,4,8,4,11,10,0,3,5,4,9,9,0,1,3,0,2,1
20242,A,골목상권,3110119,마장지하차도,127,89,38,0,17,26,32,26,26,0,12,22,19,18,18,0,5,4,13,8,8
20242,R,전통시장,3130068,마장축산물시장,975,630,345,1,102,202,250,248,172,1,68,127,155,165,114,0,34,75,95,83,58
20242,A,골목상권,3110124,뚝섬역교차로,1253,1006,247,7,170,155,222,312,387,6,94,111,169,268,358,1,76,44,53,44,29
20242,A,골목상권,3110134,성수119안전센터,771,587,184,4,65,108,185,252,157,4,38,78,143,200,124,0,27,30,42,52,33
20242,R,전통시장,3130071,성수역 골목형상점가,335,180,155,1,61,89,70,43,71,0,27,43,43,29,38,1,34,46,27,14,33
20242,A,골목상권,3110100,옥수동우편취급국,37,26,11,0,5,17,8,5,2,0,0,14,6,4,2,0,5,3,2,1,0
20242,R,전통시장,3130066,행당시장상점가,360,178,182,0,42,76,102,95,45,0,17,37,53,44,27,0,25,39,49,51,18
20242,A,골목상권,3110170,동대부여고,223,128,95,1,37,51,67,45,22,0,17,21,42,32,16,1,20,30,25,13,6
20242,A,골목상권,3110177,동의초등학교,112,81,31,0,6,25,28,32,21,0,3,14,19,26,19,0,3,11,9,6,2
20242,A,골목상권,3110173,구남초등학교,195,106,89,0,34,50,46,44,21,0,16,28,21,25,16,0,18,22,25,19,5
20242,A,골목상권,3110163,성자초등학교,284,143,141,0,39,46,67,77,55,0,14,27,32,31,39,0,25,19,35,46,16
20242,D,발달상권,3120053,건대입구역(건대),892,505,387,5,148,146,178,204,211,2,41,65,97,137,163,3,107,81,81,67,48
20242,A,골목상권,3110168,대원고등학교,524,374,150,0,64,95,121,160,84,0,36,69,87,110,72,0,28,26,34,50,12
20242,A,골목상권,3110227,답십리공원,229,93,136,0,16,30,77,84,22,0,13,16,27,23,14,0,3,14,50,61,8
20242,A,골목상권,3110188,용두동신동아아파트,807,607,200,8,104,178,229,191,97,2,68,150,181,132,74,6,36,28,48,59,23
20242,A,골목상권,3110196,홍릉근린공원,23,12,11,0,1,6,8,5,3,0,1,4,3,2,2,0,0,2,5,3,1
20242,A,골목상권,3110197,세종대왕기념관교차로,67,46,21,0,8,19,26,9,5,0,4,15,19,7,1,0,4,4,7,2,4
20242,A,골목상권,3110200,동대문경찰서,74,50,24,0,1,6,21,13,33,0,0,1,11,6,32,0,1,5,10,7,1
20242,A,골목상권,3110208,시조사삼거리,75,56,19,0,2,14,7,17,35,0,1,7,2,11,35,0,1,7,5,6,0
20242,A,골목상권,3110268,망우3동주민센터,60,30,30,0,10,13,10,18,9,0,1,5,7,10,7,0,9,8,3,8,2
20242,A,골목상권,3110237,메가박스 상봉,274,152,122,0,30,67,97,54,26,0,13,37,48,36,18,0,17,30,49,18,8
20242,D,발달상권,3120068,사가정역,145,45,100,3,38,31,25,22,26,0,1,5,12,12,15,3,37,26,13,10,11
20242,A,골목상권,3110248,먹골파출소,85,47,38,1,19,23,20,12,10,0,7,14,12,4,10,1,12,9,8,8,0
20242,R,전통시장,3130105,장미제일시장(중화동제일시장),63,27,36,0,8,14,22,11,8,0,3,6,14,3,1,0,5,8,8,8,7
20242,A,골목상권,3110245,KB국민은행 중화동지점,156,81,75,0,8,36,52,40,20,0,5,16,26,19,15,0,3,20,26,21,5
20242,R,전통시장,3130121,길음시장,88,19,69,0,36,24,10,8,10,0,2,5,3,2,7,0,34,19,7,6,3
20242,A,골목상권,3110310,길음역 10번,45,14,31,0,12,8,5,15,5,0,4,1,2,4,3,0,8,7,3,11,2
20242,A,골목상권,3110291,한성대입구역 3번,342,172,170,2,27,49,94,91,79,0,14,24,49,51,34,2,13,25,45,40,45
20242,R,전통시장,3130128,돌곶이시장(석관황금시장),191,157,34,0,30,36,41,72,12,0,28,26,29,62,12,0,2,10,12,10,0
20242,A,골목상권,3110330,돌곶이역 1번,220,172,48,0,12,18,33,31,126,0,4,12,20,23,113,0,8,6,13,8,13
20242,A,골목상권,3110287,정릉3동주민센터,70,50,20,0,9,12,18,19,12,0,5,8,15,12,10,0,4,4,3,7,2
20242,R,전통시장,3130117,정릉시장,121,63,58,0,4,15,34,43,25,0,2,8,20,19,14,0,2,7,14,24,11
20242,A,골목상권,3110317,종암중학교,411,206,205,0,33,120,153,85,20,0,14,47,78,58,9,0,19,73,75,27,11
20242,A,골목상권,3110364,미아역 8번,146,75,71,0,9,26,51,39,21,0,3,9,25,23,15,0,6,17,26,16,6
20242,A,골목상권,3110347,구세군강북종합사회복지관,38,17,21,0,10,7,5,9,7,0,1,5,1,5,5,0,9,2,4,4,2
20242,A,골목상권,3110374,송중초등학교,491,272,219,5,33,60,145,140,108,5,9,29,73,70,86,0,24,31,72,70,22
20242,A,골목상권,3110361,삼양사거리역 1번,101,29,72,0,9,12,19,28,33,0,2,4,3,7,13,0,7,8,16,21,20
20242,R,전통시장,3130138,수유프라자,142,24,118,1,31,24,16,42,28,0,1,4,5,4,10,1,30,20,11,38,18
20242,A,골목상권,3110353,수유동우체국,187,91,96,0,4,18,48,60,57,0,1,12,33,27,18,0,3,6,15,33,39
20242,A,골목상권,3110359,수유시장옆,126,72,54,0,12,26,34,40,14,0,3,12,17,32,8,0,9,14,17,8,6
20242,A,골목상권,3110367,강북구청,1943,976,967,5,195,512,483,522,226,4,64,205,237,340,126,1,131,307,246,182,100
20242,A,골목상권,3110366,광산사거리,91,64,27,0,17,20,17,22,15,0,13,13,11,16,11,0,4,7,6,6,4
20233,D,발달상권,3120089,구파발역,5,1,4,0,0,0,1,2,2,0,0,0,0,1,0,0,0,0,1,1,2
20233,R,전통시장,3130173,백련시장,5,3,2,0,0,1,0,2,2,0,0,1,0,0,2,0,0,0,0,2,0
20233,D,발달상권,3120096,"이화여대(이대역, 이대)",493,210,283,1,81,137,130,86,58,0,27,52,48,43,40,1,54,85,82,43,18
20233,A,골목상권,3110532,아현역 2번,328,204,124,0,52,33,46,78,119,0,17,13,22,57,95,0,35,20,24,21,24
20233,R,전통시장,3130178,이대 앞 스타트업 상점가,30,6,24,0,5,5,8,6,6,0,1,0,3,0,2,0,4,5,5,6,4
20233,A,골목상권,3110517,서대문소방서,884,634,250,8,197,216,203,177,83,5,99,170,163,146,51,3,98,46,40,31,32
20233,A,골목상권,3110512,연희지하차도,335,165,170,0,40,62,102,99,32,0,14,38,44,49,20,0,26,24,58,50,12
20233,A,골목상권,3110536,돈의문센트레빌아파트입구,141,105,36,0,12,23,61,32,13,0,7,17,50,21,10,0,5,6,11,11,3
20233,A,골목상권,3110534,경기대학교,157,88,69,0,10,29,28,42,48,0,7,20,14,19,28,0,3,9,14,23,20
20233,A,골목상권,3110516,정원여중,227,101,126,0,35,40,62,65,25,0,17,18,27,23,16,0,18,22,35,42,9
20233,A,골목상권,3110527,홍제역 2번,185,89,96,1,36,40,36,40,32,1,11,26,15,21,15,0,25,14,21,19,17
20233,A,골목상권,3110572,서강대역 1번,470,254,216,1,63,130,117,116,43,1,32,67,58,66,30,0,31,63,59,50,13
20233,A,골목상권,3110575,대흥동주민센터,208,157,51,2,25,48,36,49,48,2,11,35,25,41,43,0,14,13,11,8,5
20233,D,발달상권,3120100,망원역,846,397,449,4,199,227,191,137,88,2,52,99,101,94,49,2,147,128,90,43,39
20233,R,전통시장,3130185,망원월드컵시장,190,123,67,1,26,69,53,25,16,1,14,43,35,16,14,0,12,26,18,9,2
20233,A,골목상권,3110547,KB국민은행 망원동지점,284,168,116,0,13,47,93,76,55,0,4,25,55,45,39,0,9,22,38,31,16
20233,R,전통시장,3130183,상암동상점가,816,607,209,1,89,204,283,187,52,0,49,150,227,143,38,1,40,54,56,44,14
20233,A,골목상권,3110569,홍대땡땡거리,358,153,205,2,62,108,97,53,36,1,18,48,46,19,21,1,44,60,51,34,15
20233,A,골목상권,3110554,망원역 1번,1579,777,802,2,213,371,508,350,135,2,105,188,241,156,85,0,108,183,267,194,50
20233,A,골목상권,3110551,성서초등학교,803,387,416,1,110,164,235,172,121,1,42,90,114,81,59,0,68,74,121,91,62
20233,R,전통시장,3130198,아현시장,203,45,158,1,51,84,52,10,5,0,8,5,26,4,2,1,43,79,26,6,3
20233,A,골목상권,3110550,합정역 8번,1578,740,838,1,240,411,414,333,179,0,84,165,221,171,99,1,156,246,193,162,80
20233,A,골목상권,3110546,양화대교북단,732,436,296,3,189,254,157,76,53,3,81,126,120,62,44,0,108,128,37,14,9
20233,D,발달상권,3120114,목동신시가지,13498,9371,4127,46,2070,3798,3444,2895,1245,29,1126,2619,2554,2204,839,17,944,1179,890,691,406
20233,A,골목상권,3110619,목4동주민센터,311,203,108,1,51,87,89,64,19,1,16,52,58,57,19,0,35,35,31,7,0
20233,A,골목상권,3110607,금빛새마을금고본점,47,29,18,0,1,10,11,14,11,0,1,4,5,10,9,0,0,6,6,4,2
20233,A,골목상권,3110608,신월2동주민센터,875,454,421,1,51,116,229,273,205,1,23,69,117,127,117,0,28,47,112,146,88
20233,A,골목상권,3110647,화곡역 5번,899,461,438,2,117,230,224,230,96,1,44,138,111,116,51,1,73,92,113,114,45
20233,A,골목상권,3110594,신월중학교,357,182,175,0,35,116,89,85,32,0,10,41,50,52,29,0,25,75,39,33,3
20233,R,전통시장,3130205,신곡종합시장(신월6동 골목시장),141,103,38,1,17,36,39,32,16,0,10,27,33,18,15,1,7,9,6,14,1
20233,A,골목상권,3110611,신정역 1번,289,192,97,2,34,57,88,74,34,2,20,42,52,46,30,0,14,15,36,28,4
20233,A,골목상권,3110602,신월시영아파트중문,674,584,90,1,8,23,81,250,311,0,4,14,55,218,293,1,4,9,26,32,18
20233,A,골목상권,3110600,신월7동주민센터,350,263,87,0,32,30,66,101,121,0,17,14,38,79,115,0,15,16,28,22,6
20233,A,골목상권,3110610,계남근린공원,126,85,41,0,5,11,41,44,25,0,3,6,28,35,13,0,2,5,13,9,12
20233,A,골목상권,3110616,양목초등학교,161,103,58,0,3,23,19,40,76,0,2,18,14,32,37,0,1,5,5,8,39
20233,A,골목상권,3110635,공항시장역 3번,1451,391,1060,4,64,82,162,479,660,1,43,58,63,33,193,3,21,24,99,446,467
20233,D,발달상권,3120122,강서구청,2179,1231,948,4,314,461,494,447,459,2,103,228,271,262,365,2,211,233,223,185,94
20233,A,골목상권,3110638,신방화역 2번,372,202,170,3,53,75,88,87,66,3,22,40,44,43,50,0,31,35,44,44,16
20233,A,골목상권,3110650,우장산힐스테이트,143,116,27,0,23,30,51,20,19,0,15,25,42,17,17,0,8,5,9,3,2
20233,A,골목상권,3110702,개봉초등학교,131,93,38,1,15,18,33,34,30,1,10,13,23,24,22,0,5,5,10,10,8
20233,R,전통시장,3130227,고척골목시장상점가(그라운드 고척),33,14,19,0,4,6,10,8,5,0,0,1,5,5,3,0,4,5,5,3,2
20233,A,골목상권,3110699,덕의초등학교,136,79,57,0,14,22,29,43,28,0,7,14,13,24,21,0,7,8,16,19,7
20233,D,발달상권,3120129,구로디지털단지,48873,32033,16840,196,10422,16630,12386,5777,3462,127,5285,11083,8771,3995,2772,69,5137,5547,3615,1782,690
20233,A,골목상권,3110712,남구로역 5번,233,108,125,1,32,36,66,64,34,0,10,17,24,32,25,1,22,19,42,32,9
20233,A,골목상권,3110720,대림역 2번,228,87,141,0,27,50,65,49,37,0,11,14,18,17,27,0,16,36,47,32,10
20233,R,전통시장,3130231,독산동 우시장,611,476,135,2,31,74,126,196,182,0,16,55,97,145,163,2,15,19,29,51,19
20233,A,골목상권,3110745,독산동정훈단지,251,191,60,0,11,20,33,86,101,0,3,12,22,64,90,0,8,8,11,22,11
20233,D,발달상권,3120134,구로전화국,2014,1668,346,0,107,157,172,223,1355,0,44,75,96,153,1300,0,63,82,76,70,55
20233,A,골목상권,3110755,동일여자고등학교,193,51,142,0,10,24,45,70,44,0,3,8,17,11,12,0,7,16,28,59,32
20233,D,발달상권,3120143,당산역,2671,1987,684,9,326,516,558,517,745,2,194,394,403,386,608,7,132,122,155,131,137
20233,A,골목상권,3110778,구로디지털단지역 4번,1596,862,734,0,248,459,484,224,181,0,122,281,192,136,131,0,126,178,292,88,50
20233,A,골목상권,3110771,대림역 11번,955,604,351,0,22,38,128,210,557,0,21,30,73,131,349,0,1,8,55,79,208
20233,D,발달상권,3120139,대림3동사거리,3619,2404,1215,14,423,867,992,727,596,5,220,632,783,462,302,9,203,235,209,265,294
20233,A,골목상권,3110768,도림2동유수지내체육시설,294,155,139,0,20,43,63,73,95,0,7,22,32,41,53,0,13,21,31,32,42
20233,A,골목상권,3110759,문래예술촌(문래창작촌),4221,2168,2053,9,521,838,1001,1281,571,5,266,553,595,462,287,4,255,285,406,819,284
20233,D,발달상권,3120152,신대방삼거리역,578,278,300,1,66,127,150,148,86,1,22,63,80,70,42,0,44,64,70,78,44
20233,A,골목상권,3110818,신대방역 3번,20,9,11,0,1,3,7,7,2,0,1,3,2,1,2,0,0,0,5,6,0
20233,A,골목상권,3110856,미성초등학교,538,295,243,3,58,85,170,150,72,1,28,44,99,71,52,2,30,41,71,79,20
20233,A,골목상권,3110874,원신초등학교(구세군관악영문교회),46,15,31,1,4,19,7,12,3,1,1,3,3,6,1,0,3,16,4,6,2
20233,A,골목상권,3110879,신림현대아파트,17,7,10,0,2,3,5,5,2,0,1,2,2,2,0,0,1,1,3,3,2
20233,A,골목상권,3110885,영락고등학교,339,213,126,0,37,58,94,88,62,0,18,33,61,56,45,0,19,25,33,32,17
20233,D,발달상권,3120157,신림역(신림),637,257,380,1,96,116,146,139,139,0,19,40,82,49,67,1,77,76,64,90,72
20233,A,골목상권,3110858,신대방역 1번,66,33,33,0,5,9,17,7,28,0,0,1,6,2,24,0,5,8,11,5,4
20233,A,골목상권,3110872,신림초등학교,279,196,83,3,54,68,69,54,31,3,36,54,54,42,7,0,18,14,15,12,24
20233,A,골목상권,3110855,신대방역 2번,429,275,154,2,53,111,126,90,47,0,22,81,83,55,34,2,31,30,43,35,13
20233,R,전통시장,3130276,신림중앙시장(조원동 펭귄시장),39,27,12,0,1,2,13,11,12,0,0,2,7,9,9,0,1,0,6,2,3
20233,A,골목상권,3110947,청계산입구역 2번(내곡동주민센터),112,45,67,0,18,17,27,18,32,0,8,9,14,7,7,0,10,8,13,11,25
20233,D,발달상권,3120177,신논현역 1번,694,436,258,1,84,187,202,143,77,0,34,111,130,106,55,1,50,76,72,37,22
20233,D,발달상권,3120187,신논현역,13076,7778,5298,64,3624,3962,2984,1673,769,27,1516,2302,2121,1247,565,37,2108,1660,863,426,204
20233,A,골목상권,3110913,방현초등학교(방배119안전센터),3293,2109,1184,7,571,1263,876,376,200,4,272,822,625,237,149,3,299,441,251,139,51
20233,A,골목상권,3110934,우면주공아파트,994,674,320,6,197,291,253,161,86,5,83,217,195,110,64,1,114,74,58,51,22
20233,A,골목상권,3110937,방아다리근린공원(횃불트리니티신학대학원대학교),2465,1270,1195,7,634,861,542,318,103,6,246,507,335,113,63,1,388,354,207,205,40
20233,D,발달상권,3120183,양재천카페거리,3558,2626,932,12,586,972,848,551,589,10,364,717,638,413,484,2,222,255,210,138,105
20233,D,발달상권,3120205,매봉역,13950,9370,4580,95,2838,4203,3126,1781,1907,44,1450,2959,2521,1302,1094,51,1388,1244,605,479,813
20233,D,발달상권,3120194,언주역(차병원),12628,8724,3904,37,2790,4202,2802,1923,874,14,1366,2863,2239,1588,654,23,1424,1339,563,335,220
20233,A,골목상권,3110955,논현초등학교,3430,2238,1192,19,719,823,793,625,451,13,417,568,554,389,297,6,302,255,239,236,154
20233,R,전통시장,3130303,영동전통시장,242,95,147,0,21,60,67,58,36,0,7,19,22,24,23,0,14,41,45,34,13
20233,D,발달상권,3120215,포스코사거리,61667,40706,20961,170,9756,22506,18178,8408,2649,29,4305,14324,13853,6409,1786,141,5451,8182,4325,1999,863
20233,A,골목상권,3110992,도곡초등학교,2179,1144,1035,3,269,440,484,524,459,1,108,253,258,260,264,2,161,187,226,264,195
20233,A,골목상권,3110991,삼성중앙역 5번,1246,794,452,1,111,415,339,275,105,1,28,243,229,216,77,0,83,172,110,59,28
20233,A,골목상권,3111000,대왕초등학교(세곡동사거리서남측),39,20,19,0,7,10,12,8,2,0,0,4,10,4,2,0,7,6,2,4,0
20233,A,골목상권,3110999,윗방죽마을공원,268,130,138,2,19,43,44,83,77,1,12,27,27,39,24,1,7,16,17,44,53
20233,R,전통시장,3130302,강남시장(강남구 강남시장),58,33,25,0,13,15,14,8,8,0,7,10,9,2,5,0,6,5,5,6,3
20233,A,골목상권,3110963,역삼월드메르디앙아파트,779,545,234,1,126,183,226,154,89,0,79,144,171,97,54,1,47,39,55,57,35
20233,A,골목상권,3110972,강남세브란스병원미래의학연구센터,2628,1440,1188,17,539,669,692,581,130,4,240,428,438,258,72,13,299,241,254,323,58
20233,A,골목상권,3110969,베르사이유1아파트,1546,1230,316,4,231,442,483,285,101,2,165,345,402,239,77,2,66,97,81,46,24
20233,R,전통시장,3130307,도곡시장,17,9,8,0,0,3,4,7,3,0,0,2,1,4,2,0,0,1,3,3,1
20233,A,골목상권,3110990,청담역 12번,262,109,153,2,61,92,56,36,15,0,12,32,29,23,13,2,49,60,27,13,2
20233,A,골목상권,3110985,청담근린공원,1338,948,390,0,193,447,374,226,98,0,98,346,275,157,72,0,95,101,99,69,26
20233,R,전통시장,3130308,청담삼익시장,48,30,18,0,5,11,13,7,12,0,3,6,8,4,9,0,2,5,5,3,3
20233,D,발달상권,3120231,가락시장,5698,4083,1615,0,368,1051,1564,1654,1061,0,264,836,1185,1098,700,0,104,215,379,556,361
20233,D,발달상권,3120240,개롱역,1609,1102,507,7,212,314,404,431,241,5,125,230,269,295,178,2,87,84,135,136,63
20233,A,골목상권,3111021,방이역 4번,7683,5874,1809,22,793,1329,1979,2137,1423,15,391,912,1552,1769,1235,7,402,417,427,368,188
20233,A,골목상권,3111008,석촌고분역 3번,1551,1177,374,1,182,286,280,382,420,1,148,237,208,248,335,0,34,49,72,134,85
20233,A,골목상권,3111015,석촌역 3번,1352,778,574,1,151,315,350,351,184,1,72,199,216,181,109,0,79,116,134,170,75
20233,A,골목상권,3111016,송파역 2번,3803,1601,2202,15,1126,1104,801,601,156,8,407,533,427,165,61,7,719,571,374,436,95
20233,A,골목상권,3111038,보인중학교,416,270,146,0,26,66,113,123,88,0,11,38,85,88,48,0,15,28,28,35,40
20233,A,골목상권,3111011,잠실나루역,9608,7747,1861,42,1275,3018,2795,2046,432,18,924,2492,2309,1674,330,24,351,526,486,372,102
20233,A,골목상권,3111003,삼전역 4번,1996,1337,659,6,249,412,549,437,343,1,160,278,332,308,258,5,89,134,217,129,85
20233,R,전통시장,3130311,새마을시장,377,246,131,1,60,78,104,75,59,0,28,48,80,55,35,1,32,30,24,20,24
20233,R,전통시장,3130326,고덕 골목형상점가,935,850,85,0,8,37,165,395,330,0,4,31,147,360,308,0,4,6,18,35,22
20233,A,골목상권,3111088,고덕동성당,123,54,69,0,15,32,32,31,13,0,4,15,10,15,10,0,11,17,22,16,3
20233,A,골목상권,3111071,천동초등학교,76,52,24,0,4,15,21,25,11,0,4,6,18,16,8,0,0,9,3,9,3
20233,A,골목상권,3111079,둔촌고등학교(둔촌중학교),377,197,180,1,43,58,60,76,139,1,28,34,33,28,73,0,15,24,27,48,66
20233,A,골목상권,3111050,강동구청(강동구청역 2번),131,96,35,0,21,14,21,32,43,0,12,5,12,27,40,0,9,9,9,5,3
20233,D,발달상권,3120243,천호역,1395,637,758,6,189,265,331,296,308,2,64,109,143,126,193,4,125,156,188,170,115
20233,A,골목상권,3111062,둔촌동역 3번(성내3동주민센터),751,501,250,5,134,198,194,144,76,5,81,139,126,91,59,0,53,59,68,53,17
20233,A,골목상권,3111066,암사동성당(효정하나플러스아파트),417,255,162,3,46,103,101,113,51,0,14,53,66,91,31,3,32,50,35,22,20
20233,A,골목상권,3111052,암사역 3번(천호동자전거거리),357,228,129,1,26,71,117,94,48,1,11,47,76,58,35,0,15,24,41,36,13
20233,A,골목상권,3111069,천호1동주민센터,79,54,25,0,8,17,17,26,11,0,4,12,14,14,10,0,4,5,3,12,1
20233,A,골목상권,3111048,천호역 1번(천호문구완구거리),183,101,82,3,18,52,44,42,24,2,10,24,26,23,16,1,8,28,18,19,8
20233,A,골목상권,3110003,세검정초등학교,607,337,270,7,78,120,167,167,68,6,35,45,103,96,52,1,43,75,64,71,16
20233,R,전통시장,3130020,동묘시장(동묘벼룩시장),407,177,230,5,154,93,73,58,24,5,43,31,45,32,21,0,111,62,28,26,3
20233,R,전통시장,3130005,세운상가가동,133,93,40,0,7,34,35,21,36,0,5,23,28,8,29,0,2,11,7,13,7
20233,R,전통시장,3130243,도림시장,7,5,2,0,0,1,4,0,2,0,0,1,3,0,1,0,0,0,1,0,1
20233,D,발달상권,3120004,종로구청,12937,7078,5859,9,1442,4392,4485,2080,529,4,432,2050,2756,1493,343,5,1010,2342,1729,587,186
20233,R,전통시장,3130004,낙원시장(낙원지하시장(대일상가)),364,258,106,0,29,70,99,78,88,0,14,51,68,57,68,0,15,19,31,21,20
20233,R,전통시장,3130010,종로신진시장,200,113,87,0,20,29,55,48,48,0,14,17,24,26,32,0,6,12,31,22,16
20233,A,골목상권,3110032,수족관거리,30,15,15,0,3,5,4,13,5,0,2,1,2,7,3,0,1,4,2,6,2
20233,U,관광특구,3001493,동대문패션타운 관광특구,5916,2900,3016,36,1415,1672,1133,1020,640,13,536,733,643,584,391,23,879,939,490,436,249
20233,A,골목상권,3110049,장충단 고개,2303,1240,1063,4,566,582,448,431,272,2,174,314,281,257,212,2,392,268,167,174,60
20233,D,발달상권,3120039,신당역,2348,1249,1099,31,795,488,410,342,282,11,348,245,228,226,191,20,447,243,182,116,91
20233,A,골목상권,3110041,남산케이블카,967,435,532,2,118,152,175,254,266,2,51,69,83,87,143,0,67,83,92,167,123
20233,R,전통시장,3130052,서울중앙시장(신중앙시장),479,342,137,0,106,156,101,61,55,0,80,110,57,45,50,0,26,46,44,16,5
20233,D,발달상권,3120036,장충동족발거리(남소영길),2289,1090,1199,14,616,783,556,223,97,0,122,393,365,155,55,14,494,390,191,68,42
20233,A,골목상권,3110054,청구역 3번,1542,854,688,3,259,378,315,340,247,1,90,204,220,215,124,2,169,174,95,125,123
20233,R,전통시장,3130056,용산용문시장,65,34,31,0,7,15,18,10,15,0,4,6,7,6,11,0,3,9,11,4,4
20233,A,골목상권,3110080,해방촌예술마을,311,168,143,0,53,71,88,58,41,0,18,40,52,31,27,0,35,31,36,27,14
20233,A,골목상권,3110065,남정초등학교,137,92,45,0,17,45,48,17,10,0,9,37,31,10,5,0,8,8,17,7,5
20233,A,골목상권,3110579,마포역 4번,750,563,187,2,54,162,247,219,66,1,37,124,188,165,48,1,17,38,59,54,18
20233,D,발달상권,3120046,이태원(이태원역),2285,1299,986,24,818,684,339,224,196,15,389,422,205,137,131,9,429,262,134,87,65
20233,D,발달상권,3120044,삼각지역,1905,1415,490,5,357,534,461,374,174,5,220,403,384,278,125,0,137,131,77,96,49
20233,A,골목상권,3110123,마장역 3번,511,382,129,0,42,56,91,185,137,0,21,36,63,141,121,0,21,20,28,44,16
20233,A,골목상권,3110121,한양대역 4번,45,30,15,0,3,10,8,11,13,0,2,5,5,7,11,0,1,5,3,4,2
20233,D,발달상권,3120049,왕십리역(왕십리),1459,1004,455,1,183,301,377,468,129,1,92,187,272,371,81,0,91,114,105,97,48
20233,A,골목상권,3110127,성수1가1동주민센터,290,157,133,0,31,55,56,100,48,0,11,40,31,47,28,0,20,15,25,53,20
20233,D,발달상권,3120051,뚝섬역,3944,2582,1362,20,703,946,867,651,757,15,446,646,549,445,481,5,257,300,318,206,276
20233,R,전통시장,3130071,성수역 골목형상점가,335,180,155,1,61,89,70,43,71,0,27,43,43,29,38,1,34,46,27,14,33
20233,A,골목상권,3110114,왕십리파출소,33,19,14,0,3,2,8,14,6,0,1,1,4,8,5,0,2,1,4,6,1
20233,A,골목상권,3110174,아차산역 1번,432,305,127,1,49,80,115,104,83,1,25,57,76,69,77,0,24,23,39,35,6
20233,A,골목상권,3110140,건대입구역 6번,429,268,161,6,37,67,113,120,86,5,17,34,65,83,64,1,20,33,48,37,22
20233,A,골목상권,3110152,중곡어린이공원,340,300,40,0,17,29,64,121,109,0,10,21,55,109,105,0,7,8,9,12,4
20233,A,골목상권,3110161,중곡역 3번,236,135,101,3,11,33,58,65,66,0,2,16,37,40,40,3,9,17,21,25,26
20233,R,전통시장,3130084,신성시장(신성골목시장),21,6,15,0,3,5,8,4,1,0,0,1,2,2,1,0,3,4,6,2,0
20233,A,골목상권,3110141,건대입구역 1번,213,138,75,1,23,49,67,48,25,1,11,27,51,32,16,0,12,22,16,16,9
20233,A,골목상권,3110144,어린이대공원역 4번,104,49,55,0,35,17,21,19,12,0,9,10,11,10,9,0,26,7,10,9,3
20233,R,전통시장,3130097,답십리 건축자재시장,291,188,103,1,16,42,42,36,154,0,7,34,23,19,105,1,9,8,19,17,49
20233,A,골목상권,3110209,답십리 장령당공원,83,52,31,0,3,11,28,19,22,0,1,5,16,15,15,0,2,6,12,4,7
20233,R,전통시장,3130101,답십리현대시장,8,5,3,0,0,1,3,2,2,0,0,1,1,2,1,0,0,0,2,0,1
20233,A,골목상권,3110186,종암초등학교,114,86,28,0,9,21,16,34,34,0,3,18,10,26,29,0,6,3,6,8,5
20233,A,골목상권,3110221,의릉,95,69,26,0,10,12,36,29,8,0,6,10,24,22,7,0,4,2,12,7,1
20233,A,골목상권,3110202,전농1동주민센터(전농시장),111,68,43,0,14,35,31,20,11,0,9,19,21,14,5,0,5,16,10,6,6
20233,A,골목상권,3110206,텃골근린공원,92,37,55,0,8,14,25,24,21,0,4,7,8,8,10,0,4,7,17,16,11
20233,R,전통시장,3130094,청량리청과물시장,54,24,30,0,7,13,17,7,10,0,0,4,10,2,8,0,7,9,7,5,2
20233,R,전통시장,3130095,청량리전통시장,95,38,57,0,6,16,18,33,22,0,4,6,9,10,9,0,2,10,9,23,13
20233,A,골목상권,3110199,홍릉시장,65,41,24,0,11,15,18,14,7,0,8,8,10,9,6,0,3,7,8,5,1
20233,A,골목상권,3110219,삼육보건대학교,251,146,105,0,18,42,70,81,40,0,11,20,32,52,31,0,7,22,38,29,9
20233,A,골목상권,3110268,망우3동주민센터,60,30,30,0,10,13,10,18,9,0,1,5,7,10,7,0,9,8,3,8,2
20233,R,전통시장,3130114,유영시장,31,20,11,0,9,5,3,8,6,0,7,2,2,5,4,0,2,3,1,3,2
20233,A,골목상권,3110237,메가박스 상봉,274,152,122,0,30,67,97,54,26,0,13,37,48,36,18,0,17,30,49,18,8
20233,A,골목상권,3110258,면동초등학교,260,99,161,0,32,49,79,66,34,0,1,20,28,34,16,0,31,29,51,32,18
20233,A,골목상권,3110254,오거리공원,259,90,169,1,19,75,79,53,32,0,6,15,35,22,12,1,13,60,44,31,20
20233,A,골목상권,3110264,면목역 2번,358,170,188,1,52,75,93,80,57,0,21,40,40,37,32,1,31,35,53,43,25
20233,A,골목상권,3110248,먹골파출소,85,47,38,1,19,23,20,12,10,0,7,14,12,4,10,1,12,9,8,8,0
20233,A,골목상권,3110279,신내역 2번,9,8,1,0,0,1,4,4,0,0,0,1,3,4,0,0,0,0,1,0,0
20233,A,골목상권,3110245,KB국민은행 중화동지점,156,81,75,0,8,36,52,40,20,0,5,16,26,19,15,0,3,20,26,21,5
20233,R,전통시장,3130108,태능엔터피아(태릉시장),3,1,2,0,0,0,1,2,0,0,0,0,0,1,0,0,0,0,1,1,0
20233,D,발달상권,3120072,성신여대,1048,537,511,18,137,211,213,271,198,11,46,86,103,152,139,7,91,125,110,119,59
20233,A,골목상권,3110308,길음역 8번,174,85,89,0,17,36,56,41,24,0,8,17,26,20,14,0,9,19,30,21,10
20233,D,발달상권,3120073,미아사거리,353,135,218,3,40,67,95,95,53,2,16,29,45,23,20,1,24,38,50,72,33
20233,A,골목상권,3110300,삼선동주민센터,2735,1587,1148,3,248,710,769,844,161,2,97,300,444,629,115,1,151,410,325,215,46
20233,A,골목상권,3110301,성신여대입구역 7번,484,209,275,1,73,84,96,134,96,0,31,37,39,62,40,1,42,47,57,72,56
20233,R,전통시장,3130120,돈암시장(돈암제일시장),99,23,76,1,20,20,25,18,15,0,0,2,7,8,6,1,20,18,18,10,9
20233,A,골목상권,3110328,상월곡역 3번,235,157,78,1,38,75,62,37,22,1,26,58,33,24,15,0,12,17,29,13,7
20233,R,전통시장,3130126,새석관시장,13,8,5,0,1,4,2,5,1,0,0,3,1,3,1,0,1,1,1,2,0
20233,R,전통시장,3130128,돌곶이시장(석관황금시장),191,157,34,0,30,36,41,72,12,0,28,26,29,62,12,0,2,10,12,10,0
20233,A,골목상권,3110323,상월곡역 1번,109,30,79,2,25,24,28,18,12,0,4,5,11,5,5,2,21,19,17,13,7
20233,A,골목상권,3110325,장곡초등학교,57,18,39,0,0,14,20,17,6,0,0,3,7,4,4,0,0,11,13,13,2
20233,A,골목상권,3110329,우리은행체육관,34,27,7,1,1,5,6,14,7,1,0,5,5,10,6,0,1,0,1,4,1
20233,A,골목상권,3110418,광운대학교 남단,100,45,55,0,11,17,23,26,23,0,5,5,13,16,6,0,6,12,10,10,17
20233,A,골목상권,3110292,정릉역 2번,33,14,19,0,1,5,16,6,5,0,1,3,5,3,2,0,0,2,11,3,3
20233,A,골목상권,3110289,북한산보국문역 2번,144,105,39,0,9,28,49,32,26,0,6,23,30,24,22,0,3,5,19,8,4
20233,A,골목상권,3110320,KB국민은행 종암동지점,79,51,28,0,2,11,27,24,15,0,1,5,15,17,13,0,1,6,12,7,2
20233,A,골목상권,3110369,성신여대운정그린캠퍼스,518,214,304,1,49,46,131,131,160,1,10,16,44,53,90,0,39,30,87,78,70
20233,A,골목상권,3110376,수송초등학교,224,142,82,0,26,47,62,60,29,0,12,29,38,41,22,0,14,18,24,19,7
20233,R,전통시장,3130143,방천골목시장,65,36,29,0,11,7,19,24,4,0,6,5,9,13,3,0,5,2,10,11,1
20233,R,전통시장,3130140,숭인시장,62,27,35,0,9,13,10,15,15,0,0,4,1,9,13,0,9,9,9,6,2
20233,A,골목상권,3110362,우이천 계성교,205,110,95,1,24,34,61,63,22,0,11,19,28,35,17,1,13,15,33,28,5
20233,A,골목상권,3110356,덕수교,228,114,114,0,13,34,55,60,66,0,4,17,22,30,41,0,9,17,33,30,25
20233,R,전통시장,3130139,강북종합전통시장(강북종합골목시장),166,114,52,0,16,45,61,28,16,0,11,33,42,19,9,0,5,12,19,9,7
20233,A,골목상권,3110343,무너미어린이공원,100,74,26,0,7,21,28,32,12,0,4,14,22,25,9,0,3,7,6,7,3
20233,A,골목상권,3110351,수유북부시장옆,214,93,121,0,27,45,51,59,32,0,9,17,20,25,22,0,18,28,31,34,10
20233,A,골목상권,3110413,누원고등학교,54,33,21,0,8,11,12,11,12,0,5,8,5,5,10,0,3,3,7,6,2
20233,A,골목상권,3110382,솔밭공원역 1번,32,25,7,0,1,9,8,7,7,0,0,5,6,7,7,0,1,4,2,0,0
20233,R,전통시장,3130149,창동신창시장,116,51,65,0,5,24,35,31,21,0,2,10,17,10,12,0,3,14,18,21,9
20233,R,전통시장,3130159,공릉동 도깨비시장,101,47,54,0,12,22,24,26,17,0,4,8,9,15,11,0,8,14,15,11,6
20233,A,골목상권,3110422,노원역 9번,277,221,56,0,27,70,94,54,32,0,24,59,79,37,22,0,3,11,15,17,10
20233,D,발달상권,3120082,상계백병원,389,127,262,0,81,95,109,69,35,0,19,18,34,38,18,0,62,77,75,31,17
20233,A,골목상권,3110417,월계역 3번,19,10,9,0,10,6,0,3,0,0,3,5,0,2,0,0,7,1,0,1,0
20233,D,발달상권,3120083,등나무근린공원,1184,787,397,0,166,325,271,283,139,0,114,228,171,179,95,0,52,97,100,104,44
20233,R,전통시장,3130155,시영B상가(중계 그린아파트 B 상가),3,2,1,0,0,1,0,2,0,0,0,1,0,1,0,0,0,0,0,1,0
20233,A,골목상권,3110430,중계초등학교,275,100,175,0,18,28,58,96,75,0,8,7,19,25,41,0,10,21,39,71,34
20233,A,골목상권,3110441,영신여고,138,72,66,0,12,28,33,41,24,0,7,20,15,21,9,0,5,8,18,20,15
20233,A,골목상권,3110427,노원 을지대학교병원,363,281,82,0,27,27,62,126,121,0,12,14,31,109,115,0,15,13,31,17,6
20233,A,골목상권,3110477,은평세무서,434,205,229,0,43,62,106,141,82,0,15,23,49,71,47,0,28,39,57,70,35
20233,A,골목상권,3110476,역촌역 2번,56,26,30,0,2,8,22,17,7,0,1,3,9,7,6,0,1,5,13,10,1
20233,R,전통시장,3130169,대조시장,67,31,36,0,5,11,21,23,7,0,1,3,11,11,5,0,4,8,10,12,2
20233,R,전통시장,3130171,불광먹자골목 골목형상점가,155,54,101,0,18,31,24,37,45,0,4,9,11,16,14,0,14,22,13,21,31
20233,R,전통시장,3130160,수일시장,7,2,5,0,0,2,1,2,2,0,0,0,0,1,1,0,0,2,1,1,1
20233,A,골목상권,3110499,연가초등학교,263,119,144,0,42,42,74,65,40,0,8,20,31,35,25,0,34,22,43,30,15
20233,A,골목상권,3110503,명지대학교교회,230,123,107,0,27,52,59,64,28,0,9,30,26,36,22,0,18,22,33,28,6
20233,A,골목상권,3110533,충정로역 7번,22,11,11,0,5,5,3,5,4,0,0,2,2,4,3,0,5,3,1,1,1
20233,A,골목상권,3110537,충정로현대아파트,1514,848,666,1,362,525,328,177,121,0,150,263,215,134,86,1,212,262,113,43,35
20233,A,골목상권,3110522,홍제역 3번,46,12,34,0,14,7,12,6,7,0,2,2,2,2,4,0,12,5,10,4,3
20233,R,전통시장,3130196,공덕시장,3948,2001,1947,52,1323,1296,891,287,99,28,467,646,599,181,80,24,856,650,292,106,19
20233,A,골목상권,3110541,동교초등학교,377,221,156,0,43,59,101,96,78,0,23,37,63,50,48,0,20,22,38,46,30
20233,R,전통시장,3130190,홍대소상공인상점가,150,77,73,1,55,35,30,18,11,0,18,22,18,10,9,1,37,13,12,8,2
20233,D,발달상권,3120102,서교동(홍대),7276,3402,3874,18,1521,2551,1814,899,473,11,496,1065,913,566,351,7,1025,1486,901,333,122
20233,A,골목상권,3110555,홍익지구대,284,147,137,1,49,53,55,37,89,0,14,28,31,16,58,1,35,25,24,21,31
20233,A,골목상권,3110558,경성고등학교,2362,1593,769,11,308,568,571,513,391,10,153,351,408,384,287,1,155,217,163,129,104
20233,R,전통시장,3130184,마포농수산물시장,77,40,37,0,2,12,24,26,13,0,1,8,12,14,5,0,1,4,12,12,8
20233,A,골목상권,3110571,신수동주민센터,635,358,277,5,109,159,187,126,49,5,57,88,98,74,36,0,52,71,89,52,13
20233,A,골목상권,3110628,신목동역,469,307,162,0,52,85,114,113,105,0,28,56,79,85,59,0,24,29,35,28,46
20233,R,전통시장,3130210,목2동시장,432,251,181,1,66,124,122,71,48,1,40,69,70,39,32,0,26,55,52,32,16
20233,D,발달상권,3120108,신정네거리역,992,580,412,2,93,215,220,242,220,1,28,110,112,160,169,1,65,105,108,82,51
20233,A,골목상권,3110627,신정롯데캐슬아파트,548,318,230,24,129,136,102,93,64,13,69,81,62,49,44,11,60,55,40,44,20
20233,R,전통시장,3130206,신정3동 골목시장,20,6,14,0,0,5,11,2,2,0,0,0,3,1,2,0,0,5,8,1,0
20233,A,골목상권,3110612,신정역 5번,644,303,341,1,85,88,143,197,130,0,44,62,74,70,53,1,41,26,69,127,77
20233,A,골목상권,3110629,송정역 4번,190,107,83,0,26,52,54,35,23,0,9,34,28,24,12,0,17,18,26,11,11
20233,R,전통시장,3130220,등마루시장,491,167,324,5,44,61,71,166,144,3,16,29,38,34,47,2,28,32,33,132,97
20233,D,발달상권,3120115,김포공항역(김포공항),23,12,11,0,6,9,4,4,0,0,2,4,3,3,0,0,4,5,1,1,0
20233,A,골목상권,3110679,염창역 2번,574,404,170,3,89,206,152,80,44,2,49,148,111,58,36,1,40,58,41,22,8
20233,A,골목상권,3110649,우장산역 1번,358,191,167,0,41,91,82,93,51,0,12,49,38,59,33,0,29,42,44,34,18
20233,A,골목상권,3110670,신곡초등학교,489,320,169,6,79,118,121,90,75,3,45,77,71,59,65,3,34,41,50,31,10
20233,A,골목상권,3110666,KC대학교,176,60,116,0,19,35,52,57,13,0,10,10,20,13,7,0,9,25,32,44,6
20233,A,골목상권,3110669,화곡보람2차아파트,13,3,10,0,0,2,4,2,5,0,0,1,2,0,0,0,0,1,2,2,5
20233,A,골목상권,3110700,고척초등학교,3249,2648,601,3,209,680,974,1176,207,2,119,533,803,1021,170,1,90,147,171,155,37
20233,D,발달상권,3120124,개봉동 현대아파트,461,205,256,0,63,89,119,82,108,0,18,26,49,43,69,0,45,63,70,39,39
20233,A,골목상권,3110690,오류2동버들시장,577,275,302,1,101,192,133,94,56,0,39,104,64,36,32,1,62,88,69,58,24
20233,R,전통시장,3130228,구로시장,10,5,5,0,0,4,6,0,0,0,0,1,4,0,0,0,0,3,2,0,0
20233,D,발달상권,3120128,신도림역,1253,656,597,7,191,318,382,243,112,1,75,153,191,149,87,6,116,165,191,94,25
20233,A,골목상권,3110689,오류동역 3번,287,200,87,3,44,47,56,75,62,3,25,32,41,52,47,0,19,15,15,23,15
20233,A,골목상권,3110725,가산동주민센터,85,59,26,0,6,20,22,20,17,0,3,15,16,12,13,0,3,5,6,8,4
20233,A,골목상권,3110735,말미고개,520,330,190,0,64,115,140,140,61,0,31,79,94,79,47,0,33,36,46,61,14
20233,R,전통시장,3130233,남문시장,76,47,29,0,5,8,18,22,23,0,2,3,9,12,21,0,3,5,9,10,2
20233,A,골목상권,3110736,독산119안전센터,461,199,262,0,46,55,76,118,166,0,21,32,35,42,69,0,25,23,41,76,97
20233,A,골목상권,3110746,금천금빛공원(은행나무사거리서측),76,53,23,0,5,11,23,22,15,0,3,9,13,16,12,0,2,2,10,6,3
20233,R,전통시장,3130237,박미시장(기능상실),39,26,13,0,1,6,11,9,12,0,0,2,7,8,9,0,1,4,4,1,3
20233,A,골목상권,3110766,대림역 5번,360,205,155,0,30,82,85,99,64,0,15,54,42,56,38,0,15,28,43,43,26
20233,A,골목상권,3110777,구로세무서,282,210,72,0,36,41,47,83,75,0,13,30,32,66,69,0,23,11,15,17,6
20233,R,전통시장,3130255,영등포전통시장,45,29,16,0,1,7,5,10,22,0,1,5,3,4,16,0,0,2,2,6,6
20233,A,골목상권,3110788,영등포시장역 3번,28,22,6,0,4,5,7,9,3,0,3,5,6,6,2,0,1,0,1,3,1
20233,A,골목상권,3110783,영등포시장역 1번,292,154,138,1,26,37,35,67,126,1,19,27,16,33,58,0,7,10,19,34,68
20233,A,골목상권,3110799,영등포본동주민센터,119,86,33,5,21,16,11,22,44,3,12,10,6,15,40,2,9,6,5,7,4
20233,R,전통시장,3130265,노량진중앙시장,115,82,33,0,17,48,34,8,8,0,12,42,23,3,2,0,5,6,11,5,6
20233,R,전통시장,3130263,신노량진시장(기능상실),13,4,9,0,0,3,4,6,0,0,0,0,1,3,0,0,0,3,3,3,0
20233,A,골목상권,3110821,보라매역 2번,599,356,243,0,73,109,142,137,138,0,34,65,80,89,88,0,39,44,62,48,50
20233,D,발달상권,3120155,총신대학교,107,54,53,0,13,27,24,25,18,0,7,8,13,14,12,0,6,19,11,11,6
20233,R,전통시장,3130268,상도전통시장,239,104,135,0,33,60,53,58,35,0,12,23,23,24,22,0,21,37,30,34,13
20233,A,골목상권,3110836,상도역 5번,3057,1846,1211,9,550,798,701,647,352,2,238,486,453,447,220,7,312,312,248,200,132
20233,A,골목상권,3110840,중앙대학교,175,99,76,0,24,25,57,45,24,0,12,13,37,22,15,0,12,12,20,23,9
20233,A,골목상권,3110878,미림여고,368,218,150,3,43,114,101,78,29,0,19,63,68,43,25,3,24,51,33,35,4
20233,A,골목상권,3110861,관악구신사동주민센터,1168,598,570,1,215,376,261,204,111,1,71,194,161,101,70,0,144,182,100,103,41
20233,A,골목상권,3110893,관악소방서(문영여고),353,303,50,0,39,110,66,113,25,0,29,96,57,99,22,0,10,14,9,14,3
20233,A,골목상권,3110890,봉천역 1번(관악초등학교),249,148,101,1,17,43,92,67,29,0,4,22,58,43,21,1,13,21,34,24,8
20233,R,전통시장,3130294,관악중부시장,102,40,62,1,5,10,22,39,25,0,2,3,7,16,12,1,3,7,15,23,13
20233,D,발달상권,3120166,방배역,5465,3280,2185,90,1234,1594,1033,699,815,26,523,920,713,451,647,64,711,674,320,248,168
20233,D,발달상권,3120164,내방역,8579,5975,2604,56,1923,2822,1862,1129,787,48,1160,1998,1383,799,587,8,763,824,479,330,200
20233,D,발달상권,3120162,방배동카페골목,1253,717,536,61,207,200,219,215,351,57,126,142,110,93,189,4,81,58,109,122,162
20233,D,발달상권,3120169,서초역,15771,7185,8586,70,3824,4195,3945,2657,1080,30,1313,1990,1801,1235,816,40,2511,2205,2144,1422,264
20233,A,골목상권,3110936,더케이호텔(양재리본타워2단지아파트),832,552,280,3,109,260,215,175,70,0,53,154,159,131,55,3,56,106,56,44,15
20233,A,골목상권,3110940,양재근린공원(양재2동주민센터),956,699,257,8,168,323,238,137,82,8,109,243,178,97,64,0,59,80,60,40,18
20233,D,발달상권,3120178,신사역,11093,6014,5079,34,2556,2878,2400,1866,1359,13,875,1596,1501,1005,1024,21,1681,1282,899,861,335
20233,A,골목상권,3110993,개포지하차도 북측,70,53,17,0,3,9,19,23,16,0,2,7,16,18,10,0,1,2,3,5,6
20233,A,골목상권,3110983,국립국악고등학교,783,534,249,6,126,212,125,145,169,2,44,137,94,111,146,4,82,75,31,34,23
20233,A,골목상권,3110950,논현역 7번,2981,1929,1052,1,829,1305,518,230,98,0,418,886,383,173,69,1,411,419,135,57,29
20233,D,발달상권,3120199,경복아파트교차로,3427,2023,1404,9,720,1059,682,508,449,3,273,627,441,345,334,6,447,432,241,163,115
20233,D,발달상권,3120212,한티역,753,394,359,1,118,182,201,143,108,1,37,87,119,80,70,0,81,95,82,63,38
20233,D,발달상권,3120211,도성초등학교,984,516,468,7,180,282,189,161,165,3,68,120,112,117,96,4,112,162,77,44,69
20233,A,골목상권,3110960,은광여고,1601,749,852,5,219,282,389,522,184,4,60,131,203,227,124,1,159,151,186,295,60
20233,A,골목상권,3110964,싸리고개근린공원,217,124,93,0,29,60,59,34,35,0,8,32,36,23,25,0,21,28,23,11,10
20233,U,관광특구,3001496,강남 마이스 관광특구,15904,8904,7000,59,3513,6185,4248,1596,303,25,1160,3361,2887,1246,225,34,2353,2824,1361,350,78
20233,A,골목상권,3110995,봉은사역 4번,5085,3711,1374,9,978,2002,1271,637,188,2,575,1477,990,523,144,7,403,525,281,114,44
20233,A,골목상권,3110998,은곡마을(은곡마을공원),17,11,6,0,2,6,4,3,2,0,0,4,3,3,1,0,2,2,1,0,1
20233,A,골목상권,3111001,아래방죽마을공원(율현초등학교),58,43,15,0,2,9,14,18,15,0,1,7,12,13,10,0,1,2,2,5,5
20233,A,골목상권,3110949,한남IC,1683,1193,490,5,288,565,435,305,85,2,112,398,347,261,73,3,176,167,88,44,12
20233,A,골목상권,3110959,신구중학교,271,140,131,0,14,66,82,79,30,0,7,36,49,29,19,0,7,30,33,50,11
20233,A,골목상권,3110962,도산공원북측,53,27,26,0,20,11,10,8,4,0,11,7,6,3,0,0,9,4,4,5,4
20233,A,골목상권,3110954,국기원,636,445,191,0,89,142,187,94,124,0,35,97,161,74,78,0,54,45,26,20,46
20233,D,발달상권,3120204,르네상스호텔사거리,41471,20644,20827,102,8167,11056,10671,10081,1394,54,5016,7567,4988,2062,957,48,3151,3489,5683,8019,437
20233,A,골목상권,3110997,대청초등학교,1724,959,765,4,230,291,391,383,425,2,111,162,200,210,274,2,119,129,191,173,151
20233,A,골목상권,3110979,청담초등학교,3004,1918,1086,4,525,926,768,568,213,4,230,632,535,343,174,0,295,294,233,225,39
20233,A,골목상권,3111027,문정초등학교,1393,771,622,3,146,285,323,246,390,1,67,159,209,125,210,2,79,126,114,121,180
20242,A,골목상권,3110407,도봉역 2번,560,337,223,1,32,75,115,203,134,1,8,40,57,126,105,0,24,35,58,77,29
20242,A,골목상권,3110406,도봉산역 1번,634,573,61,0,10,29,139,292,164,0,3,17,126,276,151,0,7,12,13,16,13
20242,A,골목상권,3110402,도봉구 정병원,471,221,250,1,85,98,98,106,83,0,24,38,54,59,46,1,61,60,44,47,37
20242,A,골목상권,3110394,방학중학교,214,133,81,0,19,35,50,54,56,0,12,20,26,35,40,0,7,15,24,19,16
20242,A,골목상권,3110391,샘말어린이공원,219,118,101,0,22,44,64,45,44,0,12,26,37,23,20,0,10,18,27,22,24
20242,A,골목상권,3110435,서울과학기술대,73,40,33,0,5,12,18,25,13,0,3,4,8,14,11,0,2,8,10,11,2
20242,A,골목상권,3110426,상계2동주민센터,337,169,168,0,32,57,83,96,69,0,15,30,39,45,40,0,17,27,44,51,29
20242,A,골목상권,3110427,노원 을지대학교병원,363,281,82,0,27,27,62,126,121,0,12,14,31,109,115,0,15,13,31,17,6
20242,A,골목상권,3110432,대진고등학교,894,734,160,0,55,146,248,343,102,0,27,96,214,311,86,0,28,50,34,32,16
20242,D,발달상권,3120090,연신내역,796,297,499,5,187,160,183,154,107,1,65,66,64,53,48,4,122,94,119,101,59
20242,R,전통시장,3130167,연신내상점가(연빛거리),632,234,398,1,143,140,156,118,74,1,30,48,57,51,47,0,113,92,99,67,27
20242,A,골목상권,3110464,연신내역 5번,301,170,131,4,32,53,93,85,34,4,18,28,44,49,27,0,14,25,49,36,7
20233,A,골목상권,3111020,방이동고분군(방산고등학교),304,225,79,1,20,103,84,54,42,0,7,73,64,48,33,1,13,30,20,6,9
20233,R,전통시장,3130313,방이시장,3889,1825,2064,10,726,635,634,1135,749,8,362,409,357,377,312,2,364,226,277,758,437
20233,A,골목상권,3111005,삼전역 3번,1865,1358,507,0,320,617,459,302,167,0,215,449,339,222,133,0,105,168,120,80,34
20233,A,골목상권,3111037,Sh수협은행 오금동금융센터(아랫말어린이공원),373,243,130,0,37,103,90,93,50,0,25,84,60,43,31,0,12,19,30,50,19
20233,A,골목상권,3111032,방이역 1번,3878,2552,1326,4,235,340,599,718,1982,3,139,237,411,469,1293,1,96,103,188,249,689
20233,A,골목상권,3111081,둔촌푸르지오아파트,78,50,28,0,8,17,18,18,17,0,4,12,13,6,15,0,4,5,5,12,2
20233,A,골목상권,3111089,상일여고(상일초등학교),750,505,245,0,50,131,180,233,156,0,31,81,127,154,112,0,19,50,53,79,44
20233,A,골목상권,3111059,강동역 4번(강풀만화거리),774,420,354,3,87,144,177,164,199,1,47,73,92,91,116,2,40,71,85,73,83
20233,A,골목상권,3111067,강동구립성내도서관,746,414,332,2,73,149,192,177,153,1,36,98,107,84,88,1,37,51,85,93,65
20233,A,골목상권,3110005,세검정,1057,542,515,6,132,305,306,202,106,2,40,143,167,124,66,4,92,162,139,78,40
20233,A,골목상권,3110008,배화여자대학교(박노수미술관),507,350,157,1,50,79,121,161,95,0,15,45,93,121,76,1,35,34,28,40,19
20233,A,골목상권,3110035,동묘앞역 2번,276,161,115,2,18,43,75,88,50,0,5,18,42,65,31,2,13,25,33,23,19
20233,A,골목상권,3110027,혜화역 1번,598,358,240,1,67,108,127,97,198,0,25,70,64,54,145,1,42,38,63,43,53
20233,A,골목상권,3110015,청와대사랑채,578,345,233,0,64,147,166,126,75,0,16,63,110,91,65,0,48,84,56,35,10
20233,D,발달상권,3120015,종로6가,302,153,149,0,49,64,69,65,55,0,17,23,27,42,44,0,32,41,42,23,11
20233,R,전통시장,3130011,충신시장,88,44,44,0,19,19,20,17,13,0,7,11,8,8,10,0,12,8,12,9,3
20233,A,골목상권,3110030,동대문역 3번,7,3,4,0,2,2,2,1,0,0,0,2,1,0,0,0,2,0,1,1,0
20233,A,골목상권,3110011,청운초등학교,263,188,75,0,21,105,79,43,15,0,21,95,44,16,12,0,0,10,35,27,3
20233,A,골목상권,3110024,혜회동주민센터,928,263,665,0,135,264,294,184,51,0,17,64,90,55,37,0,118,200,204,129,14
20233,D,발달상권,3120032,충무로역,10818,5021,5797,35,1541,2434,3139,2621,1048,15,532,1200,1480,1142,652,20,1009,1234,1659,1479,396
20233,A,골목상권,3110045,동대문역사문화공원역 5번,234,174,60,0,24,54,64,55,37,0,11,38,46,47,32,0,13,16,18,8,5
20233,D,발달상권,3120031,을지로3가역,6147,3450,2697,9,699,1541,1643,1286,969,0,223,730,924,892,681,9,476,811,719,394,288
20233,R,전통시장,3130038,"평화시장(통일상가, 동화상가)",1000,670,330,3,116,301,291,198,91,0,63,167,223,150,67,3,53,134,68,48,24
20233,D,발달상권,3120020,시청역_1번,6561,4672,1889,29,1436,1964,1905,1013,214,17,728,1351,1643,776,157,12,708,613,262,237,57
20233,A,골목상권,3110043,충무초등학교,1202,670,532,12,212,307,331,223,117,7,97,155,169,152,90,5,115,152,162,71,27
20233,D,발달상권,3120018,중림동,2190,1368,822,2,393,736,598,295,166,2,207,425,357,238,139,0,186,311,241,57,27
20233,A,골목상권,3110057,황학코아루아파트,64,44,20,0,8,13,20,10,13,0,4,6,17,8,9,0,4,7,3,2,4
20233,A,골목상권,3110055,황학동벼룩시장,29,19,10,0,1,4,6,11,7,0,1,3,5,6,4,0,0,1,1,5,3
20233,A,골목상권,3110078,이촌동점보아파트,69,29,40,0,12,15,17,13,12,0,3,8,7,5,6,0,9,7,10,8,6
20233,A,골목상권,3110082,용산구청,1618,809,809,5,175,461,427,442,108,4,53,155,206,304,87,1,122,306,221,138,21
20233,D,발달상권,3120041,신용산역(용산역),20372,8281,12091,72,4418,6743,5760,2509,870,25,1460,2533,2359,1337,567,47,2958,4210,3401,1172,303
20233,A,골목상권,3110073,삼각지역 3번,7975,2387,5588,56,2508,2886,1913,505,107,25,861,919,424,119,39,31,1647,1967,1489,386,68
20242,A,골목상권,3110490,녹번동근린공원,311,170,141,0,30,65,86,76,54,0,11,31,48,45,35,0,19,34,38,31,19
20242,A,골목상권,3110489,불광역 3번,35,25,10,0,3,7,10,10,5,0,3,4,7,6,5,0,0,3,3,4,0
20242,D,발달상권,3120092,불광역,274,147,127,0,33,51,83,52,55,0,12,29,44,21,41,0,21,22,39,31,14
20242,A,골목상권,3110479,연신내역 2번,318,181,137,1,50,84,68,69,46,0,28,71,35,32,15,1,22,13,33,37,31
20242,A,골목상권,3110485,연신내우체국,1259,678,581,0,7,24,35,160,1033,0,4,5,15,70,584,0,3,19,20,90,449
20242,A,골목상권,3110474,세명컴퓨터고등학교,119,55,64,0,7,33,28,23,28,0,2,14,11,8,20,0,5,19,17,15,8
20242,A,골목상권,3110459,응암역 2번,547,198,349,1,50,105,159,154,78,0,9,38,77,41,33,1,41,67,82,113,45
20242,A,골목상권,3110475,백련산해모로아파트,245,127,118,1,23,44,76,70,31,1,10,24,44,29,19,0,13,20,32,41,12
20242,R,전통시장,3130166,응암시장(신응암시장),17,10,7,0,0,3,2,5,7,0,0,0,1,3,6,0,0,3,1,2,1
20242,R,전통시장,3130172,모래내시장(서중시장),19,8,11,0,1,4,5,6,3,0,0,1,2,4,1,0,1,3,3,2,2
20242,A,골목상권,3110500,남가좌동현대아파트,74,54,20,0,12,13,23,22,4,0,8,9,17,17,3,0,4,4,6,5,1
20242,A,골목상권,3110530,아현역 1번,36,20,16,0,5,5,7,15,4,0,2,5,4,6,3,0,3,0,3,9,1
20242,R,전통시장,3130181,아현가구거리상점가,59,30,29,0,8,11,13,10,17,0,0,7,9,4,10,0,8,4,4,6,7
20242,R,전통시장,3130178,이대 앞 스타트업 상점가,30,6,24,0,5,5,8,6,6,0,1,0,3,0,2,0,4,5,5,6,4
20242,A,골목상권,3110526,봉원사,211,111,100,1,17,38,50,49,56,1,7,21,24,26,32,0,10,17,26,23,24
20242,A,골목상권,3110501,연희어린이공원,214,82,132,0,12,33,40,75,54,0,3,20,15,18,26,0,9,13,25,57,28
20242,A,골목상권,3110516,정원여중,227,101,126,0,35,40,62,65,25,0,17,18,27,23,16,0,18,22,35,42,9
20242,A,골목상권,3110527,홍제역 2번,185,89,96,1,36,40,36,40,32,1,11,26,15,21,15,0,25,14,21,19,17
20242,A,골목상권,3110586,서울서부지방법원,1855,953,902,2,423,499,464,293,174,1,233,283,196,130,110,1,190,216,268,163,64
20242,R,전통시장,3130185,망원월드컵시장,190,123,67,1,26,69,53,25,16,1,14,43,35,16,14,0,12,26,18,9,2
20242,A,골목상권,3110561,상수역 4번,395,247,148,4,59,102,94,89,47,2,21,56,64,68,36,2,38,46,30,21,11
20242,A,골목상권,3110563,상수역 3번,309,246,63,11,75,122,61,17,23,9,60,95,50,13,19,2,15,27,11,4,4
20242,R,전통시장,3130190,홍대소상공인상점가,150,77,73,1,55,35,30,18,11,0,18,22,18,10,9,1,37,13,12,8,2
20233,A,골목상권,3110076,삼각지역 14번,537,175,362,0,46,143,158,153,37,0,11,49,61,45,9,0,35,94,97,108,28
20233,A,골목상권,3110099,유엔빌리지길,12646,10311,2335,33,1746,2596,3298,4558,415,25,904,1899,2859,4264,360,8,842,697,439,294,55
20233,A,골목상권,3110588,한겨레신문사,169,92,77,0,34,44,41,33,17,0,14,22,20,21,15,0,20,22,21,12,2
20233,R,전통시장,3130059,후암시장,64,40,24,0,6,12,16,11,19,0,4,5,10,7,14,0,2,7,6,4,5
20233,R,전통시장,3130064,금남시장,36,13,23,0,6,7,8,4,11,0,1,0,5,2,5,0,5,7,3,2,6
20233,A,골목상권,3110107,금호사거리,37,30,7,0,4,8,4,11,10,0,3,5,4,9,9,0,1,3,0,2,1
20233,A,골목상권,3110117,성동구보건소,103,73,30,1,14,27,19,33,9,1,10,20,11,25,6,0,4,7,8,8,3
20233,D,발달상권,3120050,서울숲역,212,159,53,0,33,40,60,52,27,0,19,30,47,41,22,0,14,10,13,11,5
20233,D,발달상권,3120052,성수역,11387,7284,4103,23,2113,2900,2661,2238,1452,12,1170,1971,1783,1298,1050,11,943,929,878,940,402
20233,R,전통시장,3130067,왕십리도선동상점가,1670,335,1335,3,166,202,291,591,417,1,78,98,69,49,40,2,88,104,222,542,377
20233,D,발달상권,3120066,장한평역(장한평),7424,4770,2654,43,1531,1839,1491,1235,1285,10,739,1202,991,818,1010,33,792,637,500,417,275
20233,A,골목상권,3110113,응봉산,77,43,34,0,14,15,14,16,18,0,4,11,7,6,15,0,10,4,7,10,3
20233,A,골목상권,3110112,행당역 2번,207,101,106,0,37,37,38,53,42,0,14,19,16,26,26,0,23,18,22,27,16
20233,A,골목상권,3110169,성동초등학교,253,139,114,1,28,41,73,68,42,0,15,21,36,39,28,1,13,20,37,29,14
20233,A,골목상권,3110156,군자역 5번,621,363,258,0,96,181,173,112,59,0,41,114,101,67,40,0,55,67,72,45,19
20233,A,골목상권,3110157,자양동우체국,1097,891,206,10,352,279,244,141,71,7,300,237,180,106,61,3,52,42,64,35,10
20233,A,골목상권,3110163,성자초등학교,284,143,141,0,39,46,67,77,55,0,14,27,32,31,39,0,25,19,35,46,16
20233,A,골목상권,3110168,대원고등학교,524,374,150,0,64,95,121,160,84,0,36,69,87,110,72,0,28,26,34,50,12
20233,A,골목상권,3110212,답십리초등학교,204,144,60,0,26,37,42,67,32,0,18,26,27,50,23,0,8,11,15,17,9
20233,A,골목상권,3110187,제기동역 6번,3124,2222,902,15,559,867,746,552,385,7,387,605,531,394,298,8,172,262,215,158,87
20233,A,골목상권,3110229,장평중학교,1332,862,470,0,145,164,190,318,515,0,81,103,125,211,342,0,64,61,65,107,173
20233,A,골목상권,3110231,장안교,11,8,3,0,0,1,4,5,1,0,0,1,3,4,0,0,0,0,1,1,1
20242,D,발달상권,3120102,서교동(홍대),7276,3402,3874,18,1521,2551,1814,899,473,11,496,1065,913,566,351,7,1025,1486,901,333,122
20242,A,골목상권,3110564,홍대입구역 3번,471,211,260,0,54,125,161,78,53,0,19,47,103,22,20,0,35,78,58,56,33
20242,A,골목상권,3110545,마포구청역 1번,789,460,329,1,64,151,210,235,128,1,24,92,106,146,91,0,40,59,104,89,37
20242,A,골목상권,3110549,새터산,357,165,192,1,57,79,100,64,56,1,24,39,47,22,32,0,33,40,53,42,24
20242,A,골목상권,3110571,신수동주민센터,635,358,277,5,109,159,187,126,49,5,57,88,98,74,36,0,52,71,89,52,13
20242,A,골목상권,3110619,목4동주민센터,311,203,108,1,51,87,89,64,19,1,16,52,58,57,19,0,35,35,31,7,0
20242,R,전통시장,3130202,신영시장,40,13,27,0,3,4,13,16,4,0,2,0,3,6,2,0,1,4,10,10,2
20242,A,골목상권,3110607,금빛새마을금고본점,47,29,18,0,1,10,11,14,11,0,1,4,5,10,9,0,0,6,6,4,2
20242,A,골목상권,3110600,신월7동주민센터,350,263,87,0,32,30,66,101,121,0,17,14,38,79,115,0,15,16,28,22,6
20242,R,전통시장,3130200,"신월7동 골목시장(약수시장, 우성상가)",27,18,9,0,0,3,9,6,9,0,0,0,7,4,7,0,0,3,2,2,2
20242,A,골목상권,3110625,신정2동주민센터,726,454,272,2,98,196,215,155,60,0,51,124,146,94,39,2,47,72,69,61,21
20242,D,발달상권,3120119,발산역(마곡),1427,686,741,2,184,339,416,350,136,1,54,148,211,174,98,1,130,191,205,176,38
20242,A,골목상권,3110648,양천향교역 7번,13,5,8,0,1,7,1,3,1,0,0,3,1,1,0,0,1,4,0,2,1
20242,A,골목상권,3110643,강서구다솔마을,653,413,240,1,97,165,199,139,52,0,47,101,136,93,36,1,50,64,63,46,16
20242,D,발달상권,3120117,강서농산물도매시장,451,280,171,0,12,62,127,153,97,0,9,48,78,89,56,0,3,14,49,64,41
20242,R,전통시장,3130213,방신전통시장,112,77,35,0,13,20,25,29,25,0,10,18,14,14,21,0,3,2,11,15,4
20242,A,골목상권,3110632,방화역 3번,1075,887,188,2,42,127,400,334,170,1,21,90,353,281,141,1,21,37,47,53,29
20242,A,골목상권,3110655,발산역 5번,589,356,233,0,97,156,148,113,75,0,29,94,98,77,58,0,68,62,50,36,17
20242,A,골목상권,3110665,곰달래도서관,469,285,184,0,36,92,123,138,80,0,25,60,79,74,47,0,11,32,44,64,33
20242,A,골목상권,3110692,큰굴다리,233,148,85,0,12,52,54,66,49,0,7,19,35,49,38,0,5,33,19,17,11
20242,A,골목상권,3110691,개봉중학교,395,205,190,0,37,65,119,115,59,0,20,38,49,52,46,0,17,27,70,63,13
20242,A,골목상권,3110696,오류동역 1번,2424,1658,766,32,831,942,326,216,77,16,483,735,235,131,58,16,348,207,91,85,19
20242,R,전통시장,3130227,고척골목시장상점가(그라운드 고척),33,14,19,0,4,6,10,8,5,0,0,1,5,5,3,0,4,5,5,3,2
20242,R,전통시장,3130224,개봉프라자(고척근린시장),5,4,1,0,0,0,1,2,2,0,0,0,1,1,2,0,0,0,0,1,0
20242,D,발달상권,3120125,구로역,9531,6476,3055,29,1115,2177,2439,2305,1466,14,646,1505,1615,1580,1116,15,469,672,824,725,350
20242,A,골목상권,3110718,한국SGI본부,1614,1061,553,3,308,462,397,336,108,3,167,313,292,220,66,0,141,149,105,116,42
20242,D,발달상권,3120123,오류동역,2120,1645,475,1,313,413,505,594,294,0,276,331,389,425,224,1,37,82,116,169,70
20242,A,골목상권,3110735,말미고개,520,330,190,0,64,115,140,140,61,0,31,79,94,79,47,0,33,36,46,61,14
20242,A,골목상권,3110752,한울중학교,269,117,152,2,25,46,81,79,36,2,13,16,34,33,19,0,12,30,47,46,17
20242,R,전통시장,3130234,푸른터시장(기능상실),7,3,4,0,1,1,0,3,2,0,0,1,0,1,1,0,1,0,0,2,1
20242,A,골목상권,3110742,KT금천빌딩(금천구시설관리공단),426,237,189,0,42,83,106,125,70,0,21,57,71,54,34,0,21,26,35,71,36
20242,A,골목상권,3110748,백산초등학교,102,64,38,0,6,19,21,26,30,0,2,9,11,22,20,0,4,10,10,4,10
20242,A,골목상권,3110731,금천구청역 1번 출입구,1044,564,480,7,306,385,206,96,44,2,149,230,102,55,26,5,157,155,104,41,18
20242,A,골목상권,3110747,석수역 1번 출입구,813,612,201,0,46,81,166,224,296,0,27,52,102,165,266,0,19,29,64,59,30
20242,A,골목상권,3110753,시흥동 은행나무사거리,617,387,230,0,69,100,149,166,133,0,28,68,90,96,105,0,41,32,59,70,28
20242,A,골목상권,3110764,문래역 3번,541,223,318,0,93,127,159,102,60,0,27,39,54,54,49,0,66,88,105,48,11
20242,A,골목상권,3110770,영등포구청역 6번,263,191,72,1,45,49,77,45,46,1,24,41,54,28,43,0,21,8,23,17,3
20242,A,골목상권,3110774,당산반도유보라팰리스아파트,472,355,117,0,59,119,131,96,67,0,34,81,109,80,51,0,25,38,22,16,16
20242,A,골목상권,3110789,대림성모병원,491,182,309,0,104,137,115,93,42,0,16,44,49,43,30,0,88,93,66,50,12
20242,A,골목상권,3110771,대림역 11번,955,604,351,0,22,38,128,210,557,0,21,30,73,131,349,0,1,8,55,79,208
20242,A,골목상권,3110766,대림역 5번,360,205,155,0,30,82,85,99,64,0,15,54,42,56,38,0,15,28,43,43,26
20242,A,골목상권,3110816,대방역 6번,517,401,116,1,72,136,153,67,88,1,49,108,114,49,80,0,23,28,39,18,8
20242,D,발달상권,3120135,양평역,5072,3013,2059,32,1300,1280,1187,776,497,11,626,825,676,441,434,21,674,455,511,335,63
20242,A,골목상권,3110783,영등포시장역 1번,292,154,138,1,26,37,35,67,126,1,19,27,16,33,58,0,7,10,19,34,68
20242,D,발달상권,3120144,영중로,2017,1073,944,1,254,395,508,598,261,1,142,276,289,230,135,0,112,119,219,368,126
20242,R,전통시장,3130266,만양로상점가,2,1,1,0,0,0,2,0,0,0,0,0,1,0,0,0,0,0,1,0,0
20242,A,골목상권,3110821,보라매역 2번,599,356,243,0,73,109,142,137,138,0,34,65,80,89,88,0,39,44,62,48,50
20242,D,발달상권,3120156,"총신대입구역(이수, 총신대)",3366,1461,1905,14,640,802,748,644,518,7,213,337,380,258,266,7,427,465,368,386,252
20242,A,골목상권,3110839,숭실대입구역 4번,187,67,120,0,10,51,57,46,23,0,2,14,22,11,18,0,8,37,35,35,5
20242,A,골목상권,3110819,신대방역 4번,456,226,230,0,62,93,114,73,114,0,14,33,50,48,81,0,48,60,64,25,33
20242,A,골목상권,3110900,낙성대역 1번(관악구민 종합체육센터),444,246,198,1,94,123,115,88,23,1,48,64,62,53,18,0,46,59,53,35,5
20242,R,전통시장,3130284,관악종합시장(신원시장),17,10,7,0,0,1,3,10,3,0,0,1,1,6,2,0,0,0,2,4,1
20242,A,골목상권,3110888,청룡동주민센터,94,53,41,0,5,9,11,22,47,0,3,2,4,6,38,0,2,7,7,16,9
20242,R,전통시장,3130290,영림시장,417,183,234,0,74,101,107,92,43,0,14,49,43,44,33,0,60,52,64,48,10
20242,A,골목상권,3110897,서울대입구역 8번,219,139,80,0,16,45,69,64,25,0,7,24,40,44,24,0,9,21,29,20,1
20242,A,골목상권,3110948,헌인가구단지,57,27,30,0,5,24,14,11,3,0,4,12,6,2,3,0,1,12,8,9,0
20242,A,골목상권,3110924,반포4동주민센터(몽마르뜨공원),1071,732,339,5,171,236,323,252,84,1,78,150,243,200,60,4,93,86,80,52,24
20242,A,골목상권,3110916,내방역 4번,1152,592,560,9,216,272,301,208,146,6,58,167,187,91,83,3,158,105,114,117,63
20242,D,발달상권,3120164,내방역,8579,5975,2604,56,1923,2822,1862,1129,787,48,1160,1998,1383,799,587,8,763,824,479,330,200
20242,A,골목상권,3110915,서래초등학교,3011,2335,676,14,441,940,1066,421,129,11,286,683,868,373,114,3,155,257,198,48,15
20242,D,발달상권,3120189,강남역,72613,38819,33794,234,17636,24305,18411,9151,2876,59,6629,13226,10962,5914,2029,175,11007,11079,7449,3237,847
20242,D,발달상권,3120169,서초역,15771,7185,8586,70,3824,4195,3945,2657,1080,30,1313,1990,1801,1235,816,40,2511,2205,2144,1422,264
20242,A,골목상권,3110937,방아다리근린공원(횃불트리니티신학대학원대학교),2465,1270,1195,7,634,861,542,318,103,6,246,507,335,113,63,1,388,354,207,205,40
20242,A,골목상권,3110946,청계산원터골,41,21,20,0,2,4,8,13,14,0,2,2,6,3,8,0,0,2,2,10,6
20242,A,골목상권,3110942,염곡동 구룡사(포이동성당),3242,1952,1290,7,578,932,791,613,321,3,328,587,461,351,222,4,250,345,330,262,99
20242,A,골목상권,3110978,도곡2동주민센터(대치중학교),331,186,145,0,46,70,72,114,29,0,20,41,47,62,16,0,26,29,25,52,13
20242,D,발달상권,3120213,삼성중앙역,8521,5150,3371,50,1869,2485,1911,1070,1136,12,830,1515,1305,716,772,38,1039,970,606,354,364
20242,U,관광특구,3001496,강남 마이스 관광특구,15904,8904,7000,59,3513,6185,4248,1596,303,25,1160,3361,2887,1246,225,34,2353,2824,1361,350,78
20242,A,골목상권,3110991,삼성중앙역 5번,1246,794,452,1,111,415,339,275,105,1,28,243,229,216,77,0,83,172,110,59,28
20242,D,발달상권,3120221,봉은사역,17557,12129,5428,22,3154,5248,3562,2734,2837,8,2167,4087,2812,1669,1386,14,987,1161,750,1065,1451
20242,A,골목상권,3110995,봉은사역 4번,5085,3711,1374,9,978,2002,1271,637,188,2,575,1477,990,523,144,7,403,525,281,114,44
20242,D,발달상권,3120216,경기고교사거리(경기고교앞사거리),4934,3621,1313,8,712,1628,1666,772,148,5,291,1070,1431,703,121,3,421,558,235,69,27
20242,A,골목상권,3110998,은곡마을(은곡마을공원),17,11,6,0,2,6,4,3,2,0,0,4,3,3,1,0,2,2,1,0,1
20242,D,발달상권,3120202,압구정로데오역(압구정로데오),11735,6075,5660,41,2963,4419,2469,1425,418,11,793,2184,1593,1195,299,30,2170,2235,876,230,119
20242,A,골목상권,3110954,국기원,636,445,191,0,89,142,187,94,124,0,35,97,161,74,78,0,54,45,26,20,46
20242,A,골목상권,3110987,영동대교남단,410,201,209,1,80,64,74,101,90,1,40,36,31,40,53,0,40,28,43,61,37
20242,D,발달상권,3120237,경찰병원역,9922,5579,4343,59,1236,1684,1762,1665,3516,25,543,1068,1140,766,2037,34,693,616,622,899,1479
20242,A,골목상권,3111027,문정초등학교,1393,771,622,3,146,285,323,246,390,1,67,159,209,125,210,2,79,126,114,121,180
20242,D,발달상권,3120232,송파나루역,1056,714,342,0,185,302,235,171,163,0,80,192,163,131,148,0,105,110,72,40,15
20242,D,발달상권,3120228,석촌역(석촌호수),4494,2725,1769,7,707,1306,1038,695,741,1,288,851,680,410,495,6,419,455,358,285,246
20242,A,골목상권,3111010,석촌역 7번,1512,1031,481,3,181,309,376,339,304,1,98,190,261,234,247,2,83,119,115,105,57
20242,A,골목상권,3111039,벌말어린이공원,485,353,132,8,85,125,121,94,52,8,51,89,88,72,45,0,34,36,33,22,7
20242,D,발달상권,3120225,잠실새내역(신천),5597,3589,2008,25,909,1191,1223,1162,1087,3,464,712,794,811,805,22,445,479,429,351,282
20242,A,골목상권,3110531,홍지문,141,61,80,0,16,26,24,56,19,0,13,19,13,9,7,0,3,7,11,47,12
20242,A,골목상권,3110037,신설동역 12번,208,124,84,0,16,46,51,61,34,0,6,20,32,41,25,0,10,26,19,20,9
20242,A,골목상권,3110028,이화달팽이길,704,279,425,1,177,179,137,123,87,0,56,60,56,65,42,1,121,119,81,58,45
20242,R,전통시장,3130007,광장시장(광장전통시장),466,310,156,0,39,77,97,129,124,0,22,41,73,77,97,0,17,36,24,52,27
20242,D,발달상권,3120004,종로구청,12937,7078,5859,9,1442,4392,4485,2080,529,4,432,2050,2756,1493,343,5,1010,2342,1729,587,186
20242,R,전통시장,3130019,동대문상가D동,29,22,7,0,6,6,5,4,8,0,4,3,4,4,7,0,2,3,1,0,1
20242,A,골목상권,3110014,경복고등학교,194,82,112,0,28,54,40,44,28,0,4,14,21,24,19,0,24,40,19,20,9
20242,A,골목상권,3110016,평창동동측,2303,1051,1252,9,318,614,663,433,266,4,126,304,354,163,100,5,192,310,309,270,166
20242,A,골목상권,3110024,혜회동주민센터,928,263,665,0,135,264,294,184,51,0,17,64,90,55,37,0,118,200,204,129,14
20242,A,골목상권,3110049,장충단 고개,2303,1240,1063,4,566,582,448,431,272,2,174,314,281,257,212,2,392,268,167,174,60
20242,A,골목상권,3110052,장충초등학교,484,281,203,0,43,100,132,130,79,0,16,63,75,82,45,0,27,37,57,48,34
20242,R,전통시장,3130053,백학시장,160,69,91,0,22,24,46,37,31,0,8,8,20,15,18,0,14,16,26,22,13
20242,D,발달상권,3120027,명동역(명동재미로),18097,8477,9620,67,2695,5851,6070,3074,340,9,859,2588,2522,2321,178,58,1836,3263,3548,753,162
20242,A,골목상권,3110053,청구역 1번,281,166,115,0,52,69,69,54,37,0,23,45,43,27,28,0,29,24,26,27,9
20242,A,골목상권,3110042,남산골공원옆,683,424,259,3,91,156,195,166,72,0,37,89,131,121,46,3,54,67,64,45,26
20242,A,골목상권,3110040,중구회현체육센터(정화예술대남산캠퍼스),165,78,87,0,33,30,40,37,25,0,14,15,17,13,19,0,19,15,23,24,6
20242,D,발달상권,3120024,회현역,2167,1364,803,2,341,795,582,250,197,1,146,473,416,192,136,1,195,322,166,58,61
20242,A,골목상권,3110092,NH농협은행 보광동지점,468,168,300,0,90,111,103,94,70,0,11,47,34,33,43,0,79,64,69,61,27
20242,A,골목상권,3110065,남정초등학교,137,92,45,0,17,45,48,17,10,0,9,37,31,10,5,0,8,8,17,7,5
20242,A,골목상권,3110058,성심여자고등학교,1189,857,332,10,168,333,362,206,110,3,77,243,278,166,90,7,91,90,84,40,20
20234,U,관광특구,3001491,이태원 관광특구,5839,3064,2775,28,1377,2065,1290,768,311,18,514,986,777,541,228,10,863,1079,513,227,83
20242,R,전통시장,3130061,이태원시장,32,20,12,0,18,3,4,6,1,0,12,1,3,3,1,0,6,2,1,3,0
20242,A,골목상권,3110067,배문고등학교,1547,895,652,1,215,370,383,320,258,0,84,173,199,225,214,1,131,197,184,95,44
20242,A,골목상권,3110070,용산세무서,184,130,54,0,21,54,55,24,30,0,8,37,41,18,26,0,13,17,14,6,4
20242,D,발달상권,3120044,삼각지역,1905,1415,490,5,357,534,461,374,174,5,220,403,384,278,125,0,137,131,77,96,49
20242,A,골목상권,3110061,효창동주민센터,478,306,172,1,61,91,154,113,58,1,38,53,100,67,47,0,23,38,54,46,11
20242,R,전통시장,3130063,신금호역 골목형상점가,30,21,9,0,2,4,5,9,10,0,1,3,4,7,6,0,1,1,1,2,4
20242,A,골목상권,3110123,마장역 3번,511,382,129,0,42,56,91,185,137,0,21,36,63,141,121,0,21,20,28,44,16
20242,A,골목상권,3110127,성수1가1동주민센터,290,157,133,0,31,55,56,100,48,0,11,40,31,47,28,0,20,15,25,53,20
20242,D,발달상권,3120051,뚝섬역,3944,2582,1362,20,703,946,867,651,757,15,446,646,549,445,481,5,257,300,318,206,276
20242,A,골목상권,3110126,서울숲역 1번,27,18,9,0,0,7,2,12,6,0,0,6,0,7,5,0,0,1,2,5,1
20242,R,전통시장,3130065,무학봉상점가,181,71,110,0,29,39,47,42,24,0,4,11,15,23,18,0,25,28,32,19,6
20242,R,전통시장,3130067,왕십리도선동상점가,1670,335,1335,3,166,202,291,591,417,1,78,98,69,49,40,2,88,104,222,542,377
20242,A,골목상권,3110115,상왕십리역 3번,945,362,583,10,392,218,156,113,56,0,76,84,93,75,34,10,316,134,63,38,22
20242,A,골목상권,3110114,왕십리파출소,33,19,14,0,3,2,8,14,6,0,1,1,4,8,5,0,2,1,4,6,1
20242,D,발달상권,3120061,올림픽대교북단,1094,864,230,1,228,403,324,95,43,0,165,326,290,55,28,1,63,77,34,40,15
20242,A,골목상권,3110145,장안초등학교,7,4,3,0,0,1,2,3,1,0,0,0,1,3,0,0,0,1,1,0,1
20242,A,골목상권,3110157,자양동우체국,1097,891,206,10,352,279,244,141,71,7,300,237,180,106,61,3,52,42,64,35,10
20242,A,골목상권,3110140,건대입구역 6번,429,268,161,6,37,67,113,120,86,5,17,34,65,83,64,1,20,33,48,37,22
20242,A,골목상권,3110153,중곡1동주민센터,241,83,158,1,42,57,67,57,17,0,14,22,22,17,8,1,28,35,45,40,9
20242,R,전통시장,3130078,화양제일골목시장,52,17,35,0,6,15,19,9,3,0,1,5,8,2,1,0,5,10,11,7,2
20242,A,골목상권,3110209,답십리 장령당공원,83,52,31,0,3,11,28,19,22,0,1,5,16,15,15,0,2,6,12,4,7
20242,A,골목상권,3110204,간데메공원,411,268,143,3,83,97,82,89,57,3,57,64,46,58,40,0,26,33,36,31,17
20242,R,전통시장,3130100,답십리시장,93,40,53,2,19,25,23,11,13,2,4,9,11,6,8,0,15,16,12,5,5
20242,R,전통시장,3130085,용두시장,4,2,2,0,0,0,1,2,1,0,0,0,0,1,1,0,0,0,1,1,0
20242,A,골목상권,3110221,의릉,95,69,26,0,10,12,36,29,8,0,6,10,24,22,7,0,4,2,12,7,1
20242,A,골목상권,3110226,장안1동주민센터,1882,1005,877,2,147,247,333,512,641,2,87,148,213,253,302,0,60,99,120,259,339
20242,D,발달상권,3120067,장안동사거리,2595,1173,1422,9,427,580,675,579,325,7,165,280,260,257,204,2,262,300,415,322,121
20242,A,골목상권,3110202,전농1동주민센터(전농시장),111,68,43,0,14,35,31,20,11,0,9,19,21,14,5,0,5,16,10,6,6
20242,R,전통시장,3130086,서울약령시장,1184,651,533,4,113,208,305,341,213,0,56,128,165,181,121,4,57,80,140,160,92
20242,R,전통시장,3130088,경동시장,126,57,69,0,18,32,24,17,35,0,3,11,11,10,22,0,15,21,13,7,13
20242,A,골목상권,3110199,홍릉시장,65,41,24,0,11,15,18,14,7,0,8,8,10,9,6,0,3,7,8,5,1
20242,R,전통시장,3130115,우림골목시장,307,106,201,2,80,61,68,64,32,0,29,11,30,20,16,2,51,50,38,44,16
20242,R,전통시장,3130112,사가정시장,86,28,58,0,13,17,24,19,13,0,0,3,6,8,11,0,13,14,18,11,2
20242,A,골목상권,3110264,면목역 2번,358,170,188,1,52,75,93,80,57,0,21,40,40,37,32,1,31,35,53,43,25
20242,A,골목상권,3110260,면목역 3번,126,74,52,0,24,21,24,29,28,0,14,8,12,20,20,0,10,13,12,9,8
20242,A,골목상권,3110250,화랑대역 7번,111,69,42,0,7,20,32,34,18,0,5,12,15,23,14,0,2,8,17,11,4
20242,A,골목상권,3110257,상봉역 7번,397,330,67,0,17,18,50,133,179,0,6,11,34,118,161,0,11,7,16,15,18
20242,A,골목상권,3110262,상봉역 3번,1530,878,652,2,221,447,542,268,50,0,119,337,281,107,34,2,102,110,261,161,16
20242,R,전통시장,3130107,중랑동부시장(중랑교종합상가),13,3,10,0,0,1,4,5,3,0,0,0,0,1,2,0,0,1,4,4,1
20242,A,골목상권,3110272,신내1동주민센터,477,319,158,0,45,69,93,152,118,0,15,35,60,103,106,0,30,34,33,49,12
20242,R,전통시장,3130116,동성타워프라자,31,22,9,0,2,9,7,8,5,0,2,4,4,7,5,0,0,5,3,1,0
20242,A,골목상권,3110235,세화어린이공원,17,12,5,0,6,3,1,5,2,0,5,1,1,3,2,0,1,2,0,2,0
20242,A,골목상권,3110307,길음역 7번,119,62,57,0,17,25,41,19,17,0,7,17,18,10,10,0,10,8,23,9,7
20242,A,골목상권,3110297,경동고등학교,654,311,343,0,74,123,156,164,137,0,31,65,74,79,62,0,43,58,82,85,75
20242,D,발달상권,3120071,성북구청,255,127,128,0,36,55,64,62,38,0,14,22,38,31,22,0,22,33,26,31,16
20242,A,골목상권,3110334,석관중앙교회,170,105,65,0,21,43,31,41,34,0,8,19,19,29,30,0,13,24,12,12,4
20242,A,골목상권,3110335,석계역 7번,249,172,77,1,19,32,66,64,67,0,13,18,34,45,62,1,6,14,32,19,5
20242,A,골목상권,3110288,동구여중,216,139,77,1,19,49,52,55,40,0,9,22,35,40,33,1,10,27,17,15,7
20242,A,골목상권,3110329,우리은행체육관,34,27,7,1,1,5,6,14,7,1,0,5,5,10,6,0,1,0,1,4,1
20242,A,골목상권,3110298,솔숲어린이공원,77,28,49,0,18,11,24,12,12,0,3,5,7,5,8,0,15,6,17,7,4
20242,A,골목상권,3110295,정릉우체국,679,248,431,0,166,178,163,119,53,0,36,67,49,52,44,0,130,111,114,67,9
20242,A,골목상권,3110381,번동주공2단지,171,88,83,5,31,28,38,55,14,4,11,14,21,30,8,1,20,14,17,25,6
20242,A,골목상권,3110371,삼양입구사거리,49,23,26,0,2,7,10,19,11,0,0,3,5,10,5,0,2,4,5,9,6
20242,A,골목상권,3110363,송천동주민센터,19,12,7,0,0,4,3,7,5,0,0,3,1,4,4,0,0,1,2,3,1
20242,R,전통시장,3130130,수유북부골목시장,20,14,6,0,1,1,7,5,6,0,0,0,6,3,5,0,1,1,1,2,1
20242,A,골목상권,3110410,방학역 2번,957,833,124,3,75,187,185,224,283,2,61,162,154,194,260,1,14,25,31,30,23
20242,R,전통시장,3130152,오!도봉거리 상점가,42,17,25,0,4,14,15,6,3,0,0,5,7,4,1,0,4,9,8,2,2
20242,A,골목상권,3110411,도봉역 3번,421,379,42,0,13,31,61,141,175,0,11,20,48,133,167,0,2,11,13,8,8
20242,A,골목상권,3110390,방학초등학교,231,110,121,0,18,63,68,58,24,0,7,36,28,27,12,0,11,27,40,31,12
20242,A,골목상권,3110387,쌍문초등학교,307,169,138,0,37,47,91,75,57,0,13,24,49,39,44,0,24,23,42,36,13
20242,A,골목상권,3110389,한일병원,209,120,89,0,23,37,57,53,39,0,10,19,35,30,26,0,13,18,22,23,13
20242,A,골목상권,3110388,도봉우체국,35,23,12,0,4,3,10,14,4,0,2,2,7,8,4,0,2,1,3,6,0
20242,A,골목상권,3110392,발바닥공원,43,17,26,0,2,8,7,10,16,0,0,0,3,3,11,0,2,8,4,7,5
20242,R,전통시장,3130147,쌍문역동측상점가,69,32,37,0,7,17,18,9,18,0,2,6,10,5,9,0,5,11,8,4,9
20242,D,발달상권,3120086,태릉입구역,382,205,177,0,42,78,82,102,78,0,24,43,35,49,54,0,18,35,47,53,24
20242,A,골목상권,3110416,노원초등학교,468,244,224,4,61,110,118,126,49,2,24,73,58,58,29,2,37,37,60,68,20
20242,A,골목상권,3110423,석계역 2번,280,104,176,0,27,29,65,73,86,0,9,15,31,29,20,0,18,14,34,44,66
20242,A,골목상권,3110417,월계역 3번,19,10,9,0,10,6,0,3,0,0,3,5,0,2,0,0,7,1,0,1,0
20242,A,골목상권,3110483,연천초등학교,119,74,45,0,11,16,34,17,41,0,3,9,26,10,26,0,8,7,8,7,15
20234,A,골목상권,3110767,도림동주민센터,11,0,11,0,4,3,3,1,0,0,0,0,0,0,0,0,4,3,3,1,0
20242,A,골목상권,3110482,연신초등학교,11,7,4,0,0,0,4,6,1,0,0,0,3,3,1,0,0,0,1,3,0
20242,A,골목상권,3110453,신사1동주민센터,515,288,227,0,43,81,121,155,115,0,20,25,65,85,93,0,23,56,56,70,22
20242,A,골목상권,3110478,응암1동주민센터,355,220,135,2,26,37,56,56,178,2,16,23,28,32,119,0,10,14,28,24,59
20242,A,골목상권,3110461,새절역 2번,39,21,18,0,2,8,11,10,8,0,2,2,6,6,5,0,0,6,5,4,3
20242,D,발달상권,3120096,"이화여대(이대역, 이대)",493,210,283,1,81,137,130,86,58,0,27,52,48,43,40,1,54,85,82,43,18
20242,D,발달상권,3120093,연희동,661,351,310,2,60,125,170,195,109,0,27,62,91,103,68,2,33,63,79,92,41
20242,A,골목상권,3110510,홍연시장,100,59,41,0,10,14,33,27,16,0,5,6,22,14,12,0,5,8,11,13,4
20242,A,골목상권,3110512,연희지하차도,335,165,170,0,40,62,102,99,32,0,14,38,44,49,20,0,26,24,58,50,12
20242,A,골목상권,3110537,충정로현대아파트,1514,848,666,1,362,525,328,177,121,0,150,263,215,134,86,1,212,262,113,43,35
20242,A,골목상권,3110519,서대문구보건소별관,341,156,185,0,42,73,79,94,53,0,14,33,44,37,28,0,28,40,35,57,25
20242,R,전통시장,3130197,마포시장,15,5,10,0,0,1,5,4,5,0,0,1,0,2,2,0,0,0,5,2,3
20242,A,골목상권,3110540,망원나들목체육관,238,107,131,0,39,63,70,47,19,0,19,28,26,23,11,0,20,35,44,24,8
20242,D,발달상권,3120100,망원역,846,397,449,4,199,227,191,137,88,2,52,99,101,94,49,2,147,128,90,43,39
20242,A,골목상권,3110565,홍익대,110,66,44,0,16,34,34,19,7,0,8,16,23,13,6,0,8,18,11,6,1
20242,A,골목상권,3110569,홍대땡땡거리,358,153,205,2,62,108,97,53,36,1,18,48,46,19,21,1,44,60,51,34,15
20242,A,골목상권,3110555,홍익지구대,284,147,137,1,49,53,55,37,89,0,14,28,31,16,58,1,35,25,24,21,31
20242,A,골목상권,3110581,염리초등학교,16,11,5,0,0,0,2,6,8,0,0,0,2,3,6,0,0,0,0,3,2
20242,D,발달상권,3120108,신정네거리역,992,580,412,2,93,215,220,242,220,1,28,110,112,160,169,1,65,105,108,82,51
20242,R,전통시장,3130204,경창시장,102,51,51,0,5,12,29,27,29,0,2,5,13,16,15,0,3,7,16,11,14
20242,A,골목상권,3110596,서서울호수공원,417,272,145,2,48,90,107,113,57,0,28,56,74,71,43,2,20,34,33,42,14
20242,A,골목상권,3110592,서울금융고등학교,431,337,94,0,18,34,71,147,161,0,9,13,44,124,147,0,9,21,27,23,14
20242,A,골목상권,3110602,신월시영아파트중문,674,584,90,1,8,23,81,250,311,0,4,14,55,218,293,1,4,9,26,32,18
20242,R,전통시장,3130207,신정1동 골목시장(신정제일시장),38,21,17,0,8,9,10,7,4,0,3,5,6,4,3,0,5,4,4,3,1
20242,A,골목상권,3110694,세곡초등학교,438,243,195,2,55,148,88,96,49,0,24,75,49,59,36,2,31,73,39,37,13
20242,A,골목상권,3110609,신정네거리역 2번,1377,1358,19,0,14,15,52,171,1125,0,10,11,45,168,1124,0,4,4,7,3,1
20242,A,골목상권,3110611,신정역 1번,289,192,97,2,34,57,88,74,34,2,20,42,52,46,30,0,14,15,36,28,4
20242,A,골목상권,3110657,양천향교역 5번,3180,2118,1062,12,334,603,741,695,795,8,191,396,493,385,645,4,143,207,248,310,150
20242,A,골목상권,3110652,양천향교역 2번,643,483,160,0,70,131,146,169,127,0,32,102,104,139,106,0,38,29,42,30,21
20242,A,골목상권,3110674,강서구청가양동별관,260,189,71,0,21,55,61,47,76,0,14,46,35,29,65,0,7,9,26,18,11
20242,A,골목상권,3110671,등촌1동주민센터,4521,2889,1632,8,1208,1381,956,636,332,2,375,916,788,522,286,6,833,465,168,114,46
20242,D,발달상권,3120122,강서구청,2179,1231,948,4,314,461,494,447,459,2,103,228,271,262,365,2,211,233,223,185,94
20242,R,전통시장,3130218,신월중앙시장,118,53,65,0,28,34,26,13,17,0,8,12,11,9,13,0,20,22,15,4,4
20242,A,골목상권,3110645,우장산역 4번,782,381,401,0,63,120,238,219,142,0,32,60,86,88,115,0,31,60,152,131,27
20242,A,골목상권,3110641,공항고등학교,345,236,109,2,46,95,100,79,23,1,30,72,61,52,20,1,16,23,39,27,3
20242,A,골목상권,3110636,방화역 2번,152,76,76,1,25,49,41,21,15,0,9,26,27,4,10,1,16,23,14,17,5
20242,R,전통시장,3130217,화곡본동시장,36,16,20,0,3,5,10,13,5,0,1,3,5,6,1,0,2,2,5,7,4
20242,R,전통시장,3130225,개봉중앙시장,147,59,88,0,15,21,39,44,28,0,3,4,19,22,11,0,12,17,20,22,17
20242,A,골목상권,3110697,개봉3동주민센터,230,142,88,1,55,64,49,41,20,1,27,41,31,29,13,0,28,23,18,12,7
20242,A,골목상권,3110702,개봉초등학교,131,93,38,1,15,18,33,34,30,1,10,13,23,24,22,0,5,5,10,10,8
20242,R,전통시장,3130229,남구로시장,249,139,110,1,16,53,61,62,56,0,7,30,31,32,39,1,9,23,30,30,17
20242,A,골목상권,3110709,구로119안전센터,185,108,77,0,19,22,56,51,37,0,14,13,36,29,16,0,5,9,20,22,21
20242,D,발달상권,3120129,구로디지털단지,48873,32033,16840,196,10422,16630,12386,5777,3462,127,5285,11083,8771,3995,2772,69,5137,5547,3615,1782,690
20242,A,골목상권,3110719,영서중학교,19,15,4,0,0,4,2,3,10,0,0,2,2,3,8,0,0,2,0,0,2
20242,R,전통시장,3130228,구로시장,10,5,5,0,0,4,6,0,0,0,0,1,4,0,0,0,0,3,2,0,0
20242,A,골목상권,3110693,오류동역 4번,17,9,8,0,1,3,5,4,4,0,1,3,2,2,1,0,0,0,3,2,3
20242,A,골목상권,3110690,오류2동버들시장,577,275,302,1,101,192,133,94,56,0,39,104,64,36,32,1,62,88,69,58,24
20242,A,골목상권,3110723,가산디지털단지역 1번 출입구,286,247,39,0,6,10,37,130,103,0,6,5,26,113,97,0,0,5,11,17,6
20242,R,전통시장,3130231,독산동 우시장,611,476,135,2,31,74,126,196,182,0,16,55,97,145,163,2,15,19,29,51,19
20242,D,발달상권,3120134,구로전화국,2014,1668,346,0,107,157,172,223,1355,0,44,75,96,153,1300,0,63,82,76,70,55
20242,R,전통시장,3130246,영등포청과시장(조광시장),237,126,111,0,24,33,47,77,56,0,9,11,28,39,39,0,15,22,19,38,17
20242,D,발달상권,3120136,영등포구청역,6456,3190,3266,20,1167,1451,1361,1429,1028,12,562,814,730,580,492,8,605,637,631,849,536
20242,R,전통시장,3130247,우리시장,19,15,4,0,3,4,4,3,5,0,1,3,4,3,4,0,2,1,0,0,1
20242,A,골목상권,3110778,구로디지털단지역 4번,1596,862,734,0,248,459,484,224,181,0,122,281,192,136,131,0,126,178,292,88,50
20242,A,골목상권,3110768,도림2동유수지내체육시설,294,155,139,0,20,43,63,73,95,0,7,22,32,41,53,0,13,21,31,32,42
20242,A,골목상권,3110797,KT대방빌딩,47,8,39,1,6,8,12,10,10,0,0,0,1,2,5,1,6,8,11,8,5
20242,A,골목상권,3110798,신풍역 2번,53,20,33,0,2,13,14,13,11,0,0,3,3,6,8,0,2,10,11,7,3
20242,D,발달상권,3120148,국회의사당역(국회의사당),31135,19451,11684,82,6815,10231,7641,4493,1873,27,3082,6187,5424,3397,1334,55,3733,4044,2217,1096,539
20242,R,전통시장,3130250,삼구시장(로타리상가),1,0,1,0,0,0,0,1,0,0,0,0,0,0,0,0,0,0,0,1,0
20242,R,전통시장,3130265,노량진중앙시장,115,82,33,0,17,48,34,8,8,0,12,42,23,3,2,0,5,6,11,5,6
20242,A,골목상권,3110828,노량진역 6번,3010,2066,944,9,471,1047,854,467,162,3,252,711,639,357,104,6,219,336,215,110,58
20242,D,발달상권,3120160,사당역(사당),9153,4750,4403,14,1560,2594,2716,1534,735,4,617,1307,1324,997,501,10,943,1287,1392,537,234
20242,A,골목상권,3110852,이수역 9번,198,121,77,0,26,35,54,38,45,0,12,20,30,23,36,0,14,15,24,15,9
20242,A,골목상권,3110838,상도1동주민센터앞,131,122,9,0,3,32,30,35,31,0,3,27,27,35,30,0,0,5,3,0,1
20242,R,전통시장,3130268,상도전통시장,239,104,135,0,33,60,53,58,35,0,12,23,23,24,22,0,21,37,30,34,13
20242,A,골목상권,3110830,상도초등학교,281,152,129,0,22,61,73,85,40,0,7,29,36,54,26,0,15,32,37,31,14
20242,R,전통시장,3130261,성대전통시장(성대시장),211,104,107,0,15,47,61,61,27,0,4,26,33,23,18,0,11,21,28,38,9
20242,A,골목상권,3110827,NH농협은행 상도동지점,262,93,169,0,39,51,73,65,34,0,11,18,20,28,16,0,28,33,53,37,18
20242,A,골목상권,3110841,중대부중,75,34,41,0,7,12,14,23,19,0,4,7,5,10,8,0,3,5,9,13,11
20242,A,골목상권,3110862,난곡초등학교(난곡동벽화마을),84,41,43,0,4,13,14,34,19,0,2,6,11,15,7,0,2,7,3,19,12
20242,A,골목상권,3110859,난향초등학교,182,113,69,0,11,32,42,52,45,0,0,21,27,30,35,0,11,11,15,22,10
20242,R,전통시장,3130278,미성동 도깨비시장 골목형상점가,75,16,59,0,0,16,28,24,7,0,0,7,5,2,2,0,0,9,23,22,5
20242,A,골목상권,3110878,미림여고,368,218,150,3,43,114,101,78,29,0,19,63,68,43,25,3,24,51,33,35,4
20242,A,골목상권,3110889,봉천역 6번,376,317,59,0,29,36,69,136,106,0,18,20,47,130,102,0,11,16,22,6,4
20242,A,골목상권,3110909,남태령역(서울전자고등학교),132,97,35,1,11,29,23,34,34,1,4,19,16,29,28,0,7,10,7,5,6
20242,A,골목상권,3110920,방배역 2번(백석예술대학교),359,205,154,0,23,53,125,118,40,0,5,29,65,75,31,0,18,24,60,43,9
20242,A,골목상권,3110906,서문여고,683,362,321,2,217,106,119,106,133,0,59,58,72,62,111,2,158,48,47,44,22
20242,A,골목상권,3110912,방배동사이길,210,128,82,3,33,45,53,42,34,2,16,27,39,21,23,1,17,18,14,21,11
20242,D,발달상권,3120172,교대입구교차로,10241,5712,4529,53,2062,2700,2445,1945,1036,33,854,1635,1489,1004,697,20,1208,1065,956,941,339
20242,D,발달상권,3120183,양재천카페거리,3558,2626,932,12,586,972,848,551,589,10,364,717,638,413,484,2,222,255,210,138,105
20242,A,골목상권,3110943,법제교육센터(버들어린이공원),1122,578,544,1,67,165,357,323,209,1,36,99,151,140,151,0,31,66,206,183,58
20242,D,발달상권,3120174,논현역 5번,680,379,301,6,108,196,155,93,122,4,39,108,90,58,80,2,69,88,65,35,42
20242,D,발달상권,3120199,경복아파트교차로,3427,2023,1404,9,720,1059,682,508,449,3,273,627,441,345,334,6,447,432,241,163,115
20242,A,골목상권,3110996,대치2동주민센터,1940,1218,722,2,81,274,345,337,901,0,47,206,276,245,444,2,34,68,69,92,457
20242,D,발달상권,3120188,압구정역,8579,3750,4829,134,2204,2146,1550,1314,1231,47,698,969,897,556,583,87,1506,1177,653,758,648
20242,A,골목상권,3110958,역삼역 4번,997,760,237,1,96,197,300,298,105,1,46,133,254,241,85,0,50,64,46,57,20
20242,D,발달상권,3120204,르네상스호텔사거리,41471,20644,20827,102,8167,11056,10671,10081,1394,54,5016,7567,4988,2062,957,48,3151,3489,5683,8019,437
20242,D,발달상권,3120206,개나리아파트,5243,3354,1889,87,1658,1413,1080,655,350,27,866,955,775,456,275,60,792,458,305,199,75
20242,R,전통시장,3130307,도곡시장,17,9,8,0,0,3,4,7,3,0,0,2,1,4,2,0,0,1,3,3,1
20242,A,골목상권,3110973,강남구청역 4번,1448,784,664,4,275,332,289,269,279,1,146,203,162,128,144,3,129,129,127,141,135
20242,A,골목상권,3110990,청담역 12번,262,109,153,2,61,92,56,36,15,0,12,32,29,23,13,2,49,60,27,13,2
20242,R,전통시장,3130315,문정동 로데오거리 상점가(문정동 로데오거리),1382,812,570,6,315,293,263,252,253,3,118,169,166,146,210,3,197,124,97,106,43
20242,D,발달상권,3120234,가락시장역,10280,6234,4046,11,1351,2492,2151,1680,2595,3,587,1469,1440,929,1806,8,764,1023,711,751,789
20242,R,전통시장,3130316,마천시장,18,9,9,0,3,3,2,10,0,0,2,2,2,3,0,0,1,1,0,7,0
20242,A,골목상권,3111043,마천공원,32,13,19,0,1,3,7,12,9,0,0,0,1,6,6,0,1,3,6,6,3
20242,A,골목상권,3111020,방이동고분군(방산고등학교),304,225,79,1,20,103,84,54,42,0,7,73,64,48,33,1,13,30,20,6,9
20242,A,골목상권,3111014,송파나루역 2번,521,273,248,1,42,75,119,190,94,0,21,42,67,83,60,1,21,33,52,107,34
20242,A,골목상권,3111005,삼전역 3번,1865,1358,507,0,320,617,459,302,167,0,215,449,339,222,133,0,105,168,120,80,34
20242,A,골목상권,3111003,삼전역 4번,1996,1337,659,6,249,412,549,437,343,1,160,278,332,308,258,5,89,134,217,129,85
20242,A,골목상권,3111028,문현중학교(장지역 1번),424,194,230,0,54,66,132,116,56,0,29,36,49,50,30,0,25,30,83,66,26
20242,A,골목상권,3111090,강일동주민센터,91,35,56,0,15,30,23,17,6,0,1,10,10,10,4,0,14,20,13,7,2
20242,A,골목상권,3111082,중앙보훈병원,64,44,20,0,3,9,11,23,18,0,1,3,5,18,17,0,2,6,6,5,1
20242,A,골목상권,3111053,성내천어린이공원(하니사랑길),6288,4564,1724,6,799,940,1025,1564,1954,3,542,693,750,1053,1523,3,257,247,275,511,431
20242,A,골목상권,3111059,강동역 4번(강풀만화거리),774,420,354,3,87,144,177,164,199,1,47,73,92,91,116,2,40,71,85,73,83
20242,A,골목상권,3111066,암사동성당(효정하나플러스아파트),417,255,162,3,46,103,101,113,51,0,14,53,66,91,31,3,32,50,35,22,20
20242,A,골목상권,3111065,천일초등학교,79,38,41,2,6,21,18,23,9,2,5,11,7,6,7,0,1,10,11,17,2
20242,D,발달상권,3120001,서대문역,1510,1022,488,1,265,530,359,278,77,1,106,344,272,237,62,0,159,186,87,41,15
20242,A,골목상권,3110005,세검정,1057,542,515,6,132,305,306,202,106,2,40,143,167,124,66,4,92,162,139,78,40
20242,A,골목상권,3110025,충신시장옆,213,129,84,2,17,46,63,56,29,0,6,23,43,33,24,2,11,23,20,23,5
20242,D,발달상권,3120014,종로5가역,4887,2839,2048,375,1123,1351,1205,597,236,112,456,860,851,397,163,263,667,491,354,200,73
20242,D,발달상권,3120037,동대문역사문화공원역,35317,17057,18260,421,11234,9194,6979,5237,2252,180,5605,5543,3901,1328,500,241,5629,3651,3078,3909,1752
20242,D,발달상권,3120029,을지로2가,7461,4461,3000,27,1938,2808,1698,798,192,7,787,1650,1165,693,159,20,1151,1158,533,105,33
20242,R,전통시장,3130052,서울중앙시장(신중앙시장),479,342,137,0,106,156,101,61,55,0,80,110,57,45,50,0,26,46,44,16,5
20242,R,전통시장,3130050,청평화시장,233,96,137,2,54,70,50,40,17,1,22,32,12,21,8,1,32,38,38,19,9
20242,A,골목상권,3110055,황학동벼룩시장,29,19,10,0,1,4,6,11,7,0,1,3,5,6,4,0,0,1,1,5,3
20242,R,전통시장,3130022,숭례문수입상가(남대문시장),1907,850,1057,0,330,855,598,113,11,0,55,378,338,70,9,0,275,477,260,43,2
20242,R,전통시장,3130025,삼익패션타운(남대문시장),5494,2675,2819,69,1760,1561,1124,794,186,31,674,837,763,292,78,38,1086,724,361,502,108
20242,A,골목상권,3110094,오산중학교,26,12,14,0,0,1,4,13,8,0,0,0,2,6,4,0,0,1,2,7,4
20242,A,골목상권,3110089,서빙고동주민센터,752,503,249,1,94,230,220,107,100,0,33,136,159,88,87,1,61,94,61,19,13
20242,A,골목상권,3110081,해방촌 남동측,231,122,109,0,45,63,54,42,27,0,14,35,27,23,23,0,31,28,27,19,4
20242,A,골목상권,3110068,남영역 1번,1090,615,475,8,161,257,250,224,190,6,60,135,151,138,125,2,101,122,99,86,65
20242,D,발달상권,3120041,신용산역(용산역),20372,8281,12091,72,4418,6743,5760,2509,870,25,1460,2533,2359,1337,567,47,2958,4210,3401,1172,303
20242,A,골목상권,3110096,한남힐사이드아파트,502,337,165,3,155,183,85,47,29,3,89,132,63,26,24,0,66,51,22,21,5
20242,A,골목상권,3110079,후암동주민센터,1084,584,500,4,223,262,267,196,132,3,73,156,156,105,91,1,150,106,111,91,41
20242,A,골목상권,3110105,금동어린이공원,38,17,21,0,1,7,11,10,9,0,0,2,3,6,6,0,1,5,8,4,3
20242,A,골목상권,3110116,청계천박물관,4825,3644,1181,29,323,769,1077,1762,865,26,206,565,875,1315,657,3,117,204,202,447,208
20242,R,전통시장,3130069,"한양대앞상점가(한양시장, 왕십리맛골목)",32,19,13,0,6,6,4,8,8,0,4,4,0,5,6,0,2,2,4,3,2
20242,A,골목상권,3110101,옥정중학교,218,121,97,0,55,51,65,31,16,0,24,34,43,13,7,0,31,17,22,18,9
20242,A,골목상권,3110166,구의1동주민센터,552,292,260,1,70,121,177,115,68,1,20,59,99,60,53,0,50,62,78,55,15
20242,A,골목상권,3110160,광진경찰서,819,680,139,0,149,322,180,157,11,0,110,261,150,149,10,0,39,61,30,8,1
20242,A,골목상권,3110172,광진초등학교,344,227,117,0,42,72,92,91,47,0,17,48,61,65,36,0,25,24,31,26,11
20242,A,골목상권,3110169,성동초등학교,253,139,114,1,28,41,73,68,42,0,15,21,36,39,28,1,13,20,37,29,14
20242,D,발달상권,3120059,구삼강변맛길,3277,1779,1498,6,431,676,553,747,864,4,244,472,365,322,372,2,187,204,188,425,492
20242,A,골목상권,3110175,푸른동산공원,367,233,134,0,41,73,108,86,59,0,24,48,69,53,39,0,17,25,39,33,20
20242,R,전통시장,3130081,자양골목전통시장(자양골목시장),54,36,18,0,7,17,14,9,7,0,5,12,9,6,4,0,2,5,5,3,3
20242,R,전통시장,3130075,노룬산시장(노룬산골목시장),17,12,5,0,4,5,6,0,2,0,3,3,5,0,1,0,1,2,1,0,1
20242,A,골목상권,3110161,중곡역 3번,236,135,101,3,11,33,58,65,66,0,2,16,37,40,40,3,9,17,21,25,26
20242,A,골목상권,3110181,신설동역 9번,1864,1212,652,12,209,232,286,440,685,12,150,162,188,282,418,0,59,70,98,158,267
20242,A,골목상권,3110192,동의보감타워,70,45,25,0,7,10,25,16,12,0,2,6,17,10,10,0,5,4,8,6,2
20242,R,전통시장,3130089,청량리수산시장,42,33,9,0,4,7,16,6,9,0,3,7,12,4,7,0,1,0,4,2,2
20242,A,골목상권,3110220,외대앞역 1번,193,111,82,0,28,37,54,47,27,0,7,18,33,34,19,0,21,19,21,13,8
20242,A,골목상권,3110223,군자초등학교,94,56,38,0,13,17,26,24,14,0,4,10,17,15,10,0,9,7,9,9,4
20242,A,골목상권,3110201,전농119안전센터,27,11,16,0,2,1,9,10,5,0,1,0,3,4,3,0,1,1,6,6,2
20242,R,전통시장,3130090,청량리종합시장,19,13,6,0,1,4,3,5,6,0,1,2,3,3,4,0,0,2,0,2,2
20242,R,전통시장,3130094,청량리청과물시장,54,24,30,0,7,13,17,7,10,0,0,4,10,2,8,0,7,9,7,5,2
20242,R,전통시장,3130093,동서시장,5,3,2,0,0,0,1,2,2,0,0,0,1,0,2,0,0,0,0,2,0
20242,A,골목상권,3110194,홍파초등학교,112,85,27,0,6,32,24,36,14,0,4,20,20,31,10,0,2,12,4,5,4
20242,A,골목상권,3110191,고려대역 6번,48,41,7,0,1,12,14,9,12,0,1,10,11,8,11,0,0,2,3,1,1
20242,D,발달상권,3120065,회기역,323,205,118,3,48,55,87,76,54,1,27,39,48,49,41,2,21,16,39,27,13
20242,A,골목상권,3110222,회기역 2번,20,17,3,0,0,3,2,6,9,0,0,2,2,4,9,0,0,1,0,2,0
20242,A,골목상권,3110273,장스여성병원,610,446,164,7,31,37,75,209,251,0,4,8,37,168,229,7,27,29,38,41,22
20242,R,전통시장,3130109,묵1동도깨비시장,47,33,14,0,2,9,16,9,11,0,1,5,13,5,9,0,1,4,3,4,2
20242,A,골목상권,3110308,길음역 8번,174,85,89,0,17,36,56,41,24,0,8,17,26,20,14,0,9,19,30,21,10
20242,A,골목상권,3110301,성신여대입구역 7번,484,209,275,1,73,84,96,134,96,0,31,37,39,62,40,1,42,47,57,72,56
20242,A,골목상권,3110328,상월곡역 3번,235,157,78,1,38,75,62,37,22,1,26,58,33,24,15,0,12,17,29,13,7
20242,A,골목상권,3110333,돌곶이역 5번,988,746,242,0,15,23,38,74,838,0,2,13,20,42,669,0,13,10,18,32,169
20242,A,골목상권,3110285,홍대부중,814,559,255,9,219,220,210,100,56,6,118,172,163,69,31,3,101,48,47,31,25
20242,A,골목상권,3110281,길상사,13818,12089,1729,12,1418,3093,4061,4964,270,1,960,2426,3678,4823,201,11,458,667,383,141,69
20242,A,골목상권,3110327,상월곡역 2번,118,60,58,0,8,17,42,31,20,0,3,8,24,14,11,0,5,9,18,17,9
20242,A,골목상권,3110325,장곡초등학교,57,18,39,0,0,14,20,17,6,0,0,3,7,4,4,0,0,11,13,13,2
20242,A,골목상권,3110294,서경대학교,391,262,129,0,35,30,93,120,113,0,18,14,46,87,97,0,17,16,47,33,16
20242,A,골목상권,3110315,종암아이파크2차,124,78,46,0,11,17,41,38,17,0,4,9,27,25,13,0,7,8,14,13,4
20242,A,골목상권,3110380,강북문화정보도서관,48,15,33,0,12,10,12,10,4,0,0,3,5,4,3,0,12,7,7,6,1
20242,A,골목상권,3110357,가오리역 1번,725,611,114,0,25,36,171,340,153,0,4,18,146,310,133,0,21,18,25,30,20
20242,R,전통시장,3130133,우이골목시장(우이시장),69,61,8,0,7,7,19,20,16,0,6,6,17,17,15,0,1,1,2,3,1
20242,A,골목상권,3110358,인수동 우편취급국,549,295,254,0,18,34,67,210,220,0,2,18,23,91,161,0,16,16,44,119,59
20242,A,골목상권,3110372,강북중학교,188,100,88,0,21,43,50,48,26,0,17,25,18,20,20,0,4,18,32,28,6
20242,A,골목상권,3110350,가오리역 2번,148,77,71,0,11,27,37,49,24,0,5,11,18,26,17,0,6,16,19,23,7
20242,A,골목상권,3110412,창동중학교,25,23,2,0,4,7,3,4,7,0,3,7,3,3,7,0,1,0,0,1,0
20242,A,골목상권,3110384,문이교,261,139,122,0,38,20,56,85,62,0,12,8,21,51,47,0,26,12,35,34,15
20242,A,골목상권,3110398,쌍문2동우체국,474,326,148,0,30,65,96,153,130,0,11,27,50,124,114,0,19,38,46,29,16
20242,R,전통시장,3130153,창동역상점가,229,138,91,0,18,48,54,56,53,0,7,31,30,31,39,0,11,17,24,25,14
20242,R,전통시장,3130159,공릉동 도깨비시장,101,47,54,0,12,22,24,26,17,0,4,8,9,15,11,0,8,14,15,11,6
20242,A,골목상권,3110419,수락산디자인거리,695,462,233,5,94,131,159,180,126,5,49,76,108,130,94,0,45,55,51,50,32
20242,R,전통시장,3130155,시영B상가(중계 그린아파트 B 상가),3,2,1,0,0,1,0,2,0,0,0,1,0,1,0,0,0,0,0,1,0
20242,A,골목상권,3110447,구산초등학교,48,43,5,0,5,15,10,5,13,0,4,15,8,5,11,0,1,0,2,0,2
20242,A,골목상권,3110477,은평세무서,434,205,229,0,43,62,106,141,82,0,15,23,49,71,47,0,28,39,57,70,35
20242,A,골목상권,3110484,역촌역 3번,499,193,306,6,64,131,129,103,66,5,34,45,41,32,36,1,30,86,88,71,30
20242,A,골목상권,3110481,불광역 7번,199,89,110,0,13,44,41,60,41,0,2,23,11,25,28,0,11,21,30,35,13
20242,A,골목상권,3110452,새절역 3번,373,317,56,1,10,36,63,123,140,1,7,25,47,107,130,0,3,11,16,16,10
20242,A,골목상권,3110507,명지대학교,1537,1156,381,29,392,636,318,129,33,26,257,481,282,83,27,3,135,155,36,46,6
20242,A,골목상권,3110514,서대문우체국,86,19,67,0,26,26,17,9,8,0,0,4,7,4,4,0,26,22,10,5,4
20242,A,골목상권,3110535,영천시장입구,488,333,155,2,36,65,112,164,109,2,19,35,78,130,69,0,17,30,34,34,40
20242,A,골목상권,3110538,충정로역 3번,284,178,106,0,12,42,56,66,108,0,5,27,35,42,69,0,7,15,21,24,39
20242,D,발달상권,3120107,공덕역(공덕오거리),13077,7619,5458,43,2471,3470,3552,3026,515,9,1021,2002,2300,1900,387,34,1450,1468,1252,1126,128
20242,A,골목상권,3110578,대흥역 2번,2091,1413,678,2,213,337,391,638,510,1,80,225,309,452,346,1,133,112,82,186,164
20242,A,골목상권,3110580,양원초등학교,78,20,58,0,3,6,16,25,28,0,0,1,3,11,5,0,3,5,13,14,23
20242,A,골목상권,3110573,신촌역 6번,28,10,18,0,7,3,6,6,6,0,2,0,3,1,4,0,5,3,3,5,2
20242,A,골목상권,3110575,대흥동주민센터,208,157,51,2,25,48,36,49,48,2,11,35,25,41,43,0,14,13,11,8,5
20242,A,골목상권,3110568,광흥창역 1번,67,32,35,0,12,21,14,15,5,0,4,10,6,9,3,0,8,11,8,6,2
20242,D,발달상권,3120104,연남동(홍대),5955,3176,2779,20,1117,1491,1289,1103,935,12,428,824,772,620,520,8,689,667,517,483,415
20242,A,골목상권,3110622,달마을공원,458,261,197,0,58,90,102,138,70,0,26,47,63,65,60,0,32,43,39,73,10
20242,A,골목상권,3110620,목동보건지소,458,241,217,4,51,85,105,125,88,4,20,48,50,65,54,0,31,37,55,60,34
20242,A,골목상권,3110675,화곡4동주민센터,235,161,74,0,13,45,60,59,58,0,6,28,34,46,47,0,7,17,26,13,11
20242,A,골목상권,3110667,가양역 10번,177,126,51,0,33,32,56,36,20,0,21,20,38,29,18,0,12,12,18,7,2
20242,A,골목상권,3110638,신방화역 2번,372,202,170,3,53,75,88,87,66,3,22,40,44,43,50,0,31,35,44,44,16
20242,A,골목상권,3110656,까치산역 3번,829,493,336,13,89,206,249,190,82,12,52,128,151,91,59,1,37,78,98,99,23
20242,R,전통시장,3130216,화곡중앙시장,75,32,43,0,4,11,21,22,17,0,2,2,9,8,11,0,2,9,12,14,6
20242,A,골목상권,3110651,화원중학교,377,214,163,2,29,50,102,105,89,1,19,31,68,52,43,1,10,19,34,53,46
20242,A,골목상권,3110673,뜸부기어린이공원,253,143,110,0,37,52,62,64,38,0,21,29,31,34,28,0,16,23,31,30,10
20242,R,전통시장,3130219,까치산시장,114,35,79,0,16,17,35,29,17,0,4,6,8,9,8,0,12,11,27,20,9
20242,A,골목상권,3110717,남구로역 2번,570,271,299,0,108,155,142,104,61,0,49,84,75,34,29,0,59,71,67,70,32
20242,A,골목상권,3110705,고산초등학교,33,19,14,0,3,2,8,7,13,0,3,1,8,2,5,0,0,1,0,5,8
20242,A,골목상권,3110701,고척동성당,567,379,188,2,126,185,125,92,37,0,81,133,82,54,29,2,45,52,43,38,8
20242,A,골목상권,3110713,구로보건소,2668,1817,851,5,474,650,706,533,300,3,323,472,514,332,173,2,151,178,192,201,127
20242,A,골목상권,3110686,수궁동주민센터,406,211,195,0,34,67,104,115,86,0,16,31,64,55,45,0,18,36,40,60,41
20242,A,골목상권,3110688,오류지구대,169,59,110,1,18,18,40,59,33,0,7,10,15,19,8,1,11,8,25,40,25
20242,R,전통시장,3130222,오류시장,132,21,111,0,10,26,46,43,7,0,5,1,4,5,6,0,5,25,42,38,1
20242,A,골목상권,3110689,오류동역 3번,287,200,87,3,44,47,56,75,62,3,25,32,41,52,47,0,19,15,15,23,15
20242,A,골목상권,3110745,독산동정훈단지,251,191,60,0,11,20,33,86,101,0,3,12,22,64,90,0,8,8,11,22,11
20242,A,골목상권,3110738,문성초등학교,249,125,124,0,17,27,65,90,50,0,12,14,34,40,25,0,5,13,31,50,25
20242,A,골목상권,3110737,금천세무서,502,323,179,8,77,85,96,116,120,0,28,49,51,91,104,8,49,36,45,25,16
20242,A,골목상권,3110751,난곡중학교,733,399,334,2,48,217,242,177,47,2,21,117,128,91,40,0,27,100,114,86,7
20242,R,전통시장,3130235,대명여울빛거리시장(대명시장),298,80,218,0,39,52,77,82,48,0,11,14,25,19,11,0,28,38,52,63,37
20242,A,골목상권,3110734,금천파출소,92,47,45,0,7,11,21,29,24,0,3,5,14,13,12,0,4,6,7,16,12
20242,A,골목상권,3110754,삼성산자연공원(서울금천초등학교),202,76,126,1,21,41,48,41,50,0,6,18,29,10,13,1,15,23,19,31,37
20242,A,골목상권,3110786,당산역 8번,271,179,92,2,20,41,60,51,97,2,8,21,42,38,68,0,12,20,18,13,29
20242,A,골목상권,3110784,신대림초등학교,76,42,34,0,3,11,18,36,8,0,0,7,12,18,5,0,3,4,6,18,3
20242,A,골목상권,3110776,도신초등학교,168,106,62,0,12,20,48,63,25,0,11,10,35,34,16,0,1,10,13,29,9
20242,R,전통시장,3130243,도림시장,7,5,2,0,0,1,4,0,2,0,0,1,3,0,1,0,0,0,1,0,1
20242,A,골목상권,3110765,문래동사거리,889,619,270,2,80,133,209,175,290,1,38,78,140,126,236,1,42,55,69,49,54
20242,D,발달상권,3120140,문래동주민센터,6184,3312,2872,22,1447,1843,1639,925,308,11,558,994,994,525,230,11,889,849,645,400,78
20242,D,발달상권,3120137,문래역(문래로데오거리),50,21,29,2,11,8,13,12,4,0,4,1,7,7,2,2,7,7,6,5,2
20242,A,골목상권,3110758,문래소공원,296,221,75,1,44,77,70,67,37,0,32,60,46,52,31,1,12,17,24,15,6
20242,R,전통시장,3130256,신동시장,2,2,0,0,0,0,0,1,1,0,0,0,0,1,1,0,0,0,0,0,0
20242,A,골목상권,3110812,신길6동주민센터,363,245,118,0,69,115,106,50,23,0,34,78,85,29,19,0,35,37,21,21,4
20242,R,전통시장,3130241,선유도역 골목형상점가,500,253,247,0,95,93,123,136,53,0,39,49,66,67,32,0,56,44,57,69,21
20242,A,골목상권,3110773,당산역 13번,161,127,34,0,24,40,31,22,44,0,20,33,19,18,37,0,4,7,12,4,7
20242,D,발달상권,3120149,여의도역(여의도),69255,45888,23367,184,11383,22550,19240,12096,3802,34,5884,14085,14147,9350,2388,150,5499,8465,5093,2746,1414
20242,A,골목상권,3110824,대방역 3번,296,102,194,1,48,91,92,42,22,0,11,26,29,23,13,1,37,65,63,19,9
20242,A,골목상권,3110847,예술인마을,443,216,227,3,52,135,137,77,39,3,13,60,74,37,29,0,39,75,63,40,10
20242,A,골목상권,3110849,이수역 10번,220,130,90,1,37,52,58,40,32,0,12,33,34,25,26,1,25,19,24,15,6
20242,A,골목상권,3110846,남성역 1번,535,290,245,1,66,120,146,135,67,0,25,59,78,74,54,1,41,61,68,61,13
20242,D,발달상권,3120155,총신대학교,107,54,53,0,13,27,24,25,18,0,7,8,13,14,12,0,6,19,11,11,6
20242,A,골목상권,3110836,상도역 5번,3057,1846,1211,9,550,798,701,647,352,2,238,486,453,447,220,7,312,312,248,200,132
20242,A,골목상권,3110826,장승배기역 4번,366,149,217,2,20,37,57,103,147,1,8,22,28,38,52,1,12,15,29,65,95
20242,A,골목상권,3110823,신대방삼거리역 3번,472,242,230,0,30,45,83,121,193,0,17,26,40,42,117,0,13,19,43,79,76
20242,A,골목상권,3110842,흑리단길,53,22,31,0,10,9,10,16,8,0,4,3,5,5,5,0,6,6,5,11,3
20242,A,골목상권,3110865,남강고등학교(남강중학교),270,116,154,4,57,53,59,61,36,2,10,23,23,31,27,2,47,30,36,30,9
20242,A,골목상권,3110887,서울산업정보학교(서울삼성초등학교),12,5,7,0,1,3,4,4,0,0,0,0,1,4,0,0,1,3,3,0,0
20242,A,골목상권,3110857,미성동주민센터,431,229,202,9,60,64,70,108,120,9,34,48,41,46,51,0,26,16,29,62,69
20242,A,골목상권,3110874,원신초등학교(구세군관악영문교회),46,15,31,1,4,19,7,12,3,1,1,3,3,6,1,0,3,16,4,6,2
20242,A,골목상권,3110886,관악해태어린이공원,184,103,81,1,38,50,41,34,20,1,18,28,21,23,12,0,20,22,20,11,8
20242,R,전통시장,3130283,신원시장,25,11,14,0,3,3,10,5,4,0,1,1,3,3,3,0,2,2,7,2,1
20242,R,전통시장,3130293,봉천중앙시장,154,42,112,0,17,13,29,46,49,0,5,7,14,14,2,0,12,6,15,32,47
20242,D,발달상권,3120166,방배역,5465,3280,2185,90,1234,1594,1033,699,815,26,523,920,713,451,647,64,711,674,320,248,168
20242,A,골목상권,3110919,내방역 8번,1289,936,353,3,122,279,365,332,188,1,51,165,297,279,143,2,71,114,68,53,45
20242,A,골목상권,3110933,한국상담대학원대학교,679,60,619,0,344,156,86,63,30,0,10,15,15,5,15,0,334,141,71,58,15
20242,A,골목상권,3110935,한전아트센터,379,264,115,2,53,108,105,72,39,2,33,82,75,46,26,0,20,26,30,26,13
20242,A,골목상권,3110938,바우뫼공원,1522,927,595,0,253,457,423,297,92,0,147,314,251,143,72,0,106,143,172,154,20
20242,A,골목상권,3110939,양재역 8번(양재동우체국),5949,4099,1850,23,970,1420,1461,1174,901,15,499,989,1053,799,744,8,471,431,408,375,157
20242,A,골목상권,3110983,국립국악고등학교,783,534,249,6,126,212,125,145,169,2,44,137,94,111,146,4,82,75,31,34,23
20242,A,골목상권,3110953,학동근린공원,2487,1583,904,15,679,891,571,218,113,0,336,572,409,180,86,15,343,319,162,38,27
20242,A,골목상권,3110970,학동초등학교,378,236,142,1,66,98,102,65,46,0,27,49,66,57,37,1,39,49,36,8,9
20242,D,발달상권,3120196,서울세관,9664,5880,3784,15,1699,2887,2578,1611,874,2,596,1519,1718,1320,725,13,1103,1368,860,291,149
20242,A,골목상권,3110964,싸리고개근린공원,217,124,93,0,29,60,59,34,35,0,8,32,36,23,25,0,21,28,23,11,10
20242,A,골목상권,3110988,청담역 3번,1594,1016,578,1,243,425,364,346,215,1,82,247,247,262,177,0,161,178,117,84,38
20242,A,골목상권,3110982,강남구보훈회관,166,74,92,0,31,34,41,41,19,0,7,13,25,14,15,0,24,21,16,27,4
20242,A,골목상권,3111000,대왕초등학교(세곡동사거리서남측),39,20,19,0,7,10,12,8,2,0,0,4,10,4,2,0,7,6,2,4,0
20242,R,전통시장,3130302,강남시장(강남구 강남시장),58,33,25,0,13,15,14,8,8,0,7,10,9,2,5,0,6,5,5,6,3
20242,A,골목상권,3110951,신사은행나무공원,267,70,197,0,35,83,95,47,7,0,6,24,26,12,2,0,29,59,69,35,5
20242,A,골목상권,3110959,신구중학교,271,140,131,0,14,66,82,79,30,0,7,36,49,29,19,0,7,30,33,50,11
20242,R,전통시장,3130304,신사상가,24,13,11,0,3,4,6,7,4,0,1,1,3,5,3,0,2,3,3,2,1
20242,A,골목상권,3110963,역삼월드메르디앙아파트,779,545,234,1,126,183,226,154,89,0,79,144,171,97,54,1,47,39,55,57,35
20242,A,골목상권,3110967,역삼역 8번,377,228,149,0,63,92,89,92,41,0,31,51,60,56,30,0,32,41,29,36,11
20242,A,골목상권,3110969,베르사이유1아파트,1546,1230,316,4,231,442,483,285,101,2,165,345,402,239,77,2,66,97,81,46,24
20242,R,전통시장,3130308,청담삼익시장,48,30,18,0,5,11,13,7,12,0,3,6,8,4,9,0,2,5,5,3,3
20242,D,발달상권,3120214,영동대교남단교차로,3984,2897,1087,7,489,1172,1107,929,280,3,271,811,865,753,194,4,218,361,242,176,86
20242,A,골목상권,3111025,경찰병원역 3번,686,412,274,1,84,164,149,157,131,0,45,102,103,88,74,1,39,62,46,69,57
20242,D,발달상권,3120241,거여역,1197,650,547,5,110,221,296,277,288,2,80,152,161,83,172,3,30,69,135,194,116
20242,A,골목상권,3111045,개미어린이공원,36,18,18,0,2,7,12,12,3,0,1,1,7,7,2,0,1,6,5,5,1
20242,A,골목상권,3111047,마천1치안센터,111,73,38,0,9,17,34,34,17,0,6,14,19,22,12,0,3,3,15,12,5
20242,A,골목상권,3111026,문정역 2번,2257,1479,778,7,430,626,537,409,248,3,235,420,381,229,211,4,195,206,156,180,37
20242,D,발달상권,3120233,몽촌토성역,10419,5740,4679,28,1795,2730,2265,2158,1443,22,1125,1855,1199,788,751,6,670,875,1066,1370,692
20242,A,골목상권,3111007,석촌고분역 4번,936,480,456,0,107,215,255,242,117,0,43,116,142,109,70,0,64,99,113,133,47
20242,A,골목상권,3111013,송파나루역 1번(송리단길),2234,1456,778,8,320,568,650,435,253,3,160,384,445,290,174,5,160,184,205,145,79
20242,R,전통시장,3130311,새마을시장,377,246,131,1,60,78,104,75,59,0,28,48,80,55,35,1,32,30,24,20,24
20242,A,골목상권,3111031,장지동주민센터(한림연예예술고교),3127,2317,810,8,263,415,651,857,933,2,170,330,497,648,670,6,93,85,154,209,263
20242,A,골목상권,3111087,고덕중학교(고덕2동주민센터),197,89,108,0,26,46,62,36,27,0,5,21,26,17,20,0,21,25,36,19,7
20242,A,골목상권,3111077,길동주민센터(강동도서관),1272,737,535,4,121,258,294,321,274,1,49,138,167,188,194,3,72,120,127,133,80
20242,D,발달상권,3120246,길동역,3415,1545,1870,14,385,562,837,913,704,8,169,318,417,302,331,6,216,244,420,611,373
20242,A,골목상권,3111084,길동신동아아파트,169,104,65,2,27,32,37,58,13,2,21,23,24,25,9,0,6,9,13,33,4
20242,D,발달상권,3120247,굽은다리역,572,312,260,4,91,119,146,104,108,1,37,77,74,56,67,3,54,42,72,48,41
20242,R,전통시장,3130325,명일전통시장,89,30,59,0,8,10,13,28,30,0,3,6,5,8,8,0,5,4,8,20,22
20242,A,골목상권,3111062,둔촌동역 3번(성내3동주민센터),751,501,250,5,134,198,194,144,76,5,81,139,126,91,59,0,53,59,68,53,17
20242,A,골목상권,3111070,천호초등학교,121,70,51,1,7,20,39,27,27,0,3,9,23,16,19,1,4,11,16,11,8
20234,R,전통시장,3130249,동남상가,10,8,2,0,2,0,0,4,4,0,1,0,0,4,3,0,1,0,0,0,1
20234,R,전통시장,3130266,만양로상점가,2,1,1,0,0,0,2,0,0,0,0,0,1,0,0,0,0,0,1,0,0
20234,R,전통시장,3130085,용두시장,4,2,2,0,0,0,1,2,1,0,0,0,0,1,1,0,0,0,1,1,0
20233,R,전통시장,3130088,경동시장,126,57,69,0,18,32,24,17,35,0,3,11,11,10,22,0,15,21,13,7,13
20233,A,골목상권,3110194,홍파초등학교,112,85,27,0,6,32,24,36,14,0,4,20,20,31,10,0,2,12,4,5,4
20233,A,골목상권,3110203,떡전교사거리,99,63,36,1,9,15,32,29,13,1,0,7,26,20,9,0,9,8,6,9,4
20233,A,골목상권,3110278,망우본동주민센터,276,166,110,1,32,46,77,81,39,0,10,25,43,56,32,1,22,21,34,25,7
20233,R,전통시장,3130106,중랑동부시장,166,56,110,1,20,40,34,39,32,0,1,8,7,21,19,1,19,32,27,18,13
20233,A,골목상권,3110246,월드순복음교회,431,312,119,0,27,97,158,95,54,0,12,69,122,65,44,0,15,28,36,30,10
20233,A,골목상권,3110261,사가정역 4번,167,90,77,1,16,29,49,50,22,1,8,15,25,26,15,0,8,14,24,24,7
20233,A,골목상권,3110242,면목5동주민센터,164,112,52,0,21,28,56,30,29,0,12,23,31,22,24,0,9,5,25,8,5
20233,A,골목상권,3110241,먹골역 5번,415,213,202,0,61,87,97,117,53,0,17,49,46,63,38,0,44,38,51,54,15
20233,D,발달상권,3120069,상봉역,1012,728,284,3,69,146,222,270,302,1,40,71,131,216,269,2,29,75,91,54,33
20233,A,골목상권,3110233,중랑역 1번,142,46,96,1,23,27,50,35,6,1,6,7,16,11,5,0,17,20,34,24,1
20233,A,골목상권,3110281,길상사,13818,12089,1729,12,1418,3093,4061,4964,270,1,960,2426,3678,4823,201,11,458,667,383,141,69
20233,A,골목상권,3110309,대광초등학교,376,266,110,0,38,63,108,103,64,0,19,44,71,78,54,0,19,19,37,25,10
20233,A,골목상권,3110318,KT월곡지사,148,78,70,0,21,29,45,36,17,0,10,19,22,14,13,0,11,10,23,22,4
20233,A,골목상권,3110379,KT&G 북부지사,12,3,9,1,1,1,3,3,3,0,0,0,1,1,1,1,1,1,2,2,2
20233,A,골목상권,3110373,수유역 2번,891,705,186,0,129,255,172,236,99,0,90,208,134,205,68,0,39,47,38,31,31
20233,R,전통시장,3130132,삼양골목시장(삼양시장),61,19,42,0,10,14,13,15,9,0,0,4,5,5,5,0,10,10,8,10,4
20233,A,골목상권,3110377,미아사거리역 3번,21,14,7,0,2,2,2,9,6,0,2,2,1,4,5,0,0,0,1,5,1
20233,A,골목상권,3110345,솔밭공원역 2번,114,47,67,1,14,18,26,37,18,0,3,6,8,17,13,1,11,12,18,20,5
20233,A,골목상권,3110342,국립재활원,60,45,15,0,5,11,20,15,9,0,3,8,14,13,7,0,2,3,6,2,2
20233,A,골목상권,3110348,강북문화예술회관,343,174,169,0,27,59,108,96,53,0,4,31,63,43,33,0,23,28,45,53,20
20233,A,골목상권,3110338,인수초등학교,263,192,71,0,34,67,61,63,38,0,18,49,44,48,33,0,16,18,17,15,5
20233,A,골목상권,3110402,도봉구 정병원,471,221,250,1,85,98,98,106,83,0,24,38,54,59,46,1,61,60,44,47,37
20233,A,골목상권,3110383,덕성여대시반거리,33,21,12,0,0,3,13,10,7,0,0,2,9,5,5,0,0,1,4,5,2
20233,R,전통시장,3130145,쌍문역둘리상점가,244,202,42,0,39,44,77,62,22,0,28,35,65,56,18,0,11,9,12,6,4
20233,A,골목상권,3110392,발바닥공원,43,17,26,0,2,8,7,10,16,0,0,0,3,3,11,0,2,8,4,7,5
20233,A,골목상권,3110416,노원초등학교,468,244,224,4,61,110,118,126,49,2,24,73,58,58,29,2,37,37,60,68,20
20233,A,골목상권,3110428,상계5동주민센터,491,217,274,1,43,52,106,158,131,0,14,25,45,70,63,1,29,27,61,88,68
20233,D,발달상권,3120080,마들역,180,46,134,0,30,45,46,36,23,0,2,7,9,13,15,0,28,38,37,23,8
20233,A,골목상권,3110464,연신내역 5번,301,170,131,4,32,53,93,85,34,4,18,28,44,49,27,0,14,25,49,36,7
20233,A,골목상권,3110457,예일여고,482,283,199,1,60,88,88,132,113,0,27,46,47,71,92,1,33,42,41,61,21
20233,D,발달상권,3120091,본서부병원,516,192,324,1,51,69,119,165,111,0,20,28,51,55,38,1,31,41,68,110,73
20233,A,골목상권,3110485,연신내우체국,1259,678,581,0,7,24,35,160,1033,0,4,5,15,70,584,0,3,19,20,90,449
20233,A,골목상권,3110488,우리은행응암동지점,174,104,70,1,14,24,41,38,56,0,8,16,19,15,46,1,6,8,22,23,10
20233,R,전통시장,3130163,응암오거리상점가,182,49,133,0,24,28,44,50,36,0,4,8,11,12,14,0,20,20,33,38,22
20233,A,골목상권,3110449,증산역 3번,709,410,299,0,104,160,182,147,116,0,47,98,96,84,85,0,57,62,86,63,31
20233,D,발달상권,3120094,"신촌역(신촌역, 신촌로터리)",5328,2411,2917,67,2381,1182,676,592,430,23,994,579,296,278,241,44,1387,603,380,314,189
20233,R,전통시장,3130175,신촌 상인회(신촌상점가),13,5,8,0,1,3,5,4,0,0,1,0,1,3,0,0,0,3,4,1,0
20233,D,발달상권,3120097,충정로역,2246,1354,892,0,321,658,631,407,229,0,172,390,397,254,141,0,149,268,234,153,88
20233,R,전통시장,3130176,유진상가,38,23,15,0,20,16,1,1,0,0,9,13,1,0,0,0,11,3,0,1,0
20233,A,골목상권,3110523,홍제성원아파트,21,9,12,0,0,4,5,7,5,0,0,0,2,5,2,0,0,4,3,2,3
20233,D,발달상권,3120107,공덕역(공덕오거리),13077,7619,5458,43,2471,3470,3552,3026,515,9,1021,2002,2300,1900,387,34,1450,1468,1252,1126,128
20233,A,골목상권,3110586,서울서부지방법원,1855,953,902,2,423,499,464,293,174,1,233,283,196,130,110,1,190,216,268,163,64
20233,A,골목상권,3110540,망원나들목체육관,238,107,131,0,39,63,70,47,19,0,19,28,26,23,11,0,20,35,44,24,8
20233,A,골목상권,3110567,광흥창역 6번,91,61,30,0,16,26,27,12,10,0,8,20,13,11,9,0,8,6,14,1,1
20233,A,골목상권,3110565,홍익대,110,66,44,0,16,34,34,19,7,0,8,16,23,13,6,0,8,18,11,6,1
20233,A,골목상권,3110560,마포FM,292,140,152,0,26,64,87,77,38,0,10,26,40,36,28,0,16,38,47,41,10
20233,A,골목상권,3110549,새터산,357,165,192,1,57,79,100,64,56,1,24,39,47,22,32,0,33,40,53,42,24
20233,D,발달상권,3120099,월드컵경기장역(월드컵경기장),84,57,27,0,11,20,26,14,13,0,6,16,21,7,7,0,5,4,5,7,6
20233,A,골목상권,3110581,염리초등학교,16,11,5,0,0,0,2,6,8,0,0,0,2,3,6,0,0,0,0,3,2
20233,D,발달상권,3120113,오목교역,641,380,261,2,98,147,163,141,90,1,45,81,95,95,63,1,53,66,68,46,27
20233,D,발달상권,3120110,목동역 8번출구,1858,1400,458,2,142,216,286,247,965,1,42,102,166,181,908,1,100,114,120,66,57
20233,A,골목상권,3110617,등촌역 4번,262,188,74,0,47,75,73,48,19,0,37,55,50,31,15,0,10,20,23,17,4
20233,A,골목상권,3110597,신월1동주민센터,517,302,215,0,30,68,111,150,158,0,14,36,54,84,114,0,16,32,57,66,44
20233,R,전통시장,3130199,신월3동 골목시장,18,8,10,0,1,4,4,9,0,0,0,1,3,4,0,0,1,3,1,5,0
20233,A,골목상권,3110615,신서초등학교,87,63,24,0,20,21,27,13,6,0,14,18,18,8,5,0,6,3,9,5,1
20233,A,골목상권,3110674,강서구청가양동별관,260,189,71,0,21,55,61,47,76,0,14,46,35,29,65,0,7,9,26,18,11
20233,A,골목상권,3110677,등촌역 1번,410,321,89,1,50,80,83,91,105,1,24,51,70,76,99,0,26,29,13,15,6
20233,A,골목상권,3110676,등촌역 7번,228,138,90,0,31,34,61,56,46,0,13,20,36,37,32,0,18,14,25,19,14
20233,D,발달상권,3120117,강서농산물도매시장,451,280,171,0,12,62,127,153,97,0,9,48,78,89,56,0,3,14,49,64,41
20233,A,골목상권,3110636,방화역 2번,152,76,76,1,25,49,41,21,15,0,9,26,27,4,10,1,16,23,14,17,5
20233,A,골목상권,3110631,방화초등학교,335,161,174,2,32,63,68,100,70,2,19,34,37,37,32,0,13,29,31,63,38
20233,D,발달상권,3120120,화곡역,927,405,522,1,177,218,193,196,142,0,46,109,84,81,85,1,131,109,109,115,57
20233,A,골목상권,3110656,까치산역 3번,829,493,336,13,89,206,249,190,82,12,52,128,151,91,59,1,37,78,98,99,23
20233,D,발달상권,3120121,까치산역,365,145,220,2,51,46,72,106,88,2,12,18,29,43,41,0,39,28,43,63,47
20233,A,골목상권,3110654,까치산역 4번,1027,687,340,2,68,149,252,380,176,1,38,81,139,281,147,1,30,68,113,99,29
20233,A,골목상권,3110665,곰달래도서관,469,285,184,0,36,92,123,138,80,0,25,60,79,74,47,0,11,32,44,64,33
20233,A,골목상권,3110662,까치산역 1번,1480,885,595,4,245,501,396,234,100,4,129,301,207,171,73,0,116,200,189,63,27
20233,R,전통시장,3130217,화곡본동시장,36,16,20,0,3,5,10,13,5,0,1,3,5,6,1,0,2,2,5,7,4
20233,A,골목상권,3110691,개봉중학교,395,205,190,0,37,65,119,115,59,0,20,38,49,52,46,0,17,27,70,63,13
20233,A,골목상권,3110705,고산초등학교,33,19,14,0,3,2,8,7,13,0,3,1,8,2,5,0,0,1,0,5,8
20233,R,전통시장,3130229,남구로시장,249,139,110,1,16,53,61,62,56,0,7,30,31,32,39,1,9,23,30,30,17
20233,A,골목상권,3110680,온수역 5번(온수산업단지),901,770,131,15,129,129,157,274,197,15,105,106,127,234,183,0,24,23,30,40,14
20233,A,골목상권,3110685,금강수목원아파트,56,39,17,0,10,12,12,11,11,0,7,10,5,7,10,0,3,2,7,4,1
20233,D,발달상권,3120132,독산동,4203,2884,1319,13,512,908,1016,1074,680,12,350,650,695,701,476,1,162,258,321,373,204
20233,A,골목상권,3110732,가산초등학교(세일중학교),362,258,104,1,42,68,107,79,65,0,23,39,78,64,54,1,19,29,29,15,11
20233,A,골목상권,3110729,가산동우체국,151,112,39,0,19,30,40,39,23,0,14,19,30,30,19,0,5,11,10,9,4
20233,A,골목상권,3110723,가산디지털단지역 1번 출입구,286,247,39,0,6,10,37,130,103,0,6,5,26,113,97,0,0,5,11,17,6
20233,A,골목상권,3110742,KT금천빌딩(금천구시설관리공단),426,237,189,0,42,83,106,125,70,0,21,57,71,54,34,0,21,26,35,71,36
20233,A,골목상권,3110748,백산초등학교,102,64,38,0,6,19,21,26,30,0,2,9,11,22,20,0,4,10,10,4,10
20233,A,골목상권,3110749,금산초등학교(금천고등학교),418,255,163,0,51,99,100,118,50,0,26,61,51,81,36,0,25,38,49,37,14
20233,A,골목상권,3110750,시흥4동주민센터(서울신흥초등학교),397,221,176,4,78,83,80,104,48,4,47,62,43,33,32,0,31,21,37,71,16
20233,D,발달상권,3120141,영등포청과시장교차로,601,418,183,2,71,137,188,115,88,1,36,85,133,86,77,1,35,52,55,29,11
20233,R,전통시장,3130240,영등포유통상가,1400,893,507,0,128,296,347,287,342,0,68,168,226,194,237,0,60,128,121,93,105
20233,A,골목상권,3110763,영등포구청역 2번,480,353,127,2,84,147,107,84,56,0,53,100,79,72,49,2,31,47,28,12,7
20233,A,골목상권,3110786,당산역 8번,271,179,92,2,20,41,60,51,97,2,8,21,42,38,68,0,12,20,18,13,29
20233,R,전통시장,3130247,우리시장,19,15,4,0,3,4,4,3,5,0,1,3,4,3,4,0,2,1,0,0,1
20233,A,골목상권,3110817,대방역 4번,26,19,7,0,2,6,6,6,6,0,0,4,4,6,5,0,2,2,2,0,1
20233,R,전통시장,3130256,신동시장,2,2,0,0,0,0,0,1,1,0,0,0,0,1,1,0,0,0,0,0,0
20233,A,골목상권,3110757,양평역 2번,1501,1114,387,1,111,230,356,424,379,0,51,176,286,314,287,1,60,54,70,110,92
20233,A,골목상권,3110762,선유도역 1번,3139,2286,853,6,392,669,739,809,524,4,217,459,529,629,448,2,175,210,210,180,76
20233,A,골목상권,3110807,신길역 3번,102,70,32,0,6,16,23,27,30,0,4,8,18,19,21,0,2,8,5,8,9
20233,R,전통시장,3130250,삼구시장(로타리상가),1,0,1,0,0,0,0,1,0,0,0,0,0,0,0,0,0,0,0,1,0
20233,A,골목상권,3110803,신길2동우편취급국,312,224,88,0,17,27,58,67,143,0,6,14,33,43,128,0,11,13,25,24,15
20233,A,골목상권,3110847,예술인마을,443,216,227,3,52,135,137,77,39,3,13,60,74,37,29,0,39,75,63,40,10
20233,R,전통시장,3130272,사당시장,45,20,25,0,4,6,10,11,14,0,0,1,4,6,9,0,4,5,6,5,5
20233,A,골목상권,3110843,사당5동주민센터,181,135,46,1,22,25,55,52,26,0,16,17,34,44,24,1,6,8,21,8,2
20233,A,골목상권,3110835,상도역 1번,296,170,126,0,81,95,59,38,23,0,32,61,37,19,21,0,49,34,22,19,2
20233,A,골목상권,3110867,국제신학대학원대학교(남서울중학교),202,117,85,0,8,34,39,53,68,0,2,15,21,32,47,0,6,19,18,21,21
20233,A,골목상권,3110830,상도초등학교,281,152,129,0,22,61,73,85,40,0,7,29,36,54,26,0,15,32,37,31,14
20233,D,발달상권,3120154,장승배기역,497,214,283,1,64,124,128,111,69,0,19,58,68,39,30,1,45,66,60,72,39
20233,D,발달상권,3120151,보라매공원,2417,1455,962,6,401,736,707,383,184,4,194,433,450,237,137,2,207,303,257,146,47
20233,A,골목상권,3110863,난우초등학교,319,179,140,6,40,61,63,79,70,5,23,30,38,36,47,1,17,31,25,43,23
20233,A,골목상권,3110882,신성초등학교,733,444,289,1,95,131,215,168,123,0,52,67,122,109,94,1,43,64,93,59,29
20233,A,골목상권,3110864,신림우방아파트,236,161,75,0,31,48,53,60,44,0,21,31,37,43,29,0,10,17,16,17,15
20233,A,골목상권,3110871,신원동주민센터,64,32,32,1,6,13,19,12,13,0,4,6,8,7,7,1,2,7,11,5,6
20233,R,전통시장,3130283,신원시장,25,11,14,0,3,3,10,5,4,0,1,1,3,3,3,0,2,2,7,2,1
20233,A,골목상권,3110854,조원동주민센터,55,39,16,0,4,5,17,21,8,0,3,5,9,15,7,0,1,0,8,6,1
20233,A,골목상권,3110898,청림동주민센터(상도중학교),66,27,39,0,16,14,14,16,6,0,5,3,8,7,4,0,11,11,6,9,2
20233,D,발달상권,3120170,삼호가든사거리,2026,1161,865,8,279,587,623,346,183,7,113,333,412,168,128,1,166,254,211,178,55
20233,A,골목상권,3110917,서초소방서,1505,939,566,6,157,432,402,355,153,2,72,281,295,181,108,4,85,151,107,174,45
20233,A,골목상권,3110918,방배역 3번,682,438,244,3,98,127,164,142,148,2,59,85,108,86,98,1,39,42,56,56,50
20233,A,골목상권,3110903,방배아이파크아파트,7222,2653,4569,7,1242,1778,2487,1322,386,1,333,597,951,599,172,6,909,1181,1536,723,214
20233,A,골목상권,3110915,서래초등학교,3011,2335,676,14,441,940,1066,421,129,11,286,683,868,373,114,3,155,257,198,48,15
20233,A,골목상권,3110926,신중초등학교,1610,1175,435,6,193,359,463,382,207,3,114,263,355,292,148,3,79,96,108,90,59
20233,A,골목상권,3110928,서초우방유쉘아파트,596,491,105,1,57,109,125,205,99,1,29,76,109,190,86,0,28,33,16,15,13
20233,D,발달상권,3120184,포이사거리(삼호물산),10139,7003,3136,20,1553,3044,2666,1705,1151,10,846,2068,2010,1212,857,10,707,976,656,493,294
20233,A,골목상권,3110941,언남고등학교,261,158,103,0,33,46,89,58,35,0,14,26,51,40,27,0,19,20,38,18,8
20233,D,발달상권,3120174,논현역 5번,680,379,301,6,108,196,155,93,122,4,39,108,90,58,80,2,69,88,65,35,42
20233,A,골목상권,3110927,잠원역,745,553,192,2,93,342,198,98,12,2,82,218,159,81,11,0,11,124,39,17,1
20233,A,골목상권,3110977,논현로18길,148,102,46,0,22,32,45,29,20,0,14,20,33,20,15,0,8,12,12,9,5
20233,A,골목상권,3110961,언주역 3번,962,673,289,5,172,286,248,140,111,3,97,184,187,112,90,2,75,102,61,28,21
20233,A,골목상권,3110970,학동초등학교,378,236,142,1,66,98,102,65,46,0,27,49,66,57,37,1,39,49,36,8,9
20233,D,발달상권,3120219,은마아파트,17175,5797,11378,202,3397,3819,3179,4061,2517,83,1254,1872,1374,818,396,119,2143,1947,1805,3243,2121
20233,D,발달상권,3120222,삼성역,43324,24141,19183,244,8091,13641,10294,6385,4669,119,3186,7703,6883,3711,2539,125,4905,5938,3411,2674,2130
20233,D,발달상권,3120201,도곡1동,11549,6381,5168,116,3564,3468,2477,1299,625,31,1365,2018,1727,754,486,85,2199,1450,750,545,139
20233,D,발달상권,3120213,삼성중앙역,8521,5150,3371,50,1869,2485,1911,1070,1136,12,830,1515,1305,716,772,38,1039,970,606,354,364
20233,D,발달상권,3120209,"강남구청(청담역_8번, 강남세무서)",8987,2610,6377,34,2050,2684,2467,1172,580,9,538,752,537,395,379,25,1512,1932,1930,777,201
20233,D,발달상권,3120216,경기고교사거리(경기고교앞사거리),4934,3621,1313,8,712,1628,1666,772,148,5,291,1070,1431,703,121,3,421,558,235,69,27
20233,A,골목상권,3110986,삼성중앙역 7번,90,59,31,0,9,18,36,19,8,0,3,6,29,15,6,0,6,12,7,4,2
20233,D,발달상권,3120224,수서역,12418,6339,6079,23,1900,3177,3167,2346,1805,12,860,1669,1497,1232,1069,11,1040,1508,1670,1114,736
20233,D,발달상권,3120195,성수대교남단,5611,2685,2926,39,1393,2394,1102,426,257,15,487,1194,634,208,147,24,906,1200,468,218,110
20233,D,발달상권,3120198,구역삼세무서,11531,7246,4285,23,2691,3529,2889,1562,837,12,1141,2216,2115,1139,623,11,1550,1313,774,423,214
20233,A,골목상권,3110958,역삼역 4번,997,760,237,1,96,197,300,298,105,1,46,133,254,241,85,0,50,64,46,57,20
20233,A,골목상권,3110956,언주역 8번,1199,758,441,4,361,471,199,87,77,2,158,307,163,70,58,2,203,164,36,17,19
20233,A,골목상권,3111025,경찰병원역 3번,686,412,274,1,84,164,149,157,131,0,45,102,103,88,74,1,39,62,46,69,57
20233,A,골목상권,3111029,오금역 4번,427,314,113,3,71,108,91,79,75,1,51,81,67,55,59,2,20,27,24,24,16
20233,A,골목상권,3111042,거여역 1번(거여공원),872,597,275,3,147,186,251,200,85,3,121,134,159,130,50,0,26,52,92,70,35
20233,D,발달상권,3120235,문정역,954,648,306,1,117,204,211,255,166,0,70,158,152,154,114,1,47,46,59,101,52
20233,A,골목상권,3111023,문정역 1번,939,576,363,2,133,202,263,204,135,0,86,139,184,100,67,2,47,63,79,104,68
20233,D,발달상권,3120232,송파나루역,1056,714,342,0,185,302,235,171,163,0,80,192,163,131,148,0,105,110,72,40,15
20233,U,관광특구,3001495,잠실 관광특구,25240,14855,10385,124,4880,6877,5824,4628,2907,55,2599,4419,3662,2383,1737,69,2281,2458,2162,2245,1170
20233,A,골목상권,3111006,석촌고분역 1번,1112,721,391,0,127,292,337,203,153,0,56,169,242,135,119,0,71,123,95,68,34
20233,R,전통시장,3130312,석촌시장,619,270,349,1,20,40,81,170,307,1,9,23,43,41,153,0,11,17,38,129,154
20233,D,발달상권,3120227,잠실역,45462,24220,21242,163,8142,11830,12761,11282,1284,51,3785,7436,7437,4549,962,112,4357,4394,5324,6733,322
20233,A,골목상권,3111090,강일동주민센터,91,35,56,0,15,30,23,17,6,0,1,10,10,10,4,0,14,20,13,7,2
20233,A,골목상권,3111068,강동성심병원,1570,605,965,0,532,392,271,203,172,0,126,134,114,101,130,0,406,258,157,102,42
20233,R,전통시장,3130323,둔촌역전통시장,171,86,85,0,3,14,23,36,95,0,2,6,8,14,56,0,1,8,15,22,39
20233,D,발달상권,3120244,암사역,916,401,515,0,70,85,103,111,547,0,14,44,49,42,252,0,56,41,54,69,295
20233,A,골목상권,3111054,암사역 4번(삼성광나루아파트),104,42,62,0,14,18,19,12,41,0,4,12,7,5,14,0,10,6,12,7,27
20233,A,골목상권,3111065,천일초등학교,79,38,41,2,6,21,18,23,9,2,5,11,7,6,7,0,1,10,11,17,2
20233,A,골목상권,3111049,천호지구대(천호동자전거거리),507,277,230,2,75,90,96,118,126,0,36,50,40,68,83,2,39,40,56,50,43
20233,A,골목상권,3111060,암사역 2번(서울강동초등학교),872,458,414,1,101,211,241,202,116,1,41,97,131,107,81,0,60,114,110,95,35
20233,A,골목상권,3110007,사직공원(한국사회과학도서관),283,185,98,2,58,88,63,41,31,2,30,62,44,27,20,0,28,26,19,14,11
20233,A,골목상권,3110531,홍지문,141,61,80,0,16,26,24,56,19,0,13,19,13,9,7,0,3,7,11,47,12
20233,A,골목상권,3110013,체부동홍종문가옥,125,71,54,0,8,28,31,26,32,0,2,11,18,14,26,0,6,17,13,12,6
20233,D,발달상권,3120017,동묘앞역(동묘),724,205,519,0,78,151,278,136,81,0,13,47,55,37,53,0,65,104,223,99,28
20233,U,관광특구,3001494,종로·청계 관광특구,32892,17118,15774,68,5350,9954,9473,6395,1652,15,2280,4904,4583,4154,1182,53,3070,5050,4890,2241,470
20233,R,전통시장,3130007,광장시장(광장전통시장),466,310,156,0,39,77,97,129,124,0,22,41,73,77,97,0,17,36,24,52,27
20233,R,전통시장,3130018,동대문문구완구거리(동대문문구완구시장),120,70,50,0,11,18,23,38,30,0,6,10,13,22,19,0,5,8,10,16,11
20233,A,골목상권,3110010,평창동서측,5240,2651,2589,1,324,1250,2239,1231,195,0,76,342,1157,943,133,1,248,908,1082,288,62
20233,D,발달상권,3120035,퇴계로5가,2257,1368,889,7,650,570,525,321,184,3,282,379,388,200,116,4,368,191,137,121,68
20233,D,발달상권,3120038,약수역,2299,1362,937,7,436,740,580,324,212,1,189,452,383,196,141,6,247,288,197,128,71
20233,D,발달상권,3120028,명동(명동거리),12590,7582,5008,41,2103,3542,3628,2206,1070,16,1009,1955,2310,1615,677,25,1094,1587,1318,591,393
20233,D,발달상권,3120030,중부경찰서(영화인의거리),11882,6796,5086,53,2154,3638,3422,1957,658,16,721,2139,2091,1366,463,37,1433,1499,1331,591,195
20233,D,발달상권,3120029,을지로2가,7461,4461,3000,27,1938,2808,1698,798,192,7,787,1650,1165,693,159,20,1151,1158,533,105,33
20233,D,발달상권,3120025,롯데백화점(시청광장 지하쇼핑센터),22643,6274,16369,229,12750,7002,1624,945,93,71,3075,2028,780,249,71,158,9675,4974,844,696,22
20233,A,골목상권,3110051,한양공고앞 교차로,111,82,29,0,17,23,33,26,12,0,12,16,24,20,10,0,5,7,9,6,2
20233,R,전통시장,3130046,team204(팀204),20,13,7,0,1,3,4,2,10,0,0,2,3,1,7,0,1,1,1,1,3
20233,R,전통시장,3130047,테크노상가(엘리시움),158,110,48,0,10,26,33,60,29,0,5,20,20,41,24,0,5,6,13,19,5
20233,R,전통시장,3130048,동평화시장,20,11,9,0,7,8,1,4,0,0,3,4,1,3,0,0,4,4,0,1,0
20233,R,전통시장,3130055,"황학시장(서울중앙시장, 신중앙시장)",203,117,86,0,24,49,47,52,31,0,12,25,24,32,24,0,12,24,23,20,7
20233,R,전통시장,3130025,삼익패션타운(남대문시장),5494,2675,2819,69,1760,1561,1124,794,186,31,674,837,763,292,78,38,1086,724,361,502,108
20233,A,골목상권,3110075,숙대입구역 1번,1630,736,894,9,270,506,417,289,139,5,69,188,182,181,111,4,201,318,235,108,28
20233,A,골목상권,3110093,우사단길,2647,1632,1015,2,331,1035,757,359,163,1,106,546,562,321,96,1,225,489,195,38,67
20233,A,골목상권,3110089,서빙고동주민센터,752,503,249,1,94,230,220,107,100,0,33,136,159,88,87,1,61,94,61,19,13
20233,A,골목상권,3110064,효창공원앞역 2번,923,525,398,2,126,275,261,160,99,1,49,160,160,88,67,1,77,115,101,72,32
20233,A,골목상권,3110109,금호삼성래미안아파트,92,39,53,0,7,10,12,42,21,0,2,6,3,15,13,0,5,4,9,27,8
20233,A,골목상권,3110108,성동구립금호도서관,6,1,5,0,0,1,4,1,0,0,0,0,0,1,0,0,0,1,4,0,0
20233,A,골목상권,3110104,신금호역 4번,213,141,72,0,22,33,35,54,69,0,6,17,21,37,60,0,16,16,14,17,9
20233,A,골목상권,3110126,서울숲역 1번,27,18,9,0,0,7,2,12,6,0,0,6,0,7,5,0,0,1,2,5,1
20233,A,골목상권,3110135,성동세무서,401,208,193,0,41,84,107,78,91,0,7,43,49,38,71,0,34,41,58,40,20
20233,A,골목상권,3110115,상왕십리역 3번,945,362,583,10,392,218,156,113,56,0,76,84,93,75,34,10,316,134,63,38,22
20233,A,골목상권,3110133,서울교통공사,122,93,29,0,19,25,33,21,24,0,12,18,29,17,17,0,7,7,4,4,7
20233,R,전통시장,3130072,성동용답상가시장,132,71,61,0,21,19,35,39,18,0,9,9,16,26,11,0,12,10,19,13,7
20233,A,골목상권,3110130,답십리역 6번,105,89,16,0,20,24,38,15,8,0,17,20,35,10,7,0,3,4,3,5,1
20233,A,골목상권,3110170,동대부여고,223,128,95,1,37,51,67,45,22,0,17,21,42,32,16,1,20,30,25,13,6
20233,A,골목상권,3110172,광진초등학교,344,227,117,0,42,72,92,91,47,0,17,48,61,65,36,0,25,24,31,26,11
20233,A,골목상권,3110173,구남초등학교,195,106,89,0,34,50,46,44,21,0,16,28,21,25,16,0,18,22,25,19,5
20233,R,전통시장,3130081,자양골목전통시장(자양골목시장),54,36,18,0,7,17,14,9,7,0,5,12,9,6,4,0,2,5,5,3,3
20233,R,전통시장,3130080,자양종합시장(기능상실),14,10,4,0,0,1,6,6,1,0,0,1,4,4,1,0,0,0,2,2,0
20233,A,골목상권,3110143,뚝섬유원지역 1번,44,18,26,1,4,13,9,13,4,1,0,3,5,6,3,0,4,10,4,7,1
20233,D,발달상권,3120053,건대입구역(건대),892,505,387,5,148,146,178,204,211,2,41,65,97,137,163,3,107,81,81,67,48
20233,R,전통시장,3130075,노룬산시장(노룬산골목시장),17,12,5,0,4,5,6,0,2,0,3,3,5,0,1,0,1,2,1,0,1
20233,A,골목상권,3110165,국립정신건강센터,243,175,68,0,12,32,69,76,54,0,7,23,42,59,44,0,5,9,27,17,10
20233,R,전통시장,3130082,면곡골목시장,20,11,9,0,4,0,1,9,6,0,4,0,0,3,4,0,0,0,1,6,2
20233,R,전통시장,3130078,화양제일골목시장,52,17,35,0,6,15,19,9,3,0,1,5,8,2,1,0,5,10,11,7,2
20233,A,골목상권,3110185,용두초등학교,122,77,45,0,13,22,31,32,24,0,5,13,18,22,19,0,8,9,13,10,5
20233,D,발달상권,3120067,장안동사거리,2595,1173,1422,9,427,580,675,579,325,7,165,280,260,257,204,2,262,300,415,322,121
20233,R,전통시장,3130092,청량리농수산물시장,12,9,3,0,0,1,3,5,3,0,0,0,3,3,3,0,0,1,0,2,0
20233,A,골목상권,3110205,경희대삼거리,82,48,34,0,4,13,23,23,19,0,2,10,7,17,12,0,2,3,16,6,7
20233,A,골목상권,3110265,망우역 1번,198,91,107,1,23,43,54,57,20,0,7,18,21,32,13,1,16,25,33,25,7
20233,R,전통시장,3130110,면목골목시장(면목시장),107,64,43,0,1,9,35,38,24,0,1,6,22,19,16,0,0,3,13,19,8
20233,A,골목상권,3110263,면목역 1번,130,71,59,0,13,27,35,24,31,0,7,12,12,14,26,0,6,15,23,10,5
20233,A,골목상권,3110272,신내1동주민센터,477,319,158,0,45,69,93,152,118,0,15,35,60,103,106,0,30,34,33,49,12
20233,R,전통시장,3130113,신아타운,148,27,121,1,31,31,28,39,18,1,4,9,3,4,6,0,27,22,25,35,12
20233,A,골목상권,3110307,길음역 7번,119,62,57,0,17,25,41,19,17,0,7,17,18,10,10,0,10,8,23,9,7
20233,A,골목상권,3110310,길음역 10번,45,14,31,0,12,8,5,15,5,0,4,1,2,4,3,0,8,7,3,11,2
20233,A,골목상권,3110288,동구여중,216,139,77,1,19,49,52,55,40,0,9,22,35,40,33,1,10,27,17,15,7
20233,A,골목상권,3110313,안암역 3번,2069,1344,725,2,208,552,670,474,163,0,95,310,444,355,140,2,113,242,226,119,23
20233,A,골목상권,3110326,장위동성당,84,40,44,0,2,9,16,13,44,0,1,2,6,5,26,0,1,7,10,8,18
20233,R,전통시장,3130117,정릉시장,121,63,58,0,4,15,34,43,25,0,2,8,20,19,14,0,2,7,14,24,11
20233,A,골목상권,3110282,국민대학교앞,980,789,191,13,185,388,206,75,113,12,134,349,179,57,58,1,51,39,27,18,55
20233,R,전통시장,3130118,정릉골 골목형상점가,67,30,37,0,11,13,11,19,13,0,0,2,6,12,10,0,11,11,5,7,3
20233,R,전통시장,3130141,강북북부골목시장,36,19,17,0,12,4,11,6,3,0,3,2,6,6,2,0,9,2,5,0,1
20233,A,골목상권,3110380,강북문화정보도서관,48,15,33,0,12,10,12,10,4,0,0,3,5,4,3,0,12,7,7,6,1
20233,D,발달상권,3120078,미아사거리역,143,89,54,0,27,28,29,30,29,0,12,16,21,18,22,0,15,12,8,12,7
20233,A,골목상권,3110370,도봉세무서,367,255,112,0,17,61,76,105,108,0,11,31,42,80,91,0,6,30,34,25,17
20233,A,골목상권,3110358,인수동 우편취급국,549,295,254,0,18,34,67,210,220,0,2,18,23,91,161,0,16,16,44,119,59
20233,A,골목상권,3110359,수유시장옆,126,72,54,0,12,26,34,40,14,0,3,12,17,32,8,0,9,14,17,8,6
20233,A,골목상권,3110366,광산사거리,91,64,27,0,17,20,17,22,15,0,13,13,11,16,11,0,4,7,6,6,4
20233,A,골목상권,3110391,샘말어린이공원,219,118,101,0,22,44,64,45,44,0,12,26,37,23,20,0,10,18,27,22,24
20233,A,골목상권,3110386,연산군묘,124,114,10,0,4,3,10,44,63,0,1,3,7,40,63,0,3,0,3,4,0
20233,A,골목상권,3110385,효문고등학교,37,22,15,0,3,9,12,4,9,0,2,5,3,4,8,0,1,4,9,0,1
20233,A,골목상권,3110396,쌍문역1번(쌍리단길),259,94,165,2,41,49,52,76,39,0,13,15,22,29,15,2,28,34,30,47,24
20233,A,골목상권,3110404,신창초등학교,515,298,217,1,42,93,163,136,80,0,11,56,109,76,46,1,31,37,54,60,34
20233,A,골목상권,3110429,공릉동 국수거리,2074,916,1158,3,224,284,511,689,363,1,91,167,248,234,175,2,133,117,263,455,188
20233,A,골목상권,3110438,경춘선숲길 우측,230,110,120,0,26,54,83,52,15,0,12,21,38,30,9,0,14,33,45,22,6
20233,D,발달상권,3120085,은행사거리,317,121,196,4,51,48,80,78,56,3,11,14,21,40,32,1,40,34,59,38,24
20233,A,골목상권,3110458,선일여고,385,200,185,0,32,79,94,119,61,0,19,46,47,52,36,0,13,33,47,67,25
20233,A,골목상권,3110460,구산역 4번,969,582,387,0,57,184,248,234,246,0,18,124,133,121,186,0,39,60,115,113,60
20233,R,전통시장,3130164,역촌중앙시장,9,3,6,0,0,1,2,2,4,0,0,0,1,1,1,0,0,1,1,1,3
20233,A,골목상권,3110450,시립서북병원,774,421,353,3,138,166,179,154,134,2,80,103,96,70,70,1,58,63,83,84,64
20233,D,발달상권,3120092,불광역,274,147,127,0,33,51,83,52,55,0,12,29,44,21,41,0,21,22,39,31,14
20233,A,골목상권,3110456,구산보건지소,967,544,423,3,284,226,177,147,130,1,123,112,94,97,117,2,161,114,83,50,13
20233,A,골목상권,3110486,은평구청,491,279,212,0,81,100,108,134,68,0,54,70,53,61,41,0,27,30,55,73,27
20233,A,골목상권,3110484,역촌역 3번,499,193,306,6,64,131,129,103,66,5,34,45,41,32,36,1,30,86,88,71,30
20233,A,골목상권,3110472,연신내역 4번,335,156,179,2,52,77,79,68,57,1,16,43,30,37,29,1,36,34,49,31,28
20233,R,전통시장,3130168,연서시장,234,155,79,0,19,50,51,64,50,0,5,23,33,49,45,0,14,27,18,15,5
20233,A,골목상권,3110445,덕산중학교,71,53,18,0,18,15,16,8,14,0,10,9,13,7,14,0,8,6,3,1,0
20233,A,골목상권,3110446,내를건너서숲으로도서관,163,124,39,0,6,14,51,45,47,0,5,9,33,35,42,0,1,5,18,10,5
20233,A,골목상권,3110461,새절역 2번,39,21,18,0,2,8,11,10,8,0,2,2,6,6,5,0,0,6,5,4,3
20233,A,골목상권,3110451,증산역 4번,1267,962,305,2,150,378,365,291,81,2,75,289,305,230,61,0,75,89,60,61,20
20233,A,골목상권,3110502,남가좌파출소,290,147,143,0,29,34,73,92,62,0,14,16,35,47,35,0,15,18,38,45,27
20233,A,골목상권,3110520,경의중앙 신촌역,105,57,48,0,31,22,32,12,8,0,10,15,16,10,6,0,21,7,16,2,2
20233,A,골목상권,3110526,봉원사,211,111,100,1,17,38,50,49,56,1,7,21,24,26,32,0,10,17,26,23,24
20233,A,골목상권,3110511,연희초등학교,3646,3286,360,2,420,731,640,1505,348,1,355,646,532,1425,327,1,65,85,108,80,21
20233,D,발달상권,3120093,연희동,661,351,310,2,60,125,170,195,109,0,27,62,91,103,68,2,33,63,79,92,41
20233,A,골목상권,3110504,명지전문대,170,46,124,1,21,19,35,41,53,0,5,4,10,13,14,1,16,15,25,28,39
20233,D,발달상권,3120095,홍제역,931,525,406,1,73,108,267,363,119,0,16,56,142,223,88,1,57,52,125,140,31
20233,A,골목상권,3110587,공덕동주민센터,264,135,129,1,43,53,75,55,37,1,16,31,47,23,17,0,27,22,28,32,20
20233,A,골목상권,3110578,대흥역 2번,2091,1413,678,2,213,337,391,638,510,1,80,225,309,452,346,1,133,112,82,186,164
20233,A,골목상권,3110574,서강대학교,173,123,50,0,35,41,49,38,10,0,17,30,41,30,5,0,18,11,8,8,5
20233,A,골목상권,3110582,이대역 5번,56,17,39,0,6,11,16,13,10,0,0,4,4,4,5,0,6,7,12,9,5
20233,D,발달상권,3120106,마포역,11485,7110,4375,12,1812,2735,2685,2311,1930,8,917,1662,1891,1437,1195,4,895,1073,794,874,735
20233,A,골목상권,3110544,망리단길,1203,718,485,1,179,248,331,253,191,1,107,153,171,147,139,0,72,95,160,106,52
20233,D,발달상권,3120103,홍대입구역(홍대),9580,5991,3589,87,2167,2434,2066,1613,1213,61,1145,1486,1404,988,907,26,1022,948,662,625,306
20233,A,골목상권,3110566,경의선책거리,1690,934,756,2,359,547,406,290,86,1,137,328,252,157,59,1,222,219,154,133,27
20233,R,전통시장,3130187,영진시장,29,14,15,0,4,5,11,7,2,0,2,2,6,2,2,0,2,3,5,5,0
20233,A,골목상권,3110557,홍대부속여중고앞,760,465,295,1,100,188,196,149,126,1,37,110,137,95,85,0,63,78,59,54,41
20233,A,골목상권,3110548,마포구청역 4번,795,475,320,5,130,185,210,136,129,3,57,95,122,89,109,2,73,90,88,47,20
20233,A,골목상권,3110543,중암중학교,38,25,13,0,6,8,14,7,3,0,3,5,8,6,3,0,3,3,6,1,0
20233,A,골목상권,3110585,마포경찰서,918,790,128,0,192,360,176,181,9,0,150,313,153,166,8,0,42,47,23,15,1
20233,D,발달상권,3120112,등촌역,1633,1138,495,10,223,388,373,358,281,6,100,270,265,265,232,4,123,118,108,93,49
20233,A,골목상권,3110618,강서고등학교,193,135,58,0,19,38,52,52,32,0,10,29,36,34,26,0,9,9,16,18,6
20233,A,골목상권,3110599,신월1파출소,378,268,110,3,50,89,94,93,49,2,34,68,63,65,36,1,16,21,31,28,13
20233,A,골목상권,3110596,서서울호수공원,417,272,145,2,48,90,107,113,57,0,28,56,74,71,43,2,20,34,33,42,14
20233,R,전통시장,3130200,"신월7동 골목시장(약수시장, 우성상가)",27,18,9,0,0,3,9,6,9,0,0,0,7,4,7,0,0,3,2,2,2
20233,A,골목상권,3110623,갈산공원,130,99,31,0,27,34,27,31,11,0,23,27,21,21,7,0,4,7,6,10,4
20233,R,전통시장,3130218,신월중앙시장,118,53,65,0,28,34,26,13,17,0,8,12,11,9,13,0,20,22,15,4,4
20233,A,골목상권,3110632,방화역 3번,1075,887,188,2,42,127,400,334,170,1,21,90,353,281,141,1,21,37,47,53,29
20233,A,골목상권,3110651,화원중학교,377,214,163,2,29,50,102,105,89,1,19,31,68,52,43,1,10,19,34,53,46
20233,A,골목상권,3110659,화곡역 4번,844,496,348,11,102,181,234,180,136,9,52,114,140,105,76,2,50,67,94,75,60
20233,A,골목상권,3110696,오류동역 1번,2424,1658,766,32,831,942,326,216,77,16,483,735,235,131,58,16,348,207,91,85,19
20233,A,골목상권,3110697,개봉3동주민센터,230,142,88,1,55,64,49,41,20,1,27,41,31,29,13,0,28,23,18,12,7
20233,A,골목상권,3110698,개웅초등학교(개웅중학교),276,176,100,3,50,50,53,63,57,3,25,32,31,39,46,0,25,18,22,24,11
20233,A,골목상권,3110722,G타워,837,574,263,4,152,296,249,99,37,4,95,205,191,55,24,0,57,91,58,44,13
20233,A,골목상권,3110682,온수역 8번,25,11,14,0,2,4,13,5,1,0,2,2,6,1,0,0,0,2,7,4,1
20233,A,골목상권,3110684,서울공연예술고등학교,251,136,115,2,50,78,61,36,24,0,19,54,34,19,10,2,31,24,27,17,14
20233,A,골목상권,3110688,오류지구대,169,59,110,1,18,18,40,59,33,0,7,10,15,19,8,1,11,8,25,40,25
20233,A,골목상권,3110730,서울축산농협 독산역지점(독산파출소),660,376,284,1,80,105,117,201,156,1,30,58,54,113,120,0,50,47,63,88,36
20233,A,골목상권,3110728,두산초등학교,4560,2778,1782,8,88,138,245,530,3551,8,64,86,123,279,2218,0,24,52,122,251,1333
20233,A,골목상권,3110752,한울중학교,269,117,152,2,25,46,81,79,36,2,13,16,34,33,19,0,12,30,47,46,17
20233,R,전통시장,3130234,푸른터시장(기능상실),7,3,4,0,1,1,0,3,2,0,0,1,0,1,1,0,1,0,0,2,1
20233,R,전통시장,3130235,대명여울빛거리시장(대명시장),298,80,218,0,39,52,77,82,48,0,11,14,25,19,11,0,28,38,52,63,37
20233,A,골목상권,3110743,시흥초등학교(시흥1동우체국),191,130,61,0,18,31,48,50,44,0,10,20,32,37,31,0,8,11,16,13,13
20233,A,골목상권,3110731,금천구청역 1번 출입구,1044,564,480,7,306,385,206,96,44,2,149,230,102,55,26,5,157,155,104,41,18
20233,A,골목상권,3110753,시흥동 은행나무사거리,617,387,230,0,69,100,149,166,133,0,28,68,90,96,105,0,41,32,59,70,28
20233,A,골목상권,3110764,문래역 3번,541,223,318,0,93,127,159,102,60,0,27,39,54,54,49,0,66,88,105,48,11
20233,A,골목상권,3110779,대림갑을명가아파트,33,24,9,0,2,5,13,7,6,0,1,4,10,4,5,0,1,1,3,3,1
20233,R,전통시장,3130242,대림중앙 골목형상점가,66,20,46,0,3,17,17,24,5,0,1,6,5,5,3,0,2,11,12,19,2
20233,A,골목상권,3110765,문래동사거리,889,619,270,2,80,133,209,175,290,1,38,78,140,126,236,1,42,55,69,49,54
20233,A,골목상권,3110810,영신초등학교,403,183,220,0,58,147,59,78,61,0,24,67,27,43,22,0,34,80,32,35,39
20233,A,골목상권,3110813,보라매역 6번,286,167,119,3,22,37,50,74,100,3,15,21,24,39,65,0,7,16,26,35,35
20233,D,발달상권,3120135,양평역,5072,3013,2059,32,1300,1280,1187,776,497,11,626,825,676,441,434,21,674,455,511,335,63
20233,D,발달상권,3120146,한강성심병원,5066,2882,2184,18,1252,1255,1097,821,623,8,405,669,729,584,487,10,847,586,368,237,136
20233,R,전통시장,3130253,영신상가(제일상가),9,7,2,0,2,3,0,2,2,0,2,3,0,1,1,0,0,0,0,1,1
20233,R,전통시장,3130249,동남상가,10,8,2,0,2,0,0,4,4,0,1,0,0,4,3,0,1,0,0,0,1
20233,A,골목상권,3110782,영등포시장역 4번,127,87,40,1,13,24,48,27,14,1,5,16,36,17,12,0,8,8,12,10,2
20233,A,골목상권,3110809,장훈고등학교,112,61,51,0,7,15,30,23,37,0,3,5,11,17,25,0,4,10,19,6,12
20233,A,골목상권,3110834,동작구자원봉사센터,41,25,16,0,3,5,8,11,14,0,2,2,8,6,7,0,1,3,0,5,7
20233,A,골목상권,3110828,노량진역 6번,3010,2066,944,9,471,1047,854,467,162,3,252,711,639,357,104,6,219,336,215,110,58
20233,A,골목상권,3110824,대방역 3번,296,102,194,1,48,91,92,42,22,0,11,26,29,23,13,1,37,65,63,19,9
20233,A,골목상권,3110852,이수역 9번,198,121,77,0,26,35,54,38,45,0,12,20,30,23,36,0,14,15,24,15,9
20233,A,골목상권,3110851,경문고등학교(동작동성당),493,236,257,0,79,137,141,105,31,0,32,53,66,67,18,0,47,84,75,38,13
20233,A,골목상권,3110831,상도4동주민센터,72,40,32,0,3,13,14,29,13,0,3,6,6,18,7,0,0,7,8,11,6
20233,A,골목상권,3110827,NH농협은행 상도동지점,262,93,169,0,39,51,73,65,34,0,11,18,20,28,16,0,28,33,53,37,18
20233,A,골목상권,3110841,중대부중,75,34,41,0,7,12,14,23,19,0,4,7,5,10,8,0,3,5,9,13,11
20233,A,골목상권,3110900,낙성대역 1번(관악구민 종합체육센터),444,246,198,1,94,123,115,88,23,1,48,64,62,53,18,0,46,59,53,35,5
20233,D,발달상권,3120159,서울대입구역,1430,763,667,12,289,320,321,238,250,6,116,164,174,133,170,6,173,156,147,105,80
20233,A,골목상권,3110866,난우중학교,184,101,83,0,23,36,41,65,19,0,14,20,19,32,16,0,9,16,22,33,3
20233,D,발달상권,3120158,녹두거리(대학동),695,550,145,2,31,73,200,279,110,0,7,41,163,241,98,2,24,32,37,38,12
20233,A,골목상권,3110857,미성동주민센터,431,229,202,9,60,64,70,108,120,9,34,48,41,46,51,0,26,16,29,62,69
20233,R,전통시장,3130278,미성동 도깨비시장 골목형상점가,75,16,59,0,0,16,28,24,7,0,0,7,5,2,2,0,0,9,23,22,5
20233,A,골목상권,3110875,보라매동주민센터(당곡고등학교),19,15,4,0,4,2,5,6,2,0,2,2,3,6,2,0,2,0,2,0,0
20233,A,골목상권,3110873,당곡중학교,348,167,181,0,70,79,87,76,36,0,29,39,39,37,23,0,41,40,48,39,13
20233,R,전통시장,3130285,서원동상점가,615,316,299,4,28,56,85,160,282,1,17,38,45,60,155,3,11,18,40,100,127
20233,A,골목상권,3110891,구암초등학교,47,22,25,0,5,1,22,16,3,0,1,0,11,8,2,0,4,1,11,8,1
20233,R,전통시장,3130280,신림종합시장,22,17,5,0,0,1,2,7,12,0,0,0,0,5,12,0,0,1,2,2,0
20233,R,전통시장,3130279,관악신사시장,2159,1727,432,0,365,671,738,355,30,0,172,530,669,333,23,0,193,141,69,22,7
20233,R,전통시장,3130295,인헌시장(원당종합시장),122,48,74,0,20,27,38,23,14,0,3,9,16,12,8,0,17,18,22,11,6
20233,A,골목상권,3110892,관악구 중앙길,709,341,368,0,69,110,159,221,150,0,25,55,76,105,80,0,44,55,83,116,70
20233,A,골목상권,3110899,낙성대역 5번(관악중학교),681,442,239,0,167,178,164,123,49,0,107,130,95,71,39,0,60,48,69,52,10
20233,A,골목상권,3110944,서울나래학교(염곡어린이공원),933,632,301,10,116,213,161,196,237,8,88,169,114,118,135,2,28,44,47,78,102
20233,A,골목상권,3110905,방배노인종합복지관(이수중학교),287,176,111,1,36,71,71,63,45,0,18,38,45,41,34,1,18,33,26,22,11
20233,A,골목상권,3110920,방배역 2번(백석예술대학교),359,205,154,0,23,53,125,118,40,0,5,29,65,75,31,0,18,24,60,43,9
20233,A,골목상권,3110910,내방역 5번,614,240,374,5,72,124,157,176,80,3,30,69,52,49,37,2,42,55,105,127,43
20233,A,골목상권,3110906,서문여고,683,362,321,2,217,106,119,106,133,0,59,58,72,62,111,2,158,48,47,44,22
20233,D,발달상권,3120161,방배동가구거리(사당동가구거리),2517,1833,684,3,187,342,315,347,1323,2,78,178,165,202,1208,1,109,164,150,145,115
20233,R,전통시장,3130296,남부종합시장,85,63,22,0,2,8,25,35,15,0,1,8,16,24,14,0,1,0,9,11,1
20233,D,발달상권,3120175,남부터미널역,8254,5320,2934,32,1703,2482,1996,1297,744,6,856,1692,1362,856,548,26,847,790,634,441,196
20233,A,골목상권,3110932,서울시인재개발원,532,384,148,2,128,170,127,64,41,2,76,116,100,54,36,0,52,54,27,10,5
20233,A,골목상권,3110930,서초동성당,2178,1774,404,8,284,588,694,433,171,2,190,448,591,393,150,6,94,140,103,40,21
20233,A,골목상권,3110931,삼성전자서울R&D(서울우면초등학교),94,47,47,0,36,30,16,6,6,0,11,15,10,6,5,0,25,15,6,0,1
20233,A,골목상권,3110938,바우뫼공원,1522,927,595,0,253,457,423,297,92,0,147,314,251,143,72,0,106,143,172,154,20
20233,D,발달상권,3120021,시청역_8번,23737,14953,8784,73,4071,8120,7087,3484,902,13,1699,4433,5165,2993,650,60,2372,3687,1922,491,252
20233,A,골목상권,3110942,염곡동 구룡사(포이동성당),3242,1952,1290,7,578,932,791,613,321,3,328,587,461,351,222,4,250,345,330,262,99
20233,A,골목상권,3110943,법제교육센터(버들어린이공원),1122,578,544,1,67,165,357,323,209,1,36,99,151,140,151,0,31,66,206,183,58
20233,A,골목상권,3110994,개포고등학교,494,382,112,7,65,161,123,110,28,4,47,134,103,73,21,3,18,27,20,37,7
20233,R,전통시장,3130305,논현종합시장,85,43,42,0,21,14,14,19,17,0,7,7,6,14,9,0,14,7,8,5,8
20233,D,발달상권,3120193,도산공원교차로,6384,3798,2586,15,1278,1918,1493,983,697,6,466,1071,1021,696,538,9,812,847,472,287,159
20233,D,발달상권,3120220,대치역,5716,3394,2322,26,1854,2307,1022,333,174,2,774,1495,752,234,137,24,1080,812,270,99,37
20233,D,발달상권,3120210,선릉역,48780,26797,21983,117,11358,13636,11065,7952,4652,54,5356,8026,6479,4158,2724,63,6002,5610,4586,3794,1928
20233,D,발달상권,3120221,봉은사역,17557,12129,5428,22,3154,5248,3562,2734,2837,8,2167,4087,2812,1669,1386,14,987,1161,750,1065,1451
20233,A,골목상권,3110988,청담역 3번,1594,1016,578,1,243,425,364,346,215,1,82,247,247,262,177,0,161,178,117,84,38
20233,R,전통시장,3130304,신사상가,24,13,11,0,3,4,6,7,4,0,1,1,3,5,3,0,2,3,3,2,1
20233,D,발달상권,3120197,역삼역,58731,38593,20138,93,10093,18065,15897,10840,3743,43,5229,11924,11872,7083,2442,50,4864,6141,4025,3757,1301
20233,D,발달상권,3120237,경찰병원역,9922,5579,4343,59,1236,1684,1762,1665,3516,25,543,1068,1140,766,2037,34,693,616,622,899,1479
20233,A,골목상권,3111045,개미어린이공원,36,18,18,0,2,7,12,12,3,0,1,1,7,7,2,0,1,6,5,5,1
20233,A,골목상권,3111047,마천1치안센터,111,73,38,0,9,17,34,34,17,0,6,14,19,22,12,0,3,3,15,12,5
20233,A,골목상권,3111043,마천공원,32,13,19,0,1,3,7,12,9,0,0,0,1,6,6,0,1,3,6,6,3
20233,D,발달상권,3120238,방이역,430,260,170,5,53,101,116,79,76,4,25,48,61,57,65,1,28,53,55,22,11
20233,D,발달상권,3120226,석촌고분역,2344,1748,596,6,272,329,431,334,972,5,128,199,262,228,926,1,144,130,169,106,46
20233,A,골목상권,3111012,석촌역 6번,732,332,400,2,91,127,180,183,149,2,23,56,83,93,75,0,68,71,97,90,74
20233,D,발달상권,3120228,석촌역(석촌호수),4494,2725,1769,7,707,1306,1038,695,741,1,288,851,680,410,495,6,419,455,358,285,246
20233,A,골목상권,3111035,오금공원(오주중학교),531,398,133,0,41,90,148,148,104,0,32,66,121,102,77,0,9,24,27,46,27
20233,A,골목상권,3111028,문현중학교(장지역 1번),424,194,230,0,54,66,132,116,56,0,29,36,49,50,30,0,25,30,83,66,26
20233,A,골목상권,3111087,고덕중학교(고덕2동주민센터),197,89,108,0,26,46,62,36,27,0,5,21,26,17,20,0,21,25,36,19,7
20233,D,발달상권,3120246,길동역,3415,1545,1870,14,385,562,837,913,704,8,169,318,417,302,331,6,216,244,420,611,373
20233,A,골목상권,3111083,GS강동자이아파트,411,245,166,0,67,62,70,100,112,0,47,43,41,44,70,0,20,19,29,56,42
20233,R,전통시장,3130325,명일전통시장,89,30,59,0,8,10,13,28,30,0,3,6,5,8,8,0,5,4,8,20,22
20233,A,골목상권,3111074,명일역 1번,147,77,70,2,31,38,40,16,20,1,9,23,23,10,11,1,22,15,17,6,9
20233,A,골목상권,3111053,성내천어린이공원(하니사랑길),6288,4564,1724,6,799,940,1025,1564,1954,3,542,693,750,1053,1523,3,257,247,275,511,431
20233,A,골목상권,3111061,암사역 1번,831,551,280,0,149,186,182,170,144,0,82,128,126,125,90,0,67,58,56,45,54
20233,R,전통시장,3130318,로데오거리상점가,266,132,134,0,31,43,49,55,88,0,9,12,19,26,66,0,22,31,30,29,22
20233,A,골목상권,3111056,천호태영아파트,191,53,138,0,27,35,64,36,29,0,4,5,19,15,10,0,23,30,45,21,19
20233,A,골목상권,3110036,동묘앞역 3번,52,34,18,0,3,6,16,12,15,0,1,3,9,11,10,0,2,3,7,1,5
20233,A,골목상권,3110028,이화달팽이길,704,279,425,1,177,179,137,123,87,0,56,60,56,65,42,1,121,119,81,58,45
20233,D,발달상권,3120010,원남동사거리,4095,2287,1808,50,1544,1304,651,377,169,2,585,792,484,292,132,48,959,512,167,85,37
20233,R,전통시장,3130017,동대문상가C동,12,9,3,0,1,4,4,2,1,0,1,4,3,0,1,0,0,0,1,2,0
20233,D,발달상권,3120016,동대문역,182,115,67,1,10,24,42,40,65,0,6,12,20,28,49,1,4,12,22,12,16
20233,A,골목상권,3110286,한성대입구역 5번,986,472,514,17,187,285,318,122,57,8,70,127,144,83,40,9,117,158,174,39,17
20233,A,골목상권,3110034,창신1동주민센터,41,35,6,0,2,1,14,13,11,0,2,1,10,11,11,0,0,0,4,2,0
20233,A,골목상권,3110014,경복고등학교,194,82,112,0,28,54,40,44,28,0,4,14,21,24,19,0,24,40,19,20,9
20233,A,골목상권,3110001,이북5도청사,1048,625,423,4,130,286,237,257,134,0,48,170,160,167,80,4,82,116,77,90,54
20233,R,전통시장,3130036,중부시장(신중부시장),3089,921,2168,8,1868,593,250,198,172,3,316,189,171,120,122,5,1552,404,79,78,50
20233,D,발달상권,3120033,을지로4가역,867,437,430,7,127,212,194,201,126,1,44,107,99,89,97,6,83,105,95,112,29
20233,U,관광특구,3001492,명동 남대문 북창동 다동 무교동 관광특구,104830,53674,51156,423,27134,34007,23384,15726,4156,137,8860,16080,15133,10824,2640,286,18274,17927,8251,4902,1516
20233,D,발달상권,3120023,서울시청,10242,5534,4708,15,2234,3260,2778,1425,530,4,852,1657,1658,983,380,11,1382,1603,1120,442,150
20233,R,전통시장,3130031,청계천공구상가,921,698,223,2,101,281,234,159,144,1,64,230,181,104,118,1,37,51,53,55,26
20233,A,골목상권,3110053,청구역 1번,281,166,115,0,52,69,69,54,37,0,23,45,43,27,28,0,29,24,26,27,9
20233,R,전통시장,3130049,신당 미래유산 먹거리 골목형상점가,42,19,23,0,3,5,9,13,12,0,1,3,0,7,8,0,2,2,9,6,4
20233,D,발달상권,3120043,서울역,22578,15322,7256,58,4087,7782,5513,3664,1474,27,2087,4897,4201,3033,1077,31,2000,2885,1312,631,397
20233,A,골목상권,3110040,중구회현체육센터(정화예술대남산캠퍼스),165,78,87,0,33,30,40,37,25,0,14,15,17,13,19,0,19,15,23,24,6
20233,D,발달상권,3120024,회현역,2167,1364,803,2,341,795,582,250,197,1,146,473,416,192,136,1,195,322,166,58,61
20233,A,골목상권,3110039,회현역 1번,49,26,23,0,2,8,12,14,13,0,0,4,9,8,5,0,2,4,3,6,8
20233,R,전통시장,3130024,남대문시장(자유상가),732,426,306,2,54,129,172,177,198,1,15,75,95,108,132,1,39,54,77,69,66
20233,R,전통시장,3130022,숭례문수입상가(남대문시장),1907,850,1057,0,330,855,598,113,11,0,55,378,338,70,9,0,275,477,260,43,2
20233,D,발달상권,3120045,남영동 먹자골목,4044,1580,2464,7,424,908,1421,1162,122,1,257,576,502,205,39,6,167,332,919,957,83
20233,R,전통시장,3130060,신흥시장,4,1,3,0,0,2,0,2,0,0,0,1,0,0,0,0,0,1,0,2,0
20233,A,골목상권,3110072,열정도,374,244,130,6,108,96,78,51,35,0,51,71,62,37,23,6,57,25,16,14,12
20233,A,골목상권,3110059,새남터성지,385,307,78,0,38,71,113,138,25,0,21,48,99,124,15,0,17,23,14,14,10
20241,U,관광특구,3001491,이태원 관광특구,5839,3064,2775,28,1377,2065,1290,768,311,18,514,986,777,541,228,10,863,1079,513,227,83
20233,A,골목상권,3110069,숙대입구,825,291,534,3,200,296,163,87,76,3,34,92,77,40,45,0,166,204,86,47,31
20233,A,골목상권,3110095,한강진역 3번,1186,801,385,16,160,326,321,298,65,8,61,235,227,226,44,8,99,91,94,72,21
20233,A,골목상권,3110097,한남초등학교,7,4,3,0,2,3,2,0,0,0,0,2,2,0,0,0,2,1,0,0,0
20233,A,골목상권,3110077,삼광초등학교,385,317,68,0,37,86,148,98,16,0,21,66,130,88,12,0,16,20,18,10,4
20233,A,골목상권,3110103,옥수터널,13,11,2,1,0,2,2,6,2,0,0,2,2,5,2,1,0,0,0,1,0
20233,R,전통시장,3130073,뚝도시장,45,17,28,1,3,10,9,11,11,0,0,2,4,5,6,1,3,8,5,6,5
20233,A,골목상권,3110137,성수초등학교,6605,4295,2310,31,1016,1740,1836,1344,638,22,557,1152,1250,828,486,9,459,588,586,516,152
20233,A,골목상권,3110138,송정체육공원,160,79,81,0,15,27,53,41,24,0,4,12,21,23,19,0,11,15,32,18,5
20233,D,발달상권,3120057,아차산역,2218,1220,998,52,412,432,503,468,351,19,236,257,289,206,213,33,176,175,214,262,138
20233,A,골목상권,3110177,동의초등학교,112,81,31,0,6,25,28,32,21,0,3,14,19,26,19,0,3,11,9,6,2
20233,A,골목상권,3110175,푸른동산공원,367,233,134,0,41,73,108,86,59,0,24,48,69,53,39,0,17,25,39,33,20
20233,A,골목상권,3110146,신자초등학교,742,537,205,0,50,81,212,276,123,0,25,45,160,209,98,0,25,36,52,67,25
20233,A,골목상권,3110150,중곡1동 마을마당,1179,698,481,1,197,352,252,217,160,1,83,194,161,132,127,0,114,158,91,85,33
20233,A,골목상권,3110195,동대문구청,221,115,106,0,41,58,47,40,35,0,12,28,23,27,25,0,29,30,24,13,10
20233,A,골목상권,3110189,제기동역 1번,1538,1086,452,1,233,490,342,167,305,0,98,349,286,136,217,1,135,141,56,31,88
20233,A,골목상권,3110214,경희대후문,86,42,44,0,18,17,24,17,10,0,6,6,13,10,7,0,12,11,11,7,3
20233,A,골목상권,3110224,외대앞역 2번,96,41,55,0,9,14,16,29,28,0,2,4,9,18,8,0,7,10,7,11,20
20233,A,골목상권,3110232,동대부고,579,413,166,0,41,71,119,175,173,0,14,38,80,134,147,0,27,33,39,41,26
20233,A,골목상권,3110201,전농119안전센터,27,11,16,0,2,1,9,10,5,0,1,0,3,4,3,0,1,1,6,6,2
20233,R,전통시장,3130099,전농로터리시장,7,3,4,0,1,0,2,3,1,0,0,0,1,1,1,0,1,0,1,2,0
20233,R,전통시장,3130090,청량리종합시장,19,13,6,0,1,4,3,5,6,0,1,2,3,3,4,0,0,2,0,2,2
20233,R,전통시장,3130093,동서시장,5,3,2,0,0,0,1,2,2,0,0,0,1,0,2,0,0,0,0,2,0
20233,A,골목상권,3110190,고대앞사거리,195,92,103,0,22,34,34,45,60,0,4,18,22,19,29,0,18,16,12,26,31
20233,A,골목상권,3110196,홍릉근린공원,23,12,11,0,1,6,8,5,3,0,1,4,3,2,2,0,0,2,5,3,1
20233,D,발달상권,3120065,회기역,323,205,118,3,48,55,87,76,54,1,27,39,48,49,41,2,21,16,39,27,13
20233,A,골목상권,3110215,회기역 1번,28,18,10,0,3,4,9,7,5,0,3,2,6,3,4,0,0,2,3,4,1
20233,A,골목상권,3110222,회기역 2번,20,17,3,0,0,3,2,6,9,0,0,2,2,4,9,0,0,1,0,2,0
20233,A,골목상권,3110273,장스여성병원,610,446,164,7,31,37,75,209,251,0,4,8,37,168,229,7,27,29,38,41,22
20233,A,골목상권,3110260,면목역 3번,126,74,52,0,24,21,24,29,28,0,14,8,12,20,20,0,10,13,12,9,8
20233,R,전통시장,3130105,장미제일시장(중화동제일시장),63,27,36,0,8,14,22,11,8,0,3,6,14,3,1,0,5,8,8,8,7
20233,A,골목상권,3110257,상봉역 7번,397,330,67,0,17,18,50,133,179,0,6,11,34,118,161,0,11,7,16,15,18
20233,A,골목상권,3110238,배꽃어린이공원,66,48,18,0,6,7,15,23,15,0,4,5,9,15,15,0,2,2,6,8,0
20233,A,골목상권,3110303,성신여대입구역 1번,139,98,41,1,7,35,44,27,25,0,2,22,28,25,21,1,5,13,16,2,4
20233,A,골목상권,3110305,보문역 5번,883,661,222,3,165,255,173,133,154,1,99,199,129,103,130,2,66,56,44,30,24
20233,D,발달상권,3120070,한성대입구역,466,180,286,2,83,69,78,113,121,2,21,31,37,38,51,0,62,38,41,75,70
20233,A,골목상권,3110331,돌곶이역 8번,441,297,144,3,54,146,113,78,47,0,17,105,83,55,37,3,37,41,30,23,10
20233,A,골목상권,3110334,석관중앙교회,170,105,65,0,21,43,31,41,34,0,8,19,19,29,30,0,13,24,12,12,4
20233,A,골목상권,3110293,삼선중학교,1730,860,870,4,248,467,527,319,165,3,116,277,268,111,85,1,132,190,259,208,80
20233,A,골목상권,3110283,성북초등학교앞,203,78,125,0,16,33,56,80,18,0,8,10,23,27,10,0,8,23,33,53,8
20233,A,골목상권,3110285,홍대부중,814,559,255,9,219,220,210,100,56,6,118,172,163,69,31,3,101,48,47,31,25
20233,A,골목상권,3110312,안암역 2번,150,81,69,0,13,19,47,46,25,0,7,14,24,22,14,0,6,5,23,24,11
20233,A,골목상권,3110316,숭곡초등학교,439,217,222,2,68,114,129,88,38,2,19,58,73,42,23,0,49,56,56,46,15
20233,A,골목상권,3110322,장위1동주민센터,319,224,95,1,33,37,59,95,94,0,25,31,44,66,58,1,8,6,15,29,36
20233,A,골목상권,3110294,서경대학교,391,262,129,0,35,30,93,120,113,0,18,14,46,87,97,0,17,16,47,33,16
20233,A,골목상권,3110319,종암동주민센터,454,111,343,1,46,51,89,146,121,0,8,19,24,32,28,1,38,32,65,114,93
20233,A,골목상권,3110364,미아역 8번,146,75,71,0,9,26,51,39,21,0,3,9,25,23,15,0,6,17,26,16,6
20233,A,골목상권,3110371,삼양입구사거리,49,23,26,0,2,7,10,19,11,0,0,3,5,10,5,0,2,4,5,9,6
20233,A,골목상권,3110381,번동주공2단지,171,88,83,5,31,28,38,55,14,4,11,14,21,30,8,1,20,14,17,25,6
20233,R,전통시장,3130131,동북프라자,121,49,72,0,9,23,37,29,23,0,4,8,17,9,11,0,5,15,20,20,12
20233,A,골목상권,3110374,송중초등학교,491,272,219,5,33,60,145,140,108,5,9,29,73,70,86,0,24,31,72,70,22
20233,A,골목상권,3110363,송천동주민센터,19,12,7,0,0,4,3,7,5,0,0,3,1,4,4,0,0,1,2,3,1
20233,A,골목상권,3110361,삼양사거리역 1번,101,29,72,0,9,12,19,28,33,0,2,4,3,7,13,0,7,8,16,21,20
20233,A,골목상권,3110360,수유초등학교,321,222,99,0,34,61,63,67,96,0,7,43,42,44,86,0,27,18,21,23,10
20233,A,골목상권,3110357,가오리역 1번,725,611,114,0,25,36,171,340,153,0,4,18,146,310,133,0,21,18,25,30,20
20234,D,발달상권,3120007,북촌(안국역),10443,8282,2161,8,1148,3636,3182,1964,505,5,644,2891,2647,1702,393,3,504,745,535,262,112
20234,R,전통시장,3130002,세종마을음식문화거리(금천교시장),564,392,172,4,56,109,120,121,154,0,26,74,75,90,127,4,30,35,45,31,27
20234,A,골목상권,3110013,체부동홍종문가옥,125,71,54,0,8,28,31,26,32,0,2,11,18,14,26,0,6,17,13,12,6
20234,R,전통시장,3130020,동묘시장(동묘벼룩시장),407,177,230,5,154,93,73,58,24,5,43,31,45,32,21,0,111,62,28,26,3
20234,R,전통시장,3130005,세운상가가동,133,93,40,0,7,34,35,21,36,0,5,23,28,8,29,0,2,11,7,13,7
20234,D,발달상권,3120010,원남동사거리,4095,2287,1808,50,1544,1304,651,377,169,2,585,792,484,292,132,48,959,512,167,85,37
20234,D,발달상권,3120016,동대문역,182,115,67,1,10,24,42,40,65,0,6,12,20,28,49,1,4,12,22,12,16
20234,A,골목상권,3110030,동대문역 3번,7,3,4,0,2,2,2,1,0,0,0,2,1,0,0,0,2,0,1,1,0
20234,A,골목상권,3110022,경신고등학교,506,385,121,11,133,157,117,54,34,10,99,119,89,42,26,1,34,38,28,12,8
20234,A,골목상권,3110020,서울국제고등학교,593,291,302,1,141,279,101,49,22,1,41,139,70,26,14,0,100,140,31,23,8
20234,D,발달상권,3120035,퇴계로5가,2257,1368,889,7,650,570,525,321,184,3,282,379,388,200,116,4,368,191,137,121,68
20234,A,골목상권,3110048,장충동주민센터,5315,2706,2609,21,867,1339,1513,1367,208,5,338,768,756,707,132,16,529,571,757,660,76
20234,D,발달상권,3120038,약수역,2299,1362,937,7,436,740,580,324,212,1,189,452,383,196,141,6,247,288,197,128,71
20234,R,전통시장,3130051,동화동 골목형상점가,391,156,235,1,82,94,98,66,50,1,18,25,43,36,33,0,64,69,55,30,17
20234,R,전통시장,3130054,황학동주방가구거리상점가,374,266,108,0,25,80,116,106,47,0,18,60,77,74,37,0,7,20,39,32,10
20234,A,골목상권,3110043,충무초등학교,1202,670,532,12,212,307,331,223,117,7,97,155,169,152,90,5,115,152,162,71,27
20234,A,골목상권,3110054,청구역 3번,1542,854,688,3,259,378,315,340,247,1,90,204,220,215,124,2,169,174,95,125,123
20234,R,전통시장,3130055,"황학시장(서울중앙시장, 신중앙시장)",203,117,86,0,24,49,47,52,31,0,12,25,24,32,24,0,12,24,23,20,7
20234,A,골목상권,3110074,서울역 12번,8149,1751,6398,152,5985,1340,330,181,161,9,598,652,233,134,125,143,5387,688,97,47,36
20234,R,전통시장,3130062,보광시장,39,16,23,0,1,7,11,15,5,0,0,3,4,6,3,0,1,4,7,9,2
20234,R,전통시장,3130056,용산용문시장,65,34,31,0,7,15,18,10,15,0,4,6,7,6,11,0,3,9,11,4,4
20234,A,골목상권,3110084,경리단길북측,315,168,147,0,47,85,84,57,42,0,23,36,39,36,34,0,24,49,45,21,8
20234,A,골목상권,3110579,마포역 4번,750,563,187,2,54,162,247,219,66,1,37,124,188,165,48,1,17,38,59,54,18
20234,R,전통시장,3130058,이촌종합시장,109,78,31,0,13,19,25,26,26,0,7,12,15,21,23,0,6,7,10,5,3
20234,A,골목상권,3110059,새남터성지,385,307,78,0,38,71,113,138,25,0,21,48,99,124,15,0,17,23,14,14,10
20234,R,전통시장,3130057,만리시장,12,9,3,0,0,2,1,4,5,0,0,1,1,3,4,0,0,1,0,1,1
20234,A,골목상권,3110073,삼각지역 3번,7975,2387,5588,56,2508,2886,1913,505,107,25,861,919,424,119,39,31,1647,1967,1489,386,68
20234,D,발달상권,3120047,한남오거리,2290,1458,832,11,366,751,623,343,196,9,152,461,438,249,149,2,214,290,185,94,47
20234,A,골목상권,3110097,한남초등학교,7,4,3,0,2,3,2,0,0,0,0,2,2,0,0,0,2,1,0,0,0
20234,A,골목상권,3110109,금호삼성래미안아파트,92,39,53,0,7,10,12,42,21,0,2,6,3,15,13,0,5,4,9,27,8
20234,A,골목상권,3110108,성동구립금호도서관,6,1,5,0,0,1,4,1,0,0,0,0,0,1,0,0,0,1,4,0,0
20234,D,발달상권,3120048,금호역,76,28,48,0,16,10,18,21,11,0,2,2,6,11,7,0,14,8,12,10,4
20234,D,발달상권,3120050,서울숲역,212,159,53,0,33,40,60,52,27,0,19,30,47,41,22,0,14,10,13,11,5
20234,A,골목상권,3110138,송정체육공원,160,79,81,0,15,27,53,41,24,0,4,12,21,23,19,0,11,15,32,18,5
20234,A,골목상권,3110118,왕십리역 9번,697,487,210,1,90,182,204,129,91,0,62,110,144,93,78,1,28,72,60,36,13
20234,A,골목상권,3110178,장로회신학대학교,165,108,57,0,21,38,33,47,26,0,13,31,16,34,14,0,8,7,17,13,12
20234,A,골목상권,3110174,아차산역 1번,432,305,127,1,49,80,115,104,83,1,25,57,76,69,77,0,24,23,39,35,6
20234,D,발달상권,3120054,어린이대공원역,1196,805,391,0,61,141,304,441,249,0,17,79,201,322,186,0,44,62,103,119,63
20234,A,골목상권,3110147,능동우편취급국,815,464,351,4,120,172,160,137,222,2,56,88,104,77,137,2,64,84,56,60,85
20234,A,골목상권,3110164,아차산역 5번,731,494,237,3,111,126,143,164,184,0,61,77,101,112,143,3,50,49,42,52,41
20234,A,골목상권,3110159,구의역 4번,663,391,272,1,125,115,158,132,132,1,58,62,85,87,98,0,67,53,73,45,34
20234,A,골목상권,3110171,중곡4동주민센터,59,36,23,0,4,8,7,22,18,0,1,2,3,15,15,0,3,6,4,7,3
20234,A,골목상권,3110231,장안교,11,8,3,0,0,1,4,5,1,0,0,1,3,4,0,0,0,0,1,1,1
20234,A,골목상권,3110206,텃골근린공원,92,37,55,0,8,14,25,24,21,0,4,7,8,8,10,0,4,7,17,16,11
20234,A,골목상권,3110207,시립대앞사거리,33,21,12,0,4,10,6,5,8,0,2,8,3,3,5,0,2,2,3,2,3
20234,A,골목상권,3110216,전농중학교,208,68,140,1,32,48,62,50,15,1,11,14,18,18,6,0,21,34,44,32,9
20234,R,전통시장,3130087,경동광성상가(경동시장),28,20,8,0,5,3,8,7,5,0,3,2,6,5,4,0,2,1,2,2,1
20234,A,골목상권,3110198,동대문중앙새마을금고본점,67,26,41,0,1,0,18,37,11,0,0,0,8,10,8,0,1,0,10,27,3
20234,A,골목상권,3110265,망우역 1번,198,91,107,1,23,43,54,57,20,0,7,18,21,32,13,1,16,25,33,25,7
20234,A,골목상권,3110253,중곡초등학교,181,106,75,0,31,31,44,49,26,0,10,17,23,35,21,0,21,14,21,14,5
20234,A,골목상권,3110470,신진과학기술고등학교,93,65,28,0,7,17,34,25,10,0,5,10,26,19,5,0,2,7,8,6,5
20234,R,전통시장,3130111,"동원전통종합시장(동원시장, 동원전통시장 상점가)",224,109,115,0,24,37,49,82,32,0,11,17,21,38,22,0,13,20,28,44,10
20234,A,골목상권,3110249,중화역 1번,764,479,285,0,68,129,205,203,159,0,31,61,105,139,143,0,37,68,100,64,16
20234,D,발달상권,3120069,상봉역,1012,728,284,3,69,146,222,270,302,1,40,71,131,216,269,2,29,75,91,54,33
20234,A,골목상권,3110267,망우역 2번,139,49,90,1,15,28,50,28,17,1,2,10,19,13,4,0,13,18,31,15,13
20234,A,골목상권,3110276,신내IC북측,29,18,11,0,1,4,8,9,7,0,0,3,5,6,4,0,1,1,3,3,3
20234,A,골목상권,3110234,중랑역 4번,96,41,55,0,15,16,23,25,17,0,2,5,10,14,10,0,13,11,13,11,7
20234,A,골목상권,3110238,배꽃어린이공원,66,48,18,0,6,7,15,23,15,0,4,5,9,15,15,0,2,2,6,8,0
20234,A,골목상권,3110299,정릉역 1번,372,241,131,1,33,49,83,95,111,0,9,12,40,74,106,1,24,37,43,21,5
20234,A,골목상권,3110300,삼선동주민센터,2735,1587,1148,3,248,710,769,844,161,2,97,300,444,629,115,1,151,410,325,215,46
20234,A,골목상권,3110296,성신여대입구역 4번,77,39,38,1,7,12,30,11,16,1,3,7,15,8,5,0,4,5,15,3,11
20234,D,발달상권,3120070,한성대입구역,466,180,286,2,83,69,78,113,121,2,21,31,37,38,51,0,62,38,41,75,70
20234,R,전통시장,3130120,돈암시장(돈암제일시장),99,23,76,1,20,20,25,18,15,0,0,2,7,8,6,1,20,18,18,10,9
20234,A,골목상권,3110293,삼선중학교,1730,860,870,4,248,467,527,319,165,3,116,277,268,111,85,1,132,190,259,208,80
20234,A,골목상권,3110323,상월곡역 1번,109,30,79,2,25,24,28,18,12,0,4,5,11,5,5,2,21,19,17,13,7
20234,R,전통시장,3130125,장위전통시장,40,20,20,0,5,6,7,8,14,0,0,2,5,5,8,0,5,4,2,3,6
20234,A,골목상권,3110332,돌곶이역 3번,164,63,101,0,28,29,42,47,18,0,6,18,19,14,6,0,22,11,23,33,12
20234,A,골목상권,3110314,종암경찰서,949,699,250,1,127,271,223,286,41,0,72,206,162,231,28,1,55,65,61,55,13
20234,A,골목상권,3110354,삼각산119안전센터,22,5,17,0,2,3,10,5,2,0,0,0,2,1,2,0,2,3,8,4,0
20234,A,골목상권,3110370,도봉세무서,367,255,112,0,17,61,76,105,108,0,11,31,42,80,91,0,6,30,34,25,17
20234,A,골목상권,3110356,덕수교,228,114,114,0,13,34,55,60,66,0,4,17,22,30,41,0,9,17,33,30,25
20234,A,골목상권,3110339,국립4.19민주묘지,11,6,5,0,2,2,5,0,2,0,0,2,3,0,1,0,2,0,2,0,1
20234,A,골목상권,3110405,방학역 1번,1123,365,758,3,130,176,308,427,79,3,67,109,82,70,34,0,63,67,226,357,45
20234,A,골목상권,3110413,누원고등학교,54,33,21,0,8,11,12,11,12,0,5,8,5,5,10,0,3,3,7,6,2
20234,A,골목상권,3110382,솔밭공원역 1번,32,25,7,0,1,9,8,7,7,0,0,5,6,7,7,0,1,4,2,0,0
20234,R,전통시장,3130144,백운시장,21,14,7,0,0,1,7,8,5,0,0,0,5,4,5,0,0,1,2,4,0
20234,A,골목상권,3110400,도봉구보건소,191,111,80,0,20,35,53,51,32,0,9,22,32,26,22,0,11,13,21,25,10
20234,R,전통시장,3130146,쌍문시장(쌍문역골목시장),263,124,139,0,29,33,54,80,67,0,10,12,28,32,42,0,19,21,26,48,25
20234,A,골목상권,3110437,당고개역 2번,116,40,76,0,16,23,25,41,11,0,5,11,9,10,5,0,11,12,16,31,6
20234,D,발달상권,3120079,창동역,1326,796,530,0,151,232,320,304,319,0,54,108,172,195,267,0,97,124,148,109,52
20234,A,골목상권,3110429,공릉동 국수거리,2074,916,1158,3,224,284,511,689,363,1,91,167,248,234,175,2,133,117,263,455,188
20234,D,발달상권,3120084,공릉역,712,546,166,3,33,59,110,240,267,1,11,22,63,205,244,2,22,37,47,35,23
20234,A,골목상권,3110425,계상초등학교,136,59,77,2,18,12,36,40,28,2,5,7,19,15,11,0,13,5,17,25,17
20234,A,골목상권,3110428,상계5동주민센터,491,217,274,1,43,52,106,158,131,0,14,25,45,70,63,1,29,27,61,88,68
20234,D,발달상권,3120082,상계백병원,389,127,262,0,81,95,109,69,35,0,19,18,34,38,18,0,62,77,75,31,17
20234,A,골목상권,3110420,광운대역 1번,796,472,324,7,233,310,184,40,22,0,114,234,89,21,14,7,119,76,95,19,8
20234,A,골목상권,3110414,장석교회,66,51,15,0,7,16,15,20,8,0,5,13,11,17,5,0,2,3,4,3,3
20234,A,골목상권,3110436,상계제일중학교,93,60,33,0,15,21,33,20,4,0,5,13,23,15,4,0,10,8,10,5,0
20234,A,골목상권,3110458,선일여고,385,200,185,0,32,79,94,119,61,0,19,46,47,52,36,0,13,33,47,67,25
20234,A,골목상권,3110457,예일여고,482,283,199,1,60,88,88,132,113,0,27,46,47,71,92,1,33,42,41,61,21
20234,D,발달상권,3120091,본서부병원,516,192,324,1,51,69,119,165,111,0,20,28,51,55,38,1,31,41,68,110,73
20234,A,골목상권,3110476,역촌역 2번,56,26,30,0,2,8,22,17,7,0,1,3,9,7,6,0,1,5,13,10,1
20234,A,골목상권,3110491,불광중학교,43,14,29,0,3,5,13,9,13,0,1,1,5,3,4,0,2,4,8,6,9
20234,D,발달상권,3120087,응암역,425,258,167,0,45,82,110,105,83,0,17,49,75,59,58,0,28,33,35,46,25
20234,A,골목상권,3110445,덕산중학교,71,53,18,0,18,15,16,8,14,0,10,9,13,7,14,0,8,6,3,1,0
20234,A,골목상권,3110448,상신초등학교입구,120,76,44,1,20,27,26,26,20,1,17,17,12,14,15,0,3,10,14,12,5
20234,A,골목상권,3110499,연가초등학교,263,119,144,0,42,42,74,65,40,0,8,20,31,35,25,0,34,22,43,30,15
20234,R,전통시장,3130165,"대림골목시장(대림시장, 양지시장)",214,34,180,0,20,45,56,62,31,0,1,7,5,11,10,0,19,38,51,51,21
20234,A,골목상권,3110498,증산역 1번,222,102,120,0,15,32,75,68,32,0,7,9,31,32,23,0,8,23,44,36,9
20234,R,전통시장,3130161,증산종합시장,8,5,3,0,0,1,2,2,3,0,0,0,1,2,2,0,0,1,1,0,1
20234,A,골목상권,3110494,증산3교남측,31,24,7,0,1,8,7,9,6,0,0,7,5,7,5,0,1,1,2,2,1
20234,A,골목상권,3110533,충정로역 7번,22,11,11,0,5,5,3,5,4,0,0,2,2,4,3,0,5,3,1,1,1
20234,R,전통시장,3130179,"이화여대 3,5,7길 상점가",147,65,82,3,34,15,41,31,23,1,12,3,14,17,18,2,22,12,27,14,5
20234,A,골목상권,3110509,연희대우아파트앞,391,210,181,0,39,105,101,88,58,0,13,52,51,53,41,0,26,53,50,35,17
20234,A,골목상권,3110511,연희초등학교,3646,3286,360,2,420,731,640,1505,348,1,355,646,532,1425,327,1,65,85,108,80,21
20234,A,골목상권,3110513,연희파출소,457,241,216,0,51,87,110,130,79,0,17,46,58,69,51,0,34,41,52,61,28
20234,A,골목상권,3110505,홍남교남측,14,9,5,0,1,0,3,7,3,0,0,0,2,5,2,0,1,0,1,2,1
20234,A,골목상권,3110536,돈의문센트레빌아파트입구,141,105,36,0,12,23,61,32,13,0,7,17,50,21,10,0,5,6,11,11,3
20234,A,골목상권,3110582,이대역 5번,56,17,39,0,6,11,16,13,10,0,0,4,4,4,5,0,6,7,12,9,5
20234,R,전통시장,3130195,도화동 상점가,1040,502,538,2,201,267,226,153,191,1,86,132,121,88,74,1,115,135,105,65,117
20234,D,발달상권,3120101,합정역,1932,1048,884,2,302,520,515,399,194,2,89,236,312,266,143,0,213,284,203,133,51
20234,A,골목상권,3110558,경성고등학교,2362,1593,769,11,308,568,571,513,391,10,153,351,408,384,287,1,155,217,163,129,104
20234,R,전통시장,3130184,마포농수산물시장,77,40,37,0,2,12,24,26,13,0,1,8,12,14,5,0,1,4,12,12,8
20234,A,골목상권,3110553,가좌역 2번,281,167,114,0,26,51,79,81,44,0,16,28,44,43,36,0,10,23,35,38,8
20234,D,발달상권,3120099,월드컵경기장역(월드컵경기장),84,57,27,0,11,20,26,14,13,0,6,16,21,7,7,0,5,4,5,7,6
20234,R,전통시장,3130193,신수시장,34,19,15,0,4,7,12,5,6,0,1,5,5,4,4,0,3,2,7,1,2
20234,A,골목상권,3110583,공덕래미안3차아파트,12,7,5,0,2,3,1,1,5,0,1,2,1,0,3,0,1,1,0,1,2
20234,R,전통시장,3130198,아현시장,203,45,158,1,51,84,52,10,5,0,8,5,26,4,2,1,43,79,26,6,3
20234,A,골목상권,3110546,양화대교북단,732,436,296,3,189,254,157,76,53,3,81,126,120,62,44,0,108,128,37,14,9
20234,A,골목상권,3110621,목동역 5번,163,78,85,0,19,44,33,45,22,0,1,21,19,23,14,0,18,23,14,22,8
20234,D,발달상권,3120112,등촌역,1633,1138,495,10,223,388,373,358,281,6,100,270,265,265,232,4,123,118,108,93,49
20234,A,골목상권,3110597,신월1동주민센터,517,302,215,0,30,68,111,150,158,0,14,36,54,84,114,0,16,32,57,66,44
20233,A,골목상권,3110340,인수중학교,176,99,77,0,24,55,50,29,18,0,8,43,31,7,10,0,16,12,19,22,8
20233,A,골목상권,3110341,북한산우이역 2번,496,411,85,0,15,25,80,258,118,0,4,10,52,237,108,0,11,15,28,21,10
20233,A,골목상권,3110390,방학초등학교,231,110,121,0,18,63,68,58,24,0,7,36,28,27,12,0,11,27,40,31,12
20233,A,골목상권,3110408,가인초등학교,355,105,250,0,66,70,100,85,34,0,12,24,32,21,16,0,54,46,68,64,18
20233,A,골목상권,3110433,공릉역 2번,401,137,264,1,30,41,46,46,237,1,17,30,25,18,46,0,13,11,21,28,191
20233,R,전통시장,3130157,상계중앙시장,68,35,33,0,14,17,13,15,9,0,8,13,6,6,2,0,6,4,7,9,7
20233,A,골목상권,3110423,석계역 2번,280,104,176,0,27,29,65,73,86,0,9,15,31,29,20,0,18,14,34,44,66
20233,D,발달상권,3120090,연신내역,796,297,499,5,187,160,183,154,107,1,65,66,64,53,48,4,122,94,119,101,59
20233,A,골목상권,3110462,갈현건영아파트,335,216,119,1,40,61,100,72,61,1,23,36,61,48,47,0,17,25,39,24,14
20233,R,전통시장,3130170,제일시장,58,26,32,1,7,9,13,19,9,1,2,2,5,11,5,0,5,7,8,8,4
20233,A,골목상권,3110481,불광역 7번,199,89,110,0,13,44,41,60,41,0,2,23,11,25,28,0,11,21,30,35,13
20233,A,골목상권,3110443,수색역 1번,20,12,8,0,1,2,7,6,4,0,0,2,2,4,4,0,1,0,5,2,0
20233,A,골목상권,3110459,응암역 2번,547,198,349,1,50,105,159,154,78,0,9,38,77,41,33,1,41,67,82,113,45
20233,A,골목상권,3110468,응암역 3번,1202,526,676,2,142,266,324,272,196,0,45,119,142,116,104,2,97,147,182,156,92
20233,A,골목상권,3110478,응암1동주민센터,355,220,135,2,26,37,56,56,178,2,16,23,28,32,119,0,10,14,28,24,59
20233,A,골목상권,3110463,응암3동주민센터,123,54,69,0,7,23,36,26,31,0,3,6,14,11,20,0,4,17,22,15,11
20233,R,전통시장,3130161,증산종합시장,8,5,3,0,0,1,2,2,3,0,0,0,1,2,2,0,0,1,1,0,1
20233,A,골목상권,3110507,명지대학교,1537,1156,381,29,392,636,318,129,33,26,257,481,282,83,27,3,135,155,36,46,6
20233,A,골목상권,3110495,북가좌2동주민센터,501,372,129,0,28,67,125,185,96,0,11,45,88,152,76,0,17,22,37,33,20
20233,R,전통시장,3130179,"이화여대 3,5,7길 상점가",147,65,82,3,34,15,41,31,23,1,12,3,14,17,18,2,22,12,27,14,5
20233,A,골목상권,3110528,서울여자간호대학교,324,160,164,0,11,25,38,72,178,0,10,14,20,24,92,0,1,11,18,48,86
20233,A,골목상권,3110580,양원초등학교,78,20,58,0,3,6,16,25,28,0,0,1,3,11,5,0,3,5,13,14,23
20233,A,골목상권,3110568,광흥창역 1번,67,32,35,0,12,21,14,15,5,0,4,10,6,9,3,0,8,11,8,6,2
20233,A,골목상권,3110545,마포구청역 1번,789,460,329,1,64,151,210,235,128,1,24,92,106,146,91,0,40,59,104,89,37
20233,A,골목상권,3110584,아현역 4번,49,13,36,0,4,7,14,13,11,0,0,0,2,5,6,0,4,7,12,8,5
20233,A,골목상권,3110556,절두산순교성지,176,112,64,3,17,42,58,39,17,3,8,27,39,24,11,0,9,15,19,15,6
20233,A,골목상권,3110622,달마을공원,458,261,197,0,58,90,102,138,70,0,26,47,63,65,60,0,32,43,39,73,10
20233,A,골목상권,3110601,신월1동우편취급국,1200,814,386,3,116,180,274,437,190,1,61,115,183,309,145,2,55,65,91,128,45
20233,A,골목상권,3110598,신월문화체육센터,381,174,207,0,16,50,101,131,83,0,4,22,40,60,48,0,12,28,61,71,35
20233,D,발달상권,3120109,서울남부지방법원,608,342,266,2,56,104,110,170,166,1,18,40,50,104,129,1,38,64,60,66,37
20233,A,골목상권,3110609,신정네거리역 2번,1377,1358,19,0,14,15,52,171,1125,0,10,11,45,168,1124,0,4,4,7,3,1
20233,A,골목상권,3110652,양천향교역 2번,643,483,160,0,70,131,146,169,127,0,32,102,104,139,106,0,38,29,42,30,21
20233,A,골목상권,3110675,화곡4동주민센터,235,161,74,0,13,45,60,59,58,0,6,28,34,46,47,0,7,17,26,13,11
20233,A,골목상권,3110672,백석중학교,168,91,77,1,26,41,35,49,16,1,19,23,14,23,11,0,7,18,21,26,5
20233,A,골목상권,3110660,등촌3동주민센터,4614,2039,2575,10,469,707,766,1291,1371,5,197,427,424,447,539,5,272,280,342,844,832
20233,A,골목상권,3110645,우장산역 4번,782,381,401,0,63,120,238,219,142,0,32,60,86,88,115,0,31,60,152,131,27
20233,R,전통시장,3130213,방신전통시장,112,77,35,0,13,20,25,29,25,0,10,18,14,14,21,0,3,2,11,15,4
20233,A,골목상권,3110630,공항시장역 1번,1472,1008,464,0,157,294,298,328,395,0,67,180,202,240,319,0,90,114,96,88,76
20233,R,전통시장,3130212,공항시장,8,6,2,0,1,0,3,2,2,0,1,0,3,0,2,0,0,0,0,2,0
20233,A,골목상권,3110640,방화역 1번,1019,638,381,3,139,292,240,195,150,3,62,119,167,158,129,0,77,173,73,37,21
20233,A,골목상권,3110655,발산역 5번,589,356,233,0,97,156,148,113,75,0,29,94,98,77,58,0,68,62,50,36,17
20233,D,발달상권,3120126,디지털단지오거리,135,86,49,0,11,30,48,26,20,0,2,16,38,15,15,0,9,14,10,11,5
20233,A,골목상권,3110692,큰굴다리,233,148,85,0,12,52,54,66,49,0,7,19,35,49,38,0,5,33,19,17,11
20233,A,골목상권,3110695,개봉1동주민센터,537,312,225,1,56,150,140,121,69,1,31,97,72,64,47,0,25,53,68,57,22
20233,R,전통시장,3130226,고척프라자,2,2,0,0,1,1,0,0,0,0,1,1,0,0,0,0,0,0,0,0,0
20233,A,골목상권,3110714,구로4동주민센터,261,149,112,0,32,43,54,76,56,0,7,18,31,50,43,0,25,25,23,26,13
20233,A,골목상권,3110708,화원어린이공원,71,33,38,0,10,12,15,24,10,0,3,4,7,10,9,0,7,8,8,14,1
20233,A,골목상권,3110715,구로구민회관,84,59,25,0,12,13,29,23,7,0,5,10,19,19,6,0,7,3,10,4,1
20233,A,골목상권,3110713,구로보건소,2668,1817,851,5,474,650,706,533,300,3,323,472,514,332,173,2,151,178,192,201,127
20233,A,골목상권,3110718,한국SGI본부,1614,1061,553,3,308,462,397,336,108,3,167,313,292,220,66,0,141,149,105,116,42
20233,A,골목상권,3110707,구로창업지원센터,1045,760,285,4,141,266,246,253,135,3,78,195,185,186,113,1,63,71,61,67,22
20233,D,발달상권,3120123,오류동역,2120,1645,475,1,313,413,505,594,294,0,276,331,389,425,224,1,37,82,116,169,70
20233,A,골목상권,3110726,금천철쭉어린이공원(금하마을),222,172,50,0,19,25,41,62,75,0,17,16,22,45,72,0,2,9,19,17,3
20233,A,골목상권,3110727,독산역 1번 출입구,659,514,145,4,72,152,169,191,71,4,48,118,128,165,51,0,24,34,41,26,20
20233,A,골목상권,3110738,문성초등학교,249,125,124,0,17,27,65,90,50,0,12,14,34,40,25,0,5,13,31,50,25
20233,A,골목상권,3110744,독산동성당,486,292,194,0,31,86,125,152,92,0,22,53,69,89,59,0,9,33,56,63,33
20233,R,전통시장,3130232,독산동 맛나는거리상점가(독산동 맛나는거리),33,24,9,0,3,12,5,10,3,0,2,9,4,6,3,0,1,3,1,4,0
20233,D,발달상권,3120133,서울시흥동우체국(홈플러스시흥점),154,66,88,1,16,23,31,43,40,1,7,11,15,12,20,0,9,12,16,31,20
20233,A,골목상권,3110734,금천파출소,92,47,45,0,7,11,21,29,24,0,3,5,14,13,12,0,4,6,7,16,12
20233,R,전통시장,3130236,비단길현대시장(현대시장),139,42,97,0,13,23,49,40,14,0,4,3,12,17,6,0,9,20,37,23,8
20233,A,골목상권,3110747,석수역 1번 출입구,813,612,201,0,46,81,166,224,296,0,27,52,102,165,266,0,19,29,64,59,30
20233,A,골목상권,3110754,삼성산자연공원(서울금천초등학교),202,76,126,1,21,41,48,41,50,0,6,18,29,10,13,1,15,23,19,31,37
20233,D,발달상권,3120138,당산2동(영등포우체국),2754,1653,1101,23,745,579,479,488,440,15,395,347,312,309,275,8,350,232,167,179,165
20233,A,골목상권,3110781,대림한신아파트,182,112,70,0,23,29,51,38,41,0,8,16,34,23,31,0,15,13,17,15,10
20233,A,골목상권,3110776,도신초등학교,168,106,62,0,12,20,48,63,25,0,11,10,35,34,16,0,1,10,13,29,9
20233,A,골목상권,3110792,영등포역 2번,3343,1737,1606,28,554,856,830,851,224,11,223,385,459,526,133,17,331,471,371,325,91
20233,D,발달상권,3120137,문래역(문래로데오거리),50,21,29,2,11,8,13,12,4,0,4,1,7,7,2,2,7,7,6,5,2
20233,A,골목상권,3110812,신길6동주민센터,363,245,118,0,69,115,106,50,23,0,34,78,85,29,19,0,35,37,21,21,4
20233,A,골목상권,3110798,신풍역 2번,53,20,33,0,2,13,14,13,11,0,0,3,3,6,8,0,2,10,11,7,3
20233,A,골목상권,3110811,보라매역 4번,187,94,93,0,22,41,49,52,23,0,8,22,18,27,19,0,14,19,31,25,4
20233,A,골목상권,3110756,문래중학교,275,179,96,0,48,79,78,35,35,0,21,58,52,21,27,0,27,21,26,14,8
20233,R,전통시장,3130257,영등포시장기계공구상가,158,116,42,0,11,26,33,47,41,0,7,16,22,37,34,0,4,10,11,10,7
20233,A,골목상권,3110800,영등포동성당,227,153,74,0,26,34,61,66,40,0,13,22,37,46,35,0,13,12,24,20,5
20233,A,골목상권,3110806,서울시립영등포장애인복지관,76,42,34,0,18,30,13,13,2,0,5,16,9,11,1,0,13,14,4,2,1
20233,A,골목상권,3110820,성남고등학교,3101,2470,631,1,651,742,555,991,161,0,438,581,448,879,124,1,213,161,107,112,37
20233,D,발달상권,3120156,"총신대입구역(이수, 총신대)",3366,1461,1905,14,640,802,748,644,518,7,213,337,380,258,266,7,427,465,368,386,252
20233,A,골목상권,3110839,숭실대입구역 4번,187,67,120,0,10,51,57,46,23,0,2,14,22,11,18,0,8,37,35,35,5
20233,A,골목상권,3110833,상도역 2번,255,163,92,2,20,61,74,74,24,0,17,49,47,34,16,2,3,12,27,40,8
20233,A,골목상권,3110819,신대방역 4번,456,226,230,0,62,93,114,73,114,0,14,33,50,48,81,0,48,60,64,25,33
20233,A,골목상권,3110876,서원동주민센터(신관중학교),49,29,20,0,5,9,16,9,10,0,2,4,10,4,9,0,3,5,6,5,1
20233,R,전통시장,3130284,관악종합시장(신원시장),17,10,7,0,0,1,3,10,3,0,0,1,1,6,2,0,0,0,2,4,1
20233,A,골목상권,3110889,봉천역 6번,376,317,59,0,29,36,69,136,106,0,18,20,47,130,102,0,11,16,22,6,4
20233,A,골목상권,3110901,인헌고등학교(인헌중학교),245,143,102,3,39,58,73,51,21,3,21,35,38,30,16,0,18,23,35,21,5
20233,R,전통시장,3130275,강남골목시장,164,121,43,0,17,38,46,34,29,0,15,32,30,23,21,0,2,6,16,11,8
20233,D,발달상권,3120185,논현역,12723,7377,5346,29,2723,4108,3218,1875,770,10,1037,2421,2225,1194,490,19,1686,1687,993,681,280
20233,A,골목상권,3110908,구반포역,1517,376,1141,0,66,110,396,804,141,0,42,53,71,141,69,0,24,57,325,663,72
20233,A,골목상권,3110916,내방역 4번,1152,592,560,9,216,272,301,208,146,6,58,167,187,91,83,3,158,105,114,117,63
20233,A,골목상권,3110914,내방역 6번,146,116,30,0,26,31,37,26,26,0,17,26,26,24,23,0,9,5,11,2,3
20233,A,골목상권,3110919,내방역 8번,1289,936,353,3,122,279,365,332,188,1,51,165,297,279,143,2,71,114,68,53,45
20233,D,발달상권,3120179,양재역,20226,15999,4227,55,2836,6941,4949,3795,1650,32,1949,5811,4124,2895,1188,23,887,1130,825,900,462
20233,A,골목상권,3110981,국악고교사거리,361,216,145,2,57,77,110,81,34,0,27,36,72,56,25,2,30,41,38,25,9
20233,D,발달상권,3120191,학동역,13888,8123,5765,40,2898,3769,2969,1869,2343,17,1128,2152,2012,1134,1680,23,1770,1617,957,735,663
20233,A,골목상권,3110952,논현목련공원,117,65,52,0,21,23,27,22,24,0,9,13,13,14,16,0,12,10,14,8,8
20233,A,골목상권,3110953,학동근린공원,2487,1583,904,15,679,891,571,218,113,0,336,572,409,180,86,15,343,319,162,38,27
20233,A,골목상권,3110968,강남구청역 2번,1023,596,427,7,327,204,133,121,231,4,177,117,81,68,149,3,150,87,52,53,82
20233,D,발달상권,3120203,강남구청역,7726,4602,3124,27,1589,2070,1890,1381,769,8,650,1218,1293,882,551,19,939,852,597,499,218
20233,A,골목상권,3110966,논현2동주민센터,1634,1016,618,18,470,498,299,216,133,7,256,298,200,146,109,11,214,200,99,70,24
20233,A,골목상권,3110996,대치2동주민센터,1940,1218,722,2,81,274,345,337,901,0,47,206,276,245,444,2,34,68,69,92,457
20233,A,골목상권,3110982,강남구보훈회관,166,74,92,0,31,34,41,41,19,0,7,13,25,14,15,0,24,21,16,27,4
20233,A,골목상권,3111002,한국교통안전공단 강남자동차검사소,317,115,202,0,22,63,65,96,71,0,7,31,21,26,30,0,15,32,44,70,41
20233,A,골목상권,3110973,강남구청역 4번,1448,784,664,4,275,332,289,269,279,1,146,203,162,128,144,3,129,129,127,141,135
20233,A,골목상권,3110987,영동대교남단,410,201,209,1,80,64,74,101,90,1,40,36,31,40,53,0,40,28,43,61,37
20233,A,골목상권,3111022,석촌중학교(방이육교),686,344,342,1,59,145,176,222,83,0,37,95,98,70,44,1,22,50,78,152,39
20233,A,골목상권,3111041,거여역 8번,411,336,75,1,102,118,81,62,47,1,84,93,67,50,41,0,18,25,14,12,6
20233,D,발달상권,3120236,장지역(가든파이브),4622,3221,1401,15,678,1056,1076,989,808,10,373,711,778,710,639,5,305,345,298,279,169
20233,A,골목상권,3111014,송파나루역 2번,521,273,248,1,42,75,119,190,94,0,21,42,67,83,60,1,21,33,52,107,34
20233,A,골목상권,3111031,장지동주민센터(한림연예예술고교),3127,2317,810,8,263,415,651,857,933,2,170,330,497,648,670,6,93,85,154,209,263
20233,R,전통시장,3130314,풍납시장,203,100,103,1,24,42,50,61,25,1,15,27,22,19,16,0,9,15,28,42,9
20233,D,발달상권,3120242,강동구청역,4533,2940,1593,33,536,1064,1057,894,949,13,287,678,696,560,706,20,249,386,361,334,243
20233,A,골목상권,3111084,길동신동아아파트,169,104,65,2,27,32,37,58,13,2,21,23,24,25,9,0,6,9,13,33,4
20233,A,골목상권,3111073,둔촌동역 1번(한산중학교),973,578,395,1,134,224,250,206,158,1,58,122,160,124,113,0,76,102,90,82,45
20233,D,발달상권,3120248,명일역,859,331,528,4,114,141,223,203,174,2,41,59,84,68,77,2,73,82,139,135,97
20233,D,발달상권,3120249,고덕역,1359,916,443,3,172,305,337,317,225,1,75,198,249,221,172,2,97,107,88,96,53
20233,R,전통시장,3130319,성내전통시장,47,31,16,0,3,8,14,10,12,0,3,4,9,7,8,0,0,4,5,3,4
20233,A,골목상권,3111072,굽은다리역 1번(십자성마을),747,473,274,1,59,119,201,187,180,0,20,70,116,127,140,1,39,49,85,60,40
20233,R,전통시장,3130322,고분다리전통시장,7,4,3,0,0,0,2,4,1,0,0,0,1,2,1,0,0,0,1,2,0
20233,A,골목상권,3110017,정독도서관,650,322,328,0,133,273,152,58,34,0,26,130,93,43,30,0,107,143,59,15,4
20233,D,발달상권,3120001,서대문역,1510,1022,488,1,265,530,359,278,77,1,106,344,272,237,62,0,159,186,87,41,15
20233,A,골목상권,3110004,대신고등학교,32,14,18,0,3,4,8,14,3,0,1,0,3,8,2,0,2,4,5,6,1
20233,A,골목상권,3110002,독립문역 1번,475,121,354,1,146,140,118,44,26,1,25,25,41,14,15,0,121,115,77,30,11
20233,D,발달상권,3120062,신설동역,12648,5435,7213,13,1214,2604,3451,3483,1883,2,444,1433,1624,1125,807,11,770,1171,1827,2358,1076
20233,A,골목상권,3110025,충신시장옆,213,129,84,2,17,46,63,56,29,0,6,23,43,33,24,2,11,23,20,23,5
20233,D,발달상권,3120011,종로4가,2984,1666,1318,5,420,1022,880,515,142,0,165,497,518,378,108,5,255,525,362,137,34
20233,D,발달상권,3120008,인사동,22070,13019,9051,1263,7895,5069,3940,2756,1147,589,4005,3077,2666,2006,676,674,3890,1992,1274,750,471
20233,R,전통시장,3130012,"동대문종합시장(동대문종합시장 신관, 동대문종합시장D동상가)",1319,965,354,2,156,325,348,339,149,0,116,251,238,247,113,2,40,74,110,92,36
20233,A,골목상권,3110026,종로5가역 4번,190,120,70,0,22,41,73,27,27,0,9,28,47,14,22,0,13,13,26,13,5
20233,R,전통시장,3130014,동문시장,17,8,9,0,0,6,4,4,3,0,0,2,1,3,2,0,0,4,3,1,1
20233,R,전통시장,3130015,창신골목시장,22,12,10,0,0,2,8,9,3,0,0,2,6,2,2,0,0,0,2,7,1
20233,A,골목상권,3110031,창신역 1번,72,57,15,0,11,17,12,21,11,0,8,11,11,17,10,0,3,6,1,4,1
20233,A,골목상권,3110047,다산성곽길,160,89,71,0,36,43,36,27,18,0,23,29,21,7,9,0,13,14,15,20,9
20233,A,골목상권,3110016,평창동동측,2303,1051,1252,9,318,614,663,433,266,4,126,304,354,163,100,5,192,310,309,270,166
20233,A,골목상권,3110020,서울국제고등학교,593,291,302,1,141,279,101,49,22,1,41,139,70,26,14,0,100,140,31,23,8
20233,A,골목상권,3110048,장충동주민센터,5315,2706,2609,21,867,1339,1513,1367,208,5,338,768,756,707,132,16,529,571,757,660,76
20233,A,골목상권,3110046,버티고개,104,74,30,0,6,23,40,28,7,0,3,17,28,20,6,0,3,6,12,8,1
20233,R,전통시장,3130051,동화동 골목형상점가,391,156,235,1,82,94,98,66,50,1,18,25,43,36,33,0,64,69,55,30,17
20233,R,전통시장,3130053,백학시장,160,69,91,0,22,24,46,37,31,0,8,8,20,15,18,0,14,16,26,22,13
20233,A,골목상권,3110110,상왕십리역 6번,87,54,33,1,12,16,24,18,16,1,7,11,13,10,12,0,5,5,11,8,4
20233,R,전통시장,3130042,약수시장,158,67,91,2,36,30,40,21,29,2,9,9,19,8,20,0,27,21,21,13,9
20233,A,골목상권,3110591,충정로역 6번,87,48,39,0,15,19,21,28,4,0,9,9,11,16,3,0,6,10,10,12,1
20233,R,전통시장,3130062,보광시장,39,16,23,0,1,7,11,15,5,0,0,3,4,6,3,0,1,4,7,9,2
20233,A,골목상권,3110086,이태원역 북측,9244,3609,5635,12,3187,3891,1654,428,72,3,733,1558,905,355,55,9,2454,2333,749,73,17
20233,A,골목상권,3110085,경리단길남측,532,260,272,4,98,163,148,67,52,2,40,59,78,41,40,2,58,104,70,26,12
20233,A,골목상권,3110066,서울역 15번,748,467,281,6,152,227,156,125,82,3,81,151,104,66,62,3,71,76,52,59,20
20233,A,골목상권,3110105,금동어린이공원,38,17,21,0,1,7,11,10,9,0,0,2,3,6,6,0,1,5,8,4,3
20233,A,골목상권,3110116,청계천박물관,4825,3644,1181,29,323,769,1077,1762,865,26,206,565,875,1315,657,3,117,204,202,447,208
20233,A,골목상권,3110128,성원중학교,911,573,338,1,98,165,255,266,126,1,53,94,157,170,98,0,45,71,98,96,28
20233,A,골목상권,3110120,서울숲카페거리,79,49,30,0,8,12,35,18,6,0,3,8,23,10,5,0,5,4,12,8,1
20233,A,골목상권,3110124,뚝섬역교차로,1253,1006,247,7,170,155,222,312,387,6,94,111,169,268,358,1,76,44,53,44,29
20233,A,골목상권,3110129,성원어린이공원,640,405,235,1,65,118,131,180,145,0,35,70,86,107,107,1,30,48,45,73,38
20233,A,골목상권,3110132,성수2가3동주민센터,786,521,265,0,97,182,220,197,90,0,67,133,145,108,68,0,30,49,75,89,22
20233,A,골목상권,3110111,대현산장미원,51,40,11,0,6,7,6,17,15,0,6,4,4,13,13,0,0,3,2,4,2
20233,A,골목상권,3110166,구의1동주민센터,552,292,260,1,70,121,177,115,68,1,20,59,99,60,53,0,50,62,78,55,15
20233,A,골목상권,3110160,광진경찰서,819,680,139,0,149,322,180,157,11,0,110,261,150,149,10,0,39,61,30,8,1
20233,D,발달상권,3120054,어린이대공원역,1196,805,391,0,61,141,304,441,249,0,17,79,201,322,186,0,44,62,103,119,63
20233,A,골목상권,3110145,장안초등학교,7,4,3,0,0,1,2,3,1,0,0,0,1,3,0,0,0,1,1,0,1
20233,D,발달상권,3120055,군자역,4255,2030,2225,33,1138,780,911,991,402,23,548,430,436,330,263,10,590,350,475,661,139
20233,A,골목상권,3110164,아차산역 5번,731,494,237,3,111,126,143,164,184,0,61,77,101,112,143,3,50,49,42,52,41
20233,R,전통시장,3130076,능동로골목시장,93,70,23,0,2,11,16,17,47,0,1,4,14,11,40,0,1,7,2,6,7
20233,A,골목상권,3110158,중곡3동주민센터,715,518,197,1,113,210,184,138,69,0,73,168,123,104,50,1,40,42,61,34,19
20233,R,전통시장,3130100,답십리시장,93,40,53,2,19,25,23,11,13,2,4,9,11,6,8,0,15,16,12,5,5
20233,A,골목상권,3110227,답십리공원,229,93,136,0,16,30,77,84,22,0,13,16,27,23,14,0,3,14,50,61,8
20233,A,골목상권,3110181,신설동역 9번,1864,1212,652,12,209,232,286,440,685,12,150,162,188,282,418,0,59,70,98,158,267
20233,A,골목상권,3110192,동의보감타워,70,45,25,0,7,10,25,16,12,0,2,6,17,10,10,0,5,4,8,6,2
20233,R,전통시장,3130085,용두시장,4,2,2,0,0,0,1,2,1,0,0,0,0,1,1,0,0,0,1,1,0
20233,A,골목상권,3110182,용두희망어린이공원,370,249,121,0,38,71,108,87,66,0,20,47,67,64,51,0,18,24,41,23,15
20233,A,골목상권,3110223,군자초등학교,94,56,38,0,13,17,26,24,14,0,4,10,17,15,10,0,9,7,9,9,4
20233,A,골목상권,3110191,고려대역 6번,48,41,7,0,1,12,14,9,12,0,1,10,11,8,11,0,0,2,3,1,1
20233,A,골목상권,3110193,고려대역 4번,48,37,11,0,5,11,11,10,11,0,3,5,10,10,9,0,2,6,1,0,2
20233,A,골목상권,3110208,시조사삼거리,75,56,19,0,2,14,7,17,35,0,1,7,2,11,35,0,1,7,5,6,0
20233,R,전통시장,3130103,이경시장,16,8,8,0,0,1,2,2,11,0,0,1,1,1,5,0,0,0,1,1,6
20233,A,골목상권,3110270,혜원여고,168,148,20,0,4,5,7,70,82,0,4,3,6,59,76,0,0,2,1,11,6
20233,A,골목상권,3110274,서일대학교,523,360,163,0,46,59,135,146,137,0,8,37,89,115,111,0,38,22,46,31,26
20233,A,골목상권,3110277,러스크서울병원,145,78,67,0,12,30,29,43,31,0,4,13,16,23,22,0,8,17,13,20,9
20233,D,발달상권,3120068,사가정역,145,45,100,3,38,31,25,22,26,0,1,5,12,12,15,3,37,26,13,10,11
20233,A,골목상권,3110253,중곡초등학교,181,106,75,0,31,31,44,49,26,0,10,17,23,35,21,0,21,14,21,14,5
20233,A,골목상권,3110249,중화역 1번,764,479,285,0,68,129,205,203,159,0,31,61,105,139,143,0,37,68,100,64,16
20233,A,골목상권,3110250,화랑대역 7번,111,69,42,0,7,20,32,34,18,0,5,12,15,23,14,0,2,8,17,11,4
20233,R,전통시장,3130116,동성타워프라자,31,22,9,0,2,9,7,8,5,0,2,4,4,7,5,0,0,5,3,1,0
20233,A,골목상권,3110235,세화어린이공원,17,12,5,0,6,3,1,5,2,0,5,1,1,3,2,0,1,2,0,2,0
20233,A,골목상권,3110306,미아초등학교,317,218,99,2,13,50,81,77,94,0,3,29,53,50,83,2,10,21,28,27,11
20233,A,골목상권,3110304,보문역 4번,248,146,102,0,40,77,61,48,22,0,10,46,35,37,18,0,30,31,26,11,4
20233,A,골목상권,3110291,한성대입구역 3번,342,172,170,2,27,49,94,91,79,0,14,24,49,51,34,2,13,25,45,40,45
20233,A,골목상권,3110336,석관고등학교,94,84,10,0,3,17,16,37,21,0,3,15,13,34,19,0,0,2,3,3,2
20233,A,골목상권,3110335,석계역 7번,249,172,77,1,19,32,66,64,67,0,13,18,34,45,62,1,6,14,32,19,5
20233,A,골목상권,3110327,상월곡역 2번,118,60,58,0,8,17,42,31,20,0,3,8,24,14,11,0,5,9,18,17,9
20233,A,골목상권,3110330,돌곶이역 1번,220,172,48,0,12,18,33,31,126,0,4,12,20,23,113,0,8,6,13,8,13
20233,A,골목상권,3110332,돌곶이역 3번,164,63,101,0,28,29,42,47,18,0,6,18,19,14,6,0,22,11,23,33,12
20233,A,골목상권,3110347,구세군강북종합사회복지관,38,17,21,0,10,7,5,9,7,0,1,5,1,5,5,0,9,2,4,4,2
20233,R,전통시장,3130137,"수유전통시장(수유시장, 수유골목시장)",86,29,57,0,5,10,18,25,28,0,0,3,8,7,11,0,5,7,10,18,17
20233,A,골목상권,3110344,화계중학교,12,10,2,0,7,1,1,2,1,0,5,1,1,2,1,0,2,0,0,0,0
20233,A,골목상권,3110353,수유동우체국,187,91,96,0,4,18,48,60,57,0,1,12,33,27,18,0,3,6,15,33,39
20233,A,골목상권,3110337,아카데미하우스,512,368,144,6,70,69,94,159,114,6,43,58,60,98,103,0,27,11,34,61,11
20233,A,골목상권,3110397,도봉산입구,469,257,212,0,31,56,101,131,150,0,6,34,39,73,105,0,25,22,62,58,45
20233,A,골목상권,3110406,도봉산역 1번,634,573,61,0,10,29,139,292,164,0,3,17,126,276,151,0,7,12,13,16,13
20233,A,골목상권,3110387,쌍문초등학교,307,169,138,0,37,47,91,75,57,0,13,24,49,39,44,0,24,23,42,36,13
20233,A,골목상권,3110389,한일병원,209,120,89,0,23,37,57,53,39,0,10,19,35,30,26,0,13,18,22,23,13
20233,D,발달상권,3120079,창동역,1326,796,530,0,151,232,320,304,319,0,54,108,172,195,267,0,97,124,148,109,52
20233,A,골목상권,3110435,서울과학기술대,73,40,33,0,5,12,18,25,13,0,3,4,8,14,11,0,2,8,10,11,2
20233,A,골목상권,3110415,수락산역 4번,635,386,249,5,82,110,155,174,109,5,46,71,85,110,69,0,36,39,70,64,40
20233,A,골목상권,3110491,불광중학교,43,14,29,0,3,5,13,9,13,0,1,1,5,3,4,0,2,4,8,6,9
20233,A,골목상권,3110436,상계제일중학교,93,60,33,0,15,21,33,20,4,0,5,13,23,15,4,0,10,8,10,5,0
20233,A,골목상권,3110432,대진고등학교,894,734,160,0,55,146,248,343,102,0,27,96,214,311,86,0,28,50,34,32,16
20233,A,골목상권,3110483,연천초등학교,119,74,45,0,11,16,34,17,41,0,3,9,26,10,26,0,8,7,8,7,15
20233,D,발달상권,3120087,응암역,425,258,167,0,45,82,110,105,83,0,17,49,75,59,58,0,28,33,35,46,25
20233,A,골목상권,3110452,새절역 3번,373,317,56,1,10,36,63,123,140,1,7,25,47,107,130,0,3,11,16,16,10
20233,A,골목상권,3110471,응암동우체국,263,117,146,0,34,61,73,70,25,0,11,21,28,35,22,0,23,40,45,35,3
20233,A,골목상권,3110469,응암정보도서관,344,188,156,1,38,58,104,104,39,0,11,29,61,57,30,1,27,29,43,47,9
20233,R,전통시장,3130172,모래내시장(서중시장),19,8,11,0,1,4,5,6,3,0,0,1,2,4,1,0,1,3,3,2,2
20233,A,골목상권,3110497,가좌역 3번,325,253,72,0,17,43,89,123,53,0,3,17,75,115,43,0,14,26,14,8,10
20233,A,골목상권,3110500,남가좌동현대아파트,74,54,20,0,12,13,23,22,4,0,8,9,17,17,3,0,4,4,6,5,1
20233,A,골목상권,3110494,증산3교남측,31,24,7,0,1,8,7,9,6,0,0,7,5,7,5,0,1,1,2,2,1
20233,A,골목상권,3110530,아현역 1번,36,20,16,0,5,5,7,15,4,0,2,5,4,6,3,0,3,0,3,9,1
20233,A,골목상권,3110509,연희대우아파트앞,391,210,181,0,39,105,101,88,58,0,13,52,51,53,41,0,26,53,50,35,17
20233,A,골목상권,3110524,연희세브란스병원,51,23,28,0,10,13,15,8,5,0,5,6,6,3,3,0,5,7,9,5,2
20233,A,골목상권,3110501,연희어린이공원,214,82,132,0,12,33,40,75,54,0,3,20,15,18,26,0,9,13,25,57,28
20233,R,전통시장,3130182,영천시장,78,35,43,0,13,8,24,22,11,0,3,4,10,12,6,0,10,4,14,10,5
20233,A,골목상권,3110539,미근동,2792,1821,971,13,225,688,889,822,155,9,167,550,547,424,124,4,58,138,342,398,31
20233,A,골목상권,3110519,서대문구보건소별관,341,156,185,0,42,73,79,94,53,0,14,33,44,37,28,0,28,40,35,57,25
20233,R,전통시장,3130197,마포시장,15,5,10,0,0,1,5,4,5,0,0,1,0,2,2,0,0,0,5,2,3
20233,A,골목상권,3110576,대흥역 3번,1605,1112,493,71,503,480,308,163,80,27,310,365,253,111,46,44,193,115,55,52,34
20233,A,골목상권,3110573,신촌역 6번,28,10,18,0,7,3,6,6,6,0,2,0,3,1,4,0,5,3,3,5,2
20233,A,골목상권,3110563,상수역 3번,309,246,63,11,75,122,61,17,23,9,60,95,50,13,19,2,15,27,11,4,4
20233,D,발달상권,3120105,상수역(홍대),524,273,251,4,126,153,122,71,48,2,51,74,70,42,34,2,75,79,52,29,14
20233,D,발달상권,3120101,합정역,1932,1048,884,2,302,520,515,399,194,2,89,236,312,266,143,0,213,284,203,133,51
20233,R,전통시장,3130189,서교시장,24,10,14,0,2,1,7,6,8,0,0,1,2,3,4,0,2,0,5,3,4
20233,D,발달상권,3120104,연남동(홍대),5955,3176,2779,20,1117,1491,1289,1103,935,12,428,824,772,620,520,8,689,667,517,483,415
20233,A,골목상권,3110564,홍대입구역 3번,471,211,260,0,54,125,161,78,53,0,19,47,103,22,20,0,35,78,58,56,33
20233,A,골목상권,3110621,목동역 5번,163,78,85,0,19,44,33,45,22,0,1,21,19,23,14,0,18,23,14,22,8
20233,R,전통시장,3130208,목동깨비시장(목3동시장),148,67,81,0,13,20,55,37,23,0,7,6,18,19,17,0,6,14,37,18,6
20233,R,전통시장,3130209,목사랑시장(목4동시장),113,62,51,0,7,15,23,43,25,0,2,13,10,20,17,0,5,2,13,23,8
20233,A,골목상권,3110592,서울금융고등학교,431,337,94,0,18,34,71,147,161,0,9,13,44,124,147,0,9,21,27,23,14
20233,A,골목상권,3110604,신월4동주민센터,635,526,109,0,13,50,120,232,220,0,6,29,87,191,213,0,7,21,33,41,7
20233,A,골목상권,3110595,메디힐병원,731,459,272,0,80,148,163,185,155,0,34,85,86,136,118,0,46,63,77,49,37
20233,A,골목상권,3110603,지향초등학교,187,104,83,0,12,54,55,38,28,0,5,28,33,19,19,0,7,26,22,19,9
20233,R,전통시장,3130207,신정1동 골목시장(신정제일시장),38,21,17,0,8,9,10,7,4,0,3,5,6,4,3,0,5,4,4,3,1
20233,A,골목상권,3110625,신정2동주민센터,726,454,272,2,98,196,215,155,60,0,51,124,146,94,39,2,47,72,69,61,21
20233,R,전통시장,3130211,신정2동 골목시장(오목교중앙시장),15,10,5,0,1,1,5,7,1,0,1,1,3,4,1,0,0,0,2,3,0
20233,A,골목상권,3110694,세곡초등학교,438,243,195,2,55,148,88,96,49,0,24,75,49,59,36,2,31,73,39,37,13
20233,A,골목상권,3110614,목동로데오거리,596,292,304,0,69,85,114,216,112,0,42,44,58,103,45,0,27,41,56,113,67
20233,D,발달상권,3120119,발산역(마곡),1427,686,741,2,184,339,416,350,136,1,54,148,211,174,98,1,130,191,205,176,38
20233,A,골목상권,3110643,강서구다솔마을,653,413,240,1,97,165,199,139,52,0,47,101,136,93,36,1,50,64,63,46,16
20233,A,골목상권,3110667,가양역 10번,177,126,51,0,33,32,56,36,20,0,21,20,38,29,18,0,12,12,18,7,2
20233,A,골목상권,3110639,신방화역 8번,534,376,158,1,76,67,89,155,146,1,18,26,52,140,139,0,58,41,37,15,7
20233,A,골목상권,3110641,공항고등학교,345,236,109,2,46,95,100,79,23,1,30,72,61,52,20,1,16,23,39,27,3
20233,A,골목상권,3110633,개화산역 1번,28,14,14,0,0,6,10,7,5,0,0,1,5,3,5,0,0,5,5,4,0
20233,A,골목상권,3110642,정곡초등학교,193,163,30,2,8,14,35,69,65,1,4,10,30,58,60,1,4,4,5,11,5
20233,A,골목상권,3110678,염창무학아파트,285,214,71,1,34,65,92,60,33,1,17,53,72,47,24,0,17,12,20,13,9
20233,A,골목상권,3110653,화곡역 2번,917,494,423,1,191,273,240,171,41,0,79,137,119,135,24,1,112,136,121,36,17
20233,R,전통시장,3130216,화곡중앙시장,75,32,43,0,4,11,21,22,17,0,2,2,9,8,11,0,2,9,12,14,6
20233,R,전통시장,3130215,대원종합시장,9,7,2,0,0,1,0,3,5,0,0,1,0,2,4,0,0,0,0,1,1
20233,A,골목상권,3110661,강서새말어린이공원,126,48,78,0,3,13,30,38,42,0,2,8,10,9,19,0,1,5,20,29,23
20233,A,골목상권,3110664,강서구청옆,111,48,63,0,14,10,31,43,13,0,11,7,10,9,11,0,3,3,21,34,2
20233,A,골목상권,3110663,우장산롯데캐슬아파트앞,279,217,62,0,6,19,48,106,100,0,3,13,26,82,93,0,3,6,22,24,7
20233,R,전통시장,3130219,까치산시장,114,35,79,0,16,17,35,29,17,0,4,6,8,9,8,0,12,11,27,20,9
20233,A,골목상권,3110710,남구로역 3번,606,370,236,3,83,96,105,121,198,3,46,63,63,68,127,0,37,33,42,53,71
20233,R,전통시장,3130223,고척근린시장,42,12,30,0,2,10,12,14,4,0,0,1,1,7,3,0,2,9,11,7,1
20233,R,전통시장,3130224,개봉프라자(고척근린시장),5,4,1,0,0,0,1,2,2,0,0,0,1,1,2,0,0,0,0,1,0
20233,D,발달상권,3120130,구로디지털단지역,1136,620,516,1,169,376,236,212,142,0,59,208,125,125,103,1,110,168,111,87,39
20233,A,골목상권,3110683,오류고등학교,75,46,29,0,12,15,23,18,7,0,9,8,14,8,7,0,3,7,9,10,0
20233,R,전통시장,3130222,오류시장,132,21,111,0,10,26,46,43,7,0,5,1,4,5,6,0,5,25,42,38,1
20233,A,골목상권,3110687,"천왕역 3번(오류2동주민센터, 서울오류남초등학교)",21,16,5,0,2,3,5,6,5,0,1,3,4,4,4,0,1,0,1,2,1
20233,D,발달상권,3120131,가산디지털단지,81127,53423,27704,289,16342,25688,20130,11589,7089,184,8639,17233,14526,7698,5143,105,7703,8455,5604,3891,1946
20233,A,골목상권,3110740,금천해태공원,646,280,366,1,135,134,136,170,70,1,47,54,56,71,51,0,88,80,80,99,19
20233,A,골목상권,3110733,금천어울림복지센터,374,293,81,3,34,89,74,90,84,3,22,67,59,66,76,0,12,22,15,24,8
20233,A,골목상권,3110739,시흥3동 우편취급국,99,77,22,0,4,22,30,27,16,0,1,16,26,21,13,0,3,6,4,6,3
20233,R,전통시장,3130246,영등포청과시장(조광시장),237,126,111,0,24,33,47,77,56,0,9,11,28,39,39,0,15,22,19,38,17
20233,D,발달상권,3120136,영등포구청역,6456,3190,3266,20,1167,1451,1361,1429,1028,12,562,814,730,580,492,8,605,637,631,849,536
20233,A,골목상권,3110794,영동초등학교,622,482,140,0,72,112,182,170,86,0,37,84,150,136,75,0,35,28,32,34,11
20233,A,골목상권,3110775,대동초등학교,59,28,31,0,4,13,20,14,8,0,1,6,6,9,6,0,3,7,14,5,2
20233,D,발달상권,3120140,문래동주민센터,6184,3312,2872,22,1447,1843,1639,925,308,11,558,994,994,525,230,11,889,849,645,400,78
20233,A,골목상권,3110814,서울지방병무청,673,364,309,1,51,117,155,236,113,1,23,79,97,104,60,0,28,38,58,132,53
20233,R,전통시장,3130259,대신시장,14,10,4,0,1,0,5,4,4,0,1,0,3,3,3,0,0,0,2,1,1
20233,A,골목상권,3110802,신길동홍어거리,336,159,177,1,59,113,86,61,16,0,18,45,44,40,12,1,41,68,42,21,4
20233,A,골목상권,3110791,신풍역 3번,25,17,8,0,1,5,9,9,1,0,0,2,6,8,1,0,1,3,3,1,0
20233,R,전통시장,3130241,선유도역 골목형상점가,500,253,247,0,95,93,123,136,53,0,39,49,66,67,32,0,56,44,57,69,21
20233,A,골목상권,3110773,당산역 13번,161,127,34,0,24,40,31,22,44,0,20,33,19,18,37,0,4,7,12,4,7
20233,D,발달상권,3120145,영등포역(영등포),3856,1817,2039,22,673,1021,921,702,517,0,202,441,486,388,300,22,471,580,435,314,217
20233,A,골목상권,3110796,한림대학교한강성심병원,87,52,35,1,7,19,26,19,15,0,4,11,17,9,11,1,3,8,9,10,4
20233,R,전통시장,3130267,본동인정시장(기능상실),59,41,18,0,6,10,12,15,16,0,4,7,9,8,13,0,2,3,3,7,3
20233,D,발달상권,3120153,노량진역(노량진),3600,1756,1844,10,508,1172,906,675,329,2,185,464,433,450,222,8,323,708,473,225,107
20233,D,발달상권,3120160,사당역(사당),9153,4750,4403,14,1560,2594,2716,1534,735,4,617,1307,1324,997,501,10,943,1287,1392,537,234
20233,R,전통시장,3130274,사당1동먹자골목상점가(사당1동먹자골목),389,218,171,4,91,100,81,63,50,3,45,64,37,35,34,1,46,36,44,28,16
20233,A,골목상권,3110849,이수역 10번,220,130,90,1,37,52,58,40,32,0,12,33,34,25,26,1,25,19,24,15,6
20233,A,골목상권,3110845,사당종합체육관,101,50,51,0,8,17,35,26,15,0,5,8,19,9,9,0,3,9,16,17,6
20233,A,골목상권,3110846,남성역 1번,535,290,245,1,66,120,146,135,67,0,25,59,78,74,54,1,41,61,68,61,13
20233,A,골목상권,3110838,상도1동주민센터앞,131,122,9,0,3,32,30,35,31,0,3,27,27,35,30,0,0,5,3,0,1
20233,A,골목상권,3110826,장승배기역 4번,366,149,217,2,20,37,57,103,147,1,8,22,28,38,52,1,12,15,29,65,95
20233,A,골목상권,3110842,흑리단길,53,22,31,0,10,9,10,16,8,0,4,3,5,5,5,0,6,6,5,11,3
20233,A,골목상권,3110895,샤로수길,1796,1222,574,3,307,721,360,233,172,2,170,534,234,152,130,1,137,187,126,81,42
20233,A,골목상권,3110862,난곡초등학교(난곡동벽화마을),84,41,43,0,4,13,14,34,19,0,2,6,11,15,7,0,2,7,3,19,12
20233,A,골목상권,3110881,구립대학경로당(관악산샘말공원),1580,1288,292,1,317,450,449,266,97,1,225,374,391,229,68,0,92,76,58,37,29
20233,A,골목상권,3110868,남부초등학교,232,126,106,0,20,29,45,49,89,0,11,23,22,28,42,0,9,6,23,21,47
20233,A,골목상권,3110884,봉천역 4번(봉천110안전센터),372,284,88,1,17,30,61,98,165,0,1,8,49,84,142,1,16,22,12,14,23
20233,R,전통시장,3130277,조원동 펭귄시장(신림중앙시장),98,56,42,1,15,26,31,19,6,1,8,18,16,9,4,0,7,8,15,10,2
20233,R,전통시장,3130293,봉천중앙시장,154,42,112,0,17,13,29,46,49,0,5,7,14,14,2,0,12,6,15,32,47
20233,R,전통시장,3130290,영림시장,417,183,234,0,74,101,107,92,43,0,14,49,43,44,33,0,60,52,64,48,10
20233,A,골목상권,3110945,본마을노인복지센터(서초구립내곡도서관),191,114,77,3,44,57,37,33,17,3,14,31,25,28,13,0,30,26,12,5,4
20233,D,발달상권,3120176,논현역 4번,893,566,327,1,130,216,195,168,183,1,67,126,129,106,137,0,63,90,66,62,46
20233,A,골목상권,3110904,이수역 5번,835,468,367,4,167,217,239,139,69,1,90,125,135,59,58,3,77,92,104,80,11
20233,A,골목상권,3110911,방배배수지체육공원,29,22,7,0,6,3,7,5,8,0,6,2,4,4,6,0,0,1,3,1,2
20233,A,골목상권,3110923,방배역 1번,210,153,57,0,34,56,55,41,24,0,21,38,42,34,18,0,13,18,13,7,6
20233,D,발달상권,3120173,교대역(법원.검찰청),18222,10456,7766,74,3270,5403,4730,3072,1673,29,1419,3004,2846,1897,1261,45,1851,2399,1884,1175,412
20233,D,발달상권,3120189,강남역,72613,38819,33794,234,17636,24305,18411,9151,2876,59,6629,13226,10962,5914,2029,175,11007,11079,7449,3237,847
20233,D,발달상권,3120171,서초3동사거리,11750,6206,5544,15,1990,3845,2551,1862,1487,6,827,1746,1496,1064,1067,9,1163,2099,1055,798,420
20233,A,골목상권,3110925,서초중학교,874,497,377,0,104,137,244,222,167,0,38,65,146,132,116,0,66,72,98,90,51
20233,D,발달상권,3120181,교육개발원입구사거리,7278,4440,2838,316,2978,1563,1247,730,444,145,1506,983,939,536,331,171,1472,580,308,194,113
20233,A,골목상권,3110939,양재역 8번(양재동우체국),5949,4099,1850,23,970,1420,1461,1174,901,15,499,989,1053,799,744,8,471,431,408,375,157
20233,D,발달상권,3120182,"양재시민의숲역(양재동꽃시장, aT센터)",6231,4311,1920,34,1059,1675,1508,1267,688,14,546,1157,1111,930,553,20,513,518,397,337,135
20233,R,전통시장,3130310,강남개포시장,298,173,125,0,29,56,71,82,60,0,8,23,42,56,44,0,21,33,29,26,16
20233,A,골목상권,3110957,언북중학교,1251,831,420,1,262,379,317,147,145,1,146,241,215,109,119,0,116,138,102,38,26
20233,D,발달상권,3120217,대치사거리,2779,1478,1301,11,552,771,700,452,293,10,220,379,381,264,224,1,332,392,319,188,69
20233,A,골목상권,3110989,대치동아우편취급국,444,270,174,9,90,148,75,68,54,0,43,102,43,44,38,9,47,46,32,24,16
20233,A,골목상권,3110965,언주역 6번,1139,788,351,1,174,379,378,142,65,1,104,276,284,74,49,0,70,103,94,68,16
20233,D,발달상권,3120206,개나리아파트,5243,3354,1889,87,1658,1413,1080,655,350,27,866,955,775,456,275,60,792,458,305,199,75
20233,A,골목상권,3110976,언북초등학교,578,332,246,1,111,188,126,86,66,0,41,115,83,49,44,1,70,73,43,37,22
20233,A,골목상권,3111036,투구봉어린이공원,209,119,90,1,22,40,55,62,29,1,7,20,26,39,26,0,15,20,29,23,3
20233,R,전통시장,3130315,문정동 로데오거리 상점가(문정동 로데오거리),1382,812,570,6,315,293,263,252,253,3,118,169,166,146,210,3,197,124,97,106,43
20233,D,발달상권,3120234,가락시장역,10280,6234,4046,11,1351,2492,2151,1680,2595,3,587,1469,1440,929,1806,8,764,1023,711,751,789
20233,R,전통시장,3130317,마천중앙시장,107,77,30,0,15,35,24,17,16,0,11,24,12,14,16,0,4,11,12,3,0
20233,R,전통시장,3130316,마천시장,18,9,9,0,3,3,2,10,0,0,2,2,2,3,0,0,1,1,0,7,0
20233,D,발달상권,3120229,방이동먹자골목,7319,4732,2587,12,1062,2182,1915,1302,846,5,588,1347,1338,913,541,7,474,835,577,389,305
20233,D,발달상권,3120233,몽촌토성역,10419,5740,4679,28,1795,2730,2265,2158,1443,22,1125,1855,1199,788,751,6,670,875,1066,1370,692
20233,A,골목상권,3111009,송파책박물관,130,94,36,1,13,38,28,24,26,0,11,32,18,15,18,1,2,6,10,9,8
20233,D,발달상권,3120230,송파사거리(송파역),876,470,406,4,96,176,202,193,205,1,38,99,115,92,125,3,58,77,87,101,80
20233,A,골목상권,3111013,송파나루역 1번(송리단길),2234,1456,778,8,320,568,650,435,253,3,160,384,445,290,174,5,160,184,205,145,79
20233,A,골목상권,3111039,벌말어린이공원,485,353,132,8,85,125,121,94,52,8,51,89,88,72,45,0,34,36,33,22,7
20233,D,발달상권,3120247,굽은다리역,572,312,260,4,91,119,146,104,108,1,37,77,74,56,67,3,54,42,72,48,41
20233,R,전통시장,3130321,장신구 특화거리 상점가,433,269,164,0,92,114,88,92,47,0,43,72,56,61,37,0,49,42,32,31,10
20233,A,골목상권,3111058,성내중학교,451,317,134,0,51,92,129,121,58,0,37,63,90,82,45,0,14,29,39,39,13
20233,A,골목상권,3111055,선사초등학교,673,29,644,0,14,28,137,373,121,0,4,7,8,6,4,0,10,21,129,367,117
20233,A,골목상권,3111075,굽은다리역 2번,193,114,79,0,14,42,54,52,31,0,14,28,24,31,17,0,0,14,30,21,14
20233,A,골목상권,3111063,강동구립 천호도서관,368,182,186,0,25,44,81,85,133,0,5,15,21,30,111,0,20,29,60,55,22
20233,A,골목상권,3110009,자하문터널,930,456,474,0,207,326,226,121,50,0,91,162,105,63,35,0,116,164,121,58,15
20233,D,발달상권,3120003,광화문역,43873,26821,17052,79,6380,12841,13071,8035,3467,12,2643,7543,8935,5616,2072,67,3737,5298,4136,2419,1395
20233,A,골목상권,3110033,창신역 4번,166,89,77,0,26,42,35,40,23,0,6,22,17,25,19,0,20,20,18,15,4
20233,R,전통시장,3130021,신설종합시장,50,37,13,1,1,10,12,13,13,0,0,9,10,10,8,1,1,1,2,3,5
20233,R,전통시장,3130009,마전교지하쇼핑센터(구 한일상가),24,16,8,0,0,2,3,7,12,0,0,2,2,4,8,0,0,0,1,3,4
20233,A,골목상권,3110023,서울대병원,92,33,59,0,9,24,23,20,16,0,3,7,10,5,8,0,6,17,13,15,8
20233,D,발달상권,3120012,대학로(혜화역),2004,901,1103,7,350,585,490,309,263,2,103,201,243,166,186,5,247,384,247,143,77
20233,D,발달상권,3120009,종로3가역,8495,4786,3709,19,1355,2296,2026,1582,1217,8,563,1230,1198,953,834,11,792,1066,828,629,383
20233,A,골목상권,3110022,경신고등학교,506,385,121,11,133,157,117,54,34,10,99,119,89,42,26,1,34,38,28,12,8
20233,D,발달상권,3120034,중구청(퇴계로4가),1545,1050,495,7,108,228,400,440,362,5,48,129,262,327,279,2,60,99,138,113,83
20233,D,발달상권,3120022,북창동(시청역_6번),5197,3160,2037,24,1010,1611,1149,767,636,2,391,936,852,543,436,22,619,675,297,224,200
20233,D,발달상권,3120019,경찰청앞교차로,5958,3146,2812,26,1051,2221,1625,793,242,8,274,1044,982,619,219,18,777,1177,643,174,23
20233,R,전통시장,3130050,청평화시장,233,96,137,2,54,70,50,40,17,1,22,32,12,21,8,1,32,38,38,19,9
20233,R,전통시장,3130327,"평화시장(남평화시장, 제일평화시장, 신평화패션타운)",169,107,62,1,8,31,43,42,44,1,1,19,30,27,29,0,7,12,13,15,15
20233,A,골목상권,3110074,서울역 12번,8149,1751,6398,152,5985,1340,330,181,161,9,598,652,233,134,125,143,5387,688,97,47,36
20233,A,골목상권,3110081,해방촌 남동측,231,122,109,0,45,63,54,42,27,0,14,35,27,23,23,0,31,28,27,19,4
20233,A,골목상권,3110084,경리단길북측,315,168,147,0,47,85,84,57,42,0,23,36,39,36,34,0,24,49,45,21,8
20233,A,골목상권,3110071,한강미주맨션아파트,315,191,124,0,42,85,69,57,62,0,21,46,40,42,42,0,21,39,29,15,20
20233,R,전통시장,3130061,이태원시장,32,20,12,0,18,3,4,6,1,0,12,1,3,3,1,0,6,2,1,3,0
20233,A,골목상권,3110590,만리재,97,50,47,0,19,23,23,25,7,0,6,12,11,16,5,0,13,11,12,9,2
20233,R,전통시장,3130057,만리시장,12,9,3,0,0,2,1,4,5,0,0,1,1,3,4,0,0,1,0,1,1
20233,A,골목상권,3110070,용산세무서,184,130,54,0,21,54,55,24,30,0,8,37,41,18,26,0,13,17,14,6,4
20233,A,골목상권,3110062,한강로동땡땡거리(은행나무길),1506,884,622,9,319,423,319,208,228,6,142,225,216,138,157,3,177,198,103,70,71
20233,A,골목상권,3110079,후암동주민센터,1084,584,500,4,223,262,267,196,132,3,73,156,156,105,91,1,150,106,111,91,41
20233,R,전통시장,3130069,"한양대앞상점가(한양시장, 왕십리맛골목)",32,19,13,0,6,6,4,8,8,0,4,4,0,5,6,0,2,2,4,3,2
20233,A,골목상권,3110101,옥정중학교,218,121,97,0,55,51,65,31,16,0,24,34,43,13,7,0,31,17,22,18,9
20233,A,골목상권,3110102,옥수역 6번,175,116,59,0,22,39,48,41,25,0,11,21,31,31,22,0,11,18,17,10,3
20233,R,전통시장,3130065,무학봉상점가,181,71,110,0,29,39,47,42,24,0,4,11,15,23,18,0,25,28,32,19,6
20233,A,골목상권,3110179,광나루역 1번,911,620,291,0,142,209,188,233,139,0,82,160,157,154,67,0,60,49,31,79,72
20233,A,골목상권,3110180,광진정보도서관,5440,3602,1838,17,1593,2056,1086,499,189,5,872,1464,782,331,148,12,721,592,304,168,41
20233,D,발달상권,3120058,구의사거리,688,333,355,2,92,158,174,181,81,1,33,79,80,77,63,1,59,79,94,104,18
20233,D,발달상권,3120060,강변역(테크노마트),3189,2348,841,12,402,686,870,703,516,2,209,509,686,549,393,10,193,177,184,154,123
20233,A,골목상권,3110159,구의역 4번,663,391,272,1,125,115,158,132,132,1,58,62,85,87,98,0,67,53,73,45,34
20233,R,전통시장,3130074,영동교골목시장,21,15,6,0,6,9,2,3,1,0,3,9,0,2,1,0,3,0,2,1,0
20233,A,골목상권,3110153,중곡1동주민센터,241,83,158,1,42,57,67,57,17,0,14,22,22,17,8,1,28,35,45,40,9
20233,A,골목상권,3110142,화양사거리,215,108,107,1,37,47,45,53,32,1,20,25,24,17,21,0,17,22,21,36,11
20233,A,골목상권,3110148,어린이대공원역 3번,17,12,5,0,3,3,6,5,0,0,0,2,5,5,0,0,3,1,1,0,0
20233,R,전통시장,3130096,동부시장,14,9,5,0,0,0,1,1,12,0,0,0,0,0,9,0,0,0,1,1,3
20233,A,골목상권,3110183,한국의류시험연구원,839,447,392,3,238,307,149,75,67,1,88,162,81,58,57,2,150,145,68,17,10
20233,R,전통시장,3130089,청량리수산시장,42,33,9,0,4,7,16,6,9,0,3,7,12,4,7,0,1,0,4,2,2
20233,R,전통시장,3130098,회기시장,55,17,38,0,9,14,15,12,5,0,2,3,4,6,2,0,7,11,11,6,3
20233,A,골목상권,3110228,장안근린공원,1992,1184,808,40,1381,313,92,101,65,24,788,223,60,54,35,16,593,90,32,47,30
20233,R,전통시장,3130104,전곡시장,93,54,39,0,8,17,28,26,14,0,5,8,16,13,12,0,3,9,12,13,2
20233,D,발달상권,3120063,청량리역(청량리),1209,528,681,3,226,225,249,252,254,2,66,88,96,117,159,1,160,137,153,135,95
20233,A,골목상권,3110210,서울시립대,341,253,88,1,9,19,24,34,254,1,4,12,10,21,205,0,5,7,14,13,49
20233,A,골목상권,3110197,세종대왕기념관교차로,67,46,21,0,8,19,26,9,5,0,4,15,19,7,1,0,4,4,7,2,4
20233,D,발달상권,3120064,경희대학교(경희대),97,44,53,0,14,27,21,13,22,0,9,13,10,4,8,0,5,14,11,9,14
20233,A,골목상권,3110243,중랑노인종합복지관,298,114,184,1,30,49,74,104,40,0,5,21,37,31,20,1,25,28,37,73,20
20233,A,골목상권,3110259,사가정역 1번,543,425,118,2,48,108,172,159,54,2,29,73,131,140,50,0,19,35,41,19,4
20233,A,골목상권,3110269,용마문화복지센터,169,98,71,0,19,53,52,28,17,0,13,32,30,19,4,0,6,21,22,9,13
20233,A,골목상권,3110252,장안제일시장,712,505,207,1,64,101,159,195,192,1,42,73,87,131,171,0,22,28,72,64,21
20233,R,전통시장,3130111,"동원전통종합시장(동원시장, 동원전통시장 상점가)",224,109,115,0,24,37,49,82,32,0,11,17,21,38,22,0,13,20,28,44,10
20233,A,골목상권,3110247,먹골역 1번,381,176,205,0,54,79,123,81,44,0,21,30,55,39,31,0,33,49,68,42,13
20233,A,골목상권,3110255,상봉역 4번,327,208,119,0,39,52,78,92,66,0,20,24,46,62,56,0,19,28,32,30,10
20233,A,골목상권,3110262,상봉역 3번,1530,878,652,2,221,447,542,268,50,0,119,337,281,107,34,2,102,110,261,161,16
20233,A,골목상권,3110271,신내역 1번,97,74,23,0,8,17,25,29,18,0,5,14,18,23,14,0,3,3,7,6,4
20233,A,골목상권,3110251,장안중학교,147,104,43,0,8,34,46,39,20,0,3,23,34,27,17,0,5,11,12,12,3
20233,A,골목상권,3110244,중화역 4번,250,175,75,1,8,26,49,44,122,1,4,11,32,30,97,0,4,15,17,14,25
20233,A,골목상권,3110296,성신여대입구역 4번,77,39,38,1,7,12,30,11,16,1,3,7,15,8,5,0,4,5,15,3,11
20233,A,골목상권,3110297,경동고등학교,654,311,343,0,74,123,156,164,137,0,31,65,74,79,62,0,43,58,82,85,75
20233,D,발달상권,3120071,성북구청,255,127,128,0,36,55,64,62,38,0,14,22,38,31,22,0,22,33,26,31,16
20233,A,골목상권,3110280,북정마을,73,38,35,0,7,10,22,23,11,0,3,3,9,15,8,0,4,7,13,8,3
20233,R,전통시장,3130122,밤나무골시장,17,5,12,0,2,4,6,4,1,0,1,1,2,1,0,0,1,3,4,3,1
20233,D,발달상권,3120075,월곡역,369,213,156,1,40,86,97,67,78,0,17,48,54,44,50,1,23,38,43,23,28
20233,R,전통시장,3130123,꿈의숲 장곡 골목형상점가,6,5,1,0,1,0,1,4,0,0,1,0,1,3,0,0,0,0,0,1,0
20233,A,골목상권,3110287,정릉3동주민센터,70,50,20,0,9,12,18,19,12,0,5,8,15,12,10,0,4,4,3,7,2
20233,A,골목상권,3110317,종암중학교,411,206,205,0,33,120,153,85,20,0,14,47,78,58,9,0,19,73,75,27,11
20233,D,발달상권,3120076,수유역,1930,865,1065,7,241,303,422,465,492,4,62,102,176,240,281,3,179,201,246,225,211
20233,R,전통시장,3130142,강북북부시장,7,5,2,0,1,1,0,2,3,0,0,1,0,2,2,0,1,0,0,0,1
20233,A,골목상권,3110375,서울북부고용노동지청,110,55,55,1,12,20,31,32,14,0,8,15,16,11,5,1,4,5,15,21,9
20233,R,전통시장,3130134,"솔샘시장(미아6,7동골목시장)",73,30,43,1,7,19,25,18,3,0,3,4,12,8,3,1,4,15,13,10,0
20233,A,골목상권,3110354,삼각산119안전센터,22,5,17,0,2,3,10,5,2,0,0,0,2,1,2,0,2,3,8,4,0
20233,A,골목상권,3110378,송중동주민센터,23,13,10,0,1,4,6,9,3,0,1,2,2,6,2,0,0,2,4,3,1
20233,A,골목상권,3110350,가오리역 2번,148,77,71,0,11,27,37,49,24,0,5,11,18,26,17,0,6,16,19,23,7
20233,R,전통시장,3130138,수유프라자,142,24,118,1,31,24,16,42,28,0,1,4,5,4,10,1,30,20,11,38,18
20233,R,전통시장,3130136,수유재래시장,32,13,19,0,6,5,8,6,7,0,2,1,0,3,7,0,4,4,8,3,0
20233,R,전통시장,3130133,우이골목시장(우이시장),69,61,8,0,7,7,19,20,16,0,6,6,17,17,15,0,1,1,2,3,1
20233,A,골목상권,3110410,방학역 2번,957,833,124,3,75,187,185,224,283,2,61,162,154,194,260,1,14,25,31,30,23
20233,A,골목상권,3110411,도봉역 3번,421,379,42,0,13,31,61,141,175,0,11,20,48,133,167,0,2,11,13,8,8
20233,A,골목상권,3110400,도봉구보건소,191,111,80,0,20,35,53,51,32,0,9,22,32,26,22,0,11,13,21,25,10
20233,R,전통시장,3130146,쌍문시장(쌍문역골목시장),263,124,139,0,29,33,54,80,67,0,10,12,28,32,42,0,19,21,26,48,25
20233,R,전통시장,3130147,쌍문역동측상점가,69,32,37,0,7,17,18,9,18,0,2,6,10,5,9,0,5,11,8,4,9
20233,A,골목상권,3110399,창2동주민센터,849,516,333,8,110,207,262,192,70,8,69,157,137,97,48,0,41,50,125,95,22
20233,R,전통시장,3130153,창동역상점가,229,138,91,0,18,48,54,56,53,0,7,31,30,31,39,0,11,17,24,25,14
20233,A,골목상권,3110409,창동역 2번,396,202,194,0,33,43,83,109,128,0,12,29,59,45,57,0,21,14,24,64,71
20233,D,발달상권,3120086,태릉입구역,382,205,177,0,42,78,82,102,78,0,24,43,35,49,54,0,18,35,47,53,24
20233,A,골목상권,3110434,태릉입구역 4번,121,62,59,0,13,11,24,35,38,0,3,2,12,22,23,0,10,9,12,13,15
20233,D,발달상권,3120081,노원역,1552,508,1044,9,369,295,343,307,229,2,66,87,125,121,107,7,303,208,218,186,122
20233,A,골목상권,3110426,상계2동주민센터,337,169,168,0,32,57,83,96,69,0,15,30,39,45,40,0,17,27,44,51,29
20233,A,골목상권,3110414,장석교회,66,51,15,0,7,16,15,20,8,0,5,13,11,17,5,0,2,3,4,3,3
20233,A,골목상권,3110465,연신내역 7번,240,119,121,3,38,52,57,54,36,2,12,29,25,25,26,1,26,23,32,29,10
20233,A,골목상권,3110490,녹번동근린공원,311,170,141,0,30,65,86,76,54,0,11,31,48,45,35,0,19,34,38,31,19
20233,A,골목상권,3110489,불광역 3번,35,25,10,0,3,7,10,10,5,0,3,4,7,6,5,0,0,3,3,4,0
20233,A,골목상권,3110479,연신내역 2번,318,181,137,1,50,84,68,69,46,0,28,71,35,32,15,1,22,13,33,37,31
20233,R,전통시장,3130165,"대림골목시장(대림시장, 양지시장)",214,34,180,0,20,45,56,62,31,0,1,7,5,11,10,0,19,38,51,51,21
20233,A,골목상권,3110492,하나고등학교,238,38,200,1,5,13,11,95,113,0,0,7,7,8,16,1,5,6,4,87,97
20233,A,골목상권,3110493,북가좌초등학교,892,830,62,0,2,19,27,80,764,0,0,12,22,68,728,0,2,7,5,12,36
20233,A,골목상권,3110514,서대문우체국,86,19,67,0,26,26,17,9,8,0,0,4,7,4,4,0,26,22,10,5,4
20233,A,골목상권,3110508,서연중학교,947,425,522,9,139,241,158,245,155,3,62,148,74,76,62,6,77,93,84,169,93
20233,A,골목상권,3110513,연희파출소,457,241,216,0,51,87,110,130,79,0,17,46,58,69,51,0,34,41,52,61,28
20233,A,골목상권,3110518,서대문구청,129,72,57,0,22,38,30,23,16,0,6,19,22,15,10,0,16,19,8,8,6
20233,A,골목상권,3110535,영천시장입구,488,333,155,2,36,65,112,164,109,2,19,35,78,130,69,0,17,30,34,34,40
20233,A,골목상권,3110538,충정로역 3번,284,178,106,0,12,42,56,66,108,0,5,27,35,42,69,0,7,15,21,24,39
20233,A,골목상권,3110525,홍은종합사회복지관,61,17,44,0,10,12,15,10,14,0,1,3,0,4,9,0,9,9,15,6,5
20233,A,골목상권,3110515,홍은중학교,396,312,84,1,45,118,119,68,45,1,33,93,94,52,39,0,12,25,25,16,6
20233,A,골목상권,3110583,공덕래미안3차아파트,12,7,5,0,2,3,1,1,5,0,1,2,1,0,3,0,1,1,0,1,2
20233,A,골목상권,3110562,연트럴파크(연남동주민센터),426,237,189,1,73,118,96,94,44,1,29,76,55,44,32,0,44,42,41,50,12
20233,R,전통시장,3130194,용강동 상점가,875,502,373,0,103,131,179,170,292,0,39,75,104,114,170,0,64,56,75,56,122
20233,A,골목상권,3110577,용강동주민센터,145,105,40,0,15,42,47,31,10,0,12,31,38,17,7,0,3,11,9,14,3
20233,A,골목상권,3110559,성산중학교,757,474,283,4,102,187,203,167,94,3,54,102,127,118,70,1,48,85,76,49,24
20233,R,전통시장,3130203,서서울 골목형상점가,34,7,27,0,2,7,10,12,3,0,0,0,2,4,1,0,2,7,8,8,2
20233,R,전통시장,3130204,경창시장,102,51,51,0,5,12,29,27,29,0,2,5,13,16,15,0,3,7,16,11,14
20233,A,골목상권,3110593,신월3동주민센터,304,157,147,0,38,65,76,87,38,0,12,32,45,44,24,0,26,33,31,43,14
20233,A,골목상권,3110605,목동센트럴아이파크앞,155,89,66,0,15,22,26,47,45,0,5,15,11,27,31,0,10,7,15,20,14
20233,A,골목상권,3110634,송정역 3번,664,434,230,0,64,143,178,145,134,0,33,90,116,101,94,0,31,53,62,44,40
20233,D,발달상권,3120116,송정역,117,64,53,0,17,27,28,20,25,0,9,11,15,10,19,0,8,16,13,10,6
20233,A,골목상권,3110637,송정역 2번,560,358,202,4,67,121,116,154,98,0,34,74,81,100,69,4,33,47,35,54,29
20233,A,골목상권,3110644,신광명마을,336,288,48,1,26,28,58,105,118,1,8,17,51,97,114,0,18,11,7,8,4
20233,A,골목상권,3110673,뜸부기어린이공원,253,143,110,0,37,52,62,64,38,0,21,29,31,34,28,0,16,23,31,30,10
20233,A,골목상권,3110717,남구로역 2번,570,271,299,0,108,155,142,104,61,0,49,84,75,34,29,0,59,71,67,70,32
20233,R,전통시장,3130225,개봉중앙시장,147,59,88,0,15,21,39,44,28,0,3,4,19,22,11,0,12,17,20,22,17
20233,A,골목상권,3110704,고척중학교,62,36,26,0,12,23,10,12,5,0,7,12,3,11,3,0,5,11,7,1,2
20233,A,골목상권,3110711,구로초등학교,815,329,486,4,62,122,165,287,175,2,26,70,81,74,76,2,36,52,84,213,99
20233,A,골목상권,3110719,영서중학교,19,15,4,0,0,4,2,3,10,0,0,2,2,3,8,0,0,2,0,0,2
20233,D,발달상권,3120127,구로구청,5871,3858,2013,6,600,1211,1435,1436,1183,5,362,967,1048,802,674,1,238,244,387,634,509
20233,A,골목상권,3110681,온수역 1번,94,70,24,0,6,30,30,17,11,0,5,22,21,12,10,0,1,8,9,5,1
20233,A,골목상권,3110686,수궁동주민센터,406,211,195,0,34,67,104,115,86,0,16,31,64,55,45,0,18,36,40,60,41
20233,A,골목상권,3110724,금천구립가산도서관,364,254,110,1,42,76,120,89,36,1,33,60,90,45,25,0,9,16,30,44,11
20233,A,골목상권,3110737,금천세무서,502,323,179,8,77,85,96,116,120,0,28,49,51,91,104,8,49,36,45,25,16
20233,A,골목상권,3110751,난곡중학교,733,399,334,2,48,217,242,177,47,2,21,117,128,91,40,0,27,100,114,86,7
20233,R,전통시장,3130238,은행나무시장,113,71,42,0,22,24,31,22,14,0,13,16,22,14,6,0,9,8,9,8,8
20233,A,골목상권,3110770,영등포구청역 6번,263,191,72,1,45,49,77,45,46,1,24,41,54,28,43,0,21,8,23,17,3
20233,A,골목상권,3110774,당산반도유보라팰리스아파트,472,355,117,0,59,119,131,96,67,0,34,81,109,80,51,0,25,38,22,16,16
20233,A,골목상권,3110784,신대림초등학교,76,42,34,0,3,11,18,36,8,0,0,7,12,18,5,0,3,4,6,18,3
20233,D,발달상권,3120142,대림역,1551,846,705,2,234,279,348,384,304,0,69,143,190,230,214,2,165,136,158,154,90
20233,A,골목상권,3110790,대림1동주민센터,741,337,404,1,74,163,282,161,60,1,46,71,89,77,53,0,28,92,193,84,7
20233,A,골목상권,3110767,도림동주민센터,11,0,11,0,4,3,3,1,0,0,0,0,0,0,0,0,4,3,3,1,0
20233,A,골목상권,3110816,대방역 6번,517,401,116,1,72,136,153,67,88,1,49,108,114,49,80,0,23,28,39,18,8
20233,A,골목상권,3110795,도림초등학교,533,356,177,0,20,49,80,128,256,0,8,36,48,74,190,0,12,13,32,54,66
20233,A,골목상권,3110805,신길새마을금고신길4동지점,45,27,18,0,6,12,12,8,7,0,2,7,6,5,7,0,4,5,6,3,0
20233,A,골목상권,3110797,KT대방빌딩,47,8,39,1,6,8,12,10,10,0,0,0,1,2,5,1,6,8,11,8,5
20233,D,발달상권,3120147,보라매역,1947,1238,709,5,286,452,370,367,467,2,93,310,249,264,320,3,193,142,121,103,147
20233,R,전통시장,3130248,영등포역지하도상점가,69,35,34,0,9,26,17,14,3,0,6,13,9,4,3,0,3,13,8,10,0
20233,A,골목상권,3110760,선유도역 6번,1792,1091,701,8,273,444,499,376,192,6,170,256,275,219,165,2,103,188,224,157,27
20233,D,발달상권,3120149,여의도역(여의도),69255,45888,23367,184,11383,22550,19240,12096,3802,34,5884,14085,14147,9350,2388,150,5499,8465,5093,2746,1414
20233,D,발달상권,3120148,국회의사당역(국회의사당),31135,19451,11684,82,6815,10231,7641,4493,1873,27,3082,6187,5424,3397,1334,55,3733,4044,2217,1096,539
20233,A,골목상권,3110829,장승배기역 5번,534,416,118,0,195,137,78,52,72,0,177,106,49,39,45,0,18,31,29,13,27
20233,A,골목상권,3110848,양지어린이공원,486,307,179,0,36,68,152,132,98,0,6,39,85,93,84,0,30,29,67,39,14
20233,R,전통시장,3130271,남성역골목시장,467,268,199,1,36,33,39,47,311,1,12,20,22,16,197,0,24,13,17,31,114
20233,A,골목상권,3110837,숭실대입구역 1번,360,184,176,1,39,72,80,79,89,0,19,29,39,32,65,1,20,43,41,47,24
20233,R,전통시장,3130262,상도도깨비 골목형상점가,21,13,8,0,0,4,10,4,3,0,0,4,6,1,2,0,0,0,4,3,1
20233,A,골목상권,3110825,신대방삼거리역 1번,319,207,112,0,33,63,96,72,55,0,23,41,58,47,38,0,10,22,38,25,17
20233,R,전통시장,3130261,성대전통시장(성대시장),211,104,107,0,15,47,61,61,27,0,4,26,33,23,18,0,11,21,28,38,9
20233,R,전통시장,3130264,상도약수골목형상점가,65,35,30,1,14,8,15,20,7,0,4,3,9,12,7,1,10,5,6,8,0
20233,A,골목상권,3110823,신대방삼거리역 3번,472,242,230,0,30,45,83,121,193,0,17,26,40,42,117,0,13,19,43,79,76
20233,A,골목상권,3110844,흑석2치안센터,11,7,4,0,2,2,4,0,3,0,1,2,2,0,2,0,1,0,2,0,1
20233,R,전통시장,3130282,난곡 골목형상점가,20,8,12,0,4,2,10,4,0,0,2,1,4,1,0,0,2,1,6,3,0
20233,A,골목상권,3110865,남강고등학교(남강중학교),270,116,154,4,57,53,59,61,36,2,10,23,23,31,27,2,47,30,36,30,9
20233,A,골목상권,3110902,사당역 4번,1184,729,455,1,189,266,295,248,185,0,82,168,204,156,119,1,107,98,91,92,66
20233,A,골목상권,3110887,서울산업정보학교(서울삼성초등학교),12,5,7,0,1,3,4,4,0,0,0,0,1,4,0,0,1,3,3,0,0
20233,A,골목상권,3110860,호림박물관(성보고등학교),410,314,96,1,57,102,66,110,74,1,44,84,47,78,60,0,13,18,19,32,14
20233,A,골목상권,3110883,은천초등학교(은천교앞),208,124,84,2,21,43,70,48,24,1,12,25,42,28,16,1,9,18,28,20,8
20233,R,전통시장,3130288,신림현대종합상가,2,0,2,0,1,1,0,0,0,0,0,0,0,0,0,0,1,1,0,0,0
20233,A,골목상권,3110894,관악동부센트레빌아파트(은천로35라길),20,8,12,0,2,4,3,6,5,0,0,2,1,2,3,0,2,2,2,4,2
20233,A,골목상권,3110869,"신림역 5번(신림동주민센터, 신림동별빛거리)",1026,681,345,1,79,136,248,233,329,1,36,73,143,155,273,0,43,63,105,78,56
20233,A,골목상권,3110877,신림역 8번,319,154,165,2,23,63,86,80,65,0,10,30,36,39,39,2,13,33,50,41,26
20233,R,전통시장,3130289,봉일시장,36,20,16,1,1,2,5,14,13,0,0,1,5,3,11,1,1,1,0,11,2
20233,A,골목상권,3110853,KT구로지사,217,130,87,0,21,49,65,51,31,0,9,27,44,28,22,0,12,22,21,23,9
20233,A,골목상권,3110897,서울대입구역 8번,219,139,80,0,16,45,69,64,25,0,7,24,40,44,24,0,9,21,29,20,1
20233,D,발달상권,3120167,고속터미널(고속터미널역),6925,4543,2382,24,790,1577,1689,1525,1320,10,416,1110,1328,1046,633,14,374,467,361,479,687
20233,A,골목상권,3110924,반포4동주민센터(몽마르뜨공원),1071,732,339,5,171,236,323,252,84,1,78,150,243,200,60,4,93,86,80,52,24
20233,A,골목상권,3110922,내방역 1번,219,112,107,1,42,47,47,42,40,0,13,23,27,23,26,1,29,24,20,19,14
20233,A,골목상권,3110909,남태령역(서울전자고등학교),132,97,35,1,11,29,23,34,34,1,4,19,16,29,28,0,7,10,7,5,6
20233,D,발달상권,3120163,사당역 11번(사당역먹자골목),491,290,201,0,55,119,99,86,132,0,28,73,57,50,82,0,27,46,42,36,50
20233,A,골목상권,3110929,남부터미널역 1번,21130,10703,10427,21,4446,4558,3912,7143,1050,4,1209,1890,1718,5123,759,17,3237,2668,2194,2020,291
20233,D,발달상권,3120168,서울고교교차로,794,492,302,1,124,237,200,130,102,0,48,130,143,98,73,1,76,107,57,32,29
20233,R,전통시장,3130301,양재시장,89,47,42,0,24,20,24,9,12,0,7,13,15,4,8,0,17,7,9,5,4
20233,A,골목상권,3110946,청계산원터골,41,21,20,0,2,4,8,13,14,0,2,2,6,3,8,0,0,2,2,10,6
20233,A,골목상권,3110980,개포지구대옆,663,482,181,0,90,198,202,111,62,0,45,142,168,72,55,0,45,56,34,39,7
20233,D,발달상권,3120207,선정릉역,11920,7343,4577,32,2669,4154,2699,1509,857,16,1106,2428,1922,1135,736,16,1563,1726,777,374,121
20233,D,발달상권,3120218,코엑스,290,54,236,0,116,103,58,13,0,0,13,16,16,9,0,0,103,87,42,4,0
20233,D,발달상권,3120186,가로수길,6518,3580,2938,19,1316,2133,1570,895,585,5,447,1174,950,573,431,14,869,959,620,322,154
20233,A,골목상권,3110951,신사은행나무공원,267,70,197,0,35,83,95,47,7,0,6,24,26,12,2,0,29,59,69,35,5
20233,R,전통시장,3130306,강남언주로,235,151,84,2,48,48,63,45,29,2,27,34,47,23,18,0,21,14,16,22,11
20233,D,발달상권,3120208,청담사거리(청담동명품거리),11437,5280,6157,43,3488,4035,2275,1044,552,17,1116,1816,1308,628,395,26,2372,2219,967,416,157
20233,D,발달상권,3120214,영동대교남단교차로,3984,2897,1087,7,489,1172,1107,929,280,3,271,811,865,753,194,4,218,361,242,176,86
20233,A,골목상권,3111024,경찰병원역 4번(건너말공원),240,150,90,0,27,53,63,68,29,0,16,33,45,35,21,0,11,20,18,33,8
20233,A,골목상권,3111046,마천역(마천초등학교),708,400,308,1,76,146,171,195,119,0,46,85,84,95,90,1,30,61,87,100,29
20233,A,골목상권,3111044,남천초등학교,557,264,293,1,95,146,167,113,35,0,35,71,76,56,26,1,60,75,91,57,9
20233,A,골목상권,3111019,한성백제역 3번,1458,963,495,2,199,428,415,246,168,2,101,294,294,157,115,0,98,134,121,89,53
20233,A,골목상권,3111007,석촌고분역 4번,936,480,456,0,107,215,255,242,117,0,43,116,142,109,70,0,64,99,113,133,47
20233,A,골목상권,3111004,삼전역 1번,2036,1331,705,13,263,407,504,376,473,0,108,261,337,239,386,13,155,146,167,137,87
20233,A,골목상권,3111033,문정동성당,70,30,40,0,5,4,16,16,29,0,2,3,8,9,8,0,3,1,8,7,21
20233,A,골목상권,3111018,풍납초등학교(풍납백제문화공원),26,23,3,0,1,5,10,6,4,0,1,4,8,6,4,0,0,1,2,0,0
20233,A,골목상권,3111078,굽은다리역 4번,1753,1022,731,1,135,300,379,488,450,1,75,186,215,270,275,0,60,114,164,218,175
20233,A,골목상권,3111082,중앙보훈병원,64,44,20,0,3,9,11,23,18,0,1,3,5,18,17,0,2,6,6,5,1
20233,A,골목상권,3111086,한영중고,297,202,95,1,27,45,73,101,50,1,17,22,52,69,41,0,10,23,21,32,9
20233,A,골목상권,3111051,천호역 6번,394,242,152,2,65,77,85,88,77,1,44,54,54,47,42,1,21,23,31,41,35
20233,A,골목상권,3111064,둔촌동역 4번,157,98,59,0,13,34,47,40,23,0,3,21,30,28,16,0,10,13,17,12,7
20233,A,골목상권,3111070,천호초등학교,121,70,51,1,7,20,39,27,27,0,3,9,23,16,19,1,4,11,16,11,8
20233,A,골목상권,3111057,천호공원(해공체육문화센터),254,112,142,2,53,50,64,60,25,2,15,19,30,32,14,0,38,31,34,28,11
20233,D,발달상권,3120007,북촌(안국역),10443,8282,2161,8,1148,3636,3182,1964,505,5,644,2891,2647,1702,393,3,504,745,535,262,112
20233,A,골목상권,3110018,중앙고등학교,829,408,421,0,92,166,209,160,202,0,27,55,100,80,146,0,65,111,109,80,56
20233,A,골목상권,3110006,부암동주민센터,27,16,11,0,2,7,7,5,6,0,2,5,2,3,4,0,0,2,5,2,2
20233,A,골목상권,3110012,성곡미술관,1042,489,553,0,260,329,260,111,82,0,70,152,149,69,49,0,190,177,111,42,33
20233,D,발달상권,3120002,서촌(경복궁역),1989,1071,918,37,487,674,421,221,149,0,190,387,258,131,105,37,297,287,163,90,44
20233,D,발달상권,3120005,삼청동,3049,2795,254,1,399,709,898,817,225,0,340,633,848,776,198,1,59,76,50,41,27
20233,D,발달상권,3120013,이화사거리,7536,5468,2068,8,1300,2502,2063,1294,369,1,626,1730,1678,1171,262,7,674,772,385,123,107
20233,D,발달상권,3120006,종각역,33181,16028,17153,59,5900,11133,9928,5489,672,14,2254,4920,4677,3672,491,45,3646,6213,5251,1817,181
20233,A,골목상권,3110019,창덕궁,325,215,110,0,47,91,82,71,34,0,21,65,53,49,27,0,26,26,29,22,7
20233,R,전통시장,3130016,동대문상가B동,2,1,1,0,0,1,1,0,0,0,0,0,1,0,0,0,0,1,0,0,0
20233,R,전통시장,3130019,동대문상가D동,29,22,7,0,6,6,5,4,8,0,4,3,4,4,7,0,2,3,1,0,1
20233,R,전통시장,3130001,통인시장,63,31,32,0,4,16,12,13,18,0,2,4,7,7,11,0,2,12,5,6,7
20233,D,발달상권,3120037,동대문역사문화공원역,35317,17057,18260,421,11234,9194,6979,5237,2252,180,5605,5543,3901,1328,500,241,5629,3651,3078,3909,1752
20233,A,골목상권,3110052,장충초등학교,484,281,203,0,43,100,132,130,79,0,16,63,75,82,45,0,27,37,57,48,34
20233,D,발달상권,3120026,을지로입구역,30610,18501,12109,14,4275,11589,8473,5661,598,4,1729,5846,5959,4562,401,10,2546,5743,2514,1099,197
20233,A,골목상권,3110038,경향신문사,1096,759,337,0,195,395,283,181,42,0,63,266,227,165,38,0,132,129,56,16,4
20233,R,전통시장,3130035,방산종합시장(방산시장),1190,736,454,1,96,200,284,312,297,0,56,117,154,191,218,1,40,83,130,121,79
20233,R,전통시장,3130033,대림상가(청계상가),169,121,48,0,7,29,54,39,40,0,3,19,35,30,34,0,4,10,19,9,6
20233,R,전통시장,3130034,필동 골목형상점가,14,7,7,0,2,4,5,2,1,0,1,2,2,2,0,0,1,2,3,0,1
20233,D,발달상권,3120042,"숙대입구역(남영역, 남영동)",4057,2797,1260,20,750,1490,1024,558,215,8,370,894,831,510,184,12,380,596,193,48,31
20233,A,골목상권,3110092,NH농협은행 보광동지점,468,168,300,0,90,111,103,94,70,0,11,47,34,33,43,0,79,64,69,61,27
20233,A,골목상권,3110083,서빙고역 1번,149,109,40,0,26,53,42,14,14,0,13,42,29,12,13,0,13,11,13,2,1
20233,A,골목상권,3110060,효창공원앞역 6번,287,170,117,0,28,62,80,73,44,0,10,34,48,47,31,0,18,28,32,26,13
20233,A,골목상권,3110068,남영역 1번,1090,615,475,8,161,257,250,224,190,6,60,135,151,138,125,2,101,122,99,86,65
20233,R,전통시장,3130058,이촌종합시장,109,78,31,0,13,19,25,26,26,0,7,12,15,21,23,0,6,7,10,5,3
20233,A,골목상권,3110091,리움미술관,1106,810,296,0,216,345,343,155,47,0,117,236,293,128,36,0,99,109,50,27,11
20233,A,골목상권,3110061,효창동주민센터,478,306,172,1,61,91,154,113,58,1,38,53,100,67,47,0,23,38,54,46,11
20233,A,골목상권,3110122,마장역 2번,461,270,191,1,60,87,116,112,85,1,32,59,68,60,50,0,28,28,48,52,35
20233,R,전통시장,3130068,마장축산물시장,975,630,345,1,102,202,250,248,172,1,68,127,155,165,114,0,34,75,95,83,58
20233,A,골목상권,3110125,사근동살곶이상점가,135,83,52,2,25,39,35,21,13,2,13,21,24,13,10,0,12,18,11,8,3
20233,R,전통시장,3130070,뚝섬역상점가,1017,698,319,6,178,260,218,222,133,4,105,180,144,157,108,2,73,80,74,65,25
20233,R,전통시장,3130066,행당시장상점가,360,178,182,0,42,76,102,95,45,0,17,37,53,44,27,0,25,39,49,51,18
20233,A,골목상권,3110178,장로회신학대학교,165,108,57,0,21,38,33,47,26,0,13,31,16,34,14,0,8,7,17,13,12
20233,A,골목상권,3110147,능동우편취급국,815,464,351,4,120,172,160,137,222,2,56,88,104,77,137,2,64,84,56,60,85
20233,A,골목상권,3110154,광진정말공원,255,146,109,1,31,54,61,65,43,1,16,34,30,34,31,0,15,20,31,31,12
20233,A,골목상권,3110151,자양한강도서관,249,175,74,4,35,52,63,66,29,3,24,37,49,41,21,1,11,15,14,25,8
20233,R,전통시장,3130083,"중곡제일시장(중곡제일골목시장, 광성시장)",111,68,43,0,15,21,29,24,22,0,7,14,20,10,17,0,8,7,9,14,5
20233,A,골목상권,3110162,군자역 4번,618,370,248,0,127,163,133,111,84,0,98,119,77,43,33,0,29,44,56,68,51
20233,A,골목상권,3110171,중곡4동주민센터,59,36,23,0,4,8,7,22,18,0,1,2,3,15,15,0,3,6,4,7,3
20233,R,전통시장,3130079,한아름시장,40,29,11,0,5,6,6,10,13,0,4,4,5,6,10,0,1,2,1,4,3
20233,A,골목상권,3110217,자동차부품상가,506,391,115,1,34,105,144,124,98,1,25,88,116,84,77,0,9,17,28,40,21
20233,A,골목상권,3110225,촬영소사거리,330,204,126,0,22,36,68,83,121,0,9,25,42,55,73,0,13,11,26,28,48
20233,A,골목상권,3110218,답십리사거리,158,83,75,0,14,25,45,60,14,0,5,12,22,33,11,0,9,13,23,27,3
20233,A,골목상권,3110220,외대앞역 1번,193,111,82,0,28,37,54,47,27,0,7,18,33,34,19,0,21,19,21,13,8
20233,A,골목상권,3110188,용두동신동아아파트,807,607,200,8,104,178,229,191,97,2,68,150,181,132,74,6,36,28,48,59,23
20233,A,골목상권,3110184,용두사거리,398,205,193,0,77,135,72,64,50,0,37,51,33,45,39,0,40,84,39,19,11
20233,A,골목상권,3110213,청량초등학교,124,81,43,0,19,57,17,15,16,0,7,41,13,7,13,0,12,16,4,8,3
20233,A,골목상권,3110230,장안현대홈타운1차아파트,161,101,60,0,15,32,52,45,17,0,6,22,33,28,12,0,9,10,19,17,5
20233,A,골목상권,3110216,전농중학교,208,68,140,1,32,48,62,50,15,1,11,14,18,18,6,0,21,34,44,32,9
20233,R,전통시장,3130091,청량종합도매시장,36,27,9,0,1,3,11,14,7,0,0,3,8,10,6,0,1,0,3,4,1
20233,A,골목상권,3110275,하나은행 망우동지점,63,33,30,0,4,9,19,16,15,0,3,6,9,5,10,0,1,3,10,11,5
20233,R,전통시장,3130112,사가정시장,86,28,58,0,13,17,24,19,13,0,0,3,6,8,11,0,13,14,18,11,2
20233,R,전통시장,3130109,묵1동도깨비시장,47,33,14,0,2,9,16,9,11,0,1,5,13,5,9,0,1,4,3,4,2
20233,R,전통시장,3130107,중랑동부시장(중랑교종합상가),13,3,10,0,0,1,4,5,3,0,0,0,0,1,2,0,0,1,4,4,1
20233,A,골목상권,3110276,신내IC북측,29,18,11,0,1,4,8,9,7,0,0,3,5,6,4,0,1,1,3,3,3
20233,A,골목상권,3110240,태릉시장 특화거리,97,39,58,2,20,13,28,16,18,1,3,8,7,8,12,1,17,5,21,8,6
20233,A,골목상권,3110299,정릉역 1번,372,241,131,1,33,49,83,95,111,0,9,12,40,74,106,1,24,37,43,21,5
20233,A,골목상권,3110302,보문역 8번,3797,3177,620,1,364,1434,710,823,465,1,252,1274,656,702,292,0,112,160,54,121,173
20233,A,골목상권,3110333,돌곶이역 5번,988,746,242,0,15,23,38,74,838,0,2,13,20,42,669,0,13,10,18,32,169
20233,D,발달상권,3120074,안암역,59,28,31,1,12,16,12,8,10,0,5,9,7,2,5,1,7,7,5,6,5
20233,R,전통시장,3130125,장위전통시장,40,20,20,0,5,6,7,8,14,0,0,2,5,5,8,0,5,4,2,3,6
20233,A,골목상권,3110295,정릉우체국,679,248,431,0,166,178,163,119,53,0,36,67,49,52,44,0,130,111,114,67,9
20233,A,골목상권,3110290,북한산보국문역 1번,96,78,18,0,2,9,29,37,19,0,1,8,23,30,16,0,1,1,6,7,3
20233,A,골목상권,3110284,정릉북한산국립공원입구,562,506,56,0,5,59,181,229,88,0,4,49,161,211,81,0,1,10,20,18,7
20233,A,골목상권,3110315,종암아이파크2차,124,78,46,0,11,17,41,38,17,0,4,9,27,25,13,0,7,8,14,13,4
20233,A,골목상권,3110311,종암아이파크2차후문,18,9,9,0,0,2,8,3,5,0,0,1,3,1,4,0,0,1,5,2,1
20233,D,발달상권,3120077,미아역,218,97,121,0,32,37,52,64,33,0,11,8,18,38,22,0,21,29,34,26,11
20233,A,골목상권,3110355,삼양사거리역 2번,306,254,52,0,8,26,44,103,125,0,1,10,31,94,118,0,7,16,13,9,7
20233,R,전통시장,3130135,수유중앙골목시장(수유중앙시장),24,12,12,0,0,3,4,5,12,0,0,2,2,0,8,0,0,1,2,5,4
20233,A,골목상권,3110372,강북중학교,188,100,88,0,21,43,50,48,26,0,17,25,18,20,20,0,4,18,32,28,6
20233,R,전통시장,3130129,장미원골목시장,911,571,340,0,15,14,38,89,755,0,1,4,12,40,514,0,14,10,26,49,241
20233,R,전통시장,3130130,수유북부골목시장,20,14,6,0,1,1,7,5,6,0,0,0,6,3,5,0,1,1,1,2,1
20233,A,골목상권,3110405,방학역 1번,1123,365,758,3,130,176,308,427,79,3,67,109,82,70,34,0,63,67,226,357,45
20233,A,골목상권,3110407,도봉역 2번,560,337,223,1,32,75,115,203,134,1,8,40,57,126,105,0,24,35,58,77,29
20233,R,전통시장,3130152,오!도봉거리 상점가,42,17,25,0,4,14,15,6,3,0,0,5,7,4,1,0,4,9,8,2,2
20233,A,골목상권,3110412,창동중학교,25,23,2,0,4,7,3,4,7,0,3,7,3,3,7,0,1,0,0,1,0
20233,R,전통시장,3130148,방학동도깨비시장,39,16,23,0,2,6,12,12,7,0,0,1,5,8,2,0,2,5,7,4,5
20233,A,골목상권,3110394,방학중학교,214,133,81,0,19,35,50,54,56,0,12,20,26,35,40,0,7,15,24,19,16
20233,A,골목상권,3110384,문이교,261,139,122,0,38,20,56,85,62,0,12,8,21,51,47,0,26,12,35,34,15
20233,A,골목상권,3110388,도봉우체국,35,23,12,0,4,3,10,14,4,0,2,2,7,8,4,0,2,1,3,6,0
20233,A,골목상권,3110442,화랑대철도공원,76,20,56,0,1,4,14,49,8,0,0,2,4,10,4,0,1,2,10,39,4
20233,A,골목상권,3110424,상계초등학교,388,157,231,2,42,50,96,106,92,2,18,32,32,42,31,0,24,18,64,64,61
20233,A,골목상권,3110437,당고개역 2번,116,40,76,0,16,23,25,41,11,0,5,11,9,10,5,0,11,12,16,31,6
20233,A,골목상권,3110439,당고개역 5번,96,45,51,0,4,14,12,32,34,0,0,10,6,16,13,0,4,4,6,16,21
20233,A,골목상권,3110440,상계3동4동주민센터,49,16,33,0,8,6,15,10,10,0,1,1,4,2,8,0,7,5,11,8,2
20233,A,골목상권,3110420,광운대역 1번,796,472,324,7,233,310,184,40,22,0,114,234,89,21,14,7,119,76,95,19,8
20233,A,골목상권,3110431,상계역,124,72,52,1,16,24,28,37,18,0,2,13,17,27,13,1,14,11,11,10,5
20233,A,골목상권,3110467,은평요양병원,487,284,203,3,90,154,110,68,62,2,46,100,61,37,38,1,44,54,49,31,24
20233,A,골목상권,3110454,선정중학교,481,268,213,3,56,71,142,108,101,2,42,35,53,66,70,1,14,36,89,42,31
20233,A,골목상권,3110447,구산초등학교,48,43,5,0,5,15,10,5,13,0,4,15,8,5,11,0,1,0,2,0,2
20233,A,골목상권,3110453,신사1동주민센터,515,288,227,0,43,81,121,155,115,0,20,25,65,85,93,0,23,56,56,70,22
20233,A,골목상권,3110448,상신초등학교입구,120,76,44,1,20,27,26,26,20,1,17,17,12,14,15,0,3,10,14,12,5
20233,A,골목상권,3110466,구산역 2번,87,46,41,0,12,17,26,24,8,0,4,5,16,15,6,0,8,12,10,9,2
20233,R,전통시장,3130166,응암시장(신응암시장),17,10,7,0,0,3,2,5,7,0,0,0,1,3,6,0,0,3,1,2,1
20233,A,골목상권,3110498,증산역 1번,222,102,120,0,15,32,75,68,32,0,7,9,31,32,23,0,8,23,44,36,9
20233,A,골목상권,3110444,수색성당,157,57,100,0,17,39,47,45,9,0,6,14,14,16,7,0,11,25,33,29,2
20233,R,전통시장,3130162,증산골목시장,7,3,4,0,0,2,2,1,2,0,0,0,0,1,2,0,0,2,2,0,0
20233,A,골목상권,3110496,모래내우체국,611,333,278,2,88,190,160,89,82,2,20,100,117,42,52,0,68,90,43,47,30
20233,R,전통시장,3130181,아현가구거리상점가,59,30,29,0,8,11,13,10,17,0,0,7,9,4,10,0,8,4,4,6,7
20233,A,골목상권,3110506,연희임광아파트,110,66,44,0,5,12,39,29,25,0,1,8,20,19,18,0,4,4,19,10,7
20233,A,골목상권,3110505,홍남교남측,14,9,5,0,1,0,3,7,3,0,0,0,2,5,2,0,1,0,1,2,1
20233,A,골목상권,3110510,홍연시장,100,59,41,0,10,14,33,27,16,0,5,6,22,14,12,0,5,8,11,13,4
20233,R,전통시장,3130180,포방터시장,59,34,25,0,13,11,15,6,14,0,4,4,11,5,10,0,9,7,4,1,4
20233,A,골목상권,3110521,홍제역 4번,63,36,27,0,4,7,19,17,16,0,0,4,10,9,13,0,4,3,9,8,3
20233,A,골목상권,3110529,홍제3동주민센터,125,58,67,0,13,20,27,25,40,0,2,5,8,14,29,0,11,15,19,11,11
20233,R,전통시장,3130177,인왕시장(홍제골목형상점가),44,7,37,0,1,1,8,7,27,0,0,0,1,3,3,0,1,1,7,4,24
20233,A,골목상권,3110589,애오개역 3번,46,13,33,0,3,3,15,11,14,0,0,1,4,6,2,0,3,2,11,5,12
20233,R,전통시장,3130195,도화동 상점가,1040,502,538,2,201,267,226,153,191,1,86,132,121,88,74,1,115,135,105,65,117
20233,R,전통시장,3130186,망원시장,143,53,90,0,9,23,40,41,30,0,6,11,14,10,12,0,3,12,26,31,18
20233,A,골목상권,3110542,마포구청역 7번,3997,2442,1555,16,527,714,775,1304,661,9,297,578,604,586,368,7,230,136,171,718,293
20233,D,발달상권,3120098,DMC(디지털미디어시티),8846,5391,3455,19,1691,3228,2856,875,177,11,813,1995,1821,616,135,8,878,1233,1035,259,42
20233,A,골목상권,3110561,상수역 4번,395,247,148,4,59,102,94,89,47,2,21,56,64,68,36,2,38,46,30,21,11
20233,R,전통시장,3130191,홍대 걷고싶은 거리,367,225,142,6,65,65,81,82,68,4,40,41,54,47,39,2,25,24,27,35,29
20233,A,골목상권,3110552,성미산체육관,637,465,172,1,110,159,145,158,64,0,72,120,98,128,47,1,38,39,47,30,17
20233,A,골목상권,3110624,목동문화체육센터,379,232,147,0,93,117,75,63,31,0,40,79,46,48,19,0,53,38,29,15,12
20233,A,골목상권,3110553,가좌역 2번,281,167,114,0,26,51,79,81,44,0,16,28,44,43,36,0,10,23,35,38,8
20233,A,골목상권,3110570,KB국민은행 서강지점,61,39,22,0,4,22,18,12,5,0,4,13,10,7,5,0,0,9,8,5,0
20233,R,전통시장,3130193,신수시장,34,19,15,0,4,7,12,5,6,0,1,5,5,4,4,0,3,2,7,1,2
20233,A,골목상권,3110626,양화초등학교,652,271,381,1,127,138,149,147,90,0,37,57,76,63,38,1,90,81,73,84,52
20233,A,골목상권,3110620,목동보건지소,458,241,217,4,51,85,105,125,88,4,20,48,50,65,54,0,31,37,55,60,34
20233,D,발달상권,3120111,목동사거리,1828,710,1118,1,551,601,341,219,115,0,101,248,161,116,84,1,450,353,180,103,31
20233,R,전통시장,3130202,신영시장,40,13,27,0,3,4,13,16,4,0,2,0,3,6,2,0,1,4,10,10,2
20233,R,전통시장,3130201,월정로시장,27,17,10,0,2,8,10,7,0,0,0,7,6,4,0,0,2,1,4,3,0
20233,A,골목상권,3110606,신한은행 신월동지점,544,307,237,1,49,83,152,152,107,1,26,44,84,72,80,0,23,39,68,80,27
20233,A,골목상권,3110613,신정네거리역 4번,80,20,60,0,8,25,24,19,4,0,2,6,7,4,1,0,6,19,17,15,3
20233,A,골목상권,3110657,양천향교역 5번,3180,2118,1062,12,334,603,741,695,795,8,191,396,493,385,645,4,143,207,248,310,150
20233,A,골목상권,3110648,양천향교역 7번,13,5,8,0,1,7,1,3,1,0,0,3,1,1,0,0,1,4,0,2,1
20233,A,골목상권,3110671,등촌1동주민센터,4521,2889,1632,8,1208,1381,956,636,332,2,375,916,788,522,286,6,833,465,168,114,46
20233,R,전통시장,3130214,송화벽화시장(송화골목시장),119,44,75,2,23,18,25,33,18,0,6,7,9,13,9,2,17,11,16,20,9
20233,A,골목상권,3110668,화곡2동주민센터,471,278,193,0,55,70,139,127,80,0,22,33,81,77,65,0,33,37,58,50,15
20233,A,골목상권,3110646,푸른들청소년도서관,754,384,370,1,92,113,198,187,163,1,26,47,97,99,114,0,66,66,101,88,49
20233,R,전통시장,3130221,"남부골목시장(남부화곡시장, 남부시장)",188,69,119,0,22,32,50,57,27,0,5,5,15,22,22,0,17,27,35,35,5
20233,A,골목상권,3110658,화곡초등학교,253,153,100,0,21,55,62,69,46,0,10,35,36,44,28,0,11,20,26,25,18
20233,A,골목상권,3110721,가리봉파출소,215,104,111,1,6,36,42,42,88,0,2,19,17,22,44,1,4,17,25,20,44
20233,A,골목상권,3110703,개봉역,307,192,115,4,28,54,91,77,53,3,16,30,54,49,40,1,12,24,37,28,13
20233,A,골목상권,3110706,그라운드 고척,410,100,310,0,122,101,101,68,18,0,22,20,28,20,10,0,100,81,73,48,8
20233,A,골목상권,3110701,고척동성당,567,379,188,2,126,185,125,92,37,0,81,133,82,54,29,2,45,52,43,38,8
20233,A,골목상권,3110709,구로119안전센터,185,108,77,0,19,22,56,51,37,0,14,13,36,29,16,0,5,9,20,22,21
20233,A,골목상권,3110716,구로나눔길,666,398,268,1,132,256,164,77,36,0,39,154,115,60,30,1,93,102,49,17,6
20233,D,발달상권,3120125,구로역,9531,6476,3055,29,1115,2177,2439,2305,1466,14,646,1505,1615,1580,1116,15,469,672,824,725,350
20233,A,골목상권,3110693,오류동역 4번,17,9,8,0,1,3,5,4,4,0,1,3,2,2,1,0,0,0,3,2,3
20233,A,골목상권,3110741,독산2동주민센터,444,159,285,0,69,117,96,108,54,0,43,35,26,33,22,0,26,82,70,75,32
20233,A,골목상권,3110789,대림성모병원,491,182,309,0,104,137,115,93,42,0,16,44,49,43,30,0,88,93,66,50,12
20233,A,골목상권,3110769,대림차이나타운(대림역 12번),42,12,30,0,6,8,12,10,6,0,0,3,4,3,2,0,6,5,8,7,4
20233,R,전통시장,3130244,대림중앙시장,94,39,55,3,15,16,21,16,23,2,10,8,10,5,4,1,5,8,11,11,19
20233,A,골목상권,3110772,신우어린이공원,94,55,39,0,9,15,22,26,22,0,5,8,12,19,11,0,4,7,10,7,11
20233,A,골목상권,3110785,영등포푸르지오아파트,161,84,77,2,13,17,39,44,46,2,8,12,24,14,24,0,5,5,15,30,22
20233,A,골목상권,3110761,문래동남성맨션,180,106,74,0,13,43,45,41,38,0,8,17,26,25,30,0,5,26,19,16,8
20233,R,전통시장,3130245,영일시장,675,567,108,1,61,189,238,136,50,0,41,148,217,115,46,1,20,41,21,21,4
20233,A,골목상권,3110758,문래소공원,296,221,75,1,44,77,70,67,37,0,32,60,46,52,31,1,12,17,24,15,6
20233,A,골목상권,3110815,공군호텔,2250,791,1459,4,426,519,477,509,315,0,88,197,168,172,166,4,338,322,309,337,149
20233,A,골목상권,3110787,신길3동주민센터,171,122,49,0,19,35,47,42,28,0,8,25,36,31,22,0,11,10,11,11,6
20233,A,골목상권,3110780,신길대성유니드아파트,223,171,52,0,22,42,71,56,32,0,18,34,51,41,27,0,4,8,20,15,5
20233,A,골목상권,3110804,신풍역 1번,312,187,125,0,15,37,62,63,135,0,4,15,29,35,104,0,11,22,33,28,31
20233,D,발달상권,3120150,63빌딩,8614,5431,3183,45,1167,2157,2997,1883,365,18,610,1437,1563,1568,235,27,557,720,1434,315,130
20233,D,발달상권,3120144,영중로,2017,1073,944,1,254,395,508,598,261,1,142,276,289,230,135,0,112,119,219,368,126
20233,A,골목상권,3110808,신길역 1번,67,48,19,0,3,22,21,13,8,0,3,15,14,9,7,0,0,7,7,4,1
20233,A,골목상권,3110832,노량진초등학교,491,269,222,0,54,105,122,153,57,0,24,64,85,70,26,0,30,41,37,83,31
20233,R,전통시장,3130266,만양로상점가,2,1,1,0,0,0,2,0,0,0,0,0,1,0,0,0,0,0,1,0,0
20233,A,골목상권,3110822,신대방삼거리역 4번(대림초등학교),313,131,182,0,57,71,68,76,41,0,13,28,34,35,21,0,44,43,34,41,20
20233,A,골목상권,3110850,사당역 10번,969,487,482,4,217,207,185,162,194,1,54,88,92,95,157,3,163,119,93,67,37
20233,R,전통시장,3130273,남성사계시장(남성시장),141,63,78,0,21,36,45,22,17,0,3,19,20,8,13,0,18,17,25,14,4
20233,R,전통시장,3130260,신대방1동골목상권,70,31,39,0,8,22,15,15,10,0,0,7,7,10,7,0,8,15,8,5,3
20233,R,전통시장,3130281,우림시장,1,0,1,0,0,0,1,0,0,0,0,0,0,0,0,0,0,0,1,0,0
20233,A,골목상권,3110859,난향초등학교,182,113,69,0,11,32,42,52,45,0,0,21,27,30,35,0,11,11,15,22,10
20233,A,골목상권,3110886,관악해태어린이공원,184,103,81,1,38,50,41,34,20,1,18,28,21,23,12,0,20,22,20,11,8
20233,A,골목상권,3110880,신림역 1번,995,275,720,0,379,296,157,128,35,0,78,87,66,33,11,0,301,209,91,95,24
20233,A,골목상권,3110888,청룡동주민센터,94,53,41,0,5,9,11,22,47,0,3,2,4,6,38,0,2,7,7,16,9
20233,A,골목상권,3110896,관악우성아파트,202,49,153,0,41,37,44,47,33,0,5,7,11,13,13,0,36,30,33,34,20
20233,A,골목상권,3110948,헌인가구단지,57,27,30,0,5,24,14,11,3,0,4,12,6,2,3,0,1,12,8,9,0
20233,D,발달상권,3120165,서래마을카페거리(서래마을),3467,2266,1201,11,605,1119,949,516,267,3,277,716,707,369,194,8,328,403,242,147,73
20233,A,골목상권,3110921,서울프랑스학교,506,312,194,7,63,70,115,134,117,2,30,43,80,86,71,5,33,27,35,48,46
20233,A,골목상권,3110907,방배초등학교,775,476,299,8,119,165,211,143,129,5,54,100,118,95,104,3,65,65,93,48,25
20233,A,골목상권,3110912,방배동사이길,210,128,82,3,33,45,53,42,34,2,16,27,39,21,23,1,17,18,14,21,11
20233,A,골목상권,3110933,한국상담대학원대학교,679,60,619,0,344,156,86,63,30,0,10,15,15,5,15,0,334,141,71,58,15
20233,D,발달상권,3120172,교대입구교차로,10241,5712,4529,53,2062,2700,2445,1945,1036,33,854,1635,1489,1004,697,20,1208,1065,956,941,339
20233,A,골목상권,3110935,한전아트센터,379,264,115,2,53,108,105,72,39,2,33,82,75,46,26,0,20,26,30,26,13
20233,D,발달상권,3120192,뱅뱅사거리,27363,18865,8498,72,5748,8234,6678,4352,2279,37,3275,5587,5090,3174,1702,35,2473,2647,1588,1178,577
20233,D,발달상권,3120180,양재화물트럭터미널앞,2562,2146,416,13,637,812,554,409,137,10,466,711,481,363,115,3,171,101,73,46,22
20233,A,골목상권,3110984,포이초등학교(개포목련어린이공원),1556,1046,510,2,236,342,331,306,339,0,140,241,211,199,255,2,96,101,120,107,84
20233,D,발달상권,3120190,강남을지병원,11725,6199,5526,44,3417,3232,2506,1512,1014,14,1228,1650,1567,988,752,30,2189,1582,939,524,262
20233,D,발달상권,3120196,서울세관,9664,5880,3784,15,1699,2887,2578,1611,874,2,596,1519,1718,1320,725,13,1103,1368,860,291,149
20233,D,발달상권,3120200,학동사거리,9363,3808,5555,26,2868,3075,1848,1005,541,9,654,1122,937,687,399,17,2214,1953,911,318,142
20234,A,골목상권,3110593,신월3동주민센터,304,157,147,0,38,65,76,87,38,0,12,32,45,44,24,0,26,33,31,43,14
20234,R,전통시장,3130199,신월3동 골목시장,18,8,10,0,1,4,4,9,0,0,0,1,3,4,0,0,1,3,1,5,0
20234,A,골목상권,3110647,화곡역 5번,899,461,438,2,117,230,224,230,96,1,44,138,111,116,51,1,73,92,113,114,45
20234,A,골목상권,3110603,지향초등학교,187,104,83,0,12,54,55,38,28,0,5,28,33,19,19,0,7,26,22,19,9
20234,D,발달상권,3120109,서울남부지방법원,608,342,266,2,56,104,110,170,166,1,18,40,50,104,129,1,38,64,60,66,37
20234,A,골목상권,3110610,계남근린공원,126,85,41,0,5,11,41,44,25,0,3,6,28,35,13,0,2,5,13,9,12
20234,A,골목상권,3110616,양목초등학교,161,103,58,0,3,23,19,40,76,0,2,18,14,32,37,0,1,5,5,8,39
20234,A,골목상권,3110623,갈산공원,130,99,31,0,27,34,27,31,11,0,23,27,21,21,7,0,4,7,6,10,4
20234,A,골목상권,3110629,송정역 4번,190,107,83,0,26,52,54,35,23,0,9,34,28,24,12,0,17,18,26,11,11
20234,A,골목상권,3110635,공항시장역 3번,1451,391,1060,4,64,82,162,479,660,1,43,58,63,33,193,3,21,24,99,446,467
20234,A,골목상권,3110672,백석중학교,168,91,77,1,26,41,35,49,16,1,19,23,14,23,11,0,7,18,21,26,5
20234,A,골목상권,3110676,등촌역 7번,228,138,90,0,31,34,61,56,46,0,13,20,36,37,32,0,18,14,25,19,14
20234,A,골목상권,3110660,등촌3동주민센터,4614,2039,2575,10,469,707,766,1291,1371,5,197,427,424,447,539,5,272,280,342,844,832
20234,A,골목상권,3110630,공항시장역 1번,1472,1008,464,0,157,294,298,328,395,0,67,180,202,240,319,0,90,114,96,88,76
20234,A,골목상권,3110631,방화초등학교,335,161,174,2,32,63,68,100,70,2,19,34,37,37,32,0,13,29,31,63,38
20234,A,골목상권,3110649,우장산역 1번,358,191,167,0,41,91,82,93,51,0,12,49,38,59,33,0,29,42,44,34,18
20234,D,발달상권,3120121,까치산역,365,145,220,2,51,46,72,106,88,2,12,18,29,43,41,0,39,28,43,63,47
20234,A,골목상권,3110668,화곡2동주민센터,471,278,193,0,55,70,139,127,80,0,22,33,81,77,65,0,33,37,58,50,15
20234,R,전통시장,3130221,"남부골목시장(남부화곡시장, 남부시장)",188,69,119,0,22,32,50,57,27,0,5,5,15,22,22,0,17,27,35,35,5
20234,A,골목상권,3110666,KC대학교,176,60,116,0,19,35,52,57,13,0,10,10,20,13,7,0,9,25,32,44,6
20234,A,골목상권,3110669,화곡보람2차아파트,13,3,10,0,0,2,4,2,5,0,0,1,2,0,0,0,0,1,2,2,5
20234,A,골목상권,3110706,그라운드 고척,410,100,310,0,122,101,101,68,18,0,22,20,28,20,10,0,100,81,73,48,8
20234,A,골목상권,3110708,화원어린이공원,71,33,38,0,10,12,15,24,10,0,3,4,7,10,9,0,7,8,8,14,1
20234,A,골목상권,3110722,G타워,837,574,263,4,152,296,249,99,37,4,95,205,191,55,24,0,57,91,58,44,13
20234,D,발달상권,3120130,구로디지털단지역,1136,620,516,1,169,376,236,212,142,0,59,208,125,125,103,1,110,168,111,87,39
20234,A,골목상권,3110712,남구로역 5번,233,108,125,1,32,36,66,64,34,0,10,17,24,32,25,1,22,19,42,32,9
20234,A,골목상권,3110681,온수역 1번,94,70,24,0,6,30,30,17,11,0,5,22,21,12,10,0,1,8,9,5,1
20234,A,골목상권,3110680,온수역 5번(온수산업단지),901,770,131,15,129,129,157,274,197,15,105,106,127,234,183,0,24,23,30,40,14
20234,A,골목상권,3110707,구로창업지원센터,1045,760,285,4,141,266,246,253,135,3,78,195,185,186,113,1,63,71,61,67,22
20234,A,골목상권,3110730,서울축산농협 독산역지점(독산파출소),660,376,284,1,80,105,117,201,156,1,30,58,54,113,120,0,50,47,63,88,36
20234,A,골목상권,3110728,두산초등학교,4560,2778,1782,8,88,138,245,530,3551,8,64,86,123,279,2218,0,24,52,122,251,1333
20234,A,골목상권,3110736,독산119안전센터,461,199,262,0,46,55,76,118,166,0,21,32,35,42,69,0,25,23,41,76,97
20234,A,골목상권,3110755,동일여자고등학교,193,51,142,0,10,24,45,70,44,0,3,8,17,11,12,0,7,16,28,59,32
20234,R,전통시장,3130240,영등포유통상가,1400,893,507,0,128,296,347,287,342,0,68,168,226,194,237,0,60,128,121,93,105
20234,A,골목상권,3110794,영동초등학교,622,482,140,0,72,112,182,170,86,0,37,84,150,136,75,0,35,28,32,34,11
20234,D,발달상권,3120138,당산2동(영등포우체국),2754,1653,1101,23,745,579,479,488,440,15,395,347,312,309,275,8,350,232,167,179,165
20234,A,골목상권,3110779,대림갑을명가아파트,33,24,9,0,2,5,13,7,6,0,1,4,10,4,5,0,1,1,3,3,1
20234,R,전통시장,3130244,대림중앙시장,94,39,55,3,15,16,21,16,23,2,10,8,10,5,4,1,5,8,11,11,19
20234,D,발달상권,3120139,대림3동사거리,3619,2404,1215,14,423,867,992,727,596,5,220,632,783,462,302,9,203,235,209,265,294
20234,A,골목상권,3110815,공군호텔,2250,791,1459,4,426,519,477,509,315,0,88,197,168,172,166,4,338,322,309,337,149
20234,A,골목상권,3110787,신길3동주민센터,171,122,49,0,19,35,47,42,28,0,8,25,36,31,22,0,11,10,11,11,6
20234,A,골목상권,3110795,도림초등학교,533,356,177,0,20,49,80,128,256,0,8,36,48,74,190,0,12,13,32,54,66
20234,A,골목상권,3110805,신길새마을금고신길4동지점,45,27,18,0,6,12,12,8,7,0,2,7,6,5,7,0,4,5,6,3,0
20234,A,골목상권,3110811,보라매역 4번,187,94,93,0,22,41,49,52,23,0,8,22,18,27,19,0,14,19,31,25,4
20234,D,발달상권,3120147,보라매역,1947,1238,709,5,286,452,370,367,467,2,93,310,249,264,320,3,193,142,121,103,147
20234,A,골목상권,3110813,보라매역 6번,286,167,119,3,22,37,50,74,100,3,15,21,24,39,65,0,7,16,26,35,35
20234,A,골목상권,3110760,선유도역 6번,1792,1091,701,8,273,444,499,376,192,6,170,256,275,219,165,2,103,188,224,157,27
20234,R,전통시장,3130257,영등포시장기계공구상가,158,116,42,0,11,26,33,47,41,0,7,16,22,37,34,0,4,10,11,10,7
20234,A,골목상권,3110803,신길2동우편취급국,312,224,88,0,17,27,58,67,143,0,6,14,33,43,128,0,11,13,25,24,15
20234,A,골목상권,3110809,장훈고등학교,112,61,51,0,7,15,30,23,37,0,3,5,11,17,25,0,4,10,19,6,12
20234,R,전통시장,3130248,영등포역지하도상점가,69,35,34,0,9,26,17,14,3,0,6,13,9,4,3,0,3,13,8,10,0
20234,R,전통시장,3130272,사당시장,45,20,25,0,4,6,10,11,14,0,0,1,4,6,9,0,4,5,6,5,5
20234,A,골목상권,3110844,흑석2치안센터,11,7,4,0,2,2,4,0,3,0,1,2,2,0,2,0,1,0,2,0,1
20234,A,골목상권,3110863,난우초등학교,319,179,140,6,40,61,63,79,70,5,23,30,38,36,47,1,17,31,25,43,23
20234,A,골목상권,3110876,서원동주민센터(신관중학교),49,29,20,0,5,9,16,9,10,0,2,4,10,4,9,0,3,5,6,5,1
20234,D,발달상권,3120157,신림역(신림),637,257,380,1,96,116,146,139,139,0,19,40,82,49,67,1,77,76,64,90,72
20234,A,골목상권,3110880,신림역 1번,995,275,720,0,379,296,157,128,35,0,78,87,66,33,11,0,301,209,91,95,24
20234,A,골목상권,3110861,관악구신사동주민센터,1168,598,570,1,215,376,261,204,111,1,71,194,161,101,70,0,144,182,100,103,41
20234,A,골목상권,3110858,신대방역 1번,66,33,33,0,5,9,17,7,28,0,0,1,6,2,24,0,5,8,11,5,4
20234,A,골목상권,3110901,인헌고등학교(인헌중학교),245,143,102,3,39,58,73,51,21,3,21,35,38,30,16,0,18,23,35,21,5
20234,R,전통시장,3130277,조원동 펭귄시장(신림중앙시장),98,56,42,1,15,26,31,19,6,1,8,18,16,9,4,0,7,8,15,10,2
20234,A,골목상권,3110898,청림동주민센터(상도중학교),66,27,39,0,16,14,14,16,6,0,5,3,8,7,4,0,11,11,6,9,2
20234,D,발달상권,3120177,신논현역 1번,694,436,258,1,84,187,202,143,77,0,34,111,130,106,55,1,50,76,72,37,22
20234,D,발달상권,3120167,고속터미널(고속터미널역),6925,4543,2382,24,790,1577,1689,1525,1320,10,416,1110,1328,1046,633,14,374,467,361,479,687
20234,A,골목상권,3110917,서초소방서,1505,939,566,6,157,432,402,355,153,2,72,281,295,181,108,4,85,151,107,174,45
20234,D,발달상권,3120163,사당역 11번(사당역먹자골목),491,290,201,0,55,119,99,86,132,0,28,73,57,50,82,0,27,46,42,36,50
20234,A,골목상권,3110905,방배노인종합복지관(이수중학교),287,176,111,1,36,71,71,63,45,0,18,38,45,41,34,1,18,33,26,22,11
20234,A,골목상권,3110907,방배초등학교,775,476,299,8,119,165,211,143,129,5,54,100,118,95,104,3,65,65,93,48,25
20234,A,골목상권,3110914,내방역 6번,146,116,30,0,26,31,37,26,26,0,17,26,26,24,23,0,9,5,11,2,3
20234,A,골목상권,3110903,방배아이파크아파트,7222,2653,4569,7,1242,1778,2487,1322,386,1,333,597,951,599,172,6,909,1181,1536,723,214
20234,D,발달상권,3120161,방배동가구거리(사당동가구거리),2517,1833,684,3,187,342,315,347,1323,2,78,178,165,202,1208,1,109,164,150,145,115
20234,A,골목상권,3110932,서울시인재개발원,532,384,148,2,128,170,127,64,41,2,76,116,100,54,36,0,52,54,27,10,5
20234,D,발달상권,3120168,서울고교교차로,794,492,302,1,124,237,200,130,102,0,48,130,143,98,73,1,76,107,57,32,29
20234,A,골목상권,3110928,서초우방유쉘아파트,596,491,105,1,57,109,125,205,99,1,29,76,109,190,86,0,28,33,16,15,13
20234,R,전통시장,3130301,양재시장,89,47,42,0,24,20,24,9,12,0,7,13,15,4,8,0,17,7,9,5,4
20234,A,골목상권,3110984,포이초등학교(개포목련어린이공원),1556,1046,510,2,236,342,331,306,339,0,140,241,211,199,255,2,96,101,120,107,84
20234,R,전통시장,3130303,영동전통시장,242,95,147,0,21,60,67,58,36,0,7,19,22,24,23,0,14,41,45,34,13
20234,D,발달상권,3120191,학동역,13888,8123,5765,40,2898,3769,2969,1869,2343,17,1128,2152,2012,1134,1680,23,1770,1617,957,735,663
20234,A,골목상권,3110952,논현목련공원,117,65,52,0,21,23,27,22,24,0,9,13,13,14,16,0,12,10,14,8,8
20234,D,발달상권,3120207,선정릉역,11920,7343,4577,32,2669,4154,2699,1509,857,16,1106,2428,1922,1135,736,16,1563,1726,777,374,121
20234,D,발달상권,3120200,학동사거리,9363,3808,5555,26,2868,3075,1848,1005,541,9,654,1122,937,687,399,17,2214,1953,911,318,142
20234,D,발달상권,3120220,대치역,5716,3394,2322,26,1854,2307,1022,333,174,2,774,1495,752,234,137,24,1080,812,270,99,37
20234,D,발달상권,3120212,한티역,753,394,359,1,118,182,201,143,108,1,37,87,119,80,70,0,81,95,82,63,38
20234,D,발달상권,3120219,은마아파트,17175,5797,11378,202,3397,3819,3179,4061,2517,83,1254,1872,1374,818,396,119,2143,1947,1805,3243,2121
20234,D,발달상권,3120223,휘문고교사거리,9166,5574,3592,20,1785,2926,2736,1401,298,4,1102,2061,1597,609,201,16,683,865,1139,792,97
20234,A,골목상권,3110989,대치동아우편취급국,444,270,174,9,90,148,75,68,54,0,43,102,43,44,38,9,47,46,32,24,16
20234,D,발달상권,3120209,"강남구청(청담역_8번, 강남세무서)",8987,2610,6377,34,2050,2684,2467,1172,580,9,538,752,537,395,379,25,1512,1932,1930,777,201
20234,A,골목상권,3111001,아래방죽마을공원(율현초등학교),58,43,15,0,2,9,14,18,15,0,1,7,12,13,10,0,1,2,2,5,5
20234,A,골목상권,3110962,도산공원북측,53,27,26,0,20,11,10,8,4,0,11,7,6,3,0,0,9,4,4,5,4
20234,D,발달상권,3120231,가락시장,5698,4083,1615,0,368,1051,1564,1654,1061,0,264,836,1185,1098,700,0,104,215,379,556,361
20234,D,발달상권,3120240,개롱역,1609,1102,507,7,212,314,404,431,241,5,125,230,269,295,178,2,87,84,135,136,63
20234,A,골목상권,3111024,경찰병원역 4번(건너말공원),240,150,90,0,27,53,63,68,29,0,16,33,45,35,21,0,11,20,18,33,8
20234,A,골목상권,3111022,석촌중학교(방이육교),686,344,342,1,59,145,176,222,83,0,37,95,98,70,44,1,22,50,78,152,39
20234,A,골목상권,3111023,문정역 1번,939,576,363,2,133,202,263,204,135,0,86,139,184,100,67,2,47,63,79,104,68
20234,A,골목상권,3111017,송파나루역 3번,272,183,89,0,40,62,62,63,45,0,14,42,42,45,40,0,26,20,20,18,5
20234,A,골목상권,3111019,한성백제역 3번,1458,963,495,2,199,428,415,246,168,2,101,294,294,157,115,0,98,134,121,89,53
20234,D,발달상권,3120229,방이동먹자골목,7319,4732,2587,12,1062,2182,1915,1302,846,5,588,1347,1338,913,541,7,474,835,577,389,305
20234,U,관광특구,3001495,잠실 관광특구,25240,14855,10385,124,4880,6877,5824,4628,2907,55,2599,4419,3662,2383,1737,69,2281,2458,2162,2245,1170
20234,A,골목상권,3111008,석촌고분역 3번,1551,1177,374,1,182,286,280,382,420,1,148,237,208,248,335,0,34,49,72,134,85
20234,R,전통시장,3130312,석촌시장,619,270,349,1,20,40,81,170,307,1,9,23,43,41,153,0,11,17,38,129,154
20234,A,골목상권,3111015,석촌역 3번,1352,778,574,1,151,315,350,351,184,1,72,199,216,181,109,0,79,116,134,170,75
20234,A,골목상권,3111032,방이역 1번,3878,2552,1326,4,235,340,599,718,1982,3,139,237,411,469,1293,1,96,103,188,249,689
20234,A,골목상권,3111033,문정동성당,70,30,40,0,5,4,16,16,29,0,2,3,8,9,8,0,3,1,8,7,21
20234,R,전통시장,3130314,풍납시장,203,100,103,1,24,42,50,61,25,1,15,27,22,19,16,0,9,15,28,42,9
20234,A,골목상권,3111064,둔촌동역 4번,157,98,59,0,13,34,47,40,23,0,3,21,30,28,16,0,10,13,17,12,7
20234,A,골목상권,3111067,강동구립성내도서관,746,414,332,2,73,149,192,177,153,1,36,98,107,84,88,1,37,51,85,93,65
20234,A,골목상권,3111052,암사역 3번(천호동자전거거리),357,228,129,1,26,71,117,94,48,1,11,47,76,58,35,0,15,24,41,36,13
20234,A,골목상권,3111054,암사역 4번(삼성광나루아파트),104,42,62,0,14,18,19,12,41,0,4,12,7,5,14,0,10,6,12,7,27
20234,A,골목상권,3111069,천호1동주민센터,79,54,25,0,8,17,17,26,11,0,4,12,14,14,10,0,4,5,3,12,1
20234,R,전통시장,3130318,로데오거리상점가,266,132,134,0,31,43,49,55,88,0,9,12,19,26,66,0,22,31,30,29,22
20234,A,골목상권,3111049,천호지구대(천호동자전거거리),507,277,230,2,75,90,96,118,126,0,36,50,40,68,83,2,39,40,56,50,43
20234,A,골목상권,3111063,강동구립 천호도서관,368,182,186,0,25,44,81,85,133,0,5,15,21,30,111,0,20,29,60,55,22
20234,D,발달상권,3120002,서촌(경복궁역),1989,1071,918,37,487,674,421,221,149,0,190,387,258,131,105,37,297,287,163,90,44
20234,A,골목상권,3110008,배화여자대학교(박노수미술관),507,350,157,1,50,79,121,161,95,0,15,45,93,121,76,1,35,34,28,40,19
20234,A,골목상권,3110036,동묘앞역 3번,52,34,18,0,3,6,16,12,15,0,1,3,9,11,10,0,2,3,7,1,5
20234,R,전통시장,3130010,종로신진시장,200,113,87,0,20,29,55,48,48,0,14,17,24,26,32,0,6,12,31,22,16
20234,R,전통시장,3130016,동대문상가B동,2,1,1,0,0,1,1,0,0,0,0,0,1,0,0,0,0,1,0,0,0
20234,R,전통시장,3130018,동대문문구완구거리(동대문문구완구시장),120,70,50,0,11,18,23,38,30,0,6,10,13,22,19,0,5,8,10,16,11
20234,D,발달상권,3120034,중구청(퇴계로4가),1545,1050,495,7,108,228,400,440,362,5,48,129,262,327,279,2,60,99,138,113,83
20234,R,전통시장,3130038,"평화시장(통일상가, 동화상가)",1000,670,330,3,116,301,291,198,91,0,63,167,223,150,67,3,53,134,68,48,24
20234,D,발달상권,3120023,서울시청,10242,5534,4708,15,2234,3260,2778,1425,530,4,852,1657,1658,983,380,11,1382,1603,1120,442,150
20234,D,발달상권,3120019,경찰청앞교차로,5958,3146,2812,26,1051,2221,1625,793,242,8,274,1044,982,619,219,18,777,1177,643,174,23
20234,R,전통시장,3130049,신당 미래유산 먹거리 골목형상점가,42,19,23,0,3,5,9,13,12,0,1,3,0,7,8,0,2,2,9,6,4
20234,A,골목상권,3110044,관성묘,405,300,105,0,50,135,145,51,24,0,24,90,125,44,17,0,26,45,20,7,7
20234,D,발달상권,3120043,서울역,22578,15322,7256,58,4087,7782,5513,3664,1474,27,2087,4897,4201,3033,1077,31,2000,2885,1312,631,397
20234,R,전통시장,3130024,남대문시장(자유상가),732,426,306,2,54,129,172,177,198,1,15,75,95,108,132,1,39,54,77,69,66
20234,D,발달상권,3120045,남영동 먹자골목,4044,1580,2464,7,424,908,1421,1162,122,1,257,576,502,205,39,6,167,332,919,957,83
20234,A,골목상권,3110088,오산고등학교,101,51,50,0,22,20,19,15,25,0,9,9,8,8,17,0,13,11,11,7,8
20234,A,골목상권,3110090,한국폴리텍대학서울정수캠퍼스,3968,2447,1521,1,446,1358,1632,500,31,1,173,548,1231,467,27,0,273,810,401,33,4
20234,A,골목상권,3110064,효창공원앞역 2번,923,525,398,2,126,275,261,160,99,1,49,160,160,88,67,1,77,115,101,72,32
20234,A,골목상권,3110077,삼광초등학교,385,317,68,0,37,86,148,98,16,0,21,66,130,88,12,0,16,20,18,10,4
20234,A,골목상권,3110122,마장역 2번,461,270,191,1,60,87,116,112,85,1,32,59,68,60,50,0,28,28,48,52,35
20234,A,골목상권,3110125,사근동살곶이상점가,135,83,52,2,25,39,35,21,13,2,13,21,24,13,10,0,12,18,11,8,3
20234,A,골목상권,3110128,성원중학교,911,573,338,1,98,165,255,266,126,1,53,94,157,170,98,0,45,71,98,96,28
20234,A,골목상권,3110129,성원어린이공원,640,405,235,1,65,118,131,180,145,0,35,70,86,107,107,1,30,48,45,73,38
20234,R,전통시장,3130073,뚝도시장,45,17,28,1,3,10,9,11,11,0,0,2,4,5,6,1,3,8,5,6,5
20234,A,골목상권,3110136,경수초등학교,4745,2743,2002,43,1169,1097,978,875,583,32,439,633,615,593,431,11,730,464,363,282,152
20234,D,발달상권,3120052,성수역,11387,7284,4103,23,2113,2900,2661,2238,1452,12,1170,1971,1783,1298,1050,11,943,929,878,940,402
20234,D,발달상권,3120056,구의역,1879,884,995,6,322,352,510,413,276,6,105,129,223,246,175,0,217,223,287,167,101
20234,D,발달상권,3120058,구의사거리,688,333,355,2,92,158,174,181,81,1,33,79,80,77,63,1,59,79,94,104,18
20234,D,발달상권,3120057,아차산역,2218,1220,998,52,412,432,503,468,351,19,236,257,289,206,213,33,176,175,214,262,138
20234,R,전통시장,3130080,자양종합시장(기능상실),14,10,4,0,0,1,6,6,1,0,0,1,4,4,1,0,0,0,2,2,0
20234,A,골목상권,3110139,자양4동주민센터,204,116,88,0,13,28,53,51,59,0,3,14,32,25,42,0,10,14,21,26,17
20234,R,전통시장,3130077,조양시장,31,19,12,0,11,7,8,5,0,0,6,5,4,4,0,0,5,2,4,1,0
20234,A,골목상권,3110167,용마초등학교,380,223,157,2,22,56,99,112,89,0,9,20,52,64,78,2,13,36,47,48,11
20234,R,전통시장,3130082,면곡골목시장,20,11,9,0,4,0,1,9,6,0,4,0,0,3,4,0,0,0,1,6,2
20234,A,골목상권,3110176,해오름공원,791,439,352,1,84,212,229,173,92,1,32,119,126,91,70,0,52,93,103,82,22
20234,R,전통시장,3130084,신성시장(신성골목시장),21,6,15,0,3,5,8,4,1,0,0,1,2,2,1,0,3,4,6,2,0
20234,A,골목상권,3110142,화양사거리,215,108,107,1,37,47,45,53,32,1,20,25,24,17,21,0,17,22,21,36,11
20234,R,전통시장,3130097,답십리 건축자재시장,291,188,103,1,16,42,42,36,154,0,7,34,23,19,105,1,9,8,19,17,49
20234,A,골목상권,3110212,답십리초등학교,204,144,60,0,26,37,42,67,32,0,18,26,27,50,23,0,8,11,15,17,9
20234,A,골목상권,3110183,한국의류시험연구원,839,447,392,3,238,307,149,75,67,1,88,162,81,58,57,2,150,145,68,17,10
20234,A,골목상권,3110232,동대부고,579,413,166,0,41,71,119,175,173,0,14,38,80,134,147,0,27,33,39,41,26
20234,A,골목상권,3110210,서울시립대,341,253,88,1,9,19,24,34,254,1,4,12,10,21,205,0,5,7,14,13,49
20234,R,전통시장,3130092,청량리농수산물시장,12,9,3,0,0,1,3,5,3,0,0,0,3,3,3,0,0,1,0,2,0
20234,R,전통시장,3130095,청량리전통시장,95,38,57,0,6,16,18,33,22,0,4,6,9,10,9,0,2,10,9,23,13
20234,A,골목상권,3110193,고려대역 4번,48,37,11,0,5,11,11,10,11,0,3,5,10,10,9,0,2,6,1,0,2
20234,A,골목상권,3110203,떡전교사거리,99,63,36,1,9,15,32,29,13,1,0,7,26,20,9,0,9,8,6,9,4
20234,A,골목상권,3110215,회기역 1번,28,18,10,0,3,4,9,7,5,0,3,2,6,3,4,0,0,2,3,4,1
20234,R,전통시장,3130103,이경시장,16,8,8,0,0,1,2,2,11,0,0,1,1,1,5,0,0,0,1,1,6
20234,A,골목상권,3110219,삼육보건대학교,251,146,105,0,18,42,70,81,40,0,11,20,32,52,31,0,7,22,38,29,9
20234,A,골목상권,3110277,러스크서울병원,145,78,67,0,12,30,29,43,31,0,4,13,16,23,22,0,8,17,13,20,9
20234,R,전통시장,3130106,중랑동부시장,166,56,110,1,20,40,34,39,32,0,1,8,7,21,19,1,19,32,27,18,13
20234,A,골목상권,3110254,오거리공원,259,90,169,1,19,75,79,53,32,0,6,15,35,22,12,1,13,60,44,31,20
20234,A,골목상권,3110252,장안제일시장,712,505,207,1,64,101,159,195,192,1,42,73,87,131,171,0,22,28,72,64,21
20234,A,골목상권,3110255,상봉역 4번,327,208,119,0,39,52,78,92,66,0,20,24,46,62,56,0,19,28,32,30,10
20234,A,골목상권,3110280,북정마을,73,38,35,0,7,10,22,23,11,0,3,3,9,15,8,0,4,7,13,8,3
20234,A,골목상권,3110312,안암역 2번,150,81,69,0,13,19,47,46,25,0,7,14,24,22,14,0,6,5,23,24,11
20234,A,골목상권,3110318,KT월곡지사,148,78,70,0,21,29,45,36,17,0,10,19,22,14,13,0,11,10,23,22,4
20234,A,골목상권,3110316,숭곡초등학교,439,217,222,2,68,114,129,88,38,2,19,58,73,42,23,0,49,56,56,46,15
20234,A,골목상권,3110321,동덕여대,58,14,44,0,0,4,13,18,23,0,0,4,4,4,2,0,0,0,9,14,21
20234,R,전통시장,3130122,밤나무골시장,17,5,12,0,2,4,6,4,1,0,1,1,2,1,0,0,1,3,4,3,1
20234,A,골목상권,3110284,정릉북한산국립공원입구,562,506,56,0,5,59,181,229,88,0,4,49,161,211,81,0,1,10,20,18,7
20234,D,발달상권,3120076,수유역,1930,865,1065,7,241,303,422,465,492,4,62,102,176,240,281,3,179,201,246,225,211
20234,R,전통시장,3130142,강북북부시장,7,5,2,0,1,1,0,2,3,0,0,1,0,2,2,0,1,0,0,0,1
20234,R,전통시장,3130134,"솔샘시장(미아6,7동골목시장)",73,30,43,1,7,19,25,18,3,0,3,4,12,8,3,1,4,15,13,10,0
20234,A,골목상권,3110360,수유초등학교,321,222,99,0,34,61,63,67,96,0,7,43,42,44,86,0,27,18,21,23,10
20234,A,골목상권,3110362,우이천 계성교,205,110,95,1,24,34,61,63,22,0,11,19,28,35,17,1,13,15,33,28,5
20234,A,골목상권,3110403,방학1동주민센터,316,167,149,1,44,56,63,78,74,1,30,37,36,36,27,0,14,19,27,42,47
20234,A,골목상권,3110393,국민은행방학지점,49,13,36,0,2,10,17,15,5,0,0,0,4,6,3,0,2,10,13,9,2
20234,A,골목상권,3110396,쌍문역1번(쌍리단길),259,94,165,2,41,49,52,76,39,0,13,15,22,29,15,2,28,34,30,47,24
20234,A,골목상권,3110401,도봉구민회관,243,65,178,0,29,32,38,87,57,0,4,14,14,22,11,0,25,18,24,65,46
20234,D,발달상권,3120083,등나무근린공원,1184,787,397,0,166,325,271,283,139,0,114,228,171,179,95,0,52,97,100,104,44
20234,A,골목상권,3110438,경춘선숲길 우측,230,110,120,0,26,54,83,52,15,0,12,21,38,30,9,0,14,33,45,22,6
20234,D,발달상권,3120081,노원역,1552,508,1044,9,369,295,343,307,229,2,66,87,125,121,107,7,303,208,218,186,122
20234,R,전통시장,3130157,상계중앙시장,68,35,33,0,14,17,13,15,9,0,8,13,6,6,2,0,6,4,7,9,7
20234,A,골목상권,3110431,상계역,124,72,52,1,16,24,28,37,18,0,2,13,17,27,13,1,14,11,11,10,5
20234,A,골목상권,3110462,갈현건영아파트,335,216,119,1,40,61,100,72,61,1,23,36,61,48,47,0,17,25,39,24,14
20234,A,골목상권,3110460,구산역 4번,969,582,387,0,57,184,248,234,246,0,18,124,133,121,186,0,39,60,115,113,60
20234,R,전통시장,3130164,역촌중앙시장,9,3,6,0,0,1,2,2,4,0,0,0,1,1,1,0,0,1,1,1,3
20234,A,골목상권,3110456,구산보건지소,967,544,423,3,284,226,177,147,130,1,123,112,94,97,117,2,161,114,83,50,13
20234,R,전통시장,3130170,제일시장,58,26,32,1,7,9,13,19,9,1,2,2,5,11,5,0,5,7,8,8,4
20234,A,골목상권,3110473,구산역 1번,436,241,195,0,34,59,113,107,123,0,24,27,53,49,88,0,10,32,60,58,35
20234,A,골목상권,3110487,불광역 8번,63,35,28,0,11,22,15,8,7,0,6,11,7,8,3,0,5,11,8,0,4
20234,A,골목상권,3110480,연신내역 3번,161,51,110,0,16,35,52,35,23,0,3,9,17,12,10,0,13,26,35,23,13
20234,A,골목상권,3110469,응암정보도서관,344,188,156,1,38,58,104,104,39,0,11,29,61,57,30,1,27,29,43,47,9
20234,A,골목상권,3110444,수색성당,157,57,100,0,17,39,47,45,9,0,6,14,14,16,7,0,11,25,33,29,2
20234,A,골목상권,3110451,증산역 4번,1267,962,305,2,150,378,365,291,81,2,75,289,305,230,61,0,75,89,60,61,20
20234,A,골목상권,3110492,하나고등학교,238,38,200,1,5,13,11,95,113,0,0,7,7,8,16,1,5,6,4,87,97
20234,A,골목상권,3110520,경의중앙 신촌역,105,57,48,0,31,22,32,12,8,0,10,15,16,10,6,0,21,7,16,2,2
20234,A,골목상권,3110524,연희세브란스병원,51,23,28,0,10,13,15,8,5,0,5,6,6,3,3,0,5,7,9,5,2
20234,A,골목상권,3110506,연희임광아파트,110,66,44,0,5,12,39,29,25,0,1,8,20,19,18,0,4,4,19,10,7
20234,R,전통시장,3130176,유진상가,38,23,15,0,20,16,1,1,0,0,9,13,1,0,0,0,11,3,0,1,0
20234,R,전통시장,3130180,포방터시장,59,34,25,0,13,11,15,6,14,0,4,4,11,5,10,0,9,7,4,1,4
20234,A,골목상권,3110522,홍제역 3번,46,12,34,0,14,7,12,6,7,0,2,2,2,2,4,0,12,5,10,4,3
20234,A,골목상권,3110521,홍제역 4번,63,36,27,0,4,7,19,17,16,0,0,4,10,9,13,0,4,3,9,8,3
20234,R,전통시장,3130196,공덕시장,3948,2001,1947,52,1323,1296,891,287,99,28,467,646,599,181,80,24,856,650,292,106,19
20234,R,전통시장,3130183,상암동상점가,816,607,209,1,89,204,283,187,52,0,49,150,227,143,38,1,40,54,56,44,14
20234,A,골목상권,3110557,홍대부속여중고앞,760,465,295,1,100,188,196,149,126,1,37,110,137,95,85,0,63,78,59,54,41
20234,A,골목상권,3110552,성미산체육관,637,465,172,1,110,159,145,158,64,0,72,120,98,128,47,1,38,39,47,30,17
20234,A,골목상권,3110584,아현역 4번,49,13,36,0,4,7,14,13,11,0,0,0,2,5,6,0,4,7,12,8,5
20234,A,골목상권,3110562,연트럴파크(연남동주민센터),426,237,189,1,73,118,96,94,44,1,29,76,55,44,32,0,44,42,41,50,12
20234,R,전통시장,3130194,용강동 상점가,875,502,373,0,103,131,179,170,292,0,39,75,104,114,170,0,64,56,75,56,122
20234,A,골목상권,3110556,절두산순교성지,176,112,64,3,17,42,58,39,17,3,8,27,39,24,11,0,9,15,19,15,6
20234,A,골목상권,3110559,성산중학교,757,474,283,4,102,187,203,167,94,3,54,102,127,118,70,1,48,85,76,49,24
20234,A,골목상권,3110550,합정역 8번,1578,740,838,1,240,411,414,333,179,0,84,165,221,171,99,1,156,246,193,162,80
20234,D,발달상권,3120113,오목교역,641,380,261,2,98,147,163,141,90,1,45,81,95,95,63,1,53,66,68,46,27
20234,D,발달상권,3120110,목동역 8번출구,1858,1400,458,2,142,216,286,247,965,1,42,102,166,181,908,1,100,114,120,66,57
20234,A,골목상권,3110628,신목동역,469,307,162,0,52,85,114,113,105,0,28,56,79,85,59,0,24,29,35,28,46
20234,A,골목상권,3110617,등촌역 4번,262,188,74,0,47,75,73,48,19,0,37,55,50,31,15,0,10,20,23,17,4
20234,A,골목상권,3110608,신월2동주민센터,875,454,421,1,51,116,229,273,205,1,23,69,117,127,117,0,28,47,112,146,88
20234,A,골목상권,3110605,목동센트럴아이파크앞,155,89,66,0,15,22,26,47,45,0,5,15,11,27,31,0,10,7,15,20,14
20234,A,골목상권,3110613,신정네거리역 4번,80,20,60,0,8,25,24,19,4,0,2,6,7,4,1,0,6,19,17,15,3
20234,R,전통시장,3130206,신정3동 골목시장,20,6,14,0,0,5,11,2,2,0,0,0,3,1,2,0,0,5,8,1,0
20234,A,골목상권,3110614,목동로데오거리,596,292,304,0,69,85,114,216,112,0,42,44,58,103,45,0,27,41,56,113,67
20234,A,골목상권,3110644,신광명마을,336,288,48,1,26,28,58,105,118,1,8,17,51,97,114,0,18,11,7,8,4
20234,D,발달상권,3120115,김포공항역(김포공항),23,12,11,0,6,9,4,4,0,0,2,4,3,3,0,0,4,5,1,1,0
20234,A,골목상권,3110670,신곡초등학교,489,320,169,6,79,118,121,90,75,3,45,77,71,59,65,3,34,41,50,31,10
20234,A,골목상권,3110659,화곡역 4번,844,496,348,11,102,181,234,180,136,9,52,114,140,105,76,2,50,67,94,75,60
20234,A,골목상권,3110721,가리봉파출소,215,104,111,1,6,36,42,42,88,0,2,19,17,22,44,1,4,17,25,20,44
20234,A,골목상권,3110710,남구로역 3번,606,370,236,3,83,96,105,121,198,3,46,63,63,68,127,0,37,33,42,53,71
20234,R,전통시장,3130223,고척근린시장,42,12,30,0,2,10,12,14,4,0,0,1,1,7,3,0,2,9,11,7,1
20234,R,전통시장,3130226,고척프라자,2,2,0,0,1,1,0,0,0,0,1,1,0,0,0,0,0,0,0,0,0
20234,A,골목상권,3110699,덕의초등학교,136,79,57,0,14,22,29,43,28,0,7,14,13,24,21,0,7,8,16,19,7
20234,A,골목상권,3110711,구로초등학교,815,329,486,4,62,122,165,287,175,2,26,70,81,74,76,2,36,52,84,213,99
20234,A,골목상권,3110720,대림역 2번,228,87,141,0,27,50,65,49,37,0,11,14,18,17,27,0,16,36,47,32,10
20234,D,발달상권,3120128,신도림역,1253,656,597,7,191,318,382,243,112,1,75,153,191,149,87,6,116,165,191,94,25
20234,A,골목상권,3110683,오류고등학교,75,46,29,0,12,15,23,18,7,0,9,8,14,8,7,0,3,7,9,10,0
20234,D,발달상권,3120132,독산동,4203,2884,1319,13,512,908,1016,1074,680,12,350,650,695,701,476,1,162,258,321,373,204
20234,A,골목상권,3110729,가산동우체국,151,112,39,0,19,30,40,39,23,0,14,19,30,30,19,0,5,11,10,9,4
20234,A,골목상권,3110744,독산동성당,486,292,194,0,31,86,125,152,92,0,22,53,69,89,59,0,9,33,56,63,33
20234,A,골목상권,3110743,시흥초등학교(시흥1동우체국),191,130,61,0,18,31,48,50,44,0,10,20,32,37,31,0,8,11,16,13,13
20234,R,전통시장,3130236,비단길현대시장(현대시장),139,42,97,0,13,23,49,40,14,0,4,3,12,17,6,0,9,20,37,23,8
20234,D,발달상권,3120141,영등포청과시장교차로,601,418,183,2,71,137,188,115,88,1,36,85,133,86,77,1,35,52,55,29,11
20234,D,발달상권,3120143,당산역,2671,1987,684,9,326,516,558,517,745,2,194,394,403,386,608,7,132,122,155,131,137
20234,A,골목상권,3110781,대림한신아파트,182,112,70,0,23,29,51,38,41,0,8,16,34,23,31,0,15,13,17,15,10
20234,R,전통시장,3130242,대림중앙 골목형상점가,66,20,46,0,3,17,17,24,5,0,1,6,5,5,3,0,2,11,12,19,2
20234,A,골목상권,3110802,신길동홍어거리,336,159,177,1,59,113,86,61,16,0,18,45,44,40,12,1,41,68,42,21,4
20234,A,골목상권,3110780,신길대성유니드아파트,223,171,52,0,22,42,71,56,32,0,18,34,51,41,27,0,4,8,20,15,5
20234,A,골목상권,3110756,문래중학교,275,179,96,0,48,79,78,35,35,0,21,58,52,21,27,0,27,21,26,14,8
20234,A,골목상권,3110807,신길역 3번,102,70,32,0,6,16,23,27,30,0,4,8,18,19,21,0,2,8,5,8,9
20234,A,골목상권,3110796,한림대학교한강성심병원,87,52,35,1,7,19,26,19,15,0,4,11,17,9,11,1,3,8,9,10,4
20234,A,골목상권,3110829,장승배기역 5번,534,416,118,0,195,137,78,52,72,0,177,106,49,39,45,0,18,31,29,13,27
20234,A,골목상권,3110822,신대방삼거리역 4번(대림초등학교),313,131,182,0,57,71,68,76,41,0,13,28,34,35,21,0,44,43,34,41,20
20234,A,골목상권,3110850,사당역 10번,969,487,482,4,217,207,185,162,194,1,54,88,92,95,157,3,163,119,93,67,37
20234,A,골목상권,3110848,양지어린이공원,486,307,179,0,36,68,152,132,98,0,6,39,85,93,84,0,30,29,67,39,14
20234,A,골목상권,3110835,상도역 1번,296,170,126,0,81,95,59,38,23,0,32,61,37,19,21,0,49,34,22,19,2
20234,D,발달상권,3120151,보라매공원,2417,1455,962,6,401,736,707,383,184,4,194,433,450,237,137,2,207,303,257,146,47
20234,A,골목상권,3110840,중앙대학교,175,99,76,0,24,25,57,45,24,0,12,13,37,22,15,0,12,12,20,23,9
20234,D,발달상권,3120158,녹두거리(대학동),695,550,145,2,31,73,200,279,110,0,7,41,163,241,98,2,24,32,37,38,12
20234,A,골목상권,3110895,샤로수길,1796,1222,574,3,307,721,360,233,172,2,170,534,234,152,130,1,137,187,126,81,42
20234,A,골목상권,3110866,난우중학교,184,101,83,0,23,36,41,65,19,0,14,20,19,32,16,0,9,16,22,33,3
20234,R,전통시장,3130282,난곡 골목형상점가,20,8,12,0,4,2,10,4,0,0,2,1,4,1,0,0,2,1,6,3,0
20234,A,골목상권,3110856,미성초등학교,538,295,243,3,58,85,170,150,72,1,28,44,99,71,52,2,30,41,71,79,20
20234,A,골목상권,3110883,은천초등학교(은천교앞),208,124,84,2,21,43,70,48,24,1,12,25,42,28,16,1,9,18,28,20,8
20234,R,전통시장,3130288,신림현대종합상가,2,0,2,0,1,1,0,0,0,0,0,0,0,0,0,0,1,1,0,0,0
20234,R,전통시장,3130289,봉일시장,36,20,16,1,1,2,5,14,13,0,0,1,5,3,11,1,1,1,0,11,2
20234,A,골목상권,3110944,서울나래학교(염곡어린이공원),933,632,301,10,116,213,161,196,237,8,88,169,114,118,135,2,28,44,47,78,102
20234,D,발달상권,3120170,삼호가든사거리,2026,1161,865,8,279,587,623,346,183,7,113,333,412,168,128,1,166,254,211,178,55
20234,D,발달상권,3120187,신논현역,13076,7778,5298,64,3624,3962,2984,1673,769,27,1516,2302,2121,1247,565,37,2108,1660,863,426,204
20234,D,발달상권,3120176,논현역 4번,893,566,327,1,130,216,195,168,183,1,67,126,129,106,137,0,63,90,66,62,46
20234,A,골목상권,3110904,이수역 5번,835,468,367,4,167,217,239,139,69,1,90,125,135,59,58,3,77,92,104,80,11
20234,R,전통시장,3130296,남부종합시장,85,63,22,0,2,8,25,35,15,0,1,8,16,24,14,0,1,0,9,11,1
20234,A,골목상권,3110930,서초동성당,2178,1774,404,8,284,588,694,433,171,2,190,448,591,393,150,6,94,140,103,40,21
20234,D,발달상권,3120173,교대역(법원.검찰청),18222,10456,7766,74,3270,5403,4730,3072,1673,29,1419,3004,2846,1897,1261,45,1851,2399,1884,1175,412
20234,D,발달상권,3120179,양재역,20226,15999,4227,55,2836,6941,4949,3795,1650,32,1949,5811,4124,2895,1188,23,887,1130,825,900,462
20234,D,발달상권,3120171,서초3동사거리,11750,6206,5544,15,1990,3845,2551,1862,1487,6,827,1746,1496,1064,1067,9,1163,2099,1055,798,420
20234,D,발달상권,3120181,교육개발원입구사거리,7278,4440,2838,316,2978,1563,1247,730,444,145,1506,983,939,536,331,171,1472,580,308,194,113
20234,A,골목상권,3110941,언남고등학교,261,158,103,0,33,46,89,58,35,0,14,26,51,40,27,0,19,20,38,18,8
20234,A,골목상권,3110994,개포고등학교,494,382,112,7,65,161,123,110,28,4,47,134,103,73,21,3,18,27,20,37,7
20234,A,골목상권,3110955,논현초등학교,3430,2238,1192,19,719,823,793,625,451,13,417,568,554,389,297,6,302,255,239,236,154
20234,D,발달상권,3120190,강남을지병원,11725,6199,5526,44,3417,3232,2506,1512,1014,14,1228,1650,1567,988,752,30,2189,1582,939,524,262
20234,D,발달상권,3120203,강남구청역,7726,4602,3124,27,1589,2070,1890,1381,769,8,650,1218,1293,882,551,19,939,852,597,499,218
20234,A,골목상권,3110960,은광여고,1601,749,852,5,219,282,389,522,184,4,60,131,203,227,124,1,159,151,186,295,60
20234,A,골목상권,3110974,언주중학교,278,168,110,3,58,66,85,43,23,3,25,39,59,27,15,0,33,27,26,16,8
20234,A,골목상권,3111002,한국교통안전공단 강남자동차검사소,317,115,202,0,22,63,65,96,71,0,7,31,21,26,30,0,15,32,44,70,41
20234,A,골목상권,3110956,언주역 8번,1199,758,441,4,361,471,199,87,77,2,158,307,163,70,58,2,203,164,36,17,19
20234,A,골목상권,3110971,선정릉역 4번,1542,900,642,11,278,455,380,254,164,6,140,270,245,120,119,5,138,185,135,134,45
20234,A,골목상권,3110976,언북초등학교,578,332,246,1,111,188,126,86,66,0,41,115,83,49,44,1,70,73,43,37,22
20234,A,골목상권,3110979,청담초등학교,3004,1918,1086,4,525,926,768,568,213,4,230,632,535,343,174,0,295,294,233,225,39
20234,D,발달상권,3120238,방이역,430,260,170,5,53,101,116,79,76,4,25,48,61,57,65,1,28,53,55,22,11
20234,A,골목상권,3111009,송파책박물관,130,94,36,1,13,38,28,24,26,0,11,32,18,15,18,1,2,6,10,9,8
20234,A,골목상권,3111037,Sh수협은행 오금동금융센터(아랫말어린이공원),373,243,130,0,37,103,90,93,50,0,25,84,60,43,31,0,12,19,30,50,19
20234,A,골목상권,3111018,풍납초등학교(풍납백제문화공원),26,23,3,0,1,5,10,6,4,0,1,4,8,6,4,0,0,1,2,0,0
20234,A,골목상권,3111078,굽은다리역 4번,1753,1022,731,1,135,300,379,488,450,1,75,186,215,270,275,0,60,114,164,218,175
20234,A,골목상권,3111079,둔촌고등학교(둔촌중학교),377,197,180,1,43,58,60,76,139,1,28,34,33,28,73,0,15,24,27,48,66
20234,A,골목상권,3111089,상일여고(상일초등학교),750,505,245,0,50,131,180,233,156,0,31,81,127,154,112,0,19,50,53,79,44
20234,A,골목상권,3111051,천호역 6번,394,242,152,2,65,77,85,88,77,1,44,54,54,47,42,1,21,23,31,41,35
20234,R,전통시장,3130319,성내전통시장,47,31,16,0,3,8,14,10,12,0,3,4,9,7,8,0,0,4,5,3,4
20234,R,전통시장,3130320,암사종합시장,173,97,76,1,16,29,50,31,46,1,5,12,31,19,29,0,11,17,19,12,17
20234,A,골목상권,3110017,정독도서관,650,322,328,0,133,273,152,58,34,0,26,130,93,43,30,0,107,143,59,15,4
20234,A,골목상권,3110004,대신고등학교,32,14,18,0,3,4,8,14,3,0,1,0,3,8,2,0,2,4,5,6,1
20234,A,골목상권,3110009,자하문터널,930,456,474,0,207,326,226,121,50,0,91,162,105,63,35,0,116,164,121,58,15
20234,A,골목상권,3110012,성곡미술관,1042,489,553,0,260,329,260,111,82,0,70,152,149,69,49,0,190,177,111,42,33
20234,A,골목상권,3110033,창신역 4번,166,89,77,0,26,42,35,40,23,0,6,22,17,25,19,0,20,20,18,15,4
20234,D,발달상권,3120012,대학로(혜화역),2004,901,1103,7,350,585,490,309,263,2,103,201,243,166,186,5,247,384,247,143,77
20234,U,관광특구,3001494,종로·청계 관광특구,32892,17118,15774,68,5350,9954,9473,6395,1652,15,2280,4904,4583,4154,1182,53,3070,5050,4890,2241,470
20234,D,발달상권,3120008,인사동,22070,13019,9051,1263,7895,5069,3940,2756,1147,589,4005,3077,2666,2006,676,674,3890,1992,1274,750,471
20234,A,골목상권,3110019,창덕궁,325,215,110,0,47,91,82,71,34,0,21,65,53,49,27,0,26,26,29,22,7
20234,R,전통시장,3130014,동문시장,17,8,9,0,0,6,4,4,3,0,0,2,1,3,2,0,0,4,3,1,1
20234,A,골목상권,3110045,동대문역사문화공원역 5번,234,174,60,0,24,54,64,55,37,0,11,38,46,47,32,0,13,16,18,8,5
20234,A,골목상권,3110047,다산성곽길,160,89,71,0,36,43,36,27,18,0,23,29,21,7,9,0,13,14,15,20,9
20234,U,관광특구,3001492,명동 남대문 북창동 다동 무교동 관광특구,104830,53674,51156,423,27134,34007,23384,15726,4156,137,8860,16080,15133,10824,2640,286,18274,17927,8251,4902,1516
20234,D,발달상권,3120021,시청역_8번,23737,14953,8784,73,4071,8120,7087,3484,902,13,1699,4433,5165,2993,650,60,2372,3687,1922,491,252
20234,D,발달상권,3120022,북창동(시청역_6번),5197,3160,2037,24,1010,1611,1149,767,636,2,391,936,852,543,436,22,619,675,297,224,200
20234,A,골목상권,3110051,한양공고앞 교차로,111,82,29,0,17,23,33,26,12,0,12,16,24,20,10,0,5,7,9,6,2
20234,D,발달상권,3120018,중림동,2190,1368,822,2,393,736,598,295,166,2,207,425,357,238,139,0,186,311,241,57,27
20234,A,골목상권,3110591,충정로역 6번,87,48,39,0,15,19,21,28,4,0,9,9,11,16,3,0,6,10,10,12,1
20234,A,골목상권,3110060,효창공원앞역 6번,287,170,117,0,28,62,80,73,44,0,10,34,48,47,31,0,18,28,32,26,13
20234,A,골목상권,3110087,이태원엔틱가구거리,329,113,216,0,151,130,29,10,9,0,26,52,19,8,8,0,125,78,10,2,1
20234,A,골목상권,3110066,서울역 15번,748,467,281,6,152,227,156,125,82,3,81,151,104,66,62,3,71,76,52,59,20
20234,R,전통시장,3130064,금남시장,36,13,23,0,6,7,8,4,11,0,1,0,5,2,5,0,5,7,3,2,6
20234,A,골목상권,3110104,신금호역 4번,213,141,72,0,22,33,35,54,69,0,6,17,21,37,60,0,16,16,14,17,9
20234,A,골목상권,3110121,한양대역 4번,45,30,15,0,3,10,8,11,13,0,2,5,5,7,11,0,1,5,3,4,2
20234,A,골목상권,3110120,서울숲카페거리,79,49,30,0,8,12,35,18,6,0,3,8,23,10,5,0,5,4,12,8,1
20234,A,골목상권,3110137,성수초등학교,6605,4295,2310,31,1016,1740,1836,1344,638,22,557,1152,1250,828,486,9,459,588,586,516,152
20234,A,골목상권,3110132,성수2가3동주민센터,786,521,265,0,97,182,220,197,90,0,67,133,145,108,68,0,30,49,75,89,22
20234,A,골목상권,3110135,성동세무서,401,208,193,0,41,84,107,78,91,0,7,43,49,38,71,0,34,41,58,40,20
20234,A,골목상권,3110133,서울교통공사,122,93,29,0,19,25,33,21,24,0,12,18,29,17,17,0,7,7,4,4,7
20234,A,골목상권,3110113,응봉산,77,43,34,0,14,15,14,16,18,0,4,11,7,6,15,0,10,4,7,10,3
20234,A,골목상권,3110180,광진정보도서관,5440,3602,1838,17,1593,2056,1086,499,189,5,872,1464,782,331,148,12,721,592,304,168,41
20234,A,골목상권,3110149,세종대학교,122,72,50,0,15,21,31,23,32,0,8,13,19,7,25,0,7,8,12,16,7
20234,R,전통시장,3130083,"중곡제일시장(중곡제일골목시장, 광성시장)",111,68,43,0,15,21,29,24,22,0,7,14,20,10,17,0,8,7,9,14,5
20234,D,발달상권,3120055,군자역,4255,2030,2225,33,1138,780,911,991,402,23,548,430,436,330,263,10,590,350,475,661,139
20234,A,골목상권,3110154,광진정말공원,255,146,109,1,31,54,61,65,43,1,16,34,30,34,31,0,15,20,31,31,12
20234,A,골목상권,3110143,뚝섬유원지역 1번,44,18,26,1,4,13,9,13,4,1,0,3,5,6,3,0,4,10,4,7,1
20234,A,골목상권,3110158,중곡3동주민센터,715,518,197,1,113,210,184,138,69,0,73,168,123,104,50,1,40,42,61,34,19
20234,A,골목상권,3110141,건대입구역 1번,213,138,75,1,23,49,67,48,25,1,11,27,51,32,16,0,12,22,16,16,9
20234,A,골목상권,3110148,어린이대공원역 3번,17,12,5,0,3,3,6,5,0,0,0,2,5,5,0,0,3,1,1,0,0
20234,A,골목상권,3110144,어린이대공원역 4번,104,49,55,0,35,17,21,19,12,0,9,10,11,10,9,0,26,7,10,9,3
20234,A,골목상권,3110185,용두초등학교,122,77,45,0,13,22,31,32,24,0,5,13,18,22,19,0,8,9,13,10,5
20234,A,골목상권,3110182,용두희망어린이공원,370,249,121,0,38,71,108,87,66,0,20,47,67,64,51,0,18,24,41,23,15
20234,A,골목상권,3110213,청량초등학교,124,81,43,0,19,57,17,15,16,0,7,41,13,7,13,0,12,16,4,8,3
20234,A,골목상권,3110214,경희대후문,86,42,44,0,18,17,24,17,10,0,6,6,13,10,7,0,12,11,11,7,3
20234,A,골목상권,3110224,외대앞역 2번,96,41,55,0,9,14,16,29,28,0,2,4,9,18,8,0,7,10,7,11,20
20234,A,골목상권,3110205,경희대삼거리,82,48,34,0,4,13,23,23,19,0,2,10,7,17,12,0,2,3,16,6,7
20234,A,골목상권,3110270,혜원여고,168,148,20,0,4,5,7,70,82,0,4,3,6,59,76,0,0,2,1,11,6
20234,A,골목상권,3110274,서일대학교,523,360,163,0,46,59,135,146,137,0,8,37,89,115,111,0,38,22,46,31,26
20234,R,전통시장,3130114,유영시장,31,20,11,0,9,5,3,8,6,0,7,2,2,5,4,0,2,3,1,3,2
20234,A,골목상권,3110275,하나은행 망우동지점,63,33,30,0,4,9,19,16,15,0,3,6,9,5,10,0,1,3,10,11,5
20234,A,골목상권,3110259,사가정역 1번,543,425,118,2,48,108,172,159,54,2,29,73,131,140,50,0,19,35,41,19,4
20234,A,골목상권,3110266,면목동우체국,225,182,43,0,10,31,38,79,67,0,1,19,30,69,63,0,9,12,8,10,4
20234,A,골목상권,3110242,면목5동주민센터,164,112,52,0,21,28,56,30,29,0,12,23,31,22,24,0,9,5,25,8,5
20234,R,전통시장,3130110,면목골목시장(면목시장),107,64,43,0,1,9,35,38,24,0,1,6,22,19,16,0,0,3,13,19,8
20234,A,골목상권,3110247,먹골역 1번,381,176,205,0,54,79,123,81,44,0,21,30,55,39,31,0,33,49,68,42,13
20234,A,골목상권,3110279,신내역 2번,9,8,1,0,0,1,4,4,0,0,0,1,3,4,0,0,0,0,1,0,0
20234,A,골목상권,3110240,태릉시장 특화거리,97,39,58,2,20,13,28,16,18,1,3,8,7,8,12,1,17,5,21,8,6
20234,R,전통시장,3130108,태능엔터피아(태릉시장),3,1,2,0,0,0,1,2,0,0,0,0,0,1,0,0,0,0,1,1,0
20234,A,골목상권,3110244,중화역 4번,250,175,75,1,8,26,49,44,122,1,4,11,32,30,97,0,4,15,17,14,25
20234,A,골목상권,3110306,미아초등학교,317,218,99,2,13,50,81,77,94,0,3,29,53,50,83,2,10,21,28,27,11
20234,A,골목상권,3110302,보문역 8번,3797,3177,620,1,364,1434,710,823,465,1,252,1274,656,702,292,0,112,160,54,121,173
20234,A,골목상권,3110331,돌곶이역 8번,441,297,144,3,54,146,113,78,47,0,17,105,83,55,37,3,37,41,30,23,10
20234,R,전통시장,3130126,새석관시장,13,8,5,0,1,4,2,5,1,0,0,3,1,3,1,0,1,1,1,2,0
20234,A,골목상권,3110283,성북초등학교앞,203,78,125,0,16,33,56,80,18,0,8,10,23,27,10,0,8,23,33,53,8
20234,A,골목상권,3110418,광운대학교 남단,100,45,55,0,11,17,23,26,23,0,5,5,13,16,6,0,6,12,10,10,17
20234,R,전통시장,3130118,정릉골 골목형상점가,67,30,37,0,11,13,11,19,13,0,0,2,6,12,10,0,11,11,5,7,3
20234,D,발달상권,3120077,미아역,218,97,121,0,32,37,52,64,33,0,11,8,18,38,22,0,21,29,34,26,11
20234,A,골목상권,3110369,성신여대운정그린캠퍼스,518,214,304,1,49,46,131,131,160,1,10,16,44,53,90,0,39,30,87,78,70
20234,R,전통시장,3130131,동북프라자,121,49,72,0,9,23,37,29,23,0,4,8,17,9,11,0,5,15,20,20,12
20234,A,골목상권,3110355,삼양사거리역 2번,306,254,52,0,8,26,44,103,125,0,1,10,31,94,118,0,7,16,13,9,7
20234,A,골목상권,3110344,화계중학교,12,10,2,0,7,1,1,2,1,0,5,1,1,2,1,0,2,0,0,0,0
20234,A,골목상권,3110340,인수중학교,176,99,77,0,24,55,50,29,18,0,8,43,31,7,10,0,16,12,19,22,8
20234,R,전통시장,3130129,장미원골목시장,911,571,340,0,15,14,38,89,755,0,1,4,12,40,514,0,14,10,26,49,241
20234,A,골목상권,3110337,아카데미하우스,512,368,144,6,70,69,94,159,114,6,43,58,60,98,103,0,27,11,34,61,11
20234,A,골목상권,3110343,무너미어린이공원,100,74,26,0,7,21,28,32,12,0,4,14,22,25,9,0,3,7,6,7,3
20234,A,골목상권,3110351,수유북부시장옆,214,93,121,0,27,45,51,59,32,0,9,17,20,25,22,0,18,28,31,34,10
20234,A,골목상권,3110342,국립재활원,60,45,15,0,5,11,20,15,9,0,3,8,14,13,7,0,2,3,6,2,2
20234,A,골목상권,3110338,인수초등학교,263,192,71,0,34,67,61,63,38,0,18,49,44,48,33,0,16,18,17,15,5
20234,R,전통시장,3130151,신도봉시장,5,5,0,0,1,0,2,2,0,0,1,0,2,2,0,0,0,0,0,0,0
20234,R,전통시장,3130150,창동골목시장,84,47,37,0,19,30,14,8,13,0,7,20,9,5,6,0,12,10,5,3,7
20234,A,골목상권,3110409,창동역 2번,396,202,194,0,33,43,83,109,128,0,12,29,59,45,57,0,21,14,24,64,71
20234,A,골목상권,3110434,태릉입구역 4번,121,62,59,0,13,11,24,35,38,0,3,2,12,22,23,0,10,9,12,13,15
20234,A,골목상권,3110433,공릉역 2번,401,137,264,1,30,41,46,46,237,1,17,30,25,18,46,0,13,11,21,28,191
20234,A,골목상권,3110422,노원역 9번,277,221,56,0,27,70,94,54,32,0,24,59,79,37,22,0,3,11,15,17,10
20234,D,발달상권,3120085,은행사거리,317,121,196,4,51,48,80,78,56,3,11,14,21,40,32,1,40,34,59,38,24
20234,A,골목상권,3110430,중계초등학교,275,100,175,0,18,28,58,96,75,0,8,7,19,25,41,0,10,21,39,71,34
20234,A,골목상권,3110441,영신여고,138,72,66,0,12,28,33,41,24,0,7,20,15,21,9,0,5,8,18,20,15
20234,A,골목상권,3110467,은평요양병원,487,284,203,3,90,154,110,68,62,2,46,100,61,37,38,1,44,54,49,31,24
20234,A,골목상권,3110454,선정중학교,481,268,213,3,56,71,142,108,101,2,42,35,53,66,70,1,14,36,89,42,31
20234,A,골목상권,3110450,시립서북병원,774,421,353,3,138,166,179,154,134,2,80,103,96,70,70,1,58,63,83,84,64
20234,A,골목상권,3110472,연신내역 4번,335,156,179,2,52,77,79,68,57,1,16,43,30,37,29,1,36,34,49,31,28
20234,R,전통시장,3130168,연서시장,234,155,79,0,19,50,51,64,50,0,5,23,33,49,45,0,14,27,18,15,5
20234,A,골목상권,3110446,내를건너서숲으로도서관,163,124,39,0,6,14,51,45,47,0,5,9,33,35,42,0,1,5,18,10,5
20234,A,골목상권,3110488,우리은행응암동지점,174,104,70,1,14,24,41,38,56,0,8,16,19,15,46,1,6,8,22,23,10
20234,A,골목상권,3110449,증산역 3번,709,410,299,0,104,160,182,147,116,0,47,98,96,84,85,0,57,62,86,63,31
20234,D,발달상권,3120094,"신촌역(신촌역, 신촌로터리)",5328,2411,2917,67,2381,1182,676,592,430,23,994,579,296,278,241,44,1387,603,380,314,189
20234,A,골목상권,3110517,서대문소방서,884,634,250,8,197,216,203,177,83,5,99,170,163,146,51,3,98,46,40,31,32
20234,D,발달상권,3120097,충정로역,2246,1354,892,0,321,658,631,407,229,0,172,390,397,254,141,0,149,268,234,153,88
20234,A,골목상권,3110504,명지전문대,170,46,124,1,21,19,35,41,53,0,5,4,10,13,14,1,16,15,25,28,39
20234,A,골목상권,3110515,홍은중학교,396,312,84,1,45,118,119,68,45,1,33,93,94,52,39,0,12,25,25,16,6
20234,A,골목상권,3110523,홍제성원아파트,21,9,12,0,0,4,5,7,5,0,0,0,2,5,2,0,0,4,3,2,3
20234,D,발달상권,3120095,홍제역,931,525,406,1,73,108,267,363,119,0,16,56,142,223,88,1,57,52,125,140,31
20234,A,골목상권,3110528,서울여자간호대학교,324,160,164,0,11,25,38,72,178,0,10,14,20,24,92,0,1,11,18,48,86
20234,A,골목상권,3110587,공덕동주민센터,264,135,129,1,43,53,75,55,37,1,16,31,47,23,17,0,27,22,28,32,20
20234,A,골목상권,3110576,대흥역 3번,1605,1112,493,71,503,480,308,163,80,27,310,365,253,111,46,44,193,115,55,52,34
20234,A,골목상권,3110572,서강대역 1번,470,254,216,1,63,130,117,116,43,1,32,67,58,66,30,0,31,63,59,50,13
20234,A,골목상권,3110544,망리단길,1203,718,485,1,179,248,331,253,191,1,107,153,171,147,139,0,72,95,160,106,52
20234,R,전통시장,3130186,망원시장,143,53,90,0,9,23,40,41,30,0,6,11,14,10,12,0,3,12,26,31,18
20234,A,골목상권,3110541,동교초등학교,377,221,156,0,43,59,101,96,78,0,23,37,63,50,48,0,20,22,38,46,30
20234,A,골목상권,3110542,마포구청역 7번,3997,2442,1555,16,527,714,775,1304,661,9,297,578,604,586,368,7,230,136,171,718,293
20234,R,전통시장,3130191,홍대 걷고싶은 거리,367,225,142,6,65,65,81,82,68,4,40,41,54,47,39,2,25,24,27,35,29
20234,D,발달상권,3120098,DMC(디지털미디어시티),8846,5391,3455,19,1691,3228,2856,875,177,11,813,1995,1821,616,135,8,878,1233,1035,259,42
20234,D,발달상권,3120105,상수역(홍대),524,273,251,4,126,153,122,71,48,2,51,74,70,42,34,2,75,79,52,29,14
20234,R,전통시장,3130189,서교시장,24,10,14,0,2,1,7,6,8,0,0,1,2,3,4,0,2,0,5,3,4
20234,A,골목상권,3110551,성서초등학교,803,387,416,1,110,164,235,172,121,1,42,90,114,81,59,0,68,74,121,91,62
20234,A,골목상권,3110548,마포구청역 4번,795,475,320,5,130,185,210,136,129,3,57,95,122,89,109,2,73,90,88,47,20
20234,A,골목상권,3110570,KB국민은행 서강지점,61,39,22,0,4,22,18,12,5,0,4,13,10,7,5,0,0,9,8,5,0
20234,A,골목상권,3110585,마포경찰서,918,790,128,0,192,360,176,181,9,0,150,313,153,166,8,0,42,47,23,15,1
20234,D,발달상권,3120111,목동사거리,1828,710,1118,1,551,601,341,219,115,0,101,248,161,116,84,1,450,353,180,103,31
20234,R,전통시장,3130209,목사랑시장(목4동시장),113,62,51,0,7,15,23,43,25,0,2,13,10,20,17,0,5,2,13,23,8
20234,A,골목상권,3110601,신월1동우편취급국,1200,814,386,3,116,180,274,437,190,1,61,115,183,309,145,2,55,65,91,128,45
20234,A,골목상권,3110599,신월1파출소,378,268,110,3,50,89,94,93,49,2,34,68,63,65,36,1,16,21,31,28,13
20234,A,골목상권,3110634,송정역 3번,664,434,230,0,64,143,178,145,134,0,33,90,116,101,94,0,31,53,62,44,40
20234,A,골목상권,3110639,신방화역 8번,534,376,158,1,76,67,89,155,146,1,18,26,52,140,139,0,58,41,37,15,7
20234,A,골목상권,3110633,개화산역 1번,28,14,14,0,0,6,10,7,5,0,0,1,5,3,5,0,0,5,5,4,0
20234,D,발달상권,3120120,화곡역,927,405,522,1,177,218,193,196,142,0,46,109,84,81,85,1,131,109,109,115,57
20234,A,골목상권,3110654,까치산역 4번,1027,687,340,2,68,149,252,380,176,1,38,81,139,281,147,1,30,68,113,99,29
20234,A,골목상권,3110663,우장산롯데캐슬아파트앞,279,217,62,0,6,19,48,106,100,0,3,13,26,82,93,0,3,6,22,24,7
20234,A,골목상권,3110658,화곡초등학교,253,153,100,0,21,55,62,69,46,0,10,35,36,44,28,0,11,20,26,25,18
20234,A,골목상권,3110695,개봉1동주민센터,537,312,225,1,56,150,140,121,69,1,31,97,72,64,47,0,25,53,68,57,22
20234,A,골목상권,3110698,개웅초등학교(개웅중학교),276,176,100,3,50,50,53,63,57,3,25,32,31,39,46,0,25,18,22,24,11
20234,A,골목상권,3110704,고척중학교,62,36,26,0,12,23,10,12,5,0,7,12,3,11,3,0,5,11,7,1,2
20234,A,골목상권,3110716,구로나눔길,666,398,268,1,132,256,164,77,36,0,39,154,115,60,30,1,93,102,49,17,6
20234,D,발달상권,3120127,구로구청,5871,3858,2013,6,600,1211,1435,1436,1183,5,362,967,1048,802,674,1,238,244,387,634,509
20234,A,골목상권,3110682,온수역 8번,25,11,14,0,2,4,13,5,1,0,2,2,6,1,0,0,0,2,7,4,1
20234,A,골목상권,3110684,서울공연예술고등학교,251,136,115,2,50,78,61,36,24,0,19,54,34,19,10,2,31,24,27,17,14
20234,A,골목상권,3110685,금강수목원아파트,56,39,17,0,10,12,12,11,11,0,7,10,5,7,10,0,3,2,7,4,1
20234,A,골목상권,3110732,가산초등학교(세일중학교),362,258,104,1,42,68,107,79,65,0,23,39,78,64,54,1,19,29,29,15,11
20234,A,골목상권,3110725,가산동주민센터,85,59,26,0,6,20,22,20,17,0,3,15,16,12,13,0,3,5,6,8,4
20234,A,골목상권,3110740,금천해태공원,646,280,366,1,135,134,136,170,70,1,47,54,56,71,51,0,88,80,80,99,19
20234,A,골목상권,3110741,독산2동주민센터,444,159,285,0,69,117,96,108,54,0,43,35,26,33,22,0,26,82,70,75,32
20234,R,전통시장,3130237,박미시장(기능상실),39,26,13,0,1,6,11,9,12,0,0,2,7,8,9,0,1,4,4,1,3
20234,R,전통시장,3130238,은행나무시장,113,71,42,0,22,24,31,22,14,0,13,16,22,14,6,0,9,8,9,8,8
20234,A,골목상권,3110763,영등포구청역 2번,480,353,127,2,84,147,107,84,56,0,53,100,79,72,49,2,31,47,28,12,7
20234,A,골목상권,3110769,대림차이나타운(대림역 12번),42,12,30,0,6,8,12,10,6,0,0,3,4,3,2,0,6,5,8,7,4
20234,A,골목상권,3110777,구로세무서,282,210,72,0,36,41,47,83,75,0,13,30,32,66,69,0,23,11,15,17,6
20234,R,전통시장,3130245,영일시장,675,567,108,1,61,189,238,136,50,0,41,148,217,115,46,1,20,41,21,21,4
20234,A,골목상권,3110814,서울지방병무청,673,364,309,1,51,117,155,236,113,1,23,79,97,104,60,0,28,38,58,132,53
20234,A,골목상권,3110810,영신초등학교,403,183,220,0,58,147,59,78,61,0,24,67,27,43,22,0,34,80,32,35,39
20234,A,골목상권,3110817,대방역 4번,26,19,7,0,2,6,6,6,6,0,0,4,4,6,5,0,2,2,2,0,1
20234,A,골목상권,3110757,양평역 2번,1501,1114,387,1,111,230,356,424,379,0,51,176,286,314,287,1,60,54,70,110,92
20234,A,골목상권,3110762,선유도역 1번,3139,2286,853,6,392,669,739,809,524,4,217,459,529,629,448,2,175,210,210,180,76
20234,D,발달상권,3120150,63빌딩,8614,5431,3183,45,1167,2157,2997,1883,365,18,610,1437,1563,1568,235,27,557,720,1434,315,130
20234,D,발달상권,3120145,영등포역(영등포),3856,1817,2039,22,673,1021,921,702,517,0,202,441,486,388,300,22,471,580,435,314,217
20234,R,전통시장,3130255,영등포전통시장,45,29,16,0,1,7,5,10,22,0,1,5,3,4,16,0,0,2,2,6,6
20234,A,골목상권,3110788,영등포시장역 3번,28,22,6,0,4,5,7,9,3,0,3,5,6,6,2,0,1,0,1,3,1
20234,A,골목상권,3110799,영등포본동주민센터,119,86,33,5,21,16,11,22,44,3,12,10,6,15,40,2,9,6,5,7,4
20234,A,골목상권,3110834,동작구자원봉사센터,41,25,16,0,3,5,8,11,14,0,2,2,8,6,7,0,1,3,0,5,7
20234,A,골목상권,3110832,노량진초등학교,491,269,222,0,54,105,122,153,57,0,24,64,85,70,26,0,30,41,37,83,31
20234,D,발달상권,3120153,노량진역(노량진),3600,1756,1844,10,508,1172,906,675,329,2,185,464,433,450,222,8,323,708,473,225,107
20234,R,전통시장,3130274,사당1동먹자골목상점가(사당1동먹자골목),389,218,171,4,91,100,81,63,50,3,45,64,37,35,34,1,46,36,44,28,16
20234,R,전통시장,3130273,남성사계시장(남성시장),141,63,78,0,21,36,45,22,17,0,3,19,20,8,13,0,18,17,25,14,4
20234,A,골목상권,3110851,경문고등학교(동작동성당),493,236,257,0,79,137,141,105,31,0,32,53,66,67,18,0,47,84,75,38,13
20234,A,골목상권,3110845,사당종합체육관,101,50,51,0,8,17,35,26,15,0,5,8,19,9,9,0,3,9,16,17,6
20234,R,전통시장,3130271,남성역골목시장,467,268,199,1,36,33,39,47,311,1,12,20,22,16,197,0,24,13,17,31,114
20234,A,골목상권,3110831,상도4동주민센터,72,40,32,0,3,13,14,29,13,0,3,6,6,18,7,0,0,7,8,11,6
20234,R,전통시장,3130262,상도도깨비 골목형상점가,21,13,8,0,0,4,10,4,3,0,0,4,6,1,2,0,0,0,4,3,1
20234,A,골목상권,3110825,신대방삼거리역 1번,319,207,112,0,33,63,96,72,55,0,23,41,58,47,38,0,10,22,38,25,17
20234,R,전통시장,3130260,신대방1동골목상권,70,31,39,0,8,22,15,15,10,0,0,7,7,10,7,0,8,15,8,5,3
20234,A,골목상권,3110902,사당역 4번,1184,729,455,1,189,266,295,248,185,0,82,168,204,156,119,1,107,98,91,92,66
20234,A,골목상권,3110881,구립대학경로당(관악산샘말공원),1580,1288,292,1,317,450,449,266,97,1,225,374,391,229,68,0,92,76,58,37,29
20234,A,골목상권,3110894,관악동부센트레빌아파트(은천로35라길),20,8,12,0,2,4,3,6,5,0,0,2,1,2,3,0,2,2,2,4,2
20234,A,골목상권,3110869,"신림역 5번(신림동주민센터, 신림동별빛거리)",1026,681,345,1,79,136,248,233,329,1,36,73,143,155,273,0,43,63,105,78,56
20234,A,골목상권,3110877,신림역 8번,319,154,165,2,23,63,86,80,65,0,10,30,36,39,39,2,13,33,50,41,26
20234,A,골목상권,3110884,봉천역 4번(봉천110안전센터),372,284,88,1,17,30,61,98,165,0,1,8,49,84,142,1,16,22,12,14,23
20234,R,전통시장,3130275,강남골목시장,164,121,43,0,17,38,46,34,29,0,15,32,30,23,21,0,2,6,16,11,8
20234,R,전통시장,3130276,신림중앙시장(조원동 펭귄시장),39,27,12,0,1,2,13,11,12,0,0,2,7,9,9,0,1,0,6,2,3
20234,A,골목상권,3110892,관악구 중앙길,709,341,368,0,69,110,159,221,150,0,25,55,76,105,80,0,44,55,83,116,70
20234,A,골목상권,3110896,관악우성아파트,202,49,153,0,41,37,44,47,33,0,5,7,11,13,13,0,36,30,33,34,20
20234,A,골목상권,3110947,청계산입구역 2번(내곡동주민센터),112,45,67,0,18,17,27,18,32,0,8,9,14,7,7,0,10,8,13,11,25
20234,A,골목상권,3110918,방배역 3번,682,438,244,3,98,127,164,142,148,2,59,85,108,86,98,1,39,42,56,56,50
20234,A,골목상권,3110922,내방역 1번,219,112,107,1,42,47,47,42,40,0,13,23,27,23,26,1,29,24,20,19,14
20234,A,골목상권,3110934,우면주공아파트,994,674,320,6,197,291,253,161,86,5,83,217,195,110,64,1,114,74,58,51,22
20234,A,골목상권,3110927,잠원역,745,553,192,2,93,342,198,98,12,2,82,218,159,81,11,0,11,124,39,17,1
20234,A,골목상권,3110993,개포지하차도 북측,70,53,17,0,3,9,19,23,16,0,2,7,16,18,10,0,1,2,3,5,6
20234,R,전통시장,3130310,강남개포시장,298,173,125,0,29,56,71,82,60,0,8,23,42,56,44,0,21,33,29,26,16
20234,A,골목상권,3110975,매봉역 1번,10837,6932,3905,34,2175,2199,3202,3019,208,21,1010,1161,2184,2402,154,13,1165,1038,1018,617,54
20234,A,골목상권,3110961,언주역 3번,962,673,289,5,172,286,248,140,111,3,97,184,187,112,90,2,75,102,61,28,21
20234,D,발달상권,3120222,삼성역,43324,24141,19183,244,8091,13641,10294,6385,4669,119,3186,7703,6883,3711,2539,125,4905,5938,3411,2674,2130
20234,A,골목상권,3110992,도곡초등학교,2179,1144,1035,3,269,440,484,524,459,1,108,253,258,260,264,2,161,187,226,264,195
20234,D,발달상권,3120201,도곡1동,11549,6381,5168,116,3564,3468,2477,1299,625,31,1365,2018,1727,754,486,85,2199,1450,750,545,139
20234,A,골목상권,3110986,삼성중앙역 7번,90,59,31,0,9,18,36,19,8,0,3,6,29,15,6,0,6,12,7,4,2
20234,A,골목상권,3110999,윗방죽마을공원,268,130,138,2,19,43,44,83,77,1,12,27,27,39,24,1,7,16,17,44,53
20234,D,발달상권,3120224,수서역,12418,6339,6079,23,1900,3177,3167,2346,1805,12,860,1669,1497,1232,1069,11,1040,1508,1670,1114,736
20234,D,발달상권,3120198,구역삼세무서,11531,7246,4285,23,2691,3529,2889,1562,837,12,1141,2216,2115,1139,623,11,1550,1313,774,423,214
20234,D,발달상권,3120197,역삼역,58731,38593,20138,93,10093,18065,15897,10840,3743,43,5229,11924,11872,7083,2442,50,4864,6141,4025,3757,1301
20234,D,발달상권,3120208,청담사거리(청담동명품거리),11437,5280,6157,43,3488,4035,2275,1044,552,17,1116,1816,1308,628,395,26,2372,2219,967,416,157
20234,D,발달상권,3120239,오금역,4595,2925,1670,17,840,1205,1156,897,480,11,447,798,824,483,362,6,393,407,332,414,118
20234,A,골목상권,3111041,거여역 8번,411,336,75,1,102,118,81,62,47,1,84,93,67,50,41,0,18,25,14,12,6
20234,A,골목상권,3111042,거여역 1번(거여공원),872,597,275,3,147,186,251,200,85,3,121,134,159,130,50,0,26,52,92,70,35
20234,D,발달상권,3120235,문정역,954,648,306,1,117,204,211,255,166,0,70,158,152,154,114,1,47,46,59,101,52
20234,A,골목상권,3111012,석촌역 6번,732,332,400,2,91,127,180,183,149,2,23,56,83,93,75,0,68,71,97,90,74
20234,D,발달상권,3120230,송파사거리(송파역),876,470,406,4,96,176,202,193,205,1,38,99,115,92,125,3,58,77,87,101,80
20234,A,골목상권,3111034,오동나무공원(송파레미니스1단지),1465,1038,427,3,253,373,355,322,159,3,163,257,267,226,122,0,90,116,88,96,37
20234,A,골목상권,3111011,잠실나루역,9608,7747,1861,42,1275,3018,2795,2046,432,18,924,2492,2309,1674,330,24,351,526,486,372,102
20234,A,골목상권,3111004,삼전역 1번,2036,1331,705,13,263,407,504,376,473,0,108,261,337,239,386,13,155,146,167,137,87
20234,R,전통시장,3130326,고덕 골목형상점가,935,850,85,0,8,37,165,395,330,0,4,31,147,360,308,0,4,6,18,35,22
20234,A,골목상권,3111088,고덕동성당,123,54,69,0,15,32,32,31,13,0,4,15,10,15,10,0,11,17,22,16,3
20234,A,골목상권,3111083,GS강동자이아파트,411,245,166,0,67,62,70,100,112,0,47,43,41,44,70,0,20,19,29,56,42
20234,R,전통시장,3130324,길동복조리시장,154,85,69,3,27,32,47,40,5,2,13,18,31,19,2,1,14,14,16,21,3
20234,A,골목상권,3111076,둔촌2동주민센터,297,174,123,0,25,49,61,86,76,0,14,24,34,39,63,0,11,25,27,47,13
20234,A,골목상권,3111081,둔촌푸르지오아파트,78,50,28,0,8,17,18,18,17,0,4,12,13,6,15,0,4,5,5,12,2
20234,A,골목상권,3111074,명일역 1번,147,77,70,2,31,38,40,16,20,1,9,23,23,10,11,1,22,15,17,6,9
20234,R,전통시장,3130321,장신구 특화거리 상점가,433,269,164,0,92,114,88,92,47,0,43,72,56,61,37,0,49,42,32,31,10
20234,A,골목상권,3111058,성내중학교,451,317,134,0,51,92,129,121,58,0,37,63,90,82,45,0,14,29,39,39,13
20234,D,발달상권,3120243,천호역,1395,637,758,6,189,265,331,296,308,2,64,109,143,126,193,4,125,156,188,170,115
20234,D,발달상권,3120244,암사역,916,401,515,0,70,85,103,111,547,0,14,44,49,42,252,0,56,41,54,69,295
20234,A,골목상권,3111075,굽은다리역 2번,193,114,79,0,14,42,54,52,31,0,14,28,24,31,17,0,0,14,30,21,14
20234,A,골목상권,3110018,중앙고등학교,829,408,421,0,92,166,209,160,202,0,27,55,100,80,146,0,65,111,109,80,56
20234,A,골목상권,3110006,부암동주민센터,27,16,11,0,2,7,7,5,6,0,2,5,2,3,4,0,0,2,5,2,2
20234,A,골목상권,3110003,세검정초등학교,607,337,270,7,78,120,167,167,68,6,35,45,103,96,52,1,43,75,64,71,16
20234,D,발달상권,3120005,삼청동,3049,2795,254,1,399,709,898,817,225,0,340,633,848,776,198,1,59,76,50,41,27
20234,D,발달상권,3120062,신설동역,12648,5435,7213,13,1214,2604,3451,3483,1883,2,444,1433,1624,1125,807,11,770,1171,1827,2358,1076
20234,D,발달상권,3120013,이화사거리,7536,5468,2068,8,1300,2502,2063,1294,369,1,626,1730,1678,1171,262,7,674,772,385,123,107
20234,A,골목상권,3110027,혜화역 1번,598,358,240,1,67,108,127,97,198,0,25,70,64,54,145,1,42,38,63,43,53
20234,D,발달상권,3120006,종각역,33181,16028,17153,59,5900,11133,9928,5489,672,14,2254,4920,4677,3672,491,45,3646,6213,5251,1817,181
20234,R,전통시장,3130009,마전교지하쇼핑센터(구 한일상가),24,16,8,0,0,2,3,7,12,0,0,2,2,4,8,0,0,0,1,3,4
20234,R,전통시장,3130012,"동대문종합시장(동대문종합시장 신관, 동대문종합시장D동상가)",1319,965,354,2,156,325,348,339,149,0,116,251,238,247,113,2,40,74,110,92,36
20234,R,전통시장,3130011,충신시장,88,44,44,0,19,19,20,17,13,0,7,11,8,8,10,0,12,8,12,9,3
20234,R,전통시장,3130017,동대문상가C동,12,9,3,0,1,4,4,2,1,0,1,4,3,0,1,0,0,0,1,2,0
20234,A,골목상권,3110029,동대문역 1번,247,68,179,0,11,34,64,82,56,0,1,8,25,21,13,0,10,26,39,61,43
20234,R,전통시장,3130001,통인시장,63,31,32,0,4,16,12,13,18,0,2,4,7,7,11,0,2,12,5,6,7
20234,A,골목상권,3110010,평창동서측,5240,2651,2589,1,324,1250,2239,1231,195,0,76,342,1157,943,133,1,248,908,1082,288,62
20234,U,관광특구,3001493,동대문패션타운 관광특구,5916,2900,3016,36,1415,1672,1133,1020,640,13,536,733,643,584,391,23,879,939,490,436,249
20234,D,발달상권,3120031,을지로3가역,6147,3450,2697,9,699,1541,1643,1286,969,0,223,730,924,892,681,9,476,811,719,394,288
20234,D,발달상권,3120020,시청역_1번,6561,4672,1889,29,1436,1964,1905,1013,214,17,728,1351,1643,776,157,12,708,613,262,237,57
20234,A,골목상권,3110110,상왕십리역 6번,87,54,33,1,12,16,24,18,16,1,7,11,13,10,12,0,5,5,11,8,4
20234,R,전통시장,3130046,team204(팀204),20,13,7,0,1,3,4,2,10,0,0,2,3,1,7,0,1,1,1,1,3
20234,R,전통시장,3130042,약수시장,158,67,91,2,36,30,40,21,29,2,9,9,19,8,20,0,27,21,21,13,9
20234,A,골목상권,3110057,황학코아루아파트,64,44,20,0,8,13,20,10,13,0,4,6,17,8,9,0,4,7,3,2,4
20234,D,발달상권,3120042,"숙대입구역(남영역, 남영동)",4057,2797,1260,20,750,1490,1024,558,215,8,370,894,831,510,184,12,380,596,193,48,31
20234,A,골목상권,3110063,효창공원앞역 5번,530,347,183,8,47,104,139,132,100,6,25,71,93,87,65,2,22,33,46,45,35
20234,A,골목상권,3110080,해방촌예술마을,311,168,143,0,53,71,88,58,41,0,18,40,52,31,27,0,35,31,36,27,14
20234,A,골목상권,3110082,용산구청,1618,809,809,5,175,461,427,442,108,4,53,155,206,304,87,1,122,306,221,138,21
20234,A,골목상권,3110085,경리단길남측,532,260,272,4,98,163,148,67,52,2,40,59,78,41,40,2,58,104,70,26,12
20234,A,골목상권,3110095,한강진역 3번,1186,801,385,16,160,326,321,298,65,8,61,235,227,226,44,8,99,91,94,72,21
20234,A,골목상권,3110091,리움미술관,1106,810,296,0,216,345,343,155,47,0,117,236,293,128,36,0,99,109,50,27,11
20234,A,골목상권,3110588,한겨레신문사,169,92,77,0,34,44,41,33,17,0,14,22,20,21,15,0,20,22,21,12,2
20234,R,전통시장,3130059,후암시장,64,40,24,0,6,12,16,11,19,0,4,5,10,7,14,0,2,7,6,4,5
20234,A,골목상권,3110103,옥수터널,13,11,2,1,0,2,2,6,2,0,0,2,2,5,2,1,0,0,0,1,0
20234,A,골목상권,3110117,성동구보건소,103,73,30,1,14,27,19,33,9,1,10,20,11,25,6,0,4,7,8,8,3
20234,D,발달상권,3120049,왕십리역(왕십리),1459,1004,455,1,183,301,377,468,129,1,92,187,272,371,81,0,91,114,105,97,48
20234,A,골목상권,3110131,성수동카페거리,4798,3110,1688,15,902,1536,1123,699,523,9,460,993,777,497,374,6,442,543,346,202,149
20234,R,전통시장,3130070,뚝섬역상점가,1017,698,319,6,178,260,218,222,133,4,105,180,144,157,108,2,73,80,74,65,25
20234,D,발달상권,3120066,장한평역(장한평),7424,4770,2654,43,1531,1839,1491,1235,1285,10,739,1202,991,818,1010,33,792,637,500,417,275
20234,A,골목상권,3110130,답십리역 6번,105,89,16,0,20,24,38,15,8,0,17,20,35,10,7,0,3,4,3,5,1
20234,A,골목상권,3110111,대현산장미원,51,40,11,0,6,7,6,17,15,0,6,4,4,13,13,0,0,3,2,4,2
20234,A,골목상권,3110179,광나루역 1번,911,620,291,0,142,209,188,233,139,0,82,160,157,154,67,0,60,49,31,79,72
20234,R,전통시장,3130074,영동교골목시장,21,15,6,0,6,9,2,3,1,0,3,9,0,2,1,0,3,0,2,1,0
20234,R,전통시장,3130096,동부시장,14,9,5,0,0,0,1,1,12,0,0,0,0,0,9,0,0,0,1,1,3
20234,A,골목상권,3110150,중곡1동 마을마당,1179,698,481,1,197,352,252,217,160,1,83,194,161,132,127,0,114,158,91,85,33
20234,A,골목상권,3110152,중곡어린이공원,340,300,40,0,17,29,64,121,109,0,10,21,55,109,105,0,7,8,9,12,4
20234,A,골목상권,3110162,군자역 4번,618,370,248,0,127,163,133,111,84,0,98,119,77,43,33,0,29,44,56,68,51
20234,A,골목상권,3110187,제기동역 6번,3124,2222,902,15,559,867,746,552,385,7,387,605,531,394,298,8,172,262,215,158,87
20234,A,골목상권,3110195,동대문구청,221,115,106,0,41,58,47,40,35,0,12,28,23,27,25,0,29,30,24,13,10
20234,A,골목상권,3110189,제기동역 1번,1538,1086,452,1,233,490,342,167,305,0,98,349,286,136,217,1,135,141,56,31,88
20234,R,전통시장,3130098,회기시장,55,17,38,0,9,14,15,12,5,0,2,3,4,6,2,0,7,11,11,6,3
20234,A,골목상권,3110229,장평중학교,1332,862,470,0,145,164,190,318,515,0,81,103,125,211,342,0,64,61,65,107,173
20234,R,전통시장,3130104,전곡시장,93,54,39,0,8,17,28,26,14,0,5,8,16,13,12,0,3,9,12,13,2
20234,D,발달상권,3120063,청량리역(청량리),1209,528,681,3,226,225,249,252,254,2,66,88,96,117,159,1,160,137,153,135,95
20234,D,발달상권,3120064,경희대학교(경희대),97,44,53,0,14,27,21,13,22,0,9,13,10,4,8,0,5,14,11,9,14
20234,A,골목상권,3110278,망우본동주민센터,276,166,110,1,32,46,77,81,39,0,10,25,43,56,32,1,22,21,34,25,7
20234,A,골목상권,3110246,월드순복음교회,431,312,119,0,27,97,158,95,54,0,12,69,122,65,44,0,15,28,36,30,10
20234,A,골목상권,3110241,먹골역 5번,415,213,202,0,61,87,97,117,53,0,17,49,46,63,38,0,44,38,51,54,15
20234,A,골목상권,3110271,신내역 1번,97,74,23,0,8,17,25,29,18,0,5,14,18,23,14,0,3,3,7,6,4
20234,D,발달상권,3120072,성신여대,1048,537,511,18,137,211,213,271,198,11,46,86,103,152,139,7,91,125,110,119,59
20234,A,골목상권,3110305,보문역 5번,883,661,222,3,165,255,173,133,154,1,99,199,129,103,130,2,66,56,44,30,24
20234,A,골목상권,3110304,보문역 4번,248,146,102,0,40,77,61,48,22,0,10,46,35,37,18,0,30,31,26,11,4
20234,A,골목상권,3110309,대광초등학교,376,266,110,0,38,63,108,103,64,0,19,44,71,78,54,0,19,19,37,25,10
20234,A,골목상권,3110324,월곡역 4번,99,55,44,0,31,21,19,18,10,0,9,10,13,14,9,0,22,11,6,4,1
20234,A,골목상권,3110326,장위동성당,84,40,44,0,2,9,16,13,44,0,1,2,6,5,26,0,1,7,10,8,18
20234,A,골목상권,3110289,북한산보국문역 2번,144,105,39,0,9,28,49,32,26,0,6,23,30,24,22,0,3,5,19,8,4
20234,A,골목상권,3110290,북한산보국문역 1번,96,78,18,0,2,9,29,37,19,0,1,8,23,30,16,0,1,1,6,7,3
20234,R,전통시장,3130141,강북북부골목시장,36,19,17,0,12,4,11,6,3,0,3,2,6,6,2,0,9,2,5,0,1
20234,A,골목상권,3110373,수유역 2번,891,705,186,0,129,255,172,236,99,0,90,208,134,205,68,0,39,47,38,31,31
20234,A,골목상권,3110376,수송초등학교,224,142,82,0,26,47,62,60,29,0,12,29,38,41,22,0,14,18,24,19,7
20234,A,골목상권,3110375,서울북부고용노동지청,110,55,55,1,12,20,31,32,14,0,8,15,16,11,5,1,4,5,15,21,9
20234,R,전통시장,3130132,삼양골목시장(삼양시장),61,19,42,0,10,14,13,15,9,0,0,4,5,5,5,0,10,10,8,10,4
20234,D,발달상권,3120078,미아사거리역,143,89,54,0,27,28,29,30,29,0,12,16,21,18,22,0,15,12,8,12,7
20234,A,골목상권,3110377,미아사거리역 3번,21,14,7,0,2,2,2,9,6,0,2,2,1,4,5,0,0,0,1,5,1
20234,A,골목상권,3110378,송중동주민센터,23,13,10,0,1,4,6,9,3,0,1,2,2,6,2,0,0,2,4,3,1
20234,R,전통시장,3130140,숭인시장,62,27,35,0,9,13,10,15,15,0,0,4,1,9,13,0,9,9,9,6,2
20234,A,골목상권,3110368,송천초등학교,199,178,21,0,9,16,39,71,64,0,5,11,34,66,62,0,4,5,5,5,2
20234,A,골목상권,3110352,수유1동주민센터,275,112,163,0,23,49,101,79,23,0,11,22,37,29,13,0,12,27,64,50,10
20234,A,골목상권,3110349,화계역 2번,83,67,16,0,6,4,21,33,19,0,5,3,12,28,19,0,1,1,9,5,0
20234,A,골목상권,3110346,4.19민주묘지역 2번,96,48,48,0,12,13,19,19,33,0,3,7,8,7,23,0,9,6,11,12,10
20234,A,골목상권,3110345,솔밭공원역 2번,114,47,67,1,14,18,26,37,18,0,3,6,8,17,13,1,11,12,18,20,5
20234,A,골목상권,3110395,신한은행 방학동지점,163,42,121,0,17,20,44,42,40,0,0,2,11,9,20,0,17,18,33,33,20
20234,R,전통시장,3130148,방학동도깨비시장,39,16,23,0,2,6,12,12,7,0,0,1,5,8,2,0,2,5,7,4,5
20234,A,골목상권,3110386,연산군묘,124,114,10,0,4,3,10,44,63,0,1,3,7,40,63,0,3,0,3,4,0
20234,A,골목상권,3110383,덕성여대시반거리,33,21,12,0,0,3,13,10,7,0,0,2,9,5,5,0,0,1,4,5,2
20234,A,골목상권,3110399,창2동주민센터,849,516,333,8,110,207,262,192,70,8,69,157,137,97,48,0,41,50,125,95,22
20234,A,골목상권,3110404,신창초등학교,515,298,217,1,42,93,163,136,80,0,11,56,109,76,46,1,31,37,54,60,34
20234,A,골목상권,3110408,가인초등학교,355,105,250,0,66,70,100,85,34,0,12,24,32,21,16,0,54,46,68,64,18
20234,A,골목상권,3110415,수락산역 4번,635,386,249,5,82,110,155,174,109,5,46,71,85,110,69,0,36,39,70,64,40
20234,A,골목상권,3110439,당고개역 5번,96,45,51,0,4,14,12,32,34,0,0,10,6,16,13,0,4,4,6,16,21
20234,A,골목상권,3110465,연신내역 7번,240,119,121,3,38,52,57,54,36,2,12,29,25,25,26,1,26,23,32,29,10
20234,R,전통시장,3130171,불광먹자골목 골목형상점가,155,54,101,0,18,31,24,37,45,0,4,9,11,16,14,0,14,22,13,21,31
20234,R,전통시장,3130160,수일시장,7,2,5,0,0,2,1,2,2,0,0,0,0,1,1,0,0,2,1,1,1
20234,A,골목상권,3110468,응암역 3번,1202,526,676,2,142,266,324,272,196,0,45,119,142,116,104,2,97,147,182,156,92
20234,A,골목상권,3110471,응암동우체국,263,117,146,0,34,61,73,70,25,0,11,21,28,35,22,0,23,40,45,35,3
20234,A,골목상권,3110463,응암3동주민센터,123,54,69,0,7,23,36,26,31,0,3,6,14,11,20,0,4,17,22,15,11
20234,R,전통시장,3130162,증산골목시장,7,3,4,0,0,2,2,1,2,0,0,0,0,1,2,0,0,2,2,0,0
20234,D,발달상권,3120089,구파발역,5,1,4,0,0,0,1,2,2,0,0,0,0,1,0,0,0,0,1,1,2
20234,A,골목상권,3110502,남가좌파출소,290,147,143,0,29,34,73,92,62,0,14,16,35,47,35,0,15,18,38,45,27
20234,A,골목상권,3110503,명지대학교교회,230,123,107,0,27,52,59,64,28,0,9,30,26,36,22,0,18,22,33,28,6
20234,A,골목상권,3110493,북가좌초등학교,892,830,62,0,2,19,27,80,764,0,0,12,22,68,728,0,2,7,5,12,36
20234,A,골목상권,3110496,모래내우체국,611,333,278,2,88,190,160,89,82,2,20,100,117,42,52,0,68,90,43,47,30
20234,A,골목상권,3110495,북가좌2동주민센터,501,372,129,0,28,67,125,185,96,0,11,45,88,152,76,0,17,22,37,33,20
20234,A,골목상권,3110532,아현역 2번,328,204,124,0,52,33,46,78,119,0,17,13,22,57,95,0,35,20,24,21,24
20234,A,골목상권,3110518,서대문구청,129,72,57,0,22,38,30,23,16,0,6,19,22,15,10,0,16,19,8,8,6
20234,R,전통시장,3130182,영천시장,78,35,43,0,13,8,24,22,11,0,3,4,10,12,6,0,10,4,14,10,5
20234,A,골목상권,3110539,미근동,2792,1821,971,13,225,688,889,822,155,9,167,550,547,424,124,4,58,138,342,398,31
20234,A,골목상권,3110529,홍제3동주민센터,125,58,67,0,13,20,27,25,40,0,2,5,8,14,29,0,11,15,19,11,11
20234,D,발달상권,3120106,마포역,11485,7110,4375,12,1812,2735,2685,2311,1930,8,917,1662,1891,1437,1195,4,895,1073,794,874,735
20234,A,골목상권,3110547,KB국민은행 망원동지점,284,168,116,0,13,47,93,76,55,0,4,25,55,45,39,0,9,22,38,31,16
20234,A,골목상권,3110567,광흥창역 6번,91,61,30,0,16,26,27,12,10,0,8,20,13,11,9,0,8,6,14,1,1
20234,R,전통시장,3130187,영진시장,29,14,15,0,4,5,11,7,2,0,2,2,6,2,2,0,2,3,5,5,0
20234,A,골목상권,3110554,망원역 1번,1579,777,802,2,213,371,508,350,135,2,105,188,241,156,85,0,108,183,267,194,50
20234,A,골목상권,3110560,마포FM,292,140,152,0,26,64,87,77,38,0,10,26,40,36,28,0,16,38,47,41,10
20234,A,골목상권,3110543,중암중학교,38,25,13,0,6,8,14,7,3,0,3,5,8,6,3,0,3,3,6,1,0
20234,R,전통시장,3130192,동진시장,10,6,4,0,1,1,4,3,1,0,1,1,1,2,1,0,0,0,3,1,0
20234,A,골목상권,3110577,용강동주민센터,145,105,40,0,15,42,47,31,10,0,12,31,38,17,7,0,3,11,9,14,3
20234,D,발달상권,3120114,목동신시가지,13498,9371,4127,46,2070,3798,3444,2895,1245,29,1126,2619,2554,2204,839,17,944,1179,890,691,406
20234,A,골목상권,3110626,양화초등학교,652,271,381,1,127,138,149,147,90,0,37,57,76,63,38,1,90,81,73,84,52
20234,A,골목상권,3110618,강서고등학교,193,135,58,0,19,38,52,52,32,0,10,29,36,34,26,0,9,9,16,18,6
20234,R,전통시장,3130203,서서울 골목형상점가,34,7,27,0,2,7,10,12,3,0,0,0,2,4,1,0,2,7,8,8,2
20234,A,골목상권,3110612,신정역 5번,644,303,341,1,85,88,143,197,130,0,44,62,74,70,53,1,41,26,69,127,77
20234,A,골목상권,3110595,메디힐병원,731,459,272,0,80,148,163,185,155,0,34,85,86,136,118,0,46,63,77,49,37
20234,R,전통시장,3130205,신곡종합시장(신월6동 골목시장),141,103,38,1,17,36,39,32,16,0,10,27,33,18,15,1,7,9,6,14,1
20234,A,골목상권,3110598,신월문화체육센터,381,174,207,0,16,50,101,131,83,0,4,22,40,60,48,0,12,28,61,71,35
20234,D,발달상권,3120116,송정역,117,64,53,0,17,27,28,20,25,0,9,11,15,10,19,0,8,16,13,10,6
20234,A,골목상권,3110637,송정역 2번,560,358,202,4,67,121,116,154,98,0,34,74,81,100,69,4,33,47,35,54,29
20234,A,골목상권,3110677,등촌역 1번,410,321,89,1,50,80,83,91,105,1,24,51,70,76,99,0,26,29,13,15,6
20234,R,전통시장,3130220,등마루시장,491,167,324,5,44,61,71,166,144,3,16,29,38,34,47,2,28,32,33,132,97
20234,R,전통시장,3130212,공항시장,8,6,2,0,1,0,3,2,2,0,1,0,3,0,2,0,0,0,0,2,0
20234,A,골목상권,3110640,방화역 1번,1019,638,381,3,139,292,240,195,150,3,62,119,167,158,129,0,77,173,73,37,21
20234,A,골목상권,3110642,정곡초등학교,193,163,30,2,8,14,35,69,65,1,4,10,30,58,60,1,4,4,5,11,5
20234,A,골목상권,3110662,까치산역 1번,1480,885,595,4,245,501,396,234,100,4,129,301,207,171,73,0,116,200,189,63,27
20234,A,골목상권,3110646,푸른들청소년도서관,754,384,370,1,92,113,198,187,163,1,26,47,97,99,114,0,66,66,101,88,49
20234,R,전통시장,3130215,대원종합시장,9,7,2,0,0,1,0,3,5,0,0,1,0,2,4,0,0,0,0,1,1
20234,A,골목상권,3110661,강서새말어린이공원,126,48,78,0,3,13,30,38,42,0,2,8,10,9,19,0,1,5,20,29,23
20234,A,골목상권,3110664,강서구청옆,111,48,63,0,14,10,31,43,13,0,11,7,10,9,11,0,3,3,21,34,2
20234,A,골목상권,3110703,개봉역,307,192,115,4,28,54,91,77,53,3,16,30,54,49,40,1,12,24,37,28,13
20234,A,골목상권,3110714,구로4동주민센터,261,149,112,0,32,43,54,76,56,0,7,18,31,50,43,0,25,25,23,26,13
20234,A,골목상권,3110715,구로구민회관,84,59,25,0,12,13,29,23,7,0,5,10,19,19,6,0,7,3,10,4,1
20234,A,골목상권,3110687,"천왕역 3번(오류2동주민센터, 서울오류남초등학교)",21,16,5,0,2,3,5,6,5,0,1,3,4,4,4,0,1,0,1,2,1
20234,D,발달상권,3120131,가산디지털단지,81127,53423,27704,289,16342,25688,20130,11589,7089,184,8639,17233,14526,7698,5143,105,7703,8455,5604,3891,1946
20234,A,골목상권,3110724,금천구립가산도서관,364,254,110,1,42,76,120,89,36,1,33,60,90,45,25,0,9,16,30,44,11
20234,R,전통시장,3130232,독산동 맛나는거리상점가(독산동 맛나는거리),33,24,9,0,3,12,5,10,3,0,2,9,4,6,3,0,1,3,1,4,0
20234,A,골목상권,3110746,금천금빛공원(은행나무사거리서측),76,53,23,0,5,11,23,22,15,0,3,9,13,16,12,0,2,2,10,6,3
20234,D,발달상권,3120133,서울시흥동우체국(홈플러스시흥점),154,66,88,1,16,23,31,43,40,1,7,11,15,12,20,0,9,12,16,31,20
20234,A,골목상권,3110733,금천어울림복지센터,374,293,81,3,34,89,74,90,84,3,22,67,59,66,76,0,12,22,15,24,8
20234,A,골목상권,3110749,금산초등학교(금천고등학교),418,255,163,0,51,99,100,118,50,0,26,61,51,81,36,0,25,38,49,37,14
20234,A,골목상권,3110790,대림1동주민센터,741,337,404,1,74,163,282,161,60,1,46,71,89,77,53,0,28,92,193,84,7
20234,A,골목상권,3110761,문래동남성맨션,180,106,74,0,13,43,45,41,38,0,8,17,26,25,30,0,5,26,19,16,8
20234,A,골목상권,3110759,문래예술촌(문래창작촌),4221,2168,2053,9,521,838,1001,1281,571,5,266,553,595,462,287,4,255,285,406,819,284
20234,R,전통시장,3130259,대신시장,14,10,4,0,1,0,5,4,4,0,1,0,3,3,3,0,0,0,2,1,1
20234,A,골목상권,3110791,신풍역 3번,25,17,8,0,1,5,9,9,1,0,0,2,6,8,1,0,1,3,3,1,0
20234,A,골목상권,3110804,신풍역 1번,312,187,125,0,15,37,62,63,135,0,4,15,29,35,104,0,11,22,33,28,31
20234,D,발달상권,3120146,한강성심병원,5066,2882,2184,18,1252,1255,1097,821,623,8,405,669,729,584,487,10,847,586,368,237,136
20234,A,골목상권,3110806,서울시립영등포장애인복지관,76,42,34,0,18,30,13,13,2,0,5,16,9,11,1,0,13,14,4,2,1
20234,A,골목상권,3110808,신길역 1번,67,48,19,0,3,22,21,13,8,0,3,15,14,9,7,0,0,7,7,4,1
20234,R,전통시장,3130267,본동인정시장(기능상실),59,41,18,0,6,10,12,15,16,0,4,7,9,8,13,0,2,3,3,7,3
20234,R,전통시장,3130263,신노량진시장(기능상실),13,4,9,0,0,3,4,6,0,0,0,0,1,3,0,0,0,3,3,3,0
20234,R,전통시장,3130264,상도약수골목형상점가,65,35,30,1,14,8,15,20,7,0,4,3,9,12,7,1,10,5,6,8,0
20234,A,골목상권,3110818,신대방역 3번,20,9,11,0,1,3,7,7,2,0,1,3,2,1,2,0,0,0,5,6,0
20234,A,골목상권,3110860,호림박물관(성보고등학교),410,314,96,1,57,102,66,110,74,1,44,84,47,78,60,0,13,18,19,32,14
20234,A,골목상권,3110879,신림현대아파트,17,7,10,0,2,3,5,5,2,0,1,2,2,2,0,0,1,1,3,3,2
20234,A,골목상권,3110882,신성초등학교,733,444,289,1,95,131,215,168,123,0,52,67,122,109,94,1,43,64,93,59,29
20234,A,골목상권,3110868,남부초등학교,232,126,106,0,20,29,45,49,89,0,11,23,22,28,42,0,9,6,23,21,47
20234,R,전통시장,3130279,관악신사시장,2159,1727,432,0,365,671,738,355,30,0,172,530,669,333,23,0,193,141,69,22,7
20234,A,골목상권,3110872,신림초등학교,279,196,83,3,54,68,69,54,31,3,36,54,54,42,7,0,18,14,15,12,24
20234,A,골목상권,3110871,신원동주민센터,64,32,32,1,6,13,19,12,13,0,4,6,8,7,7,1,2,7,11,5,6
20234,A,골목상권,3110853,KT구로지사,217,130,87,0,21,49,65,51,31,0,9,27,44,28,22,0,12,22,21,23,9
20234,A,골목상권,3110855,신대방역 2번,429,275,154,2,53,111,126,90,47,0,22,81,83,55,34,2,31,30,43,35,13
20234,A,골목상권,3110899,낙성대역 5번(관악중학교),681,442,239,0,167,178,164,123,49,0,107,130,95,71,39,0,60,48,69,52,10
20234,D,발달상권,3120185,논현역,12723,7377,5346,29,2723,4108,3218,1875,770,10,1037,2421,2225,1194,490,19,1686,1687,993,681,280
20234,D,발달상권,3120165,서래마을카페거리(서래마을),3467,2266,1201,11,605,1119,949,516,267,3,277,716,707,369,194,8,328,403,242,147,73
20234,A,골목상권,3110908,구반포역,1517,376,1141,0,66,110,396,804,141,0,42,53,71,141,69,0,24,57,325,663,72
20234,A,골목상권,3110911,방배배수지체육공원,29,22,7,0,6,3,7,5,8,0,6,2,4,4,6,0,0,1,3,1,2
20234,D,발달상권,3120162,방배동카페골목,1253,717,536,61,207,200,219,215,351,57,126,142,110,93,189,4,81,58,109,122,162
20234,D,발달상권,3120175,남부터미널역,8254,5320,2934,32,1703,2482,1996,1297,744,6,856,1692,1362,856,548,26,847,790,634,441,196
20234,A,골목상권,3110929,남부터미널역 1번,21130,10703,10427,21,4446,4558,3912,7143,1050,4,1209,1890,1718,5123,759,17,3237,2668,2194,2020,291
20234,D,발달상권,3120192,뱅뱅사거리,27363,18865,8498,72,5748,8234,6678,4352,2279,37,3275,5587,5090,3174,1702,35,2473,2647,1588,1178,577
20234,A,골목상권,3110926,신중초등학교,1610,1175,435,6,193,359,463,382,207,3,114,263,355,292,148,3,79,96,108,90,59
20234,A,골목상권,3110925,서초중학교,874,497,377,0,104,137,244,222,167,0,38,65,146,132,116,0,66,72,98,90,51
20234,D,발달상권,3120205,매봉역,13950,9370,4580,95,2838,4203,3126,1781,1907,44,1450,2959,2521,1302,1094,51,1388,1244,605,479,813
20234,D,발달상권,3120180,양재화물트럭터미널앞,2562,2146,416,13,637,812,554,409,137,10,466,711,481,363,115,3,171,101,73,46,22
20234,D,발달상권,3120182,"양재시민의숲역(양재동꽃시장, aT센터)",6231,4311,1920,34,1059,1675,1508,1267,688,14,546,1157,1111,930,553,20,513,518,397,337,135
20234,D,발달상권,3120178,신사역,11093,6014,5079,34,2556,2878,2400,1866,1359,13,875,1596,1501,1005,1024,21,1681,1282,899,861,335
20234,A,골목상권,3110977,논현로18길,148,102,46,0,22,32,45,29,20,0,14,20,33,20,15,0,8,12,12,9,5
20234,A,골목상권,3110980,개포지구대옆,663,482,181,0,90,198,202,111,62,0,45,142,168,72,55,0,45,56,34,39,7
20234,D,발달상권,3120194,언주역(차병원),12628,8724,3904,37,2790,4202,2802,1923,874,14,1366,2863,2239,1588,654,23,1424,1339,563,335,220
20234,A,골목상권,3110966,논현2동주민센터,1634,1016,618,18,470,498,299,216,133,7,256,298,200,146,109,11,214,200,99,70,24
20234,D,발달상권,3120217,대치사거리,2779,1478,1301,11,552,771,700,452,293,10,220,379,381,264,224,1,332,392,319,188,69
20234,D,발달상권,3120215,포스코사거리,61667,40706,20961,170,9756,22506,18178,8408,2649,29,4305,14324,13853,6409,1786,141,5451,8182,4325,1999,863
20234,D,발달상권,3120218,코엑스,290,54,236,0,116,103,58,13,0,0,13,16,16,9,0,0,103,87,42,4,0
20234,A,골목상권,3110949,한남IC,1683,1193,490,5,288,565,435,305,85,2,112,398,347,261,73,3,176,167,88,44,12
20234,R,전통시장,3130306,강남언주로,235,151,84,2,48,48,63,45,29,2,27,34,47,23,18,0,21,14,16,22,11
20234,A,골목상권,3110965,언주역 6번,1139,788,351,1,174,379,378,142,65,1,104,276,284,74,49,0,70,103,94,68,16
20234,A,골목상권,3110985,청담근린공원,1338,948,390,0,193,447,374,226,98,0,98,346,275,157,72,0,95,101,99,69,26
20234,D,발달상권,3120236,장지역(가든파이브),4622,3221,1401,15,678,1056,1076,989,808,10,373,711,778,710,639,5,305,345,298,279,169
20234,A,골목상권,3111036,투구봉어린이공원,209,119,90,1,22,40,55,62,29,1,7,20,26,39,26,0,15,20,29,23,3
20234,A,골목상권,3111029,오금역 4번,427,314,113,3,71,108,91,79,75,1,51,81,67,55,59,2,20,27,24,24,16
20234,R,전통시장,3130317,마천중앙시장,107,77,30,0,15,35,24,17,16,0,11,24,12,14,16,0,4,11,12,3,0
20234,A,골목상권,3111021,방이역 4번,7683,5874,1809,22,793,1329,1979,2137,1423,15,391,912,1552,1769,1235,7,402,417,427,368,188
20234,R,전통시장,3130313,방이시장,3889,1825,2064,10,726,635,634,1135,749,8,362,409,357,377,312,2,364,226,277,758,437
20234,A,골목상권,3111030,방이역 2번,665,419,246,1,57,107,147,217,136,0,28,68,94,128,101,1,29,39,53,89,35
20234,D,발달상권,3120227,잠실역,45462,24220,21242,163,8142,11830,12761,11282,1284,51,3785,7436,7437,4549,962,112,4357,4394,5324,6733,322
20234,A,골목상권,3111085,묘곡초등학교(고덕아이파크아파트),800,452,348,0,68,111,152,196,273,0,35,72,80,84,181,0,33,39,72,112,92
20234,A,골목상권,3111068,강동성심병원,1570,605,965,0,532,392,271,203,172,0,126,134,114,101,130,0,406,258,157,102,42
20234,D,발달상권,3120245,둔촌역,1884,1135,749,7,312,460,446,371,288,6,169,309,271,195,185,1,143,151,175,176,103
20234,A,골목상권,3111086,한영중고,297,202,95,1,27,45,73,101,50,1,17,22,52,69,41,0,10,23,21,32,9
20234,A,골목상권,3111050,강동구청(강동구청역 2번),131,96,35,0,21,14,21,32,43,0,12,5,12,27,40,0,9,9,9,5,3
20234,R,전통시장,3130323,둔촌역전통시장,171,86,85,0,3,14,23,36,95,0,2,6,8,14,56,0,1,8,15,22,39
20234,A,골목상권,3111061,암사역 1번,831,551,280,0,149,186,182,170,144,0,82,128,126,125,90,0,67,58,56,45,54
20234,A,골목상권,3111056,천호태영아파트,191,53,138,0,27,35,64,36,29,0,4,5,19,15,10,0,23,30,45,21,19
20234,A,골목상권,3110002,독립문역 1번,475,121,354,1,146,140,118,44,26,1,25,25,41,14,15,0,121,115,77,30,11
20234,D,발달상권,3120017,동묘앞역(동묘),724,205,519,0,78,151,278,136,81,0,13,47,55,37,53,0,65,104,223,99,28
20234,A,골목상권,3110023,서울대병원,92,33,59,0,9,24,23,20,16,0,3,7,10,5,8,0,6,17,13,15,8
20234,D,발달상권,3120009,종로3가역,8495,4786,3709,19,1355,2296,2026,1582,1217,8,563,1230,1198,953,834,11,792,1066,828,629,383
20234,D,발달상권,3120011,종로4가,2984,1666,1318,5,420,1022,880,515,142,0,165,497,518,378,108,5,255,525,362,137,34
20234,R,전통시장,3130004,낙원시장(낙원지하시장(대일상가)),364,258,106,0,29,70,99,78,88,0,14,51,68,57,68,0,15,19,31,21,20
20234,A,골목상권,3110031,창신역 1번,72,57,15,0,11,17,12,21,11,0,8,11,11,17,10,0,3,6,1,4,1
20234,A,골목상권,3110015,청와대사랑채,578,345,233,0,64,147,166,126,75,0,16,63,110,91,65,0,48,84,56,35,10
20234,A,골목상권,3110001,이북5도청사,1048,625,423,4,130,286,237,257,134,0,48,170,160,167,80,4,82,116,77,90,54
20234,A,골목상권,3110021,성균관대학교,395,301,94,2,16,44,110,145,78,2,7,29,89,124,50,0,9,15,21,21,28
20234,A,골목상권,3110286,한성대입구역 5번,986,472,514,17,187,285,318,122,57,8,70,127,144,83,40,9,117,158,174,39,17
20234,D,발달상권,3120032,충무로역,10818,5021,5797,35,1541,2434,3139,2621,1048,15,532,1200,1480,1142,652,20,1009,1234,1659,1479,396
20234,R,전통시장,3130036,중부시장(신중부시장),3089,921,2168,8,1868,593,250,198,172,3,316,189,171,120,122,5,1552,404,79,78,50
20234,A,골목상권,3110056,신당역 3번,514,293,221,0,62,129,118,115,90,0,31,63,69,72,58,0,31,66,49,43,32
20234,D,발달상권,3120039,신당역,2348,1249,1099,31,795,488,410,342,282,11,348,245,228,226,191,20,447,243,182,116,91
20234,D,발달상권,3120030,중부경찰서(영화인의거리),11882,6796,5086,53,2154,3638,3422,1957,658,16,721,2139,2091,1366,463,37,1433,1499,1331,591,195
20234,R,전통시장,3130047,테크노상가(엘리시움),158,110,48,0,10,26,33,60,29,0,5,20,20,41,24,0,5,6,13,19,5
20234,R,전통시장,3130048,동평화시장,20,11,9,0,7,8,1,4,0,0,3,4,1,3,0,0,4,4,0,1,0
20234,A,골목상권,3110093,우사단길,2647,1632,1015,2,331,1035,757,359,163,1,106,546,562,321,96,1,225,489,195,38,67
20234,D,발달상권,3120040,용산전자상가(용산역),8008,5959,2049,43,1387,2728,2220,1237,393,30,880,2009,1728,997,315,13,507,719,492,240,78
20234,A,골목상권,3110078,이촌동점보아파트,69,29,40,0,12,15,17,13,12,0,3,8,7,5,6,0,9,7,10,8,6
20234,A,골목상권,3110071,한강미주맨션아파트,315,191,124,0,42,85,69,57,62,0,21,46,40,42,42,0,21,39,29,15,20
20234,D,발달상권,3120046,이태원(이태원역),2285,1299,986,24,818,684,339,224,196,15,389,422,205,137,131,9,429,262,134,87,65
20234,A,골목상권,3110086,이태원역 북측,9244,3609,5635,12,3187,3891,1654,428,72,3,733,1558,905,355,55,9,2454,2333,749,73,17
20234,A,골목상권,3110062,한강로동땡땡거리(은행나무길),1506,884,622,9,319,423,319,208,228,6,142,225,216,138,157,3,177,198,103,70,71
20234,A,골목상권,3110076,삼각지역 14번,537,175,362,0,46,143,158,153,37,0,11,49,61,45,9,0,35,94,97,108,28
20234,A,골목상권,3110102,옥수역 6번,175,116,59,0,22,39,48,41,25,0,11,21,31,31,22,0,11,18,17,10,3
20234,R,전통시장,3130072,성동용답상가시장,132,71,61,0,21,19,35,39,18,0,9,9,16,26,11,0,12,10,19,13,7
20234,A,골목상권,3110112,행당역 2번,207,101,106,0,37,37,38,53,42,0,14,19,16,26,26,0,23,18,22,27,16
20234,D,발달상권,3120060,강변역(테크노마트),3189,2348,841,12,402,686,870,703,516,2,209,509,686,549,393,10,193,177,184,154,123
20234,A,골목상권,3110156,군자역 5번,621,363,258,0,96,181,173,112,59,0,41,114,101,67,40,0,55,67,72,45,19
20234,A,골목상권,3110155,광진구청,8356,7701,655,0,240,853,2408,4046,809,0,172,765,2256,3748,760,0,68,88,152,298,49
20234,A,골목상권,3110151,자양한강도서관,249,175,74,4,35,52,63,66,29,3,24,37,49,41,21,1,11,15,14,25,8
20234,A,골목상권,3110146,신자초등학교,742,537,205,0,50,81,212,276,123,0,25,45,160,209,98,0,25,36,52,67,25
20234,R,전통시장,3130076,능동로골목시장,93,70,23,0,2,11,16,17,47,0,1,4,14,11,40,0,1,7,2,6,7
20234,A,골목상권,3110165,국립정신건강센터,243,175,68,0,12,32,69,76,54,0,7,23,42,59,44,0,5,9,27,17,10
20234,R,전통시장,3130079,한아름시장,40,29,11,0,5,6,6,10,13,0,4,4,5,6,10,0,1,2,1,4,3
20234,A,골목상권,3110217,자동차부품상가,506,391,115,1,34,105,144,124,98,1,25,88,116,84,77,0,9,17,28,40,21
20234,R,전통시장,3130101,답십리현대시장,8,5,3,0,0,1,3,2,2,0,0,1,1,2,1,0,0,0,2,0,1
20234,A,골목상권,3110225,촬영소사거리,330,204,126,0,22,36,68,83,121,0,9,25,42,55,73,0,13,11,26,28,48
20234,A,골목상권,3110218,답십리사거리,158,83,75,0,14,25,45,60,14,0,5,12,22,33,11,0,9,13,23,27,3
20234,A,골목상권,3110184,용두사거리,398,205,193,0,77,135,72,64,50,0,37,51,33,45,39,0,40,84,39,19,11
20234,A,골목상권,3110186,종암초등학교,114,86,28,0,9,21,16,34,34,0,3,18,10,26,29,0,6,3,6,8,5
20234,A,골목상권,3110230,장안현대홈타운1차아파트,161,101,60,0,15,32,52,45,17,0,6,22,33,28,12,0,9,10,19,17,5
20234,A,골목상권,3110228,장안근린공원,1992,1184,808,40,1381,313,92,101,65,24,788,223,60,54,35,16,593,90,32,47,30
20234,A,골목상권,3110211,전곡마을마당공원,626,445,181,1,66,101,170,194,94,0,45,73,129,143,55,1,21,28,41,51,39
20234,R,전통시장,3130099,전농로터리시장,7,3,4,0,1,0,2,3,1,0,0,0,1,1,1,0,1,0,1,2,0
20234,R,전통시장,3130091,청량종합도매시장,36,27,9,0,1,3,11,14,7,0,0,3,8,10,6,0,1,0,3,4,1
20234,A,골목상권,3110190,고대앞사거리,195,92,103,0,22,34,34,45,60,0,4,18,22,19,29,0,18,16,12,26,31
20234,A,골목상권,3110243,중랑노인종합복지관,298,114,184,1,30,49,74,104,40,0,5,21,37,31,20,1,25,28,37,73,20
20234,A,골목상권,3110256,면목2동체육관,477,321,156,2,56,66,82,140,131,1,21,35,45,109,110,1,35,31,37,31,21
20234,A,골목상권,3110258,면동초등학교,260,99,161,0,32,49,79,66,34,0,1,20,28,34,16,0,31,29,51,32,18
20234,A,골목상권,3110269,용마문화복지센터,169,98,71,0,19,53,52,28,17,0,13,32,30,19,4,0,6,21,22,9,13
20234,A,골목상권,3110261,사가정역 4번,167,90,77,1,16,29,49,50,22,1,8,15,25,26,15,0,8,14,24,24,7
20234,A,골목상권,3110263,면목역 1번,130,71,59,0,13,27,35,24,31,0,7,12,12,14,26,0,6,15,23,10,5
20234,A,골목상권,3110236,신묵초등학교,1015,836,179,0,185,302,228,255,45,0,135,246,194,228,33,0,50,56,34,27,12
20234,R,전통시장,3130113,신아타운,148,27,121,1,31,31,28,39,18,1,4,9,3,4,6,0,27,22,25,35,12
20234,A,골목상권,3110251,장안중학교,147,104,43,0,8,34,46,39,20,0,3,23,34,27,17,0,5,11,12,12,3
20234,A,골목상권,3110233,중랑역 1번,142,46,96,1,23,27,50,35,6,1,6,7,16,11,5,0,17,20,34,24,1
20234,A,골목상권,3110313,안암역 3번,2069,1344,725,2,208,552,670,474,163,0,95,310,444,355,140,2,113,242,226,119,23
20234,D,발달상권,3120073,미아사거리,353,135,218,3,40,67,95,95,53,2,16,29,45,23,20,1,24,38,50,72,33
20234,A,골목상권,3110303,성신여대입구역 1번,139,98,41,1,7,35,44,27,25,0,2,22,28,25,21,1,5,13,16,2,4
20234,A,골목상권,3110336,석관고등학교,94,84,10,0,3,17,16,37,21,0,3,15,13,34,19,0,0,2,3,3,2
20234,D,발달상권,3120074,안암역,59,28,31,1,12,16,12,8,10,0,5,9,7,2,5,1,7,7,5,6,5
20234,D,발달상권,3120075,월곡역,369,213,156,1,40,86,97,67,78,0,17,48,54,44,50,1,23,38,43,23,28
20234,A,골목상권,3110322,장위1동주민센터,319,224,95,1,33,37,59,95,94,0,25,31,44,66,58,1,8,6,15,29,36
20234,R,전통시장,3130123,꿈의숲 장곡 골목형상점가,6,5,1,0,1,0,1,4,0,0,1,0,1,3,0,0,0,0,0,1,0
20234,A,골목상권,3110292,정릉역 2번,33,14,19,0,1,5,16,6,5,0,1,3,5,3,2,0,0,2,11,3,3
20234,A,골목상권,3110282,국민대학교앞,980,789,191,13,185,388,206,75,113,12,134,349,179,57,58,1,51,39,27,18,55
20234,A,골목상권,3110320,KB국민은행 종암동지점,79,51,28,0,2,11,27,24,15,0,1,5,15,17,13,0,1,6,12,7,2
20234,A,골목상권,3110319,종암동주민센터,454,111,343,1,46,51,89,146,121,0,8,19,24,32,28,1,38,32,65,114,93
20234,A,골목상권,3110311,종암아이파크2차후문,18,9,9,0,0,2,8,3,5,0,0,1,3,1,4,0,0,1,5,2,1
20234,A,골목상권,3110365,미아역 5번,341,83,258,0,17,21,44,63,196,0,5,12,15,17,34,0,12,9,29,46,162
20234,A,골목상권,3110379,KT&G 북부지사,12,3,9,1,1,1,3,3,3,0,0,0,1,1,1,1,1,1,2,2,2
20234,R,전통시장,3130143,방천골목시장,65,36,29,0,11,7,19,24,4,0,6,5,9,13,3,0,5,2,10,11,1
20234,R,전통시장,3130137,"수유전통시장(수유시장, 수유골목시장)",86,29,57,0,5,10,18,25,28,0,0,3,8,7,11,0,5,7,10,18,17
20234,R,전통시장,3130136,수유재래시장,32,13,19,0,6,5,8,6,7,0,2,1,0,3,7,0,4,4,8,3,0
20234,R,전통시장,3130135,수유중앙골목시장(수유중앙시장),24,12,12,0,0,3,4,5,12,0,0,2,2,0,8,0,0,1,2,5,4
20234,R,전통시장,3130139,강북종합전통시장(강북종합골목시장),166,114,52,0,16,45,61,28,16,0,11,33,42,19,9,0,5,12,19,9,7
20234,A,골목상권,3110341,북한산우이역 2번,496,411,85,0,15,25,80,258,118,0,4,10,52,237,108,0,11,15,28,21,10
20234,A,골목상권,3110348,강북문화예술회관,343,174,169,0,27,59,108,96,53,0,4,31,63,43,33,0,23,28,45,53,20
20234,A,골목상권,3110397,도봉산입구,469,257,212,0,31,56,101,131,150,0,6,34,39,73,105,0,25,22,62,58,45
20234,A,골목상권,3110385,효문고등학교,37,22,15,0,3,9,12,4,9,0,2,5,3,4,8,0,1,4,9,0,1
20234,R,전통시장,3130145,쌍문역둘리상점가,244,202,42,0,39,44,77,62,22,0,28,35,65,56,18,0,11,9,12,6,4
20234,R,전통시장,3130149,창동신창시장,116,51,65,0,5,24,35,31,21,0,2,10,17,10,12,0,3,14,18,21,9
20234,A,골목상권,3110442,화랑대철도공원,76,20,56,0,1,4,14,49,8,0,0,2,4,10,4,0,1,2,10,39,4
20234,A,골목상권,3110424,상계초등학교,388,157,231,2,42,50,96,106,92,2,18,32,32,42,31,0,24,18,64,64,61
20234,A,골목상권,3110440,상계3동4동주민센터,49,16,33,0,8,6,15,10,10,0,1,1,4,2,8,0,7,5,11,8,2
20234,D,발달상권,3120080,마들역,180,46,134,0,30,45,46,36,23,0,2,7,9,13,15,0,28,38,37,23,8
20234,A,골목상권,3110421,석계역 1번,249,109,140,0,22,37,78,65,47,0,8,16,31,26,28,0,14,21,47,39,19
20234,D,발달상권,3120088,구산역,799,279,520,2,86,117,175,272,147,2,30,65,68,59,55,0,56,52,107,213,92
20234,A,골목상권,3110486,은평구청,491,279,212,0,81,100,108,134,68,0,54,70,53,61,41,0,27,30,55,73,27
20234,R,전통시장,3130169,대조시장,67,31,36,0,5,11,21,23,7,0,1,3,11,11,5,0,4,8,10,12,2
20234,A,골목상권,3110443,수색역 1번,20,12,8,0,1,2,7,6,4,0,0,2,2,4,4,0,1,0,5,2,0
20234,A,골목상권,3110455,역촌노인복지관,690,369,321,2,73,120,187,203,105,0,37,64,89,109,70,2,36,56,98,94,35
20234,A,골목상권,3110466,구산역 2번,87,46,41,0,12,17,26,24,8,0,4,5,16,15,6,0,8,12,10,9,2
20234,R,전통시장,3130163,응암오거리상점가,182,49,133,0,24,28,44,50,36,0,4,8,11,12,14,0,20,20,33,38,22
20234,A,골목상권,3110497,가좌역 3번,325,253,72,0,17,43,89,123,53,0,3,17,75,115,43,0,14,26,14,8,10
20234,R,전통시장,3130175,신촌 상인회(신촌상점가),13,5,8,0,1,3,5,4,0,0,1,0,1,3,0,0,0,3,4,1,0
20234,A,골목상권,3110508,서연중학교,947,425,522,9,139,241,158,245,155,3,62,148,74,76,62,6,77,93,84,169,93
20234,A,골목상권,3110534,경기대학교,157,88,69,0,10,29,28,42,48,0,7,20,14,19,28,0,3,9,14,23,20
20234,A,골목상권,3110525,홍은종합사회복지관,61,17,44,0,10,12,15,10,14,0,1,3,0,4,9,0,9,9,15,6,5
20234,R,전통시장,3130177,인왕시장(홍제골목형상점가),44,7,37,0,1,1,8,7,27,0,0,0,1,3,3,0,1,1,7,4,24
20234,A,골목상권,3110589,애오개역 3번,46,13,33,0,3,3,15,11,14,0,0,1,4,6,2,0,3,2,11,5,12
20234,A,골목상권,3110574,서강대학교,173,123,50,0,35,41,49,38,10,0,17,30,41,30,5,0,18,11,8,8,5
20234,D,발달상권,3120103,홍대입구역(홍대),9580,5991,3589,87,2167,2434,2066,1613,1213,61,1145,1486,1404,988,907,26,1022,948,662,625,306
20234,A,골목상권,3110566,경의선책거리,1690,934,756,2,359,547,406,290,86,1,137,328,252,157,59,1,222,219,154,133,27
20234,A,골목상권,3110624,목동문화체육센터,379,232,147,0,93,117,75,63,31,0,40,79,46,48,19,0,53,38,29,15,12
20234,R,전통시장,3130210,목2동시장,432,251,181,1,66,124,122,71,48,1,40,69,70,39,32,0,26,55,52,32,16
20234,R,전통시장,3130208,목동깨비시장(목3동시장),148,67,81,0,13,20,55,37,23,0,7,6,18,19,17,0,6,14,37,18,6
20234,R,전통시장,3130201,월정로시장,27,17,10,0,2,8,10,7,0,0,0,7,6,4,0,0,2,1,4,3,0
20234,A,골목상권,3110606,신한은행 신월동지점,544,307,237,1,49,83,152,152,107,1,26,44,84,72,80,0,23,39,68,80,27
20234,A,골목상권,3110604,신월4동주민센터,635,526,109,0,13,50,120,232,220,0,6,29,87,191,213,0,7,21,33,41,7
20234,A,골목상권,3110594,신월중학교,357,182,175,0,35,116,89,85,32,0,10,41,50,52,29,0,25,75,39,33,3
20234,A,골목상권,3110615,신서초등학교,87,63,24,0,20,21,27,13,6,0,14,18,18,8,5,0,6,3,9,5,1
20234,A,골목상권,3110627,신정롯데캐슬아파트,548,318,230,24,129,136,102,93,64,13,69,81,62,49,44,11,60,55,40,44,20
20234,R,전통시장,3130211,신정2동 골목시장(오목교중앙시장),15,10,5,0,1,1,5,7,1,0,1,1,3,4,1,0,0,0,2,3,0
20234,R,전통시장,3130214,송화벽화시장(송화골목시장),119,44,75,2,23,18,25,33,18,0,6,7,9,13,9,2,17,11,16,20,9
20234,A,골목상권,3110679,염창역 2번,574,404,170,3,89,206,152,80,44,2,49,148,111,58,36,1,40,58,41,22,8
20234,A,골목상권,3110678,염창무학아파트,285,214,71,1,34,65,92,60,33,1,17,53,72,47,24,0,17,12,20,13,9
20234,A,골목상권,3110653,화곡역 2번,917,494,423,1,191,273,240,171,41,0,79,137,119,135,24,1,112,136,121,36,17
20234,A,골목상권,3110650,우장산힐스테이트,143,116,27,0,23,30,51,20,19,0,15,25,42,17,17,0,8,5,9,3,2
20234,D,발달상권,3120126,디지털단지오거리,135,86,49,0,11,30,48,26,20,0,2,16,38,15,15,0,9,14,10,11,5
20234,A,골목상권,3110700,고척초등학교,3249,2648,601,3,209,680,974,1176,207,2,119,533,803,1021,170,1,90,147,171,155,37
20234,D,발달상권,3120124,개봉동 현대아파트,461,205,256,0,63,89,119,82,108,0,18,26,49,43,69,0,45,63,70,39,39
20234,A,골목상권,3110726,금천철쭉어린이공원(금하마을),222,172,50,0,19,25,41,62,75,0,17,16,22,45,72,0,2,9,19,17,3
20234,A,골목상권,3110727,독산역 1번 출입구,659,514,145,4,72,152,169,191,71,4,48,118,128,165,51,0,24,34,41,26,20
20234,R,전통시장,3130233,남문시장,76,47,29,0,5,8,18,22,23,0,2,3,9,12,21,0,3,5,9,10,2
20234,A,골목상권,3110739,시흥3동 우편취급국,99,77,22,0,4,22,30,27,16,0,1,16,26,21,13,0,3,6,4,6,3
20234,A,골목상권,3110750,시흥4동주민센터(서울신흥초등학교),397,221,176,4,78,83,80,104,48,4,47,62,43,33,32,0,31,21,37,71,16
20234,D,발달상권,3120142,대림역,1551,846,705,2,234,279,348,384,304,0,69,143,190,230,214,2,165,136,158,154,90
20234,A,골목상권,3110775,대동초등학교,59,28,31,0,4,13,20,14,8,0,1,6,6,9,6,0,3,7,14,5,2
20234,A,골목상권,3110772,신우어린이공원,94,55,39,0,9,15,22,26,22,0,5,8,12,19,11,0,4,7,10,7,11
20234,A,골목상권,3110785,영등포푸르지오아파트,161,84,77,2,13,17,39,44,46,2,8,12,24,14,24,0,5,5,15,30,22
20234,A,골목상권,3110792,영등포역 2번,3343,1737,1606,28,554,856,830,851,224,11,223,385,459,526,133,17,331,471,371,325,91
20234,R,전통시장,3130253,영신상가(제일상가),9,7,2,0,2,3,0,2,2,0,2,3,0,1,1,0,0,0,0,1,1
20234,A,골목상권,3110820,성남고등학교,3101,2470,631,1,651,742,555,991,161,0,438,581,448,879,124,1,213,161,107,112,37
20234,A,골목상권,3110800,영등포동성당,227,153,74,0,26,34,61,66,40,0,13,22,37,46,35,0,13,12,24,20,5
20234,A,골목상권,3110782,영등포시장역 4번,127,87,40,1,13,24,48,27,14,1,5,16,36,17,12,0,8,8,12,10,2
20234,D,발달상권,3120152,신대방삼거리역,578,278,300,1,66,127,150,148,86,1,22,63,80,70,42,0,44,64,70,78,44
20234,A,골목상권,3110843,사당5동주민센터,181,135,46,1,22,25,55,52,26,0,16,17,34,44,24,1,6,8,21,8,2
20234,A,골목상권,3110837,숭실대입구역 1번,360,184,176,1,39,72,80,79,89,0,19,29,39,32,65,1,20,43,41,47,24
20234,A,골목상권,3110833,상도역 2번,255,163,92,2,20,61,74,74,24,0,17,49,47,34,16,2,3,12,27,40,8
20234,D,발달상권,3120154,장승배기역,497,214,283,1,64,124,128,111,69,0,19,58,68,39,30,1,45,66,60,72,39
20234,D,발달상권,3120159,서울대입구역,1430,763,667,12,289,320,321,238,250,6,116,164,174,133,170,6,173,156,147,105,80
20234,R,전통시장,3130281,우림시장,1,0,1,0,0,0,1,0,0,0,0,0,0,0,0,0,0,0,1,0,0
20234,A,골목상권,3110867,국제신학대학원대학교(남서울중학교),202,117,85,0,8,34,39,53,68,0,2,15,21,32,47,0,6,19,18,21,21
20234,A,골목상권,3110875,보라매동주민센터(당곡고등학교),19,15,4,0,4,2,5,6,2,0,2,2,3,6,2,0,2,0,2,0,0
20234,A,골목상권,3110873,당곡중학교,348,167,181,0,70,79,87,76,36,0,29,39,39,37,23,0,41,40,48,39,13
20234,A,골목상권,3110885,영락고등학교,339,213,126,0,37,58,94,88,62,0,18,33,61,56,45,0,19,25,33,32,17
20234,R,전통시장,3130285,서원동상점가,615,316,299,4,28,56,85,160,282,1,17,38,45,60,155,3,11,18,40,100,127
20234,A,골목상권,3110891,구암초등학교,47,22,25,0,5,1,22,16,3,0,1,0,11,8,2,0,4,1,11,8,1
20234,R,전통시장,3130280,신림종합시장,22,17,5,0,0,1,2,7,12,0,0,0,0,5,12,0,0,1,2,2,0
20234,A,골목상권,3110864,신림우방아파트,236,161,75,0,31,48,53,60,44,0,21,31,37,43,29,0,10,17,16,17,15
20234,R,전통시장,3130295,인헌시장(원당종합시장),122,48,74,0,20,27,38,23,14,0,3,9,16,12,8,0,17,18,22,11,6
20234,A,골목상권,3110854,조원동주민센터,55,39,16,0,4,5,17,21,8,0,3,5,9,15,7,0,1,0,8,6,1
20234,A,골목상권,3110893,관악소방서(문영여고),353,303,50,0,39,110,66,113,25,0,29,96,57,99,22,0,10,14,9,14,3
20234,A,골목상권,3110890,봉천역 1번(관악초등학교),249,148,101,1,17,43,92,67,29,0,4,22,58,43,21,1,13,21,34,24,8
20234,R,전통시장,3130294,관악중부시장,102,40,62,1,5,10,22,39,25,0,2,3,7,16,12,1,3,7,15,23,13
20234,A,골목상권,3110945,본마을노인복지센터(서초구립내곡도서관),191,114,77,3,44,57,37,33,17,3,14,31,25,28,13,0,30,26,12,5,4
20234,A,골목상권,3110921,서울프랑스학교,506,312,194,7,63,70,115,134,117,2,30,43,80,86,71,5,33,27,35,48,46
20234,A,골목상권,3110913,방현초등학교(방배119안전센터),3293,2109,1184,7,571,1263,876,376,200,4,272,822,625,237,149,3,299,441,251,139,51
20234,A,골목상권,3110923,방배역 1번,210,153,57,0,34,56,55,41,24,0,21,38,42,34,18,0,13,18,13,7,6
20234,A,골목상권,3110910,내방역 5번,614,240,374,5,72,124,157,176,80,3,30,69,52,49,37,2,42,55,105,127,43
20234,A,골목상권,3110931,삼성전자서울R&D(서울우면초등학교),94,47,47,0,36,30,16,6,6,0,11,15,10,6,5,0,25,15,6,0,1
20234,A,골목상권,3110936,더케이호텔(양재리본타워2단지아파트),832,552,280,3,109,260,215,175,70,0,53,154,159,131,55,3,56,106,56,44,15
20234,A,골목상권,3110940,양재근린공원(양재2동주민센터),956,699,257,8,168,323,238,137,82,8,109,243,178,97,64,0,59,80,60,40,18
20234,D,발달상권,3120184,포이사거리(삼호물산),10139,7003,3136,20,1553,3044,2666,1705,1151,10,846,2068,2010,1212,857,10,707,976,656,493,294
20234,A,골목상권,3110981,국악고교사거리,361,216,145,2,57,77,110,81,34,0,27,36,72,56,25,2,30,41,38,25,9
20234,A,골목상권,3110950,논현역 7번,2981,1929,1052,1,829,1305,518,230,98,0,418,886,383,173,69,1,411,419,135,57,29
20234,R,전통시장,3130305,논현종합시장,85,43,42,0,21,14,14,19,17,0,7,7,6,14,9,0,14,7,8,5,8
20234,A,골목상권,3110968,강남구청역 2번,1023,596,427,7,327,204,133,121,231,4,177,117,81,68,149,3,150,87,52,53,82
20234,A,골목상권,3110957,언북중학교,1251,831,420,1,262,379,317,147,145,1,146,241,215,109,119,0,116,138,102,38,26
20234,D,발달상권,3120193,도산공원교차로,6384,3798,2586,15,1278,1918,1493,983,697,6,466,1071,1021,696,538,9,812,847,472,287,159
20234,D,발달상권,3120211,도성초등학교,984,516,468,7,180,282,189,161,165,3,68,120,112,117,96,4,112,162,77,44,69
20234,D,발달상권,3120210,선릉역,48780,26797,21983,117,11358,13636,11065,7952,4652,54,5356,8026,6479,4158,2724,63,6002,5610,4586,3794,1928
20234,D,발달상권,3120186,가로수길,6518,3580,2938,19,1316,2133,1570,895,585,5,447,1174,950,573,431,14,869,959,620,322,154
20234,D,발달상권,3120195,성수대교남단,5611,2685,2926,39,1393,2394,1102,426,257,15,487,1194,634,208,147,24,906,1200,468,218,110
20234,A,골목상권,3110972,강남세브란스병원미래의학연구센터,2628,1440,1188,17,539,669,692,581,130,4,240,428,438,258,72,13,299,241,254,323,58
20234,A,골목상권,3110997,대청초등학교,1724,959,765,4,230,291,391,383,425,2,111,162,200,210,274,2,119,129,191,173,151
20234,A,골목상권,3111046,마천역(마천초등학교),708,400,308,1,76,146,171,195,119,0,46,85,84,95,90,1,30,61,87,100,29
20234,A,골목상권,3111044,남천초등학교,557,264,293,1,95,146,167,113,35,0,35,71,76,56,26,1,60,75,91,57,9
20234,D,발달상권,3120226,석촌고분역,2344,1748,596,6,272,329,431,334,972,5,128,199,262,228,926,1,144,130,169,106,46
20234,A,골목상권,3111006,석촌고분역 1번,1112,721,391,0,127,292,337,203,153,0,56,169,242,135,119,0,71,123,95,68,34
20234,A,골목상권,3111016,송파역 2번,3803,1601,2202,15,1126,1104,801,601,156,8,407,533,427,165,61,7,719,571,374,436,95
20234,A,골목상권,3111038,보인중학교,416,270,146,0,26,66,113,123,88,0,11,38,85,88,48,0,15,28,28,35,40
20234,A,골목상권,3111035,오금공원(오주중학교),531,398,133,0,41,90,148,148,104,0,32,66,121,102,77,0,9,24,27,46,27
20234,A,골목상권,3111040,거여초등학교,346,137,209,0,26,86,124,77,33,0,9,27,48,30,23,0,17,59,76,47,10
20234,D,발달상권,3120242,강동구청역,4533,2940,1593,33,536,1064,1057,894,949,13,287,678,696,560,706,20,249,386,361,334,243
20234,A,골목상권,3111071,천동초등학교,76,52,24,0,4,15,21,25,11,0,4,6,18,16,8,0,0,9,3,9,3
20234,A,골목상권,3111073,둔촌동역 1번(한산중학교),973,578,395,1,134,224,250,206,158,1,58,122,160,124,113,0,76,102,90,82,45
20234,A,골목상권,3111080,굽은다리역 3번,434,235,199,0,44,77,100,110,103,0,12,52,63,58,50,0,32,25,37,52,53
20234,D,발달상권,3120248,명일역,859,331,528,4,114,141,223,203,174,2,41,59,84,68,77,2,73,82,139,135,97
20234,D,발달상권,3120249,고덕역,1359,916,443,3,172,305,337,317,225,1,75,198,249,221,172,2,97,107,88,96,53
20234,A,골목상권,3111055,선사초등학교,673,29,644,0,14,28,137,373,121,0,4,7,8,6,4,0,10,21,129,367,117
20234,A,골목상권,3111072,굽은다리역 1번(십자성마을),747,473,274,1,59,119,201,187,180,0,20,70,116,127,140,1,39,49,85,60,40
20234,A,골목상권,3111048,천호역 1번(천호문구완구거리),183,101,82,3,18,52,44,42,24,2,10,24,26,23,16,1,8,28,18,19,8
20234,A,골목상권,3111057,천호공원(해공체육문화센터),254,112,142,2,53,50,64,60,25,2,15,19,30,32,14,0,38,31,34,28,11
20234,A,골목상권,3111060,암사역 2번(서울강동초등학교),872,458,414,1,101,211,241,202,116,1,41,97,131,107,81,0,60,114,110,95,35
20234,R,전통시장,3130322,고분다리전통시장,7,4,3,0,0,0,2,4,1,0,0,0,1,2,1,0,0,0,1,2,0
20234,A,골목상권,3110007,사직공원(한국사회과학도서관),283,185,98,2,58,88,63,41,31,2,30,62,44,27,20,0,28,26,19,14,11
20234,D,발달상권,3120003,광화문역,43873,26821,17052,79,6380,12841,13071,8035,3467,12,2643,7543,8935,5616,2072,67,3737,5298,4136,2419,1395
20234,A,골목상권,3110035,동묘앞역 2번,276,161,115,2,18,43,75,88,50,0,5,18,42,65,31,2,13,25,33,23,19
20234,R,전통시장,3130021,신설종합시장,50,37,13,1,1,10,12,13,13,0,0,9,10,10,8,1,1,1,2,3,5
20234,D,발달상권,3120015,종로6가,302,153,149,0,49,64,69,65,55,0,17,23,27,42,44,0,32,41,42,23,11
20234,A,골목상권,3110026,종로5가역 4번,190,120,70,0,22,41,73,27,27,0,9,28,47,14,22,0,13,13,26,13,5
20234,A,골목상권,3110032,수족관거리,30,15,15,0,3,5,4,13,5,0,2,1,2,7,3,0,1,4,2,6,2
20234,A,골목상권,3110034,창신1동주민센터,41,35,6,0,2,1,14,13,11,0,2,1,10,11,11,0,0,0,4,2,0
20234,R,전통시장,3130015,창신골목시장,22,12,10,0,0,2,8,9,3,0,0,2,6,2,2,0,0,0,2,7,1
20234,A,골목상권,3110011,청운초등학교,263,188,75,0,21,105,79,43,15,0,21,95,44,16,12,0,0,10,35,27,3
20234,R,전통시장,3130032,인현시장,167,123,44,0,3,25,47,54,38,0,3,16,35,40,29,0,0,9,12,14,9
20234,D,발달상권,3120028,명동(명동거리),12590,7582,5008,41,2103,3542,3628,2206,1070,16,1009,1955,2310,1615,677,25,1094,1587,1318,591,393
20234,D,발달상권,3120033,을지로4가역,867,437,430,7,127,212,194,201,126,1,44,107,99,89,97,6,83,105,95,112,29
20234,A,골목상권,3110046,버티고개,104,74,30,0,6,23,40,28,7,0,3,17,28,20,6,0,3,6,12,8,1
20234,A,골목상권,3110041,남산케이블카,967,435,532,2,118,152,175,254,266,2,51,69,83,87,143,0,67,83,92,167,123
20234,D,발달상권,3120025,롯데백화점(시청광장 지하쇼핑센터),22643,6274,16369,229,12750,7002,1624,945,93,71,3075,2028,780,249,71,158,9675,4974,844,696,22
20234,D,발달상권,3120026,을지로입구역,30610,18501,12109,14,4275,11589,8473,5661,598,4,1729,5846,5959,4562,401,10,2546,5743,2514,1099,197
20234,R,전통시장,3130031,청계천공구상가,921,698,223,2,101,281,234,159,144,1,64,230,181,104,118,1,37,51,53,55,26
20234,A,골목상권,3110038,경향신문사,1096,759,337,0,195,395,283,181,42,0,63,266,227,165,38,0,132,129,56,16,4
20234,R,전통시장,3130327,"평화시장(남평화시장, 제일평화시장, 신평화패션타운)",169,107,62,1,8,31,43,42,44,1,1,19,30,27,29,0,7,12,13,15,15
20234,A,골목상권,3110050,약수역 7번,306,229,77,0,34,81,75,74,42,0,21,59,60,56,33,0,13,22,15,18,9
20234,R,전통시장,3130035,방산종합시장(방산시장),1190,736,454,1,96,200,284,312,297,0,56,117,154,191,218,1,40,83,130,121,79
20234,R,전통시장,3130033,대림상가(청계상가),169,121,48,0,7,29,54,39,40,0,3,19,35,30,34,0,4,10,19,9,6
20234,D,발달상권,3120036,장충동족발거리(남소영길),2289,1090,1199,14,616,783,556,223,97,0,122,393,365,155,55,14,494,390,191,68,42
20234,R,전통시장,3130034,필동 골목형상점가,14,7,7,0,2,4,5,2,1,0,1,2,2,2,0,0,1,2,3,0,1
20234,A,골목상권,3110039,회현역 1번,49,26,23,0,2,8,12,14,13,0,0,4,9,8,5,0,2,4,3,6,8
20234,A,골목상권,3110075,숙대입구역 1번,1630,736,894,9,270,506,417,289,139,5,69,188,182,181,111,4,201,318,235,108,28
20234,A,골목상권,3110083,서빙고역 1번,149,109,40,0,26,53,42,14,14,0,13,42,29,12,13,0,13,11,13,2,1
20234,A,골목상권,3110072,열정도,374,244,130,6,108,96,78,51,35,0,51,71,62,37,23,6,57,25,16,14,12
20234,A,골목상권,3110069,숙대입구,825,291,534,3,200,296,163,87,76,3,34,92,77,40,45,0,166,204,86,47,31
20234,A,골목상권,3110590,만리재,97,50,47,0,19,23,23,25,7,0,6,12,11,16,5,0,13,11,12,9,2
20234,A,골목상권,3110099,유엔빌리지길,12646,10311,2335,33,1746,2596,3298,4558,415,25,904,1899,2859,4264,360,8,842,697,439,294,55
20234,A,골목상권,3110098,서울독일학교,242,91,151,0,57,85,68,23,9,0,15,22,34,15,5,0,42,63,34,8,4
20234,A,골목상권,3110107,금호사거리,37,30,7,0,4,8,4,11,10,0,3,5,4,9,9,0,1,3,0,2,1
20234,A,골목상권,3110119,마장지하차도,127,89,38,0,17,26,32,26,26,0,12,22,19,18,18,0,5,4,13,8,8
20234,R,전통시장,3130068,마장축산물시장,975,630,345,1,102,202,250,248,172,1,68,127,155,165,114,0,34,75,95,83,58
20234,A,골목상권,3110124,뚝섬역교차로,1253,1006,247,7,170,155,222,312,387,6,94,111,169,268,358,1,76,44,53,44,29
20234,A,골목상권,3110134,성수119안전센터,771,587,184,4,65,108,185,252,157,4,38,78,143,200,124,0,27,30,42,52,33
20234,R,전통시장,3130071,성수역 골목형상점가,335,180,155,1,61,89,70,43,71,0,27,43,43,29,38,1,34,46,27,14,33
20234,A,골목상권,3110100,옥수동우편취급국,37,26,11,0,5,17,8,5,2,0,0,14,6,4,2,0,5,3,2,1,0
20234,R,전통시장,3130066,행당시장상점가,360,178,182,0,42,76,102,95,45,0,17,37,53,44,27,0,25,39,49,51,18
20234,A,골목상권,3110170,동대부여고,223,128,95,1,37,51,67,45,22,0,17,21,42,32,16,1,20,30,25,13,6
20234,A,골목상권,3110177,동의초등학교,112,81,31,0,6,25,28,32,21,0,3,14,19,26,19,0,3,11,9,6,2
20234,A,골목상권,3110173,구남초등학교,195,106,89,0,34,50,46,44,21,0,16,28,21,25,16,0,18,22,25,19,5
20234,A,골목상권,3110163,성자초등학교,284,143,141,0,39,46,67,77,55,0,14,27,32,31,39,0,25,19,35,46,16
20234,D,발달상권,3120053,건대입구역(건대),892,505,387,5,148,146,178,204,211,2,41,65,97,137,163,3,107,81,81,67,48
20234,A,골목상권,3110168,대원고등학교,524,374,150,0,64,95,121,160,84,0,36,69,87,110,72,0,28,26,34,50,12
20234,A,골목상권,3110227,답십리공원,229,93,136,0,16,30,77,84,22,0,13,16,27,23,14,0,3,14,50,61,8
20234,A,골목상권,3110188,용두동신동아아파트,807,607,200,8,104,178,229,191,97,2,68,150,181,132,74,6,36,28,48,59,23
20234,A,골목상권,3110196,홍릉근린공원,23,12,11,0,1,6,8,5,3,0,1,4,3,2,2,0,0,2,5,3,1
20234,A,골목상권,3110197,세종대왕기념관교차로,67,46,21,0,8,19,26,9,5,0,4,15,19,7,1,0,4,4,7,2,4
20234,A,골목상권,3110200,동대문경찰서,74,50,24,0,1,6,21,13,33,0,0,1,11,6,32,0,1,5,10,7,1
20234,A,골목상권,3110208,시조사삼거리,75,56,19,0,2,14,7,17,35,0,1,7,2,11,35,0,1,7,5,6,0
20234,A,골목상권,3110268,망우3동주민센터,60,30,30,0,10,13,10,18,9,0,1,5,7,10,7,0,9,8,3,8,2
20234,A,골목상권,3110237,메가박스 상봉,274,152,122,0,30,67,97,54,26,0,13,37,48,36,18,0,17,30,49,18,8
20234,D,발달상권,3120068,사가정역,145,45,100,3,38,31,25,22,26,0,1,5,12,12,15,3,37,26,13,10,11
20234,A,골목상권,3110248,먹골파출소,85,47,38,1,19,23,20,12,10,0,7,14,12,4,10,1,12,9,8,8,0
20234,R,전통시장,3130105,장미제일시장(중화동제일시장),63,27,36,0,8,14,22,11,8,0,3,6,14,3,1,0,5,8,8,8,7
20234,A,골목상권,3110245,KB국민은행 중화동지점,156,81,75,0,8,36,52,40,20,0,5,16,26,19,15,0,3,20,26,21,5
20234,R,전통시장,3130121,길음시장,88,19,69,0,36,24,10,8,10,0,2,5,3,2,7,0,34,19,7,6,3
20234,A,골목상권,3110310,길음역 10번,45,14,31,0,12,8,5,15,5,0,4,1,2,4,3,0,8,7,3,11,2
20234,A,골목상권,3110291,한성대입구역 3번,342,172,170,2,27,49,94,91,79,0,14,24,49,51,34,2,13,25,45,40,45
20234,R,전통시장,3130128,돌곶이시장(석관황금시장),191,157,34,0,30,36,41,72,12,0,28,26,29,62,12,0,2,10,12,10,0
20234,A,골목상권,3110330,돌곶이역 1번,220,172,48,0,12,18,33,31,126,0,4,12,20,23,113,0,8,6,13,8,13
20234,A,골목상권,3110287,정릉3동주민센터,70,50,20,0,9,12,18,19,12,0,5,8,15,12,10,0,4,4,3,7,2
20234,R,전통시장,3130117,정릉시장,121,63,58,0,4,15,34,43,25,0,2,8,20,19,14,0,2,7,14,24,11
20234,A,골목상권,3110317,종암중학교,411,206,205,0,33,120,153,85,20,0,14,47,78,58,9,0,19,73,75,27,11
20234,A,골목상권,3110364,미아역 8번,146,75,71,0,9,26,51,39,21,0,3,9,25,23,15,0,6,17,26,16,6
20234,A,골목상권,3110347,구세군강북종합사회복지관,38,17,21,0,10,7,5,9,7,0,1,5,1,5,5,0,9,2,4,4,2
20234,A,골목상권,3110374,송중초등학교,491,272,219,5,33,60,145,140,108,5,9,29,73,70,86,0,24,31,72,70,22
20234,A,골목상권,3110361,삼양사거리역 1번,101,29,72,0,9,12,19,28,33,0,2,4,3,7,13,0,7,8,16,21,20
20234,R,전통시장,3130138,수유프라자,142,24,118,1,31,24,16,42,28,0,1,4,5,4,10,1,30,20,11,38,18
20234,A,골목상권,3110353,수유동우체국,187,91,96,0,4,18,48,60,57,0,1,12,33,27,18,0,3,6,15,33,39
20234,A,골목상권,3110359,수유시장옆,126,72,54,0,12,26,34,40,14,0,3,12,17,32,8,0,9,14,17,8,6
20234,A,골목상권,3110367,강북구청,1943,976,967,5,195,512,483,522,226,4,64,205,237,340,126,1,131,307,246,182,100
20234,A,골목상권,3110366,광산사거리,91,64,27,0,17,20,17,22,15,0,13,13,11,16,11,0,4,7,6,6,4
20234,A,골목상권,3110407,도봉역 2번,560,337,223,1,32,75,115,203,134,1,8,40,57,126,105,0,24,35,58,77,29
20234,A,골목상권,3110406,도봉산역 1번,634,573,61,0,10,29,139,292,164,0,3,17,126,276,151,0,7,12,13,16,13
20234,A,골목상권,3110402,도봉구 정병원,471,221,250,1,85,98,98,106,83,0,24,38,54,59,46,1,61,60,44,47,37
20234,A,골목상권,3110394,방학중학교,214,133,81,0,19,35,50,54,56,0,12,20,26,35,40,0,7,15,24,19,16
20234,A,골목상권,3110391,샘말어린이공원,219,118,101,0,22,44,64,45,44,0,12,26,37,23,20,0,10,18,27,22,24
20234,A,골목상권,3110435,서울과학기술대,73,40,33,0,5,12,18,25,13,0,3,4,8,14,11,0,2,8,10,11,2
20234,A,골목상권,3110426,상계2동주민센터,337,169,168,0,32,57,83,96,69,0,15,30,39,45,40,0,17,27,44,51,29
20234,A,골목상권,3110427,노원 을지대학교병원,363,281,82,0,27,27,62,126,121,0,12,14,31,109,115,0,15,13,31,17,6
20234,A,골목상권,3110432,대진고등학교,894,734,160,0,55,146,248,343,102,0,27,96,214,311,86,0,28,50,34,32,16
20234,D,발달상권,3120090,연신내역,796,297,499,5,187,160,183,154,107,1,65,66,64,53,48,4,122,94,119,101,59
20234,R,전통시장,3130167,연신내상점가(연빛거리),632,234,398,1,143,140,156,118,74,1,30,48,57,51,47,0,113,92,99,67,27
20234,A,골목상권,3110464,연신내역 5번,301,170,131,4,32,53,93,85,34,4,18,28,44,49,27,0,14,25,49,36,7
20234,A,골목상권,3110479,연신내역 2번,318,181,137,1,50,84,68,69,46,0,28,71,35,32,15,1,22,13,33,37,31
20234,A,골목상권,3110490,녹번동근린공원,311,170,141,0,30,65,86,76,54,0,11,31,48,45,35,0,19,34,38,31,19
20234,A,골목상권,3110489,불광역 3번,35,25,10,0,3,7,10,10,5,0,3,4,7,6,5,0,0,3,3,4,0
20234,D,발달상권,3120092,불광역,274,147,127,0,33,51,83,52,55,0,12,29,44,21,41,0,21,22,39,31,14
20234,A,골목상권,3110485,연신내우체국,1259,678,581,0,7,24,35,160,1033,0,4,5,15,70,584,0,3,19,20,90,449
20234,A,골목상권,3110474,세명컴퓨터고등학교,119,55,64,0,7,33,28,23,28,0,2,14,11,8,20,0,5,19,17,15,8
20234,A,골목상권,3110459,응암역 2번,547,198,349,1,50,105,159,154,78,0,9,38,77,41,33,1,41,67,82,113,45
20234,A,골목상권,3110475,백련산해모로아파트,245,127,118,1,23,44,76,70,31,1,10,24,44,29,19,0,13,20,32,41,12
20234,R,전통시장,3130166,응암시장(신응암시장),17,10,7,0,0,3,2,5,7,0,0,0,1,3,6,0,0,3,1,2,1
20234,R,전통시장,3130172,모래내시장(서중시장),19,8,11,0,1,4,5,6,3,0,0,1,2,4,1,0,1,3,3,2,2
20234,A,골목상권,3110500,남가좌동현대아파트,74,54,20,0,12,13,23,22,4,0,8,9,17,17,3,0,4,4,6,5,1
20234,R,전통시장,3130173,백련시장,5,3,2,0,0,1,0,2,2,0,0,1,0,0,2,0,0,0,0,2,0
20234,A,골목상권,3110530,아현역 1번,36,20,16,0,5,5,7,15,4,0,2,5,4,6,3,0,3,0,3,9,1
20234,R,전통시장,3130181,아현가구거리상점가,59,30,29,0,8,11,13,10,17,0,0,7,9,4,10,0,8,4,4,6,7
20234,R,전통시장,3130178,이대 앞 스타트업 상점가,30,6,24,0,5,5,8,6,6,0,1,0,3,0,2,0,4,5,5,6,4
20234,A,골목상권,3110526,봉원사,211,111,100,1,17,38,50,49,56,1,7,21,24,26,32,0,10,17,26,23,24
20234,A,골목상권,3110501,연희어린이공원,214,82,132,0,12,33,40,75,54,0,3,20,15,18,26,0,9,13,25,57,28
20234,A,골목상권,3110516,정원여중,227,101,126,0,35,40,62,65,25,0,17,18,27,23,16,0,18,22,35,42,9
20234,A,골목상권,3110527,홍제역 2번,185,89,96,1,36,40,36,40,32,1,11,26,15,21,15,0,25,14,21,19,17
20234,A,골목상권,3110586,서울서부지방법원,1855,953,902,2,423,499,464,293,174,1,233,283,196,130,110,1,190,216,268,163,64
20234,R,전통시장,3130185,망원월드컵시장,190,123,67,1,26,69,53,25,16,1,14,43,35,16,14,0,12,26,18,9,2
20234,A,골목상권,3110561,상수역 4번,395,247,148,4,59,102,94,89,47,2,21,56,64,68,36,2,38,46,30,21,11
20234,A,골목상권,3110563,상수역 3번,309,246,63,11,75,122,61,17,23,9,60,95,50,13,19,2,15,27,11,4,4
20234,R,전통시장,3130190,홍대소상공인상점가,150,77,73,1,55,35,30,18,11,0,18,22,18,10,9,1,37,13,12,8,2
20234,D,발달상권,3120102,서교동(홍대),7276,3402,3874,18,1521,2551,1814,899,473,11,496,1065,913,566,351,7,1025,1486,901,333,122
20234,A,골목상권,3110564,홍대입구역 3번,471,211,260,0,54,125,161,78,53,0,19,47,103,22,20,0,35,78,58,56,33
20234,A,골목상권,3110545,마포구청역 1번,789,460,329,1,64,151,210,235,128,1,24,92,106,146,91,0,40,59,104,89,37
20234,A,골목상권,3110549,새터산,357,165,192,1,57,79,100,64,56,1,24,39,47,22,32,0,33,40,53,42,24
20234,A,골목상권,3110571,신수동주민센터,635,358,277,5,109,159,187,126,49,5,57,88,98,74,36,0,52,71,89,52,13
20234,A,골목상권,3110619,목4동주민센터,311,203,108,1,51,87,89,64,19,1,16,52,58,57,19,0,35,35,31,7,0
20234,R,전통시장,3130202,신영시장,40,13,27,0,3,4,13,16,4,0,2,0,3,6,2,0,1,4,10,10,2
20234,A,골목상권,3110607,금빛새마을금고본점,47,29,18,0,1,10,11,14,11,0,1,4,5,10,9,0,0,6,6,4,2
20234,A,골목상권,3110600,신월7동주민센터,350,263,87,0,32,30,66,101,121,0,17,14,38,79,115,0,15,16,28,22,6
20234,R,전통시장,3130200,"신월7동 골목시장(약수시장, 우성상가)",27,18,9,0,0,3,9,6,9,0,0,0,7,4,7,0,0,3,2,2,2
20234,A,골목상권,3110625,신정2동주민센터,726,454,272,2,98,196,215,155,60,0,51,124,146,94,39,2,47,72,69,61,21
20234,D,발달상권,3120119,발산역(마곡),1427,686,741,2,184,339,416,350,136,1,54,148,211,174,98,1,130,191,205,176,38
20234,A,골목상권,3110648,양천향교역 7번,13,5,8,0,1,7,1,3,1,0,0,3,1,1,0,0,1,4,0,2,1
20234,A,골목상권,3110643,강서구다솔마을,653,413,240,1,97,165,199,139,52,0,47,101,136,93,36,1,50,64,63,46,16
20234,D,발달상권,3120117,강서농산물도매시장,451,280,171,0,12,62,127,153,97,0,9,48,78,89,56,0,3,14,49,64,41
20234,R,전통시장,3130213,방신전통시장,112,77,35,0,13,20,25,29,25,0,10,18,14,14,21,0,3,2,11,15,4
20234,A,골목상권,3110632,방화역 3번,1075,887,188,2,42,127,400,334,170,1,21,90,353,281,141,1,21,37,47,53,29
20234,A,골목상권,3110655,발산역 5번,589,356,233,0,97,156,148,113,75,0,29,94,98,77,58,0,68,62,50,36,17
20234,A,골목상권,3110665,곰달래도서관,469,285,184,0,36,92,123,138,80,0,25,60,79,74,47,0,11,32,44,64,33
20234,A,골목상권,3110692,큰굴다리,233,148,85,0,12,52,54,66,49,0,7,19,35,49,38,0,5,33,19,17,11
20234,A,골목상권,3110691,개봉중학교,395,205,190,0,37,65,119,115,59,0,20,38,49,52,46,0,17,27,70,63,13
20234,A,골목상권,3110696,오류동역 1번,2424,1658,766,32,831,942,326,216,77,16,483,735,235,131,58,16,348,207,91,85,19
20234,R,전통시장,3130227,고척골목시장상점가(그라운드 고척),33,14,19,0,4,6,10,8,5,0,0,1,5,5,3,0,4,5,5,3,2
20234,R,전통시장,3130224,개봉프라자(고척근린시장),5,4,1,0,0,0,1,2,2,0,0,0,1,1,2,0,0,0,0,1,0
20234,D,발달상권,3120125,구로역,9531,6476,3055,29,1115,2177,2439,2305,1466,14,646,1505,1615,1580,1116,15,469,672,824,725,350
20234,A,골목상권,3110718,한국SGI본부,1614,1061,553,3,308,462,397,336,108,3,167,313,292,220,66,0,141,149,105,116,42
20234,D,발달상권,3120123,오류동역,2120,1645,475,1,313,413,505,594,294,0,276,331,389,425,224,1,37,82,116,169,70
20234,A,골목상권,3110735,말미고개,520,330,190,0,64,115,140,140,61,0,31,79,94,79,47,0,33,36,46,61,14
20234,A,골목상권,3110752,한울중학교,269,117,152,2,25,46,81,79,36,2,13,16,34,33,19,0,12,30,47,46,17
20234,R,전통시장,3130234,푸른터시장(기능상실),7,3,4,0,1,1,0,3,2,0,0,1,0,1,1,0,1,0,0,2,1
20234,A,골목상권,3110742,KT금천빌딩(금천구시설관리공단),426,237,189,0,42,83,106,125,70,0,21,57,71,54,34,0,21,26,35,71,36
20234,A,골목상권,3110748,백산초등학교,102,64,38,0,6,19,21,26,30,0,2,9,11,22,20,0,4,10,10,4,10
20234,A,골목상권,3110731,금천구청역 1번 출입구,1044,564,480,7,306,385,206,96,44,2,149,230,102,55,26,5,157,155,104,41,18
20234,A,골목상권,3110747,석수역 1번 출입구,813,612,201,0,46,81,166,224,296,0,27,52,102,165,266,0,19,29,64,59,30
20234,A,골목상권,3110753,시흥동 은행나무사거리,617,387,230,0,69,100,149,166,133,0,28,68,90,96,105,0,41,32,59,70,28
20234,A,골목상권,3110764,문래역 3번,541,223,318,0,93,127,159,102,60,0,27,39,54,54,49,0,66,88,105,48,11
20234,A,골목상권,3110770,영등포구청역 6번,263,191,72,1,45,49,77,45,46,1,24,41,54,28,43,0,21,8,23,17,3
20234,A,골목상권,3110774,당산반도유보라팰리스아파트,472,355,117,0,59,119,131,96,67,0,34,81,109,80,51,0,25,38,22,16,16
20234,A,골목상권,3110789,대림성모병원,491,182,309,0,104,137,115,93,42,0,16,44,49,43,30,0,88,93,66,50,12
20234,A,골목상권,3110771,대림역 11번,955,604,351,0,22,38,128,210,557,0,21,30,73,131,349,0,1,8,55,79,208
20234,A,골목상권,3110766,대림역 5번,360,205,155,0,30,82,85,99,64,0,15,54,42,56,38,0,15,28,43,43,26
20234,A,골목상권,3110816,대방역 6번,517,401,116,1,72,136,153,67,88,1,49,108,114,49,80,0,23,28,39,18,8
20234,D,발달상권,3120135,양평역,5072,3013,2059,32,1300,1280,1187,776,497,11,626,825,676,441,434,21,674,455,511,335,63
20234,A,골목상권,3110783,영등포시장역 1번,292,154,138,1,26,37,35,67,126,1,19,27,16,33,58,0,7,10,19,34,68
20234,D,발달상권,3120144,영중로,2017,1073,944,1,254,395,508,598,261,1,142,276,289,230,135,0,112,119,219,368,126
20234,A,골목상권,3110821,보라매역 2번,599,356,243,0,73,109,142,137,138,0,34,65,80,89,88,0,39,44,62,48,50
20234,D,발달상권,3120156,"총신대입구역(이수, 총신대)",3366,1461,1905,14,640,802,748,644,518,7,213,337,380,258,266,7,427,465,368,386,252
20234,A,골목상권,3110839,숭실대입구역 4번,187,67,120,0,10,51,57,46,23,0,2,14,22,11,18,0,8,37,35,35,5
20234,A,골목상권,3110819,신대방역 4번,456,226,230,0,62,93,114,73,114,0,14,33,50,48,81,0,48,60,64,25,33
20234,A,골목상권,3110900,낙성대역 1번(관악구민 종합체육센터),444,246,198,1,94,123,115,88,23,1,48,64,62,53,18,0,46,59,53,35,5
20234,R,전통시장,3130284,관악종합시장(신원시장),17,10,7,0,0,1,3,10,3,0,0,1,1,6,2,0,0,0,2,4,1
20234,A,골목상권,3110888,청룡동주민센터,94,53,41,0,5,9,11,22,47,0,3,2,4,6,38,0,2,7,7,16,9
20234,R,전통시장,3130290,영림시장,417,183,234,0,74,101,107,92,43,0,14,49,43,44,33,0,60,52,64,48,10
20234,A,골목상권,3110897,서울대입구역 8번,219,139,80,0,16,45,69,64,25,0,7,24,40,44,24,0,9,21,29,20,1
20234,A,골목상권,3110948,헌인가구단지,57,27,30,0,5,24,14,11,3,0,4,12,6,2,3,0,1,12,8,9,0
20234,A,골목상권,3110924,반포4동주민센터(몽마르뜨공원),1071,732,339,5,171,236,323,252,84,1,78,150,243,200,60,4,93,86,80,52,24
20234,A,골목상권,3110916,내방역 4번,1152,592,560,9,216,272,301,208,146,6,58,167,187,91,83,3,158,105,114,117,63
20234,D,발달상권,3120164,내방역,8579,5975,2604,56,1923,2822,1862,1129,787,48,1160,1998,1383,799,587,8,763,824,479,330,200
20234,A,골목상권,3110915,서래초등학교,3011,2335,676,14,441,940,1066,421,129,11,286,683,868,373,114,3,155,257,198,48,15
20234,D,발달상권,3120189,강남역,72613,38819,33794,234,17636,24305,18411,9151,2876,59,6629,13226,10962,5914,2029,175,11007,11079,7449,3237,847
20234,D,발달상권,3120169,서초역,15771,7185,8586,70,3824,4195,3945,2657,1080,30,1313,1990,1801,1235,816,40,2511,2205,2144,1422,264
20234,A,골목상권,3110937,방아다리근린공원(횃불트리니티신학대학원대학교),2465,1270,1195,7,634,861,542,318,103,6,246,507,335,113,63,1,388,354,207,205,40
20234,A,골목상권,3110946,청계산원터골,41,21,20,0,2,4,8,13,14,0,2,2,6,3,8,0,0,2,2,10,6
20234,A,골목상권,3110942,염곡동 구룡사(포이동성당),3242,1952,1290,7,578,932,791,613,321,3,328,587,461,351,222,4,250,345,330,262,99
20234,A,골목상권,3110978,도곡2동주민센터(대치중학교),331,186,145,0,46,70,72,114,29,0,20,41,47,62,16,0,26,29,25,52,13
20234,D,발달상권,3120213,삼성중앙역,8521,5150,3371,50,1869,2485,1911,1070,1136,12,830,1515,1305,716,772,38,1039,970,606,354,364
20234,U,관광특구,3001496,강남 마이스 관광특구,15904,8904,7000,59,3513,6185,4248,1596,303,25,1160,3361,2887,1246,225,34,2353,2824,1361,350,78
20234,A,골목상권,3110991,삼성중앙역 5번,1246,794,452,1,111,415,339,275,105,1,28,243,229,216,77,0,83,172,110,59,28
20234,D,발달상권,3120221,봉은사역,17557,12129,5428,22,3154,5248,3562,2734,2837,8,2167,4087,2812,1669,1386,14,987,1161,750,1065,1451
20234,A,골목상권,3110995,봉은사역 4번,5085,3711,1374,9,978,2002,1271,637,188,2,575,1477,990,523,144,7,403,525,281,114,44
20234,D,발달상권,3120216,경기고교사거리(경기고교앞사거리),4934,3621,1313,8,712,1628,1666,772,148,5,291,1070,1431,703,121,3,421,558,235,69,27
20234,A,골목상권,3110998,은곡마을(은곡마을공원),17,11,6,0,2,6,4,3,2,0,0,4,3,3,1,0,2,2,1,0,1
20234,D,발달상권,3120202,압구정로데오역(압구정로데오),11735,6075,5660,41,2963,4419,2469,1425,418,11,793,2184,1593,1195,299,30,2170,2235,876,230,119
20234,A,골목상권,3110954,국기원,636,445,191,0,89,142,187,94,124,0,35,97,161,74,78,0,54,45,26,20,46
20234,A,골목상권,3110987,영동대교남단,410,201,209,1,80,64,74,101,90,1,40,36,31,40,53,0,40,28,43,61,37
20234,D,발달상권,3120237,경찰병원역,9922,5579,4343,59,1236,1684,1762,1665,3516,25,543,1068,1140,766,2037,34,693,616,622,899,1479
20234,A,골목상권,3111027,문정초등학교,1393,771,622,3,146,285,323,246,390,1,67,159,209,125,210,2,79,126,114,121,180
20234,D,발달상권,3120232,송파나루역,1056,714,342,0,185,302,235,171,163,0,80,192,163,131,148,0,105,110,72,40,15
20234,D,발달상권,3120228,석촌역(석촌호수),4494,2725,1769,7,707,1306,1038,695,741,1,288,851,680,410,495,6,419,455,358,285,246
20234,A,골목상권,3111010,석촌역 7번,1512,1031,481,3,181,309,376,339,304,1,98,190,261,234,247,2,83,119,115,105,57
20234,A,골목상권,3111039,벌말어린이공원,485,353,132,8,85,125,121,94,52,8,51,89,88,72,45,0,34,36,33,22,7
20234,D,발달상권,3120225,잠실새내역(신천),5597,3589,2008,25,909,1191,1223,1162,1087,3,464,712,794,811,805,22,445,479,429,351,282
20234,A,골목상권,3110531,홍지문,141,61,80,0,16,26,24,56,19,0,13,19,13,9,7,0,3,7,11,47,12
20234,A,골목상권,3110037,신설동역 12번,208,124,84,0,16,46,51,61,34,0,6,20,32,41,25,0,10,26,19,20,9
20234,A,골목상권,3110028,이화달팽이길,704,279,425,1,177,179,137,123,87,0,56,60,56,65,42,1,121,119,81,58,45
20234,R,전통시장,3130007,광장시장(광장전통시장),466,310,156,0,39,77,97,129,124,0,22,41,73,77,97,0,17,36,24,52,27
20234,D,발달상권,3120004,종로구청,12937,7078,5859,9,1442,4392,4485,2080,529,4,432,2050,2756,1493,343,5,1010,2342,1729,587,186
20234,R,전통시장,3130019,동대문상가D동,29,22,7,0,6,6,5,4,8,0,4,3,4,4,7,0,2,3,1,0,1
20234,A,골목상권,3110014,경복고등학교,194,82,112,0,28,54,40,44,28,0,4,14,21,24,19,0,24,40,19,20,9
20234,A,골목상권,3110016,평창동동측,2303,1051,1252,9,318,614,663,433,266,4,126,304,354,163,100,5,192,310,309,270,166
20234,A,골목상권,3110024,혜회동주민센터,928,263,665,0,135,264,294,184,51,0,17,64,90,55,37,0,118,200,204,129,14
20234,A,골목상권,3110049,장충단 고개,2303,1240,1063,4,566,582,448,431,272,2,174,314,281,257,212,2,392,268,167,174,60
20234,A,골목상권,3110052,장충초등학교,484,281,203,0,43,100,132,130,79,0,16,63,75,82,45,0,27,37,57,48,34
20234,R,전통시장,3130053,백학시장,160,69,91,0,22,24,46,37,31,0,8,8,20,15,18,0,14,16,26,22,13
20234,D,발달상권,3120027,명동역(명동재미로),18097,8477,9620,67,2695,5851,6070,3074,340,9,859,2588,2522,2321,178,58,1836,3263,3548,753,162
20234,A,골목상권,3110053,청구역 1번,281,166,115,0,52,69,69,54,37,0,23,45,43,27,28,0,29,24,26,27,9
20234,A,골목상권,3110042,남산골공원옆,683,424,259,3,91,156,195,166,72,0,37,89,131,121,46,3,54,67,64,45,26
20234,A,골목상권,3110040,중구회현체육센터(정화예술대남산캠퍼스),165,78,87,0,33,30,40,37,25,0,14,15,17,13,19,0,19,15,23,24,6
20234,D,발달상권,3120024,회현역,2167,1364,803,2,341,795,582,250,197,1,146,473,416,192,136,1,195,322,166,58,61
20234,A,골목상권,3110092,NH농협은행 보광동지점,468,168,300,0,90,111,103,94,70,0,11,47,34,33,43,0,79,64,69,61,27
20234,A,골목상권,3110065,남정초등학교,137,92,45,0,17,45,48,17,10,0,9,37,31,10,5,0,8,8,17,7,5
20234,A,골목상권,3110058,성심여자고등학교,1189,857,332,10,168,333,362,206,110,3,77,243,278,166,90,7,91,90,84,40,20
20242,U,관광특구,3001491,이태원 관광특구,5839,3064,2775,28,1377,2065,1290,768,311,18,514,986,777,541,228,10,863,1079,513,227,83
20234,R,전통시장,3130061,이태원시장,32,20,12,0,18,3,4,6,1,0,12,1,3,3,1,0,6,2,1,3,0
20234,A,골목상권,3110067,배문고등학교,1547,895,652,1,215,370,383,320,258,0,84,173,199,225,214,1,131,197,184,95,44
20234,A,골목상권,3110070,용산세무서,184,130,54,0,21,54,55,24,30,0,8,37,41,18,26,0,13,17,14,6,4
20234,D,발달상권,3120044,삼각지역,1905,1415,490,5,357,534,461,374,174,5,220,403,384,278,125,0,137,131,77,96,49
20234,A,골목상권,3110061,효창동주민센터,478,306,172,1,61,91,154,113,58,1,38,53,100,67,47,0,23,38,54,46,11
20234,R,전통시장,3130063,신금호역 골목형상점가,30,21,9,0,2,4,5,9,10,0,1,3,4,7,6,0,1,1,1,2,4
20234,A,골목상권,3110123,마장역 3번,511,382,129,0,42,56,91,185,137,0,21,36,63,141,121,0,21,20,28,44,16
20234,A,골목상권,3110127,성수1가1동주민센터,290,157,133,0,31,55,56,100,48,0,11,40,31,47,28,0,20,15,25,53,20
20234,D,발달상권,3120051,뚝섬역,3944,2582,1362,20,703,946,867,651,757,15,446,646,549,445,481,5,257,300,318,206,276
20234,A,골목상권,3110126,서울숲역 1번,27,18,9,0,0,7,2,12,6,0,0,6,0,7,5,0,0,1,2,5,1
20234,R,전통시장,3130065,무학봉상점가,181,71,110,0,29,39,47,42,24,0,4,11,15,23,18,0,25,28,32,19,6
20234,R,전통시장,3130067,왕십리도선동상점가,1670,335,1335,3,166,202,291,591,417,1,78,98,69,49,40,2,88,104,222,542,377
20234,A,골목상권,3110115,상왕십리역 3번,945,362,583,10,392,218,156,113,56,0,76,84,93,75,34,10,316,134,63,38,22
20234,A,골목상권,3110114,왕십리파출소,33,19,14,0,3,2,8,14,6,0,1,1,4,8,5,0,2,1,4,6,1
20234,D,발달상권,3120061,올림픽대교북단,1094,864,230,1,228,403,324,95,43,0,165,326,290,55,28,1,63,77,34,40,15
20234,A,골목상권,3110145,장안초등학교,7,4,3,0,0,1,2,3,1,0,0,0,1,3,0,0,0,1,1,0,1
20234,A,골목상권,3110157,자양동우체국,1097,891,206,10,352,279,244,141,71,7,300,237,180,106,61,3,52,42,64,35,10
20234,A,골목상권,3110140,건대입구역 6번,429,268,161,6,37,67,113,120,86,5,17,34,65,83,64,1,20,33,48,37,22
20234,A,골목상권,3110153,중곡1동주민센터,241,83,158,1,42,57,67,57,17,0,14,22,22,17,8,1,28,35,45,40,9
20234,R,전통시장,3130078,화양제일골목시장,52,17,35,0,6,15,19,9,3,0,1,5,8,2,1,0,5,10,11,7,2
20234,A,골목상권,3110209,답십리 장령당공원,83,52,31,0,3,11,28,19,22,0,1,5,16,15,15,0,2,6,12,4,7
20234,A,골목상권,3110204,간데메공원,411,268,143,3,83,97,82,89,57,3,57,64,46,58,40,0,26,33,36,31,17
20234,A,골목상권,3110226,장안1동주민센터,1882,1005,877,2,147,247,333,512,641,2,87,148,213,253,302,0,60,99,120,259,339
20234,R,전통시장,3130100,답십리시장,93,40,53,2,19,25,23,11,13,2,4,9,11,6,8,0,15,16,12,5,5
20234,A,골목상권,3110221,의릉,95,69,26,0,10,12,36,29,8,0,6,10,24,22,7,0,4,2,12,7,1
20234,D,발달상권,3120067,장안동사거리,2595,1173,1422,9,427,580,675,579,325,7,165,280,260,257,204,2,262,300,415,322,121
20234,A,골목상권,3110202,전농1동주민센터(전농시장),111,68,43,0,14,35,31,20,11,0,9,19,21,14,5,0,5,16,10,6,6
20234,R,전통시장,3130086,서울약령시장,1184,651,533,4,113,208,305,341,213,0,56,128,165,181,121,4,57,80,140,160,92
20234,R,전통시장,3130088,경동시장,126,57,69,0,18,32,24,17,35,0,3,11,11,10,22,0,15,21,13,7,13
20234,A,골목상권,3110199,홍릉시장,65,41,24,0,11,15,18,14,7,0,8,8,10,9,6,0,3,7,8,5,1
20234,R,전통시장,3130115,우림골목시장,307,106,201,2,80,61,68,64,32,0,29,11,30,20,16,2,51,50,38,44,16
20234,R,전통시장,3130112,사가정시장,86,28,58,0,13,17,24,19,13,0,0,3,6,8,11,0,13,14,18,11,2
20234,A,골목상권,3110264,면목역 2번,358,170,188,1,52,75,93,80,57,0,21,40,40,37,32,1,31,35,53,43,25
20234,A,골목상권,3110260,면목역 3번,126,74,52,0,24,21,24,29,28,0,14,8,12,20,20,0,10,13,12,9,8
20234,A,골목상권,3110250,화랑대역 7번,111,69,42,0,7,20,32,34,18,0,5,12,15,23,14,0,2,8,17,11,4
20234,A,골목상권,3110257,상봉역 7번,397,330,67,0,17,18,50,133,179,0,6,11,34,118,161,0,11,7,16,15,18
20234,A,골목상권,3110262,상봉역 3번,1530,878,652,2,221,447,542,268,50,0,119,337,281,107,34,2,102,110,261,161,16
20234,R,전통시장,3130107,중랑동부시장(중랑교종합상가),13,3,10,0,0,1,4,5,3,0,0,0,0,1,2,0,0,1,4,4,1
20234,A,골목상권,3110272,신내1동주민센터,477,319,158,0,45,69,93,152,118,0,15,35,60,103,106,0,30,34,33,49,12
20234,R,전통시장,3130116,동성타워프라자,31,22,9,0,2,9,7,8,5,0,2,4,4,7,5,0,0,5,3,1,0
20234,A,골목상권,3110235,세화어린이공원,17,12,5,0,6,3,1,5,2,0,5,1,1,3,2,0,1,2,0,2,0
20234,A,골목상권,3110307,길음역 7번,119,62,57,0,17,25,41,19,17,0,7,17,18,10,10,0,10,8,23,9,7
20234,A,골목상권,3110297,경동고등학교,654,311,343,0,74,123,156,164,137,0,31,65,74,79,62,0,43,58,82,85,75
20234,D,발달상권,3120071,성북구청,255,127,128,0,36,55,64,62,38,0,14,22,38,31,22,0,22,33,26,31,16
20234,A,골목상권,3110334,석관중앙교회,170,105,65,0,21,43,31,41,34,0,8,19,19,29,30,0,13,24,12,12,4
20234,A,골목상권,3110335,석계역 7번,249,172,77,1,19,32,66,64,67,0,13,18,34,45,62,1,6,14,32,19,5
20234,A,골목상권,3110288,동구여중,216,139,77,1,19,49,52,55,40,0,9,22,35,40,33,1,10,27,17,15,7
20234,A,골목상권,3110329,우리은행체육관,34,27,7,1,1,5,6,14,7,1,0,5,5,10,6,0,1,0,1,4,1
20234,A,골목상권,3110298,솔숲어린이공원,77,28,49,0,18,11,24,12,12,0,3,5,7,5,8,0,15,6,17,7,4
20234,A,골목상권,3110295,정릉우체국,679,248,431,0,166,178,163,119,53,0,36,67,49,52,44,0,130,111,114,67,9
20234,A,골목상권,3110381,번동주공2단지,171,88,83,5,31,28,38,55,14,4,11,14,21,30,8,1,20,14,17,25,6
20234,A,골목상권,3110371,삼양입구사거리,49,23,26,0,2,7,10,19,11,0,0,3,5,10,5,0,2,4,5,9,6
20234,A,골목상권,3110363,송천동주민센터,19,12,7,0,0,4,3,7,5,0,0,3,1,4,4,0,0,1,2,3,1
20234,R,전통시장,3130130,수유북부골목시장,20,14,6,0,1,1,7,5,6,0,0,0,6,3,5,0,1,1,1,2,1
20234,A,골목상권,3110410,방학역 2번,957,833,124,3,75,187,185,224,283,2,61,162,154,194,260,1,14,25,31,30,23
20234,R,전통시장,3130152,오!도봉거리 상점가,42,17,25,0,4,14,15,6,3,0,0,5,7,4,1,0,4,9,8,2,2
20234,A,골목상권,3110411,도봉역 3번,421,379,42,0,13,31,61,141,175,0,11,20,48,133,167,0,2,11,13,8,8
20234,A,골목상권,3110390,방학초등학교,231,110,121,0,18,63,68,58,24,0,7,36,28,27,12,0,11,27,40,31,12
20234,A,골목상권,3110387,쌍문초등학교,307,169,138,0,37,47,91,75,57,0,13,24,49,39,44,0,24,23,42,36,13
20234,A,골목상권,3110389,한일병원,209,120,89,0,23,37,57,53,39,0,10,19,35,30,26,0,13,18,22,23,13
20234,A,골목상권,3110388,도봉우체국,35,23,12,0,4,3,10,14,4,0,2,2,7,8,4,0,2,1,3,6,0
20234,A,골목상권,3110392,발바닥공원,43,17,26,0,2,8,7,10,16,0,0,0,3,3,11,0,2,8,4,7,5
20234,R,전통시장,3130147,쌍문역동측상점가,69,32,37,0,7,17,18,9,18,0,2,6,10,5,9,0,5,11,8,4,9
20234,D,발달상권,3120086,태릉입구역,382,205,177,0,42,78,82,102,78,0,24,43,35,49,54,0,18,35,47,53,24
20234,A,골목상권,3110416,노원초등학교,468,244,224,4,61,110,118,126,49,2,24,73,58,58,29,2,37,37,60,68,20
20234,A,골목상권,3110423,석계역 2번,280,104,176,0,27,29,65,73,86,0,9,15,31,29,20,0,18,14,34,44,66
20234,A,골목상권,3110417,월계역 3번,19,10,9,0,10,6,0,3,0,0,3,5,0,2,0,0,7,1,0,1,0
20234,A,골목상권,3110483,연천초등학교,119,74,45,0,11,16,34,17,41,0,3,9,26,10,26,0,8,7,8,7,15
20234,A,골목상권,3110482,연신초등학교,11,7,4,0,0,0,4,6,1,0,0,0,3,3,1,0,0,0,1,3,0
20234,A,골목상권,3110453,신사1동주민센터,515,288,227,0,43,81,121,155,115,0,20,25,65,85,93,0,23,56,56,70,22
20234,A,골목상권,3110478,응암1동주민센터,355,220,135,2,26,37,56,56,178,2,16,23,28,32,119,0,10,14,28,24,59
20234,A,골목상권,3110461,새절역 2번,39,21,18,0,2,8,11,10,8,0,2,2,6,6,5,0,0,6,5,4,3
20234,D,발달상권,3120096,"이화여대(이대역, 이대)",493,210,283,1,81,137,130,86,58,0,27,52,48,43,40,1,54,85,82,43,18
20234,D,발달상권,3120093,연희동,661,351,310,2,60,125,170,195,109,0,27,62,91,103,68,2,33,63,79,92,41
20234,A,골목상권,3110510,홍연시장,100,59,41,0,10,14,33,27,16,0,5,6,22,14,12,0,5,8,11,13,4
20234,A,골목상권,3110512,연희지하차도,335,165,170,0,40,62,102,99,32,0,14,38,44,49,20,0,26,24,58,50,12
20234,A,골목상권,3110537,충정로현대아파트,1514,848,666,1,362,525,328,177,121,0,150,263,215,134,86,1,212,262,113,43,35
20234,A,골목상권,3110519,서대문구보건소별관,341,156,185,0,42,73,79,94,53,0,14,33,44,37,28,0,28,40,35,57,25
20234,R,전통시장,3130197,마포시장,15,5,10,0,0,1,5,4,5,0,0,1,0,2,2,0,0,0,5,2,3
20234,A,골목상권,3110540,망원나들목체육관,238,107,131,0,39,63,70,47,19,0,19,28,26,23,11,0,20,35,44,24,8
20234,D,발달상권,3120100,망원역,846,397,449,4,199,227,191,137,88,2,52,99,101,94,49,2,147,128,90,43,39
20234,A,골목상권,3110565,홍익대,110,66,44,0,16,34,34,19,7,0,8,16,23,13,6,0,8,18,11,6,1
20234,A,골목상권,3110569,홍대땡땡거리,358,153,205,2,62,108,97,53,36,1,18,48,46,19,21,1,44,60,51,34,15
20234,A,골목상권,3110555,홍익지구대,284,147,137,1,49,53,55,37,89,0,14,28,31,16,58,1,35,25,24,21,31
20234,A,골목상권,3110581,염리초등학교,16,11,5,0,0,0,2,6,8,0,0,0,2,3,6,0,0,0,0,3,2
20234,D,발달상권,3120108,신정네거리역,992,580,412,2,93,215,220,242,220,1,28,110,112,160,169,1,65,105,108,82,51
20234,R,전통시장,3130204,경창시장,102,51,51,0,5,12,29,27,29,0,2,5,13,16,15,0,3,7,16,11,14
20234,A,골목상권,3110596,서서울호수공원,417,272,145,2,48,90,107,113,57,0,28,56,74,71,43,2,20,34,33,42,14
20234,A,골목상권,3110592,서울금융고등학교,431,337,94,0,18,34,71,147,161,0,9,13,44,124,147,0,9,21,27,23,14
20234,A,골목상권,3110602,신월시영아파트중문,674,584,90,1,8,23,81,250,311,0,4,14,55,218,293,1,4,9,26,32,18
20234,R,전통시장,3130207,신정1동 골목시장(신정제일시장),38,21,17,0,8,9,10,7,4,0,3,5,6,4,3,0,5,4,4,3,1
20234,A,골목상권,3110694,세곡초등학교,438,243,195,2,55,148,88,96,49,0,24,75,49,59,36,2,31,73,39,37,13
20234,A,골목상권,3110609,신정네거리역 2번,1377,1358,19,0,14,15,52,171,1125,0,10,11,45,168,1124,0,4,4,7,3,1
20234,A,골목상권,3110611,신정역 1번,289,192,97,2,34,57,88,74,34,2,20,42,52,46,30,0,14,15,36,28,4
20234,A,골목상권,3110657,양천향교역 5번,3180,2118,1062,12,334,603,741,695,795,8,191,396,493,385,645,4,143,207,248,310,150
20234,A,골목상권,3110652,양천향교역 2번,643,483,160,0,70,131,146,169,127,0,32,102,104,139,106,0,38,29,42,30,21
20234,A,골목상권,3110674,강서구청가양동별관,260,189,71,0,21,55,61,47,76,0,14,46,35,29,65,0,7,9,26,18,11
20234,A,골목상권,3110671,등촌1동주민센터,4521,2889,1632,8,1208,1381,956,636,332,2,375,916,788,522,286,6,833,465,168,114,46
20234,D,발달상권,3120122,강서구청,2179,1231,948,4,314,461,494,447,459,2,103,228,271,262,365,2,211,233,223,185,94
20234,R,전통시장,3130218,신월중앙시장,118,53,65,0,28,34,26,13,17,0,8,12,11,9,13,0,20,22,15,4,4
20234,A,골목상권,3110645,우장산역 4번,782,381,401,0,63,120,238,219,142,0,32,60,86,88,115,0,31,60,152,131,27
20234,A,골목상권,3110641,공항고등학교,345,236,109,2,46,95,100,79,23,1,30,72,61,52,20,1,16,23,39,27,3
20234,A,골목상권,3110636,방화역 2번,152,76,76,1,25,49,41,21,15,0,9,26,27,4,10,1,16,23,14,17,5
20234,R,전통시장,3130217,화곡본동시장,36,16,20,0,3,5,10,13,5,0,1,3,5,6,1,0,2,2,5,7,4
20234,R,전통시장,3130225,개봉중앙시장,147,59,88,0,15,21,39,44,28,0,3,4,19,22,11,0,12,17,20,22,17
20234,A,골목상권,3110697,개봉3동주민센터,230,142,88,1,55,64,49,41,20,1,27,41,31,29,13,0,28,23,18,12,7
20234,A,골목상권,3110702,개봉초등학교,131,93,38,1,15,18,33,34,30,1,10,13,23,24,22,0,5,5,10,10,8
20234,R,전통시장,3130229,남구로시장,249,139,110,1,16,53,61,62,56,0,7,30,31,32,39,1,9,23,30,30,17
20234,A,골목상권,3110709,구로119안전센터,185,108,77,0,19,22,56,51,37,0,14,13,36,29,16,0,5,9,20,22,21
20234,D,발달상권,3120129,구로디지털단지,48873,32033,16840,196,10422,16630,12386,5777,3462,127,5285,11083,8771,3995,2772,69,5137,5547,3615,1782,690
20234,A,골목상권,3110719,영서중학교,19,15,4,0,0,4,2,3,10,0,0,2,2,3,8,0,0,2,0,0,2
20234,R,전통시장,3130228,구로시장,10,5,5,0,0,4,6,0,0,0,0,1,4,0,0,0,0,3,2,0,0
20234,A,골목상권,3110693,오류동역 4번,17,9,8,0,1,3,5,4,4,0,1,3,2,2,1,0,0,0,3,2,3
20234,A,골목상권,3110690,오류2동버들시장,577,275,302,1,101,192,133,94,56,0,39,104,64,36,32,1,62,88,69,58,24
20234,A,골목상권,3110723,가산디지털단지역 1번 출입구,286,247,39,0,6,10,37,130,103,0,6,5,26,113,97,0,0,5,11,17,6
20234,R,전통시장,3130231,독산동 우시장,611,476,135,2,31,74,126,196,182,0,16,55,97,145,163,2,15,19,29,51,19
20234,D,발달상권,3120134,구로전화국,2014,1668,346,0,107,157,172,223,1355,0,44,75,96,153,1300,0,63,82,76,70,55
20234,R,전통시장,3130246,영등포청과시장(조광시장),237,126,111,0,24,33,47,77,56,0,9,11,28,39,39,0,15,22,19,38,17
20234,D,발달상권,3120136,영등포구청역,6456,3190,3266,20,1167,1451,1361,1429,1028,12,562,814,730,580,492,8,605,637,631,849,536
20234,R,전통시장,3130247,우리시장,19,15,4,0,3,4,4,3,5,0,1,3,4,3,4,0,2,1,0,0,1
20234,A,골목상권,3110778,구로디지털단지역 4번,1596,862,734,0,248,459,484,224,181,0,122,281,192,136,131,0,126,178,292,88,50
20234,A,골목상권,3110768,도림2동유수지내체육시설,294,155,139,0,20,43,63,73,95,0,7,22,32,41,53,0,13,21,31,32,42
20234,A,골목상권,3110797,KT대방빌딩,47,8,39,1,6,8,12,10,10,0,0,0,1,2,5,1,6,8,11,8,5
20234,A,골목상권,3110798,신풍역 2번,53,20,33,0,2,13,14,13,11,0,0,3,3,6,8,0,2,10,11,7,3
20234,D,발달상권,3120148,국회의사당역(국회의사당),31135,19451,11684,82,6815,10231,7641,4493,1873,27,3082,6187,5424,3397,1334,55,3733,4044,2217,1096,539
20234,R,전통시장,3130250,삼구시장(로타리상가),1,0,1,0,0,0,0,1,0,0,0,0,0,0,0,0,0,0,0,1,0
20234,R,전통시장,3130265,노량진중앙시장,115,82,33,0,17,48,34,8,8,0,12,42,23,3,2,0,5,6,11,5,6
20234,A,골목상권,3110828,노량진역 6번,3010,2066,944,9,471,1047,854,467,162,3,252,711,639,357,104,6,219,336,215,110,58
20234,D,발달상권,3120160,사당역(사당),9153,4750,4403,14,1560,2594,2716,1534,735,4,617,1307,1324,997,501,10,943,1287,1392,537,234
20234,A,골목상권,3110852,이수역 9번,198,121,77,0,26,35,54,38,45,0,12,20,30,23,36,0,14,15,24,15,9
20234,A,골목상권,3110838,상도1동주민센터앞,131,122,9,0,3,32,30,35,31,0,3,27,27,35,30,0,0,5,3,0,1
20234,R,전통시장,3130268,상도전통시장,239,104,135,0,33,60,53,58,35,0,12,23,23,24,22,0,21,37,30,34,13
20234,A,골목상권,3110830,상도초등학교,281,152,129,0,22,61,73,85,40,0,7,29,36,54,26,0,15,32,37,31,14
20234,R,전통시장,3130261,성대전통시장(성대시장),211,104,107,0,15,47,61,61,27,0,4,26,33,23,18,0,11,21,28,38,9
20234,A,골목상권,3110827,NH농협은행 상도동지점,262,93,169,0,39,51,73,65,34,0,11,18,20,28,16,0,28,33,53,37,18
20234,A,골목상권,3110841,중대부중,75,34,41,0,7,12,14,23,19,0,4,7,5,10,8,0,3,5,9,13,11
20234,A,골목상권,3110862,난곡초등학교(난곡동벽화마을),84,41,43,0,4,13,14,34,19,0,2,6,11,15,7,0,2,7,3,19,12
20234,A,골목상권,3110859,난향초등학교,182,113,69,0,11,32,42,52,45,0,0,21,27,30,35,0,11,11,15,22,10
20234,R,전통시장,3130278,미성동 도깨비시장 골목형상점가,75,16,59,0,0,16,28,24,7,0,0,7,5,2,2,0,0,9,23,22,5
20234,A,골목상권,3110878,미림여고,368,218,150,3,43,114,101,78,29,0,19,63,68,43,25,3,24,51,33,35,4
20234,A,골목상권,3110889,봉천역 6번,376,317,59,0,29,36,69,136,106,0,18,20,47,130,102,0,11,16,22,6,4
20234,A,골목상권,3110909,남태령역(서울전자고등학교),132,97,35,1,11,29,23,34,34,1,4,19,16,29,28,0,7,10,7,5,6
20234,A,골목상권,3110920,방배역 2번(백석예술대학교),359,205,154,0,23,53,125,118,40,0,5,29,65,75,31,0,18,24,60,43,9
20234,A,골목상권,3110906,서문여고,683,362,321,2,217,106,119,106,133,0,59,58,72,62,111,2,158,48,47,44,22
20234,A,골목상권,3110912,방배동사이길,210,128,82,3,33,45,53,42,34,2,16,27,39,21,23,1,17,18,14,21,11
20234,D,발달상권,3120172,교대입구교차로,10241,5712,4529,53,2062,2700,2445,1945,1036,33,854,1635,1489,1004,697,20,1208,1065,956,941,339
20234,D,발달상권,3120183,양재천카페거리,3558,2626,932,12,586,972,848,551,589,10,364,717,638,413,484,2,222,255,210,138,105
20234,A,골목상권,3110943,법제교육센터(버들어린이공원),1122,578,544,1,67,165,357,323,209,1,36,99,151,140,151,0,31,66,206,183,58
20234,D,발달상권,3120174,논현역 5번,680,379,301,6,108,196,155,93,122,4,39,108,90,58,80,2,69,88,65,35,42
20234,D,발달상권,3120199,경복아파트교차로,3427,2023,1404,9,720,1059,682,508,449,3,273,627,441,345,334,6,447,432,241,163,115
20234,A,골목상권,3110996,대치2동주민센터,1940,1218,722,2,81,274,345,337,901,0,47,206,276,245,444,2,34,68,69,92,457
20234,D,발달상권,3120188,압구정역,8579,3750,4829,134,2204,2146,1550,1314,1231,47,698,969,897,556,583,87,1506,1177,653,758,648
20234,A,골목상권,3110958,역삼역 4번,997,760,237,1,96,197,300,298,105,1,46,133,254,241,85,0,50,64,46,57,20
20234,D,발달상권,3120204,르네상스호텔사거리,41471,20644,20827,102,8167,11056,10671,10081,1394,54,5016,7567,4988,2062,957,48,3151,3489,5683,8019,437
20234,D,발달상권,3120206,개나리아파트,5243,3354,1889,87,1658,1413,1080,655,350,27,866,955,775,456,275,60,792,458,305,199,75
20234,R,전통시장,3130307,도곡시장,17,9,8,0,0,3,4,7,3,0,0,2,1,4,2,0,0,1,3,3,1
20234,A,골목상권,3110973,강남구청역 4번,1448,784,664,4,275,332,289,269,279,1,146,203,162,128,144,3,129,129,127,141,135
20234,A,골목상권,3110990,청담역 12번,262,109,153,2,61,92,56,36,15,0,12,32,29,23,13,2,49,60,27,13,2
20234,R,전통시장,3130315,문정동 로데오거리 상점가(문정동 로데오거리),1382,812,570,6,315,293,263,252,253,3,118,169,166,146,210,3,197,124,97,106,43
20234,D,발달상권,3120234,가락시장역,10280,6234,4046,11,1351,2492,2151,1680,2595,3,587,1469,1440,929,1806,8,764,1023,711,751,789
20234,R,전통시장,3130316,마천시장,18,9,9,0,3,3,2,10,0,0,2,2,2,3,0,0,1,1,0,7,0
20234,A,골목상권,3111043,마천공원,32,13,19,0,1,3,7,12,9,0,0,0,1,6,6,0,1,3,6,6,3
20234,A,골목상권,3111020,방이동고분군(방산고등학교),304,225,79,1,20,103,84,54,42,0,7,73,64,48,33,1,13,30,20,6,9
20234,A,골목상권,3111014,송파나루역 2번,521,273,248,1,42,75,119,190,94,0,21,42,67,83,60,1,21,33,52,107,34
20234,A,골목상권,3111005,삼전역 3번,1865,1358,507,0,320,617,459,302,167,0,215,449,339,222,133,0,105,168,120,80,34
20234,A,골목상권,3111003,삼전역 4번,1996,1337,659,6,249,412,549,437,343,1,160,278,332,308,258,5,89,134,217,129,85
20234,A,골목상권,3111028,문현중학교(장지역 1번),424,194,230,0,54,66,132,116,56,0,29,36,49,50,30,0,25,30,83,66,26
20234,A,골목상권,3111090,강일동주민센터,91,35,56,0,15,30,23,17,6,0,1,10,10,10,4,0,14,20,13,7,2
20234,A,골목상권,3111082,중앙보훈병원,64,44,20,0,3,9,11,23,18,0,1,3,5,18,17,0,2,6,6,5,1
20234,A,골목상권,3111053,성내천어린이공원(하니사랑길),6288,4564,1724,6,799,940,1025,1564,1954,3,542,693,750,1053,1523,3,257,247,275,511,431
20234,A,골목상권,3111059,강동역 4번(강풀만화거리),774,420,354,3,87,144,177,164,199,1,47,73,92,91,116,2,40,71,85,73,83
20234,A,골목상권,3111066,암사동성당(효정하나플러스아파트),417,255,162,3,46,103,101,113,51,0,14,53,66,91,31,3,32,50,35,22,20
20234,A,골목상권,3111065,천일초등학교,79,38,41,2,6,21,18,23,9,2,5,11,7,6,7,0,1,10,11,17,2
20234,D,발달상권,3120001,서대문역,1510,1022,488,1,265,530,359,278,77,1,106,344,272,237,62,0,159,186,87,41,15
20234,A,골목상권,3110005,세검정,1057,542,515,6,132,305,306,202,106,2,40,143,167,124,66,4,92,162,139,78,40
20234,A,골목상권,3110025,충신시장옆,213,129,84,2,17,46,63,56,29,0,6,23,43,33,24,2,11,23,20,23,5
20234,D,발달상권,3120014,종로5가역,4887,2839,2048,375,1123,1351,1205,597,236,112,456,860,851,397,163,263,667,491,354,200,73
20234,D,발달상권,3120037,동대문역사문화공원역,35317,17057,18260,421,11234,9194,6979,5237,2252,180,5605,5543,3901,1328,500,241,5629,3651,3078,3909,1752
20234,D,발달상권,3120029,을지로2가,7461,4461,3000,27,1938,2808,1698,798,192,7,787,1650,1165,693,159,20,1151,1158,533,105,33
20234,R,전통시장,3130052,서울중앙시장(신중앙시장),479,342,137,0,106,156,101,61,55,0,80,110,57,45,50,0,26,46,44,16,5
20234,R,전통시장,3130050,청평화시장,233,96,137,2,54,70,50,40,17,1,22,32,12,21,8,1,32,38,38,19,9
20234,A,골목상권,3110055,황학동벼룩시장,29,19,10,0,1,4,6,11,7,0,1,3,5,6,4,0,0,1,1,5,3
20234,R,전통시장,3130022,숭례문수입상가(남대문시장),1907,850,1057,0,330,855,598,113,11,0,55,378,338,70,9,0,275,477,260,43,2
20234,R,전통시장,3130025,삼익패션타운(남대문시장),5494,2675,2819,69,1760,1561,1124,794,186,31,674,837,763,292,78,38,1086,724,361,502,108
20234,A,골목상권,3110094,오산중학교,26,12,14,0,0,1,4,13,8,0,0,0,2,6,4,0,0,1,2,7,4
20234,A,골목상권,3110089,서빙고동주민센터,752,503,249,1,94,230,220,107,100,0,33,136,159,88,87,1,61,94,61,19,13
20234,A,골목상권,3110081,해방촌 남동측,231,122,109,0,45,63,54,42,27,0,14,35,27,23,23,0,31,28,27,19,4
20234,R,전통시장,3130060,신흥시장,4,1,3,0,0,2,0,2,0,0,0,1,0,0,0,0,0,1,0,2,0
20234,A,골목상권,3110068,남영역 1번,1090,615,475,8,161,257,250,224,190,6,60,135,151,138,125,2,101,122,99,86,65
20234,D,발달상권,3120041,신용산역(용산역),20372,8281,12091,72,4418,6743,5760,2509,870,25,1460,2533,2359,1337,567,47,2958,4210,3401,1172,303
20234,A,골목상권,3110096,한남힐사이드아파트,502,337,165,3,155,183,85,47,29,3,89,132,63,26,24,0,66,51,22,21,5
20234,A,골목상권,3110079,후암동주민센터,1084,584,500,4,223,262,267,196,132,3,73,156,156,105,91,1,150,106,111,91,41
20234,A,골목상권,3110105,금동어린이공원,38,17,21,0,1,7,11,10,9,0,0,2,3,6,6,0,1,5,8,4,3
20234,A,골목상권,3110116,청계천박물관,4825,3644,1181,29,323,769,1077,1762,865,26,206,565,875,1315,657,3,117,204,202,447,208
20234,R,전통시장,3130069,"한양대앞상점가(한양시장, 왕십리맛골목)",32,19,13,0,6,6,4,8,8,0,4,4,0,5,6,0,2,2,4,3,2
20234,A,골목상권,3110101,옥정중학교,218,121,97,0,55,51,65,31,16,0,24,34,43,13,7,0,31,17,22,18,9
20234,A,골목상권,3110166,구의1동주민센터,552,292,260,1,70,121,177,115,68,1,20,59,99,60,53,0,50,62,78,55,15
20234,A,골목상권,3110160,광진경찰서,819,680,139,0,149,322,180,157,11,0,110,261,150,149,10,0,39,61,30,8,1
20234,A,골목상권,3110172,광진초등학교,344,227,117,0,42,72,92,91,47,0,17,48,61,65,36,0,25,24,31,26,11
20234,A,골목상권,3110169,성동초등학교,253,139,114,1,28,41,73,68,42,0,15,21,36,39,28,1,13,20,37,29,14
20234,D,발달상권,3120059,구삼강변맛길,3277,1779,1498,6,431,676,553,747,864,4,244,472,365,322,372,2,187,204,188,425,492
20234,A,골목상권,3110175,푸른동산공원,367,233,134,0,41,73,108,86,59,0,24,48,69,53,39,0,17,25,39,33,20
20234,R,전통시장,3130081,자양골목전통시장(자양골목시장),54,36,18,0,7,17,14,9,7,0,5,12,9,6,4,0,2,5,5,3,3
20234,R,전통시장,3130075,노룬산시장(노룬산골목시장),17,12,5,0,4,5,6,0,2,0,3,3,5,0,1,0,1,2,1,0,1
20234,A,골목상권,3110161,중곡역 3번,236,135,101,3,11,33,58,65,66,0,2,16,37,40,40,3,9,17,21,25,26
20234,A,골목상권,3110181,신설동역 9번,1864,1212,652,12,209,232,286,440,685,12,150,162,188,282,418,0,59,70,98,158,267
20234,A,골목상권,3110192,동의보감타워,70,45,25,0,7,10,25,16,12,0,2,6,17,10,10,0,5,4,8,6,2
20234,R,전통시장,3130089,청량리수산시장,42,33,9,0,4,7,16,6,9,0,3,7,12,4,7,0,1,0,4,2,2
20234,A,골목상권,3110220,외대앞역 1번,193,111,82,0,28,37,54,47,27,0,7,18,33,34,19,0,21,19,21,13,8
20234,A,골목상권,3110223,군자초등학교,94,56,38,0,13,17,26,24,14,0,4,10,17,15,10,0,9,7,9,9,4
20234,A,골목상권,3110201,전농119안전센터,27,11,16,0,2,1,9,10,5,0,1,0,3,4,3,0,1,1,6,6,2
20234,R,전통시장,3130090,청량리종합시장,19,13,6,0,1,4,3,5,6,0,1,2,3,3,4,0,0,2,0,2,2
20234,R,전통시장,3130094,청량리청과물시장,54,24,30,0,7,13,17,7,10,0,0,4,10,2,8,0,7,9,7,5,2
20234,R,전통시장,3130093,동서시장,5,3,2,0,0,0,1,2,2,0,0,0,1,0,2,0,0,0,0,2,0
20234,A,골목상권,3110194,홍파초등학교,112,85,27,0,6,32,24,36,14,0,4,20,20,31,10,0,2,12,4,5,4
20234,A,골목상권,3110191,고려대역 6번,48,41,7,0,1,12,14,9,12,0,1,10,11,8,11,0,0,2,3,1,1
20234,D,발달상권,3120065,회기역,323,205,118,3,48,55,87,76,54,1,27,39,48,49,41,2,21,16,39,27,13
20234,A,골목상권,3110222,회기역 2번,20,17,3,0,0,3,2,6,9,0,0,2,2,4,9,0,0,1,0,2,0
20234,A,골목상권,3110273,장스여성병원,610,446,164,7,31,37,75,209,251,0,4,8,37,168,229,7,27,29,38,41,22
20234,R,전통시장,3130109,묵1동도깨비시장,47,33,14,0,2,9,16,9,11,0,1,5,13,5,9,0,1,4,3,4,2
20234,A,골목상권,3110308,길음역 8번,174,85,89,0,17,36,56,41,24,0,8,17,26,20,14,0,9,19,30,21,10
20234,A,골목상권,3110301,성신여대입구역 7번,484,209,275,1,73,84,96,134,96,0,31,37,39,62,40,1,42,47,57,72,56
20234,A,골목상권,3110328,상월곡역 3번,235,157,78,1,38,75,62,37,22,1,26,58,33,24,15,0,12,17,29,13,7
20234,A,골목상권,3110333,돌곶이역 5번,988,746,242,0,15,23,38,74,838,0,2,13,20,42,669,0,13,10,18,32,169
20234,A,골목상권,3110285,홍대부중,814,559,255,9,219,220,210,100,56,6,118,172,163,69,31,3,101,48,47,31,25
20234,A,골목상권,3110281,길상사,13818,12089,1729,12,1418,3093,4061,4964,270,1,960,2426,3678,4823,201,11,458,667,383,141,69
20234,A,골목상권,3110327,상월곡역 2번,118,60,58,0,8,17,42,31,20,0,3,8,24,14,11,0,5,9,18,17,9
20234,A,골목상권,3110325,장곡초등학교,57,18,39,0,0,14,20,17,6,0,0,3,7,4,4,0,0,11,13,13,2
20234,A,골목상권,3110294,서경대학교,391,262,129,0,35,30,93,120,113,0,18,14,46,87,97,0,17,16,47,33,16
20234,A,골목상권,3110315,종암아이파크2차,124,78,46,0,11,17,41,38,17,0,4,9,27,25,13,0,7,8,14,13,4
20234,A,골목상권,3110380,강북문화정보도서관,48,15,33,0,12,10,12,10,4,0,0,3,5,4,3,0,12,7,7,6,1
20234,A,골목상권,3110357,가오리역 1번,725,611,114,0,25,36,171,340,153,0,4,18,146,310,133,0,21,18,25,30,20
20234,R,전통시장,3130133,우이골목시장(우이시장),69,61,8,0,7,7,19,20,16,0,6,6,17,17,15,0,1,1,2,3,1
20234,A,골목상권,3110358,인수동 우편취급국,549,295,254,0,18,34,67,210,220,0,2,18,23,91,161,0,16,16,44,119,59
20234,A,골목상권,3110372,강북중학교,188,100,88,0,21,43,50,48,26,0,17,25,18,20,20,0,4,18,32,28,6
20234,A,골목상권,3110350,가오리역 2번,148,77,71,0,11,27,37,49,24,0,5,11,18,26,17,0,6,16,19,23,7
20234,A,골목상권,3110412,창동중학교,25,23,2,0,4,7,3,4,7,0,3,7,3,3,7,0,1,0,0,1,0
20234,A,골목상권,3110384,문이교,261,139,122,0,38,20,56,85,62,0,12,8,21,51,47,0,26,12,35,34,15
20234,A,골목상권,3110398,쌍문2동우체국,474,326,148,0,30,65,96,153,130,0,11,27,50,124,114,0,19,38,46,29,16
20234,R,전통시장,3130153,창동역상점가,229,138,91,0,18,48,54,56,53,0,7,31,30,31,39,0,11,17,24,25,14
20234,R,전통시장,3130159,공릉동 도깨비시장,101,47,54,0,12,22,24,26,17,0,4,8,9,15,11,0,8,14,15,11,6
20234,A,골목상권,3110419,수락산디자인거리,695,462,233,5,94,131,159,180,126,5,49,76,108,130,94,0,45,55,51,50,32
20234,R,전통시장,3130155,시영B상가(중계 그린아파트 B 상가),3,2,1,0,0,1,0,2,0,0,0,1,0,1,0,0,0,0,0,1,0
20234,A,골목상권,3110447,구산초등학교,48,43,5,0,5,15,10,5,13,0,4,15,8,5,11,0,1,0,2,0,2
20234,A,골목상권,3110477,은평세무서,434,205,229,0,43,62,106,141,82,0,15,23,49,71,47,0,28,39,57,70,35
20234,A,골목상권,3110484,역촌역 3번,499,193,306,6,64,131,129,103,66,5,34,45,41,32,36,1,30,86,88,71,30
20234,A,골목상권,3110481,불광역 7번,199,89,110,0,13,44,41,60,41,0,2,23,11,25,28,0,11,21,30,35,13
20234,A,골목상권,3110452,새절역 3번,373,317,56,1,10,36,63,123,140,1,7,25,47,107,130,0,3,11,16,16,10
20234,A,골목상권,3110507,명지대학교,1537,1156,381,29,392,636,318,129,33,26,257,481,282,83,27,3,135,155,36,46,6
20234,A,골목상권,3110514,서대문우체국,86,19,67,0,26,26,17,9,8,0,0,4,7,4,4,0,26,22,10,5,4
20234,A,골목상권,3110535,영천시장입구,488,333,155,2,36,65,112,164,109,2,19,35,78,130,69,0,17,30,34,34,40
20234,A,골목상권,3110538,충정로역 3번,284,178,106,0,12,42,56,66,108,0,5,27,35,42,69,0,7,15,21,24,39
20234,D,발달상권,3120107,공덕역(공덕오거리),13077,7619,5458,43,2471,3470,3552,3026,515,9,1021,2002,2300,1900,387,34,1450,1468,1252,1126,128
20234,A,골목상권,3110578,대흥역 2번,2091,1413,678,2,213,337,391,638,510,1,80,225,309,452,346,1,133,112,82,186,164
20234,A,골목상권,3110580,양원초등학교,78,20,58,0,3,6,16,25,28,0,0,1,3,11,5,0,3,5,13,14,23
20234,A,골목상권,3110573,신촌역 6번,28,10,18,0,7,3,6,6,6,0,2,0,3,1,4,0,5,3,3,5,2
20234,A,골목상권,3110575,대흥동주민센터,208,157,51,2,25,48,36,49,48,2,11,35,25,41,43,0,14,13,11,8,5
20234,A,골목상권,3110568,광흥창역 1번,67,32,35,0,12,21,14,15,5,0,4,10,6,9,3,0,8,11,8,6,2
20234,D,발달상권,3120104,연남동(홍대),5955,3176,2779,20,1117,1491,1289,1103,935,12,428,824,772,620,520,8,689,667,517,483,415
20234,A,골목상권,3110622,달마을공원,458,261,197,0,58,90,102,138,70,0,26,47,63,65,60,0,32,43,39,73,10
20234,A,골목상권,3110620,목동보건지소,458,241,217,4,51,85,105,125,88,4,20,48,50,65,54,0,31,37,55,60,34
20234,A,골목상권,3110675,화곡4동주민센터,235,161,74,0,13,45,60,59,58,0,6,28,34,46,47,0,7,17,26,13,11
20234,A,골목상권,3110667,가양역 10번,177,126,51,0,33,32,56,36,20,0,21,20,38,29,18,0,12,12,18,7,2
20234,A,골목상권,3110638,신방화역 2번,372,202,170,3,53,75,88,87,66,3,22,40,44,43,50,0,31,35,44,44,16
20234,A,골목상권,3110656,까치산역 3번,829,493,336,13,89,206,249,190,82,12,52,128,151,91,59,1,37,78,98,99,23
20234,R,전통시장,3130216,화곡중앙시장,75,32,43,0,4,11,21,22,17,0,2,2,9,8,11,0,2,9,12,14,6
20234,A,골목상권,3110651,화원중학교,377,214,163,2,29,50,102,105,89,1,19,31,68,52,43,1,10,19,34,53,46
20234,A,골목상권,3110673,뜸부기어린이공원,253,143,110,0,37,52,62,64,38,0,21,29,31,34,28,0,16,23,31,30,10
20234,R,전통시장,3130219,까치산시장,114,35,79,0,16,17,35,29,17,0,4,6,8,9,8,0,12,11,27,20,9
20234,A,골목상권,3110717,남구로역 2번,570,271,299,0,108,155,142,104,61,0,49,84,75,34,29,0,59,71,67,70,32
20234,A,골목상권,3110705,고산초등학교,33,19,14,0,3,2,8,7,13,0,3,1,8,2,5,0,0,1,0,5,8
20234,A,골목상권,3110701,고척동성당,567,379,188,2,126,185,125,92,37,0,81,133,82,54,29,2,45,52,43,38,8
20234,A,골목상권,3110713,구로보건소,2668,1817,851,5,474,650,706,533,300,3,323,472,514,332,173,2,151,178,192,201,127
20234,A,골목상권,3110686,수궁동주민센터,406,211,195,0,34,67,104,115,86,0,16,31,64,55,45,0,18,36,40,60,41
20234,A,골목상권,3110688,오류지구대,169,59,110,1,18,18,40,59,33,0,7,10,15,19,8,1,11,8,25,40,25
20234,R,전통시장,3130222,오류시장,132,21,111,0,10,26,46,43,7,0,5,1,4,5,6,0,5,25,42,38,1
20234,A,골목상권,3110689,오류동역 3번,287,200,87,3,44,47,56,75,62,3,25,32,41,52,47,0,19,15,15,23,15
20234,A,골목상권,3110745,독산동정훈단지,251,191,60,0,11,20,33,86,101,0,3,12,22,64,90,0,8,8,11,22,11
20234,A,골목상권,3110738,문성초등학교,249,125,124,0,17,27,65,90,50,0,12,14,34,40,25,0,5,13,31,50,25
20234,A,골목상권,3110737,금천세무서,502,323,179,8,77,85,96,116,120,0,28,49,51,91,104,8,49,36,45,25,16
20234,A,골목상권,3110751,난곡중학교,733,399,334,2,48,217,242,177,47,2,21,117,128,91,40,0,27,100,114,86,7
20234,R,전통시장,3130235,대명여울빛거리시장(대명시장),298,80,218,0,39,52,77,82,48,0,11,14,25,19,11,0,28,38,52,63,37
20234,A,골목상권,3110734,금천파출소,92,47,45,0,7,11,21,29,24,0,3,5,14,13,12,0,4,6,7,16,12
20234,A,골목상권,3110754,삼성산자연공원(서울금천초등학교),202,76,126,1,21,41,48,41,50,0,6,18,29,10,13,1,15,23,19,31,37
20234,A,골목상권,3110786,당산역 8번,271,179,92,2,20,41,60,51,97,2,8,21,42,38,68,0,12,20,18,13,29
20234,A,골목상권,3110784,신대림초등학교,76,42,34,0,3,11,18,36,8,0,0,7,12,18,5,0,3,4,6,18,3
20234,A,골목상권,3110776,도신초등학교,168,106,62,0,12,20,48,63,25,0,11,10,35,34,16,0,1,10,13,29,9
20234,R,전통시장,3130243,도림시장,7,5,2,0,0,1,4,0,2,0,0,1,3,0,1,0,0,0,1,0,1
20234,A,골목상권,3110765,문래동사거리,889,619,270,2,80,133,209,175,290,1,38,78,140,126,236,1,42,55,69,49,54
20234,D,발달상권,3120140,문래동주민센터,6184,3312,2872,22,1447,1843,1639,925,308,11,558,994,994,525,230,11,889,849,645,400,78
20234,D,발달상권,3120137,문래역(문래로데오거리),50,21,29,2,11,8,13,12,4,0,4,1,7,7,2,2,7,7,6,5,2
20234,A,골목상권,3110758,문래소공원,296,221,75,1,44,77,70,67,37,0,32,60,46,52,31,1,12,17,24,15,6
20234,R,전통시장,3130256,신동시장,2,2,0,0,0,0,0,1,1,0,0,0,0,1,1,0,0,0,0,0,0
20234,A,골목상권,3110812,신길6동주민센터,363,245,118,0,69,115,106,50,23,0,34,78,85,29,19,0,35,37,21,21,4
20234,R,전통시장,3130241,선유도역 골목형상점가,500,253,247,0,95,93,123,136,53,0,39,49,66,67,32,0,56,44,57,69,21
20234,A,골목상권,3110773,당산역 13번,161,127,34,0,24,40,31,22,44,0,20,33,19,18,37,0,4,7,12,4,7
20234,D,발달상권,3120149,여의도역(여의도),69255,45888,23367,184,11383,22550,19240,12096,3802,34,5884,14085,14147,9350,2388,150,5499,8465,5093,2746,1414
20234,A,골목상권,3110824,대방역 3번,296,102,194,1,48,91,92,42,22,0,11,26,29,23,13,1,37,65,63,19,9
20234,A,골목상권,3110847,예술인마을,443,216,227,3,52,135,137,77,39,3,13,60,74,37,29,0,39,75,63,40,10
20234,A,골목상권,3110849,이수역 10번,220,130,90,1,37,52,58,40,32,0,12,33,34,25,26,1,25,19,24,15,6
20234,A,골목상권,3110846,남성역 1번,535,290,245,1,66,120,146,135,67,0,25,59,78,74,54,1,41,61,68,61,13
20234,D,발달상권,3120155,총신대학교,107,54,53,0,13,27,24,25,18,0,7,8,13,14,12,0,6,19,11,11,6
20234,A,골목상권,3110836,상도역 5번,3057,1846,1211,9,550,798,701,647,352,2,238,486,453,447,220,7,312,312,248,200,132
20234,A,골목상권,3110826,장승배기역 4번,366,149,217,2,20,37,57,103,147,1,8,22,28,38,52,1,12,15,29,65,95
20234,A,골목상권,3110823,신대방삼거리역 3번,472,242,230,0,30,45,83,121,193,0,17,26,40,42,117,0,13,19,43,79,76
20234,A,골목상권,3110842,흑리단길,53,22,31,0,10,9,10,16,8,0,4,3,5,5,5,0,6,6,5,11,3
20234,A,골목상권,3110865,남강고등학교(남강중학교),270,116,154,4,57,53,59,61,36,2,10,23,23,31,27,2,47,30,36,30,9
20234,A,골목상권,3110887,서울산업정보학교(서울삼성초등학교),12,5,7,0,1,3,4,4,0,0,0,0,1,4,0,0,1,3,3,0,0
20234,A,골목상권,3110857,미성동주민센터,431,229,202,9,60,64,70,108,120,9,34,48,41,46,51,0,26,16,29,62,69
20234,A,골목상권,3110874,원신초등학교(구세군관악영문교회),46,15,31,1,4,19,7,12,3,1,1,3,3,6,1,0,3,16,4,6,2
20234,A,골목상권,3110886,관악해태어린이공원,184,103,81,1,38,50,41,34,20,1,18,28,21,23,12,0,20,22,20,11,8
20234,R,전통시장,3130283,신원시장,25,11,14,0,3,3,10,5,4,0,1,1,3,3,3,0,2,2,7,2,1
20234,R,전통시장,3130293,봉천중앙시장,154,42,112,0,17,13,29,46,49,0,5,7,14,14,2,0,12,6,15,32,47
20234,D,발달상권,3120166,방배역,5465,3280,2185,90,1234,1594,1033,699,815,26,523,920,713,451,647,64,711,674,320,248,168
20234,A,골목상권,3110919,내방역 8번,1289,936,353,3,122,279,365,332,188,1,51,165,297,279,143,2,71,114,68,53,45
20234,A,골목상권,3110933,한국상담대학원대학교,679,60,619,0,344,156,86,63,30,0,10,15,15,5,15,0,334,141,71,58,15
20234,A,골목상권,3110935,한전아트센터,379,264,115,2,53,108,105,72,39,2,33,82,75,46,26,0,20,26,30,26,13
20234,A,골목상권,3110938,바우뫼공원,1522,927,595,0,253,457,423,297,92,0,147,314,251,143,72,0,106,143,172,154,20
20234,A,골목상권,3110939,양재역 8번(양재동우체국),5949,4099,1850,23,970,1420,1461,1174,901,15,499,989,1053,799,744,8,471,431,408,375,157
20234,A,골목상권,3110983,국립국악고등학교,783,534,249,6,126,212,125,145,169,2,44,137,94,111,146,4,82,75,31,34,23
20234,A,골목상권,3110953,학동근린공원,2487,1583,904,15,679,891,571,218,113,0,336,572,409,180,86,15,343,319,162,38,27
20234,A,골목상권,3110970,학동초등학교,378,236,142,1,66,98,102,65,46,0,27,49,66,57,37,1,39,49,36,8,9
20234,D,발달상권,3120196,서울세관,9664,5880,3784,15,1699,2887,2578,1611,874,2,596,1519,1718,1320,725,13,1103,1368,860,291,149
20234,A,골목상권,3110964,싸리고개근린공원,217,124,93,0,29,60,59,34,35,0,8,32,36,23,25,0,21,28,23,11,10
20234,A,골목상권,3110988,청담역 3번,1594,1016,578,1,243,425,364,346,215,1,82,247,247,262,177,0,161,178,117,84,38
20234,A,골목상권,3110982,강남구보훈회관,166,74,92,0,31,34,41,41,19,0,7,13,25,14,15,0,24,21,16,27,4
20234,A,골목상권,3111000,대왕초등학교(세곡동사거리서남측),39,20,19,0,7,10,12,8,2,0,0,4,10,4,2,0,7,6,2,4,0
20234,R,전통시장,3130304,신사상가,24,13,11,0,3,4,6,7,4,0,1,1,3,5,3,0,2,3,3,2,1
20234,R,전통시장,3130302,강남시장(강남구 강남시장),58,33,25,0,13,15,14,8,8,0,7,10,9,2,5,0,6,5,5,6,3
20234,A,골목상권,3110951,신사은행나무공원,267,70,197,0,35,83,95,47,7,0,6,24,26,12,2,0,29,59,69,35,5
20234,A,골목상권,3110959,신구중학교,271,140,131,0,14,66,82,79,30,0,7,36,49,29,19,0,7,30,33,50,11
20234,A,골목상권,3110963,역삼월드메르디앙아파트,779,545,234,1,126,183,226,154,89,0,79,144,171,97,54,1,47,39,55,57,35
20234,A,골목상권,3110967,역삼역 8번,377,228,149,0,63,92,89,92,41,0,31,51,60,56,30,0,32,41,29,36,11
20234,A,골목상권,3110969,베르사이유1아파트,1546,1230,316,4,231,442,483,285,101,2,165,345,402,239,77,2,66,97,81,46,24
20234,R,전통시장,3130308,청담삼익시장,48,30,18,0,5,11,13,7,12,0,3,6,8,4,9,0,2,5,5,3,3
20234,D,발달상권,3120214,영동대교남단교차로,3984,2897,1087,7,489,1172,1107,929,280,3,271,811,865,753,194,4,218,361,242,176,86
20234,A,골목상권,3111025,경찰병원역 3번,686,412,274,1,84,164,149,157,131,0,45,102,103,88,74,1,39,62,46,69,57
20234,D,발달상권,3120241,거여역,1197,650,547,5,110,221,296,277,288,2,80,152,161,83,172,3,30,69,135,194,116
20234,A,골목상권,3111045,개미어린이공원,36,18,18,0,2,7,12,12,3,0,1,1,7,7,2,0,1,6,5,5,1
20234,A,골목상권,3111047,마천1치안센터,111,73,38,0,9,17,34,34,17,0,6,14,19,22,12,0,3,3,15,12,5
20234,A,골목상권,3111026,문정역 2번,2257,1479,778,7,430,626,537,409,248,3,235,420,381,229,211,4,195,206,156,180,37
20234,D,발달상권,3120233,몽촌토성역,10419,5740,4679,28,1795,2730,2265,2158,1443,22,1125,1855,1199,788,751,6,670,875,1066,1370,692
20234,A,골목상권,3111007,석촌고분역 4번,936,480,456,0,107,215,255,242,117,0,43,116,142,109,70,0,64,99,113,133,47
20234,A,골목상권,3111013,송파나루역 1번(송리단길),2234,1456,778,8,320,568,650,435,253,3,160,384,445,290,174,5,160,184,205,145,79
20234,R,전통시장,3130311,새마을시장,377,246,131,1,60,78,104,75,59,0,28,48,80,55,35,1,32,30,24,20,24
20234,A,골목상권,3111031,장지동주민센터(한림연예예술고교),3127,2317,810,8,263,415,651,857,933,2,170,330,497,648,670,6,93,85,154,209,263
20234,A,골목상권,3111087,고덕중학교(고덕2동주민센터),197,89,108,0,26,46,62,36,27,0,5,21,26,17,20,0,21,25,36,19,7
20234,A,골목상권,3111077,길동주민센터(강동도서관),1272,737,535,4,121,258,294,321,274,1,49,138,167,188,194,3,72,120,127,133,80
20234,D,발달상권,3120246,길동역,3415,1545,1870,14,385,562,837,913,704,8,169,318,417,302,331,6,216,244,420,611,373
20234,A,골목상권,3111084,길동신동아아파트,169,104,65,2,27,32,37,58,13,2,21,23,24,25,9,0,6,9,13,33,4
20234,D,발달상권,3120247,굽은다리역,572,312,260,4,91,119,146,104,108,1,37,77,74,56,67,3,54,42,72,48,41
20234,R,전통시장,3130325,명일전통시장,89,30,59,0,8,10,13,28,30,0,3,6,5,8,8,0,5,4,8,20,22
20234,A,골목상권,3111062,둔촌동역 3번(성내3동주민센터),751,501,250,5,134,198,194,144,76,5,81,139,126,91,59,0,53,59,68,53,17
20234,A,골목상권,3111070,천호초등학교,121,70,51,1,7,20,39,27,27,0,3,9,23,16,19,1,4,11,16,11,8
